0	-6.195296e-03	5.351053e+00
3.333333e-02	-7.022852e-03	5.346597e+00
6.666667e-02	-7.859805e-03	5.342091e+00
1.000000e-01	-8.699357e-03	5.337570e+00
1.333333e-01	-9.535529e-03	5.333068e+00
1.666667e-01	-1.036753e-02	5.328588e+00
2.000000e-01	-1.119820e-02	5.324115e+00
2.333333e-01	-1.203023e-02	5.319635e+00
2.666667e-01	-1.286409e-02	5.315146e+00
3.000000e-01	-1.369863e-02	5.310652e+00
3.333333e-01	-1.453263e-02	5.306161e+00
3.666667e-01	-1.536581e-02	5.301675e+00
4.000000e-01	-1.619868e-02	5.297191e+00
4.333333e-01	-1.703174e-02	5.292705e+00
4.666667e-01	-1.786517e-02	5.288218e+00
5.000000e-01	-1.869875e-02	5.283729e+00
5.333333e-01	-1.953225e-02	5.279241e+00
5.666667e-01	-2.036560e-02	5.274754e+00
6.000000e-01	-2.119887e-02	5.270268e+00
6.333333e-01	-2.203217e-02	5.265781e+00
6.666667e-01	-2.286554e-02	5.261294e+00
7.000000e-01	-2.369895e-02	5.256806e+00
7.333333e-01	-2.453234e-02	5.252319e+00
7.666667e-01	-2.536570e-02	5.247832e+00
8.000000e-01	-2.619905e-02	5.243345e+00
8.333333e-01	-2.703240e-02	5.238857e+00
8.666667e-01	-2.786577e-02	5.234370e+00
9.000000e-01	-2.869914e-02	5.229883e+00
9.333333e-01	-2.953251e-02	5.225396e+00
9.666667e-01	-3.036588e-02	5.220909e+00
1	-3.119924e-02	5.216422e+00
1.033333e+00	-3.203260e-02	5.211934e+00
1.066667e+00	-3.286597e-02	5.207447e+00
1.100000e+00	-3.369933e-02	5.202960e+00
1.133333e+00	-3.453270e-02	5.198473e+00
1.166667e+00	-3.536606e-02	5.193986e+00
1.200000e+00	-3.619943e-02	5.189498e+00
1.233333e+00	-3.703279e-02	5.185011e+00
1.266667e+00	-3.786616e-02	5.180524e+00
1.300000e+00	-3.869952e-02	5.176037e+00
1.333333e+00	-3.953289e-02	5.171550e+00
1.366667e+00	-4.036625e-02	5.167063e+00
1.400000e+00	-4.119962e-02	5.162575e+00
1.433333e+00	-4.203298e-02	5.158088e+00
1.466667e+00	-4.286635e-02	5.153601e+00
1.500000e+00	-4.369971e-02	5.149114e+00
1.533333e+00	-4.453308e-02	5.144627e+00
1.566667e+00	-4.536644e-02	5.140139e+00
1.600000e+00	-4.619981e-02	5.135652e+00
1.633333e+00	-4.703317e-02	5.131165e+00
1.666667e+00	-4.786654e-02	5.126678e+00
1.700000e+00	-4.869990e-02	5.122191e+00
1.733333e+00	-4.953327e-02	5.117704e+00
1.766667e+00	-5.036663e-02	5.113216e+00
1.800000e+00	-5.120000e-02	5.108729e+00
1.833333e+00	-5.203336e-02	5.104242e+00
1.866667e+00	-5.286673e-02	5.099755e+00
1.900000e+00	-5.370009e-02	5.095268e+00
1.933333e+00	-5.453346e-02	5.090781e+00
1.966667e+00	-5.536682e-02	5.086293e+00
2	-5.620019e-02	5.081806e+00
2.033333e+00	-5.703355e-02	5.077319e+00
2.066667e+00	-5.786692e-02	5.072832e+00
2.100000e+00	-5.870028e-02	5.068345e+00
2.133333e+00	-5.953365e-02	5.063857e+00
2.166667e+00	-6.036701e-02	5.059370e+00
2.200000e+00	-6.120038e-02	5.054883e+00
2.233333e+00	-6.203374e-02	5.050396e+00
2.266667e+00	-6.286711e-02	5.045909e+00
2.300000e+00	-6.370047e-02	5.041422e+00
2.333333e+00	-6.453384e-02	5.036934e+00
2.366667e+00	-6.536720e-02	5.032447e+00
2.400000e+00	-6.620057e-02	5.027960e+00
2.433333e+00	-6.703393e-02	5.023473e+00
2.466667e+00	-6.786730e-02	5.018986e+00
2.500000e+00	-6.870066e-02	5.014498e+00
2.533333e+00	-6.953403e-02	5.010011e+00
2.566667e+00	-7.036739e-02	5.005524e+00
2.600000e+00	-7.120076e-02	5.001037e+00
2.633333e+00	-7.203412e-02	4.996550e+00
2.666667e+00	-7.286749e-02	4.992063e+00
2.700000e+00	-7.370085e-02	4.987575e+00
2.733333e+00	-7.453422e-02	4.983088e+00
2.766667e+00	-7.536758e-02	4.978601e+00
2.800000e+00	-7.620095e-02	4.974114e+00
2.833333e+00	-7.703431e-02	4.969627e+00
2.866667e+00	-7.786768e-02	4.965139e+00
2.900000e+00	-7.870104e-02	4.960652e+00
2.933333e+00	-7.953441e-02	4.956165e+00
2.966667e+00	-8.036777e-02	4.951678e+00
3	-8.120114e-02	4.947191e+00
3.033333e+00	-8.203450e-02	4.942704e+00
3.066667e+00	-8.286787e-02	4.938216e+00
3.100000e+00	-8.370123e-02	4.933729e+00
3.133333e+00	-8.453460e-02	4.929242e+00
3.166667e+00	-8.536796e-02	4.924755e+00
3.200000e+00	-8.620133e-02	4.920268e+00
3.233333e+00	-8.703469e-02	4.915781e+00
3.266667e+00	-8.786806e-02	4.911293e+00
3.300000e+00	-8.870142e-02	4.906806e+00
3.333333e+00	-8.953479e-02	4.902319e+00
3.366667e+00	-9.036815e-02	4.897832e+00
3.400000e+00	-9.120151e-02	4.893345e+00
3.433333e+00	-9.203488e-02	4.888857e+00
3.466667e+00	-9.286824e-02	4.884370e+00
3.500000e+00	-9.370161e-02	4.879883e+00
3.533333e+00	-9.453497e-02	4.875396e+00
3.566667e+00	-9.536834e-02	4.870909e+00
3.600000e+00	-9.620170e-02	4.866422e+00
3.633333e+00	-9.703507e-02	4.861934e+00
3.666667e+00	-9.786843e-02	4.857447e+00
3.700000e+00	-9.870180e-02	4.852960e+00
3.733333e+00	-9.953516e-02	4.848473e+00
3.766667e+00	-1.003685e-01	4.843986e+00
3.800000e+00	-1.012019e-01	4.839498e+00
3.833333e+00	-1.020353e-01	4.835011e+00
3.866667e+00	-1.028686e-01	4.830524e+00
3.900000e+00	-1.037020e-01	4.826037e+00
3.933333e+00	-1.045354e-01	4.821550e+00
3.966667e+00	-1.053599e-01	4.817110e+00
4	-1.061256e-01	4.812987e+00
4.033333e+00	-1.063438e-01	4.811812e+00
4.066667e+00	-1.041532e-01	4.823608e+00
4.100000e+00	-9.650289e-02	4.864800e+00
4.133333e+00	-8.168144e-02	4.944605e+00
4.166667e+00	-6.182373e-02	5.051527e+00
4.200000e+00	-4.251358e-02	5.155500e+00
4.233333e+00	-2.907152e-02	5.227878e+00
4.266667e+00	-2.245067e-02	5.263527e+00
4.300000e+00	-1.953687e-02	5.279217e+00
4.333333e+00	-1.734331e-02	5.291028e+00
4.366667e+00	-1.539699e-02	5.301507e+00
4.400000e+00	-1.448678e-02	5.306408e+00
4.433333e+00	-1.480172e-02	5.304713e+00
4.466667e+00	-1.562235e-02	5.300294e+00
4.500000e+00	-1.612763e-02	5.297573e+00
4.533333e+00	-1.606647e-02	5.297903e+00
4.566667e+00	-1.553038e-02	5.300789e+00
4.600000e+00	-1.398678e-02	5.309101e+00
4.633333e+00	-1.014502e-02	5.329786e+00
4.666667e+00	-3.664000e-03	5.364683e+00
4.700000e+00	3.637827e-03	5.403999e+00
4.733333e+00	9.339094e-03	5.434697e+00
4.766667e+00	1.272868e-02	5.452947e+00
4.800000e+00	1.501116e-02	5.465237e+00
4.833333e+00	1.773530e-02	5.479905e+00
4.866667e+00	2.147224e-02	5.500026e+00
4.900000e+00	2.577119e-02	5.523174e+00
4.933333e+00	2.993472e-02	5.545592e+00
4.966667e+00	3.366723e-02	5.565689e+00
5	3.713718e-02	5.584373e+00
5.033333e+00	4.064845e-02	5.603279e+00
5.066667e+00	4.430441e-02	5.622964e+00
5.100000e+00	4.785921e-02	5.642105e+00
5.133333e+00	5.090287e-02	5.658493e+00
5.166667e+00	5.332666e-02	5.671544e+00
5.200000e+00	5.562534e-02	5.683921e+00
5.233333e+00	5.886941e-02	5.701388e+00
5.266667e+00	6.411348e-02	5.729624e+00
5.300000e+00	7.097816e-02	5.766587e+00
5.333333e+00	7.688609e-02	5.798397e+00
5.366667e+00	7.846134e-02	5.806879e+00
5.400000e+00	7.411570e-02	5.783480e+00
5.433333e+00	6.581719e-02	5.738798e+00
5.466667e+00	5.797617e-02	5.696579e+00
5.500000e+00	5.336396e-02	5.671745e+00
5.533333e+00	5.061028e-02	5.656918e+00
5.566667e+00	4.690654e-02	5.636975e+00
5.600000e+00	4.206266e-02	5.610894e+00
5.633333e+00	3.840502e-02	5.591199e+00
5.666667e+00	3.760058e-02	5.586868e+00
5.700000e+00	3.895853e-02	5.594180e+00
5.733333e+00	4.053744e-02	5.602681e+00
5.766667e+00	4.104155e-02	5.605396e+00
5.800000e+00	4.054389e-02	5.602716e+00
5.833333e+00	3.986216e-02	5.599045e+00
5.866667e+00	3.961008e-02	5.597688e+00
5.900000e+00	3.980366e-02	5.598730e+00
5.933333e+00	4.010147e-02	5.600334e+00
5.966667e+00	4.022450e-02	5.600996e+00
6	4.014955e-02	5.600593e+00
6.033333e+00	4.001939e-02	5.599892e+00
6.066667e+00	3.996002e-02	5.599572e+00
6.100000e+00	3.998839e-02	5.599725e+00
6.133333e+00	4.024216e-02	5.601091e+00
6.166667e+00	4.158009e-02	5.608295e+00
6.200000e+00	4.538194e-02	5.628766e+00
6.233333e+00	5.167962e-02	5.662675e+00
6.266667e+00	5.801098e-02	5.696766e+00
6.300000e+00	6.138952e-02	5.714957e+00
6.333333e+00	6.113238e-02	5.713573e+00
6.366667e+00	5.929754e-02	5.703693e+00
6.400000e+00	5.910797e-02	5.702673e+00
6.433333e+00	6.306397e-02	5.723973e+00
6.466667e+00	7.150243e-02	5.769410e+00
6.500000e+00	8.232439e-02	5.827679e+00
6.533333e+00	9.208193e-02	5.880218e+00
6.566667e+00	9.782388e-02	5.911135e+00
6.600000e+00	9.886193e-02	5.916724e+00
6.633333e+00	9.725133e-02	5.908052e+00
6.666667e+00	9.661334e-02	5.904617e+00
6.700000e+00	9.987129e-02	5.922159e+00
6.733333e+00	1.068347e-01	5.959653e+00
6.766667e+00	1.139898e-01	5.998179e+00
6.800000e+00	1.176329e-01	6.017795e+00
6.833333e+00	1.171110e-01	6.014985e+00
6.866667e+00	1.145217e-01	6.001043e+00
6.900000e+00	1.115823e-01	5.985216e+00
6.933333e+00	1.078217e-01	5.964968e+00
6.966667e+00	1.024644e-01	5.936121e+00
7	9.684875e-02	5.905885e+00
7.033333e+00	9.349339e-02	5.887818e+00
7.066667e+00	9.335678e-02	5.887082e+00
7.100000e+00	9.526235e-02	5.897343e+00
7.133333e+00	9.804353e-02	5.912318e+00
7.166667e+00	1.020742e-01	5.934020e+00
7.200000e+00	1.077359e-01	5.964506e+00
7.233333e+00	1.134356e-01	5.995195e+00
7.266667e+00	1.166813e-01	6.012671e+00
7.300000e+00	1.166829e-01	6.012680e+00
7.333333e+00	1.149313e-01	6.003248e+00
7.366667e+00	1.135036e-01	5.995561e+00
7.400000e+00	1.133449e-01	5.994706e+00
7.433333e+00	1.140270e-01	5.998379e+00
7.466667e+00	1.146547e-01	6.001759e+00
7.500000e+00	1.147576e-01	6.002313e+00
7.533333e+00	1.144777e-01	6.000806e+00
7.566667e+00	1.141979e-01	5.999299e+00
7.600000e+00	1.141390e-01	5.998982e+00
7.633333e+00	1.142541e-01	5.999602e+00
7.666667e+00	1.143789e-01	6.000274e+00
7.700000e+00	1.144109e-01	6.000446e+00
7.733333e+00	1.143639e-01	6.000193e+00
7.766667e+00	1.143085e-01	5.999895e+00
7.800000e+00	1.142918e-01	5.999805e+00
7.833333e+00	1.143107e-01	5.999907e+00
7.866667e+00	1.143353e-01	6.000039e+00
7.900000e+00	1.141466e-01	5.999023e+00
7.933333e+00	1.128295e-01	5.991931e+00
7.966667e+00	1.090064e-01	5.971346e+00
8	1.026800e-01	5.937282e+00
8.033333e+00	9.633822e-02	5.903136e+00
8.066667e+00	9.296806e-02	5.884989e+00
8.100000e+00	9.323784e-02	5.886442e+00
8.133333e+00	9.527489e-02	5.897410e+00
8.166667e+00	9.677081e-02	5.905465e+00
8.200000e+00	9.681862e-02	5.905722e+00
8.233333e+00	9.600953e-02	5.901366e+00
8.266667e+00	9.534581e-02	5.897792e+00
8.300000e+00	9.528781e-02	5.897480e+00
8.333333e+00	9.562404e-02	5.899290e+00
8.366667e+00	9.592224e-02	5.900896e+00
8.400000e+00	9.594908e-02	5.901040e+00
8.433333e+00	9.570151e-02	5.899707e+00
8.466667e+00	9.518758e-02	5.896940e+00
8.500000e+00	9.433123e-02	5.892329e+00
8.533333e+00	9.310436e-02	5.885723e+00
8.566667e+00	9.163855e-02	5.877831e+00
8.600000e+00	9.014579e-02	5.869793e+00
8.633333e+00	8.876104e-02	5.862337e+00
8.666667e+00	8.748026e-02	5.855441e+00
8.700000e+00	8.622230e-02	5.848667e+00
8.733333e+00	8.492350e-02	5.841674e+00
8.766667e+00	8.357947e-02	5.834437e+00
8.800000e+00	8.223729e-02	5.827210e+00
8.833333e+00	8.100504e-02	5.820576e+00
8.866667e+00	8.023397e-02	5.816424e+00
8.900000e+00	8.087434e-02	5.819872e+00
8.933333e+00	8.410647e-02	5.837275e+00
8.966667e+00	8.972227e-02	5.867513e+00
9	9.533507e-02	5.897734e+00
9.033333e+00	9.825932e-02	5.913480e+00
9.066667e+00	9.795818e-02	5.911858e+00
9.100000e+00	9.613759e-02	5.902055e+00
9.133333e+00	9.483682e-02	5.895052e+00
9.166667e+00	9.482401e-02	5.894983e+00
9.200000e+00	9.535322e-02	5.897832e+00
9.233333e+00	9.462208e-02	5.893895e+00
9.266667e+00	9.084813e-02	5.873575e+00
9.300000e+00	8.422318e-02	5.837903e+00
9.333333e+00	7.742091e-02	5.801277e+00
9.366667e+00	7.270589e-02	5.775889e+00
9.400000e+00	6.928773e-02	5.757485e+00
9.433333e+00	6.512094e-02	5.735049e+00
9.466667e+00	6.029369e-02	5.709057e+00
9.500000e+00	5.691521e-02	5.690866e+00
9.533333e+00	5.632086e-02	5.687666e+00
9.566667e+00	5.786669e-02	5.695989e+00
9.600000e+00	6.054704e-02	5.710421e+00
9.633333e+00	6.450503e-02	5.731733e+00
9.666667e+00	6.987961e-02	5.760672e+00
9.700000e+00	7.510256e-02	5.788794e+00
9.733333e+00	7.785239e-02	5.803600e+00
9.766667e+00	7.740076e-02	5.801169e+00
9.800000e+00	7.516012e-02	5.789104e+00
9.833333e+00	7.313245e-02	5.778186e+00
9.866667e+00	7.228131e-02	5.773603e+00
9.900000e+00	7.225630e-02	5.773469e+00
9.933333e+00	7.221902e-02	5.773268e+00
9.966667e+00	7.170003e-02	5.770474e+00
10	7.080839e-02	5.765673e+00
1.003333e+01	6.990027e-02	5.760783e+00
1.006667e+01	6.919394e-02	5.756980e+00
1.010000e+01	6.865617e-02	5.754084e+00
1.013333e+01	6.813475e-02	5.751277e+00
1.016667e+01	6.752889e-02	5.748014e+00
1.020000e+01	6.684697e-02	5.744343e+00
1.023333e+01	6.615385e-02	5.740611e+00
1.026667e+01	6.549584e-02	5.737068e+00
1.030000e+01	6.487199e-02	5.733709e+00
1.033333e+01	6.425480e-02	5.730385e+00
1.036667e+01	6.362315e-02	5.726984e+00
1.040000e+01	6.297621e-02	5.723501e+00
1.043333e+01	6.232559e-02	5.719998e+00
1.046667e+01	6.168089e-02	5.716526e+00
1.050000e+01	6.104299e-02	5.713092e+00
1.053333e+01	6.040703e-02	5.709667e+00
1.056667e+01	5.977547e-02	5.706267e+00
1.060000e+01	5.918606e-02	5.703093e+00
1.063333e+01	5.872711e-02	5.700622e+00
1.066667e+01	5.868422e-02	5.700391e+00
1.070000e+01	5.997395e-02	5.707336e+00
1.073333e+01	6.388322e-02	5.728385e+00
1.076667e+01	7.029286e-02	5.762897e+00
1.080000e+01	7.665412e-02	5.797148e+00
1.083333e+01	7.999364e-02	5.815130e+00
1.086667e+01	7.968899e-02	5.813489e+00
1.090000e+01	7.764207e-02	5.802468e+00
1.093333e+01	7.615838e-02	5.794479e+00
1.096667e+01	7.612584e-02	5.794304e+00
11	7.693991e-02	5.798687e+00
1.103333e+01	7.759873e-02	5.802235e+00
1.106667e+01	7.766231e-02	5.802577e+00
1.110000e+01	7.741777e-02	5.801260e+00
1.113333e+01	7.745394e-02	5.801455e+00
1.116667e+01	7.814356e-02	5.805168e+00
1.120000e+01	7.940885e-02	5.811981e+00
1.123333e+01	8.087714e-02	5.819887e+00
1.126667e+01	8.221900e-02	5.827112e+00
1.130000e+01	8.335151e-02	5.833210e+00
1.133333e+01	8.438914e-02	5.838797e+00
1.136667e+01	8.547007e-02	5.844617e+00
1.140000e+01	8.663889e-02	5.850910e+00
1.143333e+01	8.785189e-02	5.857442e+00
1.146667e+01	8.904907e-02	5.863888e+00
1.150000e+01	9.020836e-02	5.870130e+00
1.153333e+01	9.134691e-02	5.876260e+00
1.156667e+01	9.249100e-02	5.882421e+00
1.160000e+01	9.383622e-02	5.889664e+00
1.163333e+01	9.622180e-02	5.902509e+00
1.166667e+01	1.008700e-01	5.927536e+00
1.170000e+01	1.076260e-01	5.963913e+00
1.173333e+01	1.140034e-01	5.998252e+00
1.176667e+01	1.172006e-01	6.015467e+00
1.180000e+01	1.165777e-01	6.012114e+00
1.183333e+01	1.132014e-01	5.993934e+00
1.186667e+01	1.079562e-01	5.965691e+00
1.190000e+01	1.016519e-01	5.931747e+00
1.193333e+01	9.613190e-02	5.902025e+00
1.196667e+01	9.319823e-02	5.886229e+00
12	9.218539e-02	5.880775e+00
1.203333e+01	9.006694e-02	5.869369e+00
1.206667e+01	8.495480e-02	5.841843e+00
1.210000e+01	7.863078e-02	5.807792e+00
1.213333e+01	7.459048e-02	5.786037e+00
1.216667e+01	7.432346e-02	5.784599e+00
1.220000e+01	7.632235e-02	5.795362e+00
1.223333e+01	7.809682e-02	5.804916e+00
1.226667e+01	7.838586e-02	5.806473e+00
1.230000e+01	7.780316e-02	5.803335e+00
1.233333e+01	7.833285e-02	5.806187e+00
1.236667e+01	8.197856e-02	5.825817e+00
1.240000e+01	8.861856e-02	5.861570e+00
1.243333e+01	9.530962e-02	5.897597e+00
1.246667e+01	9.877408e-02	5.916251e+00
1.250000e+01	9.837696e-02	5.914113e+00
1.253333e+01	9.618500e-02	5.902311e+00
1.256667e+01	9.464048e-02	5.893994e+00
1.260000e+01	9.464381e-02	5.894012e+00
1.263333e+01	9.571843e-02	5.899798e+00
1.266667e+01	9.771619e-02	5.910555e+00
1.270000e+01	1.015662e-01	5.931285e+00
1.273333e+01	1.075221e-01	5.963354e+00
1.276667e+01	1.135566e-01	5.995846e+00
1.280000e+01	1.168985e-01	6.013840e+00
1.283333e+01	1.167839e-01	6.013223e+00
1.286667e+01	1.148855e-01	6.003002e+00
1.290000e+01	1.134093e-01	5.995054e+00
1.293333e+01	1.132970e-01	5.994449e+00
1.296667e+01	1.140437e-01	5.998469e+00
13	1.146956e-01	6.001979e+00
1.303333e+01	1.147802e-01	6.002435e+00
1.306667e+01	1.144719e-01	6.000775e+00
1.310000e+01	1.141803e-01	5.999205e+00
1.313333e+01	1.141285e-01	5.998926e+00
1.316667e+01	1.143123e-01	5.999915e+00
1.320000e+01	1.148733e-01	6.002936e+00
1.323333e+01	1.164222e-01	6.011276e+00
1.326667e+01	1.196960e-01	6.028903e+00
1.330000e+01	1.247766e-01	6.056260e+00
1.333333e+01	1.308641e-01	6.089037e+00
1.336667e+01	1.369119e-01	6.121601e+00
1.340000e+01	1.423820e-01	6.151054e+00
1.343333e+01	1.474063e-01	6.178107e+00
1.346667e+01	1.524001e-01	6.204996e+00
1.350000e+01	1.576223e-01	6.233114e+00
1.353333e+01	1.630418e-01	6.262295e+00
1.356667e+01	1.684853e-01	6.291605e+00
1.360000e+01	1.738345e-01	6.320407e+00
1.363333e+01	1.792360e-01	6.349491e+00
1.366667e+01	1.853609e-01	6.382470e+00
1.370000e+01	1.929383e-01	6.423270e+00
1.373333e+01	2.010618e-01	6.467010e+00
1.376667e+01	2.060939e-01	6.494106e+00
1.380000e+01	2.035608e-01	6.480466e+00
1.383333e+01	1.924312e-01	6.420540e+00
1.386667e+01	1.775765e-01	6.340556e+00
1.390000e+01	1.664467e-01	6.280628e+00
1.393333e+01	1.622878e-01	6.258235e+00
1.396667e+01	1.616688e-01	6.254902e+00
14	1.594326e-01	6.242862e+00
1.403333e+01	1.545583e-01	6.216616e+00
1.406667e+01	1.500463e-01	6.192322e+00
1.410000e+01	1.485877e-01	6.184468e+00
1.413333e+01	1.499213e-01	6.191649e+00
1.416667e+01	1.516604e-01	6.201013e+00
1.420000e+01	1.511502e-01	6.198266e+00
1.423333e+01	1.468668e-01	6.175202e+00
1.426667e+01	1.397131e-01	6.136684e+00
1.430000e+01	1.331801e-01	6.101507e+00
1.433333e+01	1.312897e-01	6.091329e+00
1.436667e+01	1.357298e-01	6.115236e+00
1.440000e+01	1.442732e-01	6.161237e+00
1.443333e+01	1.520522e-01	6.203123e+00
1.446667e+01	1.553201e-01	6.220718e+00
1.450000e+01	1.541566e-01	6.214454e+00
1.453333e+01	1.514759e-01	6.200019e+00
1.456667e+01	1.499866e-01	6.192001e+00
1.460000e+01	1.503145e-01	6.193766e+00
1.463333e+01	1.514155e-01	6.199695e+00
1.466667e+01	1.520924e-01	6.203339e+00
1.470000e+01	1.519922e-01	6.202800e+00
1.473333e+01	1.515236e-01	6.200277e+00
1.476667e+01	1.512124e-01	6.198601e+00
1.480000e+01	1.512377e-01	6.198737e+00
1.483333e+01	1.514374e-01	6.199812e+00
1.486667e+01	1.515803e-01	6.200582e+00
1.490000e+01	1.515776e-01	6.200567e+00
1.493333e+01	1.514929e-01	6.200111e+00
1.496667e+01	1.514277e-01	6.199760e+00
15	1.514252e-01	6.199746e+00
1.503333e+01	1.514608e-01	6.199939e+00
1.506667e+01	1.514905e-01	6.200098e+00
1.510000e+01	1.514932e-01	6.200113e+00
1.513333e+01	1.514783e-01	6.200032e+00
1.516667e+01	1.512678e-01	6.198899e+00
1.520000e+01	1.499563e-01	6.191837e+00
1.523333e+01	1.461502e-01	6.171344e+00
1.526667e+01	1.396369e-01	6.136274e+00
1.530000e+01	1.319837e-01	6.095066e+00
1.533333e+01	1.247940e-01	6.056353e+00
1.536667e+01	1.187368e-01	6.023739e+00
1.540000e+01	1.144296e-01	6.000547e+00
1.543333e+01	1.125538e-01	5.990447e+00
1.546667e+01	1.128715e-01	5.992158e+00
1.550000e+01	1.141005e-01	5.998775e+00
1.553333e+01	1.149335e-01	6.003260e+00
1.556667e+01	1.149233e-01	6.003205e+00
1.560000e+01	1.144500e-01	6.000657e+00
1.563333e+01	1.140841e-01	5.998687e+00
1.566667e+01	1.140670e-01	5.998595e+00
1.570000e+01	1.142635e-01	5.999653e+00
1.573333e+01	1.144278e-01	6.000537e+00
1.576667e+01	1.144439e-01	6.000624e+00
1.580000e+01	1.143617e-01	6.000182e+00
1.583333e+01	1.142876e-01	5.999783e+00
1.586667e+01	1.142767e-01	5.999724e+00
1.590000e+01	1.143108e-01	5.999908e+00
1.593333e+01	1.143441e-01	6.000087e+00
1.596667e+01	1.143506e-01	6.000122e+00
16	1.143365e-01	6.000046e+00
1.603333e+01	1.145187e-01	6.001027e+00
1.606667e+01	1.158248e-01	6.008059e+00
1.610000e+01	1.196428e-01	6.028617e+00
1.613333e+01	1.259716e-01	6.062694e+00
1.616667e+01	1.321212e-01	6.095806e+00
1.620000e+01	1.341841e-01	6.106914e+00
1.623333e+01	1.301012e-01	6.084929e+00
1.626667e+01	1.217398e-01	6.039908e+00
1.630000e+01	1.137009e-01	5.996624e+00
1.633333e+01	1.089689e-01	5.971145e+00
1.636667e+01	1.062344e-01	5.956421e+00
1.640000e+01	1.026146e-01	5.936930e+00
1.643333e+01	9.782576e-02	5.911145e+00
1.646667e+01	9.416304e-02	5.891424e+00
1.650000e+01	9.332282e-02	5.886899e+00
1.653333e+01	9.465549e-02	5.894075e+00
1.656667e+01	9.623513e-02	5.902581e+00
1.660000e+01	9.675442e-02	5.905377e+00
1.663333e+01	9.626832e-02	5.902759e+00
1.666667e+01	9.558693e-02	5.899090e+00
1.670000e+01	9.532845e-02	5.897699e+00
1.673333e+01	9.551677e-02	5.898713e+00
1.676667e+01	9.581414e-02	5.900314e+00
1.680000e+01	9.593986e-02	5.900991e+00
1.683333e+01	9.586728e-02	5.900600e+00
1.686667e+01	9.573744e-02	5.899901e+00
1.690000e+01	9.567696e-02	5.899575e+00
1.693333e+01	9.570426e-02	5.899722e+00
1.696667e+01	9.576075e-02	5.900026e+00
17	9.598661e-02	5.901242e+00
1.703333e+01	9.728629e-02	5.908240e+00
1.706667e+01	1.010741e-01	5.928636e+00
1.710000e+01	1.073828e-01	5.962604e+00
1.713333e+01	1.137309e-01	5.996785e+00
1.716667e+01	1.171164e-01	6.015014e+00
1.720000e+01	1.166579e-01	6.012545e+00
1.723333e+01	1.133090e-01	5.994513e+00
1.726667e+01	1.079942e-01	5.965896e+00
1.730000e+01	1.014232e-01	5.930515e+00
1.733333e+01	9.457864e-02	5.893661e+00
1.736667e+01	8.805804e-02	5.858552e+00
1.740000e+01	8.206335e-02	5.826274e+00
1.743333e+01	7.742037e-02	5.801274e+00
1.746667e+01	7.504698e-02	5.788495e+00
1.750000e+01	7.401215e-02	5.782923e+00
1.753333e+01	7.156854e-02	5.769766e+00
1.756667e+01	6.621417e-02	5.740935e+00
1.760000e+01	5.988499e-02	5.706856e+00
1.763333e+01	5.616215e-02	5.686811e+00
1.766667e+01	5.721973e-02	5.692506e+00
1.770000e+01	6.275240e-02	5.722296e+00
1.773333e+01	7.024756e-02	5.762653e+00
1.776667e+01	7.609273e-02	5.794126e+00
1.780000e+01	7.788150e-02	5.803757e+00
1.783333e+01	7.604339e-02	5.793860e+00
1.786667e+01	7.293374e-02	5.777116e+00
1.790000e+01	7.059872e-02	5.764544e+00
1.793333e+01	6.950981e-02	5.758680e+00
1.796667e+01	6.894153e-02	5.755621e+00
18	6.806955e-02	5.750926e+00
1.803333e+01	6.666218e-02	5.743348e+00
1.806667e+01	6.500964e-02	5.734450e+00
1.810000e+01	6.347310e-02	5.726176e+00
1.813333e+01	6.216944e-02	5.719157e+00
1.816667e+01	6.099637e-02	5.712841e+00
1.820000e+01	5.987416e-02	5.706798e+00
1.823333e+01	5.892324e-02	5.701678e+00
1.826667e+01	5.836892e-02	5.698693e+00
1.830000e+01	5.828276e-02	5.698229e+00
1.833333e+01	5.848125e-02	5.699298e+00
1.836667e+01	5.868635e-02	5.700403e+00
1.840000e+01	5.874099e-02	5.700697e+00
1.843333e+01	5.866991e-02	5.700314e+00
1.846667e+01	5.838631e-02	5.698787e+00
1.850000e+01	5.704940e-02	5.691589e+00
1.853333e+01	5.326531e-02	5.671213e+00
1.856667e+01	4.698092e-02	5.637376e+00
1.860000e+01	4.064974e-02	5.603286e+00
1.863333e+01	3.726367e-02	5.585054e+00
1.866667e+01	3.751477e-02	5.586406e+00
1.870000e+01	3.954629e-02	5.597345e+00
1.873333e+01	4.106178e-02	5.605505e+00
1.876667e+01	4.121831e-02	5.606347e+00
1.880000e+01	4.076662e-02	5.603915e+00
1.883333e+01	4.087641e-02	5.604506e+00
1.886667e+01	4.201383e-02	5.610631e+00
1.890000e+01	4.377272e-02	5.620101e+00
1.893333e+01	4.547813e-02	5.629284e+00
1.896667e+01	4.679098e-02	5.636353e+00
19	4.782217e-02	5.641905e+00
1.903333e+01	4.885499e-02	5.647466e+00
1.906667e+01	5.005063e-02	5.653904e+00
1.910000e+01	5.137362e-02	5.661028e+00
1.913333e+01	5.270311e-02	5.668186e+00
1.916667e+01	5.396427e-02	5.674977e+00
1.920000e+01	5.516778e-02	5.681457e+00
1.923333e+01	5.635219e-02	5.687834e+00
1.926667e+01	5.747786e-02	5.693896e+00
1.930000e+01	5.837538e-02	5.698728e+00
1.933333e+01	5.885541e-02	5.701313e+00
1.936667e+01	5.890060e-02	5.701556e+00
1.940000e+01	5.870911e-02	5.700525e+00
1.943333e+01	5.853313e-02	5.699578e+00
1.946667e+01	5.849792e-02	5.699388e+00
1.950000e+01	5.856779e-02	5.699764e+00
1.953333e+01	5.864219e-02	5.700165e+00
1.956667e+01	5.866064e-02	5.700264e+00
1.960000e+01	5.863246e-02	5.700112e+00
1.963333e+01	5.859970e-02	5.699936e+00
1.966667e+01	5.859017e-02	5.699885e+00
1.970000e+01	5.860158e-02	5.699946e+00
1.973333e+01	5.861608e-02	5.700024e+00
1.976667e+01	5.862092e-02	5.700050e+00
1.980000e+01	5.861636e-02	5.700026e+00
1.983333e+01	5.860997e-02	5.699991e+00
1.986667e+01	5.860756e-02	5.699978e+00
1.990000e+01	5.860935e-02	5.699988e+00
1.993333e+01	5.861216e-02	5.700003e+00
1.996667e+01	5.861334e-02	5.700009e+00
20	5.861264e-02	5.700006e+00
2.003333e+01	5.861142e-02	5.699999e+00
2.006667e+01	5.861085e-02	5.699996e+00
2.010000e+01	5.861111e-02	5.699997e+00
2.013333e+01	5.861164e-02	5.700000e+00
2.016667e+01	5.861191e-02	5.700002e+00
2.020000e+01	5.861182e-02	5.700001e+00
2.023333e+01	5.861159e-02	5.700000e+00
2.026667e+01	5.861146e-02	5.699999e+00
2.030000e+01	5.861149e-02	5.699999e+00
2.033333e+01	5.841451e-02	5.698939e+00
2.036667e+01	5.710496e-02	5.691888e+00
2.040000e+01	5.329269e-02	5.671361e+00
2.043333e+01	4.697040e-02	5.637319e+00
2.046667e+01	4.062564e-02	5.603156e+00
2.050000e+01	3.725075e-02	5.584984e+00
2.053333e+01	3.751851e-02	5.586426e+00
2.056667e+01	3.955671e-02	5.597401e+00
2.060000e+01	4.105470e-02	5.605466e+00
2.063333e+01	4.110348e-02	5.605729e+00
2.066667e+01	4.029396e-02	5.601370e+00
2.070000e+01	3.962933e-02	5.597792e+00
2.073333e+01	3.957087e-02	5.597477e+00
2.076667e+01	3.990726e-02	5.599288e+00
2.080000e+01	4.020585e-02	5.600896e+00
2.083333e+01	4.024698e-02	5.601117e+00
2.086667e+01	4.010698e-02	5.600364e+00
2.090000e+01	3.997281e-02	5.599641e+00
2.093333e+01	3.996102e-02	5.599578e+00
2.096667e+01	4.011931e-02	5.600430e+00
21	4.053395e-02	5.602663e+00
2.103333e+01	4.132397e-02	5.606916e+00
2.106667e+01	4.249934e-02	5.613245e+00
2.110000e+01	4.389665e-02	5.620769e+00
2.113333e+01	4.529544e-02	5.628300e+00
2.116667e+01	4.657538e-02	5.635192e+00
2.120000e+01	4.775770e-02	5.641558e+00
2.123333e+01	4.892871e-02	5.647863e+00
2.126667e+01	5.014603e-02	5.654418e+00
2.130000e+01	5.140628e-02	5.661204e+00
2.133333e+01	5.267376e-02	5.668028e+00
2.136667e+01	5.392224e-02	5.674751e+00
2.140000e+01	5.515159e-02	5.681370e+00
2.143333e+01	5.656078e-02	5.688958e+00
2.146667e+01	5.900299e-02	5.702107e+00
2.150000e+01	6.370223e-02	5.727410e+00
2.153333e+01	7.049219e-02	5.763970e+00
2.156667e+01	7.687848e-02	5.798356e+00
2.160000e+01	8.006614e-02	5.815520e+00
2.163333e+01	7.943079e-02	5.812099e+00
2.166667e+01	7.604963e-02	5.793894e+00
2.170000e+01	7.080754e-02	5.765668e+00
2.173333e+01	6.450851e-02	5.731751e+00
2.176667e+01	5.879374e-02	5.700981e+00
2.180000e+01	5.474635e-02	5.679188e+00
2.183333e+01	5.103150e-02	5.659186e+00
2.186667e+01	4.509237e-02	5.627207e+00
2.190000e+01	3.614593e-02	5.579036e+00
2.193333e+01	2.647049e-02	5.526939e+00
2.196667e+01	1.972860e-02	5.490638e+00
22	1.786857e-02	5.480623e+00
2.203333e+01	1.968321e-02	5.490394e+00
2.206667e+01	2.235930e-02	5.504803e+00
2.210000e+01	2.397286e-02	5.513491e+00
2.213333e+01	2.444493e-02	5.516033e+00
2.216667e+01	2.471829e-02	5.517505e+00
2.220000e+01	2.552272e-02	5.521836e+00
2.223333e+01	2.686501e-02	5.529063e+00
2.226667e+01	2.832298e-02	5.536914e+00
2.230000e+01	2.955989e-02	5.543574e+00
2.233333e+01	3.055502e-02	5.548932e+00
2.236667e+01	3.148710e-02	5.553951e+00
2.240000e+01	3.250922e-02	5.559454e+00
2.243333e+01	3.363885e-02	5.565536e+00
2.246667e+01	3.480129e-02	5.571796e+00
2.250000e+01	3.592750e-02	5.577860e+00
2.253333e+01	3.700617e-02	5.583668e+00
2.256667e+01	3.805668e-02	5.589324e+00
2.260000e+01	3.924162e-02	5.595704e+00
2.263333e+01	4.133577e-02	5.606980e+00
2.266667e+01	4.556887e-02	5.629773e+00
2.270000e+01	5.193310e-02	5.664040e+00
2.273333e+01	5.811213e-02	5.697311e+00
2.276667e+01	6.113599e-02	5.713592e+00
2.280000e+01	5.952675e-02	5.704928e+00
2.283333e+01	5.373653e-02	5.673751e+00
2.286667e+01	4.598130e-02	5.631993e+00
2.290000e+01	3.960436e-02	5.597657e+00
2.293333e+01	3.701474e-02	5.583714e+00
2.296667e+01	3.791851e-02	5.588580e+00
23	4.000664e-02	5.599823e+00
2.303333e+01	4.137513e-02	5.607192e+00
2.306667e+01	4.244758e-02	5.612966e+00
2.310000e+01	4.541351e-02	5.628936e+00
2.313333e+01	5.120722e-02	5.660132e+00
2.316667e+01	5.762209e-02	5.694672e+00
2.320000e+01	6.135616e-02	5.714778e+00
2.323333e+01	6.152778e-02	5.715702e+00
2.326667e+01	6.097983e-02	5.712752e+00
2.330000e+01	6.445081e-02	5.731441e+00
2.333333e+01	7.462254e-02	5.786210e+00
2.336667e+01	8.940938e-02	5.865828e+00
2.340000e+01	1.036706e-01	5.942616e+00
2.343333e+01	1.132092e-01	5.993976e+00
2.346667e+01	1.168794e-01	6.013738e+00
2.350000e+01	1.161263e-01	6.009683e+00
2.353333e+01	1.133091e-01	5.994514e+00
2.356667e+01	1.101149e-01	5.977315e+00
2.360000e+01	1.070626e-01	5.960880e+00
2.363333e+01	1.040027e-01	5.944404e+00
2.366667e+01	1.007557e-01	5.926921e+00
2.370000e+01	9.735795e-02	5.908626e+00
2.373333e+01	9.395982e-02	5.890329e+00
2.376667e+01	9.065539e-02	5.872537e+00
2.380000e+01	8.742714e-02	5.855155e+00
2.383333e+01	8.420479e-02	5.837804e+00
2.386667e+01	8.094266e-02	5.820240e+00
2.390000e+01	7.764552e-02	5.802486e+00
2.393333e+01	7.434367e-02	5.784708e+00
2.396667e+01	7.105834e-02	5.767018e+00
24	6.778878e-02	5.749414e+00
2.403333e+01	6.455689e-02	5.732012e+00
2.406667e+01	6.154929e-02	5.715818e+00
2.410000e+01	5.920739e-02	5.703208e+00
2.413333e+01	5.797955e-02	5.696597e+00
2.416667e+01	5.787416e-02	5.696029e+00
2.420000e+01	5.836749e-02	5.698686e+00
2.423333e+01	5.881443e-02	5.701092e+00
2.426667e+01	5.870348e-02	5.700495e+00
2.430000e+01	5.721426e-02	5.692476e+00
2.433333e+01	5.321333e-02	5.670934e+00
2.436667e+01	4.684572e-02	5.636648e+00
2.440000e+01	4.057353e-02	5.602876e+00
2.443333e+01	3.728173e-02	5.585151e+00
2.446667e+01	3.757301e-02	5.586720e+00
2.450000e+01	3.958177e-02	5.597536e+00
2.453333e+01	4.104297e-02	5.605403e+00
2.456667e+01	4.107975e-02	5.605601e+00
2.460000e+01	4.028201e-02	5.601306e+00
2.463333e+01	3.963362e-02	5.597815e+00
2.466667e+01	3.977825e-02	5.598594e+00
2.470000e+01	4.141959e-02	5.607431e+00
2.473333e+01	4.552331e-02	5.629527e+00
2.476667e+01	5.188375e-02	5.663774e+00
2.480000e+01	5.809028e-02	5.697193e+00
2.483333e+01	6.133412e-02	5.714659e+00
2.486667e+01	6.104287e-02	5.713091e+00
2.490000e+01	5.906185e-02	5.702424e+00
2.493333e+01	5.762254e-02	5.694675e+00
2.496667e+01	5.758701e-02	5.694483e+00
25	5.837308e-02	5.698716e+00
2.503333e+01	5.901155e-02	5.702154e+00
2.506667e+01	5.906292e-02	5.702430e+00
2.510000e+01	5.873606e-02	5.700670e+00
2.513333e+01	5.844908e-02	5.699125e+00
2.516667e+01	5.841160e-02	5.698923e+00
2.520000e+01	5.854778e-02	5.699656e+00
2.523333e+01	5.867682e-02	5.700351e+00
2.526667e+01	5.889700e-02	5.701537e+00
2.530000e+01	6.015028e-02	5.708285e+00
2.533333e+01	6.390475e-02	5.728501e+00
2.536667e+01	7.021396e-02	5.762472e+00
2.540000e+01	7.658180e-02	5.796759e+00
2.543333e+01	7.998245e-02	5.815069e+00
2.546667e+01	7.952459e-02	5.812604e+00
2.550000e+01	7.616742e-02	5.794528e+00
2.553333e+01	7.084574e-02	5.765874e+00
2.556667e+01	6.447110e-02	5.731550e+00
2.560000e+01	5.893965e-02	5.701766e+00
2.563333e+01	5.603735e-02	5.686139e+00
2.566667e+01	5.505575e-02	5.680854e+00
2.570000e+01	5.294380e-02	5.669482e+00
2.573333e+01	4.781874e-02	5.641887e+00
2.576667e+01	4.148077e-02	5.607761e+00
2.580000e+01	3.743695e-02	5.585987e+00
2.583333e+01	3.717520e-02	5.584578e+00
2.586667e+01	3.918029e-02	5.595374e+00
2.590000e+01	4.095660e-02	5.604938e+00
2.593333e+01	4.124351e-02	5.606483e+00
2.596667e+01	4.046099e-02	5.602270e+00
26	3.968013e-02	5.598065e+00
2.603333e+01	3.951443e-02	5.597173e+00
2.606667e+01	3.985198e-02	5.598991e+00
2.610000e+01	4.034092e-02	5.601623e+00
2.613333e+01	4.093194e-02	5.604805e+00
2.616667e+01	4.190026e-02	5.610019e+00
2.620000e+01	4.344304e-02	5.618326e+00
2.623333e+01	4.541181e-02	5.628927e+00
2.626667e+01	4.745408e-02	5.639923e+00
2.630000e+01	4.931984e-02	5.649969e+00
2.633333e+01	5.099963e-02	5.659014e+00
2.636667e+01	5.263051e-02	5.667795e+00
2.640000e+01	5.432859e-02	5.676939e+00
2.643333e+01	5.610773e-02	5.686518e+00
2.646667e+01	5.791218e-02	5.696234e+00
2.650000e+01	5.968990e-02	5.705806e+00
2.653333e+01	6.143196e-02	5.715186e+00
2.656667e+01	6.316134e-02	5.724498e+00
2.660000e+01	6.490131e-02	5.733866e+00
2.663333e+01	6.665697e-02	5.743320e+00
2.666667e+01	6.841887e-02	5.752806e+00
2.670000e+01	7.017663e-02	5.762271e+00
2.673333e+01	7.192753e-02	5.771698e+00
2.676667e+01	7.367540e-02	5.781110e+00
2.680000e+01	7.542485e-02	5.790529e+00
2.683333e+01	7.717729e-02	5.799965e+00
2.686667e+01	7.893118e-02	5.809409e+00
2.690000e+01	8.068449e-02	5.818850e+00
2.693333e+01	8.243650e-02	5.828283e+00
2.696667e+01	8.418782e-02	5.837713e+00
27	8.593935e-02	5.847144e+00
2.703333e+01	8.769144e-02	5.856578e+00
2.706667e+01	8.944385e-02	5.866014e+00
2.710000e+01	9.119619e-02	5.875449e+00
2.713333e+01	9.294829e-02	5.884883e+00
2.716667e+01	9.470025e-02	5.894316e+00
2.720000e+01	9.645222e-02	5.903749e+00
2.723333e+01	9.820429e-02	5.913183e+00
2.726667e+01	9.995644e-02	5.922618e+00
2.730000e+01	1.017086e-01	5.932052e+00
2.733333e+01	1.034607e-01	5.941486e+00
2.736667e+01	1.052127e-01	5.950920e+00
2.740000e+01	1.069648e-01	5.960354e+00
2.743333e+01	1.087169e-01	5.969787e+00
2.746667e+01	1.104690e-01	5.979222e+00
2.750000e+01	1.122211e-01	5.988656e+00
2.753333e+01	1.139732e-01	5.998089e+00
2.756667e+01	1.157253e-01	6.007523e+00
2.760000e+01	1.174773e-01	6.016957e+00
2.763333e+01	1.192294e-01	6.026391e+00
2.766667e+01	1.209815e-01	6.035825e+00
2.770000e+01	1.227336e-01	6.045259e+00
2.773333e+01	1.244857e-01	6.054693e+00
2.776667e+01	1.262378e-01	6.064127e+00
2.780000e+01	1.279899e-01	6.073561e+00
2.783333e+01	1.297234e-01	6.082895e+00
2.786667e+01	1.315304e-01	6.092625e+00
2.790000e+01	1.340903e-01	6.106408e+00
2.793333e+01	1.385564e-01	6.130456e+00
2.796667e+01	1.445398e-01	6.162673e+00
28	1.476081e-01	6.179194e+00
2.803333e+01	1.405014e-01	6.140928e+00
2.806667e+01	1.197220e-01	6.029044e+00
2.810000e+01	9.113604e-02	5.875125e+00
2.813333e+01	6.648692e-02	5.742404e+00
2.816667e+01	5.372851e-02	5.673707e+00
2.820000e+01	5.145684e-02	5.661476e+00
2.823333e+01	5.196245e-02	5.664198e+00
2.826667e+01	4.885042e-02	5.647442e+00
2.830000e+01	4.139213e-02	5.607283e+00
2.833333e+01	3.227859e-02	5.558212e+00
2.836667e+01	2.348233e-02	5.510850e+00
2.840000e+01	1.504647e-02	5.465427e+00
2.843333e+01	6.268564e-03	5.418164e+00
2.846667e+01	-3.126246e-03	5.367578e+00
2.850000e+01	-1.301812e-02	5.314316e+00
2.853333e+01	-2.368961e-02	5.256856e+00
2.856667e+01	-3.545994e-02	5.193480e+00
2.860000e+01	-4.708286e-02	5.130898e+00
2.863333e+01	-5.626446e-02	5.081460e+00
2.866667e+01	-6.238305e-02	5.048515e+00
2.870000e+01	-6.678972e-02	5.024788e+00
2.873333e+01	-7.035380e-02	5.005597e+00
2.876667e+01	-7.255177e-02	4.993763e+00
2.880000e+01	-7.290236e-02	4.991875e+00
2.883333e+01	-7.201382e-02	4.996659e+00
2.886667e+01	-7.106567e-02	5.001764e+00
2.890000e+01	-7.059270e-02	5.004311e+00
2.893333e+01	-6.920359e-02	5.011790e+00
2.896667e+01	-6.317815e-02	5.044234e+00
29	-4.937173e-02	5.118573e+00
2.903333e+01	-3.026003e-02	5.221479e+00
2.906667e+01	-1.401846e-02	5.308930e+00
2.910000e+01	-7.467426e-03	5.344203e+00
2.913333e+01	-1.008899e-02	5.330088e+00
2.916667e+01	-1.574096e-02	5.299655e+00
2.920000e+01	-1.881926e-02	5.283080e+00
2.923333e+01	-1.808895e-02	5.287013e+00
2.926667e+01	-1.577141e-02	5.299491e+00
2.930000e+01	-1.436760e-02	5.307050e+00
2.933333e+01	-1.459393e-02	5.305831e+00
2.936667e+01	-1.558001e-02	5.300522e+00
2.940000e+01	-1.621080e-02	5.297125e+00
2.943333e+01	-1.603470e-02	5.298074e+00
2.946667e+01	-1.520500e-02	5.302541e+00
2.950000e+01	-1.401266e-02	5.308961e+00
2.953333e+01	-1.263795e-02	5.316363e+00
2.956667e+01	-1.117328e-02	5.324250e+00
2.960000e+01	-9.686436e-03	5.332255e+00
2.963333e+01	-8.224602e-03	5.340126e+00
2.966667e+01	-6.798767e-03	5.347804e+00
2.970000e+01	-5.390315e-03	5.355387e+00
2.973333e+01	-3.976120e-03	5.363002e+00
2.976667e+01	-2.547520e-03	5.370694e+00
2.980000e+01	-1.110730e-03	5.378430e+00
2.983333e+01	5.062375e-04	5.387137e+00
2.986667e+01	3.128919e-03	5.401258e+00
2.990000e+01	7.957235e-03	5.427256e+00
2.993333e+01	1.480973e-02	5.464153e+00
2.996667e+01	2.119925e-02	5.498557e+00
30	2.436106e-02	5.515581e+00
3.003333e+01	2.390070e-02	5.513102e+00
3.006667e+01	2.162850e-02	5.500868e+00
3.010000e+01	1.889841e-02	5.486168e+00
3.013333e+01	1.511861e-02	5.465816e+00
3.016667e+01	9.625339e-03	5.436238e+00
3.020000e+01	3.913930e-03	5.405485e+00
3.023333e+01	5.617180e-04	5.387436e+00
3.026667e+01	2.858838e-04	5.385950e+00
3.030000e+01	7.285737e-04	5.388334e+00
3.033333e+01	-1.610989e-03	5.375737e+00
3.036667e+01	-7.739279e-03	5.342740e+00
3.040000e+01	-1.476445e-02	5.304913e+00
3.043333e+01	-1.858893e-02	5.284321e+00
3.046667e+01	-1.713048e-02	5.292174e+00
3.050000e+01	-1.100168e-02	5.325174e+00
3.053333e+01	-2.893723e-03	5.368830e+00
3.056667e+01	3.565894e-03	5.403611e+00
3.060000e+01	6.017232e-03	5.416810e+00
3.063333e+01	4.956767e-03	5.411100e+00
3.066667e+01	2.824966e-03	5.399622e+00
3.070000e+01	1.709642e-03	5.393616e+00
3.073333e+01	2.016256e-03	5.395267e+00
3.076667e+01	2.884990e-03	5.399945e+00
3.080000e+01	3.391049e-03	5.402670e+00
3.083333e+01	3.290252e-03	5.402127e+00
3.086667e+01	3.116950e-03	5.401194e+00
3.090000e+01	4.193157e-03	5.406989e+00
3.093333e+01	8.035356e-03	5.427677e+00
3.096667e+01	1.451601e-02	5.462571e+00
31	2.096836e-02	5.497313e+00
3.103333e+01	2.433661e-02	5.515449e+00
3.106667e+01	2.400146e-02	5.513645e+00
3.110000e+01	2.191392e-02	5.502405e+00
3.113333e+01	2.041596e-02	5.494339e+00
3.116667e+01	2.039569e-02	5.494230e+00
3.120000e+01	2.122770e-02	5.498710e+00
3.123333e+01	2.189359e-02	5.502295e+00
3.126667e+01	2.194005e-02	5.502545e+00
3.130000e+01	2.159347e-02	5.500679e+00
3.133333e+01	2.129377e-02	5.499066e+00
3.136667e+01	2.125765e-02	5.498871e+00
3.140000e+01	2.140225e-02	5.499650e+00
3.143333e+01	2.153715e-02	5.500376e+00
3.146667e+01	2.175709e-02	5.501560e+00
3.150000e+01	2.300679e-02	5.508289e+00
3.153333e+01	2.675859e-02	5.528490e+00
3.156667e+01	3.306775e-02	5.562461e+00
3.160000e+01	3.943709e-02	5.596757e+00
3.163333e+01	4.283896e-02	5.615074e+00
3.166667e+01	4.238119e-02	5.612609e+00
3.170000e+01	3.902339e-02	5.594529e+00
3.173333e+01	3.370116e-02	5.565872e+00
3.176667e+01	2.732645e-02	5.531548e+00
3.180000e+01	2.179527e-02	5.501766e+00
3.183333e+01	1.909030e-02	5.487201e+00
3.186667e+01	1.941835e-02	5.488967e+00
3.190000e+01	2.092146e-02	5.497061e+00
3.193333e+01	2.080893e-02	5.496455e+00
3.196667e+01	1.700341e-02	5.475964e+00
32	1.001228e-02	5.438321e+00
3.203333e+01	3.138106e-03	5.401308e+00
3.206667e+01	-2.698655e-04	5.382958e+00
3.210000e+01	2.761703e-04	5.385898e+00
3.213333e+01	2.552458e-03	5.398155e+00
3.216667e+01	4.077428e-03	5.406366e+00
3.220000e+01	4.010000e-03	5.406003e+00
3.223333e+01	3.093256e-03	5.401066e+00
3.226667e+01	2.411205e-03	5.397394e+00
3.230000e+01	2.400951e-03	5.397339e+00
3.233333e+01	2.785430e-03	5.399409e+00
3.236667e+01	3.094106e-03	5.401071e+00
3.240000e+01	3.115411e-03	5.401186e+00
3.243333e+01	2.953936e-03	5.400316e+00
3.246667e+01	2.814288e-03	5.399564e+00
3.250000e+01	2.797433e-03	5.399474e+00
3.253333e+01	3.061908e-03	5.400898e+00
3.256667e+01	4.434412e-03	5.408288e+00
3.260000e+01	8.257358e-03	5.428872e+00
3.263333e+01	1.455169e-02	5.462763e+00
3.266667e+01	2.067114e-02	5.495713e+00
3.270000e+01	2.273032e-02	5.506800e+00
3.273333e+01	1.866178e-02	5.484894e+00
3.276667e+01	1.031393e-02	5.439945e+00
3.280000e+01	2.474503e-03	5.397735e+00
3.283333e+01	-9.538471e-04	5.379275e+00
3.286667e+01	1.178221e-04	5.385045e+00
3.290000e+01	2.818922e-03	5.399589e+00
3.293333e+01	4.377250e-03	5.407980e+00
3.296667e+01	4.092131e-03	5.406445e+00
33	2.984890e-03	5.400483e+00
3.303333e+01	2.278383e-03	5.396679e+00
3.306667e+01	2.358837e-03	5.397112e+00
3.310000e+01	2.828960e-03	5.399643e+00
3.313333e+01	3.152775e-03	5.401387e+00
3.316667e+01	3.136541e-03	5.401299e+00
3.320000e+01	2.936706e-03	5.400224e+00
3.323333e+01	2.985573e-03	5.400487e+00
3.326667e+01	4.293726e-03	5.407530e+00
3.330000e+01	8.190480e-03	5.428512e+00
3.333333e+01	1.458022e-02	5.462917e+00
3.336667e+01	2.092937e-02	5.497103e+00
3.340000e+01	2.426876e-02	5.515084e+00
3.343333e+01	2.377337e-02	5.512417e+00
3.346667e+01	2.042198e-02	5.494371e+00
3.350000e+01	1.512655e-02	5.465859e+00
3.353333e+01	8.596831e-03	5.430700e+00
3.356667e+01	1.918010e-03	5.394738e+00
3.360000e+01	-4.134126e-03	5.362151e+00
3.363333e+01	-9.309110e-03	5.334287e+00
3.366667e+01	-1.287777e-02	5.315072e+00
3.370000e+01	-1.363157e-02	5.311013e+00
3.373333e+01	-1.120416e-02	5.324083e+00
3.376667e+01	-6.717181e-03	5.348243e+00
3.380000e+01	-1.932773e-03	5.374004e+00
3.383333e+01	2.030125e-03	5.395342e+00
3.386667e+01	5.172757e-03	5.412263e+00
3.390000e+01	8.122092e-03	5.428144e+00
3.393333e+01	1.138145e-02	5.445693e+00
3.396667e+01	1.495726e-02	5.464947e+00
34	1.858469e-02	5.484479e+00
3.403333e+01	2.248536e-02	5.505481e+00
3.406667e+01	2.754760e-02	5.532739e+00
3.410000e+01	3.387941e-02	5.566832e+00
3.413333e+01	3.945369e-02	5.596846e+00
3.416667e+01	4.106446e-02	5.605519e+00
3.420000e+01	3.693744e-02	5.583297e+00
3.423333e+01	2.879118e-02	5.539435e+00
3.426667e+01	2.114162e-02	5.498246e+00
3.430000e+01	1.754981e-02	5.478906e+00
3.433333e+01	1.722942e-02	5.477181e+00
3.436667e+01	1.603416e-02	5.470746e+00
3.440000e+01	1.125163e-02	5.444994e+00
3.443333e+01	4.655676e-03	5.409479e+00
3.446667e+01	2.110145e-04	5.385547e+00
3.450000e+01	-2.177901e-04	5.383238e+00
3.453333e+01	1.887057e-03	5.394572e+00
3.456667e+01	3.838533e-03	5.405079e+00
3.460000e+01	4.205987e-03	5.407058e+00
3.463333e+01	3.385782e-03	5.402642e+00
3.466667e+01	2.528675e-03	5.398026e+00
3.470000e+01	2.324591e-03	5.396928e+00
3.473333e+01	2.657321e-03	5.398719e+00
3.476667e+01	3.037165e-03	5.400764e+00
3.480000e+01	3.144510e-03	5.401342e+00
3.483333e+01	3.009790e-03	5.400617e+00
3.486667e+01	2.841538e-03	5.399711e+00
3.490000e+01	2.786659e-03	5.399416e+00
3.493333e+01	2.840579e-03	5.399706e+00
3.496667e+01	2.914820e-03	5.400106e+00
35	2.942233e-03	5.400253e+00
3.503333e+01	3.118050e-03	5.401200e+00
3.506667e+01	4.395039e-03	5.408076e+00
3.510000e+01	8.193860e-03	5.428530e+00
3.513333e+01	1.452435e-02	5.462616e+00
3.516667e+01	2.088335e-02	5.496856e+00
3.520000e+01	2.426473e-02	5.515062e+00
3.523333e+01	2.399387e-02	5.513604e+00
3.526667e+01	2.194947e-02	5.502596e+00
3.530000e+01	2.044838e-02	5.494514e+00
3.533333e+01	2.040074e-02	5.494257e+00
3.536667e+01	2.121295e-02	5.498630e+00
3.540000e+01	2.187903e-02	5.502217e+00
3.543333e+01	2.193710e-02	5.502529e+00
3.546667e+01	2.159955e-02	5.500712e+00
3.550000e+01	2.130028e-02	5.499101e+00
3.553333e+01	2.125927e-02	5.498880e+00
3.556667e+01	2.139977e-02	5.499636e+00
3.560000e+01	2.153426e-02	5.500360e+00
3.563333e+01	2.155916e-02	5.500494e+00
3.566667e+01	2.150110e-02	5.500182e+00
3.570000e+01	2.144091e-02	5.499858e+00
3.573333e+01	2.142698e-02	5.499783e+00
3.576667e+01	2.145076e-02	5.499911e+00
3.580000e+01	2.147757e-02	5.500055e+00
3.583333e+01	2.148498e-02	5.500095e+00
3.586667e+01	2.147534e-02	5.500043e+00
3.590000e+01	2.146345e-02	5.499979e+00
3.593333e+01	2.145964e-02	5.499959e+00
3.596667e+01	2.146351e-02	5.499979e+00
36	2.146876e-02	5.500008e+00
3.603333e+01	2.166775e-02	5.501079e+00
3.606667e+01	2.297583e-02	5.508122e+00
3.610000e+01	2.678578e-02	5.528637e+00
3.613333e+01	3.291000e-02	5.561612e+00
3.616667e+01	3.794572e-02	5.588726e+00
3.620000e+01	3.750936e-02	5.586377e+00
3.623333e+01	3.091983e-02	5.550896e+00
3.626667e+01	2.253669e-02	5.505758e+00
3.630000e+01	1.766337e-02	5.479518e+00
3.633333e+01	1.788210e-02	5.480696e+00
3.636667e+01	2.072988e-02	5.496029e+00
3.640000e+01	2.289269e-02	5.507675e+00
3.643333e+01	2.300005e-02	5.508253e+00
3.646667e+01	2.185412e-02	5.502083e+00
3.650000e+01	2.089082e-02	5.496896e+00
3.653333e+01	2.079117e-02	5.496359e+00
3.656667e+01	2.126757e-02	5.498924e+00
3.660000e+01	2.170036e-02	5.501255e+00
3.663333e+01	2.176645e-02	5.501611e+00
3.666667e+01	2.156860e-02	5.500545e+00
3.670000e+01	2.137438e-02	5.499500e+00
3.673333e+01	2.133549e-02	5.499290e+00
3.676667e+01	2.141703e-02	5.499729e+00
3.680000e+01	2.150382e-02	5.500196e+00
3.683333e+01	2.152518e-02	5.500311e+00
3.686667e+01	2.149188e-02	5.500132e+00
3.690000e+01	2.145327e-02	5.499924e+00
3.693333e+01	2.144206e-02	5.499864e+00
3.696667e+01	2.145551e-02	5.499936e+00
37	2.147261e-02	5.500028e+00
3.703333e+01	2.147832e-02	5.500059e+00
3.706667e+01	2.147295e-02	5.500030e+00
3.710000e+01	2.146541e-02	5.499990e+00
3.713333e+01	2.126548e-02	5.498913e+00
3.716667e+01	1.995799e-02	5.491873e+00
3.720000e+01	1.614904e-02	5.471364e+00
3.723333e+01	9.828180e-03	5.437330e+00
3.726667e+01	3.285547e-03	5.402102e+00
3.730000e+01	-1.400395e-03	5.376871e+00
3.733333e+01	-4.945589e-03	5.357782e+00
3.736667e+01	-9.229343e-03	5.334717e+00
3.740000e+01	-1.407546e-02	5.308623e+00
3.743333e+01	-1.740123e-02	5.290716e+00
3.746667e+01	-1.794312e-02	5.287798e+00
3.750000e+01	-1.656984e-02	5.295192e+00
3.753333e+01	-1.513046e-02	5.302942e+00
3.756667e+01	-1.474524e-02	5.305017e+00
3.760000e+01	-1.525605e-02	5.302266e+00
3.763333e+01	-1.587947e-02	5.298909e+00
3.766667e+01	-1.607795e-02	5.297841e+00
3.770000e+01	-1.586347e-02	5.298996e+00
3.773333e+01	-1.549568e-02	5.300976e+00
3.776667e+01	-1.506426e-02	5.303299e+00
3.780000e+01	-1.441663e-02	5.306786e+00
3.783333e+01	-1.341272e-02	5.312191e+00
3.786667e+01	-1.212629e-02	5.319118e+00
3.790000e+01	-1.077688e-02	5.326384e+00
3.793333e+01	-9.533329e-03	5.333080e+00
3.796667e+01	-8.412475e-03	5.339115e+00
38	-7.330046e-03	5.344943e+00
3.803333e+01	-6.208129e-03	5.350984e+00
3.806667e+01	-5.032998e-03	5.357311e+00
3.810000e+01	-3.838584e-03	5.363743e+00
3.813333e+01	-2.659611e-03	5.370091e+00
3.816667e+01	-1.503925e-03	5.376313e+00
3.820000e+01	-3.576842e-04	5.382485e+00
3.823333e+01	7.822379e-04	5.388623e+00
3.826667e+01	1.850497e-03	5.394375e+00
3.830000e+01	2.685058e-03	5.398869e+00
3.833333e+01	3.122198e-03	5.401222e+00
3.836667e+01	3.158353e-03	5.401417e+00
3.840000e+01	2.981393e-03	5.400464e+00
3.843333e+01	2.822009e-03	5.399606e+00
3.846667e+01	2.791937e-03	5.399444e+00
3.850000e+01	2.856523e-03	5.399792e+00
3.853333e+01	2.923860e-03	5.400154e+00
3.856667e+01	2.939771e-03	5.400240e+00
3.860000e+01	2.913658e-03	5.400099e+00
3.863333e+01	2.883991e-03	5.399940e+00
3.866667e+01	2.875704e-03	5.399895e+00
3.870000e+01	2.886305e-03	5.399952e+00
3.873333e+01	2.899448e-03	5.400023e+00
3.876667e+01	2.903687e-03	5.400046e+00
3.880000e+01	2.899437e-03	5.400023e+00
3.883333e+01	2.893636e-03	5.399992e+00
3.886667e+01	3.088600e-03	5.401041e+00
3.890000e+01	4.399885e-03	5.408102e+00
3.893333e+01	8.214698e-03	5.428642e+00
3.896667e+01	1.453798e-02	5.462690e+00
39	2.088207e-02	5.496849e+00
3.903333e+01	2.425584e-02	5.515014e+00
3.906667e+01	2.398760e-02	5.513570e+00
3.910000e+01	2.194966e-02	5.502597e+00
3.913333e+01	2.045216e-02	5.494534e+00
3.916667e+01	2.040360e-02	5.494272e+00
3.920000e+01	2.121303e-02	5.498631e+00
3.923333e+01	2.187744e-02	5.502208e+00
3.926667e+01	2.173871e-02	5.501461e+00
3.930000e+01	2.009275e-02	5.492599e+00
3.933333e+01	1.598199e-02	5.470465e+00
3.936667e+01	9.618661e-03	5.436202e+00
3.940000e+01	3.413922e-03	5.402793e+00
3.943333e+01	1.731583e-04	5.385343e+00
3.946667e+01	4.658086e-04	5.386919e+00
3.950000e+01	2.446150e-03	5.397582e+00
3.953333e+01	3.884116e-03	5.405325e+00
3.956667e+01	3.918980e-03	5.405512e+00
3.960000e+01	3.133155e-03	5.401281e+00
3.963333e+01	2.495267e-03	5.397847e+00
3.966667e+01	2.444209e-03	5.397572e+00
3.970000e+01	2.770986e-03	5.399331e+00
3.973333e+01	3.057718e-03	5.400875e+00
3.976667e+01	3.095050e-03	5.401076e+00
3.980000e+01	2.958897e-03	5.400343e+00
3.983333e+01	2.829965e-03	5.399649e+00
3.986667e+01	2.806934e-03	5.399525e+00
3.990000e+01	2.877337e-03	5.399904e+00
3.993333e+01	3.042696e-03	5.400794e+00
3.996667e+01	3.435627e-03	5.402910e+00
40	4.244040e-03	5.407263e+00
4.003333e+01	5.503012e-03	5.414042e+00
4.006667e+01	7.021829e-03	5.422219e+00
4.010000e+01	8.537859e-03	5.430382e+00
4.013333e+01	9.910344e-03	5.437772e+00
4.016667e+01	1.116800e-02	5.444544e+00
4.020000e+01	1.241481e-02	5.451258e+00
4.023333e+01	1.371817e-02	5.458275e+00
4.026667e+01	1.507224e-02	5.465566e+00
4.030000e+01	1.643378e-02	5.472897e+00
4.033333e+01	1.777203e-02	5.480103e+00
4.036667e+01	1.907353e-02	5.487111e+00
4.040000e+01	2.027709e-02	5.493591e+00
4.043333e+01	2.121795e-02	5.498657e+00
4.046667e+01	2.171735e-02	5.501346e+00
4.050000e+01	2.176598e-02	5.501608e+00
4.053333e+01	2.156962e-02	5.500551e+00
4.056667e+01	2.138788e-02	5.499572e+00
4.060000e+01	2.135044e-02	5.499371e+00
4.063333e+01	2.142159e-02	5.499754e+00
4.066667e+01	2.130114e-02	5.499105e+00
4.070000e+01	2.001100e-02	5.492159e+00
4.073333e+01	1.617009e-02	5.471477e+00
4.076667e+01	9.814146e-03	5.437254e+00
4.080000e+01	3.459413e-03	5.403038e+00
4.083333e+01	9.610065e-05	5.384929e+00
4.086667e+01	3.787426e-04	5.386450e+00
4.090000e+01	2.421991e-03	5.397452e+00
4.093333e+01	3.915362e-03	5.405493e+00
4.096667e+01	3.957588e-03	5.405720e+00
4.100000e+01	3.145559e-03	5.401348e+00
4.103333e+01	2.482746e-03	5.397779e+00
4.106667e+01	2.427165e-03	5.397480e+00
4.110000e+01	2.764775e-03	5.399298e+00
4.113333e+01	3.062665e-03	5.400902e+00
4.116667e+01	3.102542e-03	5.401116e+00
4.120000e+01	2.961949e-03	5.400359e+00
4.123333e+01	2.828044e-03	5.399638e+00
4.126667e+01	2.803656e-03	5.399507e+00
4.130000e+01	2.861783e-03	5.399820e+00
4.133333e+01	2.724642e-03	5.399082e+00
4.136667e+01	1.625826e-03	5.393165e+00
4.140000e+01	-9.006551e-04	5.379562e+00
4.143333e+01	-3.437349e-03	5.365903e+00
4.146667e+01	-3.467144e-03	5.365743e+00
4.150000e+01	-4.876341e-04	5.381785e+00
4.153333e+01	2.997914e-03	5.400553e+00
4.156667e+01	3.649602e-03	5.404062e+00
4.160000e+01	-1.621261e-04	5.383538e+00
4.163333e+01	-7.021545e-03	5.346604e+00
4.166667e+01	-1.321246e-02	5.313270e+00
4.170000e+01	-1.557888e-02	5.300528e+00
4.173333e+01	-1.390941e-02	5.309517e+00
4.176667e+01	-1.048191e-02	5.327972e+00
4.180000e+01	-7.710536e-03	5.342894e+00
4.183333e+01	-6.420524e-03	5.349840e+00
4.186667e+01	-5.934919e-03	5.352455e+00
4.190000e+01	-5.244469e-03	5.356173e+00
4.193333e+01	-3.934330e-03	5.363227e+00
4.196667e+01	-2.254602e-03	5.372271e+00
4.200000e+01	-6.406846e-04	5.380961e+00
4.203333e+01	6.942593e-04	5.388149e+00
4.206667e+01	1.764926e-03	5.393914e+00
4.210000e+01	2.581674e-03	5.398312e+00
4.213333e+01	3.257047e-03	5.401948e+00
4.216667e+01	4.670348e-03	5.409558e+00
4.220000e+01	8.341885e-03	5.429327e+00
4.223333e+01	1.429738e-02	5.461394e+00
4.226667e+01	1.927245e-02	5.488182e+00
4.230000e+01	1.888141e-02	5.486076e+00
4.233333e+01	1.236154e-02	5.450971e+00
4.236667e+01	4.007292e-03	5.405988e+00
4.240000e+01	-8.832091e-04	5.379656e+00
4.243333e+01	-6.945860e-04	5.380671e+00
4.246667e+01	1.942325e-03	5.394869e+00
4.250000e+01	2.802038e-03	5.399498e+00
4.253333e+01	-8.897708e-04	5.379620e+00
4.256667e+01	-8.351381e-03	5.339444e+00
4.260000e+01	-1.566180e-02	5.300082e+00
4.263333e+01	-1.914201e-02	5.281343e+00
4.266667e+01	-1.820389e-02	5.286394e+00
4.270000e+01	-1.442247e-02	5.306755e+00
4.273333e+01	-9.043677e-03	5.335716e+00
4.276667e+01	-2.869041e-03	5.368963e+00
4.280000e+01	2.471682e-03	5.397720e+00
4.283333e+01	5.142008e-03	5.412098e+00
4.286667e+01	4.896673e-03	5.410777e+00
4.290000e+01	3.281738e-03	5.402081e+00
4.293333e+01	1.937377e-03	5.394843e+00
4.296667e+01	7.886038e-04	5.388657e+00
4.300000e+01	-1.806266e-03	5.374685e+00
4.303333e+01	-6.621647e-03	5.348757e+00
4.306667e+01	-1.182753e-02	5.320727e+00
4.310000e+01	-1.453550e-02	5.306146e+00
4.313333e+01	-1.364623e-02	5.310934e+00
4.316667e+01	-1.057058e-02	5.327495e+00
4.320000e+01	-7.551128e-03	5.343753e+00
4.323333e+01	-5.782751e-03	5.353274e+00
4.326667e+01	-4.982355e-03	5.357584e+00
4.330000e+01	-4.239135e-03	5.361586e+00
4.333333e+01	-2.988600e-03	5.368319e+00
4.336667e+01	-1.305857e-03	5.377380e+00
4.340000e+01	4.102056e-04	5.386620e+00
4.343333e+01	1.814617e-03	5.394182e+00
4.346667e+01	2.731603e-03	5.399119e+00
4.350000e+01	3.328056e-03	5.402331e+00
4.353333e+01	4.636455e-03	5.409376e+00
4.356667e+01	8.274978e-03	5.428967e+00
4.360000e+01	1.426514e-02	5.461220e+00
4.363333e+01	1.928604e-02	5.488255e+00
4.366667e+01	1.891081e-02	5.486235e+00
4.370000e+01	1.217975e-02	5.449992e+00
4.373333e+01	2.495646e-03	5.397849e+00
4.376667e+01	-6.214921e-03	5.350947e+00
4.380000e+01	-1.234299e-02	5.317951e+00
4.383333e+01	-1.584483e-02	5.299096e+00
4.386667e+01	-1.704660e-02	5.292625e+00
4.390000e+01	-1.666054e-02	5.294704e+00
4.393333e+01	-1.596269e-02	5.298461e+00
4.396667e+01	-1.674182e-02	5.294266e+00
4.400000e+01	-2.060982e-02	5.273439e+00
4.403333e+01	-2.726659e-02	5.237597e+00
4.406667e+01	-3.384145e-02	5.202195e+00
4.410000e+01	-3.720655e-02	5.184076e+00
4.413333e+01	-3.679956e-02	5.186267e+00
4.416667e+01	-3.465769e-02	5.197800e+00
4.420000e+01	-3.315841e-02	5.205873e+00
4.423333e+01	-3.316843e-02	5.205819e+00
4.426667e+01	-3.402506e-02	5.201206e+00
4.430000e+01	-3.469285e-02	5.197611e+00
4.433333e+01	-3.472659e-02	5.197429e+00
4.436667e+01	-3.436887e-02	5.199355e+00
4.440000e+01	-3.406774e-02	5.200976e+00
4.443333e+01	-3.403693e-02	5.201142e+00
4.446667e+01	-3.418654e-02	5.200337e+00
4.450000e+01	-3.432232e-02	5.199606e+00
4.453333e+01	-3.434298e-02	5.199494e+00
4.456667e+01	-3.408374e-02	5.200890e+00
4.460000e+01	-3.271317e-02	5.208270e+00
4.463333e+01	-2.888872e-02	5.228862e+00
4.466667e+01	-2.259209e-02	5.262766e+00
4.470000e+01	-1.627461e-02	5.296782e+00
4.473333e+01	-1.310350e-02	5.313856e+00
4.476667e+01	-1.467038e-02	5.305420e+00
4.480000e+01	-2.050871e-02	5.273984e+00
4.483333e+01	-2.832543e-02	5.231895e+00
4.486667e+01	-3.492026e-02	5.196386e+00
4.490000e+01	-3.880061e-02	5.175493e+00
4.493333e+01	-4.168230e-02	5.159976e+00
4.496667e+01	-4.590621e-02	5.137233e+00
4.500000e+01	-5.108697e-02	5.109338e+00
4.503333e+01	-5.471077e-02	5.089826e+00
4.506667e+01	-5.529434e-02	5.086684e+00
4.510000e+01	-5.378182e-02	5.094828e+00
4.513333e+01	-5.220856e-02	5.103299e+00
4.516667e+01	-5.179819e-02	5.105508e+00
4.520000e+01	-5.236651e-02	5.102448e+00
4.523333e+01	-5.285275e-02	5.099830e+00
4.526667e+01	-5.175564e-02	5.105737e+00
4.530000e+01	-4.771767e-02	5.127480e+00
4.533333e+01	-4.109513e-02	5.163138e+00
4.536667e+01	-3.464397e-02	5.197874e+00
4.540000e+01	-3.135856e-02	5.215564e+00
4.543333e+01	-3.175834e-02	5.213411e+00
4.546667e+01	-3.384897e-02	5.202154e+00
4.550000e+01	-3.531204e-02	5.194277e+00
4.553333e+01	-3.530299e-02	5.194325e+00
4.556667e+01	-3.446802e-02	5.198821e+00
4.560000e+01	-3.381673e-02	5.202328e+00
4.563333e+01	-3.378350e-02	5.202507e+00
4.566667e+01	-3.413208e-02	5.200630e+00
4.570000e+01	-3.442571e-02	5.199049e+00
4.573333e+01	-3.445589e-02	5.198886e+00
4.576667e+01	-3.411302e-02	5.200733e+00
4.580000e+01	-3.267102e-02	5.208497e+00
4.583333e+01	-2.883856e-02	5.229132e+00
4.586667e+01	-2.237979e-02	5.263909e+00
4.590000e+01	-1.478489e-02	5.304803e+00
4.593333e+01	-7.412558e-03	5.344499e+00
4.596667e+01	-2.349101e-05	5.384285e+00
4.600000e+01	8.121883e-03	5.428143e+00
4.603333e+01	1.632757e-02	5.472325e+00
4.606667e+01	2.234558e-02	5.504729e+00
4.610000e+01	2.428290e-02	5.515160e+00
4.613333e+01	2.186875e-02	5.502161e+00
4.616667e+01	1.603209e-02	5.470734e+00
4.620000e+01	8.690224e-03	5.431203e+00
4.623333e+01	2.467398e-03	5.397697e+00
4.626667e+01	-1.194814e-03	5.377978e+00
4.630000e+01	-2.963793e-03	5.368453e+00
4.633333e+01	-3.542421e-03	5.365337e+00
4.636667e+01	-2.418855e-03	5.371387e+00
4.640000e+01	3.843615e-04	5.386481e+00
4.643333e+01	3.250892e-03	5.401915e+00
4.646667e+01	4.507461e-03	5.408681e+00
4.650000e+01	4.008372e-03	5.405994e+00
4.653333e+01	3.084081e-03	5.401017e+00
4.656667e+01	3.769682e-03	5.404709e+00
4.660000e+01	7.722209e-03	5.425991e+00
4.663333e+01	1.451166e-02	5.462548e+00
4.666667e+01	2.114433e-02	5.498261e+00
4.670000e+01	2.447739e-02	5.516207e+00
4.673333e+01	2.401079e-02	5.513695e+00
4.676667e+01	2.184001e-02	5.502007e+00
4.680000e+01	2.035230e-02	5.493996e+00
4.683333e+01	2.038820e-02	5.494190e+00
4.686667e+01	2.107556e-02	5.497891e+00
4.690000e+01	2.053727e-02	5.494992e+00
4.693333e+01	1.711343e-02	5.476557e+00
4.696667e+01	1.115092e-02	5.444452e+00
4.700000e+01	5.425285e-03	5.413623e+00
4.703333e+01	2.826259e-03	5.399629e+00
4.706667e+01	3.848474e-03	5.405133e+00
4.710000e+01	6.688841e-03	5.420427e+00
4.713333e+01	9.237561e-03	5.434150e+00
4.716667e+01	1.063810e-02	5.441691e+00
4.720000e+01	1.132870e-02	5.445409e+00
4.723333e+01	1.211913e-02	5.449665e+00
4.726667e+01	1.339263e-02	5.456522e+00
4.730000e+01	1.498698e-02	5.465107e+00
4.733333e+01	1.655494e-02	5.473550e+00
4.736667e+01	1.791694e-02	5.480883e+00
4.740000e+01	1.911783e-02	5.487349e+00
4.743333e+01	2.022829e-02	5.493329e+00
4.746667e+01	2.115385e-02	5.498312e+00
4.750000e+01	2.169497e-02	5.501226e+00
4.753333e+01	2.178537e-02	5.501712e+00
4.756667e+01	2.159784e-02	5.500703e+00
4.760000e+01	2.139895e-02	5.499632e+00
4.763333e+01	2.134287e-02	5.499330e+00
4.766667e+01	2.140922e-02	5.499687e+00
4.770000e+01	2.149284e-02	5.500137e+00
4.773333e+01	2.152059e-02	5.500287e+00
4.776667e+01	2.149444e-02	5.500146e+00
4.780000e+01	2.145793e-02	5.499949e+00
4.783333e+01	2.144426e-02	5.499876e+00
4.786667e+01	2.145458e-02	5.499931e+00
4.790000e+01	2.147060e-02	5.500018e+00
4.793333e+01	2.147728e-02	5.500054e+00
4.796667e+01	2.147329e-02	5.500032e+00
4.800000e+01	2.146628e-02	5.499994e+00
4.803333e+01	2.146306e-02	5.499977e+00
4.806667e+01	2.146457e-02	5.499985e+00
4.810000e+01	2.146762e-02	5.500002e+00
4.813333e+01	2.146915e-02	5.500010e+00
4.816667e+01	2.146860e-02	5.500007e+00
4.820000e+01	2.146728e-02	5.500000e+00
4.823333e+01	2.146655e-02	5.499996e+00
4.826667e+01	2.146675e-02	5.499997e+00
4.830000e+01	2.146732e-02	5.500000e+00
4.833333e+01	2.146766e-02	5.500002e+00
4.836667e+01	2.146759e-02	5.500001e+00
4.840000e+01	2.146735e-02	5.500000e+00
4.843333e+01	2.146719e-02	5.499999e+00
4.846667e+01	2.146721e-02	5.499999e+00
4.850000e+01	2.146731e-02	5.500000e+00
4.853333e+01	2.146739e-02	5.500000e+00
4.856667e+01	2.146738e-02	5.500000e+00
4.860000e+01	2.146734e-02	5.500000e+00
4.863333e+01	2.146731e-02	5.500000e+00
4.866667e+01	2.146730e-02	5.500000e+00
4.870000e+01	2.146732e-02	5.500000e+00
4.873333e+01	2.146734e-02	5.500000e+00
4.876667e+01	2.146734e-02	5.500000e+00
4.880000e+01	2.146733e-02	5.500000e+00
4.883333e+01	2.146733e-02	5.500000e+00
4.886667e+01	2.146732e-02	5.500000e+00
4.890000e+01	2.146733e-02	5.500000e+00
4.893333e+01	2.146733e-02	5.500000e+00
4.896667e+01	2.146733e-02	5.500000e+00
4.900000e+01	2.146733e-02	5.500000e+00
4.903333e+01	2.146733e-02	5.500000e+00
4.906667e+01	2.146733e-02	5.500000e+00
4.910000e+01	2.146733e-02	5.500000e+00
4.913333e+01	2.146733e-02	5.500000e+00
4.916667e+01	2.146733e-02	5.500000e+00
4.920000e+01	2.146733e-02	5.500000e+00
4.923333e+01	2.146733e-02	5.500000e+00
4.926667e+01	2.146733e-02	5.500000e+00
4.930000e+01	2.146733e-02	5.500000e+00
4.933333e+01	2.146733e-02	5.500000e+00
4.936667e+01	2.127024e-02	5.498939e+00
4.940000e+01	1.996064e-02	5.491887e+00
4.943333e+01	1.614837e-02	5.471361e+00
4.946667e+01	9.826129e-03	5.437319e+00
4.950000e+01	3.481397e-03	5.403156e+00
4.953333e+01	1.065063e-04	5.384985e+00
4.956667e+01	3.742454e-04	5.386426e+00
4.960000e+01	2.215344e-03	5.396339e+00
4.963333e+01	2.403728e-03	5.397354e+00
4.966667e+01	-1.359742e-03	5.377090e+00
4.970000e+01	-8.294417e-03	5.339751e+00
4.973333e+01	-1.399417e-02	5.309061e+00
4.976667e+01	-1.361526e-02	5.311101e+00
4.980000e+01	-6.688891e-03	5.348395e+00
4.983333e+01	1.992614e-03	5.395140e+00
4.986667e+01	6.906629e-03	5.421599e+00
4.990000e+01	6.547680e-03	5.419666e+00
4.993333e+01	3.565813e-03	5.403611e+00
4.996667e+01	1.378263e-03	5.391832e+00
5.000000e+01	1.328854e-03	5.391566e+00
5.003333e+01	2.534792e-03	5.398059e+00
5.006667e+01	3.511947e-03	5.403321e+00
5.010000e+01	3.587853e-03	5.403730e+00
5.013333e+01	3.084722e-03	5.401020e+00
5.016667e+01	2.644558e-03	5.398650e+00
5.020000e+01	2.588093e-03	5.398346e+00
5.023333e+01	2.797802e-03	5.399476e+00
5.026667e+01	3.192899e-03	5.401603e+00
5.030000e+01	4.537532e-03	5.408843e+00
5.033333e+01	8.263021e-03	5.428903e+00
5.036667e+01	1.449658e-02	5.462467e+00
5.040000e+01	2.082148e-02	5.496522e+00
5.043333e+01	2.423197e-02	5.514886e+00
5.046667e+01	2.420086e-02	5.514718e+00
5.050000e+01	2.348290e-02	5.510853e+00
5.053333e+01	2.578271e-02	5.523236e+00
5.056667e+01	3.203862e-02	5.556920e+00
5.060000e+01	3.918738e-02	5.595412e+00
5.063333e+01	4.323270e-02	5.617194e+00
5.066667e+01	4.303118e-02	5.616109e+00
5.070000e+01	4.065937e-02	5.603338e+00
5.073333e+01	3.886049e-02	5.593652e+00
5.076667e+01	3.876715e-02	5.593149e+00
5.080000e+01	3.971531e-02	5.598255e+00
5.083333e+01	4.071209e-02	5.603622e+00
5.086667e+01	4.210658e-02	5.611130e+00
5.090000e+01	4.553935e-02	5.629614e+00
5.093333e+01	5.161025e-02	5.662302e+00
5.096667e+01	5.827918e-02	5.698210e+00
5.100000e+01	6.264896e-02	5.721739e+00
5.103333e+01	6.382697e-02	5.728082e+00
5.106667e+01	6.334719e-02	5.725498e+00
5.110000e+01	6.328855e-02	5.725183e+00
5.113333e+01	6.452887e-02	5.731861e+00
5.116667e+01	6.657458e-02	5.742876e+00
5.120000e+01	6.851726e-02	5.753336e+00
5.123333e+01	6.991612e-02	5.760868e+00
5.126667e+01	7.094498e-02	5.766408e+00
5.130000e+01	7.198127e-02	5.771988e+00
5.133333e+01	7.315437e-02	5.778304e+00
5.136667e+01	7.423846e-02	5.784141e+00
5.140000e+01	7.496492e-02	5.788053e+00
5.143333e+01	7.539899e-02	5.790390e+00
5.146667e+01	7.587298e-02	5.792942e+00
5.150000e+01	7.654246e-02	5.796547e+00
5.153333e+01	7.718796e-02	5.800023e+00
5.156667e+01	7.750307e-02	5.801719e+00
5.160000e+01	7.743891e-02	5.801374e+00
5.163333e+01	7.721193e-02	5.800152e+00
5.166667e+01	7.706383e-02	5.799354e+00
5.170000e+01	7.707384e-02	5.799408e+00
5.173333e+01	7.696885e-02	5.798843e+00
5.176667e+01	7.572609e-02	5.792151e+00
5.180000e+01	7.191358e-02	5.771623e+00
5.183333e+01	6.555266e-02	5.737374e+00
5.186667e+01	5.917760e-02	5.703048e+00
5.190000e+01	5.580114e-02	5.684867e+00
5.193333e+01	5.608514e-02	5.686397e+00
5.196667e+01	5.813707e-02	5.697445e+00
5.200000e+01	5.963650e-02	5.705518e+00
5.203333e+01	5.967849e-02	5.705745e+00
5.206667e+01	5.886277e-02	5.701352e+00
5.210000e+01	5.819719e-02	5.697769e+00
5.213333e+01	5.814155e-02	5.697469e+00
5.216667e+01	5.848072e-02	5.699295e+00
5.220000e+01	5.877987e-02	5.700906e+00
5.223333e+01	5.881984e-02	5.701121e+00
5.226667e+01	5.867859e-02	5.700361e+00
5.230000e+01	5.854412e-02	5.699637e+00
5.233333e+01	5.851966e-02	5.699505e+00
5.236667e+01	5.857806e-02	5.699819e+00
5.240000e+01	5.863826e-02	5.700144e+00
5.243333e+01	5.865201e-02	5.700218e+00
5.246667e+01	5.862807e-02	5.700089e+00
5.250000e+01	5.860124e-02	5.699944e+00
5.253333e+01	5.859391e-02	5.699905e+00
5.256667e+01	5.860363e-02	5.699957e+00
5.260000e+01	5.861553e-02	5.700021e+00
5.263333e+01	5.861930e-02	5.700041e+00
5.266667e+01	5.861540e-02	5.700021e+00
5.270000e+01	5.861015e-02	5.699992e+00
5.273333e+01	5.860825e-02	5.699982e+00
5.276667e+01	5.880688e-02	5.701051e+00
5.280000e+01	6.011880e-02	5.708115e+00
5.283333e+01	6.393199e-02	5.728647e+00
5.286667e+01	7.005655e-02	5.761624e+00
5.290000e+01	7.509067e-02	5.788730e+00
5.293333e+01	7.465284e-02	5.786373e+00
5.296667e+01	6.806309e-02	5.750891e+00
5.300000e+01	5.968061e-02	5.705756e+00
5.303333e+01	5.480795e-02	5.679520e+00
5.306667e+01	5.482972e-02	5.679637e+00
5.310000e+01	5.636763e-02	5.687918e+00
5.313333e+01	5.471788e-02	5.679035e+00
5.316667e+01	4.850292e-02	5.645571e+00
5.320000e+01	4.101237e-02	5.605239e+00
5.323333e+01	3.667431e-02	5.581881e+00
5.326667e+01	3.684244e-02	5.582786e+00
5.330000e+01	3.935698e-02	5.596325e+00
5.333333e+01	4.128770e-02	5.606721e+00
5.336667e+01	4.140257e-02	5.607340e+00
5.340000e+01	4.039522e-02	5.601916e+00
5.343333e+01	3.973348e-02	5.598352e+00
5.346667e+01	4.094575e-02	5.604880e+00
5.350000e+01	4.517593e-02	5.627657e+00
5.353333e+01	5.188354e-02	5.663773e+00
5.356667e+01	5.829076e-02	5.698272e+00
5.360000e+01	6.149235e-02	5.715511e+00
5.363333e+01	6.105184e-02	5.713139e+00
5.366667e+01	5.897751e-02	5.701970e+00
5.370000e+01	5.755082e-02	5.694288e+00
5.373333e+01	5.757916e-02	5.694441e+00
5.376667e+01	5.860541e-02	5.699967e+00
5.380000e+01	6.055058e-02	5.710440e+00
5.383333e+01	6.438703e-02	5.731097e+00
5.386667e+01	7.036264e-02	5.763272e+00
5.390000e+01	7.661758e-02	5.796952e+00
5.393333e+01	8.127611e-02	5.822035e+00
5.396667e+01	8.496584e-02	5.841902e+00
5.400000e+01	8.937940e-02	5.865666e+00
5.403333e+01	9.424439e-02	5.891862e+00
5.406667e+01	9.770715e-02	5.910507e+00
5.410000e+01	9.950033e-02	5.920162e+00
5.413333e+01	1.019280e-01	5.933233e+00
5.416667e+01	1.068357e-01	5.959658e+00
5.420000e+01	1.128213e-01	5.991887e+00
5.423333e+01	1.167132e-01	6.012843e+00
5.426667e+01	1.170588e-01	6.014704e+00
5.430000e+01	1.154045e-01	6.005797e+00
5.433333e+01	1.150107e-01	6.003676e+00
5.436667e+01	1.185046e-01	6.022489e+00
5.440000e+01	1.255426e-01	6.060384e+00
5.443333e+01	1.326336e-01	6.098565e+00
5.446667e+01	1.363826e-01	6.118751e+00
5.450000e+01	1.371344e-01	6.122799e+00
5.453333e+01	1.385780e-01	6.130572e+00
5.456667e+01	1.431120e-01	6.154985e+00
5.460000e+01	1.482158e-01	6.182466e+00
5.463333e+01	1.487344e-01	6.185258e+00
5.466667e+01	1.428566e-01	6.153610e+00
5.470000e+01	1.344851e-01	6.108534e+00
5.473333e+01	1.292113e-01	6.080138e+00
5.476667e+01	1.291078e-01	6.079581e+00
5.480000e+01	1.319329e-01	6.094792e+00
5.483333e+01	1.342640e-01	6.107343e+00
5.486667e+01	1.345170e-01	6.108706e+00
5.490000e+01	1.333889e-01	6.102632e+00
5.493333e+01	1.323554e-01	6.097067e+00
5.496667e+01	1.321901e-01	6.096177e+00
5.500000e+01	1.326553e-01	6.098682e+00
5.503333e+01	1.331172e-01	6.101169e+00
5.506667e+01	1.332127e-01	6.101683e+00
5.510000e+01	1.330212e-01	6.100652e+00
5.513333e+01	1.328151e-01	6.099542e+00
5.516667e+01	1.329601e-01	6.100323e+00
5.520000e+01	1.343478e-01	6.107795e+00
5.523333e+01	1.382517e-01	6.128815e+00
5.526667e+01	1.446012e-01	6.163003e+00
5.530000e+01	1.509144e-01	6.196996e+00
5.533333e+01	1.542487e-01	6.214950e+00
5.536667e+01	1.539672e-01	6.213434e+00
5.540000e+01	1.519416e-01	6.202527e+00
5.543333e+01	1.502644e-01	6.193496e+00
5.546667e+01	1.489128e-01	6.186219e+00
5.550000e+01	1.459051e-01	6.170024e+00
5.553333e+01	1.402397e-01	6.139519e+00
5.556667e+01	1.341472e-01	6.106714e+00
5.560000e+01	1.317474e-01	6.093793e+00
5.563333e+01	1.355322e-01	6.114172e+00
5.566667e+01	1.438531e-01	6.158975e+00
5.570000e+01	1.518351e-01	6.201954e+00
5.573333e+01	1.553915e-01	6.221103e+00
5.576667e+01	1.543384e-01	6.215433e+00
5.580000e+01	1.515780e-01	6.200569e+00
5.583333e+01	1.499622e-01	6.191869e+00
5.586667e+01	1.502362e-01	6.193344e+00
5.590000e+01	1.513679e-01	6.199438e+00
5.593333e+01	1.521001e-01	6.203381e+00
5.596667e+01	1.520258e-01	6.202981e+00
5.600000e+01	1.515457e-01	6.200395e+00
5.603333e+01	1.512104e-01	6.198590e+00
5.606667e+01	1.512234e-01	6.198660e+00
5.610000e+01	1.514273e-01	6.199758e+00
5.613333e+01	1.515806e-01	6.200583e+00
5.616667e+01	1.517808e-01	6.201661e+00
5.620000e+01	1.530043e-01	6.208249e+00
5.623333e+01	1.567468e-01	6.228400e+00
5.626667e+01	1.630638e-01	6.262414e+00
5.630000e+01	1.694447e-01	6.296771e+00
5.633333e+01	1.728511e-01	6.315113e+00
5.636667e+01	1.723903e-01	6.312631e+00
5.640000e+01	1.690274e-01	6.294524e+00
5.643333e+01	1.635059e-01	6.264794e+00
5.646667e+01	1.558228e-01	6.223425e+00
5.650000e+01	1.464815e-01	6.173128e+00
5.653333e+01	1.374554e-01	6.124527e+00
5.656667e+01	1.314382e-01	6.092129e+00
5.660000e+01	1.295655e-01	6.082045e+00
5.663333e+01	1.297202e-01	6.082878e+00
5.666667e+01	1.279530e-01	6.073363e+00
5.670000e+01	1.224603e-01	6.043788e+00
5.673333e+01	1.156352e-01	6.007038e+00
5.676667e+01	1.114176e-01	5.984329e+00
5.680000e+01	1.112989e-01	5.983690e+00
5.683333e+01	1.135166e-01	5.995631e+00
5.686667e+01	1.153779e-01	6.005653e+00
5.690000e+01	1.156092e-01	6.006898e+00
5.693333e+01	1.147336e-01	6.002184e+00
5.696667e+01	1.139116e-01	5.997758e+00
5.700000e+01	1.137671e-01	5.996980e+00
5.703333e+01	1.141266e-01	5.998916e+00
5.706667e+01	1.144931e-01	6.000889e+00
5.710000e+01	1.145745e-01	6.001327e+00
5.713333e+01	1.144270e-01	6.000533e+00
5.716667e+01	1.142636e-01	5.999654e+00
5.720000e+01	1.142200e-01	5.999419e+00
5.723333e+01	1.142800e-01	5.999742e+00
5.726667e+01	1.145496e-01	6.001193e+00
5.730000e+01	1.158818e-01	6.008366e+00
5.733333e+01	1.196699e-01	6.028763e+00
5.736667e+01	1.259601e-01	6.062632e+00
5.740000e+01	1.322935e-01	6.096734e+00
5.743333e+01	1.356779e-01	6.114957e+00
5.746667e+01	1.354243e-01	6.113591e+00
5.750000e+01	1.333917e-01	6.102647e+00
5.753333e+01	1.318900e-01	6.094561e+00
5.756667e+01	1.318350e-01	6.094265e+00
5.760000e+01	1.326418e-01	6.098609e+00
5.763333e+01	1.333079e-01	6.102196e+00
5.766667e+01	1.333690e-01	6.102525e+00
5.770000e+01	1.330340e-01	6.100721e+00
5.773333e+01	1.327348e-01	6.099110e+00
5.776667e+01	1.326925e-01	6.098882e+00
5.780000e+01	1.328319e-01	6.099633e+00
5.783333e+01	1.329663e-01	6.100356e+00
5.786667e+01	1.329917e-01	6.100493e+00
5.790000e+01	1.329342e-01	6.100183e+00
5.793333e+01	1.328741e-01	6.099860e+00
5.796667e+01	1.328599e-01	6.099783e+00
5.800000e+01	1.328835e-01	6.099910e+00
5.803333e+01	1.329102e-01	6.100054e+00
5.806667e+01	1.329177e-01	6.100095e+00
5.810000e+01	1.329082e-01	6.100043e+00
5.813333e+01	1.328963e-01	6.099979e+00
5.816667e+01	1.328925e-01	6.099959e+00
5.820000e+01	1.328963e-01	6.099979e+00
5.823333e+01	1.329015e-01	6.100008e+00
5.826667e+01	1.329034e-01	6.100018e+00
5.830000e+01	1.329019e-01	6.100010e+00
5.833333e+01	1.328996e-01	6.099997e+00
5.836667e+01	1.328987e-01	6.099992e+00
5.840000e+01	1.328993e-01	6.099995e+00
5.843333e+01	1.327032e-01	6.098940e+00
5.846667e+01	1.313941e-01	6.091891e+00
5.850000e+01	1.275816e-01	6.071363e+00
5.853333e+01	1.212589e-01	6.037319e+00
5.856667e+01	1.149139e-01	6.003155e+00
5.860000e+01	1.115391e-01	5.984984e+00
5.863333e+01	1.116100e-01	5.985365e+00
5.866667e+01	1.123386e-01	5.989289e+00
5.870000e+01	1.100243e-01	5.976827e+00
5.873333e+01	1.037508e-01	5.943048e+00
5.876667e+01	9.659652e-02	5.904526e+00
5.880000e+01	9.255701e-02	5.882776e+00
5.883333e+01	9.276632e-02	5.883903e+00
5.886667e+01	9.514091e-02	5.896689e+00
5.890000e+01	9.713457e-02	5.907424e+00
5.893333e+01	9.833701e-02	5.913898e+00
5.896667e+01	1.000872e-01	5.923322e+00
5.900000e+01	1.031080e-01	5.939587e+00
5.903333e+01	1.068594e-01	5.959786e+00
5.906667e+01	1.106060e-01	5.979959e+00
5.910000e+01	1.136667e-01	5.996440e+00
5.913333e+01	1.153263e-01	6.005375e+00
5.916667e+01	1.154350e-01	6.005961e+00
5.920000e+01	1.146851e-01	6.001923e+00
5.923333e+01	1.140131e-01	5.998304e+00
5.926667e+01	1.138869e-01	5.997625e+00
5.930000e+01	1.141621e-01	5.999107e+00
5.933333e+01	1.144496e-01	6.000655e+00
5.936667e+01	1.145184e-01	6.001025e+00
5.940000e+01	1.146045e-01	6.001489e+00
5.943333e+01	1.157874e-01	6.007858e+00
5.946667e+01	1.195638e-01	6.028192e+00
5.950000e+01	1.259310e-01	6.062475e+00
5.953333e+01	1.323318e-01	6.096940e+00
5.956667e+01	1.357250e-01	6.115210e+00
5.960000e+01	1.354393e-01	6.113672e+00
5.963333e+01	1.333763e-01	6.102564e+00
5.966667e+01	1.320663e-01	6.095510e+00
5.970000e+01	1.333342e-01	6.102337e+00
5.973333e+01	1.379669e-01	6.127281e+00
5.976667e+01	1.447611e-01	6.163865e+00
5.980000e+01	1.498520e-01	6.191276e+00
5.983333e+01	1.490735e-01	6.187084e+00
5.986667e+01	1.421827e-01	6.149981e+00
5.990000e+01	1.337597e-01	6.104628e+00
5.993333e+01	1.290289e-01	6.079156e+00
5.996667e+01	1.293971e-01	6.081138e+00
6.000000e+01	1.323770e-01	6.097183e+00
6.003333e+01	1.348608e-01	6.110557e+00
6.006667e+01	1.357390e-01	6.115286e+00
6.010000e+01	1.358640e-01	6.115959e+00
6.013333e+01	1.364507e-01	6.119118e+00
6.016667e+01	1.378847e-01	6.126839e+00
6.020000e+01	1.397295e-01	6.136772e+00
6.023333e+01	1.414066e-01	6.145802e+00
6.026667e+01	1.427113e-01	6.152827e+00
6.030000e+01	1.438180e-01	6.158786e+00
6.033333e+01	1.449836e-01	6.165062e+00
6.036667e+01	1.463101e-01	6.172205e+00
6.040000e+01	1.477295e-01	6.179848e+00
6.043333e+01	1.491154e-01	6.187310e+00
6.046667e+01	1.503385e-01	6.193896e+00
6.050000e+01	1.512461e-01	6.198782e+00
6.053333e+01	1.515109e-01	6.200208e+00
6.056667e+01	1.502395e-01	6.193362e+00
6.060000e+01	1.460473e-01	6.170790e+00
6.063333e+01	1.380533e-01	6.127747e+00
6.066667e+01	1.265546e-01	6.065833e+00
6.070000e+01	1.129138e-01	5.992386e+00
6.073333e+01	9.888009e-02	5.916822e+00
6.076667e+01	8.478396e-02	5.840923e+00
6.080000e+01	6.920152e-02	5.757021e+00
6.083333e+01	5.233946e-02	5.666228e+00
6.086667e+01	3.768347e-02	5.587314e+00
6.090000e+01	2.828207e-02	5.536693e+00
6.093333e+01	2.353071e-02	5.511110e+00
6.096667e+01	2.031740e-02	5.493808e+00
6.100000e+01	1.554913e-02	5.468134e+00
6.103333e+01	7.786193e-03	5.426335e+00
6.106667e+01	-2.123515e-03	5.372977e+00
6.110000e+01	-1.150312e-02	5.322474e+00
6.113333e+01	-1.743305e-02	5.290544e+00
6.116667e+01	-1.882316e-02	5.283059e+00
6.120000e+01	-1.718347e-02	5.291888e+00
6.123333e+01	-1.516697e-02	5.302746e+00
6.126667e+01	-1.426553e-02	5.307600e+00
6.130000e+01	-1.351895e-02	5.311619e+00
6.133333e+01	-1.054222e-02	5.327647e+00
6.136667e+01	-4.355983e-03	5.360957e+00
6.140000e+01	3.515949e-03	5.403342e+00
6.143333e+01	1.106566e-02	5.443993e+00
6.146667e+01	1.727997e-02	5.477454e+00
6.150000e+01	2.150309e-02	5.500193e+00
6.153333e+01	2.322192e-02	5.509447e+00
6.156667e+01	2.282894e-02	5.507331e+00
6.160000e+01	2.163130e-02	5.500883e+00
6.163333e+01	2.086659e-02	5.496765e+00
6.166667e+01	2.091249e-02	5.497012e+00
6.170000e+01	2.137453e-02	5.499500e+00
6.173333e+01	2.171089e-02	5.501311e+00
6.176667e+01	2.171121e-02	5.501313e+00
6.180000e+01	2.151856e-02	5.500276e+00
6.183333e+01	2.136691e-02	5.499459e+00
6.186667e+01	2.135863e-02	5.499415e+00
6.190000e+01	2.143965e-02	5.499851e+00
6.193333e+01	2.150831e-02	5.500221e+00
6.196667e+01	2.151565e-02	5.500260e+00
6.200000e+01	2.148176e-02	5.500078e+00
6.203333e+01	2.145080e-02	5.499911e+00
6.206667e+01	2.144595e-02	5.499885e+00
6.210000e+01	2.146001e-02	5.499961e+00
6.213333e+01	2.147391e-02	5.500035e+00
6.216667e+01	2.147675e-02	5.500051e+00
6.220000e+01	2.147096e-02	5.500020e+00
6.223333e+01	2.146475e-02	5.499986e+00
6.226667e+01	2.146320e-02	5.499978e+00
6.230000e+01	2.146556e-02	5.499990e+00
6.233333e+01	2.146832e-02	5.500005e+00
6.236667e+01	2.146913e-02	5.500010e+00
6.240000e+01	2.146818e-02	5.500005e+00
6.243333e+01	2.146696e-02	5.499998e+00
6.246667e+01	2.146654e-02	5.499996e+00
6.250000e+01	2.146692e-02	5.499998e+00
6.253333e+01	2.146746e-02	5.500001e+00
6.256667e+01	2.146767e-02	5.500002e+00
6.260000e+01	2.146752e-02	5.500001e+00
6.263333e+01	2.146728e-02	5.500000e+00
6.266667e+01	2.146718e-02	5.499999e+00
6.270000e+01	2.146724e-02	5.500000e+00
6.273333e+01	2.146734e-02	5.500000e+00
6.276667e+01	2.146739e-02	5.500000e+00
6.280000e+01	2.146737e-02	5.500000e+00
6.283333e+01	2.127024e-02	5.498939e+00
6.286667e+01	1.996061e-02	5.491887e+00
6.290000e+01	1.614836e-02	5.471360e+00
6.293333e+01	9.826130e-03	5.437319e+00
6.296667e+01	3.481408e-03	5.403156e+00
6.300000e+01	1.065150e-04	5.384985e+00
6.303333e+01	3.742457e-04	5.386426e+00
6.306667e+01	2.412425e-03	5.397401e+00
6.310000e+01	3.910415e-03	5.405466e+00
6.313333e+01	3.959212e-03	5.405729e+00
6.316667e+01	3.149699e-03	5.401370e+00
6.320000e+01	2.485073e-03	5.397792e+00
6.323333e+01	2.426609e-03	5.397477e+00
6.326667e+01	2.762991e-03	5.399288e+00
6.330000e+01	3.061580e-03	5.400896e+00
6.333333e+01	3.102716e-03	5.401117e+00
6.336667e+01	2.765627e-03	5.399302e+00
6.340000e+01	1.321855e-03	5.391528e+00
6.343333e+01	-2.515344e-03	5.370867e+00
6.346667e+01	-8.779743e-03	5.337137e+00
6.350000e+01	-1.506444e-02	5.303298e+00
6.353333e+01	-1.842539e-02	5.285201e+00
6.356667e+01	-1.818134e-02	5.286515e+00
6.360000e+01	-1.616990e-02	5.297346e+00
6.363333e+01	-1.487640e-02	5.304310e+00
6.366667e+01	-1.593052e-02	5.298635e+00
6.370000e+01	-1.942792e-02	5.279803e+00
6.373333e+01	-2.390833e-02	5.255679e+00
6.376667e+01	-2.776844e-02	5.234894e+00
6.380000e+01	-3.050719e-02	5.220148e+00
6.383333e+01	-3.195226e-02	5.212367e+00
6.386667e+01	-3.157688e-02	5.214388e+00
6.390000e+01	-2.928020e-02	5.226754e+00
6.393333e+01	-2.571426e-02	5.245955e+00
6.396667e+01	-2.166423e-02	5.267762e+00
6.400000e+01	-1.789045e-02	5.288082e+00
6.403333e+01	-1.528863e-02	5.302091e+00
6.406667e+01	-1.440796e-02	5.306833e+00
6.410000e+01	-1.488413e-02	5.304269e+00
6.413333e+01	-1.572790e-02	5.299726e+00
6.416667e+01	-1.614688e-02	5.297470e+00
6.420000e+01	-1.601217e-02	5.298195e+00
6.423333e+01	-1.567146e-02	5.300029e+00
6.426667e+01	-1.548097e-02	5.301055e+00
6.430000e+01	-1.552644e-02	5.300810e+00
6.433333e+01	-1.567163e-02	5.300029e+00
6.436667e+01	-1.575965e-02	5.299555e+00
6.440000e+01	-1.574519e-02	5.299632e+00
6.443333e+01	-1.568297e-02	5.299968e+00
6.446667e+01	-1.544517e-02	5.301248e+00
6.450000e+01	-1.413940e-02	5.308279e+00
6.453333e+01	-1.035369e-02	5.328663e+00
6.456667e+01	-4.050174e-03	5.362603e+00
6.460000e+01	2.295127e-03	5.396769e+00
6.463333e+01	5.681286e-03	5.415001e+00
6.466667e+01	5.422108e-03	5.413606e+00
6.470000e+01	3.384166e-03	5.402633e+00
6.473333e+01	1.881423e-03	5.394541e+00
6.476667e+01	1.828738e-03	5.394258e+00
6.480000e+01	2.637931e-03	5.398615e+00
6.483333e+01	3.304551e-03	5.402204e+00
6.486667e+01	3.364772e-03	5.402528e+00
6.490000e+01	3.028625e-03	5.400718e+00
6.493333e+01	2.729206e-03	5.399106e+00
6.496667e+01	2.687279e-03	5.398880e+00
65	2.827138e-03	5.399634e+00
6.503333e+01	2.961647e-03	5.400358e+00
6.506667e+01	2.986938e-03	5.400494e+00
6.510000e+01	2.929172e-03	5.400183e+00
6.513333e+01	2.868992e-03	5.399859e+00
6.516667e+01	2.854894e-03	5.399783e+00
6.520000e+01	3.075628e-03	5.400972e+00
6.523333e+01	4.412035e-03	5.408167e+00
6.526667e+01	8.231778e-03	5.428734e+00
6.530000e+01	1.454444e-02	5.462724e+00
6.533333e+01	2.068020e-02	5.495762e+00
6.536667e+01	2.274165e-02	5.506861e+00
6.540000e+01	1.866549e-02	5.484914e+00
6.543333e+01	1.031030e-02	5.439926e+00
6.546667e+01	2.469501e-03	5.397708e+00
6.550000e+01	-9.556990e-04	5.379265e+00
6.553333e+01	1.192509e-04	5.385053e+00
6.556667e+01	2.821119e-03	5.399601e+00
6.560000e+01	4.378158e-03	5.407985e+00
6.563333e+01	4.091577e-03	5.406442e+00
6.566667e+01	2.983929e-03	5.400478e+00
6.570000e+01	2.277945e-03	5.396676e+00
6.573333e+01	2.161960e-03	5.396052e+00
6.576667e+01	1.322686e-03	5.391533e+00
6.580000e+01	-2.165970e-03	5.372749e+00
6.583333e+01	-8.504736e-03	5.338618e+00
6.586667e+01	-1.504941e-02	5.303379e+00
6.590000e+01	-1.857243e-02	5.284409e+00
6.593333e+01	-1.830602e-02	5.285844e+00
6.596667e+01	-1.618329e-02	5.297274e+00
66	-1.461785e-02	5.305703e+00
6.603333e+01	-1.456468e-02	5.305989e+00
6.606667e+01	-1.540973e-02	5.301439e+00
6.610000e+01	-1.630199e-02	5.296634e+00
6.613333e+01	-1.767364e-02	5.289249e+00
6.616667e+01	-2.113468e-02	5.270613e+00
6.620000e+01	-2.714457e-02	5.238254e+00
6.623333e+01	-3.344588e-02	5.204325e+00
6.626667e+01	-3.696692e-02	5.185366e+00
6.630000e+01	-3.683952e-02	5.186052e+00
6.633333e+01	-3.482759e-02	5.196885e+00
6.636667e+01	-3.326923e-02	5.205276e+00
6.640000e+01	-3.315764e-02	5.205877e+00
6.643333e+01	-3.395250e-02	5.201597e+00
6.646667e+01	-3.464185e-02	5.197885e+00
6.650000e+01	-3.472828e-02	5.197420e+00
6.653333e+01	-3.441375e-02	5.199113e+00
6.656667e+01	-3.421276e-02	5.200195e+00
6.660000e+01	-3.453915e-02	5.198438e+00
6.663333e+01	-3.550668e-02	5.193229e+00
6.666667e+01	-3.692957e-02	5.185567e+00
6.670000e+01	-3.848575e-02	5.177188e+00
6.673333e+01	-3.993655e-02	5.169376e+00
6.676667e+01	-4.123599e-02	5.162380e+00
6.680000e+01	-4.247371e-02	5.155715e+00
6.683333e+01	-4.374700e-02	5.148859e+00
6.686667e+01	-4.508276e-02	5.141667e+00
6.690000e+01	-4.644710e-02	5.134321e+00
6.693333e+01	-4.778394e-02	5.127123e+00
6.696667e+01	-4.900025e-02	5.120574e+00
67	-4.976183e-02	5.116473e+00
6.703333e+01	-4.912318e-02	5.119912e+00
6.706667e+01	-4.589789e-02	5.137278e+00
6.710000e+01	-4.028650e-02	5.167492e+00
6.713333e+01	-3.467322e-02	5.197716e+00
6.716667e+01	-3.174605e-02	5.213477e+00
6.720000e+01	-3.204515e-02	5.211867e+00
6.723333e+01	-3.386584e-02	5.202063e+00
6.726667e+01	-3.516784e-02	5.195053e+00
6.730000e+01	-3.537867e-02	5.193918e+00
6.733333e+01	-3.596199e-02	5.190777e+00
6.736667e+01	-3.919526e-02	5.173368e+00
6.740000e+01	-4.547878e-02	5.139535e+00
6.743333e+01	-5.212618e-02	5.103742e+00
6.746667e+01	-5.576175e-02	5.084167e+00
6.750000e+01	-5.552472e-02	5.085443e+00
6.753333e+01	-5.336020e-02	5.097098e+00
6.756667e+01	-5.174485e-02	5.105796e+00
6.760000e+01	-5.167647e-02	5.106164e+00
6.763333e+01	-5.253835e-02	5.101523e+00
6.766667e+01	-5.325560e-02	5.097661e+00
6.770000e+01	-5.332532e-02	5.097286e+00
6.773333e+01	-5.296741e-02	5.099213e+00
6.776667e+01	-5.264534e-02	5.100947e+00
6.780000e+01	-5.259812e-02	5.101201e+00
6.783333e+01	-5.274688e-02	5.100400e+00
6.786667e+01	-5.289148e-02	5.099622e+00
6.790000e+01	-5.291958e-02	5.099470e+00
6.793333e+01	-5.285821e-02	5.099801e+00
6.796667e+01	-5.279355e-02	5.100149e+00
68	-5.277801e-02	5.100233e+00
6.803333e+01	-5.260602e-02	5.101159e+00
6.806667e+01	-5.132519e-02	5.108055e+00
6.810000e+01	-4.752113e-02	5.128538e+00
6.813333e+01	-4.118873e-02	5.162634e+00
6.816667e+01	-3.483125e-02	5.196865e+00
6.820000e+01	-3.145216e-02	5.215060e+00
6.823333e+01	-3.172396e-02	5.213596e+00
6.826667e+01	-3.376777e-02	5.202592e+00
6.830000e+01	-3.526785e-02	5.194514e+00
6.833333e+01	-3.531505e-02	5.194260e+00
6.836667e+01	-3.450306e-02	5.198632e+00
6.840000e+01	-3.383741e-02	5.202217e+00
6.843333e+01	-3.377957e-02	5.202528e+00
6.846667e+01	-3.411703e-02	5.200711e+00
6.850000e+01	-3.441611e-02	5.199101e+00
6.853333e+01	-3.445702e-02	5.198880e+00
6.856667e+01	-3.431654e-02	5.199637e+00
6.860000e+01	-3.398505e-02	5.201422e+00
6.863333e+01	-3.265060e-02	5.208607e+00
6.866667e+01	-2.889639e-02	5.228821e+00
6.870000e+01	-2.263429e-02	5.262539e+00
6.873333e+01	-1.610638e-02	5.297688e+00
6.876667e+01	-1.139811e-02	5.323039e+00
6.880000e+01	-7.826788e-03	5.342268e+00
6.883333e+01	-3.535327e-03	5.365375e+00
6.886667e+01	1.104686e-03	5.390359e+00
6.890000e+01	3.109294e-03	5.401153e+00
6.893333e+01	-1.649952e-04	5.383523e+00
6.896667e+01	-7.856934e-03	5.342106e+00
69	-1.563595e-02	5.300221e+00
6.903333e+01	-1.939411e-02	5.279985e+00
6.906667e+01	-1.861697e-02	5.284170e+00
6.910000e+01	-1.595760e-02	5.298489e+00
6.913333e+01	-1.426208e-02	5.307618e+00
6.916667e+01	-1.441491e-02	5.306795e+00
6.920000e+01	-1.549707e-02	5.300968e+00
6.923333e+01	-1.626023e-02	5.296859e+00
6.926667e+01	-1.623895e-02	5.296974e+00
6.930000e+01	-1.578278e-02	5.299430e+00
6.933333e+01	-1.543578e-02	5.301298e+00
6.936667e+01	-1.542567e-02	5.301353e+00
6.940000e+01	-1.561811e-02	5.300317e+00
6.943333e+01	-1.577572e-02	5.299468e+00
6.946667e+01	-1.578885e-02	5.299397e+00
6.950000e+01	-1.570815e-02	5.299832e+00
6.953333e+01	-1.563690e-02	5.300216e+00
6.956667e+01	-1.562732e-02	5.300267e+00
6.960000e+01	-1.566093e-02	5.300086e+00
6.963333e+01	-1.569298e-02	5.299914e+00
6.966667e+01	-1.569884e-02	5.299882e+00
6.970000e+01	-1.568495e-02	5.299957e+00
6.973333e+01	-1.567060e-02	5.300034e+00
6.976667e+01	-1.566731e-02	5.300052e+00
6.980000e+01	-1.567300e-02	5.300021e+00
6.983333e+01	-1.567940e-02	5.299987e+00
6.986667e+01	-1.568115e-02	5.299977e+00
6.990000e+01	-1.567884e-02	5.299990e+00
6.993333e+01	-1.587309e-02	5.298944e+00
6.996667e+01	-1.718179e-02	5.291897e+00
70	-2.099498e-02	5.271365e+00
7.003333e+01	-2.731848e-02	5.237317e+00
7.006667e+01	-3.386075e-02	5.202091e+00
7.010000e+01	-3.854488e-02	5.176870e+00
7.013333e+01	-4.208885e-02	5.157787e+00
7.016667e+01	-4.637269e-02	5.134721e+00
7.020000e+01	-5.121958e-02	5.108624e+00
7.023333e+01	-5.454592e-02	5.090713e+00
7.026667e+01	-5.508780e-02	5.087796e+00
7.030000e+01	-5.371419e-02	5.095192e+00
7.033333e+01	-5.227456e-02	5.102943e+00
7.036667e+01	-5.188933e-02	5.105018e+00
7.040000e+01	-5.240028e-02	5.102266e+00
7.043333e+01	-5.302381e-02	5.098909e+00
7.046667e+01	-5.322230e-02	5.097840e+00
7.050000e+01	-5.302008e-02	5.098929e+00
7.053333e+01	-5.274640e-02	5.100403e+00
7.056667e+01	-5.264741e-02	5.100936e+00
7.060000e+01	-5.272738e-02	5.100505e+00
7.063333e+01	-5.284761e-02	5.099858e+00
7.066667e+01	-5.289624e-02	5.099596e+00
7.070000e+01	-5.266805e-02	5.100825e+00
7.073333e+01	-5.130582e-02	5.108159e+00
7.076667e+01	-4.747000e-02	5.128813e+00
7.080000e+01	-4.135668e-02	5.161730e+00
7.083333e+01	-3.634449e-02	5.188717e+00
7.086667e+01	-3.679312e-02	5.186302e+00
7.090000e+01	-4.337874e-02	5.150842e+00
7.093333e+01	-5.175170e-02	5.105759e+00
7.096667e+01	-5.661925e-02	5.079550e+00
71	-5.640186e-02	5.080720e+00
7.103333e+01	-5.355845e-02	5.096030e+00
7.106667e+01	-5.139834e-02	5.107661e+00
7.110000e+01	-5.129057e-02	5.108242e+00
7.113333e+01	-5.243462e-02	5.102082e+00
7.116667e+01	-5.339667e-02	5.096901e+00
7.120000e+01	-5.349642e-02	5.096364e+00
7.123333e+01	-5.302082e-02	5.098925e+00
7.126667e+01	-5.258861e-02	5.101252e+00
7.130000e+01	-5.252250e-02	5.101608e+00
7.133333e+01	-5.272001e-02	5.100545e+00
7.136667e+01	-5.291397e-02	5.099500e+00
7.140000e+01	-5.314994e-02	5.098230e+00
7.143333e+01	-5.437815e-02	5.091617e+00
7.146667e+01	-5.810374e-02	5.071557e+00
7.150000e+01	-6.440464e-02	5.037630e+00
7.153333e+01	-7.078261e-02	5.003288e+00
7.156667e+01	-7.419605e-02	4.984909e+00
7.160000e+01	-7.393952e-02	4.986290e+00
7.163333e+01	-7.169082e-02	4.998398e+00
7.166667e+01	-6.886615e-02	5.013607e+00
7.170000e+01	-6.499939e-02	5.034428e+00
7.173333e+01	-5.949202e-02	5.064082e+00
7.176667e+01	-5.381944e-02	5.094625e+00
7.180000e+01	-5.049271e-02	5.112538e+00
7.183333e+01	-5.032152e-02	5.113459e+00
7.186667e+01	-5.170321e-02	5.106020e+00
7.190000e+01	-5.238260e-02	5.102362e+00
7.193333e+01	-5.137314e-02	5.107797e+00
7.196667e+01	-4.927518e-02	5.119093e+00
72	-4.722996e-02	5.130106e+00
7.203333e+01	-4.584302e-02	5.137573e+00
7.206667e+01	-4.494827e-02	5.142391e+00
7.210000e+01	-4.406539e-02	5.147145e+00
7.213333e+01	-4.290916e-02	5.153371e+00
7.216667e+01	-4.153069e-02	5.160793e+00
7.220000e+01	-4.013470e-02	5.168309e+00
7.223333e+01	-3.885316e-02	5.175210e+00
7.226667e+01	-3.767198e-02	5.181570e+00
7.230000e+01	-3.651698e-02	5.187789e+00
7.233333e+01	-3.540158e-02	5.193794e+00
7.236667e+01	-3.449519e-02	5.198675e+00
7.240000e+01	-3.400222e-02	5.201329e+00
7.243333e+01	-3.395195e-02	5.201600e+00
7.246667e+01	-3.414690e-02	5.200550e+00
7.250000e+01	-3.432856e-02	5.199572e+00
7.253333e+01	-3.436624e-02	5.199369e+00
7.256667e+01	-3.429505e-02	5.199752e+00
7.260000e+01	-3.441525e-02	5.199105e+00
7.263333e+01	-3.570522e-02	5.192159e+00
7.266667e+01	-3.954616e-02	5.171478e+00
7.270000e+01	-4.590224e-02	5.137255e+00
7.273333e+01	-5.225706e-02	5.103038e+00
7.276667e+01	-5.562037e-02	5.084928e+00
7.280000e+01	-5.533767e-02	5.086450e+00
7.283333e+01	-5.329438e-02	5.097452e+00
7.286667e+01	-5.180101e-02	5.105493e+00
7.290000e+01	-5.175881e-02	5.105720e+00
7.293333e+01	-5.257085e-02	5.101348e+00
7.296667e+01	-5.323367e-02	5.097779e+00
73	-5.328924e-02	5.097480e+00
7.303333e+01	-5.295162e-02	5.099298e+00
7.306667e+01	-5.265373e-02	5.100902e+00
7.310000e+01	-5.260072e-02	5.101187e+00
7.313333e+01	-5.264087e-02	5.100971e+00
7.316667e+01	-5.242018e-02	5.102159e+00
7.320000e+01	-5.166848e-02	5.106207e+00
7.323333e+01	-5.041129e-02	5.112976e+00
7.326667e+01	-4.892729e-02	5.120966e+00
7.330000e+01	-4.750738e-02	5.128612e+00
7.333333e+01	-4.626088e-02	5.135323e+00
7.336667e+01	-4.511713e-02	5.141482e+00
7.340000e+01	-4.395723e-02	5.147727e+00
7.343333e+01	-4.272639e-02	5.154355e+00
7.346667e+01	-4.144905e-02	5.161232e+00
7.350000e+01	-4.017591e-02	5.168087e+00
7.353333e+01	-3.893283e-02	5.174781e+00
7.356667e+01	-3.771102e-02	5.181359e+00
7.360000e+01	-3.650174e-02	5.187871e+00
7.363333e+01	-3.536701e-02	5.193981e+00
7.366667e+01	-3.447672e-02	5.198774e+00
7.370000e+01	-3.381054e-02	5.202361e+00
7.373333e+01	-3.246020e-02	5.209632e+00
7.376667e+01	-2.883661e-02	5.229143e+00
7.380000e+01	-2.268556e-02	5.262263e+00
7.383333e+01	-1.637389e-02	5.296247e+00
7.386667e+01	-1.293020e-02	5.314790e+00
7.390000e+01	-1.332270e-02	5.312676e+00
7.393333e+01	-1.665307e-02	5.294744e+00
7.396667e+01	-2.199111e-02	5.266002e+00
74	-2.839400e-02	5.231526e+00
7.403333e+01	-3.393826e-02	5.201674e+00
7.406667e+01	-3.663726e-02	5.187141e+00
7.410000e+01	-3.629695e-02	5.188973e+00
7.413333e+01	-3.459054e-02	5.198161e+00
7.416667e+01	-3.339565e-02	5.204595e+00
7.420000e+01	-3.319713e-02	5.205664e+00
7.423333e+01	-3.255934e-02	5.209098e+00
7.426667e+01	-2.927575e-02	5.226778e+00
7.430000e+01	-2.298430e-02	5.260654e+00
7.433333e+01	-1.635990e-02	5.296323e+00
7.436667e+01	-1.255007e-02	5.316836e+00
7.440000e+01	-1.148220e-02	5.322586e+00
7.443333e+01	-9.824980e-03	5.331509e+00
7.446667e+01	-5.107885e-03	5.356908e+00
7.450000e+01	1.171049e-03	5.390716e+00
7.453333e+01	5.601041e-03	5.414569e+00
7.456667e+01	7.355618e-03	5.424017e+00
7.460000e+01	9.198067e-03	5.433937e+00
7.463333e+01	1.366598e-02	5.457994e+00
7.466667e+01	1.964185e-02	5.490171e+00
7.470000e+01	2.377972e-02	5.512451e+00
7.473333e+01	2.452183e-02	5.516447e+00
7.476667e+01	2.399543e-02	5.513612e+00
7.480000e+01	2.600108e-02	5.524412e+00
7.483333e+01	3.191482e-02	5.556254e+00
7.486667e+01	3.896366e-02	5.594207e+00
7.490000e+01	4.312781e-02	5.616629e+00
7.493333e+01	4.307770e-02	5.616359e+00
7.496667e+01	4.075667e-02	5.603862e+00
75	3.871328e-02	5.592859e+00
7.503333e+01	3.724359e-02	5.584946e+00
7.506667e+01	3.435423e-02	5.569388e+00
7.510000e+01	2.885031e-02	5.539753e+00
7.513333e+01	2.261977e-02	5.506205e+00
7.516667e+01	1.886365e-02	5.485981e+00
7.520000e+01	1.876523e-02	5.485451e+00
7.523333e+01	2.073489e-02	5.496056e+00
7.526667e+01	2.239031e-02	5.504970e+00
7.530000e+01	2.260284e-02	5.506114e+00
7.533333e+01	2.183153e-02	5.501961e+00
7.536667e+01	2.110243e-02	5.498035e+00
7.540000e+01	2.098263e-02	5.497390e+00
7.543333e+01	2.138736e-02	5.499569e+00
7.546667e+01	2.202497e-02	5.503003e+00
7.550000e+01	2.278322e-02	5.507085e+00
7.553333e+01	2.371162e-02	5.512084e+00
7.556667e+01	2.482350e-02	5.518071e+00
7.560000e+01	2.602506e-02	5.524541e+00
7.563333e+01	2.719857e-02	5.530859e+00
7.566667e+01	2.829551e-02	5.536766e+00
7.570000e+01	2.934561e-02	5.542420e+00
7.573333e+01	3.040199e-02	5.548108e+00
7.576667e+01	3.149024e-02	5.553967e+00
7.580000e+01	3.260013e-02	5.559944e+00
7.583333e+01	3.370875e-02	5.565913e+00
7.586667e+01	3.480391e-02	5.571810e+00
7.590000e+01	3.588918e-02	5.577653e+00
7.593333e+01	3.697443e-02	5.583497e+00
7.596667e+01	3.805378e-02	5.589308e+00
76	3.906059e-02	5.594729e+00
7.603333e+01	3.984341e-02	5.598944e+00
7.606667e+01	4.025195e-02	5.601144e+00
7.610000e+01	4.028522e-02	5.601323e+00
7.613333e+01	4.011975e-02	5.600432e+00
7.616667e+01	3.997103e-02	5.599632e+00
7.620000e+01	3.994311e-02	5.599481e+00
7.623333e+01	3.980638e-02	5.598745e+00
7.626667e+01	3.855958e-02	5.592032e+00
7.630000e+01	3.476210e-02	5.571584e+00
7.633333e+01	2.841545e-02	5.537412e+00
7.636667e+01	2.204304e-02	5.503100e+00
7.640000e+01	1.866045e-02	5.484887e+00
7.643333e+01	1.893810e-02	5.486382e+00
7.646667e+01	2.098855e-02	5.497422e+00
7.650000e+01	2.249048e-02	5.505509e+00
7.653333e+01	2.253530e-02	5.505750e+00
7.656667e+01	2.172037e-02	5.501362e+00
7.660000e+01	2.105377e-02	5.497773e+00
7.663333e+01	2.119396e-02	5.498528e+00
7.666667e+01	2.284233e-02	5.507404e+00
7.670000e+01	2.695415e-02	5.529543e+00
7.673333e+01	3.331692e-02	5.563803e+00
7.676667e+01	3.952061e-02	5.597206e+00
7.680000e+01	4.276087e-02	5.614653e+00
7.683333e+01	4.246842e-02	5.613079e+00
7.686667e+01	4.048854e-02	5.602418e+00
7.690000e+01	3.905081e-02	5.594677e+00
7.693333e+01	3.901587e-02	5.594489e+00
7.696667e+01	3.980150e-02	5.598719e+00
77	4.043928e-02	5.602153e+00
7.703333e+01	4.049036e-02	5.602428e+00
7.706667e+01	4.016367e-02	5.600669e+00
7.710000e+01	3.987699e-02	5.599125e+00
7.713333e+01	3.983965e-02	5.598924e+00
7.716667e+01	3.997577e-02	5.599657e+00
7.720000e+01	4.010467e-02	5.600351e+00
7.723333e+01	4.012771e-02	5.600475e+00
7.726667e+01	4.007140e-02	5.600172e+00
7.730000e+01	4.001367e-02	5.599861e+00
7.733333e+01	4.000066e-02	5.599791e+00
7.736667e+01	4.002376e-02	5.599915e+00
7.740000e+01	4.004949e-02	5.600054e+00
7.743333e+01	4.005645e-02	5.600091e+00
7.746667e+01	4.004707e-02	5.600041e+00
7.750000e+01	4.003565e-02	5.599979e+00
7.753333e+01	4.003206e-02	5.599960e+00
7.756667e+01	4.023291e-02	5.601042e+00
7.760000e+01	4.154756e-02	5.608120e+00
7.763333e+01	4.536163e-02	5.628657e+00
7.766667e+01	5.168238e-02	5.662690e+00
7.770000e+01	5.802490e-02	5.696841e+00
7.773333e+01	6.139890e-02	5.715008e+00
7.776667e+01	6.113174e-02	5.713569e+00
7.780000e+01	5.909453e-02	5.702600e+00
7.783333e+01	5.759697e-02	5.694537e+00
7.786667e+01	5.754795e-02	5.694273e+00
7.790000e+01	5.835705e-02	5.698629e+00
7.793333e+01	5.902147e-02	5.702207e+00
7.796667e+01	5.908001e-02	5.702522e+00
78	5.874381e-02	5.700712e+00
7.803333e+01	5.844532e-02	5.699105e+00
7.806667e+01	5.840415e-02	5.698883e+00
7.810000e+01	5.854408e-02	5.699636e+00
7.813333e+01	5.867820e-02	5.700359e+00
7.816667e+01	5.870314e-02	5.700493e+00
7.820000e+01	5.864533e-02	5.700182e+00
7.823333e+01	5.858531e-02	5.699858e+00
7.826667e+01	5.857137e-02	5.699783e+00
7.830000e+01	5.859505e-02	5.699911e+00
7.833333e+01	5.862178e-02	5.700055e+00
7.836667e+01	5.843211e-02	5.699034e+00
7.840000e+01	5.711290e-02	5.691930e+00
7.843333e+01	5.328878e-02	5.671340e+00
7.846667e+01	4.696273e-02	5.637278e+00
7.850000e+01	4.062185e-02	5.603136e+00
7.853333e+01	3.725219e-02	5.584992e+00
7.856667e+01	3.752183e-02	5.586444e+00
7.860000e+01	3.955850e-02	5.597410e+00
7.863333e+01	4.125127e-02	5.606525e+00
7.866667e+01	4.241165e-02	5.612773e+00
7.870000e+01	4.430247e-02	5.622954e+00
7.873333e+01	4.745844e-02	5.639947e+00
7.876667e+01	5.123518e-02	5.660282e+00
7.880000e+01	5.492374e-02	5.680143e+00
7.883333e+01	5.792399e-02	5.696298e+00
7.886667e+01	5.956936e-02	5.705157e+00
7.890000e+01	5.950481e-02	5.704809e+00
7.893333e+01	5.747224e-02	5.693865e+00
7.896667e+01	5.299546e-02	5.669760e+00
79	4.653735e-02	5.634987e+00
7.903333e+01	4.045593e-02	5.602242e+00
7.906667e+01	3.736471e-02	5.585598e+00
7.910000e+01	3.770502e-02	5.587430e+00
7.913333e+01	3.963757e-02	5.597836e+00
7.916667e+01	4.101072e-02	5.605230e+00
7.920000e+01	4.102214e-02	5.605291e+00
7.923333e+01	4.025525e-02	5.601162e+00
7.926667e+01	3.964580e-02	5.597880e+00
7.930000e+01	3.960623e-02	5.597667e+00
7.933333e+01	3.993878e-02	5.599458e+00
7.936667e+01	4.031350e-02	5.601476e+00
7.940000e+01	4.069987e-02	5.603556e+00
7.943333e+01	4.134260e-02	5.607017e+00
7.946667e+01	4.241816e-02	5.612808e+00
7.950000e+01	4.382184e-02	5.620366e+00
7.953333e+01	4.528334e-02	5.628235e+00
7.956667e+01	4.660905e-02	5.635373e+00
7.960000e+01	4.779125e-02	5.641739e+00
7.963333e+01	4.893573e-02	5.647901e+00
7.966667e+01	5.013218e-02	5.654343e+00
7.970000e+01	5.139130e-02	5.661123e+00
7.973333e+01	5.266994e-02	5.668008e+00
7.976667e+01	5.392788e-02	5.674781e+00
7.980000e+01	5.515825e-02	5.681406e+00
7.983333e+01	5.636568e-02	5.687907e+00
7.986667e+01	5.749402e-02	5.693983e+00
7.990000e+01	5.838033e-02	5.698755e+00
7.993333e+01	5.884998e-02	5.701284e+00
7.996667e+01	5.889345e-02	5.701518e+00
80	5.870662e-02	5.700512e+00
8.003333e+01	5.853529e-02	5.699589e+00
8.006667e+01	5.850106e-02	5.699405e+00
8.010000e+01	5.837193e-02	5.698710e+00
8.013333e+01	5.713466e-02	5.692048e+00
8.016667e+01	5.334031e-02	5.671617e+00
8.020000e+01	4.699066e-02	5.637428e+00
8.023333e+01	4.061409e-02	5.603094e+00
8.026667e+01	3.722995e-02	5.584872e+00
8.030000e+01	3.750879e-02	5.586374e+00
8.033333e+01	3.956106e-02	5.597424e+00
8.036667e+01	4.106375e-02	5.605515e+00
8.040000e+01	4.110811e-02	5.605754e+00
8.043333e+01	4.029238e-02	5.601362e+00
8.046667e+01	3.962541e-02	5.597771e+00
8.050000e+01	3.956870e-02	5.597465e+00
8.053333e+01	3.990781e-02	5.599291e+00
8.056667e+01	4.001045e-02	5.599844e+00
8.060000e+01	3.874131e-02	5.593010e+00
8.063333e+01	3.478785e-02	5.571723e+00
8.066667e+01	2.833089e-02	5.536956e+00
8.070000e+01	2.196147e-02	5.502661e+00
8.073333e+01	1.864495e-02	5.484803e+00
8.076667e+01	1.897299e-02	5.486569e+00
8.080000e+01	2.082794e-02	5.496557e+00
8.083333e+01	2.099240e-02	5.497443e+00
8.086667e+01	1.720207e-02	5.477034e+00
8.090000e+01	1.006293e-02	5.438594e+00
8.093333e+01	3.063272e-03	5.400905e+00
8.096667e+01	-3.581631e-04	5.382483e+00
81	2.497543e-04	5.385756e+00
8.103333e+01	2.582636e-03	5.398317e+00
8.106667e+01	4.116498e-03	5.406576e+00
8.110000e+01	4.023385e-03	5.406075e+00
8.113333e+01	3.081242e-03	5.401002e+00
8.116667e+01	2.393994e-03	5.397301e+00
8.120000e+01	2.394315e-03	5.397303e+00
8.123333e+01	2.790139e-03	5.399434e+00
8.126667e+01	3.101655e-03	5.401112e+00
8.130000e+01	3.118646e-03	5.401203e+00
8.133333e+01	2.952126e-03	5.400307e+00
0	0	0
0	0	0
0	0	0
0	0	0
0	0	0
0	0	0
0	0	0
0	0	0
0	0	0
0	0	0
0	0	0
0	0	0
0	0	0
