0	-9.260030e-03	5.597378e+00
3.333333e-02	-6.477581e-03	5.613098e+00
6.666667e-02	-2.713508e-03	5.634364e+00
1.000000e-01	2.500522e-03	5.663822e+00
1.333333e-01	7.782334e-03	5.693663e+00
1.666667e-01	1.079663e-02	5.710692e+00
2.000000e-01	1.072778e-02	5.710303e+00
2.333333e-01	8.922875e-03	5.700106e+00
2.666667e-01	7.350962e-03	5.691225e+00
3.000000e-01	6.958433e-03	5.689008e+00
3.333333e-01	7.385996e-03	5.691423e+00
3.666667e-01	7.793969e-03	5.693728e+00
4.000000e-01	7.716928e-03	5.693293e+00
4.333333e-01	7.268421e-03	5.690759e+00
4.666667e-01	6.806234e-03	5.688148e+00
5.000000e-01	6.547393e-03	5.686686e+00
5.333333e-01	6.456740e-03	5.686173e+00
5.666667e-01	6.381288e-03	5.685747e+00
6.000000e-01	6.220682e-03	5.684840e+00
6.333333e-01	5.984131e-03	5.683503e+00
6.666667e-01	5.736873e-03	5.682106e+00
7.000000e-01	5.525044e-03	5.680910e+00
7.333333e-01	5.347351e-03	5.679906e+00
7.666667e-01	5.176117e-03	5.678938e+00
8.000000e-01	4.990256e-03	5.677888e+00
8.333333e-01	4.789123e-03	5.676752e+00
8.666667e-01	4.584395e-03	5.675595e+00
9.000000e-01	4.385653e-03	5.674472e+00
9.333333e-01	4.193711e-03	5.673388e+00
9.666667e-01	4.003675e-03	5.672314e+00
1	3.811214e-03	5.671227e+00
1.033333e+00	3.615738e-03	5.670123e+00
1.066667e+00	3.419285e-03	5.669013e+00
1.100000e+00	3.223804e-03	5.667908e+00
1.133333e+00	3.029653e-03	5.666811e+00
1.166667e+00	2.835990e-03	5.665717e+00
1.200000e+00	2.641944e-03	5.664621e+00
1.233333e+00	2.447314e-03	5.663521e+00
1.266667e+00	2.252443e-03	5.662420e+00
1.300000e+00	2.057722e-03	5.661320e+00
1.333333e+00	1.863256e-03	5.660222e+00
1.366667e+00	1.668906e-03	5.659124e+00
1.400000e+00	1.474500e-03	5.658025e+00
1.433333e+00	1.279982e-03	5.656926e+00
1.466667e+00	1.085409e-03	5.655827e+00
1.500000e+00	8.908565e-04	5.654728e+00
1.533333e+00	6.963525e-04	5.653629e+00
1.566667e+00	5.018746e-04	5.652530e+00
1.600000e+00	3.073894e-04	5.651431e+00
1.633333e+00	1.128834e-04	5.650333e+00
1.666667e+00	-8.163492e-05	5.649234e+00
1.700000e+00	-2.761508e-04	5.648135e+00
1.733333e+00	-4.706577e-04	5.647036e+00
1.766667e+00	-6.651590e-04	5.645937e+00
1.800000e+00	-8.596609e-04	5.644838e+00
1.833333e+00	-1.054167e-03	5.643739e+00
1.866667e+00	-1.248675e-03	5.642640e+00
1.900000e+00	-1.443183e-03	5.641541e+00
1.933333e+00	-1.637690e-03	5.640442e+00
1.966667e+00	-1.832195e-03	5.639343e+00
2	-2.026701e-03	5.638245e+00
2.033333e+00	-2.221207e-03	5.637146e+00
2.066667e+00	-2.415713e-03	5.636047e+00
2.100000e+00	-2.610220e-03	5.634948e+00
2.133333e+00	-2.804726e-03	5.633849e+00
2.166667e+00	-2.999233e-03	5.632750e+00
2.200000e+00	-3.193739e-03	5.631651e+00
2.233333e+00	-3.388245e-03	5.630552e+00
2.266667e+00	-3.582751e-03	5.629453e+00
2.300000e+00	-3.777258e-03	5.628354e+00
2.333333e+00	-3.971764e-03	5.627256e+00
2.366667e+00	-4.166270e-03	5.626157e+00
2.400000e+00	-4.360776e-03	5.625058e+00
2.433333e+00	-4.555283e-03	5.623959e+00
2.466667e+00	-4.749789e-03	5.622860e+00
2.500000e+00	-4.944295e-03	5.621761e+00
2.533333e+00	-5.138802e-03	5.620662e+00
2.566667e+00	-5.333308e-03	5.619563e+00
2.600000e+00	-5.527814e-03	5.618464e+00
2.633333e+00	-5.722320e-03	5.617365e+00
2.666667e+00	-5.916827e-03	5.616267e+00
2.700000e+00	-6.111333e-03	5.615168e+00
2.733333e+00	-6.305839e-03	5.614069e+00
2.766667e+00	-6.500345e-03	5.612970e+00
2.800000e+00	-6.694852e-03	5.611871e+00
2.833333e+00	-6.889358e-03	5.610772e+00
2.866667e+00	-7.083864e-03	5.609673e+00
2.900000e+00	-7.278371e-03	5.608574e+00
2.933333e+00	-7.472877e-03	5.607475e+00
2.966667e+00	-7.667383e-03	5.606376e+00
3	-7.861889e-03	5.605277e+00
3.033333e+00	-8.056396e-03	5.604179e+00
3.066667e+00	-8.250902e-03	5.603080e+00
3.100000e+00	-8.443344e-03	5.601992e+00
3.133333e+00	-8.622071e-03	5.600983e+00
3.166667e+00	-8.760872e-03	5.600199e+00
3.200000e+00	-8.833459e-03	5.599788e+00
3.233333e+00	-8.839599e-03	5.599754e+00
3.266667e+00	-8.810393e-03	5.599919e+00
3.300000e+00	-8.783991e-03	5.600068e+00
3.333333e+00	-8.778935e-03	5.600096e+00
3.366667e+00	-8.789567e-03	5.600036e+00
3.400000e+00	-8.800711e-03	5.599973e+00
3.433333e+00	-8.803376e-03	5.599958e+00
3.466667e+00	-8.799081e-03	5.599983e+00
3.500000e+00	-8.794173e-03	5.600010e+00
3.533333e+00	-8.792789e-03	5.600018e+00
3.566667e+00	-8.794531e-03	5.600008e+00
3.600000e+00	-8.796705e-03	5.599996e+00
3.633333e+00	-8.797412e-03	5.599992e+00
3.666667e+00	-8.796714e-03	5.599996e+00
3.700000e+00	-8.795755e-03	5.600001e+00
3.733333e+00	-8.795401e-03	5.600003e+00
3.766667e+00	-8.983508e-03	5.598941e+00
3.800000e+00	-1.023204e-02	5.591887e+00
3.833333e+00	-1.386547e-02	5.571359e+00
3.866667e+00	-1.989075e-02	5.537318e+00
3.900000e+00	-2.593738e-02	5.503157e+00
3.933333e+00	-2.915371e-02	5.484985e+00
3.966667e+00	-2.889859e-02	5.486427e+00
4	-2.695619e-02	5.497401e+00
4.033333e+00	-2.552858e-02	5.505466e+00
4.066667e+00	-2.548206e-02	5.505729e+00
4.100000e+00	-2.606570e-02	5.502432e+00
4.133333e+00	-2.545098e-02	5.505904e+00
4.166667e+00	-2.187345e-02	5.526116e+00
4.200000e+00	-1.552749e-02	5.561969e+00
4.233333e+00	-9.196122e-03	5.597739e+00
4.266667e+00	-5.940495e-03	5.616133e+00
4.300000e+00	-6.329085e-03	5.613937e+00
4.333333e+00	-8.399428e-03	5.602241e+00
4.366667e+00	-9.850844e-03	5.594041e+00
4.400000e+00	-9.842219e-03	5.594089e+00
4.433333e+00	-9.013496e-03	5.598771e+00
4.466667e+00	-8.366791e-03	5.602425e+00
4.500000e+00	-8.333652e-03	5.602612e+00
4.533333e+00	-8.679728e-03	5.600657e+00
4.566667e+00	-8.971358e-03	5.599009e+00
4.600000e+00	-9.001407e-03	5.598840e+00
4.633333e+00	-8.856676e-03	5.599657e+00
4.666667e+00	-8.725182e-03	5.600400e+00
4.700000e+00	-8.705086e-03	5.600514e+00
4.733333e+00	-8.765206e-03	5.600174e+00
4.766667e+00	-8.824243e-03	5.599840e+00
4.800000e+00	-8.836080e-03	5.599774e+00
4.833333e+00	-8.811307e-03	5.599914e+00
4.866667e+00	-8.784926e-03	5.600063e+00
4.900000e+00	-8.778427e-03	5.600099e+00
4.933333e+00	-8.788542e-03	5.600042e+00
4.966667e+00	-8.800277e-03	5.599976e+00
5	-8.803690e-03	5.599957e+00
5.033333e+00	-8.799603e-03	5.599980e+00
5.066667e+00	-8.794406e-03	5.600009e+00
5.100000e+00	-8.792668e-03	5.600019e+00
5.133333e+00	-8.794300e-03	5.600010e+00
5.166667e+00	-8.796591e-03	5.599997e+00
5.200000e+00	-8.797456e-03	5.599992e+00
5.233333e+00	-8.796814e-03	5.599995e+00
5.266667e+00	-8.795808e-03	5.600001e+00
5.300000e+00	-8.795386e-03	5.600004e+00
5.333333e+00	-8.983465e-03	5.598941e+00
5.366667e+00	-1.023202e-02	5.591887e+00
5.400000e+00	-1.386548e-02	5.571359e+00
5.433333e+00	-1.989077e-02	5.537318e+00
5.466667e+00	-2.593739e-02	5.503156e+00
5.500000e+00	-2.934154e-02	5.483924e+00
5.533333e+00	-3.033452e-02	5.478314e+00
5.566667e+00	-3.202538e-02	5.468761e+00
5.600000e+00	-3.660106e-02	5.442910e+00
5.633333e+00	-4.243242e-02	5.409965e+00
5.666667e+00	-4.582394e-02	5.390804e+00
5.700000e+00	-4.489692e-02	5.396041e+00
5.733333e+00	-4.099353e-02	5.418094e+00
5.766667e+00	-3.685027e-02	5.441502e+00
5.800000e+00	-3.415419e-02	5.456734e+00
5.833333e+00	-3.275000e-02	5.464667e+00
5.866667e+00	-3.154831e-02	5.471456e+00
5.900000e+00	-2.976883e-02	5.481510e+00
5.933333e+00	-2.741818e-02	5.494790e+00
5.966667e+00	-2.495014e-02	5.508734e+00
6	-2.271881e-02	5.521340e+00
6.033333e+00	-2.074177e-02	5.532510e+00
6.066667e+00	-1.882851e-02	5.543319e+00
6.100000e+00	-1.681867e-02	5.554674e+00
6.133333e+00	-1.469581e-02	5.566668e+00
6.166667e+00	-1.256170e-02	5.578725e+00
6.200000e+00	-1.061341e-02	5.589732e+00
6.233333e+00	-9.142599e-03	5.598042e+00
6.266667e+00	-8.397589e-03	5.602251e+00
6.300000e+00	-8.348426e-03	5.602529e+00
6.333333e+00	-8.655619e-03	5.600793e+00
6.366667e+00	-9.112211e-03	5.598214e+00
6.400000e+00	-1.040666e-02	5.590900e+00
6.433333e+00	-1.392797e-02	5.571006e+00
6.466667e+00	-1.984003e-02	5.537605e+00
6.500000e+00	-2.586195e-02	5.503583e+00
6.533333e+00	-2.912376e-02	5.485154e+00
6.566667e+00	-2.891857e-02	5.486314e+00
6.600000e+00	-2.698923e-02	5.497214e+00
6.633333e+00	-2.554307e-02	5.505384e+00
6.666667e+00	-2.547440e-02	5.505772e+00
6.700000e+00	-2.623911e-02	5.501452e+00
6.733333e+00	-2.687998e-02	5.497831e+00
6.766667e+00	-2.694550e-02	5.497461e+00
6.800000e+00	-2.662834e-02	5.499253e+00
6.833333e+00	-2.634081e-02	5.500877e+00
6.866667e+00	-2.629729e-02	5.501123e+00
6.900000e+00	-2.642903e-02	5.500379e+00
6.933333e+00	-2.655805e-02	5.499650e+00
6.966667e+00	-2.658371e-02	5.499505e+00
7	-2.652940e-02	5.499812e+00
7.033333e+00	-2.647174e-02	5.500138e+00
7.066667e+00	-2.645762e-02	5.500217e+00
7.100000e+00	-2.647981e-02	5.500092e+00
7.133333e+00	-2.650546e-02	5.499947e+00
7.166667e+00	-2.651288e-02	5.499905e+00
7.200000e+00	-2.650392e-02	5.499956e+00
7.233333e+00	-2.649255e-02	5.500020e+00
7.266667e+00	-2.648877e-02	5.500041e+00
7.300000e+00	-2.649235e-02	5.500021e+00
7.333333e+00	-2.649736e-02	5.499993e+00
7.366667e+00	-2.649925e-02	5.499982e+00
7.400000e+00	-2.649784e-02	5.499990e+00
7.433333e+00	-2.649564e-02	5.500003e+00
7.466667e+00	-2.649472e-02	5.500008e+00
7.500000e+00	-2.630743e-02	5.501066e+00
7.533333e+00	-2.506028e-02	5.508112e+00
7.566667e+00	-2.142746e-02	5.528636e+00
7.600000e+00	-1.540188e-02	5.562679e+00
7.633333e+00	-9.354647e-03	5.596844e+00
7.666667e+00	-6.138014e-03	5.615017e+00
7.700000e+00	-6.393256e-03	5.613575e+00
7.733333e+00	-8.335918e-03	5.602599e+00
7.766667e+00	-9.763668e-03	5.594533e+00
7.800000e+00	-9.810145e-03	5.594270e+00
7.833333e+00	-9.038562e-03	5.598630e+00
7.866667e+00	-8.405097e-03	5.602209e+00
7.900000e+00	-8.349389e-03	5.602523e+00
7.933333e+00	-8.670010e-03	5.600712e+00
7.966667e+00	-8.954600e-03	5.599104e+00
8	-8.993802e-03	5.598883e+00
8.033333e+00	-8.860358e-03	5.599636e+00
8.066667e+00	-8.732482e-03	5.600359e+00
8.100000e+00	-8.708717e-03	5.600493e+00
8.133333e+00	-8.763853e-03	5.600182e+00
8.166667e+00	-8.821078e-03	5.599858e+00
8.200000e+00	-8.834364e-03	5.599783e+00
8.233333e+00	-8.811783e-03	5.599911e+00
8.266667e+00	-8.786292e-03	5.600055e+00
8.300000e+00	-8.779230e-03	5.600095e+00
8.333333e+00	-8.788387e-03	5.600043e+00
8.366667e+00	-8.799690e-03	5.599979e+00
8.400000e+00	-8.803317e-03	5.599959e+00
8.433333e+00	-8.799648e-03	5.599979e+00
8.466667e+00	-8.794657e-03	5.600008e+00
8.500000e+00	-8.792840e-03	5.600018e+00
8.533333e+00	-8.794291e-03	5.600010e+00
8.566667e+00	-8.796484e-03	5.599997e+00
8.600000e+00	-8.797377e-03	5.599992e+00
8.633333e+00	-8.796814e-03	5.599995e+00
8.666667e+00	-8.795854e-03	5.600001e+00
8.700000e+00	-8.795422e-03	5.600003e+00
8.733333e+00	-8.795636e-03	5.600002e+00
8.766667e+00	-8.796054e-03	5.600000e+00
8.800000e+00	-8.784521e-03	5.600065e+00
8.833333e+00	-8.694695e-03	5.600572e+00
8.866667e+00	-8.377689e-03	5.602363e+00
8.900000e+00	-7.684180e-03	5.606281e+00
8.933333e+00	-6.612870e-03	5.612334e+00
8.966667e+00	-5.340585e-03	5.619522e+00
9	-4.084215e-03	5.626620e+00
9.033333e+00	-2.949196e-03	5.633033e+00
9.066667e+00	-1.903380e-03	5.638941e+00
9.100000e+00	-8.604824e-04	5.644833e+00
9.133333e+00	2.306099e-04	5.650998e+00
9.166667e+00	1.361279e-03	5.657386e+00
9.200000e+00	2.495435e-03	5.663793e+00
9.233333e+00	3.609565e-03	5.670088e+00
9.266667e+00	4.705915e-03	5.676282e+00
9.300000e+00	5.799813e-03	5.682462e+00
9.333333e+00	6.890306e-03	5.688623e+00
9.366667e+00	8.098613e-03	5.695449e+00
9.400000e+00	1.014161e-02	5.706992e+00
9.433333e+00	1.418972e-02	5.729862e+00
9.466667e+00	2.024845e-02	5.764092e+00
9.500000e+00	2.612676e-02	5.797303e+00
9.533333e+00	2.919203e-02	5.814621e+00
9.566667e+00	2.890872e-02	5.813020e+00
9.600000e+00	2.702776e-02	5.802393e+00
9.633333e+00	2.566396e-02	5.794688e+00
9.666667e+00	2.563239e-02	5.794510e+00
9.700000e+00	2.637901e-02	5.798728e+00
9.733333e+00	2.698429e-02	5.802148e+00
9.766667e+00	2.703221e-02	5.802419e+00
9.800000e+00	2.672173e-02	5.800664e+00
9.833333e+00	2.644963e-02	5.799127e+00
9.866667e+00	2.660225e-02	5.799989e+00
9.900000e+00	2.797974e-02	5.807772e+00
9.933333e+00	3.173536e-02	5.828990e+00
9.966667e+00	3.778250e-02	5.863154e+00
10	4.396362e-02	5.898076e+00
1.003333e+01	4.837336e-02	5.922989e+00
1.006667e+01	5.173914e-02	5.942005e+00
1.010000e+01	5.584400e-02	5.965196e+00
1.013333e+01	6.048759e-02	5.991431e+00
1.016667e+01	6.366409e-02	6.009377e+00
1.020000e+01	6.417151e-02	6.012244e+00
1.023333e+01	6.285161e-02	6.004787e+00
1.026667e+01	6.147628e-02	5.997017e+00
1.030000e+01	6.111277e-02	5.994963e+00
1.033333e+01	6.160449e-02	5.997741e+00
1.036667e+01	6.220042e-02	6.001108e+00
1.040000e+01	6.238814e-02	6.002169e+00
1.043333e+01	6.219332e-02	6.001068e+00
1.046667e+01	6.193167e-02	5.999590e+00
1.050000e+01	6.183789e-02	5.999060e+00
1.053333e+01	6.191502e-02	5.999496e+00
1.056667e+01	6.203001e-02	6.000145e+00
1.060000e+01	6.207614e-02	6.000406e+00
1.063333e+01	6.204610e-02	6.000236e+00
1.066667e+01	6.199575e-02	5.999952e+00
1.070000e+01	6.197338e-02	5.999825e+00
1.073333e+01	6.198483e-02	5.999890e+00
1.076667e+01	6.200679e-02	6.000014e+00
1.080000e+01	6.201749e-02	6.000075e+00
1.083333e+01	6.201325e-02	6.000051e+00
1.086667e+01	6.200372e-02	5.999997e+00
1.090000e+01	6.199865e-02	5.999968e+00
1.093333e+01	6.200016e-02	5.999977e+00
1.096667e+01	6.200428e-02	6.000000e+00
11	6.200666e-02	6.000013e+00
1.103333e+01	6.219398e-02	6.001072e+00
1.106667e+01	6.344033e-02	6.008113e+00
1.110000e+01	6.707248e-02	6.028634e+00
1.113333e+01	7.309801e-02	6.062676e+00
1.116667e+01	7.914558e-02	6.096843e+00
1.120000e+01	8.217468e-02	6.113957e+00
1.123333e+01	8.067136e-02	6.105463e+00
1.126667e+01	7.509530e-02	6.073960e+00
1.130000e+01	6.764204e-02	6.031852e+00
1.133333e+01	6.154872e-02	5.997426e+00
1.136667e+01	5.910394e-02	5.983614e+00
1.140000e+01	5.999264e-02	5.988635e+00
1.143333e+01	6.199084e-02	5.999924e+00
1.146667e+01	6.309784e-02	6.006178e+00
1.150000e+01	6.285973e-02	6.004833e+00
1.153333e+01	6.204902e-02	6.000253e+00
1.156667e+01	6.154905e-02	5.997428e+00
1.160000e+01	6.162122e-02	5.997836e+00
1.163333e+01	6.196558e-02	5.999781e+00
1.166667e+01	6.219501e-02	6.001078e+00
1.170000e+01	6.217698e-02	6.000976e+00
1.173333e+01	6.203026e-02	6.000147e+00
1.176667e+01	6.192498e-02	5.999552e+00
1.180000e+01	6.173888e-02	5.998501e+00
1.183333e+01	6.055296e-02	5.991800e+00
1.186667e+01	5.696776e-02	5.971545e+00
1.190000e+01	5.094436e-02	5.937515e+00
1.193333e+01	4.487134e-02	5.903204e+00
1.196667e+01	4.163310e-02	5.884909e+00
12	4.188620e-02	5.886339e+00
1.203333e+01	4.383965e-02	5.897375e+00
1.206667e+01	4.527716e-02	5.905497e+00
1.210000e+01	4.532509e-02	5.905768e+00
1.213333e+01	4.454903e-02	5.901383e+00
1.216667e+01	4.391118e-02	5.897780e+00
1.220000e+01	4.385461e-02	5.897460e+00
1.223333e+01	4.417708e-02	5.899282e+00
1.226667e+01	4.446363e-02	5.900901e+00
1.230000e+01	4.450330e-02	5.901125e+00
1.233333e+01	4.436910e-02	5.900367e+00
1.236667e+01	4.424036e-02	5.899639e+00
1.240000e+01	4.421634e-02	5.899504e+00
1.243333e+01	4.427178e-02	5.899817e+00
1.246667e+01	4.414156e-02	5.899081e+00
1.250000e+01	4.290686e-02	5.892105e+00
1.253333e+01	3.925090e-02	5.871450e+00
1.256667e+01	3.319986e-02	5.837264e+00
1.260000e+01	2.714592e-02	5.803061e+00
1.263333e+01	2.393871e-02	5.784941e+00
1.266667e+01	2.420525e-02	5.786447e+00
1.270000e+01	2.615139e-02	5.797442e+00
1.273333e+01	2.757535e-02	5.805487e+00
1.276667e+01	2.761683e-02	5.805721e+00
1.280000e+01	2.684350e-02	5.801352e+00
1.283333e+01	2.621153e-02	5.797782e+00
1.286667e+01	2.615803e-02	5.797480e+00
1.290000e+01	2.647951e-02	5.799296e+00
1.293333e+01	2.676352e-02	5.800900e+00
1.296667e+01	2.680175e-02	5.801116e+00
13	2.666789e-02	5.800360e+00
1.303333e+01	2.654024e-02	5.799639e+00
1.306667e+01	2.651689e-02	5.799507e+00
1.310000e+01	2.657223e-02	5.799820e+00
1.313333e+01	2.662937e-02	5.800143e+00
1.316667e+01	2.664248e-02	5.800217e+00
1.320000e+01	2.661980e-02	5.800089e+00
1.323333e+01	2.659434e-02	5.799945e+00
1.326667e+01	2.658736e-02	5.799905e+00
1.330000e+01	2.659656e-02	5.799957e+00
1.333333e+01	2.660785e-02	5.800021e+00
1.336667e+01	2.661144e-02	5.800041e+00
1.340000e+01	2.660775e-02	5.800020e+00
1.343333e+01	2.660277e-02	5.799992e+00
1.346667e+01	2.660096e-02	5.799982e+00
1.350000e+01	2.660242e-02	5.799990e+00
1.353333e+01	2.660462e-02	5.800003e+00
1.356667e+01	2.660550e-02	5.800008e+00
1.360000e+01	2.660493e-02	5.800005e+00
1.363333e+01	2.660397e-02	5.799999e+00
1.366667e+01	2.660355e-02	5.799997e+00
1.370000e+01	2.660376e-02	5.799998e+00
1.373333e+01	2.660418e-02	5.800000e+00
1.376667e+01	2.660438e-02	5.800001e+00
1.380000e+01	2.641647e-02	5.798940e+00
1.383333e+01	2.516818e-02	5.791887e+00
1.386667e+01	2.153483e-02	5.771360e+00
1.390000e+01	1.550947e-02	5.737319e+00
1.393333e+01	9.462738e-03	5.703156e+00
1.396667e+01	6.246362e-03	5.684985e+00
14	6.501520e-03	5.686426e+00
1.403333e+01	8.443967e-03	5.697401e+00
1.406667e+01	9.871596e-03	5.705466e+00
1.410000e+01	9.918101e-03	5.705729e+00
1.413333e+01	9.146611e-03	5.701370e+00
1.416667e+01	8.513203e-03	5.697792e+00
1.420000e+01	8.457485e-03	5.697477e+00
1.423333e+01	8.778067e-03	5.699288e+00
1.426667e+01	9.062631e-03	5.700896e+00
1.430000e+01	9.101835e-03	5.701117e+00
1.433333e+01	8.780577e-03	5.699302e+00
1.436667e+01	7.404599e-03	5.691528e+00
1.440000e+01	3.747578e-03	5.670867e+00
1.443333e+01	-2.222675e-03	5.637137e+00
1.446667e+01	-8.212268e-03	5.603298e+00
1.450000e+01	-1.141540e-02	5.585201e+00
1.453333e+01	-1.118281e-02	5.586515e+00
1.456667e+01	-9.265822e-03	5.597346e+00
1.460000e+01	-7.845233e-03	5.605372e+00
1.463333e+01	-7.789576e-03	5.605686e+00
1.466667e+01	-8.549778e-03	5.601391e+00
1.470000e+01	-9.179569e-03	5.597833e+00
1.473333e+01	-9.282301e-03	5.597253e+00
1.476667e+01	-9.298074e-03	5.597163e+00
1.480000e+01	-1.018514e-02	5.592152e+00
1.483333e+01	-1.270477e-02	5.577917e+00
1.486667e+01	-1.679172e-02	5.554827e+00
1.490000e+01	-2.161665e-02	5.527567e+00
1.493333e+01	-2.628005e-02	5.501221e+00
1.496667e+01	-3.041669e-02	5.477850e+00
15	-3.422125e-02	5.456355e+00
1.503333e+01	-3.805837e-02	5.434677e+00
1.506667e+01	-4.210919e-02	5.411791e+00
1.510000e+01	-4.626595e-02	5.388306e+00
1.513333e+01	-5.012941e-02	5.366479e+00
1.516667e+01	-5.296319e-02	5.350469e+00
1.520000e+01	-5.357984e-02	5.346985e+00
1.523333e+01	-5.045499e-02	5.364639e+00
1.526667e+01	-4.295271e-02	5.407025e+00
1.530000e+01	-3.313652e-02	5.462484e+00
1.533333e+01	-2.527358e-02	5.506907e+00
1.536667e+01	-2.242384e-02	5.523007e+00
1.540000e+01	-2.395102e-02	5.514379e+00
1.543333e+01	-2.689629e-02	5.497739e+00
1.546667e+01	-2.950380e-02	5.483007e+00
1.550000e+01	-3.285610e-02	5.464068e+00
1.553333e+01	-3.899225e-02	5.429400e+00
1.556667e+01	-4.804704e-02	5.378244e+00
1.560000e+01	-5.745013e-02	5.325119e+00
1.563333e+01	-6.391638e-02	5.288587e+00
1.566667e+01	-6.672869e-02	5.272698e+00
1.570000e+01	-6.862684e-02	5.261974e+00
1.573333e+01	-7.245436e-02	5.240350e+00
1.576667e+01	-7.771052e-02	5.210654e+00
1.580000e+01	-8.152844e-02	5.189084e+00
1.583333e+01	-8.218972e-02	5.185348e+00
1.586667e+01	-8.062202e-02	5.194205e+00
1.590000e+01	-7.915068e-02	5.202518e+00
1.593333e+01	-7.995459e-02	5.197976e+00
1.596667e+01	-8.417985e-02	5.174104e+00
16	-9.092684e-02	5.135986e+00
1.603333e+01	-9.720258e-02	5.100530e+00
1.606667e+01	-9.999622e-02	5.084747e+00
1.610000e+01	-9.817585e-02	5.095031e+00
1.613333e+01	-9.248577e-02	5.127178e+00
1.616667e+01	-8.512568e-02	5.168761e+00
1.620000e+01	-7.917171e-02	5.202399e+00
1.623333e+01	-7.678301e-02	5.215894e+00
1.626667e+01	-7.763543e-02	5.211078e+00
1.630000e+01	-7.957262e-02	5.200134e+00
1.633333e+01	-8.065245e-02	5.194033e+00
1.636667e+01	-8.042815e-02	5.195300e+00
1.640000e+01	-7.964404e-02	5.199730e+00
1.643333e+01	-7.915707e-02	5.202481e+00
1.646667e+01	-7.922413e-02	5.202103e+00
1.650000e+01	-7.955694e-02	5.200222e+00
1.653333e+01	-7.978022e-02	5.198961e+00
1.656667e+01	-7.976401e-02	5.199052e+00
1.660000e+01	-7.962228e-02	5.199853e+00
1.663333e+01	-7.951988e-02	5.200432e+00
1.666667e+01	-7.952100e-02	5.200425e+00
1.670000e+01	-7.958105e-02	5.200086e+00
1.673333e+01	-7.962777e-02	5.199822e+00
1.676667e+01	-7.962993e-02	5.199810e+00
1.680000e+01	-7.941681e-02	5.201014e+00
1.683333e+01	-7.814750e-02	5.208185e+00
1.686667e+01	-7.451213e-02	5.228724e+00
1.690000e+01	-6.849733e-02	5.262706e+00
1.693333e+01	-6.246009e-02	5.296814e+00
1.696667e+01	-5.924510e-02	5.314978e+00
17	-5.949587e-02	5.313561e+00
1.703333e+01	-6.143406e-02	5.302611e+00
1.706667e+01	-6.286086e-02	5.294550e+00
1.710000e+01	-6.309700e-02	5.293216e+00
1.713333e+01	-6.338770e-02	5.291574e+00
1.716667e+01	-6.513989e-02	5.281674e+00
1.720000e+01	-6.747556e-02	5.268478e+00
1.723333e+01	-6.781673e-02	5.266551e+00
1.726667e+01	-6.527066e-02	5.280935e+00
1.730000e+01	-6.202640e-02	5.299265e+00
1.733333e+01	-6.145415e-02	5.302498e+00
1.736667e+01	-6.547450e-02	5.279784e+00
1.740000e+01	-7.285714e-02	5.238074e+00
1.743333e+01	-7.977693e-02	5.198979e+00
1.746667e+01	-8.291242e-02	5.181265e+00
1.750000e+01	-8.209288e-02	5.185895e+00
1.753333e+01	-7.975159e-02	5.199123e+00
1.756667e+01	-7.833450e-02	5.207129e+00
1.760000e+01	-7.852628e-02	5.206045e+00
1.763333e+01	-7.947955e-02	5.200660e+00
1.766667e+01	-8.011869e-02	5.197049e+00
1.770000e+01	-8.007394e-02	5.197301e+00
1.773333e+01	-7.967080e-02	5.199579e+00
1.776667e+01	-7.937916e-02	5.201227e+00
1.780000e+01	-7.938207e-02	5.201210e+00
1.783333e+01	-7.955281e-02	5.200246e+00
1.786667e+01	-7.968577e-02	5.199494e+00
1.790000e+01	-7.969201e-02	5.199459e+00
1.793333e+01	-7.962010e-02	5.199866e+00
1.796667e+01	-7.955977e-02	5.200206e+00
18	-7.955373e-02	5.200240e+00
1.803333e+01	-7.958382e-02	5.200070e+00
1.806667e+01	-7.961104e-02	5.199917e+00
1.810000e+01	-7.961514e-02	5.199894e+00
1.813333e+01	-7.960264e-02	5.199964e+00
1.816667e+01	-7.959041e-02	5.200033e+00
1.820000e+01	-7.958799e-02	5.200047e+00
1.823333e+01	-7.959314e-02	5.200018e+00
1.826667e+01	-7.959861e-02	5.199987e+00
1.830000e+01	-7.959994e-02	5.199979e+00
1.833333e+01	-7.959783e-02	5.199991e+00
1.836667e+01	-7.959540e-02	5.200005e+00
1.840000e+01	-7.959470e-02	5.200009e+00
1.843333e+01	-7.959555e-02	5.200004e+00
1.846667e+01	-7.959663e-02	5.199998e+00
1.850000e+01	-7.959699e-02	5.199996e+00
1.853333e+01	-7.959665e-02	5.199998e+00
1.856667e+01	-7.959617e-02	5.200001e+00
1.860000e+01	-7.959599e-02	5.200002e+00
1.863333e+01	-7.959613e-02	5.200001e+00
1.866667e+01	-7.959634e-02	5.200000e+00
1.870000e+01	-7.959642e-02	5.199999e+00
1.873333e+01	-7.959637e-02	5.200000e+00
1.876667e+01	-7.959628e-02	5.200000e+00
1.880000e+01	-7.959624e-02	5.200000e+00
1.883333e+01	-7.959626e-02	5.200000e+00
1.886667e+01	-7.959630e-02	5.200000e+00
1.890000e+01	-7.959632e-02	5.200000e+00
1.893333e+01	-7.959631e-02	5.200000e+00
1.896667e+01	-7.959629e-02	5.200000e+00
19	-7.959628e-02	5.200000e+00
1.903333e+01	-7.978412e-02	5.198939e+00
1.906667e+01	-8.103224e-02	5.191887e+00
1.910000e+01	-8.466550e-02	5.171361e+00
1.913333e+01	-9.069088e-02	5.137319e+00
1.916667e+01	-9.673769e-02	5.103156e+00
1.920000e+01	-9.995411e-02	5.084985e+00
1.923333e+01	-9.969894e-02	5.086426e+00
1.926667e+01	-9.775646e-02	5.097401e+00
1.930000e+01	-9.632881e-02	5.105466e+00
1.933333e+01	-9.628231e-02	5.105729e+00
1.936667e+01	-9.705381e-02	5.101370e+00
1.940000e+01	-9.768723e-02	5.097792e+00
1.943333e+01	-9.774295e-02	5.097477e+00
1.946667e+01	-9.742236e-02	5.099288e+00
1.950000e+01	-9.713779e-02	5.100896e+00
1.953333e+01	-9.709859e-02	5.101117e+00
1.956667e+01	-9.723202e-02	5.100364e+00
1.960000e+01	-9.735989e-02	5.099641e+00
1.963333e+01	-9.738365e-02	5.099507e+00
1.966667e+01	-9.732852e-02	5.099818e+00
1.970000e+01	-9.727130e-02	5.100142e+00
1.973333e+01	-9.725801e-02	5.100217e+00
1.976667e+01	-9.728059e-02	5.100089e+00
1.980000e+01	-9.749391e-02	5.098884e+00
1.983333e+01	-9.874909e-02	5.091793e+00
1.986667e+01	-1.023732e-01	5.071317e+00
1.990000e+01	-1.083873e-01	5.037340e+00
1.993333e+01	-1.144305e-01	5.003198e+00
1.996667e+01	-1.176505e-01	4.985005e+00
20	-1.174004e-01	4.986419e+00
2.003333e+01	-1.154597e-01	4.997383e+00
2.006667e+01	-1.140306e-01	5.005457e+00
2.010000e+01	-1.139819e-01	5.005732e+00
2.013333e+01	-1.147525e-01	5.001378e+00
2.016667e+01	-1.153865e-01	4.997796e+00
2.020000e+01	-1.154432e-01	4.997476e+00
2.023333e+01	-1.151230e-01	4.999285e+00
2.026667e+01	-1.148382e-01	5.000894e+00
2.030000e+01	-1.147986e-01	5.001118e+00
2.033333e+01	-1.149318e-01	5.000365e+00
2.036667e+01	-1.150598e-01	4.999642e+00
2.040000e+01	-1.150837e-01	4.999507e+00
2.043333e+01	-1.150287e-01	4.999818e+00
2.046667e+01	-1.149714e-01	5.000141e+00
2.050000e+01	-1.149581e-01	5.000217e+00
2.053333e+01	-1.149806e-01	5.000089e+00
2.056667e+01	-1.150061e-01	4.999945e+00
2.060000e+01	-1.150132e-01	4.999905e+00
2.063333e+01	-1.150041e-01	4.999957e+00
2.066667e+01	-1.149928e-01	5.000021e+00
2.070000e+01	-1.149891e-01	5.000041e+00
2.073333e+01	-1.149928e-01	5.000021e+00
2.076667e+01	-1.149978e-01	4.999992e+00
2.080000e+01	-1.149996e-01	4.999982e+00
2.083333e+01	-1.149982e-01	4.999990e+00
2.086667e+01	-1.149960e-01	5.000003e+00
2.090000e+01	-1.149951e-01	5.000008e+00
2.093333e+01	-1.149956e-01	5.000005e+00
2.096667e+01	-1.149966e-01	4.999999e+00
21	-1.149970e-01	4.999997e+00
2.103333e+01	-1.149968e-01	4.999998e+00
2.106667e+01	-1.149964e-01	5.000000e+00
2.110000e+01	-1.151840e-01	4.998940e+00
2.113333e+01	-1.164322e-01	4.991888e+00
2.116667e+01	-1.200656e-01	4.971361e+00
2.120000e+01	-1.260911e-01	4.937318e+00
2.123333e+01	-1.321379e-01	4.903156e+00
2.126667e+01	-1.353543e-01	4.884985e+00
2.130000e+01	-1.350990e-01	4.886426e+00
2.133333e+01	-1.329687e-01	4.898462e+00
2.136667e+01	-1.302930e-01	4.913579e+00
2.140000e+01	-1.266133e-01	4.934368e+00
2.143333e+01	-1.213594e-01	4.964051e+00
2.146667e+01	-1.159460e-01	4.994635e+00
2.150000e+01	-1.127853e-01	5.012492e+00
2.153333e+01	-1.127198e-01	5.012862e+00
2.156667e+01	-1.143778e-01	5.003495e+00
2.160000e+01	-1.157662e-01	4.995651e+00
2.163333e+01	-1.159461e-01	4.994634e+00
2.166667e+01	-1.154903e-01	4.997210e+00
2.170000e+01	-1.161288e-01	4.993603e+00
2.173333e+01	-1.196512e-01	4.973702e+00
2.176667e+01	-1.259400e-01	4.938172e+00
2.180000e+01	-1.322581e-01	4.902477e+00
2.183333e+01	-1.355363e-01	4.883956e+00
2.186667e+01	-1.351731e-01	4.886008e+00
2.190000e+01	-1.331099e-01	4.897665e+00
2.193333e+01	-1.316493e-01	4.905916e+00
2.196667e+01	-1.314588e-01	4.906993e+00
22	-1.310358e-01	4.909383e+00
2.203333e+01	-1.280529e-01	4.926235e+00
2.206667e+01	-1.220656e-01	4.960061e+00
2.210000e+01	-1.156746e-01	4.996169e+00
2.213333e+01	-1.121651e-01	5.015996e+00
2.216667e+01	-1.123880e-01	5.014737e+00
2.220000e+01	-1.144743e-01	5.002950e+00
2.223333e+01	-1.160340e-01	4.994138e+00
2.226667e+01	-1.161016e-01	4.993756e+00
2.230000e+01	-1.152704e-01	4.998452e+00
2.233333e+01	-1.145777e-01	5.002366e+00
2.236667e+01	-1.145097e-01	5.002750e+00
2.240000e+01	-1.148549e-01	5.000800e+00
2.243333e+01	-1.151659e-01	4.999042e+00
2.246667e+01	-1.152118e-01	4.998783e+00
2.250000e+01	-1.150684e-01	4.999594e+00
2.253333e+01	-1.149287e-01	5.000383e+00
2.256667e+01	-1.149015e-01	5.000537e+00
2.260000e+01	-1.149606e-01	5.000202e+00
2.263333e+01	-1.150231e-01	4.999850e+00
2.266667e+01	-1.150381e-01	4.999764e+00
2.270000e+01	-1.150139e-01	4.999901e+00
2.273333e+01	-1.149862e-01	5.000058e+00
2.276667e+01	-1.149782e-01	5.000103e+00
2.280000e+01	-1.149880e-01	5.000048e+00
2.283333e+01	-1.150003e-01	4.999978e+00
2.286667e+01	-1.150044e-01	4.999955e+00
2.290000e+01	-1.150005e-01	4.999977e+00
2.293333e+01	-1.149950e-01	5.000008e+00
2.296667e+01	-1.149930e-01	5.000019e+00
23	-1.149945e-01	5.000011e+00
2.303333e+01	-1.149969e-01	4.999997e+00
2.306667e+01	-1.149979e-01	4.999992e+00
2.310000e+01	-1.149973e-01	4.999995e+00
2.313333e+01	-1.149963e-01	5.000001e+00
2.316667e+01	-1.149958e-01	5.000004e+00
2.320000e+01	-1.149960e-01	5.000002e+00
2.323333e+01	-1.149965e-01	5.000000e+00
2.326667e+01	-1.149967e-01	4.999998e+00
2.330000e+01	-1.149966e-01	4.999999e+00
2.333333e+01	-1.149964e-01	5.000000e+00
2.336667e+01	-1.149963e-01	5.000001e+00
2.340000e+01	-1.149964e-01	5.000000e+00
2.343333e+01	-1.149964e-01	5.000000e+00
2.346667e+01	-1.149965e-01	5.000000e+00
2.350000e+01	-1.149965e-01	5.000000e+00
2.353333e+01	-1.149964e-01	5.000000e+00
2.356667e+01	-1.149964e-01	5.000000e+00
2.360000e+01	-1.149964e-01	5.000000e+00
2.363333e+01	-1.149964e-01	5.000000e+00
2.366667e+01	-1.149964e-01	5.000000e+00
2.370000e+01	-1.149964e-01	5.000000e+00
2.373333e+01	-1.149964e-01	5.000000e+00
2.376667e+01	-1.149964e-01	5.000000e+00
2.380000e+01	-1.149964e-01	5.000000e+00
2.383333e+01	-1.149964e-01	5.000000e+00
2.386667e+01	-1.149964e-01	5.000000e+00
2.390000e+01	-1.149964e-01	5.000000e+00
2.393333e+01	-1.149964e-01	5.000000e+00
2.396667e+01	-1.149964e-01	5.000000e+00
24	-1.149964e-01	5.000000e+00
2.403333e+01	-1.149964e-01	5.000000e+00
2.406667e+01	-1.148086e-01	5.001061e+00
2.410000e+01	-1.135605e-01	5.008113e+00
2.413333e+01	-1.099272e-01	5.028639e+00
2.416667e+01	-1.040897e-01	5.061620e+00
2.420000e+01	-9.929099e-02	5.088731e+00
2.423333e+01	-9.970782e-02	5.086376e+00
2.426667e+01	-1.059884e-01	5.050893e+00
2.430000e+01	-1.139777e-01	5.005756e+00
2.433333e+01	-1.186217e-01	4.979518e+00
2.436667e+01	-1.186009e-01	4.979636e+00
2.440000e+01	-1.171350e-01	4.987918e+00
2.443333e+01	-1.187072e-01	4.979035e+00
2.446667e+01	-1.246304e-01	4.945571e+00
2.450000e+01	-1.315815e-01	4.906300e+00
2.453333e+01	-1.344677e-01	4.889993e+00
2.456667e+01	-1.306742e-01	4.911425e+00
2.460000e+01	-1.222524e-01	4.959006e+00
2.463333e+01	-1.143655e-01	5.003565e+00
2.466667e+01	-1.110396e-01	5.022355e+00
2.470000e+01	-1.122548e-01	5.015489e+00
2.473333e+01	-1.150158e-01	4.999891e+00
2.476667e+01	-1.165362e-01	4.991301e+00
2.480000e+01	-1.161844e-01	4.993288e+00
2.483333e+01	-1.152335e-01	4.998661e+00
2.486667e+01	-1.157886e-01	4.995524e+00
2.490000e+01	-1.195313e-01	4.974379e+00
2.493333e+01	-1.260419e-01	4.937596e+00
2.496667e+01	-1.324078e-01	4.901631e+00
25	-1.355954e-01	4.883622e+00
2.503333e+01	-1.351333e-01	4.886233e+00
2.506667e+01	-1.330443e-01	4.898035e+00
2.510000e+01	-1.314327e-01	4.907140e+00
2.513333e+01	-1.302259e-01	4.913958e+00
2.516667e+01	-1.274311e-01	4.929748e+00
2.520000e+01	-1.220413e-01	4.960199e+00
2.523333e+01	-1.160132e-01	4.994256e+00
2.526667e+01	-1.124457e-01	5.014411e+00
2.530000e+01	-1.124137e-01	5.014592e+00
2.533333e+01	-1.143325e-01	5.003751e+00
2.536667e+01	-1.159073e-01	4.994854e+00
2.540000e+01	-1.160836e-01	4.993858e+00
2.543333e+01	-1.153294e-01	4.998119e+00
2.546667e+01	-1.148225e-01	5.000983e+00
2.550000e+01	-1.159565e-01	4.994576e+00
2.553333e+01	-1.197119e-01	4.973359e+00
2.556667e+01	-1.249869e-01	4.943557e+00
2.560000e+01	-1.285261e-01	4.923562e+00
2.563333e+01	-1.279748e-01	4.926676e+00
2.566667e+01	-1.239267e-01	4.949547e+00
2.570000e+01	-1.187683e-01	4.978690e+00
2.573333e+01	-1.149134e-01	5.000469e+00
2.576667e+01	-1.136931e-01	5.007363e+00
2.580000e+01	-1.147974e-01	5.001125e+00
2.583333e+01	-1.168262e-01	4.989662e+00
2.586667e+01	-1.185653e-01	4.979837e+00
2.590000e+01	-1.197189e-01	4.973320e+00
2.593333e+01	-1.206654e-01	4.967972e+00
2.596667e+01	-1.218176e-01	4.961463e+00
26	-1.232573e-01	4.953329e+00
2.603333e+01	-1.248036e-01	4.944593e+00
2.606667e+01	-1.262663e-01	4.936329e+00
2.610000e+01	-1.276008e-01	4.928789e+00
2.613333e+01	-1.288825e-01	4.921548e+00
2.616667e+01	-1.301821e-01	4.914206e+00
2.620000e+01	-1.314418e-01	4.907089e+00
2.623333e+01	-1.324477e-01	4.901406e+00
2.626667e+01	-1.329779e-01	4.898410e+00
2.630000e+01	-1.330184e-01	4.898181e+00
2.633333e+01	-1.327993e-01	4.899419e+00
2.636667e+01	-1.326044e-01	4.900521e+00
2.640000e+01	-1.325694e-01	4.900718e+00
2.643333e+01	-1.326501e-01	4.900262e+00
2.646667e+01	-1.327327e-01	4.899795e+00
2.650000e+01	-1.329393e-01	4.898628e+00
2.653333e+01	-1.341547e-01	4.891762e+00
2.656667e+01	-1.377515e-01	4.871441e+00
2.660000e+01	-1.437670e-01	4.837455e+00
2.663333e+01	-1.498272e-01	4.803217e+00
2.666667e+01	-1.530597e-01	4.784954e+00
2.670000e+01	-1.528096e-01	4.786367e+00
2.673333e+01	-1.508618e-01	4.797372e+00
2.676667e+01	-1.494270e-01	4.805478e+00
2.680000e+01	-1.493780e-01	4.805755e+00
2.683333e+01	-1.501516e-01	4.801384e+00
2.686667e+01	-1.507882e-01	4.797788e+00
2.690000e+01	-1.508451e-01	4.797466e+00
2.693333e+01	-1.505237e-01	4.799282e+00
2.696667e+01	-1.502378e-01	4.800897e+00
27	-1.501980e-01	4.801122e+00
2.703333e+01	-1.503317e-01	4.800367e+00
2.706667e+01	-1.504602e-01	4.799641e+00
2.710000e+01	-1.504842e-01	4.799505e+00
2.713333e+01	-1.506168e-01	4.798756e+00
2.716667e+01	-1.518074e-01	4.792029e+00
2.720000e+01	-1.554273e-01	4.771578e+00
2.723333e+01	-1.614753e-01	4.737409e+00
2.726667e+01	-1.675477e-01	4.703101e+00
2.730000e+01	-1.707712e-01	4.684889e+00
2.733333e+01	-1.703191e-01	4.687444e+00
2.736667e+01	-1.671171e-01	4.705534e+00
2.740000e+01	-1.620526e-01	4.734147e+00
2.743333e+01	-1.559844e-01	4.768431e+00
2.746667e+01	-1.507141e-01	4.798206e+00
2.750000e+01	-1.481329e-01	4.812789e+00
2.753333e+01	-1.484423e-01	4.811041e+00
2.756667e+01	-1.500620e-01	4.801890e+00
2.760000e+01	-1.512042e-01	4.795437e+00
2.763333e+01	-1.512120e-01	4.795393e+00
2.766667e+01	-1.503871e-01	4.800054e+00
2.770000e+01	-1.486339e-01	4.809959e+00
2.773333e+01	-1.449685e-01	4.830667e+00
2.776667e+01	-1.392081e-01	4.863211e+00
2.780000e+01	-1.333884e-01	4.896091e+00
2.783333e+01	-1.301980e-01	4.914116e+00
2.786667e+01	-1.303425e-01	4.913299e+00
2.790000e+01	-1.321827e-01	4.902903e+00
2.793333e+01	-1.335936e-01	4.894932e+00
2.796667e+01	-1.336860e-01	4.894409e+00
28	-1.329604e-01	4.898509e+00
2.803333e+01	-1.323366e-01	4.902033e+00
2.806667e+01	-1.322621e-01	4.902455e+00
2.810000e+01	-1.325622e-01	4.900759e+00
2.813333e+01	-1.328415e-01	4.899181e+00
2.816667e+01	-1.328884e-01	4.898916e+00
2.820000e+01	-1.327641e-01	4.899618e+00
2.823333e+01	-1.326389e-01	4.900325e+00
2.826667e+01	-1.326121e-01	4.900477e+00
2.830000e+01	-1.326632e-01	4.900188e+00
2.833333e+01	-1.327190e-01	4.899873e+00
2.836667e+01	-1.327335e-01	4.899791e+00
2.840000e+01	-1.327127e-01	4.899908e+00
2.843333e+01	-1.326879e-01	4.900049e+00
2.846667e+01	-1.326804e-01	4.900091e+00
2.850000e+01	-1.326887e-01	4.900044e+00
2.853333e+01	-1.326997e-01	4.899982e+00
2.856667e+01	-1.327035e-01	4.899960e+00
2.860000e+01	-1.327002e-01	4.899979e+00
2.863333e+01	-1.326954e-01	4.900006e+00
2.866667e+01	-1.326935e-01	4.900017e+00
2.870000e+01	-1.326948e-01	4.900010e+00
2.873333e+01	-1.325091e-01	4.901059e+00
2.876667e+01	-1.312619e-01	4.908105e+00
2.880000e+01	-1.276281e-01	4.928635e+00
2.883333e+01	-1.216018e-01	4.962682e+00
2.886667e+01	-1.155546e-01	4.996847e+00
2.890000e+01	-1.123383e-01	5.015018e+00
2.893333e+01	-1.125939e-01	5.013574e+00
2.896667e+01	-1.145366e-01	5.002598e+00
29	-1.159642e-01	4.994533e+00
2.903333e+01	-1.161694e-01	4.993373e+00
2.906667e+01	-1.164539e-01	4.991766e+00
2.910000e+01	-1.188948e-01	4.977975e+00
2.913333e+01	-1.239231e-01	4.949567e+00
2.916667e+01	-1.292498e-01	4.919473e+00
2.920000e+01	-1.318660e-01	4.904692e+00
2.923333e+01	-1.308359e-01	4.910512e+00
2.926667e+01	-1.277402e-01	4.928002e+00
2.930000e+01	-1.248384e-01	4.944396e+00
2.933333e+01	-1.232289e-01	4.953489e+00
2.936667e+01	-1.225399e-01	4.957382e+00
2.940000e+01	-1.218460e-01	4.961302e+00
2.943333e+01	-1.206229e-01	4.968212e+00
2.946667e+01	-1.189861e-01	4.977459e+00
2.950000e+01	-1.173427e-01	4.986744e+00
2.953333e+01	-1.158292e-01	4.995295e+00
2.956667e+01	-1.137218e-01	5.007201e+00
2.960000e+01	-1.097122e-01	5.029855e+00
2.963333e+01	-1.036828e-01	5.063919e+00
2.966667e+01	-9.779502e-02	5.097183e+00
2.970000e+01	-9.470512e-02	5.114640e+00
2.973333e+01	-9.497591e-02	5.113110e+00
2.976667e+01	-9.686204e-02	5.102454e+00
2.980000e+01	-9.823738e-02	5.094684e+00
2.983333e+01	-9.827504e-02	5.094471e+00
2.986667e+01	-9.771434e-02	5.097639e+00
2.990000e+01	-9.835211e-02	5.094035e+00
2.993333e+01	-1.019346e-01	5.073796e+00
2.996667e+01	-1.082711e-01	5.037996e+00
30	-1.145921e-01	5.002284e+00
3.003333e+01	-1.178451e-01	4.983906e+00
3.006667e+01	-1.174604e-01	4.986079e+00
3.010000e+01	-1.153946e-01	4.997750e+00
3.013333e+01	-1.139446e-01	5.005943e+00
3.016667e+01	-1.139517e-01	5.005903e+00
3.020000e+01	-1.147784e-01	5.001232e+00
3.023333e+01	-1.154244e-01	4.997582e+00
3.026667e+01	-1.154581e-01	4.997392e+00
3.030000e+01	-1.151129e-01	4.999342e+00
3.033333e+01	-1.148216e-01	5.000988e+00
3.036667e+01	-1.147914e-01	5.001159e+00
3.040000e+01	-1.149357e-01	5.000343e+00
3.043333e+01	-1.150670e-01	4.999601e+00
3.046667e+01	-1.150872e-01	4.999487e+00
3.050000e+01	-1.150273e-01	4.999826e+00
3.053333e+01	-1.149683e-01	5.000159e+00
3.056667e+01	-1.149564e-01	5.000226e+00
3.060000e+01	-1.149811e-01	5.000086e+00
3.063333e+01	-1.150075e-01	4.999938e+00
3.066667e+01	-1.150140e-01	4.999901e+00
3.070000e+01	-1.150039e-01	4.999958e+00
3.073333e+01	-1.149922e-01	5.000024e+00
3.076667e+01	-1.149888e-01	5.000043e+00
3.080000e+01	-1.149928e-01	5.000020e+00
3.083333e+01	-1.149980e-01	4.999991e+00
3.086667e+01	-1.148119e-01	5.001042e+00
3.090000e+01	-1.135622e-01	5.008103e+00
3.093333e+01	-1.099267e-01	5.028643e+00
3.096667e+01	-1.039004e-01	5.062689e+00
31	-9.766640e-02	5.097909e+00
3.103333e+01	-9.320287e-02	5.123127e+00
3.106667e+01	-8.982521e-02	5.142210e+00
3.110000e+01	-8.574206e-02	5.165278e+00
3.113333e+01	-8.112246e-02	5.191378e+00
3.116667e+01	-7.795234e-02	5.209288e+00
3.120000e+01	-7.762392e-02	5.211143e+00
3.123333e+01	-8.018129e-02	5.196695e+00
3.126667e+01	-8.518658e-02	5.168417e+00
3.130000e+01	-9.157902e-02	5.132301e+00
3.133333e+01	-9.713881e-02	5.100890e+00
3.136667e+01	-9.976097e-02	5.086076e+00
3.140000e+01	-9.931667e-02	5.088586e+00
3.143333e+01	-9.756695e-02	5.098471e+00
3.146667e+01	-9.640012e-02	5.105064e+00
3.150000e+01	-9.644795e-02	5.104793e+00
3.153333e+01	-9.714323e-02	5.100865e+00
3.156667e+01	-9.766206e-02	5.097934e+00
3.160000e+01	-9.767143e-02	5.097881e+00
3.163333e+01	-9.738049e-02	5.099525e+00
3.166667e+01	-9.714609e-02	5.100849e+00
3.170000e+01	-9.712932e-02	5.100944e+00
3.173333e+01	-9.725147e-02	5.100254e+00
3.176667e+01	-9.735748e-02	5.099655e+00
3.180000e+01	-9.737051e-02	5.099581e+00
3.183333e+01	-9.731955e-02	5.099869e+00
3.186667e+01	-9.727181e-02	5.100139e+00
3.190000e+01	-9.726360e-02	5.100185e+00
3.193333e+01	-9.728471e-02	5.100066e+00
3.196667e+01	-9.730610e-02	5.099945e+00
32	-9.731078e-02	5.099919e+00
3.203333e+01	-9.711428e-02	5.101029e+00
3.206667e+01	-9.585663e-02	5.108134e+00
3.210000e+01	-9.222085e-02	5.128675e+00
3.213333e+01	-8.619899e-02	5.162697e+00
3.216667e+01	-8.015642e-02	5.196835e+00
3.220000e+01	-7.694130e-02	5.215000e+00
3.223333e+01	-7.719505e-02	5.213566e+00
3.226667e+01	-7.913566e-02	5.202602e+00
3.230000e+01	-8.056265e-02	5.194540e+00
3.233333e+01	-8.060972e-02	5.194274e+00
3.236667e+01	-7.983904e-02	5.198629e+00
3.240000e+01	-7.920594e-02	5.202205e+00
3.243333e+01	-7.915001e-02	5.202521e+00
3.246667e+01	-7.928240e-02	5.201773e+00
3.250000e+01	-7.831870e-02	5.207218e+00
3.253333e+01	-7.472473e-02	5.227523e+00
3.256667e+01	-6.856608e-02	5.262317e+00
3.260000e+01	-6.257931e-02	5.296141e+00
3.263333e+01	-6.058720e-02	5.307396e+00
3.266667e+01	-6.453069e-02	5.285116e+00
3.270000e+01	-7.255573e-02	5.239777e+00
3.273333e+01	-8.004349e-02	5.197473e+00
3.276667e+01	-8.328387e-02	5.179166e+00
3.280000e+01	-8.241956e-02	5.184049e+00
3.283333e+01	-8.108470e-02	5.191591e+00
3.286667e+01	-8.324374e-02	5.179393e+00
3.290000e+01	-8.955450e-02	5.143739e+00
3.293333e+01	-9.647318e-02	5.104651e+00
3.296667e+01	-9.911045e-02	5.089751e+00
33	-9.513932e-02	5.112187e+00
3.303333e+01	-8.672119e-02	5.159747e+00
3.306667e+01	-7.893984e-02	5.203709e+00
3.310000e+01	-7.569504e-02	5.222041e+00
3.313333e+01	-7.691325e-02	5.215158e+00
3.316667e+01	-7.981757e-02	5.198750e+00
3.320000e+01	-8.254928e-02	5.183317e+00
3.323333e+01	-8.582740e-02	5.164796e+00
3.326667e+01	-9.073264e-02	5.137083e+00
3.330000e+01	-9.610312e-02	5.106741e+00
3.333333e+01	-9.943134e-02	5.087938e+00
3.336667e+01	-9.965366e-02	5.086682e+00
3.340000e+01	-9.802273e-02	5.095896e+00
3.343333e+01	-9.655238e-02	5.104203e+00
3.346667e+01	-9.620641e-02	5.106158e+00
3.350000e+01	-9.649672e-02	5.104518e+00
3.353333e+01	-9.639522e-02	5.105091e+00
3.356667e+01	-9.539467e-02	5.110744e+00
3.360000e+01	-9.378240e-02	5.119853e+00
3.363333e+01	-9.215935e-02	5.129023e+00
3.366667e+01	-9.087296e-02	5.136290e+00
3.370000e+01	-8.986111e-02	5.142007e+00
3.373333e+01	-8.887418e-02	5.147583e+00
3.376667e+01	-8.774942e-02	5.153937e+00
3.380000e+01	-8.650169e-02	5.160987e+00
3.383333e+01	-8.523647e-02	5.168135e+00
3.386667e+01	-8.402840e-02	5.174960e+00
3.390000e+01	-8.287549e-02	5.181474e+00
3.393333e+01	-8.155775e-02	5.188918e+00
3.396667e+01	-7.923935e-02	5.202017e+00
34	-7.475336e-02	5.227361e+00
3.403333e+01	-6.827111e-02	5.263984e+00
3.406667e+01	-6.218020e-02	5.298396e+00
3.410000e+01	-5.914509e-02	5.315543e+00
3.413333e+01	-5.956765e-02	5.313156e+00
3.416667e+01	-6.154411e-02	5.301989e+00
3.420000e+01	-6.290570e-02	5.294297e+00
3.423333e+01	-6.306929e-02	5.293373e+00
3.426667e+01	-6.352815e-02	5.290780e+00
3.430000e+01	-6.655461e-02	5.273682e+00
3.433333e+01	-7.255541e-02	5.239779e+00
3.436667e+01	-7.893196e-02	5.203753e+00
3.440000e+01	-8.242218e-02	5.184035e+00
3.443333e+01	-8.220496e-02	5.185262e+00
3.446667e+01	-8.022014e-02	5.196475e+00
3.450000e+01	-7.900687e-02	5.203330e+00
3.453333e+01	-7.968232e-02	5.199514e+00
3.456667e+01	-8.165402e-02	5.188375e+00
3.460000e+01	-8.370015e-02	5.176814e+00
3.463333e+01	-8.510667e-02	5.168868e+00
3.466667e+01	-8.597305e-02	5.163973e+00
3.470000e+01	-8.677915e-02	5.159419e+00
3.473333e+01	-8.784645e-02	5.153389e+00
3.476667e+01	-8.915341e-02	5.146005e+00
3.480000e+01	-9.049840e-02	5.138406e+00
3.483333e+01	-9.173506e-02	5.131420e+00
3.486667e+01	-9.286441e-02	5.125039e+00
3.490000e+01	-9.395920e-02	5.118854e+00
3.493333e+01	-9.501540e-02	5.112887e+00
3.496667e+01	-9.570201e-02	5.109008e+00
35	-9.500936e-02	5.112921e+00
3.503333e+01	-9.166924e-02	5.131792e+00
3.506667e+01	-8.586074e-02	5.164608e+00
3.510000e+01	-8.004295e-02	5.197477e+00
3.513333e+01	-7.700371e-02	5.214647e+00
3.516667e+01	-7.730923e-02	5.212921e+00
3.520000e+01	-7.919587e-02	5.202262e+00
3.523333e+01	-8.073547e-02	5.193564e+00
3.526667e+01	-8.199989e-02	5.186420e+00
3.530000e+01	-8.488068e-02	5.170145e+00
3.533333e+01	-9.030501e-02	5.139499e+00
3.536667e+01	-9.631074e-02	5.105568e+00
3.540000e+01	-9.984069e-02	5.085625e+00
3.543333e+01	-9.985610e-02	5.085538e+00
3.546667e+01	-9.794586e-02	5.096331e+00
3.550000e+01	-9.638737e-02	5.105136e+00
3.553333e+01	-9.621907e-02	5.106086e+00
3.556667e+01	-9.697009e-02	5.101843e+00
3.560000e+01	-9.765773e-02	5.097958e+00
3.563333e+01	-9.776805e-02	5.097335e+00
3.566667e+01	-9.745921e-02	5.099080e+00
3.570000e+01	-9.715236e-02	5.100814e+00
3.573333e+01	-9.708879e-02	5.101173e+00
3.576667e+01	-9.721587e-02	5.100455e+00
3.580000e+01	-9.735281e-02	5.099681e+00
3.583333e+01	-9.738740e-02	5.099486e+00
3.586667e+01	-9.733556e-02	5.099779e+00
3.590000e+01	-9.727469e-02	5.100122e+00
3.593333e+01	-9.725662e-02	5.100225e+00
3.596667e+01	-9.727753e-02	5.100106e+00
36	-9.730447e-02	5.099954e+00
3.603333e+01	-9.731364e-02	5.099902e+00
3.606667e+01	-9.749314e-02	5.098888e+00
3.610000e+01	-9.872938e-02	5.091904e+00
3.613333e+01	-1.023581e-01	5.071403e+00
3.616667e+01	-1.083867e-01	5.037343e+00
3.620000e+01	-1.142509e-01	5.004212e+00
3.623333e+01	-1.162215e-01	4.993079e+00
3.626667e+01	-1.123318e-01	5.015055e+00
3.630000e+01	-1.043616e-01	5.060083e+00
3.633333e+01	-9.688611e-02	5.102318e+00
3.636667e+01	-9.362366e-02	5.120750e+00
3.640000e+01	-9.465132e-02	5.114944e+00
3.643333e+01	-9.722772e-02	5.100388e+00
3.646667e+01	-9.871092e-02	5.092008e+00
3.650000e+01	-9.843641e-02	5.093559e+00
3.653333e+01	-9.738009e-02	5.099527e+00
3.656667e+01	-9.670753e-02	5.103327e+00
3.660000e+01	-9.678543e-02	5.102887e+00
3.663333e+01	-9.723399e-02	5.100352e+00
3.666667e+01	-9.754231e-02	5.098610e+00
3.670000e+01	-9.752630e-02	5.098701e+00
3.673333e+01	-9.733560e-02	5.099778e+00
3.676667e+01	-9.719445e-02	5.100576e+00
3.680000e+01	-9.719330e-02	5.100582e+00
3.683333e+01	-9.746178e-02	5.099065e+00
3.686667e+01	-9.877417e-02	5.091651e+00
3.690000e+01	-1.024115e-01	5.071101e+00
3.693333e+01	-1.084030e-01	5.037251e+00
3.696667e+01	-1.144207e-01	5.003253e+00
37	-1.176338e-01	4.985100e+00
3.703333e+01	-1.173927e-01	4.986462e+00
3.706667e+01	-1.154634e-01	4.997362e+00
3.710000e+01	-1.140379e-01	5.005415e+00
3.713333e+01	-1.139855e-01	5.005711e+00
3.716667e+01	-1.147512e-01	5.001386e+00
3.720000e+01	-1.153833e-01	4.997814e+00
3.723333e+01	-1.154415e-01	4.997486e+00
3.726667e+01	-1.151235e-01	4.999282e+00
3.730000e+01	-1.148396e-01	5.000886e+00
3.733333e+01	-1.147994e-01	5.001113e+00
3.736667e+01	-1.149317e-01	5.000366e+00
3.740000e+01	-1.150592e-01	4.999645e+00
3.743333e+01	-1.150834e-01	4.999509e+00
3.746667e+01	-1.150287e-01	4.999817e+00
3.750000e+01	-1.149717e-01	5.000140e+00
3.753333e+01	-1.149583e-01	5.000216e+00
3.756667e+01	-1.149806e-01	5.000089e+00
3.760000e+01	-1.150060e-01	4.999946e+00
3.763333e+01	-1.150131e-01	4.999906e+00
3.766667e+01	-1.150041e-01	4.999957e+00
3.770000e+01	-1.149928e-01	5.000020e+00
3.773333e+01	-1.148013e-01	5.001102e+00
3.776667e+01	-1.135568e-01	5.008133e+00
3.780000e+01	-1.099286e-01	5.028632e+00
3.783333e+01	-1.039050e-01	5.062663e+00
3.786667e+01	-9.785676e-02	5.096834e+00
3.790000e+01	-9.463816e-02	5.115018e+00
3.793333e+01	-9.470460e-02	5.114643e+00
3.796667e+01	-9.539952e-02	5.110717e+00
38	-9.319487e-02	5.123172e+00
3.803333e+01	-8.721642e-02	5.156949e+00
3.806667e+01	-8.039789e-02	5.195471e+00
3.810000e+01	-7.654764e-02	5.217224e+00
3.813333e+01	-7.674688e-02	5.216098e+00
3.816667e+01	-7.901003e-02	5.203312e+00
3.820000e+01	-8.072243e-02	5.193638e+00
3.823333e+01	-8.080823e-02	5.193153e+00
3.826667e+01	-7.990327e-02	5.198266e+00
3.830000e+01	-7.914191e-02	5.202567e+00
3.833333e+01	-7.906238e-02	5.203016e+00
3.836667e+01	-7.943811e-02	5.200894e+00
3.840000e+01	-7.977993e-02	5.198963e+00
3.843333e+01	-7.983244e-02	5.198666e+00
3.846667e+01	-7.967643e-02	5.199547e+00
3.850000e+01	-7.952306e-02	5.200414e+00
3.853333e+01	-7.949222e-02	5.200588e+00
3.856667e+01	-7.955651e-02	5.200225e+00
3.860000e+01	-7.962504e-02	5.199838e+00
3.863333e+01	-7.964196e-02	5.199742e+00
3.866667e+01	-7.961571e-02	5.199890e+00
3.870000e+01	-7.958523e-02	5.200063e+00
3.873333e+01	-7.976418e-02	5.199052e+00
3.876667e+01	-8.102290e-02	5.191940e+00
3.880000e+01	-8.466965e-02	5.171337e+00
3.883333e+01	-9.069955e-02	5.137270e+00
3.886667e+01	-9.674213e-02	5.103131e+00
3.890000e+01	-9.995260e-02	5.084993e+00
3.893333e+01	-9.969519e-02	5.086447e+00
3.896667e+01	-9.775437e-02	5.097412e+00
39	-9.632933e-02	5.105463e+00
3.903333e+01	-9.628393e-02	5.105720e+00
3.906667e+01	-9.705479e-02	5.101365e+00
3.910000e+01	-9.768707e-02	5.097793e+00
3.913333e+01	-9.774226e-02	5.097481e+00
3.916667e+01	-9.742191e-02	5.099291e+00
3.920000e+01	-9.713784e-02	5.100896e+00
3.923333e+01	-9.709889e-02	5.101116e+00
3.926667e+01	-9.723223e-02	5.100362e+00
3.930000e+01	-9.735988e-02	5.099641e+00
3.933333e+01	-9.738352e-02	5.099508e+00
3.936667e+01	-9.732842e-02	5.099819e+00
3.940000e+01	-9.727130e-02	5.100142e+00
3.943333e+01	-9.725807e-02	5.100216e+00
3.946667e+01	-9.728064e-02	5.100089e+00
3.950000e+01	-9.730608e-02	5.099945e+00
3.953333e+01	-9.731312e-02	5.099905e+00
3.956667e+01	-9.730397e-02	5.099957e+00
3.960000e+01	-9.748051e-02	5.098960e+00
3.963333e+01	-9.872501e-02	5.091929e+00
3.966667e+01	-1.023619e-01	5.071381e+00
3.970000e+01	-1.083923e-01	5.037311e+00
3.973333e+01	-1.144554e-01	5.003057e+00
3.976667e+01	-1.177808e-01	4.984269e+00
3.980000e+01	-1.179134e-01	4.983520e+00
3.983333e+01	-1.168234e-01	4.989678e+00
3.986667e+01	-1.167149e-01	4.990291e+00
3.990000e+01	-1.182354e-01	4.981701e+00
3.993333e+01	-1.205537e-01	4.968603e+00
3.996667e+01	-1.225838e-01	4.957134e+00
40	-1.239262e-01	4.949549e+00
4.003333e+01	-1.248890e-01	4.944110e+00
4.006667e+01	-1.259474e-01	4.938131e+00
4.010000e+01	-1.272999e-01	4.930489e+00
4.013333e+01	-1.288294e-01	4.921848e+00
4.016667e+01	-1.303140e-01	4.913460e+00
4.020000e+01	-1.315766e-01	4.906327e+00
4.023333e+01	-1.324778e-01	4.901236e+00
4.026667e+01	-1.327359e-01	4.899777e+00
4.030000e+01	-1.315224e-01	4.906633e+00
4.033333e+01	-1.277140e-01	4.928150e+00
4.036667e+01	-1.215318e-01	4.963077e+00
4.040000e+01	-1.154547e-01	4.997411e+00
4.043333e+01	-1.124884e-01	5.014170e+00
4.046667e+01	-1.140572e-01	5.005306e+00
4.050000e+01	-1.196487e-01	4.973716e+00
4.053333e+01	-1.270766e-01	4.931751e+00
4.056667e+01	-1.331412e-01	4.897488e+00
4.060000e+01	-1.355779e-01	4.883721e+00
4.063333e+01	-1.346995e-01	4.888684e+00
4.066667e+01	-1.327141e-01	4.899901e+00
4.070000e+01	-1.316112e-01	4.906132e+00
4.073333e+01	-1.318452e-01	4.904810e+00
4.076667e+01	-1.326503e-01	4.900261e+00
4.080000e+01	-1.331482e-01	4.897448e+00
4.083333e+01	-1.330776e-01	4.897847e+00
4.086667e+01	-1.327357e-01	4.899778e+00
4.090000e+01	-1.325073e-01	4.901069e+00
4.093333e+01	-1.325247e-01	4.900971e+00
4.096667e+01	-1.326703e-01	4.900148e+00
41	-1.327751e-01	4.899556e+00
4.103333e+01	-1.325858e-01	4.900625e+00
4.106667e+01	-1.312760e-01	4.908026e+00
4.110000e+01	-1.275949e-01	4.928823e+00
4.113333e+01	-1.215674e-01	4.962876e+00
4.116667e+01	-1.155466e-01	4.996892e+00
4.120000e+01	-1.121641e-01	5.016002e+00
4.123333e+01	-1.111733e-01	5.021600e+00
4.126667e+01	-1.094716e-01	5.031214e+00
4.130000e+01	-1.048641e-01	5.057245e+00
4.133333e+01	-9.867447e-02	5.092214e+00
4.136667e+01	-9.344296e-02	5.121771e+00
4.140000e+01	-8.943585e-02	5.144409e+00
4.143333e+01	-8.529810e-02	5.167787e+00
4.146667e+01	-8.099766e-02	5.192083e+00
4.150000e+01	-7.811034e-02	5.208395e+00
4.153333e+01	-7.763273e-02	5.211094e+00
4.156667e+01	-7.880912e-02	5.204447e+00
4.160000e+01	-8.005407e-02	5.197414e+00
4.163333e+01	-8.039764e-02	5.195473e+00
4.166667e+01	-7.996553e-02	5.197914e+00
4.170000e+01	-7.942815e-02	5.200950e+00
4.173333e+01	-7.925216e-02	5.201944e+00
4.176667e+01	-7.942242e-02	5.200982e+00
4.180000e+01	-7.965791e-02	5.199652e+00
4.183333e+01	-7.974525e-02	5.199158e+00
4.186667e+01	-7.967814e-02	5.199538e+00
4.190000e+01	-7.957479e-02	5.200121e+00
4.193333e+01	-7.934421e-02	5.201424e+00
4.196667e+01	-7.812209e-02	5.208329e+00
42	-7.453403e-02	5.228600e+00
4.203333e+01	-6.852929e-02	5.262525e+00
4.206667e+01	-6.247265e-02	5.296743e+00
4.210000e+01	-5.923654e-02	5.315026e+00
4.213333e+01	-5.948186e-02	5.313640e+00
4.216667e+01	-6.142795e-02	5.302646e+00
4.220000e+01	-6.286413e-02	5.294532e+00
4.223333e+01	-6.291528e-02	5.294243e+00
4.226667e+01	-6.214252e-02	5.298609e+00
4.230000e+01	-6.150542e-02	5.302208e+00
4.233333e+01	-6.144752e-02	5.302535e+00
4.236667e+01	-6.176852e-02	5.300721e+00
4.240000e+01	-6.205467e-02	5.299105e+00
4.243333e+01	-6.209489e-02	5.298878e+00
4.246667e+01	-6.196134e-02	5.299632e+00
4.250000e+01	-6.202063e-02	5.299297e+00
4.253333e+01	-6.324451e-02	5.292383e+00
4.256667e+01	-6.693292e-02	5.271544e+00
4.260000e+01	-7.301581e-02	5.237178e+00
4.263333e+01	-7.907612e-02	5.202939e+00
4.266667e+01	-8.226997e-02	5.184895e+00
4.270000e+01	-8.180136e-02	5.187542e+00
4.273333e+01	-7.860361e-02	5.205608e+00
4.276667e+01	-7.355185e-02	5.234149e+00
4.280000e+01	-6.749132e-02	5.268389e+00
4.283333e+01	-6.221968e-02	5.298173e+00
4.286667e+01	-5.963301e-02	5.312786e+00
4.290000e+01	-5.993889e-02	5.311058e+00
4.293333e+01	-6.155894e-02	5.301906e+00
4.296667e+01	-6.251564e-02	5.296500e+00
43	-6.127703e-02	5.303498e+00
4.303333e+01	-5.700660e-02	5.327625e+00
4.306667e+01	-5.047510e-02	5.364526e+00
4.310000e+01	-4.439538e-02	5.398874e+00
4.313333e+01	-4.144398e-02	5.415549e+00
4.316667e+01	-4.192670e-02	5.412822e+00
4.320000e+01	-4.408335e-02	5.400637e+00
4.323333e+01	-4.664847e-02	5.386145e+00
4.326667e+01	-5.022578e-02	5.365934e+00
4.330000e+01	-5.546277e-02	5.336347e+00
4.333333e+01	-6.092204e-02	5.305504e+00
4.336667e+01	-6.412869e-02	5.287387e+00
4.340000e+01	-6.420385e-02	5.286963e+00
4.343333e+01	-6.252707e-02	5.296436e+00
4.346667e+01	-6.111812e-02	5.304396e+00
4.350000e+01	-6.093291e-02	5.305442e+00
4.353333e+01	-6.158423e-02	5.301763e+00
4.356667e+01	-6.220299e-02	5.298267e+00
4.360000e+01	-6.231659e-02	5.297625e+00
4.363333e+01	-6.205013e-02	5.299130e+00
4.366667e+01	-6.177481e-02	5.300686e+00
4.370000e+01	-6.171164e-02	5.301043e+00
4.373333e+01	-6.182081e-02	5.300426e+00
4.376667e+01	-6.194339e-02	5.299734e+00
4.380000e+01	-6.197700e-02	5.299544e+00
4.383333e+01	-6.193269e-02	5.299794e+00
4.386667e+01	-6.187832e-02	5.300101e+00
4.390000e+01	-6.186103e-02	5.300199e+00
4.393333e+01	-6.187880e-02	5.300098e+00
4.396667e+01	-6.190281e-02	5.299963e+00
44	-6.191149e-02	5.299914e+00
4.403333e+01	-6.190446e-02	5.299953e+00
4.406667e+01	-6.189390e-02	5.300013e+00
4.410000e+01	-6.188963e-02	5.300037e+00
4.413333e+01	-6.189237e-02	5.300022e+00
4.416667e+01	-6.189699e-02	5.299996e+00
4.420000e+01	-6.189905e-02	5.299984e+00
4.423333e+01	-6.189801e-02	5.299990e+00
4.426667e+01	-6.189600e-02	5.300001e+00
4.430000e+01	-6.189501e-02	5.300007e+00
4.433333e+01	-6.189540e-02	5.300005e+00
4.436667e+01	-6.170844e-02	5.301061e+00
4.440000e+01	-6.046079e-02	5.308110e+00
4.443333e+01	-5.682740e-02	5.328637e+00
4.446667e+01	-5.080164e-02	5.362681e+00
4.450000e+01	-4.475461e-02	5.396845e+00
4.453333e+01	-4.153823e-02	5.415016e+00
4.456667e+01	-4.179356e-02	5.413574e+00
4.460000e+01	-4.373615e-02	5.402599e+00
4.463333e+01	-4.516378e-02	5.394533e+00
4.466667e+01	-4.521022e-02	5.394271e+00
4.470000e+01	-4.443866e-02	5.398630e+00
4.473333e+01	-4.380525e-02	5.402208e+00
4.476667e+01	-4.374956e-02	5.402523e+00
4.480000e+01	-4.407017e-02	5.400712e+00
4.483333e+01	-4.454257e-02	5.398043e+00
4.486667e+01	-4.582988e-02	5.390770e+00
4.490000e+01	-4.932969e-02	5.370997e+00
4.493333e+01	-5.522721e-02	5.337678e+00
4.496667e+01	-6.125026e-02	5.303649e+00
45	-6.452182e-02	5.285166e+00
4.503333e+01	-6.432387e-02	5.286285e+00
4.506667e+01	-6.239467e-02	5.297184e+00
4.510000e+01	-6.094444e-02	5.305377e+00
4.513333e+01	-6.087245e-02	5.305784e+00
4.516667e+01	-6.163689e-02	5.301465e+00
4.520000e+01	-6.227947e-02	5.297835e+00
4.523333e+01	-6.234649e-02	5.297456e+00
4.526667e+01	-6.202953e-02	5.299247e+00
4.530000e+01	-6.174129e-02	5.300875e+00
4.533333e+01	-6.150926e-02	5.302186e+00
4.536667e+01	-6.039276e-02	5.308494e+00
4.540000e+01	-5.688882e-02	5.328290e+00
4.543333e+01	-5.107723e-02	5.361124e+00
4.546667e+01	-4.603646e-02	5.389603e+00
4.550000e+01	-4.533523e-02	5.393565e+00
4.553333e+01	-4.921639e-02	5.371637e+00
4.556667e+01	-5.483571e-02	5.339890e+00
4.560000e+01	-5.948405e-02	5.313628e+00
4.563333e+01	-6.211326e-02	5.298774e+00
4.566667e+01	-6.286191e-02	5.294544e+00
4.570000e+01	-6.247678e-02	5.296720e+00
4.573333e+01	-6.185592e-02	5.300228e+00
4.576667e+01	-6.138260e-02	5.302902e+00
4.580000e+01	-6.023949e-02	5.309360e+00
4.583333e+01	-5.684113e-02	5.328560e+00
4.586667e+01	-5.093803e-02	5.361910e+00
4.590000e+01	-4.485288e-02	5.396290e+00
4.593333e+01	-4.153655e-02	5.415026e+00
4.596667e+01	-4.173545e-02	5.413902e+00
46	-4.369135e-02	5.402852e+00
4.603333e+01	-4.516206e-02	5.394543e+00
4.606667e+01	-4.523475e-02	5.394132e+00
4.610000e+01	-4.445901e-02	5.398515e+00
4.613333e+01	-4.380713e-02	5.402198e+00
4.616667e+01	-4.373928e-02	5.402581e+00
4.620000e+01	-4.424881e-02	5.399702e+00
4.623333e+01	-4.578937e-02	5.390999e+00
4.626667e+01	-4.946741e-02	5.370219e+00
4.630000e+01	-5.535921e-02	5.336932e+00
4.633333e+01	-6.127481e-02	5.303511e+00
4.636667e+01	-6.446492e-02	5.285488e+00
4.640000e+01	-6.426480e-02	5.286618e+00
4.643333e+01	-6.238095e-02	5.297261e+00
4.646667e+01	-6.096774e-02	5.305246e+00
4.650000e+01	-6.089876e-02	5.305635e+00
4.653333e+01	-6.164419e-02	5.301424e+00
4.656667e+01	-6.208219e-02	5.298949e+00
4.660000e+01	-6.089888e-02	5.305635e+00
4.663333e+01	-5.714441e-02	5.326846e+00
4.666667e+01	-5.208644e-02	5.355422e+00
4.670000e+01	-4.963005e-02	5.369300e+00
4.673333e+01	-5.256735e-02	5.352705e+00
4.676667e+01	-5.899527e-02	5.316389e+00
4.680000e+01	-6.417937e-02	5.287101e+00
4.683333e+01	-6.529895e-02	5.280776e+00
4.686667e+01	-6.334670e-02	5.291805e+00
4.690000e+01	-6.113370e-02	5.304308e+00
4.693333e+01	-6.047539e-02	5.308027e+00
4.696667e+01	-6.121621e-02	5.303842e+00
47	-6.217748e-02	5.298411e+00
4.703333e+01	-6.250904e-02	5.296538e+00
4.706667e+01	-6.221657e-02	5.298190e+00
4.710000e+01	-6.179487e-02	5.300573e+00
4.713333e+01	-6.163128e-02	5.301497e+00
4.716667e+01	-6.193367e-02	5.299788e+00
4.720000e+01	-6.336662e-02	5.291693e+00
4.723333e+01	-6.707949e-02	5.270716e+00
4.726667e+01	-7.306088e-02	5.236923e+00
4.730000e+01	-7.902700e-02	5.203216e+00
4.733333e+01	-8.220517e-02	5.185261e+00
4.736667e+01	-8.196646e-02	5.186609e+00
4.740000e+01	-8.005906e-02	5.197386e+00
4.743333e+01	-7.864957e-02	5.205349e+00
4.746667e+01	-7.859713e-02	5.205645e+00
4.750000e+01	-7.935346e-02	5.201372e+00
4.753333e+01	-7.997833e-02	5.197842e+00
4.756667e+01	-7.984825e-02	5.198577e+00
4.760000e+01	-7.828608e-02	5.207402e+00
4.763333e+01	-7.437224e-02	5.229514e+00
4.766667e+01	-6.830702e-02	5.263781e+00
4.770000e+01	-6.239084e-02	5.297206e+00
4.773333e+01	-5.930044e-02	5.314665e+00
4.776667e+01	-5.957953e-02	5.313089e+00
4.780000e+01	-6.146808e-02	5.302419e+00
4.783333e+01	-6.283936e-02	5.294672e+00
4.786667e+01	-6.287255e-02	5.294484e+00
4.790000e+01	-6.212312e-02	5.298718e+00
4.793333e+01	-6.151480e-02	5.302155e+00
4.796667e+01	-6.146614e-02	5.302430e+00
48	-6.177778e-02	5.300669e+00
4.803333e+01	-6.186339e-02	5.300185e+00
4.806667e+01	-6.065087e-02	5.307036e+00
4.810000e+01	-5.688777e-02	5.328296e+00
4.813333e+01	-5.073943e-02	5.363032e+00
4.816667e+01	-4.467066e-02	5.397319e+00
4.820000e+01	-4.150795e-02	5.415188e+00
4.823333e+01	-4.181818e-02	5.413435e+00
4.826667e+01	-4.375861e-02	5.402472e+00
4.830000e+01	-4.505378e-02	5.395155e+00
4.833333e+01	-4.468580e-02	5.397234e+00
4.836667e+01	-4.305423e-02	5.406452e+00
4.840000e+01	-4.111119e-02	5.417429e+00
4.843333e+01	-3.950038e-02	5.426530e+00
4.846667e+01	-3.827803e-02	5.433436e+00
4.850000e+01	-3.716207e-02	5.439740e+00
4.853333e+01	-3.590934e-02	5.446818e+00
4.856667e+01	-3.449066e-02	5.454833e+00
4.860000e+01	-3.302133e-02	5.463134e+00
4.863333e+01	-3.162252e-02	5.471037e+00
4.866667e+01	-3.039305e-02	5.477983e+00
4.870000e+01	-2.962736e-02	5.482309e+00
4.873333e+01	-3.019990e-02	5.479075e+00
4.876667e+01	-3.322344e-02	5.461992e+00
4.880000e+01	-3.850595e-02	5.432148e+00
4.883333e+01	-4.379576e-02	5.402262e+00
4.886667e+01	-4.636754e-02	5.387732e+00
4.890000e+01	-4.483784e-02	5.396375e+00
4.893333e+01	-3.948832e-02	5.426598e+00
4.896667e+01	-3.242329e-02	5.466513e+00
49	-2.761156e-02	5.493698e+00
4.903333e+01	-2.871307e-02	5.487475e+00
4.906667e+01	-3.553949e-02	5.448908e+00
4.910000e+01	-4.356532e-02	5.403564e+00
4.913333e+01	-4.811189e-02	5.377877e+00
4.916667e+01	-4.890558e-02	5.373393e+00
4.920000e+01	-4.979589e-02	5.368363e+00
4.923333e+01	-5.387929e-02	5.345293e+00
4.926667e+01	-5.993453e-02	5.311083e+00
4.930000e+01	-6.426151e-02	5.286637e+00
4.933333e+01	-6.487497e-02	5.283171e+00
4.936667e+01	-6.297780e-02	5.293889e+00
4.940000e+01	-6.108552e-02	5.304580e+00
4.943333e+01	-6.064687e-02	5.307058e+00
4.946667e+01	-6.137755e-02	5.302930e+00
4.950000e+01	-6.220527e-02	5.298254e+00
4.953333e+01	-6.243781e-02	5.296940e+00
4.956667e+01	-6.214444e-02	5.298598e+00
4.960000e+01	-6.177917e-02	5.300661e+00
4.963333e+01	-6.166059e-02	5.301331e+00
4.966667e+01	-6.177802e-02	5.300668e+00
4.970000e+01	-6.193913e-02	5.299758e+00
4.973333e+01	-6.199836e-02	5.299423e+00
4.976667e+01	-6.195201e-02	5.299685e+00
4.980000e+01	-6.188121e-02	5.300085e+00
4.983333e+01	-6.185215e-02	5.300249e+00
4.986667e+01	-6.187013e-02	5.300147e+00
4.990000e+01	-6.190110e-02	5.299972e+00
4.993333e+01	-6.191515e-02	5.299893e+00
4.996667e+01	-6.190833e-02	5.299932e+00
50	-6.189484e-02	5.300008e+00
5.003333e+01	-6.188814e-02	5.300046e+00
5.006667e+01	-6.189064e-02	5.300032e+00
5.010000e+01	-6.189649e-02	5.299998e+00
5.013333e+01	-6.189966e-02	5.299981e+00
5.016667e+01	-6.189878e-02	5.299986e+00
5.020000e+01	-6.189625e-02	5.300000e+00
5.023333e+01	-6.189477e-02	5.300008e+00
5.026667e+01	-6.189506e-02	5.300007e+00
5.030000e+01	-6.189614e-02	5.300000e+00
5.033333e+01	-6.189683e-02	5.299997e+00
5.036667e+01	-6.189675e-02	5.299997e+00
5.040000e+01	-6.170845e-02	5.301061e+00
5.043333e+01	-6.046002e-02	5.308114e+00
5.046667e+01	-5.682678e-02	5.328641e+00
5.050000e+01	-5.080160e-02	5.362681e+00
5.053333e+01	-4.475493e-02	5.396843e+00
5.056667e+01	-4.153851e-02	5.415015e+00
5.060000e+01	-4.179360e-02	5.413574e+00
5.063333e+01	-4.373601e-02	5.402600e+00
5.066667e+01	-4.516366e-02	5.394534e+00
5.070000e+01	-4.521019e-02	5.394271e+00
5.073333e+01	-4.443872e-02	5.398630e+00
5.076667e+01	-4.380531e-02	5.402208e+00
5.080000e+01	-4.374957e-02	5.402523e+00
5.083333e+01	-4.407015e-02	5.400712e+00
5.086667e+01	-4.435471e-02	5.399104e+00
5.090000e+01	-4.439392e-02	5.398883e+00
5.093333e+01	-4.426050e-02	5.399636e+00
5.096667e+01	-4.413264e-02	5.400359e+00
51	-4.410887e-02	5.400493e+00
5.103333e+01	-4.416400e-02	5.400182e+00
5.106667e+01	-4.422122e-02	5.399858e+00
5.110000e+01	-4.423450e-02	5.399783e+00
5.113333e+01	-4.421193e-02	5.399911e+00
5.116667e+01	-4.418644e-02	5.400055e+00
5.120000e+01	-4.417937e-02	5.400095e+00
5.123333e+01	-4.437636e-02	5.398982e+00
5.126667e+01	-4.563578e-02	5.391867e+00
5.130000e+01	-4.927266e-02	5.371319e+00
5.133333e+01	-5.529437e-02	5.337298e+00
5.136667e+01	-6.133620e-02	5.303164e+00
5.140000e+01	-6.455080e-02	5.285002e+00
5.143333e+01	-6.429708e-02	5.286436e+00
5.146667e+01	-6.235679e-02	5.297398e+00
5.150000e+01	-6.093004e-02	5.305459e+00
5.153333e+01	-6.088297e-02	5.305725e+00
5.156667e+01	-6.165352e-02	5.301371e+00
5.160000e+01	-6.228650e-02	5.297795e+00
5.163333e+01	-6.234243e-02	5.297479e+00
5.166667e+01	-6.202226e-02	5.299288e+00
5.170000e+01	-6.173790e-02	5.300894e+00
5.173333e+01	-6.169862e-02	5.301116e+00
5.176667e+01	-6.183187e-02	5.300364e+00
5.180000e+01	-6.195964e-02	5.299642e+00
5.183333e+01	-6.198343e-02	5.299507e+00
5.186667e+01	-6.192838e-02	5.299818e+00
5.190000e+01	-6.187120e-02	5.300141e+00
5.193333e+01	-6.185791e-02	5.300216e+00
5.196667e+01	-6.188045e-02	5.300089e+00
52	-6.190592e-02	5.299945e+00
5.203333e+01	-6.191298e-02	5.299905e+00
5.206667e+01	-6.190384e-02	5.299957e+00
5.210000e+01	-6.189255e-02	5.300021e+00
5.213333e+01	-6.188892e-02	5.300041e+00
5.216667e+01	-6.189259e-02	5.300021e+00
5.220000e+01	-6.189757e-02	5.299992e+00
5.223333e+01	-6.189939e-02	5.299982e+00
5.226667e+01	-6.189794e-02	5.299990e+00
5.230000e+01	-6.189575e-02	5.300003e+00
5.233333e+01	-6.189486e-02	5.300008e+00
5.236667e+01	-6.189542e-02	5.300005e+00
5.240000e+01	-6.189638e-02	5.299999e+00
5.243333e+01	-6.208464e-02	5.298935e+00
5.246667e+01	-6.333254e-02	5.291885e+00
5.250000e+01	-6.696538e-02	5.271361e+00
5.253333e+01	-7.299056e-02	5.237320e+00
5.256667e+01	-7.903745e-02	5.203157e+00
5.260000e+01	-8.225405e-02	5.184984e+00
5.263333e+01	-8.181115e-02	5.187487e+00
5.266667e+01	-7.862053e-02	5.205513e+00
5.270000e+01	-7.355954e-02	5.234106e+00
5.273333e+01	-6.748761e-02	5.268410e+00
5.276667e+01	-6.221231e-02	5.298214e+00
5.280000e+01	-5.962934e-02	5.312807e+00
5.283333e+01	-5.994025e-02	5.311051e+00
5.286667e+01	-6.156214e-02	5.301887e+00
5.290000e+01	-6.251737e-02	5.296491e+00
5.293333e+01	-6.127655e-02	5.303501e+00
5.296667e+01	-5.700522e-02	5.327633e+00
53	-5.047429e-02	5.364530e+00
5.303333e+01	-4.458336e-02	5.397812e+00
5.306667e+01	-4.288051e-02	5.407433e+00
5.310000e+01	-4.699628e-02	5.384180e+00
5.313333e+01	-5.499006e-02	5.339018e+00
5.316667e+01	-6.235367e-02	5.297416e+00
5.320000e+01	-6.551422e-02	5.279559e+00
5.323333e+01	-6.447085e-02	5.285454e+00
5.326667e+01	-6.194092e-02	5.299747e+00
5.330000e+01	-6.050347e-02	5.307869e+00
5.333333e+01	-6.078722e-02	5.306266e+00
5.336667e+01	-6.182438e-02	5.300406e+00
5.340000e+01	-6.247650e-02	5.296722e+00
5.343333e+01	-6.239354e-02	5.297190e+00
5.346667e+01	-6.176496e-02	5.300742e+00
5.350000e+01	-6.021763e-02	5.309484e+00
5.353333e+01	-5.660303e-02	5.329905e+00
5.356667e+01	-5.076519e-02	5.362887e+00
5.360000e+01	-4.485550e-02	5.396275e+00
5.363333e+01	-4.163888e-02	5.414448e+00
5.366667e+01	-4.200250e-02	5.412393e+00
5.370000e+01	-4.513059e-02	5.394721e+00
5.373333e+01	-5.018805e-02	5.366148e+00
5.376667e+01	-5.629333e-02	5.331655e+00
5.380000e+01	-6.159697e-02	5.301691e+00
5.383333e+01	-6.418304e-02	5.287080e+00
5.386667e+01	-6.385819e-02	5.288915e+00
5.390000e+01	-6.222352e-02	5.298151e+00
5.393333e+01	-6.107842e-02	5.304620e+00
5.396667e+01	-6.107692e-02	5.304629e+00
54	-6.172073e-02	5.300992e+00
5.403333e+01	-6.222746e-02	5.298129e+00
5.406667e+01	-6.225702e-02	5.297962e+00
5.410000e+01	-6.198900e-02	5.299476e+00
5.413333e+01	-6.176101e-02	5.300764e+00
5.416667e+01	-6.173607e-02	5.300905e+00
5.420000e+01	-6.184806e-02	5.300272e+00
5.423333e+01	-6.195077e-02	5.299692e+00
5.426667e+01	-6.196708e-02	5.299600e+00
5.430000e+01	-6.192060e-02	5.299862e+00
5.433333e+01	-6.187451e-02	5.300123e+00
5.436667e+01	-6.186501e-02	5.300176e+00
5.440000e+01	-6.188414e-02	5.300068e+00
5.443333e+01	-6.190473e-02	5.299952e+00
5.446667e+01	-6.172208e-02	5.300984e+00
5.450000e+01	-6.046616e-02	5.308079e+00
5.453333e+01	-5.682376e-02	5.328658e+00
5.456667e+01	-5.079566e-02	5.362715e+00
5.460000e+01	-4.475200e-02	5.396860e+00
5.463333e+01	-4.152518e-02	5.415090e+00
5.466667e+01	-4.167127e-02	5.414265e+00
5.470000e+01	-4.322255e-02	5.405501e+00
5.473333e+01	-4.379499e-02	5.402266e+00
5.476667e+01	-4.252224e-02	5.409457e+00
5.480000e+01	-4.018524e-02	5.422660e+00
5.483333e+01	-3.800625e-02	5.434971e+00
5.486667e+01	-3.655393e-02	5.443176e+00
5.490000e+01	-3.558721e-02	5.448638e+00
5.493333e+01	-3.458790e-02	5.454284e+00
5.496667e+01	-3.328406e-02	5.461650e+00
55	-3.177354e-02	5.470184e+00
5.503333e+01	-3.034593e-02	5.478250e+00
5.506667e+01	-2.923049e-02	5.484551e+00
5.510000e+01	-2.841418e-02	5.489163e+00
5.513333e+01	-2.770061e-02	5.493195e+00
5.516667e+01	-2.699462e-02	5.497183e+00
5.520000e+01	-2.643942e-02	5.500320e+00
5.523333e+01	-2.621485e-02	5.501589e+00
5.526667e+01	-2.629995e-02	5.501108e+00
5.530000e+01	-2.649227e-02	5.500022e+00
5.533333e+01	-2.660125e-02	5.499406e+00
5.536667e+01	-2.676821e-02	5.498463e+00
5.540000e+01	-2.793819e-02	5.491853e+00
5.543333e+01	-3.152185e-02	5.471606e+00
5.546667e+01	-3.755301e-02	5.437532e+00
5.550000e+01	-4.363289e-02	5.403182e+00
5.553333e+01	-4.705985e-02	5.383821e+00
5.556667e+01	-4.805161e-02	5.378218e+00
5.560000e+01	-4.972833e-02	5.368745e+00
5.563333e+01	-5.431567e-02	5.342828e+00
5.566667e+01	-6.031590e-02	5.308928e+00
5.570000e+01	-6.430977e-02	5.286364e+00
5.573333e+01	-6.469275e-02	5.284200e+00
5.576667e+01	-6.280629e-02	5.294858e+00
5.580000e+01	-6.105555e-02	5.304750e+00
5.583333e+01	-6.072234e-02	5.306632e+00
5.586667e+01	-6.164222e-02	5.301435e+00
5.590000e+01	-6.365823e-02	5.290045e+00
5.593333e+01	-6.747603e-02	5.268476e+00
5.596667e+01	-7.320475e-02	5.236110e+00
56	-7.891143e-02	5.203869e+00
5.603333e+01	-8.203100e-02	5.186245e+00
5.606667e+01	-8.189588e-02	5.187008e+00
5.610000e+01	-8.010402e-02	5.197131e+00
5.613333e+01	-7.872582e-02	5.204918e+00
5.616667e+01	-7.863130e-02	5.205452e+00
5.620000e+01	-7.933636e-02	5.201469e+00
5.623333e+01	-7.994510e-02	5.198029e+00
5.626667e+01	-8.001974e-02	5.197608e+00
5.630000e+01	-7.972834e-02	5.199254e+00
5.633333e+01	-7.945586e-02	5.200793e+00
5.636667e+01	-7.940933e-02	5.201056e+00
5.640000e+01	-7.953000e-02	5.200375e+00
5.643333e+01	-7.965203e-02	5.199685e+00
5.646667e+01	-7.967856e-02	5.199535e+00
5.650000e+01	-7.962899e-02	5.199815e+00
5.653333e+01	-7.957455e-02	5.200123e+00
5.656667e+01	-7.956025e-02	5.200204e+00
5.660000e+01	-7.958042e-02	5.200090e+00
5.663333e+01	-7.960460e-02	5.199953e+00
5.666667e+01	-7.961201e-02	5.199911e+00
5.670000e+01	-7.960390e-02	5.199957e+00
5.673333e+01	-7.959321e-02	5.200017e+00
5.676667e+01	-7.958947e-02	5.200039e+00
5.680000e+01	-7.959269e-02	5.200020e+00
5.683333e+01	-7.940956e-02	5.201055e+00
5.686667e+01	-7.816330e-02	5.208096e+00
5.690000e+01	-7.452878e-02	5.228630e+00
5.693333e+01	-6.850134e-02	5.262683e+00
5.696667e+01	-6.245363e-02	5.296851e+00
57	-5.923769e-02	5.315020e+00
5.703333e+01	-5.949376e-02	5.313573e+00
5.706667e+01	-6.143667e-02	5.302596e+00
5.710000e+01	-6.286414e-02	5.294532e+00
5.713333e+01	-6.291025e-02	5.294271e+00
5.716667e+01	-6.213854e-02	5.298631e+00
5.720000e+01	-6.150519e-02	5.302209e+00
5.723333e+01	-6.144964e-02	5.302523e+00
5.726667e+01	-6.177033e-02	5.300711e+00
5.730000e+01	-6.205487e-02	5.299104e+00
5.733333e+01	-6.209400e-02	5.298883e+00
5.736667e+01	-6.196053e-02	5.299637e+00
5.740000e+01	-6.183267e-02	5.300359e+00
5.743333e+01	-6.180893e-02	5.300493e+00
5.746667e+01	-6.167625e-02	5.301243e+00
5.750000e+01	-6.048536e-02	5.307971e+00
5.753333e+01	-5.686538e-02	5.328423e+00
5.756667e+01	-5.081741e-02	5.362592e+00
5.760000e+01	-4.474510e-02	5.396899e+00
5.763333e+01	-4.152163e-02	5.415110e+00
5.766667e+01	-4.178595e-02	5.413617e+00
5.770000e+01	-4.373974e-02	5.402579e+00
5.773333e+01	-4.517101e-02	5.394492e+00
5.776667e+01	-4.521384e-02	5.394250e+00
5.780000e+01	-4.443735e-02	5.398637e+00
5.783333e+01	-4.380212e-02	5.402226e+00
5.786667e+01	-4.374785e-02	5.402533e+00
5.790000e+01	-4.407063e-02	5.400709e+00
5.793333e+01	-4.435609e-02	5.399096e+00
5.796667e+01	-4.439473e-02	5.398878e+00
58	-4.426034e-02	5.399637e+00
5.803333e+01	-4.413204e-02	5.400362e+00
5.806667e+01	-4.410849e-02	5.400495e+00
5.810000e+01	-4.416404e-02	5.400181e+00
5.813333e+01	-4.422147e-02	5.399857e+00
5.816667e+01	-4.423468e-02	5.399782e+00
5.820000e+01	-4.421192e-02	5.399911e+00
5.823333e+01	-4.418633e-02	5.400055e+00
5.826667e+01	-4.417930e-02	5.400095e+00
5.830000e+01	-4.418853e-02	5.400043e+00
5.833333e+01	-4.419988e-02	5.399979e+00
5.836667e+01	-4.420349e-02	5.399959e+00
5.840000e+01	-4.419979e-02	5.399979e+00
5.843333e+01	-4.400695e-02	5.401069e+00
5.846667e+01	-4.275702e-02	5.408131e+00
5.850000e+01	-3.912523e-02	5.428649e+00
5.853333e+01	-3.310205e-02	5.462678e+00
5.856667e+01	-2.705613e-02	5.496836e+00
5.860000e+01	-2.383914e-02	5.515011e+00
5.863333e+01	-2.409334e-02	5.513575e+00
5.866667e+01	-2.603539e-02	5.502603e+00
5.870000e+01	-2.746326e-02	5.494536e+00
5.873333e+01	-2.751018e-02	5.494271e+00
5.876667e+01	-2.673888e-02	5.498628e+00
5.880000e+01	-2.610539e-02	5.502207e+00
5.883333e+01	-2.604949e-02	5.502523e+00
5.886667e+01	-2.618215e-02	5.501774e+00
5.890000e+01	-2.521863e-02	5.507217e+00
5.893333e+01	-2.162466e-02	5.527522e+00
5.896667e+01	-1.548034e-02	5.562236e+00
59	-9.416107e-03	5.596497e+00
5.903333e+01	-6.565825e-03	5.612600e+00
5.906667e+01	-7.729531e-03	5.606025e+00
5.910000e+01	-1.104780e-02	5.587278e+00
5.913333e+01	-1.405474e-02	5.570290e+00
5.916667e+01	-1.562503e-02	5.561418e+00
5.920000e+01	-1.622497e-02	5.558029e+00
5.923333e+01	-1.687160e-02	5.554375e+00
5.926667e+01	-1.810858e-02	5.547387e+00
5.930000e+01	-1.978336e-02	5.537925e+00
5.933333e+01	-2.146316e-02	5.528434e+00
5.936667e+01	-2.288015e-02	5.520429e+00
5.940000e+01	-2.400251e-02	5.514088e+00
5.943333e+01	-2.465885e-02	5.510380e+00
5.946667e+01	-2.397733e-02	5.514230e+00
5.950000e+01	-2.071890e-02	5.532639e+00
5.953333e+01	-1.501557e-02	5.564861e+00
5.956667e+01	-9.268520e-03	5.597330e+00
5.960000e+01	-6.243058e-03	5.614423e+00
5.963333e+01	-6.525176e-03	5.612830e+00
5.966667e+01	-8.386441e-03	5.602314e+00
5.970000e+01	-9.919121e-03	5.593655e+00
5.973333e+01	-1.119235e-02	5.586461e+00
5.976667e+01	-1.408393e-02	5.570125e+00
5.980000e+01	-1.951167e-02	5.539460e+00
5.983333e+01	-2.551387e-02	5.505549e+00
5.986667e+01	-2.903909e-02	5.485633e+00
5.990000e+01	-2.905279e-02	5.485555e+00
5.993333e+01	-2.714396e-02	5.496340e+00
5.996667e+01	-2.558756e-02	5.505133e+00
60	-2.542009e-02	5.506079e+00
6.003333e+01	-2.617056e-02	5.501839e+00
6.006667e+01	-2.685729e-02	5.497959e+00
6.010000e+01	-2.696720e-02	5.497338e+00
6.013333e+01	-2.665857e-02	5.499082e+00
6.016667e+01	-2.635212e-02	5.500813e+00
6.020000e+01	-2.628875e-02	5.501171e+00
6.023333e+01	-2.641575e-02	5.500454e+00
6.026667e+01	-2.655251e-02	5.499681e+00
6.030000e+01	-2.658701e-02	5.499486e+00
6.033333e+01	-2.653520e-02	5.499779e+00
6.036667e+01	-2.647441e-02	5.500122e+00
6.040000e+01	-2.645638e-02	5.500224e+00
6.043333e+01	-2.647728e-02	5.500106e+00
6.046667e+01	-2.650419e-02	5.499954e+00
6.050000e+01	-2.651334e-02	5.499902e+00
6.053333e+01	-2.650501e-02	5.499950e+00
6.056667e+01	-2.649315e-02	5.500017e+00
6.060000e+01	-2.648861e-02	5.500042e+00
6.063333e+01	-2.649188e-02	5.500024e+00
6.066667e+01	-2.630925e-02	5.501056e+00
6.070000e+01	-2.506335e-02	5.508094e+00
6.073333e+01	-2.142884e-02	5.528628e+00
6.076667e+01	-1.540118e-02	5.562683e+00
6.080000e+01	-9.353306e-03	5.596851e+00
6.083333e+01	-6.137357e-03	5.615021e+00
6.086667e+01	-6.205680e-03	5.614635e+00
6.090000e+01	-6.900556e-03	5.610709e+00
6.093333e+01	-4.694778e-03	5.623171e+00
6.096667e+01	1.284529e-03	5.656952e+00
61	8.103085e-03	5.695475e+00
6.103333e+01	1.195287e-02	5.717225e+00
6.106667e+01	1.175323e-02	5.716097e+00
6.110000e+01	9.490050e-03	5.703311e+00
6.113333e+01	7.777851e-03	5.693637e+00
6.116667e+01	7.692223e-03	5.693153e+00
6.120000e+01	8.597208e-03	5.698266e+00
6.123333e+01	9.170656e-03	5.701506e+00
6.126667e+01	8.001992e-03	5.694904e+00
6.130000e+01	3.992993e-03	5.672254e+00
6.133333e+01	-2.374176e-03	5.636281e+00
6.136667e+01	-8.473465e-03	5.601822e+00
6.140000e+01	-1.153387e-02	5.584532e+00
6.143333e+01	-1.112534e-02	5.586840e+00
6.146667e+01	-9.152042e-03	5.597989e+00
6.150000e+01	-7.788682e-03	5.605691e+00
6.153333e+01	-7.810703e-03	5.605567e+00
6.156667e+01	-8.599118e-03	5.601112e+00
6.160000e+01	-9.206286e-03	5.597682e+00
6.163333e+01	-9.231524e-03	5.597539e+00
6.166667e+01	-8.902059e-03	5.599401e+00
6.170000e+01	-8.628097e-03	5.600949e+00
6.173333e+01	-8.602389e-03	5.601094e+00
6.176667e+01	-8.740337e-03	5.600315e+00
6.180000e+01	-8.863971e-03	5.599616e+00
6.183333e+01	-8.881786e-03	5.599515e+00
6.186667e+01	-8.824408e-03	5.599840e+00
6.190000e+01	-8.768851e-03	5.600153e+00
6.193333e+01	-8.758177e-03	5.600214e+00
6.196667e+01	-8.781855e-03	5.600080e+00
62	-8.806701e-03	5.599940e+00
6.203333e+01	-8.812622e-03	5.599906e+00
6.206667e+01	-8.802937e-03	5.599961e+00
6.210000e+01	-8.979708e-03	5.598962e+00
6.213333e+01	-1.022469e-02	5.591928e+00
6.216667e+01	-1.386187e-02	5.571379e+00
6.220000e+01	-1.989215e-02	5.537310e+00
6.223333e+01	-2.594057e-02	5.503138e+00
6.226667e+01	-2.915542e-02	5.484976e+00
6.230000e+01	-2.889809e-02	5.486429e+00
6.233333e+01	-2.695481e-02	5.497408e+00
6.236667e+01	-2.552778e-02	5.505471e+00
6.240000e+01	-2.548222e-02	5.505728e+00
6.243333e+01	-2.625412e-02	5.501367e+00
6.246667e+01	-2.688730e-02	5.497790e+00
6.250000e+01	-2.694260e-02	5.497477e+00
6.253333e+01	-2.662182e-02	5.499290e+00
6.256667e+01	-2.652518e-02	5.499836e+00
6.260000e+01	-2.773427e-02	5.493005e+00
6.263333e+01	-3.150104e-02	5.471723e+00
6.266667e+01	-3.765426e-02	5.436960e+00
6.270000e+01	-4.372476e-02	5.402663e+00
6.273333e+01	-4.688601e-02	5.384803e+00
6.276667e+01	-4.657363e-02	5.386568e+00
6.280000e+01	-4.461790e-02	5.397617e+00
6.283333e+01	-4.321284e-02	5.405555e+00
6.286667e+01	-4.319183e-02	5.405674e+00
6.290000e+01	-4.397038e-02	5.401276e+00
6.293333e+01	-4.459463e-02	5.397749e+00
6.296667e+01	-4.463905e-02	5.397498e+00
63	-4.431484e-02	5.399329e+00
6.303333e+01	-4.403395e-02	5.400916e+00
6.306667e+01	-4.399973e-02	5.401110e+00
6.310000e+01	-4.413497e-02	5.400346e+00
6.313333e+01	-4.426139e-02	5.399631e+00
6.316667e+01	-4.428296e-02	5.399510e+00
6.320000e+01	-4.422694e-02	5.399826e+00
6.323333e+01	-4.417028e-02	5.400146e+00
6.326667e+01	-4.415796e-02	5.400216e+00
6.330000e+01	-4.418097e-02	5.400086e+00
6.333333e+01	-4.420624e-02	5.399943e+00
6.336667e+01	-4.421288e-02	5.399905e+00
6.340000e+01	-4.420352e-02	5.399958e+00
6.343333e+01	-4.419230e-02	5.400022e+00
6.346667e+01	-4.418885e-02	5.400041e+00
6.350000e+01	-4.419262e-02	5.400020e+00
6.353333e+01	-4.419758e-02	5.399992e+00
6.356667e+01	-4.419932e-02	5.399982e+00
6.360000e+01	-4.419782e-02	5.399991e+00
6.363333e+01	-4.419564e-02	5.400003e+00
6.366667e+01	-4.419478e-02	5.400008e+00
6.370000e+01	-4.419537e-02	5.400004e+00
6.373333e+01	-4.419632e-02	5.399999e+00
6.376667e+01	-4.438457e-02	5.398935e+00
6.380000e+01	-4.563246e-02	5.391885e+00
6.383333e+01	-4.926530e-02	5.371361e+00
6.386667e+01	-5.529048e-02	5.337320e+00
6.390000e+01	-6.133738e-02	5.303157e+00
6.393333e+01	-6.455398e-02	5.284984e+00
6.396667e+01	-6.411108e-02	5.287487e+00
64	-6.092045e-02	5.305513e+00
6.403333e+01	-5.585947e-02	5.334106e+00
6.406667e+01	-4.978754e-02	5.368410e+00
6.410000e+01	-4.451224e-02	5.398214e+00
6.413333e+01	-4.192927e-02	5.412807e+00
6.416667e+01	-4.224018e-02	5.411051e+00
6.420000e+01	-4.386207e-02	5.401887e+00
6.423333e+01	-4.500513e-02	5.395429e+00
6.426667e+01	-4.501242e-02	5.395388e+00
6.430000e+01	-4.456218e-02	5.397932e+00
6.433333e+01	-4.530475e-02	5.393737e+00
6.436667e+01	-4.890606e-02	5.373390e+00
6.440000e+01	-5.519690e-02	5.337849e+00
6.443333e+01	-6.147105e-02	5.302402e+00
6.446667e+01	-6.471339e-02	5.284084e+00
6.450000e+01	-6.434737e-02	5.286152e+00
6.453333e+01	-6.211468e-02	5.298766e+00
6.456667e+01	-5.942222e-02	5.313977e+00
6.460000e+01	-5.578843e-02	5.334507e+00
6.463333e+01	-5.076831e-02	5.362869e+00
6.466667e+01	-4.661268e-02	5.386347e+00
6.470000e+01	-4.706633e-02	5.383784e+00
6.473333e+01	-5.300579e-02	5.350228e+00
6.476667e+01	-6.070527e-02	5.306729e+00
6.480000e+01	-6.531784e-02	5.280669e+00
6.483333e+01	-6.525172e-02	5.281042e+00
6.486667e+01	-6.266833e-02	5.295638e+00
6.490000e+01	-6.062792e-02	5.307166e+00
6.493333e+01	-6.046654e-02	5.308077e+00
6.496667e+01	-6.150003e-02	5.302238e+00
65	-6.221813e-02	5.298181e+00
6.503333e+01	-6.108930e-02	5.304559e+00
6.506667e+01	-5.702820e-02	5.327503e+00
6.510000e+01	-5.059696e-02	5.363837e+00
6.513333e+01	-4.447724e-02	5.398412e+00
6.516667e+01	-4.143774e-02	5.415584e+00
6.520000e+01	-4.187456e-02	5.413116e+00
6.523333e+01	-4.385810e-02	5.401910e+00
6.526667e+01	-4.521319e-02	5.394254e+00
6.530000e+01	-4.517873e-02	5.394449e+00
6.533333e+01	-4.438528e-02	5.398931e+00
6.536667e+01	-4.378133e-02	5.402344e+00
6.540000e+01	-4.376153e-02	5.402455e+00
6.543333e+01	-4.409344e-02	5.400580e+00
6.546667e+01	-4.436618e-02	5.399039e+00
6.550000e+01	-4.438951e-02	5.398908e+00
6.553333e+01	-4.406257e-02	5.400755e+00
6.556667e+01	-4.269127e-02	5.408502e+00
6.560000e+01	-3.904123e-02	5.429124e+00
6.563333e+01	-3.307378e-02	5.462838e+00
6.566667e+01	-2.708236e-02	5.496688e+00
6.570000e+01	-2.387617e-02	5.514802e+00
6.573333e+01	-2.410740e-02	5.513495e+00
6.576667e+01	-2.602509e-02	5.502661e+00
6.580000e+01	-2.744701e-02	5.494628e+00
6.583333e+01	-2.750332e-02	5.494309e+00
6.586667e+01	-2.674286e-02	5.498606e+00
6.590000e+01	-2.611249e-02	5.502167e+00
6.593333e+01	-2.605279e-02	5.502504e+00
6.596667e+01	-2.636848e-02	5.500721e+00
66	-2.665148e-02	5.499122e+00
6.603333e+01	-2.669228e-02	5.498892e+00
6.606667e+01	-2.656102e-02	5.499633e+00
6.610000e+01	-2.643393e-02	5.500351e+00
6.613333e+01	-2.640954e-02	5.500489e+00
6.616667e+01	-2.646372e-02	5.500183e+00
6.620000e+01	-2.652055e-02	5.499862e+00
6.623333e+01	-2.653408e-02	5.499785e+00
6.626667e+01	-2.651192e-02	5.499911e+00
6.630000e+01	-2.648662e-02	5.500053e+00
6.633333e+01	-2.647946e-02	5.500094e+00
6.636667e+01	-2.630061e-02	5.501104e+00
6.640000e+01	-2.506371e-02	5.508092e+00
6.643333e+01	-2.143411e-02	5.528599e+00
6.646667e+01	-1.540514e-02	5.562660e+00
6.650000e+01	-9.353379e-03	5.596851e+00
6.653333e+01	-6.135129e-03	5.615033e+00
6.656667e+01	-6.391713e-03	5.613584e+00
6.660000e+01	-8.336367e-03	5.602597e+00
6.663333e+01	-9.764914e-03	5.594526e+00
6.666667e+01	-9.810868e-03	5.594266e+00
6.670000e+01	-9.038413e-03	5.598630e+00
6.673333e+01	-8.404562e-03	5.602212e+00
6.676667e+01	-8.349052e-03	5.602525e+00
6.680000e+01	-8.670054e-03	5.600712e+00
6.683333e+01	-8.954829e-03	5.599103e+00
6.686667e+01	-9.181788e-03	5.597820e+00
6.690000e+01	-1.029629e-02	5.591524e+00
6.693333e+01	-1.380159e-02	5.571720e+00
6.696667e+01	-1.980323e-02	5.537813e+00
67	-2.590525e-02	5.503338e+00
6.703333e+01	-2.917894e-02	5.484843e+00
6.706667e+01	-2.893705e-02	5.486209e+00
6.710000e+01	-2.697195e-02	5.497311e+00
6.713333e+01	-2.551879e-02	5.505521e+00
6.716667e+01	-2.546523e-02	5.505824e+00
6.720000e+01	-2.624591e-02	5.501413e+00
6.723333e+01	-2.689064e-02	5.497771e+00
6.726667e+01	-2.694998e-02	5.497436e+00
6.730000e+01	-2.662572e-02	5.499268e+00
6.733333e+01	-2.633615e-02	5.500904e+00
6.736667e+01	-2.629513e-02	5.501135e+00
6.740000e+01	-2.643001e-02	5.500373e+00
6.743333e+01	-2.656008e-02	5.499638e+00
6.746667e+01	-2.658473e-02	5.499499e+00
6.750000e+01	-2.652904e-02	5.499814e+00
6.753333e+01	-2.647086e-02	5.500142e+00
6.756667e+01	-2.645714e-02	5.500220e+00
6.760000e+01	-2.647993e-02	5.500091e+00
6.763333e+01	-2.650584e-02	5.499945e+00
6.766667e+01	-2.651311e-02	5.499904e+00
6.770000e+01	-2.650388e-02	5.499956e+00
6.773333e+01	-2.649239e-02	5.500021e+00
6.776667e+01	-2.648867e-02	5.500042e+00
6.780000e+01	-2.649236e-02	5.500021e+00
6.783333e+01	-2.649743e-02	5.499992e+00
6.786667e+01	-2.649929e-02	5.499982e+00
6.790000e+01	-2.649783e-02	5.499990e+00
6.793333e+01	-2.649561e-02	5.500003e+00
6.796667e+01	-2.649469e-02	5.500008e+00
68	-2.649526e-02	5.500005e+00
6.803333e+01	-2.668407e-02	5.498938e+00
6.806667e+01	-2.793262e-02	5.491884e+00
6.810000e+01	-3.156566e-02	5.471358e+00
6.813333e+01	-3.759062e-02	5.437319e+00
6.816667e+01	-4.363722e-02	5.403158e+00
6.820000e+01	-4.685372e-02	5.384986e+00
6.823333e+01	-4.659874e-02	5.386426e+00
6.826667e+01	-4.465636e-02	5.397400e+00
6.830000e+01	-4.322868e-02	5.405466e+00
6.833333e+01	-4.318210e-02	5.405729e+00
6.836667e+01	-4.395356e-02	5.401371e+00
6.840000e+01	-4.458698e-02	5.397792e+00
6.843333e+01	-4.464273e-02	5.397477e+00
6.846667e+01	-4.432217e-02	5.399288e+00
6.850000e+01	-4.403760e-02	5.400896e+00
6.853333e+01	-4.399838e-02	5.401117e+00
6.856667e+01	-4.413180e-02	5.400364e+00
6.860000e+01	-4.425966e-02	5.399641e+00
6.863333e+01	-4.428344e-02	5.399507e+00
6.866667e+01	-4.422831e-02	5.399818e+00
6.870000e+01	-4.417109e-02	5.400142e+00
6.873333e+01	-4.415780e-02	5.400217e+00
6.876667e+01	-4.418038e-02	5.400089e+00
6.880000e+01	-4.420587e-02	5.399945e+00
6.883333e+01	-4.421293e-02	5.399905e+00
6.886667e+01	-4.420377e-02	5.399957e+00
6.890000e+01	-4.419247e-02	5.400021e+00
6.893333e+01	-4.400101e-02	5.401102e+00
6.896667e+01	-4.275657e-02	5.408133e+00
69	-3.912830e-02	5.428632e+00
6.903333e+01	-3.310474e-02	5.462663e+00
6.906667e+01	-2.705647e-02	5.496834e+00
6.910000e+01	-2.383786e-02	5.515018e+00
6.913333e+01	-2.409213e-02	5.513582e+00
6.916667e+01	-2.603518e-02	5.502604e+00
6.920000e+01	-2.765162e-02	5.493472e+00
6.923333e+01	-2.894667e-02	5.486155e+00
6.926667e+01	-3.180821e-02	5.469988e+00
6.930000e+01	-3.719975e-02	5.439528e+00
6.933333e+01	-4.319064e-02	5.405681e+00
6.936667e+01	-4.691556e-02	5.384636e+00
6.940000e+01	-4.819326e-02	5.377418e+00
6.943333e+01	-4.992333e-02	5.367643e+00
6.946667e+01	-5.419978e-02	5.343483e+00
6.950000e+01	-5.882403e-02	5.317357e+00
6.953333e+01	-5.915489e-02	5.315488e+00
6.956667e+01	-5.356289e-02	5.347081e+00
6.960000e+01	-4.568657e-02	5.391580e+00
6.963333e+01	-4.073522e-02	5.419553e+00
6.966667e+01	-4.063674e-02	5.420110e+00
6.970000e+01	-4.328601e-02	5.405142e+00
6.973333e+01	-4.547344e-02	5.392784e+00
6.976667e+01	-4.571268e-02	5.391432e+00
6.980000e+01	-4.484349e-02	5.396343e+00
6.983333e+01	-4.512212e-02	5.394769e+00
6.986667e+01	-4.859957e-02	5.375122e+00
6.990000e+01	-5.506069e-02	5.338619e+00
6.993333e+01	-6.154070e-02	5.302009e+00
6.996667e+01	-6.484702e-02	5.283329e+00
70	-6.441255e-02	5.285783e+00
7.003333e+01	-6.227672e-02	5.297850e+00
7.006667e+01	-6.080016e-02	5.306192e+00
7.010000e+01	-6.082678e-02	5.306042e+00
7.013333e+01	-6.168423e-02	5.301198e+00
7.016667e+01	-6.234320e-02	5.297475e+00
7.020000e+01	-6.236942e-02	5.297327e+00
7.023333e+01	-6.219862e-02	5.298292e+00
7.026667e+01	-6.314921e-02	5.292921e+00
7.030000e+01	-6.675501e-02	5.272549e+00
7.033333e+01	-7.311841e-02	5.236598e+00
7.036667e+01	-8.054763e-02	5.194625e+00
7.040000e+01	-8.741647e-02	5.155818e+00
7.043333e+01	-9.312420e-02	5.123571e+00
7.046667e+01	-9.716818e-02	5.100724e+00
7.050000e+01	-9.894543e-02	5.090683e+00
7.053333e+01	-9.866955e-02	5.092242e+00
7.056667e+01	-9.752557e-02	5.098705e+00
7.060000e+01	-9.673774e-02	5.103156e+00
7.063333e+01	-9.673640e-02	5.103164e+00
7.066667e+01	-9.698747e-02	5.101745e+00
7.070000e+01	-9.608482e-02	5.106845e+00
7.073333e+01	-9.247235e-02	5.127254e+00
7.076667e+01	-8.626514e-02	5.162323e+00
7.080000e+01	-8.006336e-02	5.197361e+00
7.083333e+01	-7.701762e-02	5.214569e+00
7.086667e+01	-7.859684e-02	5.205647e+00
7.090000e+01	-8.424236e-02	5.173751e+00
7.093333e+01	-9.170655e-02	5.131581e+00
7.096667e+01	-9.776834e-02	5.097333e+00
71	-1.001820e-01	5.083697e+00
7.103333e+01	-9.928688e-02	5.088754e+00
7.106667e+01	-9.730166e-02	5.099970e+00
7.110000e+01	-9.620858e-02	5.106146e+00
7.113333e+01	-9.645018e-02	5.104781e+00
7.116667e+01	-9.725559e-02	5.100230e+00
7.120000e+01	-9.774937e-02	5.097441e+00
7.123333e+01	-9.767537e-02	5.097859e+00
7.126667e+01	-9.733315e-02	5.099792e+00
7.130000e+01	-9.710647e-02	5.101073e+00
7.133333e+01	-9.712542e-02	5.100966e+00
7.136667e+01	-9.727128e-02	5.100142e+00
7.140000e+01	-9.737536e-02	5.099554e+00
7.143333e+01	-9.737317e-02	5.099566e+00
7.146667e+01	-9.731131e-02	5.099916e+00
7.150000e+01	-9.707595e-02	5.101245e+00
7.153333e+01	-9.582608e-02	5.108307e+00
7.156667e+01	-9.221890e-02	5.128686e+00
7.160000e+01	-8.640294e-02	5.161545e+00
7.163333e+01	-8.160620e-02	5.188645e+00
7.166667e+01	-8.201211e-02	5.186351e+00
7.170000e+01	-8.828291e-02	5.150923e+00
7.173333e+01	-9.627082e-02	5.105794e+00
7.176667e+01	-1.011073e-01	5.078470e+00
7.180000e+01	-1.021511e-01	5.072572e+00
7.183333e+01	-1.032590e-01	5.066313e+00
7.186667e+01	-1.084696e-01	5.036875e+00
7.190000e+01	-1.180455e-01	4.982774e+00
7.193333e+01	-1.283789e-01	4.924393e+00
7.196667e+01	-1.350893e-01	4.886481e+00
72	-1.364590e-01	4.878743e+00
7.203333e+01	-1.343224e-01	4.890814e+00
7.206667e+01	-1.319207e-01	4.904383e+00
7.210000e+01	-1.312012e-01	4.908448e+00
7.213333e+01	-1.319766e-01	4.904067e+00
7.216667e+01	-1.329890e-01	4.898348e+00
7.220000e+01	-1.333391e-01	4.896370e+00
7.223333e+01	-1.330326e-01	4.898101e+00
7.226667e+01	-1.325900e-01	4.900602e+00
7.230000e+01	-1.324184e-01	4.901571e+00
7.233333e+01	-1.325388e-01	4.900891e+00
7.236667e+01	-1.327328e-01	4.899795e+00
7.240000e+01	-1.328163e-01	4.899323e+00
7.243333e+01	-1.327700e-01	4.899585e+00
7.246667e+01	-1.326853e-01	4.900063e+00
7.250000e+01	-1.326452e-01	4.900290e+00
7.253333e+01	-1.326625e-01	4.900192e+00
7.256667e+01	-1.326993e-01	4.899984e+00
7.260000e+01	-1.327184e-01	4.899876e+00
7.263333e+01	-1.327121e-01	4.899912e+00
7.266667e+01	-1.326962e-01	4.900002e+00
7.270000e+01	-1.326872e-01	4.900052e+00
7.273333e+01	-1.326894e-01	4.900040e+00
7.276667e+01	-1.326962e-01	4.900002e+00
7.280000e+01	-1.327004e-01	4.899978e+00
7.283333e+01	-1.326997e-01	4.899982e+00
7.286667e+01	-1.326968e-01	4.899998e+00
7.290000e+01	-1.326949e-01	4.900009e+00
7.293333e+01	-1.326950e-01	4.900008e+00
7.296667e+01	-1.326963e-01	4.900001e+00
73	-1.326972e-01	4.899996e+00
7.303333e+01	-1.326972e-01	4.899996e+00
7.306667e+01	-1.326966e-01	4.899999e+00
7.310000e+01	-1.326962e-01	4.900002e+00
7.313333e+01	-1.326962e-01	4.900002e+00
7.316667e+01	-1.326964e-01	4.900000e+00
7.320000e+01	-1.326966e-01	4.899999e+00
7.323333e+01	-1.326966e-01	4.899999e+00
7.326667e+01	-1.326965e-01	4.900000e+00
7.330000e+01	-1.326965e-01	4.900000e+00
7.333333e+01	-1.326964e-01	4.900000e+00
7.336667e+01	-1.326965e-01	4.900000e+00
7.340000e+01	-1.326965e-01	4.900000e+00
7.343333e+01	-1.326965e-01	4.900000e+00
7.346667e+01	-1.326965e-01	4.900000e+00
7.350000e+01	-1.326965e-01	4.900000e+00
7.353333e+01	-1.326965e-01	4.900000e+00
7.356667e+01	-1.326965e-01	4.900000e+00
7.360000e+01	-1.326965e-01	4.900000e+00
7.363333e+01	-1.326965e-01	4.900000e+00
7.366667e+01	-1.325087e-01	4.901061e+00
7.370000e+01	-1.312606e-01	4.908113e+00
7.373333e+01	-1.276273e-01	4.928639e+00
7.376667e+01	-1.216019e-01	4.962681e+00
7.380000e+01	-1.155551e-01	4.996844e+00
7.383333e+01	-1.123387e-01	5.015015e+00
7.386667e+01	-1.125939e-01	5.013574e+00
7.390000e+01	-1.145363e-01	5.002599e+00
7.393333e+01	-1.159640e-01	4.994534e+00
7.396667e+01	-1.160105e-01	4.994271e+00
74	-1.152390e-01	4.998630e+00
7.403333e+01	-1.146056e-01	5.002208e+00
7.406667e+01	-1.145499e-01	5.002523e+00
7.410000e+01	-1.148704e-01	5.000712e+00
7.413333e+01	-1.151550e-01	4.999104e+00
7.416667e+01	-1.151942e-01	4.998883e+00
7.420000e+01	-1.150608e-01	4.999636e+00
7.423333e+01	-1.149329e-01	5.000359e+00
7.426667e+01	-1.149092e-01	5.000493e+00
7.430000e+01	-1.149643e-01	5.000182e+00
7.433333e+01	-1.150215e-01	4.999858e+00
7.436667e+01	-1.150348e-01	4.999783e+00
7.440000e+01	-1.150122e-01	4.999911e+00
7.443333e+01	-1.149867e-01	5.000055e+00
7.446667e+01	-1.149797e-01	5.000095e+00
7.450000e+01	-1.149888e-01	5.000043e+00
7.453333e+01	-1.148123e-01	5.001040e+00
7.456667e+01	-1.135678e-01	5.008071e+00
7.460000e+01	-1.099309e-01	5.028619e+00
7.463333e+01	-1.039005e-01	5.062689e+00
7.466667e+01	-9.785187e-02	5.096862e+00
7.470000e+01	-9.463690e-02	5.115025e+00
7.473333e+01	-9.470643e-02	5.114632e+00
7.476667e+01	-9.540169e-02	5.110704e+00
7.480000e+01	-9.319552e-02	5.123169e+00
7.483333e+01	-8.721568e-02	5.156953e+00
7.486667e+01	-8.039693e-02	5.195477e+00
7.490000e+01	-7.654731e-02	5.217226e+00
7.493333e+01	-7.674718e-02	5.216097e+00
7.496667e+01	-7.901045e-02	5.203310e+00
75	-8.072259e-02	5.193637e+00
7.503333e+01	-8.080812e-02	5.193154e+00
7.506667e+01	-7.990309e-02	5.198267e+00
7.510000e+01	-7.914183e-02	5.202568e+00
7.513333e+01	-7.906242e-02	5.203016e+00
7.516667e+01	-7.943819e-02	5.200893e+00
7.520000e+01	-7.959214e-02	5.200023e+00
7.523333e+01	-7.839648e-02	5.206779e+00
7.526667e+01	-7.460719e-02	5.228187e+00
7.530000e+01	-6.824063e-02	5.264156e+00
7.533333e+01	-6.091489e-02	5.305544e+00
7.536667e+01	-5.412951e-02	5.343880e+00
7.540000e+01	-4.842782e-02	5.376092e+00
7.543333e+01	-4.434039e-02	5.399185e+00
7.546667e+01	-4.252537e-02	5.409439e+00
7.550000e+01	-4.279656e-02	5.407907e+00
7.553333e+01	-4.395866e-02	5.401342e+00
7.556667e+01	-4.476350e-02	5.396795e+00
7.560000e+01	-4.476778e-02	5.396770e+00
7.563333e+01	-4.432138e-02	5.399292e+00
7.566667e+01	-4.396830e-02	5.401287e+00
7.570000e+01	-4.394584e-02	5.401414e+00
7.573333e+01	-4.413075e-02	5.400370e+00
7.576667e+01	-4.428911e-02	5.399475e+00
7.580000e+01	-4.430716e-02	5.399373e+00
7.583333e+01	-4.422996e-02	5.399809e+00
7.586667e+01	-4.415867e-02	5.400212e+00
7.590000e+01	-4.414705e-02	5.400277e+00
7.593333e+01	-4.417908e-02	5.400096e+00
7.596667e+01	-4.402322e-02	5.400977e+00
76	-4.278183e-02	5.407991e+00
7.603333e+01	-3.913540e-02	5.428592e+00
7.606667e+01	-3.309574e-02	5.462714e+00
7.610000e+01	-2.704528e-02	5.496897e+00
7.613333e+01	-2.383423e-02	5.515039e+00
7.616667e+01	-2.409574e-02	5.513561e+00
7.620000e+01	-2.604012e-02	5.502576e+00
7.623333e+01	-2.746561e-02	5.494522e+00
7.626667e+01	-2.750930e-02	5.494276e+00
7.630000e+01	-2.673683e-02	5.498640e+00
7.633333e+01	-2.610428e-02	5.502214e+00
7.636667e+01	-2.604980e-02	5.502521e+00
7.640000e+01	-2.637086e-02	5.500707e+00
7.643333e+01	-2.665509e-02	5.499102e+00
7.646667e+01	-2.669375e-02	5.498883e+00
7.650000e+01	-2.656009e-02	5.499638e+00
7.653333e+01	-2.643236e-02	5.500360e+00
7.656667e+01	-2.640883e-02	5.500493e+00
7.660000e+01	-2.646407e-02	5.500181e+00
7.663333e+01	-2.652124e-02	5.499858e+00
7.666667e+01	-2.653442e-02	5.499783e+00
7.670000e+01	-2.651179e-02	5.499911e+00
7.673333e+01	-2.648632e-02	5.500055e+00
7.676667e+01	-2.647930e-02	5.500095e+00
7.680000e+01	-2.648848e-02	5.500043e+00
7.683333e+01	-2.649978e-02	5.499979e+00
7.686667e+01	-2.650339e-02	5.499959e+00
7.690000e+01	-2.649971e-02	5.499980e+00
7.693333e+01	-2.649472e-02	5.500008e+00
7.696667e+01	-2.649291e-02	5.500018e+00
77	-2.649437e-02	5.500010e+00
7.703333e+01	-2.649656e-02	5.499997e+00
7.706667e+01	-2.649745e-02	5.499992e+00
7.710000e+01	-2.649688e-02	5.499995e+00
7.713333e+01	-2.649592e-02	5.500001e+00
7.716667e+01	-2.649549e-02	5.500003e+00
7.720000e+01	-2.649571e-02	5.500002e+00
7.723333e+01	-2.649613e-02	5.500000e+00
7.726667e+01	-2.649633e-02	5.499999e+00
7.730000e+01	-2.649625e-02	5.499999e+00
7.733333e+01	-2.649607e-02	5.500000e+00
7.736667e+01	-2.649597e-02	5.500001e+00
7.740000e+01	-2.649600e-02	5.500000e+00
7.743333e+01	-2.649608e-02	5.500000e+00
7.746667e+01	-2.649613e-02	5.500000e+00
7.750000e+01	-2.649612e-02	5.500000e+00
7.753333e+01	-2.649608e-02	5.500000e+00
7.756667e+01	-2.649606e-02	5.500000e+00
7.760000e+01	-2.649606e-02	5.500000e+00
7.763333e+01	-2.649608e-02	5.500000e+00
7.766667e+01	-2.649609e-02	5.500000e+00
7.770000e+01	-2.649609e-02	5.500000e+00
7.773333e+01	-2.649608e-02	5.500000e+00
7.776667e+01	-2.649608e-02	5.500000e+00
7.780000e+01	-2.649608e-02	5.500000e+00
7.783333e+01	-2.649608e-02	5.500000e+00
7.786667e+01	-2.649608e-02	5.500000e+00
7.790000e+01	-2.649608e-02	5.500000e+00
7.793333e+01	-2.649608e-02	5.500000e+00
7.796667e+01	-2.668391e-02	5.498939e+00
78	-2.793202e-02	5.491887e+00
7.803333e+01	-3.156528e-02	5.471361e+00
7.806667e+01	-3.759066e-02	5.437319e+00
7.810000e+01	-4.363748e-02	5.403156e+00
7.813333e+01	-4.685390e-02	5.384985e+00
7.816667e+01	-4.659873e-02	5.386426e+00
7.820000e+01	-4.465625e-02	5.397401e+00
7.823333e+01	-4.322860e-02	5.405466e+00
7.826667e+01	-4.318210e-02	5.405729e+00
7.830000e+01	-4.376577e-02	5.402432e+00
7.833333e+01	-4.333891e-02	5.404843e+00
7.836667e+01	-4.082165e-02	5.419065e+00
7.840000e+01	-3.704865e-02	5.440381e+00
7.843333e+01	-3.435751e-02	5.455585e+00
7.846667e+01	-3.475657e-02	5.453331e+00
7.850000e+01	-3.834016e-02	5.433085e+00
7.853333e+01	-4.298573e-02	5.406839e+00
7.856667e+01	-4.596625e-02	5.389999e+00
7.860000e+01	-4.621729e-02	5.388581e+00
7.863333e+01	-4.482723e-02	5.396435e+00
7.866667e+01	-4.357088e-02	5.403533e+00
7.870000e+01	-4.316533e-02	5.405824e+00
7.873333e+01	-4.245709e-02	5.409825e+00
7.876667e+01	-3.937258e-02	5.427252e+00
7.880000e+01	-3.346898e-02	5.460605e+00
7.883333e+01	-2.720221e-02	5.496011e+00
7.886667e+01	-2.374237e-02	5.515558e+00
7.890000e+01	-2.393267e-02	5.514482e+00
7.893333e+01	-2.596460e-02	5.503003e+00
7.896667e+01	-2.750026e-02	5.494327e+00
79	-2.758027e-02	5.493875e+00
7.903333e+01	-2.677280e-02	5.498437e+00
7.906667e+01	-2.609164e-02	5.502285e+00
7.910000e+01	-2.601905e-02	5.502695e+00
7.913333e+01	-2.635391e-02	5.500803e+00
7.916667e+01	-2.665342e-02	5.499111e+00
7.920000e+01	-2.665463e-02	5.499104e+00
7.923333e+01	-2.635211e-02	5.500813e+00
7.926667e+01	-2.585715e-02	5.503610e+00
7.930000e+01	-2.527640e-02	5.506891e+00
7.933333e+01	-2.467695e-02	5.510278e+00
7.936667e+01	-2.408971e-02	5.513595e+00
7.940000e+01	-2.351913e-02	5.516819e+00
7.943333e+01	-2.295600e-02	5.520000e+00
7.946667e+01	-2.239051e-02	5.523195e+00
7.950000e+01	-2.181938e-02	5.526422e+00
7.953333e+01	-2.124524e-02	5.529666e+00
7.956667e+01	-2.067192e-02	5.532905e+00
7.960000e+01	-2.010094e-02	5.536131e+00
7.963333e+01	-1.953132e-02	5.539349e+00
7.966667e+01	-1.896142e-02	5.542569e+00
7.970000e+01	-1.839051e-02	5.545794e+00
7.973333e+01	-1.781897e-02	5.549023e+00
7.976667e+01	-1.724751e-02	5.552252e+00
7.980000e+01	-1.667649e-02	5.555478e+00
7.983333e+01	-1.610576e-02	5.558702e+00
7.986667e+01	-1.553501e-02	5.561927e+00
7.990000e+01	-1.496407e-02	5.565152e+00
7.993333e+01	-1.439300e-02	5.568379e+00
7.996667e+01	-1.382194e-02	5.571605e+00
80	-1.325095e-02	5.574831e+00
8.003333e+01	-1.268002e-02	5.578057e+00
8.006667e+01	-1.210909e-02	5.581282e+00
8.010000e+01	-1.153813e-02	5.584508e+00
8.013333e+01	-1.096714e-02	5.587734e+00
8.016667e+01	-1.039616e-02	5.590960e+00
8.020000e+01	-9.831239e-03	5.594151e+00
8.023333e+01	-9.306596e-03	5.597115e+00
8.026667e+01	-9.086989e-03	5.598356e+00
8.030000e+01	-1.012202e-02	5.592508e+00
8.033333e+01	-1.392509e-02	5.571022e+00
8.036667e+01	-2.147214e-02	5.528384e+00
8.040000e+01	-3.285349e-02	5.464083e+00
8.043333e+01	-4.842745e-02	5.376094e+00
8.046667e+01	-6.891573e-02	5.260342e+00
8.050000e+01	-9.332373e-02	5.122444e+00
8.053333e+01	-1.180377e-01	4.982818e+00
8.056667e+01	-1.391926e-01	4.863299e+00
8.060000e+01	-1.550199e-01	4.773880e+00
8.063333e+01	-1.653317e-01	4.715621e+00
8.066667e+01	-1.705054e-01	4.686391e+00
8.070000e+01	-1.723296e-01	4.676085e+00
8.073333e+01	-1.742366e-01	4.665311e+00
8.076667e+01	-1.785816e-01	4.640763e+00
8.080000e+01	-1.842017e-01	4.609011e+00
8.083333e+01	-1.879963e-01	4.587573e+00
8.086667e+01	-1.884292e-01	4.585127e+00
8.090000e+01	-1.866972e-01	4.594913e+00
8.093333e+01	-1.848538e-01	4.605327e+00
8.096667e+01	-1.832597e-01	4.614333e+00
81	-1.802938e-01	4.631090e+00
8.103333e+01	-1.749926e-01	4.661040e+00
8.106667e+01	-1.691333e-01	4.694144e+00
8.110000e+01	-1.656476e-01	4.713836e+00
8.113333e+01	-1.655826e-01	4.714203e+00
8.116667e+01	-1.674282e-01	4.703777e+00
8.120000e+01	-1.689642e-01	4.695098e+00
8.123333e+01	-1.691523e-01	4.694036e+00
8.126667e+01	-1.684297e-01	4.698118e+00
8.130000e+01	-1.677532e-01	4.701940e+00
8.133333e+01	-1.676352e-01	4.702607e+00
8.136667e+01	-1.679315e-01	4.700933e+00
8.140000e+01	-1.682329e-01	4.699230e+00
8.143333e+01	-1.682995e-01	4.698854e+00
8.146667e+01	-1.681779e-01	4.699541e+00
8.150000e+01	-1.680435e-01	4.700300e+00
8.153333e+01	-1.680078e-01	4.700502e+00
8.156667e+01	-1.680573e-01	4.700222e+00
8.160000e+01	-1.681169e-01	4.699885e+00
8.163333e+01	-1.681354e-01	4.699781e+00
8.166667e+01	-1.681155e-01	4.699894e+00
0	0	0
0	0	0
0	0	0
