0	-2.351718e-03	4.800269e+00
3.333333e-02	-2.491143e-03	4.799598e+00
6.666667e-02	-2.505770e-03	4.799528e+00
1.000000e-01	-2.436751e-03	4.799860e+00
1.333333e-01	-2.373855e-03	4.800162e+00
1.666667e-01	-2.364116e-03	4.800209e+00
2.000000e-01	-2.392772e-03	4.800071e+00
2.333333e-01	-2.421006e-03	4.799935e+00
2.666667e-01	-2.426722e-03	4.799908e+00
3.000000e-01	-2.414919e-03	4.799965e+00
3.333333e-01	-2.402305e-03	4.800025e+00
3.666667e-01	-2.399174e-03	4.800040e+00
4.000000e-01	-2.403991e-03	4.800017e+00
4.333333e-01	-2.409601e-03	4.799990e+00
4.666667e-01	-2.411243e-03	4.799982e+00
5.000000e-01	-2.409297e-03	4.799992e+00
5.333333e-01	-2.406814e-03	4.800004e+00
5.666667e-01	-2.405979e-03	4.800008e+00
6.000000e-01	-2.406755e-03	4.800004e+00
6.333333e-01	-2.407850e-03	4.799999e+00
6.666667e-01	-2.408265e-03	4.799997e+00
7.000000e-01	-2.628509e-03	4.798937e+00
7.333333e-01	-4.093545e-03	4.791888e+00
7.666667e-01	-8.359461e-03	4.771362e+00
8.000000e-01	-1.543450e-02	4.737320e+00
8.333333e-01	-2.253479e-02	4.703156e+00
8.666667e-01	-2.631156e-02	4.684984e+00
9.000000e-01	-2.601191e-02	4.686426e+00
9.333333e-01	-2.373098e-02	4.697401e+00
9.666667e-01	-2.205461e-02	4.705467e+00
1	-2.200002e-02	4.705729e+00
1.033333e+00	-2.290595e-02	4.701370e+00
1.066667e+00	-2.364972e-02	4.697792e+00
1.100000e+00	-2.371514e-02	4.697477e+00
1.133333e+00	-2.333869e-02	4.699288e+00
1.166667e+00	-2.300455e-02	4.700896e+00
1.200000e+00	-2.295852e-02	4.701117e+00
1.233333e+00	-2.311519e-02	4.700364e+00
1.266667e+00	-2.326534e-02	4.699641e+00
1.300000e+00	-2.329324e-02	4.699507e+00
1.333333e+00	-2.322851e-02	4.699818e+00
1.366667e+00	-2.316132e-02	4.700142e+00
1.400000e+00	-2.314572e-02	4.700217e+00
1.433333e+00	-2.317223e-02	4.700089e+00
1.466667e+00	-2.320216e-02	4.699945e+00
1.500000e+00	-2.321045e-02	4.699905e+00
1.533333e+00	-2.319970e-02	4.699957e+00
1.566667e+00	-2.318643e-02	4.700021e+00
1.600000e+00	-2.318217e-02	4.700041e+00
1.633333e+00	-2.318648e-02	4.700021e+00
1.666667e+00	-2.319234e-02	4.699992e+00
1.700000e+00	-2.319447e-02	4.699982e+00
1.733333e+00	-2.319277e-02	4.699990e+00
1.766667e+00	-2.319019e-02	4.700003e+00
1.800000e+00	-2.318914e-02	4.700008e+00
1.833333e+00	-2.318981e-02	4.700005e+00
1.866667e+00	-2.319093e-02	4.699999e+00
1.900000e+00	-2.319144e-02	4.699997e+00
1.933333e+00	-2.319119e-02	4.699998e+00
1.966667e+00	-2.319070e-02	4.700000e+00
2	-2.319045e-02	4.700001e+00
2.033333e+00	-2.319055e-02	4.700001e+00
2.066667e+00	-2.319076e-02	4.700000e+00
2.100000e+00	-2.319088e-02	4.699999e+00
2.133333e+00	-2.297029e-02	4.701061e+00
2.166667e+00	-2.150468e-02	4.708113e+00
2.200000e+00	-1.723851e-02	4.728640e+00
2.233333e+00	-1.016360e-02	4.762681e+00
2.266667e+00	-3.063561e-03	4.796844e+00
2.300000e+00	7.130911e-04	4.815015e+00
2.333333e+00	4.134804e-04	4.813574e+00
2.366667e+00	-1.867337e-03	4.802599e+00
2.400000e+00	-3.543652e-03	4.794534e+00
2.433333e+00	-3.598255e-03	4.794271e+00
2.466667e+00	-2.692373e-03	4.798630e+00
2.500000e+00	-1.948627e-03	4.802208e+00
2.533333e+00	-1.883205e-03	4.802523e+00
2.566667e+00	-2.259632e-03	4.800712e+00
2.600000e+00	-2.593765e-03	4.799104e+00
2.633333e+00	-2.639798e-03	4.798883e+00
2.666667e+00	-2.483129e-03	4.799636e+00
2.700000e+00	-2.332991e-03	4.800359e+00
2.733333e+00	-2.305086e-03	4.800493e+00
2.766667e+00	-2.369819e-03	4.800182e+00
2.800000e+00	-2.437006e-03	4.799858e+00
2.833333e+00	-2.452606e-03	4.799783e+00
2.866667e+00	-2.426094e-03	4.799911e+00
2.900000e+00	-2.396166e-03	4.800055e+00
2.933333e+00	-2.387874e-03	4.800095e+00
2.966667e+00	-2.398624e-03	4.800043e+00
3	-2.411896e-03	4.799979e+00
3.033333e+00	-2.416154e-03	4.799959e+00
3.066667e+00	-2.411846e-03	4.799979e+00
3.100000e+00	-2.405987e-03	4.800008e+00
3.133333e+00	-2.403854e-03	4.800018e+00
3.166667e+00	-2.405556e-03	4.800010e+00
3.200000e+00	-2.408132e-03	4.799997e+00
3.233333e+00	-2.409180e-03	4.799992e+00
3.266667e+00	-2.408519e-03	4.799995e+00
3.300000e+00	-2.407392e-03	4.800001e+00
3.333333e+00	-2.406884e-03	4.800003e+00
3.366667e+00	-2.407135e-03	4.800002e+00
3.400000e+00	-2.407627e-03	4.800000e+00
3.433333e+00	-2.407869e-03	4.799999e+00
3.466667e+00	-2.407776e-03	4.799999e+00
3.500000e+00	-2.407563e-03	4.800000e+00
3.533333e+00	-2.407449e-03	4.800001e+00
3.566667e+00	-2.407481e-03	4.800000e+00
3.600000e+00	-2.407573e-03	4.800000e+00
3.633333e+00	-2.407627e-03	4.800000e+00
3.666667e+00	-2.407616e-03	4.800000e+00
3.700000e+00	-2.407577e-03	4.800000e+00
3.733333e+00	-2.407552e-03	4.800000e+00
3.766667e+00	-2.407555e-03	4.800000e+00
3.800000e+00	-2.407572e-03	4.800000e+00
3.833333e+00	-2.407583e-03	4.800000e+00
3.866667e+00	-2.407583e-03	4.800000e+00
3.900000e+00	-2.407576e-03	4.800000e+00
3.933333e+00	-2.407570e-03	4.800000e+00
3.966667e+00	-2.407570e-03	4.800000e+00
4	-2.407573e-03	4.800000e+00
4.033333e+00	-2.407576e-03	4.800000e+00
4.066667e+00	-2.407576e-03	4.800000e+00
4.100000e+00	-2.407575e-03	4.800000e+00
4.133333e+00	-2.407573e-03	4.800000e+00
4.166667e+00	-2.407573e-03	4.800000e+00
4.200000e+00	-2.407574e-03	4.800000e+00
4.233333e+00	-2.407574e-03	4.800000e+00
4.266667e+00	-2.407574e-03	4.800000e+00
4.300000e+00	-2.407574e-03	4.800000e+00
4.333333e+00	-2.407574e-03	4.800000e+00
4.366667e+00	-2.407574e-03	4.800000e+00
4.400000e+00	-2.407574e-03	4.800000e+00
4.433333e+00	-2.407574e-03	4.800000e+00
4.466667e+00	-2.407574e-03	4.800000e+00
4.500000e+00	-2.407574e-03	4.800000e+00
4.533333e+00	-2.407574e-03	4.800000e+00
4.566667e+00	-2.407574e-03	4.800000e+00
4.600000e+00	-2.407574e-03	4.800000e+00
4.633333e+00	-2.407574e-03	4.800000e+00
4.666667e+00	-2.407574e-03	4.800000e+00
4.700000e+00	-2.407574e-03	4.800000e+00
4.733333e+00	-2.407574e-03	4.800000e+00
4.766667e+00	-2.407574e-03	4.800000e+00
4.800000e+00	-2.407574e-03	4.800000e+00
4.833333e+00	-2.407574e-03	4.800000e+00
4.866667e+00	-2.407574e-03	4.800000e+00
4.900000e+00	-2.628123e-03	4.798939e+00
4.933333e+00	-4.093640e-03	4.791887e+00
4.966667e+00	-8.359759e-03	4.771361e+00
5	-1.544765e-02	4.737257e+00
5.033333e+00	-2.264691e-02	4.702617e+00
5.066667e+00	-2.677372e-02	4.682760e+00
5.100000e+00	-2.724041e-02	4.680515e+00
5.133333e+00	-2.614352e-02	4.685792e+00
5.166667e+00	-2.587331e-02	4.687093e+00
5.200000e+00	-2.720719e-02	4.680675e+00
5.233333e+00	-2.936740e-02	4.670281e+00
5.266667e+00	-3.126686e-02	4.661141e+00
5.300000e+00	-3.248478e-02	4.655281e+00
5.333333e+00	-3.331414e-02	4.651290e+00
5.366667e+00	-3.422954e-02	4.646886e+00
5.400000e+00	-3.543689e-02	4.641077e+00
5.433333e+00	-3.682480e-02	4.634399e+00
5.466667e+00	-3.818653e-02	4.627847e+00
5.500000e+00	-3.942331e-02	4.621896e+00
5.533333e+00	-4.057668e-02	4.616346e+00
5.566667e+00	-4.194399e-02	4.609767e+00
5.600000e+00	-4.452330e-02	4.597357e+00
5.633333e+00	-4.969056e-02	4.572494e+00
5.666667e+00	-5.724991e-02	4.536121e+00
5.700000e+00	-6.439423e-02	4.501746e+00
5.733333e+00	-6.819604e-02	4.483453e+00
5.766667e+00	-6.918340e-02	4.478702e+00
5.800000e+00	-7.113381e-02	4.469318e+00
5.833333e+00	-7.682461e-02	4.441936e+00
5.866667e+00	-8.541125e-02	4.400621e+00
5.900000e+00	-9.437832e-02	4.357475e+00
5.933333e+00	-1.018684e-01	4.321436e+00
5.966667e+00	-1.067198e-01	4.298093e+00
6	-1.084342e-01	4.289844e+00
6.033333e+00	-1.077575e-01	4.293100e+00
6.066667e+00	-1.063513e-01	4.299866e+00
6.100000e+00	-1.058008e-01	4.302515e+00
6.133333e+00	-1.074226e-01	4.294711e+00
6.166667e+00	-1.122396e-01	4.271534e+00
6.200000e+00	-1.196569e-01	4.235845e+00
6.233333e+00	-1.267111e-01	4.201903e+00
6.266667e+00	-1.302553e-01	4.184850e+00
6.300000e+00	-1.297993e-01	4.187044e+00
6.333333e+00	-1.275296e-01	4.197965e+00
6.366667e+00	-1.259523e-01	4.205554e+00
6.400000e+00	-1.259693e-01	4.205472e+00
6.433333e+00	-1.268745e-01	4.201117e+00
6.466667e+00	-1.275763e-01	4.197740e+00
6.500000e+00	-1.276090e-01	4.197583e+00
6.533333e+00	-1.272311e-01	4.199401e+00
6.566667e+00	-1.269146e-01	4.200924e+00
6.600000e+00	-1.268834e-01	4.201074e+00
6.633333e+00	-1.268210e-01	4.201374e+00
6.666667e+00	-1.254982e-01	4.207739e+00
6.700000e+00	-1.212533e-01	4.228164e+00
6.733333e+00	-1.141126e-01	4.262522e+00
6.766667e+00	-1.069484e-01	4.296993e+00
6.800000e+00	-1.031592e-01	4.315225e+00
6.833333e+00	-1.034859e-01	4.313653e+00
6.866667e+00	-1.057954e-01	4.302541e+00
6.900000e+00	-1.074787e-01	4.294442e+00
6.933333e+00	-1.075222e-01	4.294232e+00
6.966667e+00	-1.066036e-01	4.298652e+00
7	-1.058561e-01	4.302249e+00
7.033333e+00	-1.057952e-01	4.302542e+00
7.066667e+00	-1.061773e-01	4.300703e+00
7.100000e+00	-1.062927e-01	4.300148e+00
7.133333e+00	-1.048715e-01	4.306986e+00
7.166667e+00	-1.004462e-01	4.328279e+00
7.200000e+00	-9.322019e-02	4.363047e+00
7.233333e+00	-8.609291e-02	4.397341e+00
7.266667e+00	-8.238206e-02	4.415196e+00
7.300000e+00	-8.274931e-02	4.413429e+00
7.333333e+00	-8.504548e-02	4.402381e+00
7.366667e+00	-8.669481e-02	4.394445e+00
7.400000e+00	-8.671927e-02	4.394327e+00
7.433333e+00	-8.580519e-02	4.398725e+00
7.466667e+00	-8.507240e-02	4.402251e+00
7.500000e+00	-8.502035e-02	4.402502e+00
7.533333e+00	-8.540100e-02	4.400670e+00
7.566667e+00	-8.573074e-02	4.399084e+00
7.600000e+00	-8.577086e-02	4.398891e+00
7.633333e+00	-8.561207e-02	4.399655e+00
7.666667e+00	-8.546367e-02	4.400369e+00
7.700000e+00	-8.543837e-02	4.400490e+00
7.733333e+00	-8.550414e-02	4.400174e+00
7.766667e+00	-8.557065e-02	4.399854e+00
7.800000e+00	-8.558512e-02	4.399784e+00
7.833333e+00	-8.555810e-02	4.399914e+00
7.866667e+00	-8.530788e-02	4.401118e+00
7.900000e+00	-8.383457e-02	4.408207e+00
7.933333e+00	-7.957944e-02	4.428681e+00
7.966667e+00	-7.251770e-02	4.462659e+00
8	-6.542166e-02	4.496802e+00
8.033333e+00	-6.164056e-02	4.514996e+00
8.066667e+00	-6.193435e-02	4.513582e+00
8.100000e+00	-6.421314e-02	4.502617e+00
8.133333e+00	-6.589122e-02	4.494543e+00
8.166667e+00	-6.594839e-02	4.494268e+00
8.200000e+00	-6.504351e-02	4.498622e+00
8.233333e+00	-6.429907e-02	4.502204e+00
8.266667e+00	-6.423253e-02	4.502524e+00
8.300000e+00	-6.460847e-02	4.500715e+00
8.333333e+00	-6.494286e-02	4.499106e+00
8.366667e+00	-6.498939e-02	4.498882e+00
8.400000e+00	-6.483295e-02	4.499635e+00
8.433333e+00	-6.468272e-02	4.500358e+00
8.466667e+00	-6.465460e-02	4.500493e+00
8.500000e+00	-6.471922e-02	4.500182e+00
8.533333e+00	-6.478644e-02	4.499859e+00
8.566667e+00	-6.480213e-02	4.499783e+00
8.600000e+00	-6.477567e-02	4.499911e+00
8.633333e+00	-6.474573e-02	4.500055e+00
8.666667e+00	-6.473740e-02	4.500095e+00
8.700000e+00	-6.474813e-02	4.500043e+00
8.733333e+00	-6.476140e-02	4.499979e+00
8.766667e+00	-6.476568e-02	4.499959e+00
8.800000e+00	-6.476138e-02	4.499979e+00
8.833333e+00	-6.475552e-02	4.500008e+00
8.866667e+00	-6.475338e-02	4.500018e+00
8.900000e+00	-6.475508e-02	4.500010e+00
8.933333e+00	-6.475765e-02	4.499997e+00
8.966667e+00	-6.475871e-02	4.499992e+00
9	-6.475805e-02	4.499995e+00
9.033333e+00	-6.475692e-02	4.500001e+00
9.066667e+00	-6.475641e-02	4.500003e+00
9.100000e+00	-6.475666e-02	4.500002e+00
9.133333e+00	-6.475715e-02	4.500000e+00
9.166667e+00	-6.475740e-02	4.499999e+00
9.200000e+00	-6.475730e-02	4.499999e+00
9.233333e+00	-6.475709e-02	4.500000e+00
9.266667e+00	-6.475698e-02	4.500001e+00
9.300000e+00	-6.475701e-02	4.500000e+00
9.333333e+00	-6.475710e-02	4.500000e+00
9.366667e+00	-6.475715e-02	4.500000e+00
9.400000e+00	-6.475714e-02	4.500000e+00
9.433333e+00	-6.475710e-02	4.500000e+00
9.466667e+00	-6.475708e-02	4.500000e+00
9.500000e+00	-6.475708e-02	4.500000e+00
9.533333e+00	-6.475710e-02	4.500000e+00
9.566667e+00	-6.475711e-02	4.500000e+00
9.600000e+00	-6.497766e-02	4.498939e+00
9.633333e+00	-6.644317e-02	4.491887e+00
9.666667e+00	-7.070928e-02	4.471361e+00
9.700000e+00	-7.778420e-02	4.437319e+00
9.733333e+00	-8.488429e-02	4.403156e+00
9.766667e+00	-8.866097e-02	4.384985e+00
9.800000e+00	-8.836135e-02	4.386426e+00
9.833333e+00	-8.608052e-02	4.397401e+00
9.866667e+00	-8.440419e-02	4.405466e+00
9.900000e+00	-8.434959e-02	4.405729e+00
9.933333e+00	-8.525548e-02	4.401370e+00
9.966667e+00	-8.599923e-02	4.397792e+00
10	-8.606465e-02	4.397477e+00
1.003333e+01	-8.568822e-02	4.399288e+00
1.006667e+01	-8.535408e-02	4.400896e+00
1.010000e+01	-8.530805e-02	4.401117e+00
1.013333e+01	-8.546472e-02	4.400364e+00
1.016667e+01	-8.561486e-02	4.399641e+00
1.020000e+01	-8.564276e-02	4.399507e+00
1.023333e+01	-8.557803e-02	4.399818e+00
1.026667e+01	-8.551084e-02	4.400142e+00
1.030000e+01	-8.549524e-02	4.400217e+00
1.033333e+01	-8.552176e-02	4.400089e+00
1.036667e+01	-8.555168e-02	4.399945e+00
1.040000e+01	-8.555998e-02	4.399905e+00
1.043333e+01	-8.554923e-02	4.399957e+00
1.046667e+01	-8.553595e-02	4.400021e+00
1.050000e+01	-8.553170e-02	4.400041e+00
1.053333e+01	-8.553600e-02	4.400021e+00
1.056667e+01	-8.554186e-02	4.399992e+00
1.060000e+01	-8.554400e-02	4.399982e+00
1.063333e+01	-8.554229e-02	4.399990e+00
1.066667e+01	-8.553972e-02	4.400003e+00
1.070000e+01	-8.553867e-02	4.400008e+00
1.073333e+01	-8.553933e-02	4.400005e+00
1.076667e+01	-8.554046e-02	4.399999e+00
1.080000e+01	-8.554097e-02	4.399997e+00
1.083333e+01	-8.554071e-02	4.399998e+00
1.086667e+01	-8.554022e-02	4.400000e+00
1.090000e+01	-8.553998e-02	4.400001e+00
1.093333e+01	-8.554007e-02	4.400001e+00
1.096667e+01	-8.554029e-02	4.400000e+00
11	-8.554040e-02	4.399999e+00
1.103333e+01	-8.554037e-02	4.400000e+00
1.106667e+01	-8.554028e-02	4.400000e+00
1.110000e+01	-8.554022e-02	4.400000e+00
1.113333e+01	-8.554023e-02	4.400000e+00
1.116667e+01	-8.554027e-02	4.400000e+00
1.120000e+01	-8.554030e-02	4.400000e+00
1.123333e+01	-8.554030e-02	4.400000e+00
1.126667e+01	-8.554028e-02	4.400000e+00
1.130000e+01	-8.554027e-02	4.400000e+00
1.133333e+01	-8.554027e-02	4.400000e+00
1.136667e+01	-8.554027e-02	4.400000e+00
1.140000e+01	-8.554028e-02	4.400000e+00
1.143333e+01	-8.554028e-02	4.400000e+00
1.146667e+01	-8.554028e-02	4.400000e+00
1.150000e+01	-8.554027e-02	4.400000e+00
1.153333e+01	-8.554027e-02	4.400000e+00
1.156667e+01	-8.554028e-02	4.400000e+00
1.160000e+01	-8.554028e-02	4.400000e+00
1.163333e+01	-8.554028e-02	4.400000e+00
1.166667e+01	-8.540795e-02	4.400637e+00
1.170000e+01	-8.452864e-02	4.404868e+00
1.173333e+01	-8.196897e-02	4.417184e+00
1.176667e+01	-7.785634e-02	4.436972e+00
1.180000e+01	-7.447560e-02	4.453239e+00
1.183333e+01	-7.476927e-02	4.451826e+00
1.186667e+01	-7.919399e-02	4.430536e+00
1.190000e+01	-8.482254e-02	4.403453e+00
1.193333e+01	-8.809434e-02	4.387711e+00
1.196667e+01	-8.794733e-02	4.388418e+00
12	-8.603530e-02	4.397618e+00
1.203333e+01	-8.458325e-02	4.404605e+00
1.206667e+01	-8.451124e-02	4.404951e+00
1.210000e+01	-8.528063e-02	4.401249e+00
1.213333e+01	-8.592736e-02	4.398138e+00
1.216667e+01	-8.599424e-02	4.397816e+00
1.220000e+01	-8.567437e-02	4.399355e+00
1.223333e+01	-8.538381e-02	4.400753e+00
1.226667e+01	-8.533945e-02	4.400966e+00
1.230000e+01	-8.547229e-02	4.400327e+00
1.233333e+01	-8.560269e-02	4.399700e+00
1.236667e+01	-8.562879e-02	4.399574e+00
1.240000e+01	-8.557404e-02	4.399838e+00
1.243333e+01	-8.551577e-02	4.400118e+00
1.246667e+01	-8.550144e-02	4.400187e+00
1.250000e+01	-8.552379e-02	4.400079e+00
1.253333e+01	-8.554971e-02	4.399955e+00
1.256667e+01	-8.555724e-02	4.399918e+00
1.260000e+01	-8.554821e-02	4.399962e+00
1.263333e+01	-8.553673e-02	4.400017e+00
1.266667e+01	-8.553290e-02	4.400036e+00
1.270000e+01	-8.553650e-02	4.400018e+00
1.273333e+01	-8.554156e-02	4.399994e+00
1.276667e+01	-8.554347e-02	4.399985e+00
1.280000e+01	-8.554205e-02	4.399991e+00
1.283333e+01	-8.553983e-02	4.400002e+00
1.286667e+01	-8.553890e-02	4.400007e+00
1.290000e+01	-8.553945e-02	4.400004e+00
1.293333e+01	-8.554042e-02	4.399999e+00
1.296667e+01	-8.554087e-02	4.399997e+00
13	-8.554066e-02	4.399998e+00
1.303333e+01	-8.554024e-02	4.400000e+00
1.306667e+01	-8.554002e-02	4.400001e+00
1.310000e+01	-8.554010e-02	4.400001e+00
1.313333e+01	-8.554028e-02	4.400000e+00
1.316667e+01	-8.554038e-02	4.399999e+00
1.320000e+01	-8.576091e-02	4.398938e+00
1.323333e+01	-8.722634e-02	4.391887e+00
1.326667e+01	-9.149242e-02	4.371361e+00
1.330000e+01	-9.856734e-02	4.337319e+00
1.333333e+01	-1.056675e-01	4.303156e+00
1.336667e+01	-1.094442e-01	4.284984e+00
1.340000e+01	-1.091445e-01	4.286426e+00
1.343333e+01	-1.068637e-01	4.297401e+00
1.346667e+01	-1.051874e-01	4.305466e+00
1.350000e+01	-1.051328e-01	4.305729e+00
1.353333e+01	-1.060387e-01	4.301370e+00
1.356667e+01	-1.067824e-01	4.297792e+00
1.360000e+01	-1.068478e-01	4.297477e+00
1.363333e+01	-1.064714e-01	4.299288e+00
1.366667e+01	-1.061373e-01	4.300896e+00
1.370000e+01	-1.060912e-01	4.301117e+00
1.373333e+01	-1.062479e-01	4.300364e+00
1.376667e+01	-1.063980e-01	4.299641e+00
1.380000e+01	-1.064259e-01	4.299507e+00
1.383333e+01	-1.063612e-01	4.299818e+00
1.386667e+01	-1.062940e-01	4.300142e+00
1.390000e+01	-1.062784e-01	4.300217e+00
1.393333e+01	-1.063049e-01	4.300089e+00
1.396667e+01	-1.063349e-01	4.299945e+00
14	-1.063432e-01	4.299905e+00
1.403333e+01	-1.063324e-01	4.299957e+00
1.406667e+01	-1.063191e-01	4.300021e+00
1.410000e+01	-1.063149e-01	4.300041e+00
1.413333e+01	-1.063192e-01	4.300021e+00
1.416667e+01	-1.063250e-01	4.299992e+00
1.420000e+01	-1.063272e-01	4.299982e+00
1.423333e+01	-1.063255e-01	4.299990e+00
1.426667e+01	-1.063229e-01	4.300003e+00
1.430000e+01	-1.063218e-01	4.300008e+00
1.433333e+01	-1.063225e-01	4.300005e+00
1.436667e+01	-1.063236e-01	4.299999e+00
1.440000e+01	-1.063241e-01	4.299997e+00
1.443333e+01	-1.063239e-01	4.299998e+00
1.446667e+01	-1.063234e-01	4.300000e+00
1.450000e+01	-1.063232e-01	4.300001e+00
1.453333e+01	-1.063232e-01	4.300001e+00
1.456667e+01	-1.063235e-01	4.300000e+00
1.460000e+01	-1.063236e-01	4.299999e+00
1.463333e+01	-1.063235e-01	4.300000e+00
1.466667e+01	-1.063235e-01	4.300000e+00
1.470000e+01	-1.063234e-01	4.300000e+00
1.473333e+01	-1.063234e-01	4.300000e+00
1.476667e+01	-1.063234e-01	4.300000e+00
1.480000e+01	-1.063235e-01	4.300000e+00
1.483333e+01	-1.063235e-01	4.300000e+00
1.486667e+01	-1.063235e-01	4.300000e+00
1.490000e+01	-1.063234e-01	4.300000e+00
1.493333e+01	-1.063234e-01	4.300000e+00
1.496667e+01	-1.063235e-01	4.300000e+00
15	-1.063235e-01	4.300000e+00
1.503333e+01	-1.063235e-01	4.300000e+00
1.506667e+01	-1.063235e-01	4.300000e+00
1.510000e+01	-1.063235e-01	4.300000e+00
1.513333e+01	-1.063235e-01	4.300000e+00
1.516667e+01	-1.063235e-01	4.300000e+00
1.520000e+01	-1.063235e-01	4.300000e+00
1.523333e+01	-1.063235e-01	4.300000e+00
1.526667e+01	-1.063235e-01	4.300000e+00
1.530000e+01	-1.063235e-01	4.300000e+00
1.533333e+01	-1.063235e-01	4.300000e+00
1.536667e+01	-1.063235e-01	4.300000e+00
1.540000e+01	-1.063235e-01	4.300000e+00
1.543333e+01	-1.063235e-01	4.300000e+00
1.546667e+01	-1.063235e-01	4.300000e+00
1.550000e+01	-1.063235e-01	4.300000e+00
1.553333e+01	-1.063235e-01	4.300000e+00
1.556667e+01	-1.063235e-01	4.300000e+00
1.560000e+01	-1.063235e-01	4.300000e+00
1.563333e+01	-1.063235e-01	4.300000e+00
1.566667e+01	-1.063235e-01	4.300000e+00
1.570000e+01	-1.063235e-01	4.300000e+00
1.573333e+01	-1.065440e-01	4.298939e+00
1.576667e+01	-1.080095e-01	4.291887e+00
1.580000e+01	-1.122756e-01	4.271361e+00
1.583333e+01	-1.193506e-01	4.237319e+00
1.586667e+01	-1.264506e-01	4.203156e+00
1.590000e+01	-1.302273e-01	4.184985e+00
1.593333e+01	-1.299277e-01	4.186426e+00
1.596667e+01	-1.276469e-01	4.197401e+00
16	-1.259705e-01	4.205466e+00
1.603333e+01	-1.259159e-01	4.205729e+00
1.606667e+01	-1.268218e-01	4.201370e+00
1.610000e+01	-1.275656e-01	4.197792e+00
1.613333e+01	-1.276310e-01	4.197477e+00
1.616667e+01	-1.272546e-01	4.199288e+00
1.620000e+01	-1.269204e-01	4.200896e+00
1.623333e+01	-1.268744e-01	4.201117e+00
1.626667e+01	-1.270311e-01	4.200364e+00
1.630000e+01	-1.271812e-01	4.199641e+00
1.633333e+01	-1.272091e-01	4.199507e+00
1.636667e+01	-1.271444e-01	4.199818e+00
1.640000e+01	-1.270772e-01	4.200142e+00
1.643333e+01	-1.270616e-01	4.200217e+00
1.646667e+01	-1.273087e-01	4.199028e+00
1.650000e+01	-1.288041e-01	4.191832e+00
1.653333e+01	-1.330785e-01	4.171266e+00
1.656667e+01	-1.401427e-01	4.137276e+00
1.660000e+01	-1.474500e-01	4.102116e+00
1.663333e+01	-1.526880e-01	4.076913e+00
1.666667e+01	-1.566588e-01	4.057807e+00
1.670000e+01	-1.614587e-01	4.034712e+00
1.673333e+01	-1.668846e-01	4.008605e+00
1.676667e+01	-1.706050e-01	3.990704e+00
1.680000e+01	-1.712087e-01	3.987799e+00
1.683333e+01	-1.696706e-01	3.995200e+00
1.686667e+01	-1.680603e-01	4.002948e+00
1.690000e+01	-1.676304e-01	4.005016e+00
1.693333e+01	-1.682027e-01	4.002263e+00
1.696667e+01	-1.691207e-01	3.997846e+00
17	-1.708078e-01	3.989728e+00
1.703333e+01	-1.748474e-01	3.970291e+00
1.706667e+01	-1.816162e-01	3.937723e+00
1.710000e+01	-1.886057e-01	3.904092e+00
1.713333e+01	-1.924720e-01	3.885489e+00
1.716667e+01	-1.923069e-01	3.886284e+00
1.720000e+01	-1.900804e-01	3.896997e+00
1.723333e+01	-1.883692e-01	3.905230e+00
1.726667e+01	-1.882557e-01	3.905776e+00
1.730000e+01	-1.891353e-01	3.901544e+00
1.733333e+01	-1.898923e-01	3.897902e+00
1.736667e+01	-1.899834e-01	3.897463e+00
1.740000e+01	-1.896195e-01	3.899214e+00
1.743333e+01	-1.895010e-01	3.899784e+00
1.746667e+01	-1.909094e-01	3.893008e+00
1.750000e+01	-1.953262e-01	3.871756e+00
1.753333e+01	-2.025530e-01	3.836983e+00
1.756667e+01	-2.096858e-01	3.802663e+00
1.760000e+01	-2.134005e-01	3.784790e+00
1.763333e+01	-2.130332e-01	3.786557e+00
1.766667e+01	-2.107347e-01	3.797617e+00
1.770000e+01	-2.090836e-01	3.805561e+00
1.773333e+01	-2.090591e-01	3.805679e+00
1.776667e+01	-2.099741e-01	3.801276e+00
1.780000e+01	-2.107077e-01	3.797746e+00
1.783333e+01	-2.107598e-01	3.797496e+00
1.786667e+01	-2.103788e-01	3.799329e+00
1.790000e+01	-2.100487e-01	3.800917e+00
1.793333e+01	-2.100085e-01	3.801111e+00
1.796667e+01	-2.101675e-01	3.800346e+00
18	-2.103160e-01	3.799631e+00
1.803333e+01	-2.103414e-01	3.799509e+00
1.806667e+01	-2.104961e-01	3.798765e+00
1.810000e+01	-2.118950e-01	3.792034e+00
1.813333e+01	-2.161466e-01	3.771577e+00
1.816667e+01	-2.232486e-01	3.737405e+00
1.820000e+01	-2.303784e-01	3.703099e+00
1.823333e+01	-2.341629e-01	3.684890e+00
1.826667e+01	-2.338522e-01	3.686384e+00
1.830000e+01	-2.315582e-01	3.697422e+00
1.833333e+01	-2.298778e-01	3.705508e+00
1.836667e+01	-2.298277e-01	3.705749e+00
1.840000e+01	-2.307394e-01	3.701362e+00
1.843333e+01	-2.314852e-01	3.697774e+00
1.846667e+01	-2.315488e-01	3.697467e+00
1.850000e+01	-2.311698e-01	3.699291e+00
1.853333e+01	-2.308347e-01	3.700904e+00
1.856667e+01	-2.307894e-01	3.701122e+00
1.860000e+01	-2.309472e-01	3.700363e+00
1.863333e+01	-2.313183e-01	3.698577e+00
1.866667e+01	-2.328115e-01	3.691392e+00
1.870000e+01	-2.370124e-01	3.671179e+00
1.873333e+01	-2.440199e-01	3.637462e+00
1.876667e+01	-2.511045e-01	3.603374e+00
1.880000e+01	-2.549079e-01	3.585074e+00
1.883333e+01	-2.546383e-01	3.586371e+00
1.886667e+01	-2.523657e-01	3.597305e+00
1.890000e+01	-2.506785e-01	3.605423e+00
1.893333e+01	-2.506106e-01	3.605750e+00
1.896667e+01	-2.512917e-01	3.602473e+00
19	-2.505743e-01	3.605925e+00
1.903333e+01	-2.463795e-01	3.626109e+00
1.906667e+01	-2.389303e-01	3.661951e+00
1.910000e+01	-2.314943e-01	3.697730e+00
1.913333e+01	-2.276690e-01	3.716136e+00
1.916667e+01	-2.281243e-01	3.713945e+00
1.920000e+01	-2.305559e-01	3.702245e+00
1.923333e+01	-2.322613e-01	3.694040e+00
1.926667e+01	-2.322516e-01	3.694086e+00
1.930000e+01	-2.312783e-01	3.698769e+00
1.933333e+01	-2.305185e-01	3.702425e+00
1.936667e+01	-2.304793e-01	3.702614e+00
1.940000e+01	-2.306652e-01	3.701719e+00
1.943333e+01	-2.295423e-01	3.707122e+00
1.946667e+01	-2.253116e-01	3.727478e+00
1.950000e+01	-2.180667e-01	3.762338e+00
1.953333e+01	-2.108122e-01	3.797244e+00
1.956667e+01	-2.070118e-01	3.815529e+00
1.960000e+01	-2.073820e-01	3.813748e+00
1.963333e+01	-2.097322e-01	3.802440e+00
1.966667e+01	-2.114225e-01	3.794307e+00
1.970000e+01	-2.114480e-01	3.794184e+00
1.973333e+01	-2.105111e-01	3.798692e+00
1.976667e+01	-2.097597e-01	3.802308e+00
1.980000e+01	-2.097062e-01	3.802565e+00
1.983333e+01	-2.100964e-01	3.800688e+00
1.986667e+01	-2.104345e-01	3.799061e+00
1.990000e+01	-2.102552e-01	3.799923e+00
1.993333e+01	-2.086269e-01	3.807758e+00
1.996667e+01	-2.042086e-01	3.829017e+00
20	-1.971077e-01	3.863184e+00
2.003333e+01	-1.900751e-01	3.897022e+00
2.006667e+01	-1.863666e-01	3.914866e+00
2.010000e+01	-1.866811e-01	3.913353e+00
2.013333e+01	-1.889342e-01	3.902511e+00
2.016667e+01	-1.905801e-01	3.894592e+00
2.020000e+01	-1.906267e-01	3.894368e+00
2.023333e+01	-1.897321e-01	3.898672e+00
2.026667e+01	-1.890018e-01	3.902186e+00
2.030000e+01	-1.889406e-01	3.902481e+00
2.033333e+01	-1.893125e-01	3.900691e+00
2.036667e+01	-1.896406e-01	3.899112e+00
2.040000e+01	-1.896846e-01	3.898901e+00
2.043333e+01	-1.895297e-01	3.899646e+00
2.046667e+01	-1.891616e-01	3.901417e+00
2.050000e+01	-1.876692e-01	3.908598e+00
2.053333e+01	-1.834672e-01	3.928817e+00
2.056667e+01	-1.764583e-01	3.962540e+00
2.060000e+01	-1.693733e-01	3.996630e+00
2.063333e+01	-1.655704e-01	4.014928e+00
2.066667e+01	-1.658406e-01	4.013628e+00
2.070000e+01	-1.681133e-01	4.002693e+00
2.073333e+01	-1.698003e-01	3.994576e+00
2.076667e+01	-1.698680e-01	3.994250e+00
2.080000e+01	-1.689662e-01	3.998589e+00
2.083333e+01	-1.682182e-01	4.002188e+00
2.086667e+01	-1.681470e-01	4.002531e+00
2.090000e+01	-1.685214e-01	4.000729e+00
2.093333e+01	-1.688572e-01	3.999114e+00
2.096667e+01	-1.689058e-01	3.998880e+00
21	-1.687501e-01	3.999629e+00
2.103333e+01	-1.685993e-01	4.000354e+00
2.106667e+01	-1.685703e-01	4.000494e+00
2.110000e+01	-1.686345e-01	4.000185e+00
2.113333e+01	-1.687020e-01	3.999860e+00
2.116667e+01	-1.687181e-01	3.999783e+00
2.120000e+01	-1.686918e-01	3.999909e+00
2.123333e+01	-1.686618e-01	4.000054e+00
2.126667e+01	-1.686533e-01	4.000095e+00
2.130000e+01	-1.686639e-01	4.000044e+00
2.133333e+01	-1.686772e-01	3.999980e+00
2.136667e+01	-1.686816e-01	3.999959e+00
2.140000e+01	-1.686773e-01	3.999979e+00
2.143333e+01	-1.686714e-01	4.000007e+00
2.146667e+01	-1.686693e-01	4.000018e+00
2.150000e+01	-1.686709e-01	4.000010e+00
2.153333e+01	-1.686735e-01	3.999997e+00
2.156667e+01	-1.686746e-01	3.999992e+00
2.160000e+01	-1.686739e-01	3.999995e+00
2.163333e+01	-1.686728e-01	4.000001e+00
2.166667e+01	-1.686723e-01	4.000003e+00
2.170000e+01	-1.686725e-01	4.000002e+00
2.173333e+01	-1.686730e-01	4.000000e+00
2.176667e+01	-1.686733e-01	3.999999e+00
2.180000e+01	-1.686732e-01	3.999999e+00
2.183333e+01	-1.686730e-01	4.000000e+00
2.186667e+01	-1.686729e-01	4.000001e+00
2.190000e+01	-1.686729e-01	4.000000e+00
2.193333e+01	-1.686730e-01	4.000000e+00
2.196667e+01	-1.686730e-01	4.000000e+00
22	-1.686730e-01	4.000000e+00
2.203333e+01	-1.686730e-01	4.000000e+00
2.206667e+01	-1.686730e-01	4.000000e+00
2.210000e+01	-1.686730e-01	4.000000e+00
2.213333e+01	-1.686730e-01	4.000000e+00
2.216667e+01	-1.686730e-01	4.000000e+00
2.220000e+01	-1.686730e-01	4.000000e+00
2.223333e+01	-1.688935e-01	3.998939e+00
2.226667e+01	-1.703590e-01	3.991887e+00
2.230000e+01	-1.746252e-01	3.971361e+00
2.233333e+01	-1.817001e-01	3.937319e+00
2.236667e+01	-1.888002e-01	3.903156e+00
2.240000e+01	-1.925768e-01	3.884985e+00
2.243333e+01	-1.922772e-01	3.886426e+00
2.246667e+01	-1.899964e-01	3.897401e+00
2.250000e+01	-1.883201e-01	3.905466e+00
2.253333e+01	-1.882655e-01	3.905729e+00
2.256667e+01	-1.891714e-01	3.901370e+00
2.260000e+01	-1.899151e-01	3.897792e+00
2.263333e+01	-1.899805e-01	3.897477e+00
2.266667e+01	-1.896041e-01	3.899288e+00
2.270000e+01	-1.892700e-01	3.900896e+00
2.273333e+01	-1.892239e-01	3.901117e+00
2.276667e+01	-1.893806e-01	3.900364e+00
2.280000e+01	-1.895307e-01	3.899641e+00
2.283333e+01	-1.895586e-01	3.899507e+00
2.286667e+01	-1.894939e-01	3.899818e+00
2.290000e+01	-1.894267e-01	3.900142e+00
2.293333e+01	-1.894111e-01	3.900217e+00
2.296667e+01	-1.894376e-01	3.900089e+00
23	-1.894676e-01	3.899945e+00
2.303333e+01	-1.894759e-01	3.899905e+00
2.306667e+01	-1.894651e-01	3.899957e+00
2.310000e+01	-1.894518e-01	3.900021e+00
2.313333e+01	-1.894476e-01	3.900041e+00
2.316667e+01	-1.894519e-01	3.900021e+00
2.320000e+01	-1.894577e-01	3.899992e+00
2.323333e+01	-1.894599e-01	3.899982e+00
2.326667e+01	-1.894582e-01	3.899990e+00
2.330000e+01	-1.894556e-01	3.900003e+00
2.333333e+01	-1.894545e-01	3.900008e+00
2.336667e+01	-1.892347e-01	3.901066e+00
2.340000e+01	-1.877703e-01	3.908112e+00
2.343333e+01	-1.835047e-01	3.928636e+00
2.346667e+01	-1.764295e-01	3.962679e+00
2.350000e+01	-1.693289e-01	3.996844e+00
2.353333e+01	-1.655520e-01	4.015017e+00
2.356667e+01	-1.658517e-01	4.013575e+00
2.360000e+01	-1.681327e-01	4.002599e+00
2.363333e+01	-1.698092e-01	3.994533e+00
2.366667e+01	-1.698638e-01	3.994270e+00
2.370000e+01	-1.689578e-01	3.998630e+00
2.373333e+01	-1.682140e-01	4.002209e+00
2.376667e+01	-1.681486e-01	4.002523e+00
2.380000e+01	-1.685250e-01	4.000712e+00
2.383333e+01	-1.688592e-01	3.999104e+00
2.386667e+01	-1.689052e-01	3.998883e+00
2.390000e+01	-1.687485e-01	3.999636e+00
2.393333e+01	-1.685984e-01	4.000359e+00
2.396667e+01	-1.685705e-01	4.000493e+00
24	-1.686352e-01	4.000182e+00
2.403333e+01	-1.687024e-01	3.999858e+00
2.406667e+01	-1.687180e-01	3.999783e+00
2.410000e+01	-1.686915e-01	3.999911e+00
2.413333e+01	-1.686616e-01	4.000055e+00
2.416667e+01	-1.684327e-01	4.001156e+00
2.420000e+01	-1.669780e-01	4.008156e+00
2.423333e+01	-1.627251e-01	4.028619e+00
2.426667e+01	-1.556545e-01	4.062640e+00
2.430000e+01	-1.485501e-01	4.096823e+00
2.433333e+01	-1.447675e-01	4.115023e+00
2.436667e+01	-1.450650e-01	4.113592e+00
2.440000e+01	-1.475681e-01	4.101548e+00
2.443333e+01	-1.507125e-01	4.086418e+00
2.446667e+01	-1.550343e-01	4.065624e+00
2.450000e+01	-1.612027e-01	4.035944e+00
2.453333e+01	-1.675579e-01	4.005366e+00
2.456667e+01	-1.712686e-01	3.987511e+00
2.460000e+01	-1.711251e-01	3.988201e+00
2.463333e+01	-1.677134e-01	4.004617e+00
2.466667e+01	-1.618172e-01	4.032987e+00
2.470000e+01	-1.545309e-01	4.068046e+00
2.473333e+01	-1.481864e-01	4.098573e+00
2.476667e+01	-1.451255e-01	4.113301e+00
2.480000e+01	-1.455553e-01	4.111233e+00
2.483333e+01	-1.475269e-01	4.101746e+00
2.486667e+01	-1.488848e-01	4.095213e+00
2.490000e+01	-1.488668e-01	4.095299e+00
2.493333e+01	-1.480876e-01	4.099048e+00
2.496667e+01	-1.474857e-01	4.101944e+00
25	-1.474589e-01	4.102073e+00
2.503333e+01	-1.477839e-01	4.100509e+00
2.506667e+01	-1.480552e-01	4.099204e+00
2.510000e+01	-1.480813e-01	4.099079e+00
2.513333e+01	-1.479453e-01	4.099733e+00
2.516667e+01	-1.478229e-01	4.100322e+00
2.520000e+01	-1.478050e-01	4.100408e+00
2.523333e+01	-1.480821e-01	4.099075e+00
2.526667e+01	-1.496026e-01	4.091759e+00
2.530000e+01	-1.538794e-01	4.071181e+00
2.533333e+01	-1.609310e-01	4.037251e+00
2.536667e+01	-1.680065e-01	4.003207e+00
2.540000e+01	-1.717772e-01	3.985064e+00
2.543333e+01	-1.714872e-01	3.986459e+00
2.546667e+01	-1.692173e-01	3.997381e+00
2.550000e+01	-1.675441e-01	4.005432e+00
2.553333e+01	-1.674856e-01	4.005713e+00
2.556667e+01	-1.683866e-01	4.001378e+00
2.560000e+01	-1.691288e-01	3.997807e+00
2.563333e+01	-1.689752e-01	3.998546e+00
2.566667e+01	-1.671354e-01	4.007398e+00
2.570000e+01	-1.625360e-01	4.029529e+00
2.573333e+01	-1.554144e-01	4.063795e+00
2.576667e+01	-1.484700e-01	4.097208e+00
2.580000e+01	-1.448431e-01	4.114659e+00
2.583333e+01	-1.451709e-01	4.113082e+00
2.586667e+01	-1.473874e-01	4.102417e+00
2.590000e+01	-1.489967e-01	4.094674e+00
2.593333e+01	-1.490356e-01	4.094487e+00
2.596667e+01	-1.481561e-01	4.098719e+00
26	-1.474422e-01	4.102154e+00
2.603333e+01	-1.471645e-01	4.103490e+00
2.606667e+01	-1.460647e-01	4.108781e+00
2.610000e+01	-1.421195e-01	4.127764e+00
2.613333e+01	-1.350864e-01	4.161605e+00
2.616667e+01	-1.278339e-01	4.196501e+00
2.620000e+01	-1.239129e-01	4.215367e+00
2.623333e+01	-1.241868e-01	4.214049e+00
2.626667e+01	-1.265306e-01	4.202771e+00
2.630000e+01	-1.282716e-01	4.194395e+00
2.633333e+01	-1.283408e-01	4.194062e+00
2.636667e+01	-1.274090e-01	4.198545e+00
2.640000e+01	-1.266364e-01	4.202262e+00
2.643333e+01	-1.265632e-01	4.202615e+00
2.646667e+01	-1.269502e-01	4.200753e+00
2.650000e+01	-1.272971e-01	4.199084e+00
2.653333e+01	-1.273471e-01	4.198843e+00
2.656667e+01	-1.271863e-01	4.199617e+00
2.660000e+01	-1.270305e-01	4.200366e+00
2.663333e+01	-1.270005e-01	4.200510e+00
2.666667e+01	-1.270669e-01	4.200191e+00
2.670000e+01	-1.271366e-01	4.199856e+00
2.673333e+01	-1.271532e-01	4.199776e+00
2.676667e+01	-1.271261e-01	4.199907e+00
2.680000e+01	-1.270950e-01	4.200056e+00
2.683333e+01	-1.270863e-01	4.200098e+00
2.686667e+01	-1.270973e-01	4.200045e+00
2.690000e+01	-1.271110e-01	4.199979e+00
2.693333e+01	-1.271155e-01	4.199957e+00
2.696667e+01	-1.271111e-01	4.199979e+00
27	-1.271050e-01	4.200008e+00
2.703333e+01	-1.271028e-01	4.200018e+00
2.706667e+01	-1.271045e-01	4.200010e+00
2.710000e+01	-1.271072e-01	4.199997e+00
2.713333e+01	-1.271083e-01	4.199992e+00
2.716667e+01	-1.271076e-01	4.199995e+00
2.720000e+01	-1.271064e-01	4.200001e+00
2.723333e+01	-1.271059e-01	4.200003e+00
2.726667e+01	-1.271062e-01	4.200002e+00
2.730000e+01	-1.271067e-01	4.200000e+00
2.733333e+01	-1.271069e-01	4.199999e+00
2.736667e+01	-1.271068e-01	4.199999e+00
2.740000e+01	-1.271066e-01	4.200000e+00
2.743333e+01	-1.271065e-01	4.200001e+00
2.746667e+01	-1.271065e-01	4.200000e+00
2.750000e+01	-1.268861e-01	4.201061e+00
2.753333e+01	-1.254206e-01	4.208112e+00
2.756667e+01	-1.211545e-01	4.228639e+00
2.760000e+01	-1.140795e-01	4.262681e+00
2.763333e+01	-1.069794e-01	4.296844e+00
2.766667e+01	-1.032027e-01	4.315016e+00
2.770000e+01	-1.035024e-01	4.313574e+00
2.773333e+01	-1.057832e-01	4.302599e+00
2.776667e+01	-1.074595e-01	4.294534e+00
2.780000e+01	-1.075141e-01	4.294271e+00
2.783333e+01	-1.066082e-01	4.298630e+00
2.786667e+01	-1.058645e-01	4.302208e+00
2.790000e+01	-1.057991e-01	4.302523e+00
2.793333e+01	-1.061755e-01	4.300712e+00
2.796667e+01	-1.065096e-01	4.299104e+00
28	-1.065557e-01	4.298883e+00
2.803333e+01	-1.063990e-01	4.299636e+00
2.806667e+01	-1.062489e-01	4.300359e+00
2.810000e+01	-1.062210e-01	4.300493e+00
2.813333e+01	-1.062857e-01	4.300182e+00
2.816667e+01	-1.063529e-01	4.299858e+00
2.820000e+01	-1.063685e-01	4.299783e+00
2.823333e+01	-1.063420e-01	4.299911e+00
2.826667e+01	-1.063120e-01	4.300055e+00
2.830000e+01	-1.063038e-01	4.300095e+00
2.833333e+01	-1.063145e-01	4.300043e+00
2.836667e+01	-1.063278e-01	4.299979e+00
2.840000e+01	-1.063320e-01	4.299959e+00
2.843333e+01	-1.063277e-01	4.299979e+00
2.846667e+01	-1.063219e-01	4.300008e+00
2.850000e+01	-1.063197e-01	4.300018e+00
2.853333e+01	-1.063214e-01	4.300010e+00
2.856667e+01	-1.063240e-01	4.299997e+00
2.860000e+01	-1.063251e-01	4.299992e+00
2.863333e+01	-1.063244e-01	4.299995e+00
2.866667e+01	-1.063233e-01	4.300001e+00
2.870000e+01	-1.063228e-01	4.300003e+00
2.873333e+01	-1.063230e-01	4.300002e+00
2.876667e+01	-1.063235e-01	4.300000e+00
2.880000e+01	-1.063237e-01	4.299999e+00
2.883333e+01	-1.063237e-01	4.299999e+00
2.886667e+01	-1.063234e-01	4.300000e+00
2.890000e+01	-1.063233e-01	4.300001e+00
2.893333e+01	-1.063234e-01	4.300000e+00
2.896667e+01	-1.063235e-01	4.300000e+00
29	-1.063235e-01	4.300000e+00
2.903333e+01	-1.063235e-01	4.300000e+00
2.906667e+01	-1.063235e-01	4.300000e+00
2.910000e+01	-1.063234e-01	4.300000e+00
2.913333e+01	-1.063234e-01	4.300000e+00
2.916667e+01	-1.063234e-01	4.300000e+00
2.920000e+01	-1.063235e-01	4.300000e+00
2.923333e+01	-1.063235e-01	4.300000e+00
2.926667e+01	-1.063235e-01	4.300000e+00
2.930000e+01	-1.063234e-01	4.300000e+00
2.933333e+01	-1.065440e-01	4.298939e+00
2.936667e+01	-1.080095e-01	4.291887e+00
2.940000e+01	-1.122756e-01	4.271361e+00
2.943333e+01	-1.193506e-01	4.237319e+00
2.946667e+01	-1.264506e-01	4.203156e+00
2.950000e+01	-1.302273e-01	4.184985e+00
2.953333e+01	-1.299277e-01	4.186426e+00
2.956667e+01	-1.276469e-01	4.197401e+00
2.960000e+01	-1.259705e-01	4.205466e+00
2.963333e+01	-1.259159e-01	4.205729e+00
2.966667e+01	-1.268218e-01	4.201370e+00
2.970000e+01	-1.275656e-01	4.197792e+00
2.973333e+01	-1.276310e-01	4.197477e+00
2.976667e+01	-1.272546e-01	4.199288e+00
2.980000e+01	-1.269204e-01	4.200896e+00
2.983333e+01	-1.268744e-01	4.201117e+00
2.986667e+01	-1.270311e-01	4.200364e+00
2.990000e+01	-1.271812e-01	4.199641e+00
2.993333e+01	-1.272091e-01	4.199507e+00
2.996667e+01	-1.271444e-01	4.199818e+00
30	-1.270772e-01	4.200142e+00
3.003333e+01	-1.270616e-01	4.200217e+00
3.006667e+01	-1.270881e-01	4.200089e+00
3.010000e+01	-1.271180e-01	4.199945e+00
3.013333e+01	-1.271263e-01	4.199905e+00
3.016667e+01	-1.271156e-01	4.199957e+00
3.020000e+01	-1.271023e-01	4.200021e+00
3.023333e+01	-1.270980e-01	4.200041e+00
3.026667e+01	-1.271024e-01	4.200021e+00
3.030000e+01	-1.271082e-01	4.199992e+00
3.033333e+01	-1.271103e-01	4.199982e+00
3.036667e+01	-1.271086e-01	4.199990e+00
3.040000e+01	-1.271061e-01	4.200003e+00
3.043333e+01	-1.271050e-01	4.200008e+00
3.046667e+01	-1.271057e-01	4.200005e+00
3.050000e+01	-1.271068e-01	4.199999e+00
3.053333e+01	-1.271073e-01	4.199997e+00
3.056667e+01	-1.271071e-01	4.199998e+00
3.060000e+01	-1.271066e-01	4.200000e+00
3.063333e+01	-1.271063e-01	4.200001e+00
3.066667e+01	-1.271064e-01	4.200001e+00
3.070000e+01	-1.271066e-01	4.200000e+00
3.073333e+01	-1.271068e-01	4.199999e+00
3.076667e+01	-1.271067e-01	4.200000e+00
3.080000e+01	-1.271066e-01	4.200000e+00
3.083333e+01	-1.271066e-01	4.200000e+00
3.086667e+01	-1.271066e-01	4.200000e+00
3.090000e+01	-1.271066e-01	4.200000e+00
3.093333e+01	-1.271066e-01	4.200000e+00
3.096667e+01	-1.271066e-01	4.200000e+00
31	-1.271066e-01	4.200000e+00
3.103333e+01	-1.271066e-01	4.200000e+00
3.106667e+01	-1.271066e-01	4.200000e+00
3.110000e+01	-1.271066e-01	4.200000e+00
3.113333e+01	-1.271066e-01	4.200000e+00
3.116667e+01	-1.271066e-01	4.200000e+00
3.120000e+01	-1.271066e-01	4.200000e+00
3.123333e+01	-1.271066e-01	4.200000e+00
3.126667e+01	-1.273272e-01	4.198939e+00
3.130000e+01	-1.287927e-01	4.191887e+00
3.133333e+01	-1.330588e-01	4.171361e+00
3.136667e+01	-1.401337e-01	4.137319e+00
3.140000e+01	-1.472338e-01	4.103156e+00
3.143333e+01	-1.510105e-01	4.084985e+00
3.146667e+01	-1.507109e-01	4.086426e+00
3.150000e+01	-1.484300e-01	4.097401e+00
3.153333e+01	-1.467537e-01	4.105466e+00
3.156667e+01	-1.466991e-01	4.105729e+00
3.160000e+01	-1.476050e-01	4.101370e+00
3.163333e+01	-1.483488e-01	4.097792e+00
3.166667e+01	-1.484142e-01	4.097477e+00
3.170000e+01	-1.480377e-01	4.099288e+00
3.173333e+01	-1.477036e-01	4.100896e+00
3.176667e+01	-1.476576e-01	4.101117e+00
3.180000e+01	-1.478142e-01	4.100364e+00
3.183333e+01	-1.479644e-01	4.099641e+00
3.186667e+01	-1.479923e-01	4.099507e+00
3.190000e+01	-1.479276e-01	4.099818e+00
3.193333e+01	-1.478604e-01	4.100142e+00
3.196667e+01	-1.478448e-01	4.100217e+00
32	-1.478713e-01	4.100089e+00
3.203333e+01	-1.479012e-01	4.099945e+00
3.206667e+01	-1.479095e-01	4.099905e+00
3.210000e+01	-1.478988e-01	4.099957e+00
3.213333e+01	-1.478855e-01	4.100021e+00
3.216667e+01	-1.478812e-01	4.100041e+00
3.220000e+01	-1.478855e-01	4.100021e+00
3.223333e+01	-1.478914e-01	4.099992e+00
3.226667e+01	-1.478935e-01	4.099982e+00
3.230000e+01	-1.478918e-01	4.099990e+00
3.233333e+01	-1.478892e-01	4.100003e+00
3.236667e+01	-1.478882e-01	4.100008e+00
3.240000e+01	-1.478889e-01	4.100005e+00
3.243333e+01	-1.478900e-01	4.099999e+00
3.246667e+01	-1.478905e-01	4.099997e+00
3.250000e+01	-1.478902e-01	4.099998e+00
3.253333e+01	-1.478898e-01	4.100000e+00
3.256667e+01	-1.478895e-01	4.100001e+00
3.260000e+01	-1.481101e-01	4.098940e+00
3.263333e+01	-1.495759e-01	4.091887e+00
3.266667e+01	-1.538421e-01	4.071360e+00
3.270000e+01	-1.609170e-01	4.037319e+00
3.273333e+01	-1.680170e-01	4.003156e+00
3.276667e+01	-1.717936e-01	3.984985e+00
3.280000e+01	-1.714940e-01	3.986426e+00
3.283333e+01	-1.692132e-01	3.997401e+00
3.286667e+01	-1.675369e-01	4.005466e+00
3.290000e+01	-1.674823e-01	4.005729e+00
3.293333e+01	-1.683882e-01	4.001370e+00
3.296667e+01	-1.691319e-01	3.997792e+00
33	-1.694179e-01	3.996416e+00
3.303333e+01	-1.705070e-01	3.991176e+00
3.306667e+01	-1.744390e-01	3.972256e+00
3.310000e+01	-1.814679e-01	3.938436e+00
3.313333e+01	-1.887246e-01	3.903520e+00
3.316667e+01	-1.926514e-01	3.884626e+00
3.320000e+01	-1.923797e-01	3.885933e+00
3.323333e+01	-1.900341e-01	3.897219e+00
3.326667e+01	-1.882906e-01	3.905608e+00
3.330000e+01	-1.882204e-01	3.905946e+00
3.333333e+01	-1.891712e-01	3.901371e+00
3.336667e+01	-1.900854e-01	3.896972e+00
3.340000e+01	-1.906551e-01	3.894231e+00
3.343333e+01	-1.913535e-01	3.890871e+00
3.346667e+01	-1.926834e-01	3.884472e+00
3.350000e+01	-1.946251e-01	3.875129e+00
3.353333e+01	-1.967531e-01	3.864890e+00
3.356667e+01	-1.986860e-01	3.855590e+00
3.360000e+01	-2.003533e-01	3.847567e+00
3.363333e+01	-2.019196e-01	3.840031e+00
3.366667e+01	-2.035580e-01	3.832148e+00
3.370000e+01	-2.053116e-01	3.823710e+00
3.373333e+01	-2.070960e-01	3.815124e+00
3.376667e+01	-2.087308e-01	3.807258e+00
3.380000e+01	-2.099600e-01	3.801344e+00
3.383333e+01	-2.105760e-01	3.798380e+00
3.386667e+01	-2.106106e-01	3.798214e+00
3.390000e+01	-2.103523e-01	3.799457e+00
3.393333e+01	-2.101301e-01	3.800526e+00
3.396667e+01	-2.100943e-01	3.800698e+00
34	-2.101888e-01	3.800243e+00
3.403333e+01	-2.102825e-01	3.799792e+00
3.406667e+01	-2.103020e-01	3.799698e+00
3.410000e+01	-2.102636e-01	3.799883e+00
3.413333e+01	-2.102223e-01	3.800082e+00
3.416667e+01	-2.102118e-01	3.800132e+00
3.420000e+01	-2.102275e-01	3.800057e+00
3.423333e+01	-2.102459e-01	3.799968e+00
3.426667e+01	-2.102513e-01	3.799942e+00
3.430000e+01	-2.102450e-01	3.799973e+00
3.433333e+01	-2.102369e-01	3.800012e+00
3.436667e+01	-2.102341e-01	3.800025e+00
3.440000e+01	-2.102366e-01	3.800013e+00
3.443333e+01	-2.102402e-01	3.799996e+00
3.446667e+01	-2.102416e-01	3.799989e+00
3.450000e+01	-2.102406e-01	3.799994e+00
3.453333e+01	-2.102390e-01	3.800001e+00
3.456667e+01	-2.102384e-01	3.800005e+00
3.460000e+01	-2.102387e-01	3.800003e+00
3.463333e+01	-2.102394e-01	3.800000e+00
3.466667e+01	-2.102397e-01	3.799998e+00
3.470000e+01	-2.102396e-01	3.799999e+00
3.473333e+01	-2.102393e-01	3.800000e+00
3.476667e+01	-2.102392e-01	3.800001e+00
3.480000e+01	-2.102392e-01	3.800001e+00
3.483333e+01	-2.102393e-01	3.800000e+00
3.486667e+01	-2.102394e-01	3.800000e+00
3.490000e+01	-2.102394e-01	3.800000e+00
3.493333e+01	-2.102393e-01	3.800000e+00
3.496667e+01	-2.102393e-01	3.800000e+00
35	-2.102393e-01	3.800000e+00
3.503333e+01	-2.102393e-01	3.800000e+00
3.506667e+01	-2.102393e-01	3.800000e+00
3.510000e+01	-2.102393e-01	3.800000e+00
3.513333e+01	-2.102393e-01	3.800000e+00
3.516667e+01	-2.102393e-01	3.800000e+00
3.520000e+01	-2.102393e-01	3.800000e+00
3.523333e+01	-2.102393e-01	3.800000e+00
3.526667e+01	-2.102393e-01	3.800000e+00
3.530000e+01	-2.102393e-01	3.800000e+00
3.533333e+01	-2.102393e-01	3.800000e+00
3.536667e+01	-2.102393e-01	3.800000e+00
3.540000e+01	-2.102393e-01	3.800000e+00
3.543333e+01	-2.102393e-01	3.800000e+00
3.546667e+01	-2.102393e-01	3.800000e+00
3.550000e+01	-2.102393e-01	3.800000e+00
3.553333e+01	-2.102393e-01	3.800000e+00
3.556667e+01	-2.102393e-01	3.800000e+00
3.560000e+01	-2.102393e-01	3.800000e+00
3.563333e+01	-2.102393e-01	3.800000e+00
3.566667e+01	-2.102393e-01	3.800000e+00
3.570000e+01	-2.102393e-01	3.800000e+00
3.573333e+01	-2.102393e-01	3.800000e+00
3.576667e+01	-2.102393e-01	3.800000e+00
3.580000e+01	-2.102393e-01	3.800000e+00
3.583333e+01	-2.102393e-01	3.800000e+00
3.586667e+01	-2.102393e-01	3.800000e+00
3.590000e+01	-2.102393e-01	3.800000e+00
3.593333e+01	-2.102393e-01	3.800000e+00
3.596667e+01	-2.102393e-01	3.800000e+00
36	-2.102393e-01	3.800000e+00
3.603333e+01	-2.102393e-01	3.800000e+00
3.606667e+01	-2.102393e-01	3.800000e+00
3.610000e+01	-2.102393e-01	3.800000e+00
3.613333e+01	-2.102393e-01	3.800000e+00
3.616667e+01	-2.102393e-01	3.800000e+00
3.620000e+01	-2.102393e-01	3.800000e+00
3.623333e+01	-2.102393e-01	3.800000e+00
3.626667e+01	-2.102393e-01	3.800000e+00
3.630000e+01	-2.102393e-01	3.800000e+00
3.633333e+01	-2.102393e-01	3.800000e+00
3.636667e+01	-2.102393e-01	3.800000e+00
3.640000e+01	-2.102393e-01	3.800000e+00
3.643333e+01	-2.102393e-01	3.800000e+00
3.646667e+01	-2.102393e-01	3.800000e+00
3.650000e+01	-2.102393e-01	3.800000e+00
3.653333e+01	-2.102393e-01	3.800000e+00
3.656667e+01	-2.102393e-01	3.800000e+00
3.660000e+01	-2.102393e-01	3.800000e+00
3.663333e+01	-2.102393e-01	3.800000e+00
3.666667e+01	-2.102393e-01	3.800000e+00
3.670000e+01	-2.102393e-01	3.800000e+00
3.673333e+01	-2.102393e-01	3.800000e+00
3.676667e+01	-2.102393e-01	3.800000e+00
3.680000e+01	-2.102393e-01	3.800000e+00
3.683333e+01	-2.102393e-01	3.800000e+00
3.686667e+01	-2.102393e-01	3.800000e+00
3.690000e+01	-2.102393e-01	3.800000e+00
3.693333e+01	-2.102393e-01	3.800000e+00
3.696667e+01	-2.102393e-01	3.800000e+00
37	-2.102393e-01	3.800000e+00
3.703333e+01	-2.102393e-01	3.800000e+00
3.706667e+01	-2.102393e-01	3.800000e+00
3.710000e+01	-2.102393e-01	3.800000e+00
3.713333e+01	-2.102393e-01	3.800000e+00
3.716667e+01	-2.102393e-01	3.800000e+00
3.720000e+01	-2.102393e-01	3.800000e+00
3.723333e+01	-2.102393e-01	3.800000e+00
3.726667e+01	-2.102393e-01	3.800000e+00
3.730000e+01	-2.102393e-01	3.800000e+00
3.733333e+01	-2.102393e-01	3.800000e+00
3.736667e+01	-2.102393e-01	3.800000e+00
3.740000e+01	-2.102393e-01	3.800000e+00
3.743333e+01	-2.102393e-01	3.800000e+00
3.746667e+01	-2.102393e-01	3.800000e+00
3.750000e+01	-2.102393e-01	3.800000e+00
3.753333e+01	-2.102393e-01	3.800000e+00
3.756667e+01	-2.102393e-01	3.800000e+00
3.760000e+01	-2.102393e-01	3.800000e+00
3.763333e+01	-2.102393e-01	3.800000e+00
3.766667e+01	-2.102393e-01	3.800000e+00
3.770000e+01	-2.102393e-01	3.800000e+00
3.773333e+01	-2.102393e-01	3.800000e+00
3.776667e+01	-2.102393e-01	3.800000e+00
3.780000e+01	-2.102393e-01	3.800000e+00
3.783333e+01	-2.102393e-01	3.800000e+00
3.786667e+01	-2.102393e-01	3.800000e+00
3.790000e+01	-2.102393e-01	3.800000e+00
3.793333e+01	-2.102393e-01	3.800000e+00
3.796667e+01	-2.102393e-01	3.800000e+00
38	-2.102393e-01	3.800000e+00
3.803333e+01	-2.102393e-01	3.800000e+00
3.806667e+01	-2.102393e-01	3.800000e+00
3.810000e+01	-2.102393e-01	3.800000e+00
3.813333e+01	-2.102393e-01	3.800000e+00
3.816667e+01	-2.102393e-01	3.800000e+00
3.820000e+01	-2.102393e-01	3.800000e+00
3.823333e+01	-2.102393e-01	3.800000e+00
3.826667e+01	-2.102393e-01	3.800000e+00
3.830000e+01	-2.102393e-01	3.800000e+00
3.833333e+01	-2.102393e-01	3.800000e+00
3.836667e+01	-2.102393e-01	3.800000e+00
3.840000e+01	-2.102393e-01	3.800000e+00
3.843333e+01	-2.102393e-01	3.800000e+00
3.846667e+01	-2.100188e-01	3.801061e+00
3.850000e+01	-2.085533e-01	3.808113e+00
3.853333e+01	-2.042871e-01	3.828639e+00
3.856667e+01	-1.972122e-01	3.862681e+00
3.860000e+01	-1.901121e-01	3.896844e+00
3.863333e+01	-1.863355e-01	3.915015e+00
3.866667e+01	-1.866351e-01	3.913574e+00
3.870000e+01	-1.889159e-01	3.902599e+00
3.873333e+01	-1.908128e-01	3.893472e+00
3.876667e+01	-1.923329e-01	3.886158e+00
3.880000e+01	-1.956931e-01	3.869990e+00
3.883333e+01	-2.020243e-01	3.839527e+00
3.886667e+01	-2.090590e-01	3.805679e+00
3.890000e+01	-2.132121e-01	3.785696e+00
3.893333e+01	-2.132466e-01	3.785530e+00
3.896667e+01	-2.110118e-01	3.796283e+00
39	-2.091788e-01	3.805103e+00
3.903333e+01	-2.089741e-01	3.806088e+00
3.906667e+01	-2.098520e-01	3.801863e+00
3.910000e+01	-2.106605e-01	3.797973e+00
3.913333e+01	-2.107931e-01	3.797335e+00
3.916667e+01	-2.104323e-01	3.799071e+00
3.920000e+01	-2.100717e-01	3.800807e+00
3.923333e+01	-2.099957e-01	3.801172e+00
3.926667e+01	-2.101441e-01	3.800458e+00
3.930000e+01	-2.103050e-01	3.799684e+00
3.933333e+01	-2.103461e-01	3.799486e+00
3.936667e+01	-2.102857e-01	3.799777e+00
3.940000e+01	-2.102142e-01	3.800121e+00
3.943333e+01	-2.101927e-01	3.800224e+00
3.946667e+01	-2.102171e-01	3.800107e+00
3.950000e+01	-2.102487e-01	3.799955e+00
3.953333e+01	-2.102596e-01	3.799903e+00
3.956667e+01	-2.102499e-01	3.799949e+00
3.960000e+01	-2.102360e-01	3.800016e+00
3.963333e+01	-2.102306e-01	3.800042e+00
3.966667e+01	-2.102344e-01	3.800024e+00
3.970000e+01	-2.102405e-01	3.799994e+00
3.973333e+01	-2.102431e-01	3.799982e+00
3.976667e+01	-2.102416e-01	3.799989e+00
3.980000e+01	-2.102390e-01	3.800002e+00
3.983333e+01	-2.102377e-01	3.800008e+00
3.986667e+01	-2.102383e-01	3.800005e+00
3.990000e+01	-2.102394e-01	3.800000e+00
3.993333e+01	-2.102400e-01	3.799997e+00
3.996667e+01	-2.102398e-01	3.799998e+00
40	-2.102393e-01	3.800000e+00
4.003333e+01	-2.102390e-01	3.800001e+00
4.006667e+01	-2.102391e-01	3.800001e+00
4.010000e+01	-2.102393e-01	3.800000e+00
4.013333e+01	-2.104600e-01	3.798938e+00
4.016667e+01	-2.119255e-01	3.791887e+00
4.020000e+01	-2.161915e-01	3.771361e+00
4.023333e+01	-2.232664e-01	3.737319e+00
4.026667e+01	-2.303665e-01	3.703157e+00
4.030000e+01	-2.341432e-01	3.684985e+00
4.033333e+01	-2.338436e-01	3.686426e+00
4.036667e+01	-2.315628e-01	3.697400e+00
4.040000e+01	-2.298864e-01	3.705466e+00
4.043333e+01	-2.298318e-01	3.705729e+00
4.046667e+01	-2.307377e-01	3.701370e+00
4.050000e+01	-2.314815e-01	3.697792e+00
4.053333e+01	-2.315469e-01	3.697477e+00
4.056667e+01	-2.311705e-01	3.699288e+00
4.060000e+01	-2.308363e-01	3.700896e+00
4.063333e+01	-2.307903e-01	3.701117e+00
4.066667e+01	-2.309469e-01	3.700364e+00
4.070000e+01	-2.310971e-01	3.699641e+00
4.073333e+01	-2.311250e-01	3.699507e+00
4.076667e+01	-2.310603e-01	3.699818e+00
4.080000e+01	-2.309931e-01	3.700142e+00
4.083333e+01	-2.309775e-01	3.700217e+00
4.086667e+01	-2.310040e-01	3.700089e+00
4.090000e+01	-2.310339e-01	3.699945e+00
4.093333e+01	-2.310422e-01	3.699905e+00
4.096667e+01	-2.310315e-01	3.699957e+00
41	-2.310182e-01	3.700021e+00
4.103333e+01	-2.310139e-01	3.700041e+00
4.106667e+01	-2.310182e-01	3.700021e+00
4.110000e+01	-2.310241e-01	3.699992e+00
4.113333e+01	-2.310262e-01	3.699982e+00
4.116667e+01	-2.310245e-01	3.699990e+00
4.120000e+01	-2.310219e-01	3.700003e+00
4.123333e+01	-2.310209e-01	3.700008e+00
4.126667e+01	-2.310216e-01	3.700005e+00
4.130000e+01	-2.310227e-01	3.699999e+00
4.133333e+01	-2.310232e-01	3.699997e+00
4.136667e+01	-2.310229e-01	3.699998e+00
4.140000e+01	-2.310225e-01	3.700000e+00
4.143333e+01	-2.310222e-01	3.700001e+00
4.146667e+01	-2.310223e-01	3.700001e+00
4.150000e+01	-2.310225e-01	3.700000e+00
4.153333e+01	-2.310226e-01	3.699999e+00
4.156667e+01	-2.310226e-01	3.700000e+00
4.160000e+01	-2.310225e-01	3.700000e+00
4.163333e+01	-2.310225e-01	3.700000e+00
4.166667e+01	-2.310225e-01	3.700000e+00
4.170000e+01	-2.310225e-01	3.700000e+00
4.173333e+01	-2.310225e-01	3.700000e+00
4.176667e+01	-2.310225e-01	3.700000e+00
4.180000e+01	-2.310225e-01	3.700000e+00
4.183333e+01	-2.310225e-01	3.700000e+00
4.186667e+01	-2.310225e-01	3.700000e+00
4.190000e+01	-2.310225e-01	3.700000e+00
4.193333e+01	-2.310225e-01	3.700000e+00
4.196667e+01	-2.310225e-01	3.700000e+00
42	-2.310225e-01	3.700000e+00
4.203333e+01	-2.310225e-01	3.700000e+00
4.206667e+01	-2.310225e-01	3.700000e+00
4.210000e+01	-2.310225e-01	3.700000e+00
4.213333e+01	-2.310225e-01	3.700000e+00
4.216667e+01	-2.310225e-01	3.700000e+00
4.220000e+01	-2.310225e-01	3.700000e+00
4.223333e+01	-2.310225e-01	3.700000e+00
4.226667e+01	-2.310225e-01	3.700000e+00
4.230000e+01	-2.310225e-01	3.700000e+00
4.233333e+01	-2.310225e-01	3.700000e+00
4.236667e+01	-2.310225e-01	3.700000e+00
4.240000e+01	-2.310225e-01	3.700000e+00
4.243333e+01	-2.310225e-01	3.700000e+00
4.246667e+01	-2.310225e-01	3.700000e+00
4.250000e+01	-2.310225e-01	3.700000e+00
4.253333e+01	-2.310225e-01	3.700000e+00
4.256667e+01	-2.310225e-01	3.700000e+00
4.260000e+01	-2.310225e-01	3.700000e+00
4.263333e+01	-2.310225e-01	3.700000e+00
4.266667e+01	-2.310225e-01	3.700000e+00
4.270000e+01	-2.310225e-01	3.700000e+00
4.273333e+01	-2.310225e-01	3.700000e+00
4.276667e+01	-2.310225e-01	3.700000e+00
4.280000e+01	-2.310225e-01	3.700000e+00
4.283333e+01	-2.310225e-01	3.700000e+00
4.286667e+01	-2.310225e-01	3.700000e+00
4.290000e+01	-2.310225e-01	3.700000e+00
4.293333e+01	-2.310225e-01	3.700000e+00
4.296667e+01	-2.310225e-01	3.700000e+00
43	-2.310225e-01	3.700000e+00
4.303333e+01	-2.310225e-01	3.700000e+00
4.306667e+01	-2.310225e-01	3.700000e+00
4.310000e+01	-2.310225e-01	3.700000e+00
4.313333e+01	-2.310225e-01	3.700000e+00
4.316667e+01	-2.310225e-01	3.700000e+00
4.320000e+01	-2.312431e-01	3.698939e+00
4.323333e+01	-2.327086e-01	3.691887e+00
4.326667e+01	-2.369747e-01	3.671361e+00
4.330000e+01	-2.440496e-01	3.637319e+00
4.333333e+01	-2.511497e-01	3.603156e+00
4.336667e+01	-2.549264e-01	3.584985e+00
4.340000e+01	-2.546268e-01	3.586426e+00
4.343333e+01	-2.523459e-01	3.597401e+00
4.346667e+01	-2.506696e-01	3.605466e+00
4.350000e+01	-2.508355e-01	3.604668e+00
4.353333e+01	-2.532069e-01	3.593258e+00
4.356667e+01	-2.582168e-01	3.569152e+00
4.360000e+01	-2.653572e-01	3.534796e+00
4.363333e+01	-2.720808e-01	3.502445e+00
4.366667e+01	-2.755234e-01	3.485880e+00
4.370000e+01	-2.751777e-01	3.487544e+00
4.373333e+01	-2.730535e-01	3.497764e+00
4.376667e+01	-2.715274e-01	3.505108e+00
4.380000e+01	-2.715007e-01	3.505236e+00
4.383333e+01	-2.723418e-01	3.501189e+00
4.386667e+01	-2.730184e-01	3.497933e+00
4.390000e+01	-2.730682e-01	3.497694e+00
4.393333e+01	-2.727183e-01	3.499377e+00
4.396667e+01	-2.724141e-01	3.500841e+00
44	-2.723763e-01	3.501023e+00
4.403333e+01	-2.725223e-01	3.500320e+00
4.406667e+01	-2.726591e-01	3.499662e+00
4.410000e+01	-2.726828e-01	3.499548e+00
4.413333e+01	-2.726223e-01	3.499839e+00
4.416667e+01	-2.725610e-01	3.500134e+00
4.420000e+01	-2.725475e-01	3.500199e+00
4.423333e+01	-2.725724e-01	3.500079e+00
4.426667e+01	-2.725997e-01	3.499948e+00
4.430000e+01	-2.726070e-01	3.499913e+00
4.433333e+01	-2.725969e-01	3.499961e+00
4.436667e+01	-2.725847e-01	3.500020e+00
4.440000e+01	-2.725810e-01	3.500038e+00
4.443333e+01	-2.725850e-01	3.500018e+00
4.446667e+01	-2.725904e-01	3.499993e+00
4.450000e+01	-2.725923e-01	3.499984e+00
4.453333e+01	-2.725907e-01	3.499991e+00
4.456667e+01	-2.725883e-01	3.500003e+00
4.460000e+01	-2.725874e-01	3.500007e+00
4.463333e+01	-2.725880e-01	3.500004e+00
4.466667e+01	-2.725890e-01	3.499999e+00
4.470000e+01	-2.725895e-01	3.499997e+00
4.473333e+01	-2.725893e-01	3.499998e+00
4.476667e+01	-2.725888e-01	3.500000e+00
4.480000e+01	-2.725886e-01	3.500001e+00
4.483333e+01	-2.725887e-01	3.500001e+00
4.486667e+01	-2.725889e-01	3.500000e+00
4.490000e+01	-2.725890e-01	3.499999e+00
4.493333e+01	-2.725889e-01	3.500000e+00
4.496667e+01	-2.725889e-01	3.500000e+00
45	-2.725888e-01	3.500000e+00
4.503333e+01	-2.725888e-01	3.500000e+00
4.506667e+01	-2.725889e-01	3.500000e+00
4.510000e+01	-2.725889e-01	3.500000e+00
4.513333e+01	-2.725889e-01	3.500000e+00
4.516667e+01	-2.725889e-01	3.500000e+00
4.520000e+01	-2.725888e-01	3.500000e+00
4.523333e+01	-2.725888e-01	3.500000e+00
4.526667e+01	-2.725889e-01	3.500000e+00
4.530000e+01	-2.728094e-01	3.498939e+00
4.533333e+01	-2.742749e-01	3.491887e+00
4.536667e+01	-2.785410e-01	3.471361e+00
4.540000e+01	-2.856160e-01	3.437319e+00
4.543333e+01	-2.927160e-01	3.403156e+00
4.546667e+01	-2.964927e-01	3.384985e+00
4.550000e+01	-2.961931e-01	3.386426e+00
4.553333e+01	-2.939123e-01	3.397401e+00
4.556667e+01	-2.922359e-01	3.405466e+00
4.560000e+01	-2.921813e-01	3.405729e+00
4.563333e+01	-2.930872e-01	3.401370e+00
4.566667e+01	-2.938310e-01	3.397792e+00
4.570000e+01	-2.938964e-01	3.397477e+00
4.573333e+01	-2.935200e-01	3.399288e+00
4.576667e+01	-2.931858e-01	3.400896e+00
4.580000e+01	-2.931398e-01	3.401117e+00
4.583333e+01	-2.932965e-01	3.400364e+00
4.586667e+01	-2.934466e-01	3.399641e+00
4.590000e+01	-2.934745e-01	3.399507e+00
4.593333e+01	-2.934098e-01	3.399818e+00
4.596667e+01	-2.931221e-01	3.401203e+00
46	-2.916409e-01	3.408329e+00
4.603333e+01	-2.874013e-01	3.428729e+00
4.606667e+01	-2.803563e-01	3.462626e+00
4.610000e+01	-2.732645e-01	3.496749e+00
4.613333e+01	-2.694771e-01	3.514972e+00
4.616667e+01	-2.697635e-01	3.513595e+00
4.620000e+01	-2.720400e-01	3.502641e+00
4.623333e+01	-2.737207e-01	3.494554e+00
4.626667e+01	-2.737811e-01	3.494263e+00
4.630000e+01	-2.728774e-01	3.498612e+00
4.633333e+01	-2.719114e-01	3.503260e+00
4.636667e+01	-2.703779e-01	3.510638e+00
4.640000e+01	-2.664871e-01	3.529359e+00
4.643333e+01	-2.597470e-01	3.561790e+00
4.646667e+01	-2.526941e-01	3.595725e+00
4.650000e+01	-2.487612e-01	3.614649e+00
4.653333e+01	-2.486899e-01	3.614992e+00
4.656667e+01	-2.494768e-01	3.611205e+00
4.660000e+01	-2.469515e-01	3.623356e+00
4.663333e+01	-2.399985e-01	3.656811e+00
4.666667e+01	-2.320083e-01	3.695257e+00
4.670000e+01	-2.272410e-01	3.718195e+00
4.673333e+01	-2.259797e-01	3.724264e+00
4.676667e+01	-2.243624e-01	3.732045e+00
4.680000e+01	-2.193087e-01	3.756362e+00
4.683333e+01	-2.123225e-01	3.789977e+00
4.686667e+01	-2.074876e-01	3.813240e+00
4.690000e+01	-2.068890e-01	3.816120e+00
4.693333e+01	-2.090707e-01	3.805623e+00
4.696667e+01	-2.111860e-01	3.795445e+00
47	-2.116436e-01	3.793243e+00
4.703333e+01	-2.108019e-01	3.797293e+00
4.706667e+01	-2.098761e-01	3.801748e+00
4.710000e+01	-2.096299e-01	3.802932e+00
4.713333e+01	-2.099690e-01	3.801301e+00
4.716667e+01	-2.103781e-01	3.799332e+00
4.720000e+01	-2.105049e-01	3.798722e+00
4.723333e+01	-2.103685e-01	3.799378e+00
4.726667e+01	-2.101878e-01	3.800248e+00
4.730000e+01	-2.101240e-01	3.800555e+00
4.733333e+01	-2.101781e-01	3.800294e+00
4.736667e+01	-2.102577e-01	3.799912e+00
4.740000e+01	-2.102891e-01	3.799760e+00
4.743333e+01	-2.102680e-01	3.799862e+00
4.746667e+01	-2.102332e-01	3.800030e+00
4.750000e+01	-2.102179e-01	3.800103e+00
4.753333e+01	-2.102260e-01	3.800064e+00
4.756667e+01	-2.102412e-01	3.799991e+00
4.760000e+01	-2.102485e-01	3.799956e+00
4.763333e+01	-2.102455e-01	3.799970e+00
4.766667e+01	-2.102389e-01	3.800002e+00
4.770000e+01	-2.102354e-01	3.800019e+00
4.773333e+01	-2.102365e-01	3.800014e+00
4.776667e+01	-2.102394e-01	3.800000e+00
4.780000e+01	-2.102410e-01	3.799992e+00
4.783333e+01	-2.102406e-01	3.799994e+00
4.786667e+01	-2.102394e-01	3.800000e+00
4.790000e+01	-2.102386e-01	3.800003e+00
4.793333e+01	-2.102387e-01	3.800003e+00
4.796667e+01	-2.100187e-01	3.801061e+00
48	-2.085536e-01	3.808111e+00
4.803333e+01	-2.042874e-01	3.828638e+00
4.806667e+01	-1.972123e-01	3.862681e+00
4.810000e+01	-1.901120e-01	3.896844e+00
4.813333e+01	-1.863353e-01	3.915016e+00
4.816667e+01	-1.866351e-01	3.913574e+00
4.820000e+01	-1.889160e-01	3.902599e+00
4.823333e+01	-1.905923e-01	3.894533e+00
4.826667e+01	-1.906469e-01	3.894271e+00
4.830000e+01	-1.897409e-01	3.898630e+00
4.833333e+01	-1.889972e-01	3.902208e+00
4.836667e+01	-1.889318e-01	3.902523e+00
4.840000e+01	-1.893082e-01	3.900712e+00
4.843333e+01	-1.896424e-01	3.899104e+00
4.846667e+01	-1.896884e-01	3.898883e+00
4.850000e+01	-1.895317e-01	3.899636e+00
4.853333e+01	-1.893816e-01	3.900359e+00
4.856667e+01	-1.893537e-01	3.900493e+00
4.860000e+01	-1.894184e-01	3.900182e+00
4.863333e+01	-1.894856e-01	3.899858e+00
4.866667e+01	-1.895012e-01	3.899783e+00
4.870000e+01	-1.894747e-01	3.899911e+00
4.873333e+01	-1.894447e-01	3.900055e+00
4.876667e+01	-1.894365e-01	3.900095e+00
4.880000e+01	-1.894472e-01	3.900043e+00
4.883333e+01	-1.894605e-01	3.899979e+00
4.886667e+01	-1.894647e-01	3.899959e+00
4.890000e+01	-1.894604e-01	3.899979e+00
4.893333e+01	-1.894546e-01	3.900008e+00
4.896667e+01	-1.894524e-01	3.900018e+00
49	-1.894541e-01	3.900010e+00
4.903333e+01	-1.894567e-01	3.899997e+00
4.906667e+01	-1.894578e-01	3.899992e+00
4.910000e+01	-1.894571e-01	3.899995e+00
4.913333e+01	-1.894560e-01	3.900001e+00
4.916667e+01	-1.892349e-01	3.901065e+00
4.920000e+01	-1.877696e-01	3.908115e+00
4.923333e+01	-1.835040e-01	3.928639e+00
4.926667e+01	-1.764293e-01	3.962680e+00
4.930000e+01	-1.693292e-01	3.996843e+00
4.933333e+01	-1.655523e-01	4.015016e+00
4.936667e+01	-1.658518e-01	4.013574e+00
4.940000e+01	-1.681326e-01	4.002600e+00
4.943333e+01	-1.698091e-01	3.994534e+00
4.946667e+01	-1.698637e-01	3.994271e+00
4.950000e+01	-1.689578e-01	3.998629e+00
4.953333e+01	-1.682140e-01	4.002208e+00
4.956667e+01	-1.681486e-01	4.002523e+00
4.960000e+01	-1.685250e-01	4.000712e+00
4.963333e+01	-1.688592e-01	3.999104e+00
4.966667e+01	-1.689052e-01	3.998883e+00
4.970000e+01	-1.687485e-01	3.999636e+00
4.973333e+01	-1.685984e-01	4.000359e+00
4.976667e+01	-1.685705e-01	4.000493e+00
4.980000e+01	-1.686352e-01	4.000182e+00
4.983333e+01	-1.687024e-01	3.999858e+00
4.986667e+01	-1.687180e-01	3.999783e+00
4.990000e+01	-1.686915e-01	3.999911e+00
4.993333e+01	-1.686616e-01	4.000055e+00
4.996667e+01	-1.686533e-01	4.000095e+00
50	-1.686640e-01	4.000043e+00
5.003333e+01	-1.686773e-01	3.999979e+00
5.006667e+01	-1.686816e-01	3.999959e+00
5.010000e+01	-1.686773e-01	3.999979e+00
5.013333e+01	-1.686714e-01	4.000008e+00
5.016667e+01	-1.686693e-01	4.000018e+00
5.020000e+01	-1.686710e-01	4.000010e+00
5.023333e+01	-1.686735e-01	3.999997e+00
5.026667e+01	-1.686746e-01	3.999992e+00
5.030000e+01	-1.686739e-01	3.999995e+00
5.033333e+01	-1.686728e-01	4.000001e+00
5.036667e+01	-1.686723e-01	4.000003e+00
5.040000e+01	-1.686725e-01	4.000002e+00
5.043333e+01	-1.686730e-01	4.000000e+00
5.046667e+01	-1.686733e-01	3.999999e+00
5.050000e+01	-1.686732e-01	3.999999e+00
5.053333e+01	-1.686730e-01	4.000000e+00
5.056667e+01	-1.686729e-01	4.000001e+00
5.060000e+01	-1.686729e-01	4.000000e+00
5.063333e+01	-1.686730e-01	4.000000e+00
5.066667e+01	-1.686730e-01	4.000000e+00
5.070000e+01	-1.686730e-01	4.000000e+00
5.073333e+01	-1.686730e-01	4.000000e+00
5.076667e+01	-1.686730e-01	4.000000e+00
5.080000e+01	-1.686730e-01	4.000000e+00
5.083333e+01	-1.686730e-01	4.000000e+00
5.086667e+01	-1.686730e-01	4.000000e+00
5.090000e+01	-1.686730e-01	4.000000e+00
5.093333e+01	-1.686730e-01	4.000000e+00
5.096667e+01	-1.686730e-01	4.000000e+00
51	-1.686730e-01	4.000000e+00
5.103333e+01	-1.688935e-01	3.998939e+00
5.106667e+01	-1.703590e-01	3.991887e+00
5.110000e+01	-1.746252e-01	3.971361e+00
5.113333e+01	-1.817001e-01	3.937319e+00
5.116667e+01	-1.888002e-01	3.903156e+00
5.120000e+01	-1.925768e-01	3.884985e+00
5.123333e+01	-1.922772e-01	3.886426e+00
5.126667e+01	-1.899964e-01	3.897401e+00
5.130000e+01	-1.883201e-01	3.905466e+00
5.133333e+01	-1.884860e-01	3.904668e+00
5.136667e+01	-1.908574e-01	3.893258e+00
5.140000e+01	-1.958673e-01	3.869152e+00
5.143333e+01	-2.030076e-01	3.834796e+00
5.146667e+01	-2.097313e-01	3.802445e+00
5.150000e+01	-2.131738e-01	3.785880e+00
5.153333e+01	-2.128282e-01	3.787544e+00
5.156667e+01	-2.109246e-01	3.796703e+00
5.160000e+01	-2.108639e-01	3.796995e+00
5.163333e+01	-2.151033e-01	3.776597e+00
5.166667e+01	-2.230194e-01	3.738508e+00
5.170000e+01	-2.307960e-01	3.701090e+00
5.173333e+01	-2.346225e-01	3.682678e+00
5.176667e+01	-2.339730e-01	3.685803e+00
5.180000e+01	-2.313880e-01	3.698242e+00
5.183333e+01	-2.296739e-01	3.706489e+00
5.186667e+01	-2.297652e-01	3.706050e+00
5.190000e+01	-2.308080e-01	3.701032e+00
5.193333e+01	-2.315754e-01	3.697340e+00
5.196667e+01	-2.315804e-01	3.697316e+00
52	-2.311426e-01	3.699422e+00
5.203333e+01	-2.307950e-01	3.701095e+00
5.206667e+01	-2.307738e-01	3.701197e+00
5.210000e+01	-2.309578e-01	3.700311e+00
5.213333e+01	-2.311152e-01	3.699554e+00
5.216667e+01	-2.311330e-01	3.699468e+00
5.220000e+01	-2.310561e-01	3.699838e+00
5.223333e+01	-2.309852e-01	3.700180e+00
5.226667e+01	-2.309736e-01	3.700235e+00
5.230000e+01	-2.310055e-01	3.700082e+00
5.233333e+01	-2.310373e-01	3.699929e+00
5.236667e+01	-2.310440e-01	3.699896e+00
5.240000e+01	-2.310309e-01	3.699960e+00
5.243333e+01	-2.310167e-01	3.700028e+00
5.246667e+01	-2.310131e-01	3.700045e+00
5.250000e+01	-2.310184e-01	3.700020e+00
5.253333e+01	-2.310247e-01	3.699989e+00
5.256667e+01	-2.310266e-01	3.699980e+00
5.260000e+01	-2.310245e-01	3.699991e+00
5.263333e+01	-2.310217e-01	3.700004e+00
5.266667e+01	-2.310207e-01	3.700009e+00
5.270000e+01	-2.310216e-01	3.700004e+00
5.273333e+01	-2.310228e-01	3.699999e+00
5.276667e+01	-2.310233e-01	3.699996e+00
5.280000e+01	-2.310229e-01	3.699998e+00
5.283333e+01	-2.310224e-01	3.700000e+00
5.286667e+01	-2.312427e-01	3.698940e+00
5.290000e+01	-2.327084e-01	3.691888e+00
5.293333e+01	-2.369747e-01	3.671360e+00
5.296667e+01	-2.440498e-01	3.637318e+00
53	-2.511498e-01	3.603156e+00
5.303333e+01	-2.549264e-01	3.584985e+00
5.306667e+01	-2.546267e-01	3.586426e+00
5.310000e+01	-2.523459e-01	3.597401e+00
5.313333e+01	-2.506696e-01	3.605466e+00
5.316667e+01	-2.503945e-01	3.606790e+00
5.320000e+01	-2.498348e-01	3.609483e+00
5.323333e+01	-2.463124e-01	3.626431e+00
5.326667e+01	-2.393029e-01	3.660158e+00
5.330000e+01	-2.318264e-01	3.696132e+00
5.333333e+01	-2.277156e-01	3.715911e+00
5.336667e+01	-2.279692e-01	3.714691e+00
5.340000e+01	-2.304067e-01	3.702963e+00
5.343333e+01	-2.322332e-01	3.694175e+00
5.346667e+01	-2.323157e-01	3.693778e+00
5.350000e+01	-2.315656e-01	3.697387e+00
5.353333e+01	-2.322202e-01	3.694237e+00
5.356667e+01	-2.364053e-01	3.674100e+00
5.360000e+01	-2.438831e-01	3.638120e+00
5.363333e+01	-2.513473e-01	3.602206e+00
5.366667e+01	-2.551783e-01	3.583772e+00
5.370000e+01	-2.547113e-01	3.586020e+00
5.373333e+01	-2.522670e-01	3.597780e+00
5.376667e+01	-2.505585e-01	3.606001e+00
5.380000e+01	-2.505730e-01	3.605931e+00
5.383333e+01	-2.515519e-01	3.601221e+00
5.386667e+01	-2.523134e-01	3.597557e+00
5.390000e+01	-2.523506e-01	3.597378e+00
5.393333e+01	-2.519417e-01	3.599346e+00
5.396667e+01	-2.515982e-01	3.600998e+00
54	-2.515636e-01	3.601165e+00
5.403333e+01	-2.517346e-01	3.600342e+00
5.406667e+01	-2.518895e-01	3.599597e+00
5.410000e+01	-2.519129e-01	3.599484e+00
5.413333e+01	-2.518418e-01	3.599826e+00
5.416667e+01	-2.517722e-01	3.600161e+00
5.420000e+01	-2.517584e-01	3.600227e+00
5.423333e+01	-2.517877e-01	3.600086e+00
5.426667e+01	-2.518188e-01	3.599937e+00
5.430000e+01	-2.518264e-01	3.599900e+00
5.433333e+01	-2.518144e-01	3.599958e+00
5.436667e+01	-2.515801e-01	3.601086e+00
5.440000e+01	-2.501106e-01	3.608156e+00
5.443333e+01	-2.458493e-01	3.628660e+00
5.446667e+01	-2.387805e-01	3.662672e+00
5.450000e+01	-2.316824e-01	3.696825e+00
5.453333e+01	-2.279038e-01	3.715006e+00
5.456667e+01	-2.282007e-01	3.713577e+00
5.460000e+01	-2.304806e-01	3.702608e+00
5.463333e+01	-2.321576e-01	3.694538e+00
5.466667e+01	-2.319929e-01	3.695331e+00
5.470000e+01	-2.296220e-01	3.706739e+00
5.473333e+01	-2.246118e-01	3.730846e+00
5.476667e+01	-2.174710e-01	3.765204e+00
5.480000e+01	-2.107471e-01	3.797557e+00
5.483333e+01	-2.073046e-01	3.814121e+00
5.486667e+01	-2.076505e-01	3.812456e+00
5.490000e+01	-2.097748e-01	3.802235e+00
5.493333e+01	-2.113009e-01	3.794892e+00
5.496667e+01	-2.113275e-01	3.794764e+00
55	-2.104863e-01	3.798812e+00
5.503333e+01	-2.098098e-01	3.802067e+00
5.506667e+01	-2.095394e-01	3.803368e+00
5.510000e+01	-2.084239e-01	3.808735e+00
5.513333e+01	-2.044619e-01	3.827798e+00
5.516667e+01	-1.974248e-01	3.861658e+00
5.520000e+01	-1.901787e-01	3.896523e+00
5.523333e+01	-1.862652e-01	3.915354e+00
5.526667e+01	-1.865412e-01	3.914026e+00
5.530000e+01	-1.888824e-01	3.902760e+00
5.533333e+01	-1.908406e-01	3.893338e+00
5.536667e+01	-1.923742e-01	3.885959e+00
5.540000e+01	-1.957096e-01	3.869911e+00
5.543333e+01	-2.020135e-01	3.839579e+00
5.546667e+01	-2.090409e-01	3.805766e+00
5.550000e+01	-2.132041e-01	3.785735e+00
5.553333e+01	-2.132507e-01	3.785510e+00
5.556667e+01	-2.110197e-01	3.796245e+00
5.560000e+01	-2.091826e-01	3.805084e+00
5.563333e+01	-2.089725e-01	3.806095e+00
5.566667e+01	-2.098486e-01	3.801880e+00
5.570000e+01	-2.106587e-01	3.797982e+00
5.573333e+01	-2.107937e-01	3.797333e+00
5.576667e+01	-2.102132e-01	3.800126e+00
5.580000e+01	-2.083864e-01	3.808915e+00
5.583333e+01	-2.040433e-01	3.829813e+00
5.586667e+01	-1.971163e-01	3.863142e+00
5.590000e+01	-1.901774e-01	3.896530e+00
5.593333e+01	-1.864423e-01	3.914501e+00
5.596667e+01	-1.866817e-01	3.913350e+00
56	-1.888909e-01	3.902720e+00
5.603333e+01	-1.905456e-01	3.894758e+00
5.606667e+01	-1.906245e-01	3.894378e+00
5.610000e+01	-1.897503e-01	3.898585e+00
5.613333e+01	-1.890175e-01	3.902111e+00
5.616667e+01	-1.889424e-01	3.902472e+00
5.620000e+01	-1.893049e-01	3.900728e+00
5.623333e+01	-1.896336e-01	3.899146e+00
5.626667e+01	-1.896834e-01	3.898907e+00
5.630000e+01	-1.895328e-01	3.899631e+00
5.633333e+01	-1.896059e-01	3.899280e+00
5.636667e+01	-1.910421e-01	3.892369e+00
5.640000e+01	-1.953702e-01	3.871544e+00
5.643333e+01	-2.025111e-01	3.837185e+00
5.646667e+01	-2.096273e-01	3.802945e+00
5.650000e+01	-2.133786e-01	3.784895e+00
5.653333e+01	-2.130497e-01	3.786478e+00
5.656667e+01	-2.107604e-01	3.797493e+00
5.660000e+01	-2.090943e-01	3.805509e+00
5.663333e+01	-2.090527e-01	3.805710e+00
5.666667e+01	-2.099629e-01	3.801330e+00
5.670000e+01	-2.107025e-01	3.797771e+00
5.673333e+01	-2.107622e-01	3.797484e+00
5.676667e+01	-2.103837e-01	3.799306e+00
5.680000e+01	-2.100511e-01	3.800906e+00
5.683333e+01	-2.100076e-01	3.801115e+00
5.686667e+01	-2.101653e-01	3.800356e+00
5.690000e+01	-2.103149e-01	3.799637e+00
5.693333e+01	-2.103417e-01	3.799508e+00
5.696667e+01	-2.102764e-01	3.799822e+00
57	-2.102095e-01	3.800144e+00
5.703333e+01	-2.101943e-01	3.800216e+00
5.706667e+01	-2.102211e-01	3.800088e+00
5.710000e+01	-2.102509e-01	3.799944e+00
5.713333e+01	-2.102590e-01	3.799905e+00
5.716667e+01	-2.102482e-01	3.799958e+00
5.720000e+01	-2.102349e-01	3.800021e+00
5.723333e+01	-2.102307e-01	3.800041e+00
5.726667e+01	-2.102351e-01	3.800020e+00
5.730000e+01	-2.102410e-01	3.799992e+00
5.733333e+01	-2.102431e-01	3.799982e+00
5.736667e+01	-2.102413e-01	3.799990e+00
5.740000e+01	-2.102388e-01	3.800003e+00
5.743333e+01	-2.102377e-01	3.800008e+00
5.746667e+01	-2.102384e-01	3.800005e+00
5.750000e+01	-2.102395e-01	3.799999e+00
5.753333e+01	-2.102400e-01	3.799997e+00
5.756667e+01	-2.102398e-01	3.799998e+00
5.760000e+01	-2.102393e-01	3.800000e+00
5.763333e+01	-2.102390e-01	3.800001e+00
5.766667e+01	-2.102391e-01	3.800001e+00
5.770000e+01	-2.102393e-01	3.800000e+00
5.773333e+01	-2.102395e-01	3.799999e+00
5.776667e+01	-2.102394e-01	3.800000e+00
5.780000e+01	-2.102393e-01	3.800000e+00
5.783333e+01	-2.102393e-01	3.800000e+00
5.786667e+01	-2.100187e-01	3.801061e+00
5.790000e+01	-2.085533e-01	3.808113e+00
5.793333e+01	-2.042872e-01	3.828639e+00
5.796667e+01	-1.972122e-01	3.862681e+00
58	-1.901121e-01	3.896844e+00
5.803333e+01	-1.863355e-01	3.915015e+00
5.806667e+01	-1.866351e-01	3.913574e+00
5.810000e+01	-1.889159e-01	3.902599e+00
5.813333e+01	-1.905922e-01	3.894534e+00
5.816667e+01	-1.906468e-01	3.894271e+00
5.820000e+01	-1.897410e-01	3.898630e+00
5.823333e+01	-1.889972e-01	3.902208e+00
5.826667e+01	-1.889318e-01	3.902523e+00
5.830000e+01	-1.893082e-01	3.900712e+00
5.833333e+01	-1.896423e-01	3.899104e+00
5.836667e+01	-1.894678e-01	3.899944e+00
5.840000e+01	-1.878456e-01	3.907749e+00
5.843333e+01	-1.834294e-01	3.928998e+00
5.846667e+01	-1.763266e-01	3.963174e+00
5.850000e+01	-1.692912e-01	3.997025e+00
5.853333e+01	-1.655817e-01	4.014874e+00
5.856667e+01	-1.658969e-01	4.013357e+00
5.860000e+01	-1.679307e-01	4.003571e+00
5.863333e+01	-1.681116e-01	4.002701e+00
5.866667e+01	-1.638918e-01	4.023005e+00
5.870000e+01	-1.559217e-01	4.061354e+00
5.873333e+01	-1.480912e-01	4.099031e+00
5.876667e+01	-1.442533e-01	4.117497e+00
5.880000e+01	-1.449251e-01	4.114265e+00
5.883333e+01	-1.475342e-01	4.101711e+00
5.886667e+01	-1.492544e-01	4.093434e+00
5.890000e+01	-1.491540e-01	4.093917e+00
5.893333e+01	-1.481006e-01	4.098986e+00
5.896667e+01	-1.473300e-01	4.102694e+00
59	-1.473286e-01	4.102700e+00
5.903333e+01	-1.477711e-01	4.100571e+00
5.906667e+01	-1.481203e-01	4.098891e+00
5.910000e+01	-1.481401e-01	4.098796e+00
5.913333e+01	-1.479540e-01	4.099691e+00
5.916667e+01	-1.477958e-01	4.100452e+00
5.920000e+01	-1.477786e-01	4.100535e+00
5.923333e+01	-1.478564e-01	4.100161e+00
5.926667e+01	-1.479277e-01	4.099818e+00
5.930000e+01	-1.479390e-01	4.099763e+00
5.933333e+01	-1.479067e-01	4.099919e+00
5.936667e+01	-1.478747e-01	4.100073e+00
5.940000e+01	-1.478681e-01	4.100104e+00
5.943333e+01	-1.478814e-01	4.100040e+00
5.946667e+01	-1.478957e-01	4.099972e+00
5.950000e+01	-1.478993e-01	4.099954e+00
5.953333e+01	-1.478939e-01	4.099980e+00
5.956667e+01	-1.478875e-01	4.100011e+00
5.960000e+01	-1.478857e-01	4.100020e+00
5.963333e+01	-1.478878e-01	4.100009e+00
5.966667e+01	-1.476701e-01	4.101057e+00
5.970000e+01	-1.462055e-01	4.108104e+00
5.973333e+01	-1.419386e-01	4.128635e+00
5.976667e+01	-1.348624e-01	4.162682e+00
5.980000e+01	-1.277618e-01	4.196847e+00
5.983333e+01	-1.239855e-01	4.215018e+00
5.986667e+01	-1.242857e-01	4.213573e+00
5.990000e+01	-1.265667e-01	4.202598e+00
5.993333e+01	-1.282429e-01	4.194533e+00
5.996667e+01	-1.282973e-01	4.194271e+00
60	-1.273913e-01	4.198630e+00
6.003333e+01	-1.266476e-01	4.202209e+00
6.006667e+01	-1.265823e-01	4.202523e+00
6.010000e+01	-1.269587e-01	4.200712e+00
6.013333e+01	-1.272929e-01	4.199104e+00
6.016667e+01	-1.273389e-01	4.198883e+00
6.020000e+01	-1.271822e-01	4.199637e+00
6.023333e+01	-1.270320e-01	4.200359e+00
6.026667e+01	-1.272247e-01	4.199432e+00
6.030000e+01	-1.287549e-01	4.192069e+00
6.033333e+01	-1.330883e-01	4.171219e+00
6.036667e+01	-1.401788e-01	4.137102e+00
6.040000e+01	-1.472523e-01	4.103067e+00
6.043333e+01	-1.509991e-01	4.085039e+00
6.046667e+01	-1.506912e-01	4.086521e+00
6.050000e+01	-1.484211e-01	4.097444e+00
6.053333e+01	-1.467580e-01	4.105446e+00
6.056667e+01	-1.467077e-01	4.105688e+00
6.060000e+01	-1.476093e-01	4.101350e+00
6.063333e+01	-1.483472e-01	4.097799e+00
6.066667e+01	-1.484105e-01	4.097495e+00
6.070000e+01	-1.480357e-01	4.099298e+00
6.073333e+01	-1.477042e-01	4.100893e+00
6.076667e+01	-1.476592e-01	4.101110e+00
6.080000e+01	-1.478152e-01	4.100359e+00
6.083333e+01	-1.479642e-01	4.099642e+00
6.086667e+01	-1.479916e-01	4.099510e+00
6.090000e+01	-1.479271e-01	4.099820e+00
6.093333e+01	-1.478604e-01	4.100141e+00
6.096667e+01	-1.478451e-01	4.100215e+00
61	-1.478715e-01	4.100088e+00
6.103333e+01	-1.479012e-01	4.099945e+00
6.106667e+01	-1.479094e-01	4.099906e+00
6.110000e+01	-1.478987e-01	4.099957e+00
6.113333e+01	-1.478855e-01	4.100021e+00
6.116667e+01	-1.478813e-01	4.100041e+00
6.120000e+01	-1.481061e-01	4.098959e+00
6.123333e+01	-1.495775e-01	4.091880e+00
6.126667e+01	-1.538457e-01	4.071343e+00
6.130000e+01	-1.609189e-01	4.037309e+00
6.133333e+01	-1.680164e-01	4.003159e+00
6.136667e+01	-1.717921e-01	3.984992e+00
6.140000e+01	-1.714931e-01	3.986431e+00
6.143333e+01	-1.692134e-01	3.997400e+00
6.146667e+01	-1.675376e-01	4.005463e+00
6.150000e+01	-1.674827e-01	4.005727e+00
6.153333e+01	-1.683881e-01	4.001371e+00
6.156667e+01	-1.691316e-01	3.997793e+00
6.160000e+01	-1.691972e-01	3.997478e+00
6.163333e+01	-1.686004e-01	4.000349e+00
6.166667e+01	-1.668008e-01	4.009008e+00
6.170000e+01	-1.624887e-01	4.029756e+00
6.173333e+01	-1.555703e-01	4.063045e+00
6.176667e+01	-1.486203e-01	4.096485e+00
6.180000e+01	-1.448716e-01	4.114523e+00
6.183333e+01	-1.451065e-01	4.113392e+00
6.186667e+01	-1.473202e-01	4.102741e+00
6.190000e+01	-1.489809e-01	4.094750e+00
6.193333e+01	-1.490620e-01	4.094360e+00
6.196667e+01	-1.481860e-01	4.098575e+00
62	-1.476711e-01	4.101052e+00
6.203333e+01	-1.490604e-01	4.094367e+00
6.206667e+01	-1.536897e-01	4.072093e+00
6.210000e+01	-1.610945e-01	4.036464e+00
6.213333e+01	-1.682449e-01	4.002060e+00
6.216667e+01	-1.718708e-01	3.984613e+00
6.220000e+01	-1.714232e-01	3.986767e+00
6.223333e+01	-1.691127e-01	3.997884e+00
6.226667e+01	-1.674986e-01	4.005651e+00
6.230000e+01	-1.675101e-01	4.005595e+00
6.233333e+01	-1.684323e-01	4.001158e+00
6.236667e+01	-1.691506e-01	3.997702e+00
6.240000e+01	-1.691866e-01	3.997529e+00
6.243333e+01	-1.688017e-01	3.999381e+00
6.246667e+01	-1.684778e-01	4.000939e+00
6.250000e+01	-1.684448e-01	4.001098e+00
6.253333e+01	-1.686058e-01	4.000323e+00
6.256667e+01	-1.687518e-01	3.999621e+00
6.260000e+01	-1.687740e-01	3.999514e+00
6.263333e+01	-1.689277e-01	3.998775e+00
6.266667e+01	-1.703276e-01	3.992039e+00
6.270000e+01	-1.745806e-01	3.971575e+00
6.273333e+01	-1.816831e-01	3.937401e+00
6.276667e+01	-1.888125e-01	3.903097e+00
6.280000e+01	-1.925964e-01	3.884891e+00
6.283333e+01	-1.922855e-01	3.886386e+00
6.286667e+01	-1.899916e-01	3.897423e+00
6.290000e+01	-1.883115e-01	3.905507e+00
6.293333e+01	-1.882615e-01	3.905748e+00
6.296667e+01	-1.891731e-01	3.901362e+00
63	-1.899188e-01	3.897774e+00
6.303333e+01	-1.899824e-01	3.897468e+00
6.306667e+01	-1.896034e-01	3.899291e+00
6.310000e+01	-1.892684e-01	3.900904e+00
6.313333e+01	-1.892230e-01	3.901122e+00
6.316667e+01	-1.893808e-01	3.900362e+00
6.320000e+01	-1.895314e-01	3.899638e+00
6.323333e+01	-1.897796e-01	3.898444e+00
6.326667e+01	-1.911799e-01	3.891706e+00
6.330000e+01	-1.953786e-01	3.871504e+00
6.333333e+01	-2.024380e-01	3.837537e+00
6.336667e+01	-2.095648e-01	3.803245e+00
6.340000e+01	-2.133716e-01	3.784929e+00
6.343333e+01	-2.130802e-01	3.786331e+00
6.346667e+01	-2.107885e-01	3.797358e+00
6.350000e+01	-2.090989e-01	3.805487e+00
6.353333e+01	-2.090400e-01	3.805771e+00
6.356667e+01	-2.099503e-01	3.801391e+00
6.360000e+01	-2.106999e-01	3.797784e+00
6.363333e+01	-2.107674e-01	3.797459e+00
6.366667e+01	-2.103893e-01	3.799278e+00
6.370000e+01	-2.100526e-01	3.800899e+00
6.373333e+01	-2.100055e-01	3.801125e+00
6.376667e+01	-2.101628e-01	3.800368e+00
6.380000e+01	-2.103141e-01	3.799640e+00
6.383333e+01	-2.103425e-01	3.799504e+00
6.386667e+01	-2.102775e-01	3.799816e+00
6.390000e+01	-2.102098e-01	3.800142e+00
6.393333e+01	-2.101940e-01	3.800218e+00
6.396667e+01	-2.102206e-01	3.800090e+00
64	-2.102507e-01	3.799945e+00
6.403333e+01	-2.102592e-01	3.799905e+00
6.406667e+01	-2.102484e-01	3.799956e+00
6.410000e+01	-2.102350e-01	3.800021e+00
6.413333e+01	-2.102307e-01	3.800042e+00
6.416667e+01	-2.102350e-01	3.800021e+00
6.420000e+01	-2.102409e-01	3.799992e+00
6.423333e+01	-2.102431e-01	3.799982e+00
6.426667e+01	-2.102414e-01	3.799990e+00
6.430000e+01	-2.102388e-01	3.800003e+00
6.433333e+01	-2.102377e-01	3.800008e+00
6.436667e+01	-2.102384e-01	3.800005e+00
6.440000e+01	-2.102395e-01	3.799999e+00
6.443333e+01	-2.102400e-01	3.799997e+00
6.446667e+01	-2.102398e-01	3.799998e+00
6.450000e+01	-2.102393e-01	3.800000e+00
6.453333e+01	-2.102390e-01	3.800001e+00
6.456667e+01	-2.102391e-01	3.800001e+00
6.460000e+01	-2.102393e-01	3.800000e+00
6.463333e+01	-2.102395e-01	3.799999e+00
6.466667e+01	-2.104600e-01	3.798938e+00
6.470000e+01	-2.119254e-01	3.791887e+00
6.473333e+01	-2.161915e-01	3.771361e+00
6.476667e+01	-2.232664e-01	3.737319e+00
6.480000e+01	-2.303665e-01	3.703156e+00
6.483333e+01	-2.341432e-01	3.684984e+00
6.486667e+01	-2.338436e-01	3.686426e+00
6.490000e+01	-2.315627e-01	3.697401e+00
6.493333e+01	-2.298864e-01	3.705466e+00
6.496667e+01	-2.298318e-01	3.705729e+00
65	-2.307377e-01	3.701370e+00
6.503333e+01	-2.314815e-01	3.697792e+00
6.506667e+01	-2.315469e-01	3.697477e+00
6.510000e+01	-2.311704e-01	3.699288e+00
6.513333e+01	-2.310569e-01	3.699835e+00
6.516667e+01	-2.324763e-01	3.693005e+00
6.520000e+01	-2.368991e-01	3.671724e+00
6.523333e+01	-2.441242e-01	3.636960e+00
6.526667e+01	-2.512522e-01	3.602663e+00
6.530000e+01	-2.549641e-01	3.584803e+00
6.533333e+01	-2.545973e-01	3.586568e+00
6.536667e+01	-2.523009e-01	3.597617e+00
6.540000e+01	-2.506511e-01	3.605555e+00
6.543333e+01	-2.506264e-01	3.605674e+00
6.546667e+01	-2.515406e-01	3.601276e+00
6.550000e+01	-2.522736e-01	3.597749e+00
6.553333e+01	-2.523257e-01	3.597498e+00
6.556667e+01	-2.519450e-01	3.599329e+00
6.560000e+01	-2.516152e-01	3.600916e+00
6.563333e+01	-2.515750e-01	3.601110e+00
6.566667e+01	-2.517338e-01	3.600346e+00
6.570000e+01	-2.518823e-01	3.599631e+00
6.573333e+01	-2.519076e-01	3.599510e+00
6.576667e+01	-2.518418e-01	3.599826e+00
6.580000e+01	-2.517753e-01	3.600146e+00
6.583333e+01	-2.517608e-01	3.600216e+00
6.586667e+01	-2.517878e-01	3.600086e+00
6.590000e+01	-2.518175e-01	3.599943e+00
6.593333e+01	-2.520459e-01	3.598844e+00
6.596667e+01	-2.535004e-01	3.591846e+00
66	-2.577533e-01	3.571382e+00
6.603333e+01	-2.648242e-01	3.537360e+00
6.606667e+01	-2.719287e-01	3.503176e+00
6.610000e+01	-2.757112e-01	3.484976e+00
6.613333e+01	-2.754137e-01	3.486408e+00
6.616667e+01	-2.731311e-01	3.497391e+00
6.620000e+01	-2.714522e-01	3.505469e+00
6.623333e+01	-2.713966e-01	3.505737e+00
6.626667e+01	-2.725237e-01	3.500314e+00
6.630000e+01	-2.747341e-01	3.489678e+00
6.633333e+01	-2.790661e-01	3.468834e+00
6.636667e+01	-2.857643e-01	3.436605e+00
6.640000e+01	-2.925298e-01	3.404053e+00
6.643333e+01	-2.962602e-01	3.386103e+00
6.646667e+01	-2.961174e-01	3.386791e+00
6.650000e+01	-2.942074e-01	3.395980e+00
6.653333e+01	-2.940246e-01	3.396860e+00
6.656667e+01	-2.981714e-01	3.376908e+00
6.660000e+01	-3.060849e-01	3.338831e+00
6.663333e+01	-3.139131e-01	3.301165e+00
6.666667e+01	-3.177817e-01	3.282551e+00
6.670000e+01	-3.171356e-01	3.285659e+00
6.673333e+01	-3.145290e-01	3.298202e+00
6.676667e+01	-3.127959e-01	3.306541e+00
6.680000e+01	-3.128846e-01	3.306113e+00
6.683333e+01	-3.139364e-01	3.301053e+00
6.686667e+01	-3.147124e-01	3.297319e+00
6.690000e+01	-3.147189e-01	3.297288e+00
6.693333e+01	-3.140569e-01	3.300473e+00
6.696667e+01	-3.122399e-01	3.309215e+00
67	-3.079517e-01	3.329849e+00
6.703333e+01	-3.010623e-01	3.362997e+00
6.706667e+01	-2.941214e-01	3.396395e+00
6.710000e+01	-2.903630e-01	3.414478e+00
6.713333e+01	-2.905851e-01	3.413410e+00
6.716667e+01	-2.927942e-01	3.402780e+00
6.720000e+01	-2.942382e-01	3.395832e+00
6.723333e+01	-2.928594e-01	3.402466e+00
6.726667e+01	-2.877196e-01	3.427197e+00
6.730000e+01	-2.799077e-01	3.464785e+00
6.733333e+01	-2.727290e-01	3.499326e+00
6.736667e+01	-2.693144e-01	3.515755e+00
6.740000e+01	-2.699445e-01	3.512724e+00
6.743333e+01	-2.722767e-01	3.501502e+00
6.746667e+01	-2.738027e-01	3.494159e+00
6.750000e+01	-2.737091e-01	3.494610e+00
6.753333e+01	-2.727732e-01	3.499113e+00
6.756667e+01	-2.720913e-01	3.502394e+00
6.760000e+01	-2.720921e-01	3.502390e+00
6.763333e+01	-2.724850e-01	3.500500e+00
6.766667e+01	-2.727939e-01	3.499014e+00
6.770000e+01	-2.728105e-01	3.498934e+00
6.773333e+01	-2.726452e-01	3.499729e+00
6.776667e+01	-2.725052e-01	3.500402e+00
6.780000e+01	-2.724904e-01	3.500474e+00
6.783333e+01	-2.725595e-01	3.500141e+00
6.786667e+01	-2.726226e-01	3.499838e+00
6.790000e+01	-2.726324e-01	3.499790e+00
6.793333e+01	-2.726038e-01	3.499928e+00
6.796667e+01	-2.725754e-01	3.500065e+00
68	-2.725697e-01	3.500092e+00
6.803333e+01	-2.725815e-01	3.500036e+00
6.806667e+01	-2.723736e-01	3.501036e+00
6.810000e+01	-2.709112e-01	3.508072e+00
6.813333e+01	-2.666403e-01	3.528622e+00
6.816667e+01	-2.595597e-01	3.562691e+00
6.820000e+01	-2.524580e-01	3.596861e+00
6.823333e+01	-2.486833e-01	3.615024e+00
6.826667e+01	-2.489854e-01	3.613570e+00
6.830000e+01	-2.512670e-01	3.602592e+00
6.833333e+01	-2.529426e-01	3.594530e+00
6.836667e+01	-2.529961e-01	3.594272e+00
6.840000e+01	-2.523103e-01	3.597572e+00
6.843333e+01	-2.530324e-01	3.594097e+00
6.846667e+01	-2.572336e-01	3.573883e+00
6.850000e+01	-2.646851e-01	3.538029e+00
6.853333e+01	-2.721192e-01	3.502260e+00
6.856667e+01	-2.757212e-01	3.484929e+00
6.860000e+01	-2.737993e-01	3.494176e+00
6.863333e+01	-2.671022e-01	3.526399e+00
6.866667e+01	-2.583232e-01	3.568640e+00
6.870000e+01	-2.512333e-01	3.602754e+00
6.873333e+01	-2.484297e-01	3.616244e+00
6.876667e+01	-2.494886e-01	3.611149e+00
6.880000e+01	-2.518083e-01	3.599987e+00
6.883333e+01	-2.530783e-01	3.593877e+00
6.886667e+01	-2.527905e-01	3.595262e+00
6.890000e+01	-2.518493e-01	3.599790e+00
6.893333e+01	-2.512755e-01	3.602551e+00
6.896667e+01	-2.513645e-01	3.602123e+00
69	-2.517645e-01	3.600198e+00
6.903333e+01	-2.520280e-01	3.598930e+00
6.906667e+01	-2.520048e-01	3.599042e+00
6.910000e+01	-2.518342e-01	3.599863e+00
6.913333e+01	-2.517131e-01	3.600445e+00
6.916667e+01	-2.517162e-01	3.600431e+00
6.920000e+01	-2.517886e-01	3.600082e+00
6.923333e+01	-2.518439e-01	3.599816e+00
6.926667e+01	-2.518457e-01	3.599807e+00
6.930000e+01	-2.518152e-01	3.599954e+00
6.933333e+01	-2.517901e-01	3.600075e+00
6.936667e+01	-2.517879e-01	3.600086e+00
6.940000e+01	-2.518007e-01	3.600024e+00
6.943333e+01	-2.518120e-01	3.599970e+00
6.946667e+01	-2.518136e-01	3.599962e+00
6.950000e+01	-2.518083e-01	3.599988e+00
6.953333e+01	-2.518031e-01	3.600012e+00
6.956667e+01	-2.518022e-01	3.600017e+00
6.960000e+01	-2.518044e-01	3.600006e+00
6.963333e+01	-2.518067e-01	3.599995e+00
6.966667e+01	-2.518072e-01	3.599993e+00
6.970000e+01	-2.518063e-01	3.599997e+00
6.973333e+01	-2.515847e-01	3.601063e+00
6.976667e+01	-2.501189e-01	3.608116e+00
6.980000e+01	-2.458532e-01	3.628641e+00
6.983333e+01	-2.387787e-01	3.662680e+00
6.986667e+01	-2.316788e-01	3.696842e+00
6.990000e+01	-2.279020e-01	3.715015e+00
6.993333e+01	-2.282014e-01	3.713574e+00
6.996667e+01	-2.304821e-01	3.702600e+00
70	-2.321585e-01	3.694534e+00
7.003333e+01	-2.322132e-01	3.694271e+00
7.006667e+01	-2.313074e-01	3.698629e+00
7.010000e+01	-2.305636e-01	3.702208e+00
7.013333e+01	-2.304981e-01	3.702523e+00
7.016667e+01	-2.308745e-01	3.700712e+00
7.020000e+01	-2.312087e-01	3.699104e+00
7.023333e+01	-2.312547e-01	3.698883e+00
7.026667e+01	-2.310981e-01	3.699636e+00
7.030000e+01	-2.309479e-01	3.700359e+00
7.033333e+01	-2.309200e-01	3.700493e+00
7.036667e+01	-2.309847e-01	3.700182e+00
7.040000e+01	-2.310519e-01	3.699858e+00
7.043333e+01	-2.310675e-01	3.699783e+00
7.046667e+01	-2.310410e-01	3.699911e+00
7.050000e+01	-2.310111e-01	3.700055e+00
7.053333e+01	-2.310028e-01	3.700095e+00
7.056667e+01	-2.310136e-01	3.700043e+00
7.060000e+01	-2.310268e-01	3.699979e+00
7.063333e+01	-2.310311e-01	3.699959e+00
7.066667e+01	-2.310268e-01	3.699979e+00
7.070000e+01	-2.310209e-01	3.700008e+00
7.073333e+01	-2.310188e-01	3.700018e+00
7.076667e+01	-2.310205e-01	3.700010e+00
7.080000e+01	-2.310231e-01	3.699997e+00
7.083333e+01	-2.310241e-01	3.699992e+00
7.086667e+01	-2.310234e-01	3.699995e+00
7.090000e+01	-2.310223e-01	3.700001e+00
7.093333e+01	-2.310218e-01	3.700003e+00
7.096667e+01	-2.310221e-01	3.700002e+00
71	-2.310226e-01	3.700000e+00
7.103333e+01	-2.310228e-01	3.699999e+00
7.106667e+01	-2.310227e-01	3.699999e+00
7.110000e+01	-2.310225e-01	3.700000e+00
7.113333e+01	-2.310224e-01	3.700001e+00
7.116667e+01	-2.310224e-01	3.700000e+00
7.120000e+01	-2.310225e-01	3.700000e+00
7.123333e+01	-2.310226e-01	3.700000e+00
7.126667e+01	-2.310225e-01	3.700000e+00
7.130000e+01	-2.310225e-01	3.700000e+00
7.133333e+01	-2.310225e-01	3.700000e+00
7.136667e+01	-2.310225e-01	3.700000e+00
7.140000e+01	-2.310225e-01	3.700000e+00
7.143333e+01	-2.310225e-01	3.700000e+00
7.146667e+01	-2.310225e-01	3.700000e+00
7.150000e+01	-2.312431e-01	3.698939e+00
7.153333e+01	-2.327086e-01	3.691887e+00
7.156667e+01	-2.369747e-01	3.671361e+00
7.160000e+01	-2.440496e-01	3.637319e+00
7.163333e+01	-2.511497e-01	3.603156e+00
7.166667e+01	-2.549264e-01	3.584985e+00
7.170000e+01	-2.546268e-01	3.586426e+00
7.173333e+01	-2.523459e-01	3.597401e+00
7.176667e+01	-2.506696e-01	3.605466e+00
7.180000e+01	-2.506150e-01	3.605729e+00
7.183333e+01	-2.515209e-01	3.601370e+00
7.186667e+01	-2.522646e-01	3.597792e+00
7.190000e+01	-2.523301e-01	3.597477e+00
7.193333e+01	-2.519536e-01	3.599288e+00
7.196667e+01	-2.516195e-01	3.600896e+00
72	-2.515735e-01	3.601117e+00
7.203333e+01	-2.517301e-01	3.600364e+00
7.206667e+01	-2.518803e-01	3.599641e+00
7.210000e+01	-2.519082e-01	3.599507e+00
7.213333e+01	-2.518434e-01	3.599818e+00
7.216667e+01	-2.517762e-01	3.600142e+00
7.220000e+01	-2.517606e-01	3.600217e+00
7.223333e+01	-2.517872e-01	3.600089e+00
7.226667e+01	-2.518171e-01	3.599945e+00
7.230000e+01	-2.518254e-01	3.599905e+00
7.233333e+01	-2.518146e-01	3.599957e+00
7.236667e+01	-2.518014e-01	3.600021e+00
7.240000e+01	-2.517971e-01	3.600041e+00
7.243333e+01	-2.518014e-01	3.600021e+00
7.246667e+01	-2.518073e-01	3.599992e+00
7.250000e+01	-2.518094e-01	3.599982e+00
7.253333e+01	-2.518077e-01	3.599990e+00
7.256667e+01	-2.518051e-01	3.600003e+00
7.260000e+01	-2.518041e-01	3.600008e+00
7.263333e+01	-2.518047e-01	3.600005e+00
7.266667e+01	-2.518059e-01	3.599999e+00
7.270000e+01	-2.518064e-01	3.599997e+00
7.273333e+01	-2.518061e-01	3.599998e+00
7.276667e+01	-2.518056e-01	3.600000e+00
7.280000e+01	-2.518054e-01	3.600001e+00
7.283333e+01	-2.518055e-01	3.600001e+00
7.286667e+01	-2.518057e-01	3.600000e+00
7.290000e+01	-2.520264e-01	3.598938e+00
7.293333e+01	-2.534918e-01	3.591887e+00
7.296667e+01	-2.577579e-01	3.571361e+00
73	-2.648327e-01	3.537319e+00
7.303333e+01	-2.719328e-01	3.503157e+00
7.306667e+01	-2.757095e-01	3.484985e+00
7.310000e+01	-2.754100e-01	3.486426e+00
7.313333e+01	-2.731291e-01	3.497400e+00
7.316667e+01	-2.714528e-01	3.505466e+00
7.320000e+01	-2.713982e-01	3.505729e+00
7.323333e+01	-2.723040e-01	3.501370e+00
7.326667e+01	-2.730478e-01	3.497792e+00
7.330000e+01	-2.731132e-01	3.497477e+00
7.333333e+01	-2.727368e-01	3.499288e+00
7.336667e+01	-2.724027e-01	3.500896e+00
7.340000e+01	-2.723566e-01	3.501117e+00
7.343333e+01	-2.725133e-01	3.500364e+00
7.346667e+01	-2.726634e-01	3.499641e+00
7.350000e+01	-2.726913e-01	3.499507e+00
7.353333e+01	-2.726266e-01	3.499818e+00
7.356667e+01	-2.725594e-01	3.500142e+00
7.360000e+01	-2.725438e-01	3.500217e+00
7.363333e+01	-2.725703e-01	3.500089e+00
7.366667e+01	-2.726003e-01	3.499945e+00
7.370000e+01	-2.726086e-01	3.499905e+00
7.373333e+01	-2.725978e-01	3.499957e+00
7.376667e+01	-2.725845e-01	3.500021e+00
7.380000e+01	-2.725803e-01	3.500041e+00
7.383333e+01	-2.728051e-01	3.498959e+00
7.386667e+01	-2.742765e-01	3.491880e+00
7.390000e+01	-2.785448e-01	3.471343e+00
7.393333e+01	-2.856180e-01	3.437309e+00
7.396667e+01	-2.927155e-01	3.403159e+00
74	-2.964911e-01	3.384992e+00
7.403333e+01	-2.961922e-01	3.386431e+00
7.406667e+01	-2.939125e-01	3.397400e+00
7.410000e+01	-2.922366e-01	3.405463e+00
7.413333e+01	-2.921818e-01	3.405727e+00
7.416667e+01	-2.930872e-01	3.401371e+00
7.420000e+01	-2.938307e-01	3.397793e+00
7.423333e+01	-2.938962e-01	3.397478e+00
7.426667e+01	-2.935200e-01	3.399288e+00
7.430000e+01	-2.931860e-01	3.400895e+00
7.433333e+01	-2.931399e-01	3.401117e+00
7.436667e+01	-2.932965e-01	3.400364e+00
7.440000e+01	-2.934466e-01	3.399641e+00
7.443333e+01	-2.934745e-01	3.399507e+00
7.446667e+01	-2.934098e-01	3.399818e+00
7.450000e+01	-2.933426e-01	3.400142e+00
7.453333e+01	-2.933270e-01	3.400217e+00
7.456667e+01	-2.933535e-01	3.400089e+00
7.460000e+01	-2.933834e-01	3.399945e+00
7.463333e+01	-2.933917e-01	3.399905e+00
7.466667e+01	-2.933810e-01	3.399957e+00
7.470000e+01	-2.933677e-01	3.400021e+00
7.473333e+01	-2.933635e-01	3.400041e+00
7.476667e+01	-2.933678e-01	3.400021e+00
7.480000e+01	-2.933736e-01	3.399992e+00
7.483333e+01	-2.933758e-01	3.399982e+00
7.486667e+01	-2.933740e-01	3.399990e+00
7.490000e+01	-2.933715e-01	3.400003e+00
7.493333e+01	-2.935910e-01	3.398947e+00
7.496667e+01	-2.950572e-01	3.391892e+00
75	-2.993244e-01	3.371360e+00
7.503333e+01	-3.063998e-01	3.337316e+00
7.506667e+01	-3.134997e-01	3.303154e+00
7.510000e+01	-3.172758e-01	3.284985e+00
7.513333e+01	-3.169760e-01	3.286428e+00
7.516667e+01	-3.146952e-01	3.297402e+00
7.520000e+01	-3.130191e-01	3.305466e+00
7.523333e+01	-3.129646e-01	3.305729e+00
7.526667e+01	-3.138705e-01	3.301370e+00
7.530000e+01	-3.146142e-01	3.297792e+00
7.533333e+01	-3.146795e-01	3.297477e+00
7.536667e+01	-3.143031e-01	3.299288e+00
7.540000e+01	-3.139690e-01	3.300896e+00
7.543333e+01	-3.139230e-01	3.301117e+00
7.546667e+01	-3.140797e-01	3.300363e+00
7.550000e+01	-3.142298e-01	3.299641e+00
7.553333e+01	-3.142577e-01	3.299507e+00
7.556667e+01	-3.144135e-01	3.298757e+00
7.560000e+01	-3.158118e-01	3.292029e+00
7.563333e+01	-3.200624e-01	3.271577e+00
7.566667e+01	-3.271638e-01	3.237408e+00
7.570000e+01	-3.342938e-01	3.203101e+00
7.573333e+01	-3.380788e-01	3.184890e+00
7.576667e+01	-3.377684e-01	3.186383e+00
7.580000e+01	-3.356948e-01	3.196360e+00
7.583333e+01	-3.354798e-01	3.197395e+00
7.586667e+01	-3.396956e-01	3.177110e+00
7.590000e+01	-3.476823e-01	3.138682e+00
7.593333e+01	-3.555282e-01	3.100930e+00
7.596667e+01	-3.593686e-01	3.082452e+00
76	-3.586900e-01	3.085717e+00
7.603333e+01	-3.560740e-01	3.098304e+00
7.606667e+01	-3.543523e-01	3.106588e+00
7.610000e+01	-3.544555e-01	3.106092e+00
7.613333e+01	-3.555120e-01	3.101008e+00
7.616667e+01	-3.562834e-01	3.097296e+00
7.620000e+01	-3.562836e-01	3.097296e+00
7.623333e+01	-3.558398e-01	3.099431e+00
7.626667e+01	-3.554901e-01	3.101114e+00
7.630000e+01	-3.554708e-01	3.101206e+00
7.633333e+01	-3.556575e-01	3.100308e+00
7.636667e+01	-3.558159e-01	3.099546e+00
7.640000e+01	-3.558330e-01	3.099464e+00
7.643333e+01	-3.557549e-01	3.099839e+00
7.646667e+01	-3.556835e-01	3.100183e+00
7.650000e+01	-3.556723e-01	3.100237e+00
7.653333e+01	-3.554841e-01	3.101143e+00
7.656667e+01	-3.540506e-01	3.108040e+00
7.660000e+01	-3.497911e-01	3.128535e+00
7.663333e+01	-3.427028e-01	3.162641e+00
7.666667e+01	-3.355884e-01	3.196872e+00
7.670000e+01	-3.318082e-01	3.215061e+00
7.673333e+01	-3.321132e-01	3.213593e+00
7.676667e+01	-3.344004e-01	3.202588e+00
7.680000e+01	-3.358581e-01	3.195575e+00
7.683333e+01	-3.344450e-01	3.202374e+00
7.686667e+01	-3.292701e-01	3.227273e+00
7.690000e+01	-3.214505e-01	3.264898e+00
7.693333e+01	-3.142859e-01	3.299371e+00
7.696667e+01	-3.106663e-01	3.316787e+00
77	-3.098350e-01	3.320787e+00
7.703333e+01	-3.078954e-01	3.330119e+00
7.706667e+01	-3.023396e-01	3.356852e+00
7.710000e+01	-2.951438e-01	3.391475e+00
7.713333e+01	-2.904335e-01	3.414139e+00
7.716667e+01	-2.900543e-01	3.415964e+00
7.720000e+01	-2.923370e-01	3.404980e+00
7.723333e+01	-2.944053e-01	3.395028e+00
7.726667e+01	-2.947674e-01	3.393286e+00
7.730000e+01	-2.936570e-01	3.398629e+00
7.733333e+01	-2.912828e-01	3.410052e+00
7.736667e+01	-2.868119e-01	3.431564e+00
7.740000e+01	-2.800988e-01	3.463865e+00
7.743333e+01	-2.734019e-01	3.496088e+00
7.746667e+01	-2.695135e-01	3.514797e+00
7.750000e+01	-2.682007e-01	3.521114e+00
7.753333e+01	-2.660366e-01	3.531527e+00
7.756667e+01	-2.603614e-01	3.558834e+00
7.760000e+01	-2.519094e-01	3.599501e+00
7.763333e+01	-2.430397e-01	3.642178e+00
7.766667e+01	-2.355489e-01	3.678221e+00
7.770000e+01	-2.306408e-01	3.701837e+00
7.773333e+01	-2.288821e-01	3.710299e+00
7.776667e+01	-2.295566e-01	3.707053e+00
7.780000e+01	-2.309867e-01	3.700172e+00
7.783333e+01	-2.317778e-01	3.696366e+00
7.786667e+01	-2.316236e-01	3.697108e+00
7.790000e+01	-2.310627e-01	3.699806e+00
7.793333e+01	-2.307112e-01	3.701498e+00
7.796667e+01	-2.307558e-01	3.701283e+00
78	-2.309924e-01	3.700145e+00
7.803333e+01	-2.311528e-01	3.699373e+00
7.806667e+01	-2.311425e-01	3.699422e+00
7.810000e+01	-2.310418e-01	3.699907e+00
7.813333e+01	-2.309684e-01	3.700260e+00
7.816667e+01	-2.309687e-01	3.700259e+00
7.820000e+01	-2.310113e-01	3.700054e+00
7.823333e+01	-2.310448e-01	3.699893e+00
7.826667e+01	-2.310466e-01	3.699884e+00
7.830000e+01	-2.310286e-01	3.699971e+00
7.833333e+01	-2.310134e-01	3.700044e+00
7.836667e+01	-2.310118e-01	3.700051e+00
7.840000e+01	-2.310193e-01	3.700015e+00
7.843333e+01	-2.310262e-01	3.699982e+00
7.846667e+01	-2.310272e-01	3.699977e+00
7.850000e+01	-2.310241e-01	3.699992e+00
7.853333e+01	-2.312416e-01	3.698946e+00
7.856667e+01	-2.327065e-01	3.691897e+00
7.860000e+01	-2.369739e-01	3.671364e+00
7.863333e+01	-2.440502e-01	3.637316e+00
7.866667e+01	-2.511506e-01	3.603152e+00
7.870000e+01	-2.549268e-01	3.584983e+00
7.873333e+01	-2.546265e-01	3.586427e+00
7.876667e+01	-2.523455e-01	3.597403e+00
7.880000e+01	-2.506694e-01	3.605467e+00
7.883333e+01	-2.506151e-01	3.605729e+00
7.886667e+01	-2.515211e-01	3.601370e+00
7.890000e+01	-2.522647e-01	3.597791e+00
7.893333e+01	-2.523300e-01	3.597477e+00
7.896667e+01	-2.519535e-01	3.599289e+00
79	-2.518400e-01	3.599835e+00
7.903333e+01	-2.532595e-01	3.593005e+00
7.906667e+01	-2.576823e-01	3.571724e+00
7.910000e+01	-2.649074e-01	3.536960e+00
7.913333e+01	-2.720354e-01	3.502663e+00
7.916667e+01	-2.757473e-01	3.484803e+00
7.920000e+01	-2.753805e-01	3.486568e+00
7.923333e+01	-2.730841e-01	3.497617e+00
7.926667e+01	-2.714343e-01	3.505555e+00
7.930000e+01	-2.714096e-01	3.505674e+00
7.933333e+01	-2.723238e-01	3.501276e+00
7.936667e+01	-2.730568e-01	3.497749e+00
7.940000e+01	-2.731089e-01	3.497498e+00
7.943333e+01	-2.727282e-01	3.499329e+00
7.946667e+01	-2.724122e-01	3.500850e+00
7.950000e+01	-2.724774e-01	3.500536e+00
7.953333e+01	-2.730082e-01	3.497982e+00
7.956667e+01	-2.739708e-01	3.493351e+00
7.960000e+01	-2.752541e-01	3.487176e+00
7.963333e+01	-2.766823e-01	3.480304e+00
7.966667e+01	-2.780911e-01	3.473526e+00
7.970000e+01	-2.794093e-01	3.467183e+00
7.973333e+01	-2.806643e-01	3.461145e+00
7.976667e+01	-2.819185e-01	3.455110e+00
7.980000e+01	-2.832074e-01	3.448908e+00
7.983333e+01	-2.845241e-01	3.442573e+00
7.986667e+01	-2.858426e-01	3.436229e+00
7.990000e+01	-2.871467e-01	3.429953e+00
7.993333e+01	-2.884385e-01	3.423738e+00
7.996667e+01	-2.897287e-01	3.417530e+00
80	-2.910112e-01	3.411359e+00
8.003333e+01	-2.922077e-01	3.405602e+00
8.006667e+01	-2.931385e-01	3.401124e+00
8.010000e+01	-2.936246e-01	3.398785e+00
8.013333e+01	-2.936644e-01	3.398593e+00
8.016667e+01	-2.934677e-01	3.399540e+00
8.020000e+01	-2.932907e-01	3.400391e+00
8.023333e+01	-2.932574e-01	3.400552e+00
8.026667e+01	-2.933291e-01	3.400206e+00
8.030000e+01	-2.934039e-01	3.399847e+00
8.033333e+01	-2.934215e-01	3.399762e+00
8.036667e+01	-2.933925e-01	3.399901e+00
8.040000e+01	-2.933596e-01	3.400060e+00
8.043333e+01	-2.933504e-01	3.400104e+00
8.046667e+01	-2.933622e-01	3.400047e+00
8.050000e+01	-2.933768e-01	3.399977e+00
8.053333e+01	-2.933815e-01	3.399955e+00
8.056667e+01	-2.933767e-01	3.399977e+00
8.060000e+01	-2.933703e-01	3.400008e+00
8.063333e+01	-2.933679e-01	3.400020e+00
8.066667e+01	-2.931493e-01	3.401072e+00
8.070000e+01	-2.916866e-01	3.408110e+00
8.073333e+01	-2.874216e-01	3.428631e+00
8.076667e+01	-2.803460e-01	3.462676e+00
8.080000e+01	-2.732446e-01	3.496845e+00
8.083333e+01	-2.694674e-01	3.515019e+00
8.086667e+01	-2.695468e-01	3.514637e+00
8.090000e+01	-2.703626e-01	3.510712e+00
8.093333e+01	-2.677731e-01	3.523172e+00
8.096667e+01	-2.605321e-01	3.558012e+00
81	-2.510604e-01	3.603586e+00
8.103333e+01	-2.422737e-01	3.645864e+00
8.106667e+01	-2.354330e-01	3.678778e+00
8.110000e+01	-2.309903e-01	3.700155e+00
8.113333e+01	-2.290036e-01	3.709714e+00
8.116667e+01	-2.279383e-01	3.714840e+00
8.120000e+01	-2.248904e-01	3.729505e+00
8.123333e+01	-2.185979e-01	3.759782e+00
8.126667e+01	-2.114591e-01	3.794131e+00
8.130000e+01	-2.072177e-01	3.814539e+00
8.133333e+01	-2.071749e-01	3.814745e+00
8.136667e+01	-2.094520e-01	3.803788e+00
8.140000e+01	-2.113216e-01	3.794793e+00
8.143333e+01	-2.115302e-01	3.793789e+00
8.146667e+01	-2.106342e-01	3.798100e+00
8.150000e+01	-2.098092e-01	3.802069e+00
8.153333e+01	-2.094536e-01	3.803781e+00
8.156667e+01	-2.083564e-01	3.809060e+00
8.160000e+01	-2.044584e-01	3.827816e+00
8.163333e+01	-1.974609e-01	3.861485e+00
8.166667e+01	-1.902093e-01	3.896376e+00
0	0	0
0	0	0
0	0	0
