0	2.235405e-08	5.200000e+00
3.333333e-02	2.256079e-08	5.200000e+00
6.666667e-02	1.994064e-08	5.200000e+00
1.000000e-01	1.775421e-08	5.200000e+00
1.333333e-01	1.754321e-08	5.200000e+00
1.666667e-01	2.040939e-04	5.201061e+00
2.000000e-01	1.560144e-03	5.208113e+00
2.333333e-01	5.303529e-03	5.227578e+00
2.666667e-01	1.049393e-02	5.254568e+00
3.000000e-01	1.332029e-02	5.269265e+00
3.333333e-01	1.162446e-02	5.260447e+00
3.666667e-01	8.724946e-03	5.245370e+00
4.000000e-01	9.666359e-03	5.250265e+00
4.333333e-01	1.496222e-02	5.277803e+00
4.666667e-01	2.051674e-02	5.306687e+00
5.000000e-01	2.262884e-02	5.317670e+00
5.333333e-01	2.125709e-02	5.310537e+00
5.666667e-01	1.891259e-02	5.298345e+00
6.000000e-01	1.770555e-02	5.292069e+00
6.333333e-01	1.775040e-02	5.292302e+00
6.666667e-01	1.781708e-02	5.292649e+00
7.000000e-01	1.689917e-02	5.287876e+00
7.333333e-01	1.503096e-02	5.278161e+00
7.666667e-01	1.292255e-02	5.267197e+00
8.000000e-01	1.116339e-02	5.258050e+00
8.333333e-01	9.821943e-03	5.251074e+00
8.666667e-01	8.611790e-03	5.244781e+00
9.000000e-01	7.265292e-03	5.237779e+00
9.333333e-01	5.735565e-03	5.229825e+00
9.666667e-01	4.155622e-03	5.221609e+00
1	2.733737e-03	5.214215e+00
1.033333e+00	1.884316e-03	5.209798e+00
1.066667e+00	2.634226e-03	5.213698e+00
1.100000e+00	6.260660e-03	5.232555e+00
1.133333e+00	1.251977e-02	5.265103e+00
1.166667e+00	1.876335e-02	5.297569e+00
1.200000e+00	2.201395e-02	5.314472e+00
1.233333e+00	2.167890e-02	5.312730e+00
1.266667e+00	1.965526e-02	5.302207e+00
1.300000e+00	1.820948e-02	5.294689e+00
1.333333e+00	1.819513e-02	5.294615e+00
1.366667e+00	1.900227e-02	5.298812e+00
1.400000e+00	1.964518e-02	5.302155e+00
1.433333e+00	1.968780e-02	5.302376e+00
1.466667e+00	1.935141e-02	5.300627e+00
1.500000e+00	1.906195e-02	5.299122e+00
1.533333e+00	1.902802e-02	5.298946e+00
1.566667e+00	1.916843e-02	5.299676e+00
1.600000e+00	1.929876e-02	5.300353e+00
1.633333e+00	1.932044e-02	5.300466e+00
1.666667e+00	1.926223e-02	5.300164e+00
1.700000e+00	1.920380e-02	5.299860e+00
1.733333e+00	1.919133e-02	5.299795e+00
1.766667e+00	1.921525e-02	5.299919e+00
1.800000e+00	1.924133e-02	5.300055e+00
1.833333e+00	1.924808e-02	5.300090e+00
1.866667e+00	1.923834e-02	5.300039e+00
1.900000e+00	1.922675e-02	5.299979e+00
1.933333e+00	1.922324e-02	5.299961e+00
1.966667e+00	1.922717e-02	5.299981e+00
2	1.923229e-02	5.300008e+00
2.033333e+00	1.923407e-02	5.300017e+00
2.066667e+00	1.923251e-02	5.300009e+00
2.100000e+00	1.923025e-02	5.299997e+00
2.133333e+00	1.922937e-02	5.299993e+00
2.166667e+00	1.922998e-02	5.299996e+00
2.200000e+00	1.923097e-02	5.300001e+00
2.233333e+00	1.923140e-02	5.300003e+00
2.266667e+00	1.923116e-02	5.300002e+00
2.300000e+00	1.923073e-02	5.300000e+00
2.333333e+00	1.923053e-02	5.299999e+00
2.366667e+00	1.923061e-02	5.299999e+00
2.400000e+00	1.923080e-02	5.300000e+00
2.433333e+00	1.923090e-02	5.300001e+00
2.466667e+00	1.923087e-02	5.300000e+00
2.500000e+00	1.923079e-02	5.300000e+00
2.533333e+00	1.923074e-02	5.300000e+00
2.566667e+00	1.923075e-02	5.300000e+00
2.600000e+00	1.923079e-02	5.300000e+00
2.633333e+00	1.923081e-02	5.300000e+00
2.666667e+00	1.923081e-02	5.300000e+00
2.700000e+00	1.923079e-02	5.300000e+00
2.733333e+00	1.923078e-02	5.300000e+00
2.766667e+00	1.923078e-02	5.300000e+00
2.800000e+00	1.923079e-02	5.300000e+00
2.833333e+00	1.923079e-02	5.300000e+00
2.866667e+00	1.923079e-02	5.300000e+00
2.900000e+00	1.943486e-02	5.301061e+00
2.933333e+00	2.079091e-02	5.308113e+00
2.966667e+00	2.473837e-02	5.328639e+00
3	3.128483e-02	5.362681e+00
3.033333e+00	3.785457e-02	5.396844e+00
3.066667e+00	4.134915e-02	5.415015e+00
3.100000e+00	4.107191e-02	5.413574e+00
3.133333e+00	3.896144e-02	5.402599e+00
3.166667e+00	3.741033e-02	5.394534e+00
3.200000e+00	3.735981e-02	5.394271e+00
3.233333e+00	3.819803e-02	5.398630e+00
3.266667e+00	3.888623e-02	5.402208e+00
3.300000e+00	3.894676e-02	5.402523e+00
3.333333e+00	3.859845e-02	5.400712e+00
3.366667e+00	3.828927e-02	5.399104e+00
3.400000e+00	3.824668e-02	5.398883e+00
3.433333e+00	3.839165e-02	5.399636e+00
3.466667e+00	3.853057e-02	5.400359e+00
3.500000e+00	3.855639e-02	5.400493e+00
3.533333e+00	3.849649e-02	5.400182e+00
3.566667e+00	3.843432e-02	5.399858e+00
3.600000e+00	4.005249e-02	5.408273e+00
3.633333e+00	5.133357e-02	5.466934e+00
3.666667e+00	8.565304e-02	5.645396e+00
3.700000e+00	1.459273e-01	5.958822e+00
3.733333e+00	2.115682e-01	6.300154e+00
3.766667e+00	2.526520e-01	6.513790e+00
3.800000e+00	2.574193e-01	6.538580e+00
3.833333e+00	2.387606e-01	6.441555e+00
3.866667e+00	2.137959e-01	6.311738e+00
3.900000e+00	1.850465e-01	6.162242e+00
3.933333e+00	1.470675e-01	5.964751e+00
3.966667e+00	1.043347e-01	5.742541e+00
4	7.211078e-02	5.574976e+00
4.033333e+00	6.104506e-02	5.517434e+00
4.066667e+00	6.732151e-02	5.550072e+00
4.100000e+00	7.805725e-02	5.605898e+00
4.133333e+00	8.309630e-02	5.632101e+00
4.166667e+00	8.106947e-02	5.621561e+00
4.200000e+00	7.677806e-02	5.599246e+00
4.233333e+00	7.539977e-02	5.592079e+00
4.266667e+00	7.885683e-02	5.610055e+00
4.300000e+00	8.526072e-02	5.643356e+00
4.333333e+00	9.064939e-02	5.671377e+00
4.366667e+00	9.197388e-02	5.678264e+00
4.400000e+00	8.910827e-02	5.663363e+00
4.433333e+00	8.427895e-02	5.638250e+00
4.466667e+00	7.987882e-02	5.615370e+00
4.500000e+00	7.683470e-02	5.599540e+00
4.533333e+00	7.461221e-02	5.587983e+00
4.566667e+00	7.227254e-02	5.575817e+00
4.600000e+00	6.937574e-02	5.560754e+00
4.633333e+00	6.614105e-02	5.543933e+00
4.666667e+00	6.311382e-02	5.528192e+00
4.700000e+00	6.075324e-02	5.515917e+00
4.733333e+00	5.916995e-02	5.507684e+00
4.766667e+00	5.819397e-02	5.502609e+00
4.800000e+00	5.765168e-02	5.499789e+00
4.833333e+00	5.787091e-02	5.500929e+00
4.866667e+00	6.064687e-02	5.515364e+00
4.900000e+00	6.869136e-02	5.557195e+00
4.933333e+00	8.167096e-02	5.624689e+00
4.966667e+00	9.344641e-02	5.685921e+00
5	9.643154e-02	5.701444e+00
5.033333e+00	8.929064e-02	5.664311e+00
5.066667e+00	7.870480e-02	5.609265e+00
5.100000e+00	7.348752e-02	5.582135e+00
5.133333e+00	7.762917e-02	5.603672e+00
5.166667e+00	8.796319e-02	5.657408e+00
5.200000e+00	9.745055e-02	5.706743e+00
5.233333e+00	1.011086e-01	5.725764e+00
5.266667e+00	9.929575e-02	5.716338e+00
5.300000e+00	9.588287e-02	5.698591e+00
5.333333e+00	9.418972e-02	5.689786e+00
5.366667e+00	9.477796e-02	5.692845e+00
5.400000e+00	9.620149e-02	5.700248e+00
5.433333e+00	9.698226e-02	5.704308e+00
5.466667e+00	9.677772e-02	5.703244e+00
5.500000e+00	9.616686e-02	5.700068e+00
5.533333e+00	9.580373e-02	5.698179e+00
5.566667e+00	9.587027e-02	5.698525e+00
5.600000e+00	9.613251e-02	5.699889e+00
5.633333e+00	9.630088e-02	5.700764e+00
5.666667e+00	9.628218e-02	5.700667e+00
5.700000e+00	9.617015e-02	5.700085e+00
5.733333e+00	9.609257e-02	5.699681e+00
5.766667e+00	9.609611e-02	5.699700e+00
5.800000e+00	9.614371e-02	5.699947e+00
5.833333e+00	9.617923e-02	5.700132e+00
5.866667e+00	9.617974e-02	5.700135e+00
5.900000e+00	9.615963e-02	5.700030e+00
5.933333e+00	9.614346e-02	5.699946e+00
5.966667e+00	9.578860e-02	5.698101e+00
6	9.344656e-02	5.685922e+00
6.033333e+00	8.661162e-02	5.650380e+00
6.066667e+00	7.529253e-02	5.591521e+00
6.100000e+00	6.410947e-02	5.533369e+00
6.133333e+00	5.878325e-02	5.505673e+00
6.166667e+00	6.087044e-02	5.516526e+00
6.200000e+00	6.701321e-02	5.548469e+00
6.233333e+00	7.265239e-02	5.577792e+00
6.266667e+00	7.565244e-02	5.593393e+00
6.300000e+00	7.682967e-02	5.599514e+00
6.333333e+00	7.806008e-02	5.605912e+00
6.366667e+00	8.037218e-02	5.617935e+00
6.400000e+00	8.350513e-02	5.634227e+00
6.433333e+00	8.666206e-02	5.650643e+00
6.466667e+00	8.933757e-02	5.664555e+00
6.500000e+00	9.148774e-02	5.675736e+00
6.533333e+00	9.323440e-02	5.684819e+00
6.566667e+00	9.484825e-02	5.693211e+00
6.600000e+00	9.704856e-02	5.704652e+00
6.633333e+00	1.002479e-01	5.721289e+00
6.666667e+00	1.030025e-01	5.735613e+00
6.700000e+00	1.028843e-01	5.734998e+00
6.733333e+00	9.961626e-02	5.718004e+00
6.766667e+00	9.576566e-02	5.697981e+00
6.800000e+00	9.397579e-02	5.688674e+00
6.833333e+00	9.461299e-02	5.691987e+00
6.866667e+00	9.614991e-02	5.699979e+00
6.900000e+00	9.702267e-02	5.704518e+00
6.933333e+00	9.683924e-02	5.703564e+00
6.966667e+00	9.639860e-02	5.701273e+00
7	9.735165e-02	5.706228e+00
7.033333e+00	1.013527e-01	5.727034e+00
7.066667e+00	1.081738e-01	5.762503e+00
7.100000e+00	1.149290e-01	5.797631e+00
7.133333e+00	1.184113e-01	5.815739e+00
7.166667e+00	1.180172e-01	5.813690e+00
7.200000e+00	1.158217e-01	5.802273e+00
7.233333e+00	1.142710e-01	5.794209e+00
7.266667e+00	1.142699e-01	5.794204e+00
7.300000e+00	1.151470e-01	5.798764e+00
7.333333e+00	1.158372e-01	5.802353e+00
7.366667e+00	1.158769e-01	5.802560e+00
7.400000e+00	1.155110e-01	5.800657e+00
7.433333e+00	1.152000e-01	5.799040e+00
7.466667e+00	1.151661e-01	5.798863e+00
7.500000e+00	1.153190e-01	5.799659e+00
7.533333e+00	1.154591e-01	5.800387e+00
7.566667e+00	1.154813e-01	5.800503e+00
7.600000e+00	1.154179e-01	5.800173e+00
7.633333e+00	1.153550e-01	5.799846e+00
7.666667e+00	1.153420e-01	5.799779e+00
7.700000e+00	1.153682e-01	5.799914e+00
7.733333e+00	1.153963e-01	5.800060e+00
7.766667e+00	1.154033e-01	5.800097e+00
7.800000e+00	1.153927e-01	5.800042e+00
7.833333e+00	1.153802e-01	5.799977e+00
7.866667e+00	1.153765e-01	5.799958e+00
7.900000e+00	1.153808e-01	5.799980e+00
7.933333e+00	1.153863e-01	5.800009e+00
7.966667e+00	1.153882e-01	5.800018e+00
8	1.153865e-01	5.800010e+00
8.033333e+00	1.153840e-01	5.799997e+00
8.066667e+00	1.153831e-01	5.799992e+00
8.100000e+00	1.153838e-01	5.799996e+00
8.133333e+00	1.153848e-01	5.800001e+00
8.166667e+00	1.153853e-01	5.800003e+00
8.200000e+00	1.153850e-01	5.800002e+00
8.233333e+00	1.153846e-01	5.800000e+00
8.266667e+00	1.159966e-01	5.803182e+00
8.300000e+00	1.200648e-01	5.824337e+00
8.333333e+00	1.319074e-01	5.885918e+00
8.366667e+00	1.513428e-01	5.986982e+00
8.400000e+00	1.696959e-01	6.082419e+00
8.433333e+00	1.760280e-01	6.115346e+00
8.466667e+00	1.670897e-01	6.068866e+00
8.500000e+00	1.488851e-01	5.974202e+00
8.533333e+00	1.302433e-01	5.877265e+00
8.566667e+00	1.172528e-01	5.809714e+00
8.600000e+00	1.118136e-01	5.781431e+00
8.633333e+00	1.122119e-01	5.783502e+00
8.666667e+00	1.148318e-01	5.797125e+00
8.700000e+00	1.166102e-01	5.806373e+00
8.733333e+00	1.165961e-01	5.806300e+00
8.766667e+00	1.156201e-01	5.801224e+00
8.800000e+00	1.146728e-01	5.796298e+00
8.833333e+00	1.132940e-01	5.789128e+00
8.866667e+00	1.097543e-01	5.770722e+00
8.900000e+00	1.033366e-01	5.737350e+00
8.933333e+00	9.482496e-02	5.693090e+00
8.966667e+00	8.314327e-02	5.632345e+00
9	6.488127e-02	5.537383e+00
9.033333e+00	4.079715e-02	5.412145e+00
9.066667e+00	1.947602e-02	5.301275e+00
9.100000e+00	1.030567e-02	5.253589e+00
9.133333e+00	1.443069e-02	5.275039e+00
9.166667e+00	2.469938e-02	5.328437e+00
9.200000e+00	3.299878e-02	5.371594e+00
9.233333e+00	3.629381e-02	5.388728e+00
9.266667e+00	3.670070e-02	5.390844e+00
9.300000e+00	3.766161e-02	5.395840e+00
9.333333e+00	4.070850e-02	5.411684e+00
9.366667e+00	4.507997e-02	5.434416e+00
9.400000e+00	4.929418e-02	5.456330e+00
9.433333e+00	5.262101e-02	5.473629e+00
9.466667e+00	5.533927e-02	5.487764e+00
9.500000e+00	5.809018e-02	5.502069e+00
9.533333e+00	6.121834e-02	5.518335e+00
9.566667e+00	6.462521e-02	5.536051e+00
9.600000e+00	6.803394e-02	5.553776e+00
9.633333e+00	7.128313e-02	5.570672e+00
9.666667e+00	7.440538e-02	5.586908e+00
9.700000e+00	7.751967e-02	5.603102e+00
9.733333e+00	8.070102e-02	5.619645e+00
9.766667e+00	8.393987e-02	5.636487e+00
9.800000e+00	8.715133e-02	5.653187e+00
9.833333e+00	9.014279e-02	5.668742e+00
9.866667e+00	9.264242e-02	5.681740e+00
9.900000e+00	9.447862e-02	5.691289e+00
9.933333e+00	9.546055e-02	5.696395e+00
9.966667e+00	9.492766e-02	5.693624e+00
10	9.228740e-02	5.679894e+00
1.003333e+01	8.820592e-02	5.658671e+00
1.006667e+01	8.426060e-02	5.638155e+00
1.010000e+01	8.206702e-02	5.626748e+00
1.013333e+01	8.325055e-02	5.632903e+00
1.016667e+01	8.820540e-02	5.658668e+00
1.020000e+01	9.452835e-02	5.691547e+00
1.023333e+01	9.862080e-02	5.712828e+00
1.026667e+01	9.897629e-02	5.714677e+00
1.030000e+01	9.705001e-02	5.704660e+00
1.033333e+01	9.527685e-02	5.695439e+00
1.036667e+01	9.483973e-02	5.693166e+00
1.040000e+01	9.516226e-02	5.694844e+00
1.043333e+01	9.500359e-02	5.694019e+00
1.046667e+01	9.374766e-02	5.687488e+00
1.050000e+01	9.174303e-02	5.677064e+00
1.053333e+01	8.972228e-02	5.666556e+00
1.056667e+01	8.811108e-02	5.658178e+00
1.060000e+01	8.683570e-02	5.651546e+00
1.063333e+01	8.559218e-02	5.645079e+00
1.066667e+01	8.418119e-02	5.637742e+00
1.070000e+01	8.261987e-02	5.629623e+00
1.073333e+01	8.103656e-02	5.621390e+00
1.076667e+01	7.953835e-02	5.613599e+00
1.080000e+01	7.821185e-02	5.606702e+00
1.083333e+01	7.720208e-02	5.601451e+00
1.086667e+01	7.666725e-02	5.598670e+00
1.090000e+01	7.660765e-02	5.598360e+00
1.093333e+01	7.680964e-02	5.599410e+00
1.096667e+01	7.700201e-02	5.600410e+00
11	7.704545e-02	5.600636e+00
1.103333e+01	7.697339e-02	5.600262e+00
1.106667e+01	7.689270e-02	5.599842e+00
1.110000e+01	7.687055e-02	5.599727e+00
1.113333e+01	7.689938e-02	5.599877e+00
1.116667e+01	7.693477e-02	5.600061e+00
1.120000e+01	7.694599e-02	5.600119e+00
1.123333e+01	7.693440e-02	5.600059e+00
1.126667e+01	7.691878e-02	5.599978e+00
1.130000e+01	7.691316e-02	5.599948e+00
1.133333e+01	7.691776e-02	5.599972e+00
1.136667e+01	7.692462e-02	5.600008e+00
1.140000e+01	7.692739e-02	5.600022e+00
1.143333e+01	7.692560e-02	5.600013e+00
1.146667e+01	7.692259e-02	5.599997e+00
1.150000e+01	7.692125e-02	5.599990e+00
1.153333e+01	7.692193e-02	5.599994e+00
1.156667e+01	7.692325e-02	5.600001e+00
1.160000e+01	7.692389e-02	5.600004e+00
1.163333e+01	7.692363e-02	5.600003e+00
1.166667e+01	7.692307e-02	5.600000e+00
1.170000e+01	7.692276e-02	5.599998e+00
1.173333e+01	7.692285e-02	5.599999e+00
1.176667e+01	7.692310e-02	5.600000e+00
1.180000e+01	7.692324e-02	5.600001e+00
1.183333e+01	7.692321e-02	5.600001e+00
1.186667e+01	7.692310e-02	5.600000e+00
1.190000e+01	7.692304e-02	5.600000e+00
1.193333e+01	7.692305e-02	5.600000e+00
1.196667e+01	7.692309e-02	5.600000e+00
12	7.671905e-02	5.598939e+00
1.203333e+01	7.536300e-02	5.591887e+00
1.206667e+01	7.141552e-02	5.571361e+00
1.210000e+01	6.486905e-02	5.537319e+00
1.213333e+01	5.829931e-02	5.503156e+00
1.216667e+01	5.480474e-02	5.484985e+00
1.220000e+01	5.508198e-02	5.486426e+00
1.223333e+01	5.719245e-02	5.497401e+00
1.226667e+01	5.874356e-02	5.505466e+00
1.230000e+01	5.879408e-02	5.505729e+00
1.233333e+01	5.795585e-02	5.501370e+00
1.236667e+01	5.726766e-02	5.497792e+00
1.240000e+01	5.720712e-02	5.497477e+00
1.243333e+01	5.755544e-02	5.499288e+00
1.246667e+01	5.786461e-02	5.500896e+00
1.250000e+01	5.790721e-02	5.501117e+00
1.253333e+01	5.776224e-02	5.500364e+00
1.256667e+01	5.762331e-02	5.499641e+00
1.260000e+01	5.739342e-02	5.498446e+00
1.263333e+01	5.630134e-02	5.492767e+00
1.266667e+01	5.377210e-02	5.479615e+00
1.270000e+01	5.118754e-02	5.466175e+00
1.273333e+01	5.113973e-02	5.465926e+00
1.276667e+01	5.418720e-02	5.481773e+00
1.280000e+01	5.795133e-02	5.501347e+00
1.283333e+01	5.979451e-02	5.510931e+00
1.286667e+01	5.924744e-02	5.508087e+00
1.290000e+01	5.775079e-02	5.500304e+00
1.293333e+01	5.685806e-02	5.495662e+00
1.296667e+01	5.700266e-02	5.496414e+00
13	5.762835e-02	5.499667e+00
1.303333e+01	5.803877e-02	5.501802e+00
1.306667e+01	5.800202e-02	5.501610e+00
1.310000e+01	5.773641e-02	5.500229e+00
1.313333e+01	5.754823e-02	5.499251e+00
1.316667e+01	5.755323e-02	5.499277e+00
1.320000e+01	5.766587e-02	5.499862e+00
1.323333e+01	5.775182e-02	5.500309e+00
1.326667e+01	5.775455e-02	5.500324e+00
1.330000e+01	5.770704e-02	5.500076e+00
1.333333e+01	5.766798e-02	5.499873e+00
1.336667e+01	5.766463e-02	5.499856e+00
1.340000e+01	5.768454e-02	5.499959e+00
1.343333e+01	5.770219e-02	5.500051e+00
1.346667e+01	5.790868e-02	5.501125e+00
1.350000e+01	5.925644e-02	5.508133e+00
1.353333e+01	6.319596e-02	5.528619e+00
1.356667e+01	6.953687e-02	5.561592e+00
1.360000e+01	7.475399e-02	5.588721e+00
1.363333e+01	7.410058e-02	5.585323e+00
1.366667e+01	6.612574e-02	5.543854e+00
1.370000e+01	5.485272e-02	5.485234e+00
1.373333e+01	4.720645e-02	5.445473e+00
1.376667e+01	4.720537e-02	5.445468e+00
1.380000e+01	5.188944e-02	5.469825e+00
1.383333e+01	5.405811e-02	5.481102e+00
1.386667e+01	4.975982e-02	5.458751e+00
1.390000e+01	4.196324e-02	5.418209e+00
1.393333e+01	3.659576e-02	5.390298e+00
1.396667e+01	3.657348e-02	5.390182e+00
14	4.023325e-02	5.409213e+00
1.403333e+01	4.413052e-02	5.429479e+00
1.406667e+01	4.624046e-02	5.440450e+00
1.410000e+01	4.683440e-02	5.443539e+00
1.413333e+01	4.726069e-02	5.445755e+00
1.416667e+01	4.842367e-02	5.451803e+00
1.420000e+01	5.026167e-02	5.461361e+00
1.423333e+01	5.219036e-02	5.471390e+00
1.426667e+01	5.372466e-02	5.479368e+00
1.430000e+01	5.474147e-02	5.484656e+00
1.433333e+01	5.520384e-02	5.487060e+00
1.436667e+01	5.442339e-02	5.483002e+00
1.440000e+01	5.111895e-02	5.465818e+00
1.443333e+01	4.523400e-02	5.435217e+00
1.446667e+01	3.914834e-02	5.403571e+00
1.450000e+01	3.581952e-02	5.386261e+00
1.453333e+01	3.600160e-02	5.387208e+00
1.456667e+01	3.794760e-02	5.397327e+00
1.460000e+01	3.962337e-02	5.406041e+00
1.463333e+01	4.105874e-02	5.413505e+00
1.466667e+01	4.423538e-02	5.430024e+00
1.470000e+01	5.013011e-02	5.460676e+00
1.473333e+01	5.662933e-02	5.494472e+00
1.476667e+01	6.044339e-02	5.514306e+00
1.480000e+01	6.045839e-02	5.514384e+00
1.483333e+01	5.839382e-02	5.503648e+00
1.486667e+01	5.671012e-02	5.494893e+00
1.490000e+01	5.632446e-02	5.492887e+00
1.493333e+01	5.577985e-02	5.490055e+00
1.496667e+01	5.257519e-02	5.473391e+00
15	4.614782e-02	5.439969e+00
1.503333e+01	3.924440e-02	5.404071e+00
1.506667e+01	3.541837e-02	5.384175e+00
1.510000e+01	3.562697e-02	5.385260e+00
1.513333e+01	3.787475e-02	5.396949e+00
1.516667e+01	3.957378e-02	5.405784e+00
1.520000e+01	3.966165e-02	5.406240e+00
1.523333e+01	3.876742e-02	5.401590e+00
1.526667e+01	3.801347e-02	5.397670e+00
1.530000e+01	3.793342e-02	5.397254e+00
1.533333e+01	3.830433e-02	5.399182e+00
1.536667e+01	3.864261e-02	5.400941e+00
1.540000e+01	3.869510e-02	5.401214e+00
1.543333e+01	3.874521e-02	5.401475e+00
1.546667e+01	3.994951e-02	5.407737e+00
1.550000e+01	4.386623e-02	5.428104e+00
1.553333e+01	5.047612e-02	5.462476e+00
1.556667e+01	5.711365e-02	5.496991e+00
1.560000e+01	6.062506e-02	5.515250e+00
1.563333e+01	6.011786e-02	5.512613e+00
1.566667e+01	5.662120e-02	5.494430e+00
1.570000e+01	5.111380e-02	5.465792e+00
1.573333e+01	4.452727e-02	5.431542e+00
1.576667e+01	3.880911e-02	5.401807e+00
1.580000e+01	3.600722e-02	5.387237e+00
1.583333e+01	3.613674e-02	5.387911e+00
1.586667e+01	3.653696e-02	5.389992e+00
1.590000e+01	3.382920e-02	5.375912e+00
1.593333e+01	2.729232e-02	5.341920e+00
1.596667e+01	2.003190e-02	5.304166e+00
16	1.578507e-02	5.282082e+00
1.603333e+01	1.446683e-02	5.275227e+00
1.606667e+01	1.156108e-02	5.260117e+00
1.610000e+01	2.864757e-03	5.214897e+00
1.613333e+01	-1.058067e-02	5.144980e+00
1.616667e+01	-2.431525e-02	5.073561e+00
1.620000e+01	-3.622669e-02	5.011621e+00
1.623333e+01	-4.701067e-02	4.955544e+00
1.626667e+01	-5.609052e-02	4.908329e+00
1.630000e+01	-6.111909e-02	4.882181e+00
1.633333e+01	-6.129920e-02	4.881244e+00
1.636667e+01	-5.877011e-02	4.894395e+00
1.640000e+01	-5.657776e-02	4.905796e+00
1.643333e+01	-5.622046e-02	4.907654e+00
1.646667e+01	-5.717119e-02	4.902710e+00
1.650000e+01	-5.791969e-02	4.898817e+00
1.653333e+01	-5.676968e-02	4.904798e+00
1.656667e+01	-5.243738e-02	4.927326e+00
1.660000e+01	-4.526530e-02	4.964620e+00
1.663333e+01	-3.722942e-02	5.006407e+00
1.666667e+01	-2.993121e-02	5.044358e+00
1.670000e+01	-2.375153e-02	5.076492e+00
1.673333e+01	-1.900508e-02	5.101173e+00
1.676667e+01	-1.624518e-02	5.115525e+00
1.680000e+01	-1.532624e-02	5.120303e+00
1.683333e+01	-1.518728e-02	5.121026e+00
1.686667e+01	-1.471019e-02	5.123507e+00
1.690000e+01	-1.350342e-02	5.129782e+00
1.693333e+01	-1.189154e-02	5.138164e+00
1.696667e+01	-1.036965e-02	5.146078e+00
17	-9.150299e-03	5.152418e+00
1.703333e+01	-8.118248e-03	5.157785e+00
1.706667e+01	-7.060007e-03	5.163288e+00
1.710000e+01	-5.873269e-03	5.169459e+00
1.713333e+01	-4.613125e-03	5.176012e+00
1.716667e+01	-3.431228e-03	5.182158e+00
1.720000e+01	-2.465978e-03	5.187177e+00
1.723333e+01	-1.715438e-03	5.191080e+00
1.726667e+01	-1.050684e-03	5.194536e+00
1.730000e+01	-4.172843e-04	5.197830e+00
1.733333e+01	6.072904e-05	5.200316e+00
1.736667e+01	2.435496e-04	5.201266e+00
1.740000e+01	1.632449e-04	5.200849e+00
1.743333e+01	-1.699532e-06	5.199991e+00
1.746667e+01	-9.110366e-05	5.199526e+00
1.750000e+01	-7.010494e-05	5.199635e+00
1.753333e+01	-3.027755e-06	5.199984e+00
1.756667e+01	3.776775e-05	5.200196e+00
1.760000e+01	3.140931e-05	5.200163e+00
1.763333e+01	2.947958e-06	5.200015e+00
1.766667e+01	-1.579477e-05	5.199918e+00
1.770000e+01	-1.413719e-05	5.199926e+00
1.773333e+01	-2.007368e-06	5.199989e+00
1.776667e+01	-1.702651e-04	5.199115e+00
1.780000e+01	-1.345727e-03	5.193002e+00
1.783333e+01	-4.772004e-03	5.175185e+00
1.786667e+01	-1.043593e-02	5.145733e+00
1.790000e+01	-1.602582e-02	5.116666e+00
1.793333e+01	-1.868511e-02	5.102837e+00
1.796667e+01	-1.763945e-02	5.108275e+00
18	-1.456864e-02	5.124243e+00
1.803333e+01	-1.175070e-02	5.138896e+00
1.806667e+01	-1.025164e-02	5.146691e+00
1.810000e+01	-9.662837e-03	5.149753e+00
1.813333e+01	-9.046925e-03	5.152956e+00
1.816667e+01	-7.890425e-03	5.158970e+00
1.820000e+01	-6.324004e-03	5.167115e+00
1.823333e+01	-4.759449e-03	5.175251e+00
1.826667e+01	-3.498701e-03	5.181807e+00
1.830000e+01	-2.609970e-03	5.186428e+00
1.833333e+01	-1.986575e-03	5.189670e+00
1.836667e+01	-1.659981e-03	5.191368e+00
1.840000e+01	-2.256043e-03	5.188268e+00
1.843333e+01	-4.293621e-03	5.177673e+00
1.846667e+01	-6.487641e-03	5.166264e+00
1.850000e+01	-6.571587e-03	5.165828e+00
1.853333e+01	-4.926718e-03	5.174381e+00
1.856667e+01	-5.238278e-03	5.172761e+00
1.860000e+01	-1.001986e-02	5.147897e+00
1.863333e+01	-1.712744e-02	5.110937e+00
1.866667e+01	-2.206719e-02	5.085251e+00
1.870000e+01	-2.264747e-02	5.082233e+00
1.873333e+01	-2.039419e-02	5.093950e+00
1.876667e+01	-1.823905e-02	5.105157e+00
1.880000e+01	-1.799820e-02	5.106409e+00
1.883333e+01	-2.022934e-02	5.094807e+00
1.886667e+01	-2.512146e-02	5.069368e+00
1.890000e+01	-3.190933e-02	5.034071e+00
1.893333e+01	-3.812530e-02	5.001748e+00
1.896667e+01	-4.120191e-02	4.985750e+00
19	-4.079944e-02	4.987843e+00
1.903333e+01	-3.883159e-02	4.998076e+00
1.906667e+01	-3.746531e-02	5.005180e+00
1.910000e+01	-3.747817e-02	5.005113e+00
1.913333e+01	-3.825961e-02	5.001050e+00
1.916667e+01	-3.886639e-02	4.997895e+00
1.920000e+01	-3.889550e-02	4.997743e+00
1.923333e+01	-3.856945e-02	4.999439e+00
1.926667e+01	-3.829598e-02	5.000861e+00
1.930000e+01	-3.826870e-02	5.001003e+00
1.933333e+01	-3.840511e-02	5.000293e+00
1.936667e+01	-3.832437e-02	5.000713e+00
1.940000e+01	-3.698678e-02	5.007669e+00
1.943333e+01	-3.298262e-02	5.028490e+00
1.946667e+01	-2.638078e-02	5.062820e+00
1.950000e+01	-1.980010e-02	5.097039e+00
1.953333e+01	-1.632890e-02	5.115090e+00
1.956667e+01	-1.663089e-02	5.113519e+00
1.960000e+01	-1.874738e-02	5.102514e+00
1.963333e+01	-2.028895e-02	5.094497e+00
1.966667e+01	-2.032846e-02	5.094292e+00
1.970000e+01	-1.948706e-02	5.098667e+00
1.973333e+01	-1.880272e-02	5.102226e+00
1.976667e+01	-1.874707e-02	5.102515e+00
1.980000e+01	-1.909700e-02	5.100696e+00
1.983333e+01	-1.920056e-02	5.100157e+00
1.986667e+01	-1.788495e-02	5.106998e+00
1.990000e+01	-1.379172e-02	5.128283e+00
1.993333e+01	-7.106945e-03	5.163044e+00
1.996667e+01	-5.123294e-04	5.197336e+00
20	2.921955e-03	5.215194e+00
2.003333e+01	2.378711e-03	5.212369e+00
2.006667e+01	-8.977513e-04	5.195332e+00
2.010000e+01	-5.015553e-03	5.173919e+00
2.013333e+01	-7.637469e-03	5.160285e+00
2.016667e+01	-6.815036e-03	5.164562e+00
2.020000e+01	-3.061714e-03	5.184079e+00
2.023333e+01	7.583839e-04	5.203943e+00
2.026667e+01	2.239441e-03	5.211645e+00
2.030000e+01	1.374940e-03	5.207150e+00
2.033333e+01	-1.628336e-04	5.199153e+00
2.036667e+01	-9.046735e-04	5.195296e+00
2.040000e+01	-6.173161e-04	5.196790e+00
2.043333e+01	3.378533e-05	5.200176e+00
2.046667e+01	3.817797e-04	5.201985e+00
2.050000e+01	2.810968e-04	5.201462e+00
2.053333e+01	1.120897e-06	5.200006e+00
2.056667e+01	-1.614469e-04	5.199160e+00
2.060000e+01	-1.279471e-04	5.199335e+00
2.063333e+01	-7.624550e-06	5.199960e+00
2.066667e+01	6.792522e-05	5.200353e+00
2.070000e+01	5.800321e-05	5.200302e+00
2.073333e+01	6.526497e-06	5.200034e+00
2.076667e+01	-2.834901e-05	5.199852e+00
2.080000e+01	-2.611979e-05	5.199864e+00
2.083333e+01	-4.211267e-06	5.199978e+00
2.086667e+01	1.178399e-05	5.200061e+00
2.090000e+01	1.174437e-05	5.200061e+00
2.093333e+01	2.471617e-06	5.200013e+00
2.096667e+01	1.992547e-04	5.201036e+00
21	1.554909e-03	5.208085e+00
2.103333e+01	5.506270e-03	5.228633e+00
2.106667e+01	1.205603e-02	5.262691e+00
2.110000e+01	1.862613e-02	5.296856e+00
2.113333e+01	2.211907e-02	5.315019e+00
2.116667e+01	2.184035e-02	5.313570e+00
2.120000e+01	1.972965e-02	5.302594e+00
2.123333e+01	1.817921e-02	5.294532e+00
2.126667e+01	1.812935e-02	5.294273e+00
2.130000e+01	1.896772e-02	5.298632e+00
2.133333e+01	1.965563e-02	5.302209e+00
2.136667e+01	1.971587e-02	5.302522e+00
2.140000e+01	1.936748e-02	5.300711e+00
2.143333e+01	1.885434e-02	5.298042e+00
2.146667e+01	1.745583e-02	5.290770e+00
2.150000e+01	1.365338e-02	5.270997e+00
2.153333e+01	7.245802e-03	5.237678e+00
2.156667e+01	7.018242e-04	5.203649e+00
2.160000e+01	-2.852670e-03	5.185166e+00
2.163333e+01	-2.637587e-03	5.186284e+00
2.166667e+01	-5.415294e-04	5.197184e+00
2.170000e+01	1.034125e-03	5.205377e+00
2.173333e+01	1.112335e-03	5.205784e+00
2.176667e+01	2.817720e-04	5.201465e+00
2.180000e+01	-4.163757e-04	5.197835e+00
2.183333e+01	-4.891884e-04	5.197456e+00
2.186667e+01	-1.448114e-04	5.199247e+00
2.190000e+01	3.724297e-04	5.201937e+00
2.193333e+01	1.572419e-03	5.208176e+00
2.196667e+01	4.049986e-03	5.221060e+00
22	6.731356e-03	5.235003e+00
2.203333e+01	7.484081e-03	5.238917e+00
2.206667e+01	5.966978e-03	5.231028e+00
2.210000e+01	4.160844e-03	5.221636e+00
2.213333e+01	4.003724e-03	5.220819e+00
2.216667e+01	5.785433e-03	5.230084e+00
2.220000e+01	8.639003e-03	5.244923e+00
2.223333e+01	1.165708e-02	5.260617e+00
2.226667e+01	1.444774e-02	5.275128e+00
2.230000e+01	1.706513e-02	5.288739e+00
2.233333e+01	1.969714e-02	5.302425e+00
2.236667e+01	2.243644e-02	5.316669e+00
2.240000e+01	2.524632e-02	5.331281e+00
2.243333e+01	2.804750e-02	5.345847e+00
2.246667e+01	3.077150e-02	5.360012e+00
2.250000e+01	3.326910e-02	5.372999e+00
2.253333e+01	3.503004e-02	5.382156e+00
2.256667e+01	3.488902e-02	5.381423e+00
2.260000e+01	3.160332e-02	5.364337e+00
2.263333e+01	2.559061e-02	5.333071e+00
2.266667e+01	1.958880e-02	5.301862e+00
2.270000e+01	1.651746e-02	5.285891e+00
2.273333e+01	1.690033e-02	5.287882e+00
2.276667e+01	1.886544e-02	5.298100e+00
2.280000e+01	2.023448e-02	5.305219e+00
2.283333e+01	2.021931e-02	5.305140e+00
2.286667e+01	1.943217e-02	5.301047e+00
2.290000e+01	1.882198e-02	5.297874e+00
2.293333e+01	1.879373e-02	5.297727e+00
2.296667e+01	1.912265e-02	5.299438e+00
23	1.939795e-02	5.300869e+00
2.303333e+01	1.942503e-02	5.301010e+00
2.306667e+01	1.928739e-02	5.300294e+00
2.310000e+01	1.916320e-02	5.299649e+00
2.313333e+01	1.914477e-02	5.299553e+00
2.316667e+01	1.920198e-02	5.299850e+00
2.320000e+01	1.925777e-02	5.300140e+00
2.323333e+01	1.926871e-02	5.300197e+00
2.326667e+01	1.924512e-02	5.300075e+00
2.330000e+01	1.922018e-02	5.299945e+00
2.333333e+01	1.921414e-02	5.299913e+00
2.336667e+01	1.922378e-02	5.299964e+00
2.340000e+01	1.923488e-02	5.300021e+00
2.343333e+01	1.923806e-02	5.300038e+00
2.346667e+01	1.923416e-02	5.300018e+00
2.350000e+01	1.922925e-02	5.299992e+00
2.353333e+01	1.922762e-02	5.299984e+00
2.356667e+01	1.943326e-02	5.301053e+00
2.360000e+01	2.058740e-02	5.307054e+00
2.363333e+01	2.338369e-02	5.321595e+00
2.366667e+01	2.733813e-02	5.342158e+00
2.370000e+01	3.110384e-02	5.361740e+00
2.373333e+01	3.321869e-02	5.372737e+00
2.376667e+01	3.206940e-02	5.366761e+00
2.380000e+01	2.718470e-02	5.341360e+00
2.383333e+01	2.089727e-02	5.308666e+00
2.386667e+01	1.679273e-02	5.287322e+00
2.390000e+01	1.640742e-02	5.285318e+00
2.393333e+01	1.831724e-02	5.295250e+00
2.396667e+01	2.007895e-02	5.304410e+00
24	2.040890e-02	5.306126e+00
2.403333e+01	1.967039e-02	5.302286e+00
2.406667e+01	1.890045e-02	5.298282e+00
2.410000e+01	1.871827e-02	5.297335e+00
2.413333e+01	1.901792e-02	5.298893e+00
2.416667e+01	1.915489e-02	5.299605e+00
2.420000e+01	1.789466e-02	5.293052e+00
2.423333e+01	1.382579e-02	5.271894e+00
2.426667e+01	7.128243e-03	5.237067e+00
2.430000e+01	5.094748e-04	5.202649e+00
2.433333e+01	-2.936482e-03	5.184730e+00
2.436667e+01	-2.592568e-03	5.186519e+00
2.440000e+01	-4.575904e-04	5.197620e+00
2.443333e+01	1.074333e-03	5.205586e+00
2.446667e+01	1.095557e-03	5.205697e+00
2.450000e+01	4.123015e-05	5.200214e+00
2.453333e+01	-1.995574e-03	5.189623e+00
2.456667e+01	-6.022147e-03	5.168685e+00
2.460000e+01	-1.245450e-02	5.135237e+00
2.463333e+01	-1.956520e-02	5.098261e+00
2.466667e+01	-2.487723e-02	5.070638e+00
2.470000e+01	-2.761294e-02	5.056413e+00
2.473333e+01	-2.904318e-02	5.048975e+00
2.476667e+01	-3.087564e-02	5.039447e+00
2.480000e+01	-3.379940e-02	5.024243e+00
2.483333e+01	-3.737267e-02	5.005662e+00
2.486667e+01	-4.083655e-02	4.987650e+00
2.490000e+01	-4.384027e-02	4.972030e+00
2.493333e+01	-4.651205e-02	4.958137e+00
2.496667e+01	-4.903470e-02	4.945019e+00
25	-5.135421e-02	4.932958e+00
2.503333e+01	-5.338047e-02	4.922421e+00
2.506667e+01	-5.519042e-02	4.913010e+00
2.510000e+01	-5.678323e-02	4.904727e+00
2.513333e+01	-5.788613e-02	4.898992e+00
2.516667e+01	-5.825851e-02	4.897056e+00
2.520000e+01	-5.783813e-02	4.899242e+00
2.523333e+01	-5.610622e-02	4.908248e+00
2.526667e+01	-5.197324e-02	4.929739e+00
2.530000e+01	-4.548831e-02	4.963461e+00
2.533333e+01	-3.907148e-02	4.996828e+00
2.536667e+01	-3.566201e-02	5.014557e+00
2.540000e+01	-3.612264e-02	5.012162e+00
2.543333e+01	-3.952398e-02	4.994475e+00
2.546667e+01	-4.477910e-02	4.967149e+00
2.550000e+01	-5.002662e-02	4.939862e+00
2.553333e+01	-5.183861e-02	4.930439e+00
2.556667e+01	-4.811675e-02	4.949793e+00
2.560000e+01	-4.120747e-02	4.985721e+00
2.563333e+01	-3.593882e-02	5.013118e+00
2.566667e+01	-3.496574e-02	5.018178e+00
2.570000e+01	-3.727262e-02	5.006182e+00
2.573333e+01	-4.067403e-02	4.988495e+00
2.576667e+01	-4.407314e-02	4.970820e+00
2.580000e+01	-4.722478e-02	4.954431e+00
2.583333e+01	-5.021678e-02	4.938873e+00
2.586667e+01	-5.317471e-02	4.923491e+00
2.590000e+01	-5.493660e-02	4.914330e+00
2.593333e+01	-5.306739e-02	4.924049e+00
2.596667e+01	-4.685366e-02	4.956361e+00
26	-3.918015e-02	4.996263e+00
2.603333e+01	-3.403036e-02	5.023042e+00
2.606667e+01	-3.278939e-02	5.029495e+00
2.610000e+01	-3.368520e-02	5.024837e+00
2.613333e+01	-3.414246e-02	5.022459e+00
2.616667e+01	-3.301414e-02	5.028326e+00
2.620000e+01	-3.086342e-02	5.039510e+00
2.623333e+01	-2.880888e-02	5.050194e+00
2.626667e+01	-2.741759e-02	5.057428e+00
2.630000e+01	-2.649436e-02	5.062229e+00
2.633333e+01	-2.555802e-02	5.067098e+00
2.636667e+01	-2.434134e-02	5.073425e+00
2.640000e+01	-2.291117e-02	5.080862e+00
2.643333e+01	-2.148815e-02	5.088262e+00
2.646667e+01	-2.027375e-02	5.094576e+00
2.650000e+01	-1.941951e-02	5.099018e+00
2.653333e+01	-1.900989e-02	5.101148e+00
2.656667e+01	-1.898869e-02	5.101259e+00
2.660000e+01	-1.915663e-02	5.100385e+00
2.663333e+01	-1.930014e-02	5.099639e+00
2.666667e+01	-1.932359e-02	5.099517e+00
2.670000e+01	-1.926334e-02	5.099831e+00
2.673333e+01	-1.920336e-02	5.100142e+00
2.676667e+01	-1.919073e-02	5.100208e+00
2.680000e+01	-1.921516e-02	5.100081e+00
2.683333e+01	-1.924159e-02	5.099944e+00
2.686667e+01	-1.924829e-02	5.099909e+00
2.690000e+01	-1.923831e-02	5.099961e+00
2.693333e+01	-1.922658e-02	5.100022e+00
2.696667e+01	-1.922309e-02	5.100040e+00
27	-1.922712e-02	5.100019e+00
2.703333e+01	-1.923231e-02	5.099992e+00
2.706667e+01	-1.923408e-02	5.099983e+00
2.710000e+01	-1.923248e-02	5.099991e+00
2.713333e+01	-1.923019e-02	5.100003e+00
2.716667e+01	-1.922931e-02	5.100007e+00
2.720000e+01	-1.922994e-02	5.100004e+00
2.723333e+01	-1.923094e-02	5.099999e+00
2.726667e+01	-1.923137e-02	5.099997e+00
2.730000e+01	-1.923113e-02	5.099998e+00
2.733333e+01	-1.923069e-02	5.100000e+00
2.736667e+01	-1.923048e-02	5.100001e+00
2.740000e+01	-1.923058e-02	5.100001e+00
2.743333e+01	-1.923077e-02	5.100000e+00
2.746667e+01	-1.923086e-02	5.099999e+00
2.750000e+01	-1.923083e-02	5.100000e+00
2.753333e+01	-1.923075e-02	5.100000e+00
2.756667e+01	-1.923070e-02	5.100000e+00
2.760000e+01	-1.923071e-02	5.100000e+00
2.763333e+01	-1.923075e-02	5.100000e+00
2.766667e+01	-1.923077e-02	5.100000e+00
2.770000e+01	-1.923077e-02	5.100000e+00
2.773333e+01	-1.923075e-02	5.100000e+00
2.776667e+01	-1.923074e-02	5.100000e+00
2.780000e+01	-1.923074e-02	5.100000e+00
2.783333e+01	-1.923075e-02	5.100000e+00
2.786667e+01	-1.923075e-02	5.100000e+00
2.790000e+01	-1.923075e-02	5.100000e+00
2.793333e+01	-1.923075e-02	5.100000e+00
2.796667e+01	-1.923075e-02	5.100000e+00
28	-1.923075e-02	5.100000e+00
2.803333e+01	-1.923075e-02	5.100000e+00
2.806667e+01	-1.923075e-02	5.100000e+00
2.810000e+01	-1.923075e-02	5.100000e+00
2.813333e+01	-1.923075e-02	5.100000e+00
2.816667e+01	-1.923075e-02	5.100000e+00
2.820000e+01	-1.923075e-02	5.100000e+00
2.823333e+01	-1.923075e-02	5.100000e+00
2.826667e+01	-1.923075e-02	5.100000e+00
2.830000e+01	-1.923075e-02	5.100000e+00
2.833333e+01	-1.902668e-02	5.101061e+00
2.836667e+01	-1.767063e-02	5.108113e+00
2.840000e+01	-1.372317e-02	5.128639e+00
2.843333e+01	-7.176710e-03	5.162681e+00
2.846667e+01	-6.069708e-04	5.196844e+00
2.850000e+01	2.887606e-03	5.215015e+00
2.853333e+01	2.610372e-03	5.213574e+00
2.856667e+01	4.999053e-04	5.202599e+00
2.860000e+01	-1.051208e-03	5.194534e+00
2.863333e+01	-1.101732e-03	5.194271e+00
2.866667e+01	-2.635076e-04	5.198630e+00
2.870000e+01	4.246882e-04	5.202208e+00
2.873333e+01	4.852236e-04	5.202523e+00
2.876667e+01	1.369111e-04	5.200712e+00
2.880000e+01	-1.722660e-04	5.199104e+00
2.883333e+01	-2.148605e-04	5.198883e+00
2.886667e+01	-6.989247e-05	5.199636e+00
2.890000e+01	6.903195e-05	5.200359e+00
2.893333e+01	9.485228e-05	5.200493e+00
2.896667e+01	3.495417e-05	5.200182e+00
29	-2.721441e-05	5.199858e+00
2.903333e+01	-4.164961e-05	5.199783e+00
2.906667e+01	-3.072300e-05	5.199840e+00
2.910000e+01	-1.070386e-04	5.199443e+00
2.913333e+01	-4.665381e-04	5.197574e+00
2.916667e+01	-1.280088e-03	5.193343e+00
2.920000e+01	-2.533953e-03	5.186823e+00
2.923333e+01	-4.012451e-03	5.179135e+00
2.926667e+01	-5.464539e-03	5.171584e+00
2.930000e+01	-6.774495e-03	5.164773e+00
2.933333e+01	-7.984491e-03	5.158481e+00
2.936667e+01	-9.194667e-03	5.152188e+00
2.940000e+01	-1.046153e-02	5.145600e+00
2.943333e+01	-1.177287e-02	5.138781e+00
2.946667e+01	-1.308665e-02	5.131949e+00
2.950000e+01	-1.436318e-02	5.125311e+00
2.953333e+01	-1.552927e-02	5.119248e+00
2.956667e+01	-1.625319e-02	5.115483e+00
2.960000e+01	-1.555219e-02	5.119129e+00
2.963333e+01	-1.217635e-02	5.136683e+00
2.966667e+01	-6.316485e-03	5.167154e+00
2.970000e+01	-4.508189e-04	5.197656e+00
2.973333e+01	2.613061e-03	5.213588e+00
2.976667e+01	2.305458e-03	5.211988e+00
2.980000e+01	4.039942e-04	5.202101e+00
2.983333e+01	-9.586258e-04	5.195015e+00
2.986667e+01	-9.753071e-04	5.194928e+00
2.990000e+01	-2.170147e-04	5.198871e+00
2.993333e+01	5.929127e-04	5.203083e+00
2.996667e+01	1.990467e-03	5.210350e+00
30	5.621978e-03	5.229234e+00
3.003333e+01	1.189571e-02	5.261858e+00
3.006667e+01	1.843291e-02	5.295851e+00
3.010000e+01	2.205933e-02	5.314708e+00
3.013333e+01	2.170079e-02	5.312844e+00
3.016667e+01	1.825493e-02	5.294926e+00
3.020000e+01	1.270173e-02	5.266049e+00
3.023333e+01	6.049711e-03	5.231458e+00
3.026667e+01	3.063458e-04	5.201593e+00
3.030000e+01	-2.477585e-03	5.187116e+00
3.033333e+01	-2.115259e-03	5.189001e+00
3.036667e+01	-3.467033e-04	5.198197e+00
3.040000e+01	8.860947e-04	5.204608e+00
3.043333e+01	8.831168e-04	5.204592e+00
3.046667e+01	1.865357e-04	5.200970e+00
3.050000e+01	-5.631322e-04	5.197072e+00
3.053333e+01	-1.949073e-03	5.189865e+00
3.056667e+01	-5.606439e-03	5.170846e+00
3.060000e+01	-1.190735e-02	5.138082e+00
3.063333e+01	-1.845105e-02	5.104054e+00
3.066667e+01	-2.206690e-02	5.085252e+00
3.070000e+01	-2.190032e-02	5.086118e+00
3.073333e+01	-1.980707e-02	5.097003e+00
3.076667e+01	-1.820560e-02	5.105331e+00
3.080000e+01	-1.810541e-02	5.105852e+00
3.083333e+01	-1.893355e-02	5.101545e+00
3.086667e+01	-1.964248e-02	5.097859e+00
3.090000e+01	-1.972521e-02	5.097429e+00
3.093333e+01	-1.938242e-02	5.099211e+00
3.096667e+01	-1.906478e-02	5.100863e+00
31	-1.901231e-02	5.101136e+00
3.103333e+01	-1.915439e-02	5.100397e+00
3.106667e+01	-1.950080e-02	5.098596e+00
3.110000e+01	-2.088704e-02	5.091387e+00
3.113333e+01	-2.477608e-02	5.071164e+00
3.116667e+01	-3.125900e-02	5.037453e+00
3.120000e+01	-3.781238e-02	5.003376e+00
3.123333e+01	-4.112668e-02	4.986141e+00
3.126667e+01	-3.952162e-02	4.994487e+00
3.130000e+01	-3.347222e-02	5.025944e+00
3.133333e+01	-2.536506e-02	5.068102e+00
3.136667e+01	-1.873231e-02	5.102592e+00
3.140000e+01	-1.607165e-02	5.116427e+00
3.143333e+01	-1.704089e-02	5.111387e+00
3.146667e+01	-1.921739e-02	5.100069e+00
3.150000e+01	-2.042233e-02	5.093804e+00
3.153333e+01	-2.016218e-02	5.095157e+00
3.156667e+01	-1.927895e-02	5.099749e+00
3.160000e+01	-1.873468e-02	5.102580e+00
3.163333e+01	-1.881364e-02	5.102169e+00
3.166667e+01	-1.918883e-02	5.100218e+00
3.170000e+01	-1.943861e-02	5.098919e+00
3.173333e+01	-1.941882e-02	5.099022e+00
3.176667e+01	-1.925896e-02	5.099853e+00
3.180000e+01	-1.914433e-02	5.100449e+00
3.183333e+01	-1.914628e-02	5.100439e+00
3.186667e+01	-1.921405e-02	5.100087e+00
3.190000e+01	-1.926638e-02	5.099815e+00
3.193333e+01	-1.926851e-02	5.099804e+00
3.196667e+01	-1.903588e-02	5.101013e+00
32	-1.765607e-02	5.108188e+00
3.203333e+01	-1.370637e-02	5.128727e+00
3.206667e+01	-7.171868e-03	5.162706e+00
3.210000e+01	-8.169321e-04	5.195752e+00
3.213333e+01	1.320040e-03	5.206864e+00
3.216667e+01	-2.899682e-03	5.184922e+00
3.220000e+01	-1.155178e-02	5.139931e+00
3.223333e+01	-1.967171e-02	5.097707e+00
3.226667e+01	-2.321886e-02	5.079262e+00
3.230000e+01	-2.210556e-02	5.085051e+00
3.233333e+01	-1.930741e-02	5.099601e+00
3.236667e+01	-1.769492e-02	5.107986e+00
3.240000e+01	-1.778767e-02	5.107504e+00
3.243333e+01	-1.757875e-02	5.108590e+00
3.246667e+01	-1.436242e-02	5.125315e+00
3.250000e+01	-7.731961e-03	5.159794e+00
3.253333e+01	-6.751240e-04	5.196489e+00
3.256667e+01	3.154586e-03	5.216404e+00
3.260000e+01	2.860236e-03	5.214873e+00
3.263333e+01	5.427022e-04	5.202822e+00
3.266667e+01	-1.161824e-03	5.193958e+00
3.270000e+01	-1.213719e-03	5.193689e+00
3.273333e+01	-2.879383e-04	5.198503e+00
3.276667e+01	4.701197e-04	5.202445e+00
3.280000e+01	5.351792e-04	5.202783e+00
3.283333e+01	1.500715e-04	5.200780e+00
3.286667e+01	-1.907468e-04	5.199008e+00
3.290000e+01	-2.370433e-04	5.198767e+00
3.293333e+01	-7.671458e-05	5.199601e+00
3.296667e+01	2.805418e-04	5.201459e+00
33	1.664783e-03	5.208657e+00
3.303333e+01	5.545979e-03	5.228839e+00
3.306667e+01	1.202387e-02	5.262524e+00
3.310000e+01	1.857781e-02	5.296605e+00
3.313333e+01	2.209954e-02	5.314917e+00
3.316667e+01	2.185285e-02	5.313635e+00
3.320000e+01	1.954672e-02	5.301643e+00
3.323333e+01	1.662854e-02	5.286468e+00
3.326667e+01	1.261701e-02	5.265608e+00
3.330000e+01	6.904457e-03	5.235903e+00
3.333333e+01	1.027329e-03	5.205342e+00
3.336667e+01	-2.400730e-03	5.187516e+00
3.340000e+01	-2.469641e-03	5.187158e+00
3.343333e+01	-6.700973e-04	5.196515e+00
3.346667e+01	8.357915e-04	5.204346e+00
3.350000e+01	1.030218e-03	5.205357e+00
3.353333e+01	3.315964e-04	5.201724e+00
3.356667e+01	-3.296280e-04	5.198286e+00
3.360000e+01	-4.495453e-04	5.197662e+00
3.363333e+01	-1.636594e-04	5.199149e+00
3.366667e+01	1.305808e-04	5.200679e+00
3.370000e+01	1.974602e-04	5.201027e+00
3.373333e+01	8.028015e-05	5.200417e+00
3.376667e+01	-5.075386e-05	5.199736e+00
3.380000e+01	-8.640452e-05	5.199551e+00
3.383333e+01	-3.882020e-05	5.199798e+00
3.386667e+01	1.931387e-05	5.200100e+00
3.390000e+01	3.768078e-05	5.200196e+00
3.393333e+01	1.858181e-05	5.200097e+00
3.396667e+01	-7.096816e-06	5.199963e+00
34	-1.631946e-05	5.199915e+00
3.403333e+01	-8.758796e-06	5.199954e+00
3.406667e+01	2.534201e-06	5.200013e+00
3.410000e+01	7.074767e-06	5.200037e+00
3.413333e+01	4.132046e-06	5.200021e+00
3.416667e+01	-8.127910e-07	5.199996e+00
3.420000e+01	-3.013486e-06	5.199984e+00
3.423333e+01	-1.892626e-06	5.199990e+00
3.426667e+01	2.630840e-07	5.200001e+00
3.430000e+01	1.316092e-06	5.200007e+00
3.433333e+01	9.012990e-07	5.200005e+00
3.436667e+01	-3.431388e-08	5.200000e+00
3.440000e+01	-5.327496e-07	5.199997e+00
3.443333e+01	-3.853931e-07	5.199998e+00
3.446667e+01	1.883215e-08	5.200000e+00
3.450000e+01	2.525809e-07	5.200001e+00
3.453333e+01	2.034342e-07	5.200001e+00
3.456667e+01	2.961163e-08	5.200000e+00
3.460000e+01	-7.911870e-08	5.199999e+00
3.463333e+01	-1.224516e-03	5.193632e+00
3.466667e+01	-9.360737e-03	5.151324e+00
3.470000e+01	-3.304545e-02	5.028164e+00
3.473333e+01	-7.232418e-02	4.823914e+00
3.476667e+01	-1.103141e-01	4.626366e+00
3.480000e+01	-1.217893e-01	4.566696e+00
3.483333e+01	-9.249364e-02	4.719033e+00
3.486667e+01	-3.400564e-02	5.023171e+00
3.490000e+01	2.128923e-02	5.310704e+00
3.493333e+01	4.605441e-02	5.439483e+00
3.496667e+01	3.908442e-02	5.403239e+00
35	2.018197e-02	5.304946e+00
3.503333e+01	8.960970e-03	5.246597e+00
3.506667e+01	1.069718e-02	5.255625e+00
3.510000e+01	1.841981e-02	5.295783e+00
3.513333e+01	2.349275e-02	5.322162e+00
3.516667e+01	2.304669e-02	5.319843e+00
3.520000e+01	1.977496e-02	5.302830e+00
3.523333e+01	1.745579e-02	5.290770e+00
3.526667e+01	1.751702e-02	5.291088e+00
3.530000e+01	1.890481e-02	5.298305e+00
3.533333e+01	1.975982e-02	5.302751e+00
3.536667e+01	1.843732e-02	5.295874e+00
3.540000e+01	1.410849e-02	5.273364e+00
3.543333e+01	8.436868e-03	5.243872e+00
3.546667e+01	5.773224e-03	5.230021e+00
3.550000e+01	9.070505e-03	5.247167e+00
3.553333e+01	1.593090e-02	5.282841e+00
3.556667e+01	2.020968e-02	5.305090e+00
3.560000e+01	1.743394e-02	5.290656e+00
3.563333e+01	8.729740e-03	5.245395e+00
3.566667e+01	-2.474682e-04	5.198713e+00
3.570000e+01	-4.438561e-03	5.176919e+00
3.573333e+01	-3.339869e-03	5.182633e+00
3.576667e+01	-1.963542e-04	5.198979e+00
3.580000e+01	1.603178e-03	5.208336e+00
3.583333e+01	9.613146e-04	5.204999e+00
3.586667e+01	-1.140052e-03	5.194072e+00
3.590000e+01	-3.244343e-03	5.183129e+00
3.593333e+01	-4.651641e-03	5.175811e+00
3.596667e+01	-5.557810e-03	5.171099e+00
36	-6.478830e-03	5.166310e+00
3.603333e+01	-7.697486e-03	5.159973e+00
3.606667e+01	-9.139143e-03	5.152476e+00
3.610000e+01	-1.058357e-02	5.144965e+00
3.613333e+01	-1.190121e-02	5.138114e+00
3.616667e+01	-1.311739e-02	5.131789e+00
3.620000e+01	-1.432688e-02	5.125500e+00
3.623333e+01	-1.557615e-02	5.119004e+00
3.626667e+01	-1.678099e-02	5.112739e+00
3.630000e+01	-1.753763e-02	5.108804e+00
3.633333e+01	-1.676037e-02	5.112846e+00
3.636667e+01	-1.310577e-02	5.131850e+00
3.640000e+01	-6.788987e-03	5.164697e+00
3.643333e+01	-4.781943e-04	5.197513e+00
3.646667e+01	2.812458e-03	5.214625e+00
3.650000e+01	2.477354e-03	5.212882e+00
3.653333e+01	4.316605e-04	5.202245e+00
3.656667e+01	-1.031943e-03	5.194634e+00
3.660000e+01	-1.252115e-03	5.193489e+00
3.663333e+01	-1.792272e-03	5.190680e+00
3.666667e+01	-5.088929e-03	5.173537e+00
3.670000e+01	-1.159157e-02	5.139724e+00
3.673333e+01	-1.850130e-02	5.103793e+00
3.676667e+01	-2.228887e-02	5.084098e+00
3.680000e+01	-2.204627e-02	5.085359e+00
3.683333e+01	-1.979390e-02	5.097072e+00
3.686667e+01	-1.811088e-02	5.105823e+00
3.690000e+01	-1.803830e-02	5.106201e+00
3.693333e+01	-1.893533e-02	5.101536e+00
3.696667e+01	-1.947859e-02	5.098711e+00
37	-1.819575e-02	5.105382e+00
3.703333e+01	-1.387581e-02	5.127846e+00
3.706667e+01	-6.993785e-03	5.163632e+00
3.710000e+01	-3.745976e-04	5.198052e+00
3.713333e+01	2.965170e-03	5.215419e+00
3.716667e+01	2.537289e-03	5.213194e+00
3.720000e+01	3.974399e-04	5.202067e+00
3.723333e+01	-1.089812e-03	5.194333e+00
3.726667e+01	-1.072983e-03	5.194420e+00
3.730000e+01	-2.185238e-04	5.198864e+00
3.733333e+01	4.435653e-04	5.202306e+00
3.736667e+01	4.741252e-04	5.202465e+00
3.740000e+01	1.172492e-04	5.200610e+00
3.743333e+01	-1.813647e-04	5.199057e+00
3.746667e+01	-2.106784e-04	5.198904e+00
3.750000e+01	-6.133636e-05	5.199681e+00
3.753333e+01	7.336542e-05	5.200381e+00
3.756667e+01	9.332746e-05	5.200485e+00
3.760000e+01	3.124755e-05	5.200162e+00
3.763333e+01	1.748177e-04	5.200909e+00
3.766667e+01	1.519005e-03	5.207899e+00
3.770000e+01	5.492065e-03	5.228559e+00
3.773333e+01	1.206557e-02	5.262741e+00
3.776667e+01	1.864186e-02	5.296938e+00
3.780000e+01	2.212597e-02	5.315055e+00
3.783333e+01	2.183670e-02	5.313551e+00
3.786667e+01	1.972278e-02	5.302558e+00
3.790000e+01	1.817590e-02	5.294515e+00
3.793333e+01	1.813071e-02	5.294280e+00
3.796667e+01	1.897070e-02	5.298648e+00
38	1.965720e-02	5.302217e+00
3.803333e+01	1.971538e-02	5.302520e+00
3.806667e+01	1.936619e-02	5.300704e+00
3.810000e+01	1.905768e-02	5.299100e+00
3.813333e+01	1.922020e-02	5.299945e+00
3.816667e+01	2.051757e-02	5.306691e+00
3.820000e+01	2.324765e-02	5.320888e+00
3.823333e+01	2.607609e-02	5.335596e+00
3.826667e+01	2.739531e-02	5.342456e+00
3.830000e+01	2.820554e-02	5.346669e+00
3.833333e+01	3.096594e-02	5.361023e+00
3.836667e+01	3.593116e-02	5.386842e+00
3.840000e+01	4.136879e-02	5.415118e+00
3.843333e+01	4.654720e-02	5.442045e+00
3.846667e+01	5.165786e-02	5.468621e+00
3.850000e+01	5.515815e-02	5.486822e+00
3.853333e+01	5.402317e-02	5.480920e+00
3.856667e+01	4.763287e-02	5.447691e+00
3.860000e+01	3.968541e-02	5.406364e+00
3.863333e+01	3.496880e-02	5.381838e+00
3.866667e+01	3.521004e-02	5.383092e+00
3.870000e+01	3.901637e-02	5.402885e+00
3.873333e+01	4.452015e-02	5.431505e+00
3.876667e+01	5.035106e-02	5.461825e+00
3.880000e+01	5.489199e-02	5.485438e+00
3.883333e+01	5.663010e-02	5.494476e+00
3.886667e+01	5.546193e-02	5.488402e+00
3.890000e+01	5.282509e-02	5.474690e+00
3.893333e+01	5.041966e-02	5.462182e+00
3.896667e+01	4.899521e-02	5.454775e+00
39	4.822699e-02	5.450780e+00
3.903333e+01	4.742648e-02	5.446618e+00
3.906667e+01	4.622803e-02	5.440386e+00
3.910000e+01	4.473518e-02	5.432623e+00
3.913333e+01	4.323929e-02	5.424844e+00
3.916667e+01	4.191053e-02	5.417935e+00
3.920000e+01	4.072877e-02	5.411789e+00
3.923333e+01	3.964605e-02	5.406159e+00
3.926667e+01	3.875626e-02	5.401532e+00
3.930000e+01	3.824253e-02	5.398861e+00
3.933333e+01	3.815973e-02	5.398430e+00
3.936667e+01	3.833923e-02	5.399364e+00
3.940000e+01	3.852745e-02	5.400343e+00
3.943333e+01	3.837542e-02	5.399552e+00
3.946667e+01	3.695585e-02	5.392170e+00
3.950000e+01	3.292930e-02	5.371232e+00
3.953333e+01	2.635704e-02	5.337056e+00
3.956667e+01	1.981237e-02	5.303024e+00
3.960000e+01	1.635234e-02	5.285032e+00
3.963333e+01	1.664231e-02	5.286540e+00
3.966667e+01	1.874287e-02	5.297463e+00
3.970000e+01	2.027881e-02	5.305450e+00
3.973333e+01	2.032310e-02	5.305680e+00
3.976667e+01	1.948872e-02	5.301341e+00
3.980000e+01	1.880716e-02	5.297797e+00
3.983333e+01	1.874964e-02	5.297498e+00
3.986667e+01	1.909649e-02	5.299302e+00
3.990000e+01	1.940278e-02	5.300894e+00
3.993333e+01	1.944394e-02	5.301108e+00
3.996667e+01	1.929950e-02	5.300357e+00
40	1.916183e-02	5.299641e+00
4.003333e+01	1.913669e-02	5.299511e+00
4.006667e+01	1.919640e-02	5.299821e+00
4.010000e+01	1.946210e-02	5.301203e+00
4.013333e+01	2.083227e-02	5.308328e+00
4.016667e+01	2.475526e-02	5.328727e+00
4.020000e+01	3.127426e-02	5.362626e+00
4.023333e+01	3.783647e-02	5.396750e+00
4.026667e+01	4.134098e-02	5.414973e+00
4.030000e+01	4.107592e-02	5.413595e+00
4.033333e+01	3.896933e-02	5.402640e+00
4.036667e+01	3.741423e-02	5.394554e+00
4.040000e+01	3.735833e-02	5.394263e+00
4.043333e+01	3.819461e-02	5.398612e+00
4.046667e+01	3.888438e-02	5.402199e+00
4.050000e+01	3.894728e-02	5.402526e+00
4.053333e+01	3.859993e-02	5.400720e+00
4.056667e+01	3.829014e-02	5.399109e+00
4.060000e+01	3.824651e-02	5.398882e+00
4.063333e+01	3.839101e-02	5.399633e+00
4.066667e+01	3.853017e-02	5.400357e+00
4.070000e+01	3.855644e-02	5.400493e+00
4.073333e+01	3.849676e-02	5.400183e+00
4.076667e+01	3.843451e-02	5.399859e+00
4.080000e+01	3.841988e-02	5.399783e+00
4.083333e+01	3.844431e-02	5.399910e+00
4.086667e+01	3.847203e-02	5.400054e+00
4.090000e+01	3.847979e-02	5.400095e+00
4.093333e+01	3.846989e-02	5.400043e+00
4.096667e+01	3.845760e-02	5.399979e+00
41	3.845362e-02	5.399959e+00
4.103333e+01	3.845758e-02	5.399979e+00
4.106667e+01	3.846301e-02	5.400008e+00
4.110000e+01	3.846500e-02	5.400018e+00
4.113333e+01	3.846343e-02	5.400010e+00
4.116667e+01	3.846105e-02	5.399997e+00
4.120000e+01	3.846007e-02	5.399992e+00
4.123333e+01	3.846068e-02	5.399995e+00
4.126667e+01	3.846172e-02	5.400001e+00
4.130000e+01	3.846220e-02	5.400003e+00
4.133333e+01	3.846197e-02	5.400002e+00
4.136667e+01	3.846151e-02	5.400000e+00
4.140000e+01	3.846129e-02	5.399999e+00
4.143333e+01	3.846137e-02	5.399999e+00
4.146667e+01	3.866564e-02	5.401061e+00
4.150000e+01	4.002180e-02	5.408113e+00
4.153333e+01	4.376515e-02	5.427579e+00
4.156667e+01	4.895547e-02	5.454568e+00
4.160000e+01	5.178178e-02	5.469265e+00
4.163333e+01	5.008596e-02	5.460447e+00
4.166667e+01	4.718648e-02	5.445370e+00
4.170000e+01	4.812792e-02	5.450265e+00
4.173333e+01	5.342378e-02	5.477804e+00
4.176667e+01	5.897828e-02	5.506687e+00
4.180000e+01	6.109037e-02	5.517670e+00
4.183333e+01	5.951455e-02	5.509476e+00
4.186667e+01	5.582971e-02	5.490314e+00
4.190000e+01	5.079522e-02	5.464135e+00
4.193333e+01	4.471728e-02	5.432530e+00
4.196667e+01	3.914145e-02	5.403535e+00
42	3.613434e-02	5.387898e+00
4.203333e+01	3.603676e-02	5.387391e+00
4.206667e+01	3.698456e-02	5.392320e+00
4.210000e+01	3.668705e-02	5.390773e+00
4.213333e+01	3.431138e-02	5.378419e+00
4.216667e+01	3.070843e-02	5.359684e+00
4.220000e+01	2.722061e-02	5.341547e+00
4.223333e+01	2.451155e-02	5.327460e+00
4.226667e+01	2.235689e-02	5.316256e+00
4.230000e+01	2.019679e-02	5.305023e+00
4.233333e+01	1.771500e-02	5.292118e+00
4.236667e+01	1.498301e-02	5.277912e+00
4.240000e+01	1.223923e-02	5.263644e+00
4.243333e+01	9.657675e-03	5.250220e+00
4.246667e+01	7.370166e-03	5.238325e+00
4.250000e+01	5.769945e-03	5.230004e+00
4.253333e+01	5.830870e-03	5.230320e+00
4.256667e+01	8.617036e-03	5.244808e+00
4.260000e+01	1.356334e-02	5.270529e+00
4.263333e+01	1.736125e-02	5.290278e+00
4.266667e+01	1.605419e-02	5.283482e+00
4.270000e+01	9.179852e-03	5.247735e+00
4.273333e+01	1.125525e-03	5.205853e+00
4.276667e+01	-2.189965e-03	5.188612e+00
4.280000e+01	2.047458e-03	5.210647e+00
4.283333e+01	1.138088e-02	5.259180e+00
4.286667e+01	1.982226e-02	5.303076e+00
4.290000e+01	2.203573e-02	5.314586e+00
4.293333e+01	1.669012e-02	5.286789e+00
4.296667e+01	7.108321e-03	5.236963e+00
43	-1.096402e-03	5.194299e+00
4.303333e+01	-4.174898e-03	5.178290e+00
4.306667e+01	-2.643498e-03	5.186254e+00
4.310000e+01	2.136262e-04	5.201111e+00
4.313333e+01	1.631138e-03	5.208482e+00
4.316667e+01	1.146470e-03	5.205962e+00
4.320000e+01	-3.617278e-05	5.199812e+00
4.323333e+01	-6.731855e-04	5.196499e+00
4.326667e+01	-4.011383e-04	5.197914e+00
4.330000e+01	4.729038e-04	5.202459e+00
4.333333e+01	1.578687e-03	5.208209e+00
4.336667e+01	2.765736e-03	5.214382e+00
4.340000e+01	4.022746e-03	5.220918e+00
4.343333e+01	5.338759e-03	5.227761e+00
4.346667e+01	6.669354e-03	5.234681e+00
4.350000e+01	7.974252e-03	5.241466e+00
4.353333e+01	9.247369e-03	5.248086e+00
4.356667e+01	1.050905e-02	5.254647e+00
4.360000e+01	1.177994e-02	5.261256e+00
4.363333e+01	1.306480e-02	5.267937e+00
4.366667e+01	1.435550e-02	5.274648e+00
4.370000e+01	1.562914e-02	5.281271e+00
4.373333e+01	1.681990e-02	5.287463e+00
4.376667e+01	1.782148e-02	5.292672e+00
4.380000e+01	1.856069e-02	5.296515e+00
4.383333e+01	1.903783e-02	5.298997e+00
4.386667e+01	1.928488e-02	5.300281e+00
4.390000e+01	1.934494e-02	5.300594e+00
4.393333e+01	1.929309e-02	5.300324e+00
4.396667e+01	1.922180e-02	5.299953e+00
44	1.898727e-02	5.298734e+00
4.403333e+01	1.784948e-02	5.292817e+00
4.406667e+01	1.508185e-02	5.278426e+00
4.410000e+01	1.114056e-02	5.257931e+00
4.413333e+01	7.368824e-03	5.238318e+00
4.416667e+01	5.241726e-03	5.227257e+00
4.420000e+01	6.180792e-03	5.232140e+00
4.423333e+01	9.915737e-03	5.251562e+00
4.426667e+01	1.341298e-02	5.269747e+00
4.430000e+01	1.356538e-02	5.270540e+00
4.433333e+01	1.018324e-02	5.252953e+00
4.436667e+01	6.155887e-03	5.232011e+00
4.440000e+01	5.338278e-03	5.227759e+00
4.443333e+01	8.537644e-03	5.244396e+00
4.446667e+01	1.161730e-02	5.260410e+00
4.450000e+01	9.945862e-03	5.251718e+00
4.453333e+01	3.943365e-03	5.220505e+00
4.456667e+01	-1.761200e-03	5.190842e+00
4.460000e+01	-3.586977e-03	5.181348e+00
4.463333e+01	-1.902184e-03	5.190109e+00
4.466667e+01	5.090701e-04	5.202647e+00
4.470000e+01	1.480743e-03	5.207700e+00
4.473333e+01	8.736983e-04	5.204543e+00
4.476667e+01	-1.628671e-04	5.199153e+00
4.480000e+01	-5.971718e-04	5.196895e+00
4.483333e+01	-1.431665e-04	5.199255e+00
4.486667e+01	9.645605e-04	5.205016e+00
4.490000e+01	2.244635e-03	5.211672e+00
4.493333e+01	3.029668e-03	5.215754e+00
4.496667e+01	2.759185e-03	5.214348e+00
45	1.516572e-03	5.207886e+00
4.503333e+01	9.944512e-05	5.200517e+00
4.506667e+01	-6.573171e-04	5.196582e+00
4.510000e+01	-5.702077e-04	5.197035e+00
4.513333e+01	-8.848838e-05	5.199540e+00
4.516667e+01	2.485567e-04	5.201292e+00
4.520000e+01	2.441515e-04	5.201269e+00
4.523333e+01	4.921759e-05	5.200256e+00
4.526667e+01	-1.015453e-04	5.199472e+00
4.530000e+01	-1.081633e-04	5.199437e+00
4.533333e+01	-2.654693e-05	5.199862e+00
4.536667e+01	4.155858e-05	5.200216e+00
4.540000e+01	4.811666e-05	5.200250e+00
4.543333e+01	1.395122e-05	5.200072e+00
4.546667e+01	-1.678200e-05	5.199913e+00
4.550000e+01	-2.128418e-05	5.199889e+00
4.553333e+01	-7.078937e-06	5.199963e+00
4.556667e+01	6.728191e-06	5.200035e+00
4.560000e+01	9.412847e-06	5.200049e+00
4.563333e+01	3.553366e-06	5.200018e+00
4.566667e+01	-2.620182e-06	5.199986e+00
4.570000e+01	-4.104975e-06	5.199979e+00
4.573333e+01	-1.709438e-06	5.199991e+00
4.576667e+01	1.038221e-06	5.200005e+00
4.580000e+01	2.058970e-04	5.201071e+00
4.583333e+01	1.560977e-03	5.208117e+00
4.586667e+01	5.507219e-03	5.228637e+00
4.590000e+01	1.205327e-02	5.262677e+00
4.593333e+01	1.862340e-02	5.296842e+00
4.596667e+01	2.211852e-02	5.315016e+00
46	2.184148e-02	5.313576e+00
4.603333e+01	1.973086e-02	5.302600e+00
4.606667e+01	1.817951e-02	5.294533e+00
4.610000e+01	1.792482e-02	5.293209e+00
4.613333e+01	1.740705e-02	5.290517e+00
4.616667e+01	1.414789e-02	5.273569e+00
4.620000e+01	7.662016e-03	5.239842e+00
4.623333e+01	7.439415e-04	5.203868e+00
4.626667e+01	-3.059857e-03	5.184089e+00
4.630000e+01	-2.825240e-03	5.185309e+00
4.633333e+01	-5.697974e-04	5.197037e+00
4.636667e+01	1.120260e-03	5.205825e+00
4.640000e+01	1.196615e-03	5.206222e+00
4.643333e+01	2.984894e-04	5.201552e+00
4.646667e+01	-4.518834e-04	5.197650e+00
4.650000e+01	-5.268589e-04	5.197260e+00
4.653333e+01	-1.540139e-04	5.199199e+00
4.656667e+01	1.828596e-04	5.200951e+00
4.660000e+01	2.331292e-04	5.201212e+00
4.663333e+01	7.821381e-05	5.200407e+00
4.666667e+01	-7.299224e-05	5.199620e+00
4.670000e+01	-1.027541e-04	5.199466e+00
4.673333e+01	-3.886958e-05	5.199798e+00
4.676667e+01	2.872114e-05	5.200149e+00
4.680000e+01	4.513055e-05	5.200235e+00
4.683333e+01	1.902361e-05	5.200099e+00
4.686667e+01	-1.105249e-05	5.199942e+00
4.690000e+01	-1.969528e-05	5.199897e+00
4.693333e+01	-9.136471e-06	5.199952e+00
4.696667e+01	4.186688e-06	5.200022e+00
47	8.596591e-06	5.200045e+00
4.703333e+01	4.377838e-06	5.200023e+00
4.706667e+01	-1.498146e-06	5.199992e+00
4.710000e+01	-3.696160e-06	5.199981e+00
4.713333e+01	-2.035202e-06	5.199989e+00
4.716667e+01	5.450330e-07	5.200003e+00
4.720000e+01	1.620892e-06	5.200008e+00
4.723333e+01	9.788500e-07	5.200005e+00
4.726667e+01	-1.492376e-07	5.199999e+00
4.730000e+01	-6.682171e-07	5.199996e+00
4.733333e+01	-4.258622e-07	5.199998e+00
4.736667e+01	6.517509e-08	5.200000e+00
4.740000e+01	3.125216e-07	5.200002e+00
4.743333e+01	2.239450e-07	5.200001e+00
4.746667e+01	1.116068e-08	5.200000e+00
4.750000e+01	-1.055248e-07	5.199999e+00
4.753333e+01	-7.463662e-08	5.200000e+00
4.756667e+01	2.040924e-04	5.201061e+00
4.760000e+01	1.560196e-03	5.208113e+00
4.763333e+01	5.507646e-03	5.228640e+00
4.766667e+01	1.205406e-02	5.262681e+00
4.770000e+01	1.862378e-02	5.296844e+00
4.773333e+01	2.191428e-02	5.313954e+00
4.776667e+01	2.028101e-02	5.305461e+00
4.780000e+01	1.401902e-02	5.272899e+00
4.783333e+01	4.565406e-03	5.223740e+00
4.786667e+01	-6.002325e-03	5.168788e+00
4.790000e+01	-1.520514e-02	5.120933e+00
4.793333e+01	-2.080945e-02	5.091791e+00
4.796667e+01	-2.213302e-02	5.084908e+00
48	-2.065298e-02	5.092604e+00
4.803333e+01	-1.880117e-02	5.102234e+00
4.806667e+01	-1.813088e-02	5.105719e+00
4.810000e+01	-1.862358e-02	5.103157e+00
4.813333e+01	-1.938342e-02	5.099206e+00
4.816667e+01	-1.969748e-02	5.097573e+00
4.820000e+01	-1.950873e-02	5.098554e+00
4.823333e+01	-1.918000e-02	5.100264e+00
4.826667e+01	-1.903022e-02	5.101043e+00
4.830000e+01	-1.910202e-02	5.100669e+00
4.833333e+01	-1.924512e-02	5.099925e+00
4.836667e+01	-1.931647e-02	5.099554e+00
4.840000e+01	-1.929007e-02	5.099692e+00
4.843333e+01	-1.922802e-02	5.100014e+00
4.846667e+01	-1.919432e-02	5.100189e+00
4.850000e+01	-1.920359e-02	5.100141e+00
4.853333e+01	-1.902630e-02	5.101063e+00
4.856667e+01	-1.768602e-02	5.108033e+00
4.860000e+01	-1.373553e-02	5.128575e+00
4.863333e+01	-7.177569e-03	5.162677e+00
4.866667e+01	-6.005050e-04	5.196877e+00
4.870000e+01	2.893202e-03	5.215045e+00
4.873333e+01	2.611051e-03	5.213577e+00
4.876667e+01	4.972078e-04	5.202585e+00
4.880000e+01	-1.053728e-03	5.194521e+00
4.883333e+01	-1.102162e-03	5.194269e+00
4.886667e+01	-2.623905e-04	5.198635e+00
4.890000e+01	4.258179e-04	5.202214e+00
4.893333e+01	4.854693e-04	5.202524e+00
4.896667e+01	1.364522e-04	5.200709e+00
49	-1.727700e-04	5.199101e+00
4.903333e+01	-2.149930e-04	5.198882e+00
4.906667e+01	-6.970580e-05	5.199637e+00
4.910000e+01	6.925574e-05	5.200360e+00
4.913333e+01	9.492097e-05	5.200493e+00
4.916667e+01	3.487906e-05	5.200181e+00
4.920000e+01	1.767619e-04	5.200919e+00
4.923333e+01	1.518440e-03	5.207896e+00
4.926667e+01	5.490496e-03	5.228550e+00
4.930000e+01	1.206466e-02	5.262736e+00
4.933333e+01	1.864204e-02	5.296939e+00
4.936667e+01	2.212665e-02	5.315058e+00
4.940000e+01	2.183712e-02	5.313553e+00
4.943333e+01	1.972273e-02	5.302558e+00
4.946667e+01	1.817561e-02	5.294513e+00
4.950000e+01	1.813051e-02	5.294279e+00
4.953333e+01	1.897071e-02	5.298648e+00
4.956667e+01	1.965732e-02	5.302218e+00
4.960000e+01	1.951140e-02	5.301459e+00
4.963333e+01	1.780607e-02	5.292591e+00
4.966667e+01	1.355005e-02	5.270460e+00
4.970000e+01	6.962040e-03	5.236203e+00
4.973333e+01	5.377365e-04	5.202796e+00
4.976667e+01	-2.818149e-03	5.185346e+00
4.980000e+01	-2.515550e-03	5.186919e+00
4.983333e+01	-4.652053e-04	5.197581e+00
4.986667e+01	1.023825e-03	5.205324e+00
4.990000e+01	1.060112e-03	5.205512e+00
4.993333e+01	2.465249e-04	5.201282e+00
4.996667e+01	-4.140086e-04	5.197847e+00
50	-4.669565e-04	5.197572e+00
5.003333e+01	-1.286406e-04	5.199331e+00
5.006667e+01	1.682665e-04	5.200875e+00
5.010000e+01	2.069571e-04	5.201076e+00
5.013333e+01	6.599851e-05	5.200343e+00
5.016667e+01	-6.750739e-05	5.199649e+00
5.020000e+01	-2.954449e-04	5.198464e+00
5.023333e+01	-1.593182e-03	5.191715e+00
5.026667e+01	-5.480856e-03	5.171499e+00
5.030000e+01	-1.201384e-02	5.137528e+00
5.033333e+01	-1.840342e-02	5.104302e+00
5.036667e+01	-2.056860e-02	5.093043e+00
5.040000e+01	-1.635111e-02	5.114974e+00
5.043333e+01	-7.684474e-03	5.160041e+00
5.046667e+01	4.482047e-04	5.202331e+00
5.050000e+01	3.997023e-03	5.220784e+00
5.053333e+01	2.877665e-03	5.214964e+00
5.056667e+01	-1.302971e-04	5.199322e+00
5.060000e+01	-3.099863e-03	5.183881e+00
5.063333e+01	-6.747990e-03	5.164910e+00
5.066667e+01	-1.214475e-02	5.136847e+00
5.070000e+01	-1.798278e-02	5.106489e+00
5.073333e+01	-2.156239e-02	5.087875e+00
5.076667e+01	-2.177340e-02	5.086778e+00
5.080000e+01	-1.999837e-02	5.096008e+00
5.083333e+01	-1.842973e-02	5.104165e+00
5.086667e+01	-1.796755e-02	5.106569e+00
5.090000e+01	-1.729615e-02	5.110060e+00
5.093333e+01	-1.403569e-02	5.127014e+00
5.096667e+01	-7.637547e-03	5.160285e+00
51	-7.894371e-04	5.195895e+00
5.103333e+01	3.009859e-03	5.215651e+00
5.106667e+01	2.812113e-03	5.214623e+00
5.110000e+01	7.610384e-04	5.203957e+00
5.113333e+01	2.221033e-04	5.201155e+00
5.116667e+01	3.470513e-03	5.218047e+00
5.120000e+01	9.877970e-03	5.251365e+00
5.123333e+01	1.606497e-02	5.283538e+00
5.126667e+01	1.867962e-02	5.297134e+00
5.130000e+01	1.715136e-02	5.289187e+00
5.133333e+01	1.359747e-02	5.270707e+00
5.136667e+01	1.053069e-02	5.254759e+00
5.140000e+01	8.959909e-03	5.246591e+00
5.143333e+01	8.301900e-03	5.243170e+00
5.146667e+01	7.516623e-03	5.239086e+00
5.150000e+01	6.110690e-03	5.231775e+00
5.153333e+01	4.305437e-03	5.222388e+00
5.156667e+01	2.635039e-03	5.213702e+00
5.160000e+01	1.515892e-03	5.207883e+00
5.163333e+01	1.205616e-03	5.206269e+00
5.166667e+01	2.350941e-03	5.212225e+00
5.170000e+01	6.045015e-03	5.231434e+00
5.173333e+01	1.222837e-02	5.263587e+00
5.176667e+01	1.850536e-02	5.296228e+00
5.180000e+01	2.192500e-02	5.314010e+00
5.183333e+01	2.174926e-02	5.313096e+00
5.186667e+01	1.976559e-02	5.302781e+00
5.190000e+01	1.805504e-02	5.293886e+00
5.193333e+01	1.662735e-02	5.286462e+00
5.196667e+01	1.356773e-02	5.270552e+00
52	7.991096e-03	5.241554e+00
5.203333e+01	2.015281e-03	5.210479e+00
5.206667e+01	-1.178412e-03	5.193872e+00
5.210000e+01	-5.072482e-04	5.197362e+00
5.213333e+01	2.461160e-03	5.212798e+00
5.216667e+01	5.417119e-03	5.228169e+00
5.220000e+01	7.183582e-03	5.237355e+00
5.223333e+01	8.049364e-03	5.241857e+00
5.226667e+01	8.887995e-03	5.246217e+00
5.230000e+01	1.021906e-02	5.253139e+00
5.233333e+01	1.195143e-02	5.262147e+00
5.236667e+01	1.371542e-02	5.271320e+00
5.240000e+01	1.527275e-02	5.279418e+00
5.243333e+01	1.663333e-02	5.286493e+00
5.246667e+01	1.786626e-02	5.292904e+00
5.250000e+01	1.888174e-02	5.298185e+00
5.253333e+01	1.947515e-02	5.301271e+00
5.256667e+01	1.957765e-02	5.301804e+00
5.260000e+01	1.937567e-02	5.300753e+00
5.263333e+01	1.915851e-02	5.299624e+00
5.266667e+01	1.909552e-02	5.299297e+00
5.270000e+01	1.916647e-02	5.299666e+00
5.273333e+01	1.925759e-02	5.300139e+00
5.276667e+01	1.928860e-02	5.300301e+00
5.280000e+01	1.926073e-02	5.300156e+00
5.283333e+01	1.922099e-02	5.299949e+00
5.286667e+01	1.920578e-02	5.299870e+00
5.290000e+01	1.901266e-02	5.298866e+00
5.293333e+01	1.767403e-02	5.291905e+00
5.296667e+01	1.393806e-02	5.272478e+00
53	8.743429e-03	5.245466e+00
5.303333e+01	6.113537e-03	5.231790e+00
5.306667e+01	9.161851e-03	5.247642e+00
5.310000e+01	1.580634e-02	5.282193e+00
5.313333e+01	2.005864e-02	5.304305e+00
5.316667e+01	1.738675e-02	5.290411e+00
5.320000e+01	8.779782e-03	5.245655e+00
5.323333e+01	-1.807289e-04	5.199060e+00
5.326667e+01	-4.414824e-03	5.177043e+00
5.330000e+01	-3.359703e-03	5.182529e+00
5.333333e+01	-2.121101e-04	5.198897e+00
5.336667e+01	1.709088e-03	5.208887e+00
5.340000e+01	1.453831e-03	5.207560e+00
5.343333e+01	1.611971e-04	5.200838e+00
5.346667e+01	-7.086904e-04	5.196315e+00
5.350000e+01	-6.500611e-04	5.196620e+00
5.353333e+01	-1.028131e-04	5.199465e+00
5.356667e+01	2.944324e-04	5.201531e+00
5.360000e+01	2.915614e-04	5.201516e+00
5.363333e+01	5.984514e-05	5.200311e+00
5.366667e+01	-1.212436e-04	5.199369e+00
5.370000e+01	-1.302060e-04	5.199323e+00
5.373333e+01	-3.264783e-05	5.199830e+00
5.376667e+01	4.949012e-05	5.200257e+00
5.380000e+01	5.792013e-05	5.200301e+00
5.383333e+01	1.711352e-05	5.200089e+00
5.386667e+01	-1.994870e-05	5.199896e+00
5.390000e+01	-2.560975e-05	5.199867e+00
5.393333e+01	-8.662385e-06	5.199955e+00
5.396667e+01	7.977858e-06	5.200041e+00
54	1.131347e-05	5.200059e+00
5.403333e+01	4.330731e-06	5.200022e+00
5.406667e+01	-3.105021e-06	5.199984e+00
5.410000e+01	-4.936579e-06	5.199974e+00
5.413333e+01	-2.085351e-06	5.199989e+00
5.416667e+01	1.222141e-06	5.200006e+00
5.420000e+01	2.184024e-06	5.200011e+00
5.423333e+01	1.031886e-06	5.200005e+00
5.426667e+01	-4.327559e-07	5.199998e+00
5.430000e+01	-9.225222e-07	5.199995e+00
5.433333e+01	-4.626722e-07	5.199997e+00
5.436667e+01	2.042583e-04	5.201062e+00
5.440000e+01	1.560551e-03	5.208115e+00
5.443333e+01	5.507830e-03	5.228641e+00
5.446667e+01	1.205400e-02	5.262681e+00
5.450000e+01	1.862362e-02	5.296843e+00
5.453333e+01	2.211827e-02	5.315015e+00
5.456667e+01	2.184116e-02	5.313574e+00
5.460000e+01	1.973075e-02	5.302600e+00
5.463333e+01	1.817961e-02	5.294534e+00
5.466667e+01	1.812903e-02	5.294271e+00
5.470000e+01	1.896723e-02	5.298629e+00
5.473333e+01	1.965544e-02	5.302208e+00
5.476667e+01	1.971599e-02	5.302523e+00
5.480000e+01	1.939909e-02	5.300875e+00
5.483333e+01	1.932993e-02	5.300516e+00
5.486667e+01	2.010325e-02	5.304537e+00
5.490000e+01	2.186266e-02	5.313686e+00
5.493333e+01	2.405086e-02	5.325064e+00
5.496667e+01	2.586506e-02	5.334498e+00
55	2.714746e-02	5.341167e+00
5.503333e+01	2.857242e-02	5.348576e+00
5.506667e+01	3.085986e-02	5.360471e+00
5.510000e+01	3.404081e-02	5.377012e+00
5.513333e+01	3.754986e-02	5.395259e+00
5.516667e+01	4.082785e-02	5.412305e+00
5.520000e+01	4.372995e-02	5.427396e+00
5.523333e+01	4.646247e-02	5.441605e+00
5.526667e+01	4.924402e-02	5.456069e+00
5.530000e+01	5.197778e-02	5.470284e+00
5.533333e+01	5.421626e-02	5.481924e+00
5.536667e+01	5.559570e-02	5.489098e+00
5.540000e+01	5.608958e-02	5.491666e+00
5.543333e+01	5.525575e-02	5.487330e+00
5.546667e+01	5.188692e-02	5.469812e+00
5.550000e+01	4.580063e-02	5.438163e+00
5.553333e+01	3.936715e-02	5.404709e+00
5.556667e+01	3.573126e-02	5.385802e+00
5.560000e+01	3.581143e-02	5.386219e+00
5.563333e+01	3.784157e-02	5.396776e+00
5.566667e+01	3.944071e-02	5.405092e+00
5.570000e+01	3.957527e-02	5.405791e+00
5.573333e+01	3.877587e-02	5.401634e+00
5.576667e+01	3.806997e-02	5.397964e+00
5.580000e+01	3.776905e-02	5.396399e+00
5.583333e+01	3.674289e-02	5.391063e+00
5.586667e+01	3.311106e-02	5.372177e+00
5.590000e+01	2.662292e-02	5.338439e+00
5.593333e+01	1.991688e-02	5.303568e+00
5.596667e+01	1.648522e-02	5.285723e+00
56	1.808590e-02	5.294047e+00
5.603333e+01	2.399560e-02	5.324777e+00
5.606667e+01	3.080000e-02	5.360160e+00
5.610000e+01	3.349015e-02	5.374149e+00
5.613333e+01	2.957740e-02	5.353802e+00
5.616667e+01	2.181026e-02	5.313413e+00
5.620000e+01	1.477972e-02	5.276854e+00
5.623333e+01	1.032392e-02	5.253684e+00
5.626667e+01	8.871001e-03	5.246129e+00
5.630000e+01	1.263258e-02	5.265689e+00
5.633333e+01	2.282108e-02	5.318669e+00
5.636667e+01	3.511169e-02	5.382581e+00
5.640000e+01	4.179073e-02	5.417312e+00
5.643333e+01	3.853150e-02	5.400364e+00
5.646667e+01	2.818489e-02	5.346561e+00
5.650000e+01	1.814434e-02	5.294350e+00
5.653333e+01	1.401698e-02	5.272888e+00
5.656667e+01	1.576226e-02	5.281964e+00
5.660000e+01	1.939042e-02	5.300830e+00
5.663333e+01	2.129394e-02	5.310728e+00
5.666667e+01	2.074862e-02	5.307893e+00
5.670000e+01	1.923796e-02	5.300037e+00
5.673333e+01	1.836372e-02	5.295491e+00
5.676667e+01	1.854483e-02	5.296433e+00
5.680000e+01	1.919116e-02	5.299794e+00
5.683333e+01	1.959579e-02	5.301898e+00
5.686667e+01	1.954150e-02	5.301616e+00
5.690000e+01	1.926495e-02	5.300178e+00
5.693333e+01	1.907820e-02	5.299207e+00
5.696667e+01	1.909068e-02	5.299271e+00
57	1.920842e-02	5.299884e+00
5.703333e+01	1.949817e-02	5.301390e+00
5.706667e+01	2.085378e-02	5.308440e+00
5.710000e+01	2.475139e-02	5.328707e+00
5.713333e+01	3.107040e-02	5.361566e+00
5.716667e+01	3.640208e-02	5.389291e+00
5.720000e+01	3.637814e-02	5.389166e+00
5.723333e+01	3.037939e-02	5.357973e+00
5.726667e+01	2.272567e-02	5.318173e+00
5.730000e+01	1.856540e-02	5.296540e+00
5.733333e+01	1.945527e-02	5.301167e+00
5.736667e+01	2.314628e-02	5.320361e+00
5.740000e+01	2.654017e-02	5.338009e+00
5.743333e+01	2.823303e-02	5.346812e+00
5.746667e+01	2.878790e-02	5.349697e+00
5.750000e+01	2.942418e-02	5.353006e+00
5.753333e+01	3.077547e-02	5.360032e+00
5.756667e+01	3.264076e-02	5.369732e+00
5.760000e+01	3.449792e-02	5.379389e+00
5.763333e+01	3.603624e-02	5.387388e+00
5.766667e+01	3.723606e-02	5.393627e+00
5.770000e+01	3.812272e-02	5.398238e+00
5.773333e+01	3.863363e-02	5.400895e+00
5.776667e+01	3.894957e-02	5.402538e+00
5.780000e+01	4.015869e-02	5.408825e+00
5.783333e+01	4.392701e-02	5.428420e+00
5.786667e+01	5.040866e-02	5.462125e+00
5.790000e+01	5.682188e-02	5.495474e+00
5.793333e+01	5.903411e-02	5.506977e+00
5.796667e+01	5.484021e-02	5.485169e+00
58	4.596124e-02	5.438998e+00
5.803333e+01	3.645252e-02	5.389553e+00
5.806667e+01	2.914936e-02	5.351577e+00
5.810000e+01	2.508121e-02	5.330422e+00
5.813333e+01	2.506736e-02	5.330350e+00
5.816667e+01	2.838181e-02	5.347585e+00
5.820000e+01	3.098105e-02	5.361101e+00
5.823333e+01	2.888624e-02	5.350208e+00
5.826667e+01	2.285630e-02	5.318853e+00
5.830000e+01	1.738708e-02	5.290413e+00
5.833333e+01	1.576480e-02	5.281977e+00
5.836667e+01	1.747308e-02	5.290860e+00
5.840000e+01	1.978430e-02	5.302878e+00
5.843333e+01	2.066309e-02	5.307448e+00
5.846667e+01	2.004050e-02	5.304211e+00
5.850000e+01	1.904538e-02	5.299036e+00
5.853333e+01	1.861876e-02	5.296817e+00
5.856667e+01	1.885573e-02	5.298050e+00
5.860000e+01	1.928852e-02	5.300300e+00
5.863333e+01	1.949293e-02	5.301363e+00
5.866667e+01	1.960824e-02	5.301963e+00
5.870000e+01	2.077621e-02	5.308036e+00
5.873333e+01	2.462661e-02	5.328058e+00
5.876667e+01	3.100108e-02	5.361206e+00
5.880000e+01	3.650024e-02	5.389801e+00
5.883333e+01	3.744908e-02	5.394735e+00
5.886667e+01	3.456185e-02	5.379722e+00
5.890000e+01	3.239303e-02	5.368444e+00
5.893333e+01	3.389578e-02	5.376258e+00
5.896667e+01	3.741644e-02	5.394565e+00
59	3.874688e-02	5.401484e+00
5.903333e+01	3.493813e-02	5.381678e+00
5.906667e+01	2.695071e-02	5.340144e+00
5.910000e+01	1.913750e-02	5.299515e+00
5.913333e+01	1.547924e-02	5.280492e+00
5.916667e+01	1.634166e-02	5.284977e+00
5.920000e+01	1.900867e-02	5.298845e+00
5.923333e+01	2.066164e-02	5.307440e+00
5.926667e+01	2.047147e-02	5.306452e+00
5.930000e+01	1.918056e-02	5.299739e+00
5.933333e+01	1.707925e-02	5.288812e+00
5.936667e+01	1.316984e-02	5.268483e+00
5.940000e+01	7.082430e-03	5.236829e+00
5.943333e+01	1.029122e-03	5.205351e+00
5.946667e+01	-1.287620e-03	5.193304e+00
5.950000e+01	2.216664e-03	5.211527e+00
5.953333e+01	9.832563e-03	5.251129e+00
5.956667e+01	1.696367e-02	5.288211e+00
5.960000e+01	1.975724e-02	5.302738e+00
5.963333e+01	1.794515e-02	5.293315e+00
5.966667e+01	1.419439e-02	5.273811e+00
5.970000e+01	1.128093e-02	5.258661e+00
5.973333e+01	1.009783e-02	5.252509e+00
5.976667e+01	9.812886e-03	5.251027e+00
5.980000e+01	9.254069e-03	5.248121e+00
5.983333e+01	7.967111e-03	5.241429e+00
5.986667e+01	6.264835e-03	5.232577e+00
5.990000e+01	4.654893e-03	5.224205e+00
5.993333e+01	3.357163e-03	5.217457e+00
5.996667e+01	2.265771e-03	5.211782e+00
60	1.236415e-03	5.206429e+00
6.003333e+01	3.365125e-04	5.201750e+00
6.006667e+01	-2.160328e-04	5.198877e+00
6.010000e+01	-3.236046e-04	5.198317e+00
6.013333e+01	-1.412255e-04	5.199266e+00
6.016667e+01	6.358129e-05	5.200331e+00
6.020000e+01	1.270425e-04	5.200661e+00
6.023333e+01	6.294843e-05	5.200327e+00
6.026667e+01	-2.272645e-04	5.198818e+00
6.030000e+01	-1.614351e-03	5.191605e+00
6.033333e+01	-5.536794e-03	5.171209e+00
6.036667e+01	-1.204572e-02	5.137362e+00
6.040000e+01	-1.860034e-02	5.103278e+00
6.043333e+01	-2.210467e-02	5.085056e+00
6.046667e+01	-2.184386e-02	5.086412e+00
6.050000e+01	-1.974071e-02	5.097348e+00
6.053333e+01	-1.818587e-02	5.105433e+00
6.056667e+01	-1.812819e-02	5.105733e+00
6.060000e+01	-1.896292e-02	5.101393e+00
6.063333e+01	-1.965249e-02	5.097807e+00
6.066667e+01	-1.971613e-02	5.097476e+00
6.070000e+01	-1.936947e-02	5.099279e+00
6.073333e+01	-1.904620e-02	5.100960e+00
6.076667e+01	-1.889826e-02	5.101729e+00
6.080000e+01	-1.867528e-02	5.102888e+00
6.083333e+01	-1.801076e-02	5.106344e+00
6.086667e+01	-1.679557e-02	5.112663e+00
6.090000e+01	-1.526148e-02	5.120640e+00
6.093333e+01	-1.374319e-02	5.128535e+00
6.096667e+01	-1.241313e-02	5.135452e+00
61	-1.122553e-02	5.141627e+00
6.103333e+01	-1.004463e-02	5.147768e+00
6.106667e+01	-8.787923e-03	5.154303e+00
6.110000e+01	-7.467690e-03	5.161168e+00
6.113333e+01	-6.141011e-03	5.168067e+00
6.116667e+01	-4.845848e-03	5.174801e+00
6.120000e+01	-3.579234e-03	5.181388e+00
6.123333e+01	-2.330533e-03	5.187881e+00
6.126667e+01	-1.159143e-03	5.193972e+00
6.130000e+01	-2.381039e-04	5.198762e+00
6.133333e+01	2.490484e-04	5.201295e+00
6.136667e+01	2.928210e-04	5.201523e+00
6.140000e+01	9.789500e-05	5.200509e+00
6.143333e+01	-7.994827e-05	5.199584e+00
6.146667e+01	-1.148890e-04	5.199402e+00
6.150000e+01	-4.387437e-05	5.199772e+00
6.153333e+01	3.124471e-05	5.200162e+00
6.156667e+01	4.959085e-05	5.200258e+00
6.160000e+01	2.092877e-05	5.200109e+00
6.163333e+01	-1.214425e-05	5.199937e+00
6.166667e+01	-2.164048e-05	5.199887e+00
6.170000e+01	-1.002728e-05	5.199948e+00
6.173333e+01	4.612464e-06	5.200024e+00
6.176667e+01	9.447604e-06	5.200049e+00
6.180000e+01	4.802635e-06	5.200025e+00
6.183333e+01	-1.655121e-06	5.199991e+00
6.186667e+01	-4.065569e-06	5.199979e+00
6.190000e+01	-2.235938e-06	5.199988e+00
6.193333e+01	6.001248e-07	5.200003e+00
6.196667e+01	1.780343e-06	5.200009e+00
62	1.072813e-06	5.200005e+00
6.203333e+01	-1.672373e-07	5.199999e+00
6.206667e+01	-7.367057e-07	5.199996e+00
6.210000e+01	-2.045448e-04	5.198936e+00
6.213333e+01	-1.560054e-03	5.191888e+00
6.216667e+01	-5.507243e-03	5.171362e+00
6.220000e+01	-1.205380e-02	5.137320e+00
6.223333e+01	-1.862377e-02	5.103156e+00
6.226667e+01	-2.211847e-02	5.084984e+00
6.230000e+01	-2.184121e-02	5.086426e+00
6.233333e+01	-1.973064e-02	5.097401e+00
6.236667e+01	-1.817947e-02	5.105467e+00
6.240000e+01	-1.812895e-02	5.105729e+00
6.243333e+01	-1.896722e-02	5.101370e+00
6.246667e+01	-1.965544e-02	5.097792e+00
6.250000e+01	-1.971598e-02	5.097477e+00
6.253333e+01	-1.936765e-02	5.099288e+00
6.256667e+01	-1.905846e-02	5.100896e+00
6.260000e+01	-1.901586e-02	5.101117e+00
6.263333e+01	-1.916084e-02	5.100364e+00
6.266667e+01	-1.950384e-02	5.098580e+00
6.270000e+01	-2.088571e-02	5.091394e+00
6.273333e+01	-2.477327e-02	5.071179e+00
6.276667e+01	-3.125756e-02	5.037461e+00
6.280000e+01	-3.781286e-02	5.003373e+00
6.283333e+01	-4.131627e-02	4.985155e+00
6.286667e+01	-4.094672e-02	4.987077e+00
6.290000e+01	-3.842027e-02	5.000215e+00
6.293333e+01	-3.593197e-02	5.013154e+00
6.296667e+01	-3.443657e-02	5.020930e+00
63	-3.356944e-02	5.025439e+00
6.303333e+01	-3.258154e-02	5.030576e+00
6.306667e+01	-3.112975e-02	5.038125e+00
6.310000e+01	-2.938499e-02	5.047198e+00
6.313333e+01	-2.767969e-02	5.056065e+00
6.316667e+01	-2.617570e-02	5.063886e+00
6.320000e+01	-2.482344e-02	5.070918e+00
6.323333e+01	-2.355067e-02	5.077536e+00
6.326667e+01	-2.239137e-02	5.083565e+00
6.330000e+01	-2.138517e-02	5.088797e+00
6.333333e+01	-2.048538e-02	5.093476e+00
6.336667e+01	-1.968906e-02	5.097617e+00
6.340000e+01	-1.913467e-02	5.100500e+00
6.343333e+01	-1.894612e-02	5.101480e+00
6.346667e+01	-1.905411e-02	5.100919e+00
6.350000e+01	-1.924327e-02	5.099935e+00
6.353333e+01	-1.933710e-02	5.099447e+00
6.356667e+01	-1.930647e-02	5.099606e+00
6.360000e+01	-1.922950e-02	5.100007e+00
6.363333e+01	-1.918646e-02	5.100230e+00
6.366667e+01	-1.920947e-02	5.100111e+00
6.370000e+01	-1.933979e-02	5.099433e+00
6.373333e+01	-1.970392e-02	5.097540e+00
6.376667e+01	-2.045405e-02	5.093639e+00
6.380000e+01	-2.160398e-02	5.087659e+00
6.383333e+01	-2.297717e-02	5.080519e+00
6.386667e+01	-2.434310e-02	5.073416e+00
6.390000e+01	-2.558226e-02	5.066972e+00
6.393333e+01	-2.672271e-02	5.061042e+00
6.396667e+01	-2.785565e-02	5.055151e+00
64	-2.903856e-02	5.048999e+00
6.403333e+01	-3.026509e-02	5.042621e+00
6.406667e+01	-3.149728e-02	5.036214e+00
6.410000e+01	-3.270884e-02	5.029914e+00
6.413333e+01	-3.390087e-02	5.023715e+00
6.416667e+01	-3.507668e-02	5.017601e+00
6.420000e+01	-3.617628e-02	5.011883e+00
6.423333e+01	-3.684657e-02	5.008398e+00
6.426667e+01	-3.602970e-02	5.012645e+00
6.430000e+01	-3.236926e-02	5.031680e+00
6.433333e+01	-2.604996e-02	5.064540e+00
6.436667e+01	-1.972511e-02	5.097429e+00
6.440000e+01	-1.584514e-02	5.117605e+00
6.443333e+01	-1.237439e-02	5.135653e+00
6.446667e+01	-3.370048e-03	5.182476e+00
6.450000e+01	1.346843e-02	5.270036e+00
6.453333e+01	3.168708e-02	5.364773e+00
6.456667e+01	4.173778e-02	5.417036e+00
6.460000e+01	4.041012e-02	5.410133e+00
6.463333e+01	3.268435e-02	5.369959e+00
6.466667e+01	2.578921e-02	5.334104e+00
6.470000e+01	2.316929e-02	5.320480e+00
6.473333e+01	2.350766e-02	5.322240e+00
6.476667e+01	2.375858e-02	5.323544e+00
6.480000e+01	2.224765e-02	5.315688e+00
6.483333e+01	1.939815e-02	5.300870e+00
6.486667e+01	1.650811e-02	5.285842e+00
6.490000e+01	1.435787e-02	5.274661e+00
6.493333e+01	1.281415e-02	5.266633e+00
6.496667e+01	1.132144e-02	5.258871e+00
65	9.518639e-03	5.249497e+00
6.503333e+01	7.441782e-03	5.238697e+00
6.506667e+01	5.327903e-03	5.227705e+00
6.510000e+01	3.343159e-03	5.217384e+00
6.513333e+01	1.481674e-03	5.207705e+00
6.516667e+01	-3.571844e-04	5.198143e+00
6.520000e+01	-2.249409e-03	5.188303e+00
6.523333e+01	-4.196806e-03	5.178177e+00
6.526667e+01	-6.156893e-03	5.167984e+00
6.530000e+01	-8.095116e-03	5.157905e+00
6.533333e+01	-1.000876e-02	5.147954e+00
6.536667e+01	-1.191564e-02	5.138039e+00
6.540000e+01	-1.381099e-02	5.128183e+00
6.543333e+01	-1.560204e-02	5.118869e+00
6.546667e+01	-1.711702e-02	5.110991e+00
6.550000e+01	-1.823293e-02	5.105189e+00
6.553333e+01	-1.874288e-02	5.102537e+00
6.556667e+01	-1.775199e-02	5.107690e+00
6.560000e+01	-1.389130e-02	5.127765e+00
6.563333e+01	-7.267597e-03	5.162208e+00
6.566667e+01	-5.932540e-04	5.196915e+00
6.570000e+01	2.945485e-03	5.215316e+00
6.573333e+01	2.647103e-03	5.213765e+00
6.576667e+01	2.917732e-04	5.201517e+00
6.580000e+01	-2.635329e-03	5.186296e+00
6.583333e+01	-6.625721e-03	5.165546e+00
6.586667e+01	-1.231659e-02	5.135954e+00
6.590000e+01	-1.818887e-02	5.105418e+00
6.593333e+01	-2.162564e-02	5.087547e+00
6.596667e+01	-2.170421e-02	5.087138e+00
66	-1.990725e-02	5.096482e+00
6.603333e+01	-1.839782e-02	5.104331e+00
6.606667e+01	-1.819911e-02	5.105365e+00
6.610000e+01	-1.889639e-02	5.101739e+00
6.613333e+01	-1.955904e-02	5.098293e+00
6.616667e+01	-1.968085e-02	5.097659e+00
6.620000e+01	-1.919156e-02	5.100204e+00
6.623333e+01	-1.754071e-02	5.108788e+00
6.626667e+01	-1.350984e-02	5.129749e+00
6.630000e+01	-6.960220e-03	5.163807e+00
6.633333e+01	-9.807378e-05	5.199490e+00
6.636667e+01	4.287721e-03	5.222296e+00
6.640000e+01	5.490508e-03	5.228551e+00
6.643333e+01	5.139672e-03	5.226726e+00
6.646667e+01	5.287171e-03	5.227493e+00
6.650000e+01	6.735368e-03	5.235024e+00
6.653333e+01	8.946309e-03	5.246521e+00
6.656667e+01	1.101975e-02	5.257303e+00
6.660000e+01	1.254683e-02	5.265243e+00
6.663333e+01	1.370608e-02	5.271272e+00
6.666667e+01	1.479808e-02	5.276950e+00
6.670000e+01	1.564604e-02	5.281359e+00
6.673333e+01	1.517744e-02	5.278923e+00
6.676667e+01	1.200415e-02	5.262421e+00
6.680000e+01	6.264275e-03	5.232574e+00
6.683333e+01	4.520360e-04	5.202350e+00
6.686667e+01	-2.597181e-03	5.186495e+00
6.690000e+01	-2.293894e-03	5.188072e+00
6.693333e+01	-4.018639e-04	5.197910e+00
6.696667e+01	9.548745e-04	5.204965e+00
67	9.714588e-04	5.205051e+00
6.703333e+01	2.161380e-04	5.201124e+00
6.706667e+01	-3.873549e-04	5.197986e+00
6.710000e+01	-4.286763e-04	5.197771e+00
6.713333e+01	-1.139161e-04	5.199408e+00
6.716667e+01	1.577748e-04	5.200820e+00
6.720000e+01	1.901916e-04	5.200989e+00
6.723333e+01	5.884342e-05	5.200306e+00
6.726667e+01	-6.346322e-05	5.199670e+00
6.730000e+01	-8.404570e-05	5.199563e+00
6.733333e+01	-2.961694e-05	5.199846e+00
6.736667e+01	2.521103e-05	5.200131e+00
6.740000e+01	3.701558e-05	5.200192e+00
6.743333e+01	1.464988e-05	5.200076e+00
6.746667e+01	-9.814292e-06	5.199949e+00
6.750000e+01	-1.619149e-05	5.199916e+00
6.753333e+01	-7.087783e-06	5.199963e+00
6.756667e+01	3.778498e-06	5.200020e+00
6.760000e+01	2.111662e-04	5.201098e+00
6.763333e+01	1.563550e-03	5.208130e+00
6.766667e+01	5.506205e-03	5.228632e+00
6.770000e+01	1.205099e-02	5.262665e+00
6.773333e+01	1.862218e-02	5.296835e+00
6.776667e+01	2.211888e-02	5.315018e+00
6.780000e+01	2.184247e-02	5.313581e+00
6.783333e+01	1.973143e-02	5.302603e+00
6.786667e+01	1.817939e-02	5.294533e+00
6.790000e+01	1.812847e-02	5.294268e+00
6.793333e+01	1.896691e-02	5.298628e+00
6.796667e+01	1.965551e-02	5.302209e+00
68	1.971624e-02	5.302524e+00
6.803333e+01	1.936784e-02	5.300713e+00
6.806667e+01	1.905849e-02	5.299104e+00
6.810000e+01	1.901580e-02	5.298882e+00
6.813333e+01	1.916080e-02	5.299636e+00
6.816667e+01	1.929980e-02	5.300359e+00
6.820000e+01	1.932567e-02	5.300493e+00
6.823333e+01	1.926576e-02	5.300182e+00
6.826667e+01	1.920356e-02	5.299858e+00
6.830000e+01	1.918910e-02	5.299783e+00
6.833333e+01	1.921364e-02	5.299911e+00
6.836667e+01	1.924134e-02	5.300055e+00
6.840000e+01	1.924902e-02	5.300095e+00
6.843333e+01	1.923908e-02	5.300043e+00
6.846667e+01	1.922679e-02	5.299979e+00
6.850000e+01	1.922285e-02	5.299959e+00
6.853333e+01	1.922683e-02	5.299979e+00
6.856667e+01	1.923226e-02	5.300008e+00
6.860000e+01	1.923423e-02	5.300018e+00
6.863333e+01	1.923266e-02	5.300010e+00
6.866667e+01	1.923027e-02	5.299997e+00
6.870000e+01	1.922930e-02	5.299992e+00
6.873333e+01	1.922991e-02	5.299995e+00
6.876667e+01	1.923096e-02	5.300001e+00
6.880000e+01	1.902735e-02	5.298942e+00
6.883333e+01	1.767107e-02	5.291889e+00
6.886667e+01	1.351908e-02	5.270299e+00
6.890000e+01	5.616351e-03	5.229205e+00
6.893333e+01	-4.900763e-03	5.174516e+00
6.896667e+01	-1.494160e-02	5.122304e+00
69	-2.123400e-02	5.089583e+00
6.903333e+01	-2.261814e-02	5.082386e+00
6.906667e+01	-2.081538e-02	5.091760e+00
6.910000e+01	-1.884946e-02	5.101983e+00
6.913333e+01	-1.879950e-02	5.102243e+00
6.916667e+01	-2.077438e-02	5.091973e+00
6.920000e+01	-2.350766e-02	5.077760e+00
6.923333e+01	-2.579403e-02	5.065871e+00
6.926667e+01	-2.745433e-02	5.057237e+00
6.930000e+01	-2.909294e-02	5.048717e+00
6.933333e+01	-3.123583e-02	5.037574e+00
6.936667e+01	-3.386209e-02	5.023917e+00
6.940000e+01	-3.659767e-02	5.009692e+00
6.943333e+01	-3.913994e-02	4.996472e+00
6.946667e+01	-4.146331e-02	4.984391e+00
6.950000e+01	-4.372392e-02	4.972636e+00
6.953333e+01	-4.606102e-02	4.960483e+00
6.956667e+01	-4.846929e-02	4.947960e+00
6.960000e+01	-5.074024e-02	4.936151e+00
6.963333e+01	-5.233428e-02	4.927862e+00
6.966667e+01	-5.220346e-02	4.928542e+00
6.970000e+01	-4.929185e-02	4.943682e+00
6.973333e+01	-4.400613e-02	4.971168e+00
6.976667e+01	-3.875629e-02	4.998467e+00
6.980000e+01	-3.608446e-02	5.012361e+00
6.983333e+01	-3.643076e-02	5.010560e+00
6.986667e+01	-3.815014e-02	5.001619e+00
6.990000e+01	-3.934144e-02	4.995424e+00
6.993333e+01	-3.932302e-02	4.995520e+00
6.996667e+01	-3.863402e-02	4.999103e+00
70	-3.830696e-02	5.000804e+00
7.003333e+01	-3.964063e-02	4.993869e+00
7.006667e+01	-4.387613e-02	4.971844e+00
7.010000e+01	-5.066231e-02	4.936556e+00
7.013333e+01	-5.725469e-02	4.902276e+00
7.016667e+01	-6.062867e-02	4.884731e+00
7.020000e+01	-6.024326e-02	4.886735e+00
7.023333e+01	-5.811714e-02	4.897791e+00
7.026667e+01	-5.661618e-02	4.905596e+00
7.030000e+01	-5.661427e-02	4.905606e+00
7.033333e+01	-5.746186e-02	4.901198e+00
7.036667e+01	-5.812936e-02	4.897727e+00
7.040000e+01	-5.816815e-02	4.897526e+00
7.043333e+01	-5.778744e-02	4.899505e+00
7.046667e+01	-5.727871e-02	4.902151e+00
7.050000e+01	-5.651145e-02	4.906140e+00
7.053333e+01	-5.505195e-02	4.913730e+00
7.056667e+01	-5.270428e-02	4.925938e+00
7.060000e+01	-4.977670e-02	4.941161e+00
7.063333e+01	-4.680325e-02	4.956623e+00
7.066667e+01	-4.411170e-02	4.970619e+00
7.070000e+01	-4.167521e-02	4.983289e+00
7.073333e+01	-3.928324e-02	4.995727e+00
7.076667e+01	-3.678143e-02	5.008736e+00
7.080000e+01	-3.416755e-02	5.022329e+00
7.083333e+01	-3.152846e-02	5.036052e+00
7.086667e+01	-2.896124e-02	5.049401e+00
7.090000e+01	-2.662455e-02	5.061552e+00
7.093333e+01	-2.497725e-02	5.070118e+00
7.096667e+01	-2.502946e-02	5.069847e+00
71	-2.783594e-02	5.055253e+00
7.103333e+01	-3.300739e-02	5.028361e+00
7.106667e+01	-3.816623e-02	5.001535e+00
7.110000e+01	-4.079830e-02	4.987849e+00
7.113333e+01	-4.046104e-02	4.989602e+00
7.116667e+01	-3.876978e-02	4.998397e+00
7.120000e+01	-3.759619e-02	5.004500e+00
7.123333e+01	-3.761309e-02	5.004412e+00
7.126667e+01	-3.829092e-02	5.000887e+00
7.130000e+01	-3.881417e-02	4.998166e+00
7.133333e+01	-3.883675e-02	4.998049e+00
7.136667e+01	-3.834931e-02	5.000583e+00
7.140000e+01	-3.675712e-02	5.008863e+00
7.143333e+01	-3.299121e-02	5.028446e+00
7.146667e+01	-2.791942e-02	5.054819e+00
7.150000e+01	-2.540370e-02	5.067901e+00
7.153333e+01	-2.847109e-02	5.051950e+00
7.156667e+01	-3.526874e-02	5.016602e+00
7.160000e+01	-4.062183e-02	4.988766e+00
7.163333e+01	-4.053039e-02	4.989242e+00
7.166667e+01	-3.454334e-02	5.020375e+00
7.170000e+01	-2.562896e-02	5.066729e+00
7.173333e+01	-1.771340e-02	5.107890e+00
7.176667e+01	-1.132819e-02	5.141093e+00
7.180000e+01	-3.502127e-03	5.181789e+00
7.183333e+01	5.764851e-03	5.229977e+00
7.186667e+01	1.113240e-02	5.257888e+00
7.190000e+01	8.876045e-03	5.246155e+00
7.193333e+01	2.073547e-03	5.210782e+00
7.196667e+01	-3.132988e-03	5.183708e+00
72	-3.701820e-03	5.180750e+00
7.203333e+01	-1.186775e-03	5.193829e+00
7.206667e+01	1.164700e-03	5.206056e+00
7.210000e+01	1.596127e-03	5.208300e+00
7.213333e+01	5.880985e-04	5.203058e+00
7.216667e+01	-4.556386e-04	5.197631e+00
7.220000e+01	-6.980066e-04	5.196370e+00
7.223333e+01	-2.871232e-04	5.198507e+00
7.226667e+01	1.767301e-04	5.200919e+00
7.230000e+01	3.052428e-04	5.201587e+00
7.233333e+01	1.386705e-04	5.200721e+00
7.236667e+01	-6.695592e-05	5.199652e+00
7.240000e+01	-1.329220e-04	5.199309e+00
7.243333e+01	-6.615740e-05	5.199656e+00
7.246667e+01	2.462334e-05	5.200128e+00
7.250000e+01	5.766356e-05	5.200300e+00
7.253333e+01	3.127825e-05	5.200163e+00
7.256667e+01	-8.626110e-06	5.199955e+00
7.260000e+01	-2.486141e-05	5.199871e+00
7.263333e+01	-1.461381e-05	5.199924e+00
7.266667e+01	2.069258e-04	5.201076e+00
7.270000e+01	1.570832e-03	5.208168e+00
7.273333e+01	5.514399e-03	5.228675e+00
7.276667e+01	1.205324e-02	5.262677e+00
7.280000e+01	1.861923e-02	5.296820e+00
7.283333e+01	2.211524e-02	5.314999e+00
7.286667e+01	2.184131e-02	5.313575e+00
7.290000e+01	1.973262e-02	5.302610e+00
7.293333e+01	1.818100e-02	5.294541e+00
7.296667e+01	1.812905e-02	5.294271e+00
73	1.896644e-02	5.298625e+00
7.303333e+01	1.965480e-02	5.302205e+00
7.306667e+01	1.971595e-02	5.302523e+00
7.310000e+01	1.936803e-02	5.300714e+00
7.313333e+01	1.905880e-02	5.299106e+00
7.316667e+01	1.901594e-02	5.298883e+00
7.320000e+01	1.916073e-02	5.299636e+00
7.323333e+01	1.929967e-02	5.300358e+00
7.326667e+01	1.932560e-02	5.300493e+00
7.330000e+01	1.926578e-02	5.300182e+00
7.333333e+01	1.920362e-02	5.299859e+00
7.336667e+01	1.937960e-02	5.300774e+00
7.340000e+01	2.065614e-02	5.307412e+00
7.343333e+01	2.427772e-02	5.326244e+00
7.346667e+01	3.013228e-02	5.356688e+00
7.350000e+01	3.580407e-02	5.386181e+00
7.353333e+01	3.851140e-02	5.400259e+00
7.356667e+01	3.764856e-02	5.395772e+00
7.360000e+01	3.489765e-02	5.381468e+00
7.363333e+01	3.235447e-02	5.368243e+00
7.366667e+01	3.093815e-02	5.360878e+00
7.370000e+01	3.026621e-02	5.357384e+00
7.373333e+01	2.953489e-02	5.353581e+00
7.376667e+01	2.833256e-02	5.347329e+00
7.380000e+01	2.679545e-02	5.339336e+00
7.383333e+01	2.526666e-02	5.331387e+00
7.386667e+01	2.395123e-02	5.324546e+00
7.390000e+01	2.286515e-02	5.318899e+00
7.393333e+01	2.195668e-02	5.314175e+00
7.396667e+01	2.115076e-02	5.309984e+00
74	2.036748e-02	5.305911e+00
7.403333e+01	1.963640e-02	5.302109e+00
7.406667e+01	1.912565e-02	5.299453e+00
7.410000e+01	1.896199e-02	5.298602e+00
7.413333e+01	1.907289e-02	5.299179e+00
7.416667e+01	1.925062e-02	5.300103e+00
7.420000e+01	1.933282e-02	5.300531e+00
7.423333e+01	1.929900e-02	5.300355e+00
7.426667e+01	1.922605e-02	5.299975e+00
7.430000e+01	1.898395e-02	5.298716e+00
7.433333e+01	1.763983e-02	5.291727e+00
7.436667e+01	1.372361e-02	5.271363e+00
7.440000e+01	7.194873e-03	5.237413e+00
7.443333e+01	6.210607e-04	5.203229e+00
7.446667e+01	-2.886959e-03	5.184988e+00
7.450000e+01	-2.617973e-03	5.186386e+00
7.453333e+01	-5.062448e-04	5.197367e+00
7.456667e+01	1.050629e-03	5.205463e+00
7.460000e+01	1.104968e-03	5.205746e+00
7.463333e+01	2.664253e-04	5.201385e+00
7.466667e+01	-4.242262e-04	5.197794e+00
7.470000e+01	-4.865147e-04	5.197470e+00
7.473333e+01	-1.381665e-04	5.199281e+00
7.476667e+01	1.720518e-04	5.200895e+00
7.480000e+01	2.154469e-04	5.201120e+00
7.483333e+01	7.050899e-05	5.200367e+00
7.486667e+01	-6.885428e-05	5.199642e+00
7.490000e+01	-9.503821e-05	5.199506e+00
7.493333e+01	-3.517338e-05	5.199817e+00
7.496667e+01	2.717902e-05	5.200141e+00
75	1.038227e-05	5.200054e+00
7.503333e+01	-2.541452e-04	5.198678e+00
7.506667e+01	-1.129235e-03	5.194128e+00
7.510000e+01	-2.991449e-03	5.184444e+00
7.513333e+01	-5.846713e-03	5.169597e+00
7.516667e+01	-9.237226e-03	5.151966e+00
7.520000e+01	-1.259342e-02	5.134514e+00
7.523333e+01	-1.563289e-02	5.118709e+00
7.526667e+01	-1.843518e-02	5.104137e+00
7.530000e+01	-2.122624e-02	5.089623e+00
7.533333e+01	-2.414271e-02	5.074458e+00
7.536667e+01	-2.716424e-02	5.058746e+00
7.540000e+01	-3.016509e-02	5.043141e+00
7.543333e+01	-3.293672e-02	5.028729e+00
7.546667e+01	-3.523114e-02	5.016798e+00
7.550000e+01	-3.670589e-02	5.009129e+00
7.553333e+01	-3.643938e-02	5.010515e+00
7.556667e+01	-3.306857e-02	5.028043e+00
7.560000e+01	-2.667252e-02	5.061303e+00
7.563333e+01	-1.998868e-02	5.096059e+00
7.566667e+01	-1.632715e-02	5.115099e+00
7.570000e+01	-1.652895e-02	5.114049e+00
7.573333e+01	-1.866952e-02	5.102918e+00
7.576667e+01	-2.028579e-02	5.094514e+00
7.580000e+01	-2.037030e-02	5.094074e+00
7.583333e+01	-1.952161e-02	5.098488e+00
7.586667e+01	-1.900983e-02	5.101149e+00
7.590000e+01	-2.030422e-02	5.094418e+00
7.593333e+01	-2.471502e-02	5.071482e+00
7.596667e+01	-3.197595e-02	5.033725e+00
76	-3.945659e-02	4.994826e+00
7.603333e+01	-4.413535e-02	4.970496e+00
7.606667e+01	-4.529398e-02	4.964471e+00
7.610000e+01	-4.471439e-02	4.967485e+00
7.613333e+01	-4.463279e-02	4.967909e+00
7.616667e+01	-4.594515e-02	4.961085e+00
7.620000e+01	-4.809429e-02	4.949910e+00
7.623333e+01	-5.011272e-02	4.939414e+00
7.626667e+01	-5.154861e-02	4.931947e+00
7.630000e+01	-5.258562e-02	4.926555e+00
7.633333e+01	-5.355833e-02	4.921497e+00
7.636667e+01	-5.432140e-02	4.917529e+00
7.640000e+01	-5.380558e-02	4.920211e+00
7.643333e+01	-5.059537e-02	4.936904e+00
7.646667e+01	-4.480303e-02	4.967024e+00
7.650000e+01	-3.893013e-02	4.997563e+00
7.653333e+01	-3.584096e-02	5.013627e+00
7.656667e+01	-3.613974e-02	5.012073e+00
7.660000e+01	-3.805000e-02	5.002140e+00
7.663333e+01	-3.942422e-02	4.994994e+00
7.666667e+01	-3.944455e-02	4.994888e+00
7.670000e+01	-3.868227e-02	4.998852e+00
7.673333e+01	-3.807115e-02	5.002030e+00
7.676667e+01	-3.802780e-02	5.002255e+00
7.680000e+01	-3.834536e-02	5.000604e+00
7.683333e+01	-3.862042e-02	4.999174e+00
7.686667e+01	-3.865388e-02	4.999000e+00
7.690000e+01	-3.852141e-02	4.999689e+00
7.693333e+01	-3.839761e-02	5.000332e+00
7.696667e+01	-3.837651e-02	5.000442e+00
77	-3.822731e-02	5.001218e+00
7.703333e+01	-3.692674e-02	5.007981e+00
7.706667e+01	-3.317972e-02	5.027465e+00
7.710000e+01	-2.786246e-02	5.055115e+00
7.713333e+01	-2.489608e-02	5.070540e+00
7.716667e+01	-2.733357e-02	5.057865e+00
7.720000e+01	-3.336500e-02	5.026502e+00
7.723333e+01	-3.808864e-02	5.001939e+00
7.726667e+01	-3.845819e-02	5.000017e+00
7.730000e+01	-3.536086e-02	5.016123e+00
7.733333e+01	-3.167470e-02	5.035291e+00
7.736667e+01	-2.939910e-02	5.047125e+00
7.740000e+01	-2.855301e-02	5.051524e+00
7.743333e+01	-2.802486e-02	5.054271e+00
7.746667e+01	-2.692785e-02	5.059975e+00
7.750000e+01	-2.520088e-02	5.068955e+00
7.753333e+01	-2.330590e-02	5.078809e+00
7.756667e+01	-2.165778e-02	5.087379e+00
7.760000e+01	-2.039318e-02	5.093955e+00
7.763333e+01	-1.951884e-02	5.098502e+00
7.766667e+01	-1.885101e-02	5.101975e+00
7.770000e+01	-1.761725e-02	5.108390e+00
7.773333e+01	-1.516926e-02	5.121120e+00
7.776667e+01	-1.252517e-02	5.134869e+00
7.780000e+01	-1.119678e-02	5.141777e+00
7.783333e+01	-1.027763e-02	5.146556e+00
7.786667e+01	-7.437847e-03	5.161323e+00
7.790000e+01	-2.676892e-03	5.186080e+00
7.793333e+01	1.358998e-03	5.207067e+00
7.796667e+01	2.554156e-03	5.213282e+00
78	1.320656e-03	5.206867e+00
7.803333e+01	-3.734931e-04	5.198058e+00
7.806667e+01	-1.055062e-03	5.194514e+00
7.810000e+01	-7.400258e-04	5.196152e+00
7.813333e+01	-4.389983e-04	5.197717e+00
7.816667e+01	-1.044475e-03	5.194569e+00
7.820000e+01	-2.640524e-03	5.186269e+00
7.823333e+01	-4.656191e-03	5.175788e+00
7.826667e+01	-6.489653e-03	5.166254e+00
7.830000e+01	-7.946872e-03	5.158676e+00
7.833333e+01	-9.208981e-03	5.152113e+00
7.836667e+01	-1.053097e-02	5.145239e+00
7.840000e+01	-1.201151e-02	5.137540e+00
7.843333e+01	-1.356667e-02	5.129453e+00
7.846667e+01	-1.499730e-02	5.122014e+00
7.850000e+01	-1.588359e-02	5.117405e+00
7.853333e+01	-1.524964e-02	5.120702e+00
7.856667e+01	-1.192382e-02	5.137996e+00
7.860000e+01	-6.159156e-03	5.167972e+00
7.863333e+01	-4.154969e-04	5.197839e+00
7.866667e+01	2.565300e-03	5.213339e+00
7.870000e+01	2.247662e-03	5.211688e+00
7.873333e+01	3.838424e-04	5.201996e+00
7.876667e+01	-9.423500e-04	5.195100e+00
7.880000e+01	-9.511361e-04	5.195054e+00
7.883333e+01	-2.073119e-04	5.198922e+00
7.886667e+01	3.826060e-04	5.201989e+00
7.890000e+01	2.157854e-04	5.201122e+00
7.893333e+01	-1.450389e-03	5.192458e+00
7.896667e+01	-5.663534e-03	5.170550e+00
79	-1.224035e-02	5.136350e+00
7.903333e+01	-1.888466e-02	5.101800e+00
7.906667e+01	-2.361562e-02	5.077199e+00
7.910000e+01	-2.706221e-02	5.059276e+00
7.913333e+01	-3.019586e-02	5.042981e+00
7.916667e+01	-3.132069e-02	5.037132e+00
7.920000e+01	-2.822960e-02	5.053206e+00
7.923333e+01	-2.219876e-02	5.084566e+00
7.926667e+01	-1.725795e-02	5.110259e+00
7.930000e+01	-1.603847e-02	5.116600e+00
7.933333e+01	-1.775910e-02	5.107653e+00
7.936667e+01	-1.984991e-02	5.096780e+00
7.940000e+01	-2.054923e-02	5.093144e+00
7.943333e+01	-1.991288e-02	5.096453e+00
7.946667e+01	-1.901059e-02	5.101145e+00
7.950000e+01	-1.866508e-02	5.102941e+00
7.953333e+01	-1.891234e-02	5.101656e+00
7.956667e+01	-1.930639e-02	5.099607e+00
7.960000e+01	-1.947428e-02	5.098734e+00
7.963333e+01	-1.937910e-02	5.099229e+00
7.966667e+01	-1.920706e-02	5.100123e+00
7.970000e+01	-1.892228e-02	5.101604e+00
7.973333e+01	-1.760196e-02	5.108470e+00
7.976667e+01	-1.355440e-02	5.129517e+00
7.980000e+01	-5.840256e-03	5.169631e+00
7.983333e+01	4.460287e-03	5.223193e+00
7.986667e+01	1.477870e-02	5.276849e+00
7.990000e+01	2.273375e-02	5.318215e+00
7.993333e+01	2.760498e-02	5.343546e+00
7.996667e+01	3.054193e-02	5.358818e+00
80	3.335424e-02	5.373442e+00
8.003333e+01	3.709235e-02	5.392880e+00
8.006667e+01	4.159511e-02	5.416294e+00
8.010000e+01	4.592851e-02	5.438828e+00
8.013333e+01	4.873322e-02	5.453413e+00
8.016667e+01	4.776724e-02	5.448390e+00
8.020000e+01	4.009914e-02	5.408515e+00
8.023333e+01	2.535905e-02	5.331867e+00
8.026667e+01	9.351982e-03	5.248630e+00
8.030000e+01	1.031885e-03	5.205366e+00
8.033333e+01	3.636928e-03	5.218912e+00
8.036667e+01	1.121525e-02	5.258319e+00
8.040000e+01	1.531335e-02	5.279629e+00
8.043333e+01	1.258358e-02	5.265435e+00
8.046667e+01	5.640838e-03	5.229332e+00
8.050000e+01	-6.372733e-04	5.196686e+00
8.053333e+01	-3.085406e-03	5.183956e+00
8.056667e+01	-1.999964e-03	5.189600e+00
8.060000e+01	1.386157e-04	5.200721e+00
8.063333e+01	1.218060e-03	5.206334e+00
8.066667e+01	8.659863e-04	5.204503e+00
8.070000e+01	-2.079499e-05	5.199892e+00
8.073333e+01	-5.141686e-04	5.197326e+00
8.076667e+01	-3.920271e-04	5.197961e+00
8.080000e+01	-1.170658e-05	5.199939e+00
8.083333e+01	2.172840e-04	5.201130e+00
8.086667e+01	3.821853e-04	5.201987e+00
8.090000e+01	1.575061e-03	5.208190e+00
8.093333e+01	5.416463e-03	5.228166e+00
8.096667e+01	1.197354e-02	5.262262e+00
81	1.859724e-02	5.296706e+00
8.103333e+01	2.202062e-02	5.314507e+00
8.106667e+01	2.131799e-02	5.310853e+00
8.110000e+01	1.825071e-02	5.294904e+00
8.113333e+01	1.524468e-02	5.279272e+00
8.116667e+01	1.349221e-02	5.270159e+00
8.120000e+01	1.266284e-02	5.265847e+00
8.123333e+01	1.184344e-02	5.261586e+00
8.126667e+01	1.050635e-02	5.254633e+00
8.130000e+01	8.758258e-03	5.245543e+00
8.133333e+01	6.985470e-03	5.236324e+00
8.136667e+01	5.446020e-03	5.228319e+00
8.140000e+01	4.196567e-03	5.221822e+00
8.143333e+01	3.444078e-03	5.217909e+00
8.146667e+01	4.078890e-03	5.221210e+00
8.150000e+01	7.328085e-03	5.238106e+00
8.153333e+01	1.303180e-02	5.267765e+00
8.156667e+01	1.877165e-02	5.297612e+00
8.160000e+01	2.178466e-02	5.313280e+00
8.163333e+01	2.149463e-02	5.311772e+00
8.166667e+01	1.963398e-02	5.302097e+00
0	0	0
0	0	0
0	0	0
