0	-5.950442e-03	4.182718e+00
3.333333e-02	-4.809955e-03	4.187517e+00
6.666667e-02	-1.947856e-03	4.199560e+00
1.000000e-01	-2.267110e-04	4.206802e+00
1.333333e-01	-3.245946e-05	4.207620e+00
1.666667e-01	5.065786e-04	4.209888e+00
2.000000e-01	3.482568e-03	4.222410e+00
2.333333e-01	9.315487e-03	4.246954e+00
2.666667e-01	1.664170e-02	4.277781e+00
3.000000e-01	2.373187e-02	4.307614e+00
3.333333e-01	2.981300e-02	4.333202e+00
3.666667e-01	3.522035e-02	4.355955e+00
4.000000e-01	4.066483e-02	4.378864e+00
4.333333e-01	4.652226e-02	4.403511e+00
4.666667e-01	5.268331e-02	4.429435e+00
5.000000e-01	5.884585e-02	4.455365e+00
5.333333e-01	6.483466e-02	4.480565e+00
5.666667e-01	7.068571e-02	4.505185e+00
6.000000e-01	7.652849e-02	4.529770e+00
6.333333e-01	8.244431e-02	4.554662e+00
6.666667e-01	8.842253e-02	4.579817e+00
7.000000e-01	9.440776e-02	4.605001e+00
7.333333e-01	1.003625e-01	4.630057e+00
7.666667e-01	1.064782e-01	4.655791e+00
8.000000e-01	1.135940e-01	4.685732e+00
8.333333e-01	1.229577e-01	4.725132e+00
8.666667e-01	1.349469e-01	4.775580e+00
9.000000e-01	1.481402e-01	4.831094e+00
9.333333e-01	1.596602e-01	4.879568e+00
9.666667e-01	1.666278e-01	4.908886e+00
1	1.681801e-01	4.915417e+00
1.033333e+00	1.663951e-01	4.907906e+00
1.066667e+00	1.650713e-01	4.902336e+00
1.100000e+00	1.672004e-01	4.911295e+00
1.133333e+00	1.726617e-01	4.934274e+00
1.166667e+00	1.781079e-01	4.957191e+00
1.200000e+00	1.797148e-01	4.963953e+00
1.233333e+00	1.762756e-01	4.949481e+00
1.266667e+00	1.696910e-01	4.921775e+00
1.300000e+00	1.628930e-01	4.893170e+00
1.333333e+00	1.575551e-01	4.870710e+00
1.366667e+00	1.534817e-01	4.853570e+00
1.400000e+00	1.495854e-01	4.837175e+00
1.433333e+00	1.451129e-01	4.818356e+00
1.466667e+00	1.400877e-01	4.797211e+00
1.500000e+00	1.349592e-01	4.775632e+00
1.533333e+00	1.301181e-01	4.755262e+00
1.566667e+00	1.258584e-01	4.737338e+00
1.600000e+00	1.225811e-01	4.723548e+00
1.633333e+00	1.205399e-01	4.714959e+00
1.666667e+00	1.188679e-01	4.707924e+00
1.700000e+00	1.145398e-01	4.689712e+00
1.733333e+00	1.037718e-01	4.644403e+00
1.766667e+00	8.838025e-02	4.579639e+00
1.800000e+00	8.203739e-02	4.552950e+00
1.833333e+00	1.029350e-01	4.640882e+00
1.866667e+00	1.519694e-01	4.847207e+00
1.900000e+00	2.026201e-01	5.060333e+00
1.933333e+00	2.222735e-01	5.143029e+00
1.966667e+00	2.031773e-01	5.062677e+00
2	1.673050e-01	4.911735e+00
2.033333e+00	1.426250e-01	4.807887e+00
2.066667e+00	1.394276e-01	4.794434e+00
2.100000e+00	1.483712e-01	4.832066e+00
2.133333e+00	1.550102e-01	4.860001e+00
2.166667e+00	1.528553e-01	4.850934e+00
2.200000e+00	1.450300e-01	4.818007e+00
2.233333e+00	1.377684e-01	4.787452e+00
2.266667e+00	1.342139e-01	4.772496e+00
2.300000e+00	1.332579e-01	4.768473e+00
2.333333e+00	1.322121e-01	4.764072e+00
2.366667e+00	1.296271e-01	4.753196e+00
2.400000e+00	1.260648e-01	4.738206e+00
2.433333e+00	1.232727e-01	4.726458e+00
2.466667e+00	1.234747e-01	4.727308e+00
2.500000e+00	1.290567e-01	4.750795e+00
2.533333e+00	1.410847e-01	4.801406e+00
2.566667e+00	1.574488e-01	4.870262e+00
2.600000e+00	1.736239e-01	4.938323e+00
2.633333e+00	1.854432e-01	4.988056e+00
2.666667e+00	1.910389e-01	5.011602e+00
2.700000e+00	1.913265e-01	5.012812e+00
2.733333e+00	1.891610e-01	5.003700e+00
2.766667e+00	1.873695e-01	4.996161e+00
2.800000e+00	1.871256e-01	4.995135e+00
2.833333e+00	1.879101e-01	4.998436e+00
2.866667e+00	1.886513e-01	5.001555e+00
2.900000e+00	1.892869e-01	5.004230e+00
2.933333e+00	1.925691e-01	5.018040e+00
2.966667e+00	2.036740e-01	5.064767e+00
3	2.246607e-01	5.153074e+00
3.033333e+00	2.491213e-01	5.255998e+00
3.066667e+00	2.657714e-01	5.326058e+00
3.100000e+00	2.675154e-01	5.333396e+00
3.133333e+00	2.553484e-01	5.282200e+00
3.166667e+00	2.358731e-01	5.200253e+00
3.200000e+00	2.173500e-01	5.122312e+00
3.233333e+00	2.052676e-01	5.071472e+00
3.266667e+00	1.991788e-01	5.045852e+00
3.300000e+00	1.947973e-01	5.027416e+00
3.333333e+00	1.887328e-01	5.001898e+00
3.366667e+00	1.803080e-01	4.966448e+00
3.400000e+00	1.708424e-01	4.926620e+00
3.433333e+00	1.618262e-01	4.888682e+00
3.466667e+00	1.524731e-01	4.849326e+00
3.500000e+00	1.405032e-01	4.798959e+00
3.533333e+00	1.265614e-01	4.740296e+00
3.566667e+00	1.153948e-01	4.693309e+00
3.600000e+00	1.111662e-01	4.675517e+00
3.633333e+00	1.132039e-01	4.684091e+00
3.666667e+00	1.174090e-01	4.701785e+00
3.700000e+00	1.211378e-01	4.717475e+00
3.733333e+00	1.256818e-01	4.736595e+00
3.766667e+00	1.338234e-01	4.770852e+00
3.800000e+00	1.461307e-01	4.822639e+00
3.833333e+00	1.604063e-01	4.882707e+00
3.866667e+00	1.737535e-01	4.938869e+00
3.900000e+00	1.839894e-01	4.981939e+00
3.933333e+00	1.900442e-01	5.007416e+00
3.966667e+00	1.930720e-01	5.020156e+00
4	1.965260e-01	5.034690e+00
4.033333e+00	2.030611e-01	5.062188e+00
4.066667e+00	2.121757e-01	5.100540e+00
4.100000e+00	2.218223e-01	5.141131e+00
4.133333e+00	2.305505e-01	5.177857e+00
4.166667e+00	2.380512e-01	5.209418e+00
4.200000e+00	2.451612e-01	5.239335e+00
4.233333e+00	2.525327e-01	5.270352e+00
4.266667e+00	2.589308e-01	5.297274e+00
4.300000e+00	2.622471e-01	5.311228e+00
4.333333e+00	2.620531e-01	5.310412e+00
4.366667e+00	2.601209e-01	5.302282e+00
4.400000e+00	2.583970e-01	5.295028e+00
4.433333e+00	2.566219e-01	5.287559e+00
4.466667e+00	2.524951e-01	5.270194e+00
4.500000e+00	2.448007e-01	5.237818e+00
4.533333e+00	2.350854e-01	5.196938e+00
4.566667e+00	2.255786e-01	5.156936e+00
4.600000e+00	2.175413e-01	5.123117e+00
4.633333e+00	2.119810e-01	5.099721e+00
4.666667e+00	2.097075e-01	5.090154e+00
4.700000e+00	2.102423e-01	5.092405e+00
4.733333e+00	2.118427e-01	5.099139e+00
4.766667e+00	2.131086e-01	5.104466e+00
4.800000e+00	2.147142e-01	5.111221e+00
4.833333e+00	2.189719e-01	5.129137e+00
4.866667e+00	2.266151e-01	5.161298e+00
4.900000e+00	2.347376e-01	5.195475e+00
4.933333e+00	2.395677e-01	5.215799e+00
4.966667e+00	2.413548e-01	5.223319e+00
5	2.453102e-01	5.239962e+00
5.033333e+00	2.562527e-01	5.286005e+00
5.066667e+00	2.723080e-01	5.353562e+00
5.100000e+00	2.857725e-01	5.410217e+00
5.133333e+00	2.903925e-01	5.429657e+00
5.166667e+00	2.858820e-01	5.410678e+00
5.200000e+00	2.758021e-01	5.368264e+00
5.233333e+00	2.637139e-01	5.317400e+00
5.266667e+00	2.520056e-01	5.268135e+00
5.300000e+00	2.427844e-01	5.229334e+00
5.333333e+00	2.380380e-01	5.209362e+00
5.366667e+00	2.383306e-01	5.210594e+00
5.400000e+00	2.422729e-01	5.227182e+00
5.433333e+00	2.477873e-01	5.250385e+00
5.466667e+00	2.534827e-01	5.274350e+00
5.500000e+00	2.589403e-01	5.297314e+00
5.533333e+00	2.642831e-01	5.319795e+00
5.566667e+00	2.696980e-01	5.342580e+00
5.600000e+00	2.752236e-01	5.365830e+00
5.633333e+00	2.807837e-01	5.389226e+00
5.666667e+00	2.863034e-01	5.412451e+00
5.700000e+00	2.917709e-01	5.435457e+00
5.733333e+00	2.971628e-01	5.458145e+00
5.766667e+00	3.021850e-01	5.479277e+00
5.800000e+00	3.058526e-01	5.494709e+00
5.833333e+00	3.059861e-01	5.495271e+00
5.866667e+00	2.996133e-01	5.468456e+00
5.900000e+00	2.858192e-01	5.410414e+00
5.933333e+00	2.688592e-01	5.339050e+00
5.966667e+00	2.562751e-01	5.286100e+00
6	2.531040e-01	5.272756e+00
6.033333e+00	2.597401e-01	5.300680e+00
6.066667e+00	2.742105e-01	5.361567e+00
6.100000e+00	2.925909e-01	5.438908e+00
6.133333e+00	3.083669e-01	5.505289e+00
6.166667e+00	3.159613e-01	5.537244e+00
6.200000e+00	3.153557e-01	5.534696e+00
6.233333e+00	3.115291e-01	5.518595e+00
6.266667e+00	3.096353e-01	5.510626e+00
6.300000e+00	3.113092e-01	5.517669e+00
6.333333e+00	3.148714e-01	5.532659e+00
6.366667e+00	3.179521e-01	5.545621e+00
6.400000e+00	3.195840e-01	5.552488e+00
6.433333e+00	3.203490e-01	5.555707e+00
6.466667e+00	3.212622e-01	5.559550e+00
6.500000e+00	3.227908e-01	5.565981e+00
6.533333e+00	3.247018e-01	5.574022e+00
6.566667e+00	3.264773e-01	5.581493e+00
6.600000e+00	3.277601e-01	5.586891e+00
6.633333e+00	3.285503e-01	5.590216e+00
6.666667e+00	3.293674e-01	5.593654e+00
6.700000e+00	3.316470e-01	5.603246e+00
6.733333e+00	3.371966e-01	5.626598e+00
6.766667e+00	3.463294e-01	5.665026e+00
6.800000e+00	3.580146e-01	5.714195e+00
6.833333e+00	3.717536e-01	5.772005e+00
6.866667e+00	3.857321e-01	5.830823e+00
6.900000e+00	3.943824e-01	5.867221e+00
6.933333e+00	3.927828e-01	5.860491e+00
6.966667e+00	3.823152e-01	5.816445e+00
7	3.689838e-01	5.760350e+00
7.033333e+00	3.582462e-01	5.715169e+00
7.066667e+00	3.526536e-01	5.691637e+00
7.100000e+00	3.511154e-01	5.685164e+00
7.133333e+00	3.480658e-01	5.672332e+00
7.166667e+00	3.367894e-01	5.624884e+00
7.200000e+00	3.175393e-01	5.543884e+00
7.233333e+00	2.989917e-01	5.465841e+00
7.266667e+00	2.888441e-01	5.423142e+00
7.300000e+00	2.875876e-01	5.417855e+00
7.333333e+00	2.920730e-01	5.436728e+00
7.366667e+00	2.992868e-01	5.467082e+00
7.400000e+00	3.060966e-01	5.495736e+00
7.433333e+00	3.096263e-01	5.510588e+00
7.466667e+00	3.090989e-01	5.508369e+00
7.500000e+00	3.061387e-01	5.495913e+00
7.533333e+00	3.030568e-01	5.482946e+00
7.566667e+00	3.010956e-01	5.474693e+00
7.600000e+00	3.000565e-01	5.470321e+00
7.633333e+00	2.991065e-01	5.466324e+00
7.666667e+00	2.977042e-01	5.460423e+00
7.700000e+00	2.958975e-01	5.452821e+00
7.733333e+00	2.940333e-01	5.444977e+00
7.766667e+00	2.923572e-01	5.437924e+00
7.800000e+00	2.908622e-01	5.431634e+00
7.833333e+00	2.894014e-01	5.425487e+00
7.866667e+00	2.878795e-01	5.419083e+00
7.900000e+00	2.863716e-01	5.412738e+00
7.933333e+00	2.850750e-01	5.407283e+00
7.966667e+00	2.843883e-01	5.404393e+00
8	2.859928e-01	5.411144e+00
8.033333e+00	2.941954e-01	5.445659e+00
8.066667e+00	3.136560e-01	5.527544e+00
8.100000e+00	3.428925e-01	5.650565e+00
8.133333e+00	3.716163e-01	5.771427e+00
8.166667e+00	3.880618e-01	5.840626e+00
8.200000e+00	3.888192e-01	5.843813e+00
8.233333e+00	3.796380e-01	5.805180e+00
8.266667e+00	3.682410e-01	5.757225e+00
8.300000e+00	3.591506e-01	5.718975e+00
8.333333e+00	3.533996e-01	5.694776e+00
8.366667e+00	3.485476e-01	5.674360e+00
8.400000e+00	3.402056e-01	5.639259e+00
8.433333e+00	3.283070e-01	5.589192e+00
8.466667e+00	3.191406e-01	5.550622e+00
8.500000e+00	3.171864e-01	5.542399e+00
8.533333e+00	3.207246e-01	5.557287e+00
8.566667e+00	3.275500e-01	5.586007e+00
8.600000e+00	3.366523e-01	5.624307e+00
8.633333e+00	3.438422e-01	5.654561e+00
8.666667e+00	3.438360e-01	5.654534e+00
8.700000e+00	3.367580e-01	5.624752e+00
8.733333e+00	3.272404e-01	5.584704e+00
8.766667e+00	3.176220e-01	5.544232e+00
8.800000e+00	3.063586e-01	5.496839e+00
8.833333e+00	2.932764e-01	5.441792e+00
8.866667e+00	2.828742e-01	5.398022e+00
8.900000e+00	2.819291e-01	5.394045e+00
8.933333e+00	2.949821e-01	5.448969e+00
8.966667e+00	3.198466e-01	5.553593e+00
9	3.466057e-01	5.666189e+00
9.033333e+00	3.651408e-01	5.744180e+00
9.066667e+00	3.754537e-01	5.787574e+00
9.100000e+00	3.867508e-01	5.835110e+00
9.133333e+00	4.047182e-01	5.910712e+00
9.166667e+00	4.238896e-01	5.991381e+00
9.200000e+00	4.343951e-01	6.035585e+00
9.233333e+00	4.321413e-01	6.026102e+00
9.266667e+00	4.211032e-01	5.979656e+00
9.300000e+00	4.100512e-01	5.933152e+00
9.333333e+00	4.082002e-01	5.925363e+00
9.366667e+00	4.196551e-01	5.973563e+00
9.400000e+00	4.400586e-01	6.059416e+00
9.433333e+00	4.602308e-01	6.144295e+00
9.466667e+00	4.731569e-01	6.198685e+00
9.500000e+00	4.776640e-01	6.217650e+00
9.533333e+00	4.779386e-01	6.218806e+00
9.566667e+00	4.800827e-01	6.227827e+00
9.600000e+00	4.869007e-01	6.256516e+00
9.633333e+00	4.956084e-01	6.293156e+00
9.666667e+00	5.017333e-01	6.318928e+00
9.700000e+00	5.045462e-01	6.330764e+00
9.733333e+00	5.074764e-01	6.343093e+00
9.766667e+00	5.139535e-01	6.370347e+00
9.800000e+00	5.241551e-01	6.413273e+00
9.833333e+00	5.356411e-01	6.461604e+00
9.866667e+00	5.460680e-01	6.505477e+00
9.900000e+00	5.549003e-01	6.542642e+00
9.933333e+00	5.630641e-01	6.576993e+00
9.966667e+00	5.716122e-01	6.612961e+00
10	5.807509e-01	6.651415e+00
1.003333e+01	5.896633e-01	6.688916e+00
1.006667e+01	5.972009e-01	6.720632e+00
1.010000e+01	6.031079e-01	6.745487e+00
1.013333e+01	6.082067e-01	6.766942e+00
1.016667e+01	6.129430e-01	6.786871e+00
1.020000e+01	6.164895e-01	6.801794e+00
1.023333e+01	6.178564e-01	6.807546e+00
1.026667e+01	6.172786e-01	6.805114e+00
1.030000e+01	6.160636e-01	6.800002e+00
1.033333e+01	6.153376e-01	6.796947e+00
1.036667e+01	6.150392e-01	6.795691e+00
1.040000e+01	6.139612e-01	6.791155e+00
1.043333e+01	6.108276e-01	6.777970e+00
1.046667e+01	6.054732e-01	6.755440e+00
1.050000e+01	5.989566e-01	6.728020e+00
1.053333e+01	5.925883e-01	6.701223e+00
1.056667e+01	5.869719e-01	6.677591e+00
1.060000e+01	5.818762e-01	6.656149e+00
1.063333e+01	5.767700e-01	6.634664e+00
1.066667e+01	5.713599e-01	6.611900e+00
1.070000e+01	5.657167e-01	6.588155e+00
1.073333e+01	5.600648e-01	6.564372e+00
1.076667e+01	5.545983e-01	6.541371e+00
1.080000e+01	5.496238e-01	6.520440e+00
1.083333e+01	5.457847e-01	6.504285e+00
1.086667e+01	5.437592e-01	6.495763e+00
1.090000e+01	5.435598e-01	6.494923e+00
1.093333e+01	5.443502e-01	6.498250e+00
1.096667e+01	5.450838e-01	6.501336e+00
11	5.449847e-01	6.500919e+00
1.103333e+01	5.430237e-01	6.492668e+00
1.106667e+01	5.375844e-01	6.469780e+00
1.110000e+01	5.277390e-01	6.428354e+00
1.113333e+01	5.148565e-01	6.374147e+00
1.116667e+01	5.018268e-01	6.319321e+00
1.120000e+01	4.888114e-01	6.264555e+00
1.123333e+01	4.707437e-01	6.188531e+00
1.126667e+01	4.437943e-01	6.075135e+00
1.130000e+01	4.139973e-01	5.949756e+00
1.133333e+01	3.935696e-01	5.863801e+00
1.136667e+01	3.880936e-01	5.840760e+00
1.140000e+01	3.922098e-01	5.858080e+00
1.143333e+01	3.981009e-01	5.882868e+00
1.146667e+01	4.019987e-01	5.899269e+00
1.150000e+01	4.013132e-01	5.896385e+00
1.153333e+01	3.928556e-01	5.860797e+00
1.156667e+01	3.766303e-01	5.792525e+00
1.160000e+01	3.567773e-01	5.708988e+00
1.163333e+01	3.385304e-01	5.632210e+00
1.166667e+01	3.273693e-01	5.585246e+00
1.170000e+01	3.280051e-01	5.587922e+00
1.173333e+01	3.394742e-01	5.636181e+00
1.176667e+01	3.535151e-01	5.695262e+00
1.180000e+01	3.612462e-01	5.727792e+00
1.183333e+01	3.604663e-01	5.724511e+00
1.186667e+01	3.558505e-01	5.705088e+00
1.190000e+01	3.540632e-01	5.697568e+00
1.193333e+01	3.589460e-01	5.718114e+00
1.196667e+01	3.690100e-01	5.760460e+00
12	3.784271e-01	5.800085e+00
1.203333e+01	3.811555e-01	5.811566e+00
1.206667e+01	3.746045e-01	5.784001e+00
1.210000e+01	3.598547e-01	5.721937e+00
1.213333e+01	3.399872e-01	5.638340e+00
1.216667e+01	3.200231e-01	5.554336e+00
1.220000e+01	3.071550e-01	5.500190e+00
1.223333e+01	3.069041e-01	5.499134e+00
1.226667e+01	3.175279e-01	5.543836e+00
1.230000e+01	3.303536e-01	5.597804e+00
1.233333e+01	3.370591e-01	5.626019e+00
1.236667e+01	3.359972e-01	5.621551e+00
1.240000e+01	3.314267e-01	5.602319e+00
1.243333e+01	3.279819e-01	5.587824e+00
1.246667e+01	3.265890e-01	5.581963e+00
1.250000e+01	3.249987e-01	5.575272e+00
1.253333e+01	3.210378e-01	5.558605e+00
1.256667e+01	3.147302e-01	5.532064e+00
1.260000e+01	3.077235e-01	5.502582e+00
1.263333e+01	3.014835e-01	5.476326e+00
1.266667e+01	2.962649e-01	5.454367e+00
1.270000e+01	2.914220e-01	5.433989e+00
1.273333e+01	2.862906e-01	5.412397e+00
1.276667e+01	2.807733e-01	5.389182e+00
1.280000e+01	2.754587e-01	5.366819e+00
1.283333e+01	2.715165e-01	5.350231e+00
1.286667e+01	2.704015e-01	5.345540e+00
1.290000e+01	2.729732e-01	5.356361e+00
1.293333e+01	2.782291e-01	5.378477e+00
1.296667e+01	2.833372e-01	5.399970e+00
13	2.860069e-01	5.411204e+00
1.303333e+01	2.871634e-01	5.416070e+00
1.306667e+01	2.900724e-01	5.428310e+00
1.310000e+01	2.954009e-01	5.450731e+00
1.313333e+01	2.987451e-01	5.464803e+00
1.316667e+01	2.956700e-01	5.451864e+00
1.320000e+01	2.876963e-01	5.418312e+00
1.323333e+01	2.807534e-01	5.389098e+00
1.326667e+01	2.788855e-01	5.381239e+00
1.330000e+01	2.812093e-01	5.391017e+00
1.333333e+01	2.841568e-01	5.403419e+00
1.336667e+01	2.851936e-01	5.407782e+00
1.340000e+01	2.840812e-01	5.403101e+00
1.343333e+01	2.811323e-01	5.390693e+00
1.346667e+01	2.757451e-01	5.368025e+00
1.350000e+01	2.679871e-01	5.335381e+00
1.353333e+01	2.604235e-01	5.303555e+00
1.356667e+01	2.566030e-01	5.287479e+00
1.360000e+01	2.584947e-01	5.295439e+00
1.363333e+01	2.705309e-01	5.346085e+00
1.366667e+01	3.122610e-01	5.521674e+00
1.370000e+01	4.131775e-01	5.946306e+00
1.373333e+01	5.700268e-01	6.606290e+00
1.376667e+01	7.169345e-01	7.224442e+00
1.380000e+01	7.612459e-01	7.410893e+00
1.383333e+01	6.573044e-01	6.973533e+00
1.386667e+01	4.543008e-01	6.119343e+00
1.390000e+01	2.685140e-01	5.337598e+00
1.393333e+01	1.906255e-01	5.009862e+00
1.396667e+01	2.189978e-01	5.129246e+00
14	2.835564e-01	5.400892e+00
1.403333e+01	3.192277e-01	5.550989e+00
1.406667e+01	3.111558e-01	5.517024e+00
1.410000e+01	2.845971e-01	5.405271e+00
1.413333e+01	2.683584e-01	5.336943e+00
1.416667e+01	2.710986e-01	5.348473e+00
1.420000e+01	2.840831e-01	5.403109e+00
1.423333e+01	2.964318e-01	5.455069e+00
1.426667e+01	3.038801e-01	5.486410e+00
1.430000e+01	3.071780e-01	5.500286e+00
1.433333e+01	3.080654e-01	5.504020e+00
1.436667e+01	3.078018e-01	5.502911e+00
1.440000e+01	3.072384e-01	5.500541e+00
1.443333e+01	3.068890e-01	5.499070e+00
1.446667e+01	3.068816e-01	5.499039e+00
1.450000e+01	3.070553e-01	5.499770e+00
1.453333e+01	3.071938e-01	5.500353e+00
1.456667e+01	3.072051e-01	5.500401e+00
1.460000e+01	3.071359e-01	5.500109e+00
1.463333e+01	3.070755e-01	5.499855e+00
1.466667e+01	3.070679e-01	5.499823e+00
1.470000e+01	3.070967e-01	5.499945e+00
1.473333e+01	3.071238e-01	5.500058e+00
1.476667e+01	3.071285e-01	5.500078e+00
1.480000e+01	3.071165e-01	5.500028e+00
1.483333e+01	3.071044e-01	5.499977e+00
1.486667e+01	3.073539e-01	5.501027e+00
1.490000e+01	3.090347e-01	5.508099e+00
1.493333e+01	3.139184e-01	5.528648e+00
1.496667e+01	3.217578e-01	5.561635e+00
15	3.279468e-01	5.587676e+00
1.503333e+01	3.257089e-01	5.578260e+00
1.506667e+01	3.123970e-01	5.522247e+00
1.510000e+01	2.935805e-01	5.443072e+00
1.513333e+01	2.840188e-01	5.402838e+00
1.516667e+01	3.118214e-01	5.519825e+00
1.520000e+01	4.084958e-01	5.926607e+00
1.523333e+01	5.675846e-01	6.596014e+00
1.526667e+01	7.236467e-01	7.252686e+00
1.530000e+01	7.980818e-01	7.565890e+00
1.533333e+01	7.540086e-01	7.380441e+00
1.536667e+01	6.059003e-01	6.757237e+00
1.540000e+01	4.113934e-01	5.938799e+00
1.543333e+01	2.523887e-01	5.269746e+00
1.546667e+01	1.853494e-01	4.987661e+00
1.550000e+01	2.011384e-01	5.054098e+00
1.553333e+01	2.446716e-01	5.237275e+00
1.556667e+01	2.685297e-01	5.337664e+00
1.560000e+01	2.622407e-01	5.311201e+00
1.563333e+01	2.423629e-01	5.227560e+00
1.566667e+01	2.282446e-01	5.168154e+00
1.570000e+01	2.268574e-01	5.162317e+00
1.573333e+01	2.328359e-01	5.187473e+00
1.576667e+01	2.375206e-01	5.207185e+00
1.580000e+01	2.368691e-01	5.204444e+00
1.583333e+01	2.326362e-01	5.186633e+00
1.586667e+01	2.285906e-01	5.169610e+00
1.590000e+01	2.267389e-01	5.161818e+00
1.593333e+01	2.265076e-01	5.160845e+00
1.596667e+01	2.262898e-01	5.159929e+00
16	2.251483e-01	5.155126e+00
1.603333e+01	2.232709e-01	5.147226e+00
1.606667e+01	2.213468e-01	5.139130e+00
1.610000e+01	2.198107e-01	5.132666e+00
1.613333e+01	2.186079e-01	5.127605e+00
1.616667e+01	2.174584e-01	5.122768e+00
1.620000e+01	2.162306e-01	5.117602e+00
1.623333e+01	2.150411e-01	5.112597e+00
1.626667e+01	2.140305e-01	5.108345e+00
1.630000e+01	2.131874e-01	5.104797e+00
1.633333e+01	2.124750e-01	5.101799e+00
1.636667e+01	2.119786e-01	5.099711e+00
1.640000e+01	2.117989e-01	5.098955e+00
1.643333e+01	2.113795e-01	5.097190e+00
1.646667e+01	2.079418e-01	5.082725e+00
1.650000e+01	1.965979e-01	5.034993e+00
1.653333e+01	1.755175e-01	4.946291e+00
1.656667e+01	1.511224e-01	4.843643e+00
1.660000e+01	1.343258e-01	4.772967e+00
1.663333e+01	1.306990e-01	4.757706e+00
1.666667e+01	1.362863e-01	4.781216e+00
1.670000e+01	1.427468e-01	4.808400e+00
1.673333e+01	1.447867e-01	4.816984e+00
1.676667e+01	1.427653e-01	4.808478e+00
1.680000e+01	1.400199e-01	4.796926e+00
1.683333e+01	1.390201e-01	4.792719e+00
1.686667e+01	1.398113e-01	4.796048e+00
1.690000e+01	1.410098e-01	4.801091e+00
1.693333e+01	1.414973e-01	4.803143e+00
1.696667e+01	1.411895e-01	4.801847e+00
17	1.406652e-01	4.799641e+00
1.703333e+01	1.404295e-01	4.798650e+00
1.706667e+01	1.405466e-01	4.799142e+00
1.710000e+01	1.407751e-01	4.800103e+00
1.713333e+01	1.411399e-01	4.801639e+00
1.716667e+01	1.427725e-01	4.808508e+00
1.720000e+01	1.475517e-01	4.828618e+00
1.723333e+01	1.555887e-01	4.862436e+00
1.726667e+01	1.637229e-01	4.896662e+00
1.730000e+01	1.678321e-01	4.913953e+00
1.733333e+01	1.658387e-01	4.905565e+00
1.736667e+01	1.583471e-01	4.874043e+00
1.740000e+01	1.483217e-01	4.831858e+00
1.743333e+01	1.403809e-01	4.798445e+00
1.746667e+01	1.387754e-01	4.791689e+00
1.750000e+01	1.448547e-01	4.817270e+00
1.753333e+01	1.556332e-01	4.862623e+00
1.756667e+01	1.652383e-01	4.903039e+00
1.760000e+01	1.692339e-01	4.919851e+00
1.763333e+01	1.678003e-01	4.913819e+00
1.766667e+01	1.643247e-01	4.899195e+00
1.770000e+01	1.612027e-01	4.886058e+00
1.773333e+01	1.578095e-01	4.871780e+00
1.776667e+01	1.528891e-01	4.851077e+00
1.780000e+01	1.476143e-01	4.828881e+00
1.783333e+01	1.448889e-01	4.817414e+00
1.786667e+01	1.462387e-01	4.823093e+00
1.790000e+01	1.504450e-01	4.840792e+00
1.793333e+01	1.550042e-01	4.859976e+00
1.796667e+01	1.582955e-01	4.873825e+00
18	1.603733e-01	4.882568e+00
1.803333e+01	1.622047e-01	4.890274e+00
1.806667e+01	1.645326e-01	4.900069e+00
1.810000e+01	1.673922e-01	4.912102e+00
1.813333e+01	1.703853e-01	4.924696e+00
1.816667e+01	1.731770e-01	4.936443e+00
1.820000e+01	1.757332e-01	4.947199e+00
1.823333e+01	1.781920e-01	4.957545e+00
1.826667e+01	1.805738e-01	4.967567e+00
1.830000e+01	1.827041e-01	4.976531e+00
1.833333e+01	1.844847e-01	4.984023e+00
1.836667e+01	1.860435e-01	4.990582e+00
1.840000e+01	1.874365e-01	4.996444e+00
1.843333e+01	1.884311e-01	5.000628e+00
1.846667e+01	1.887880e-01	5.002130e+00
1.850000e+01	1.886084e-01	5.001375e+00
1.853333e+01	1.882694e-01	4.999948e+00
1.856667e+01	1.880932e-01	4.999207e+00
1.860000e+01	1.878896e-01	4.998350e+00
1.863333e+01	1.863514e-01	4.991878e+00
1.866667e+01	1.815536e-01	4.971690e+00
1.870000e+01	1.737001e-01	4.938644e+00
1.873333e+01	1.671985e-01	4.911287e+00
1.876667e+01	1.677210e-01	4.913486e+00
1.880000e+01	1.761584e-01	4.948988e+00
1.883333e+01	1.869105e-01	4.994230e+00
1.886667e+01	1.931631e-01	5.020540e+00
1.890000e+01	1.928820e-01	5.019357e+00
1.893333e+01	1.892273e-01	5.003979e+00
1.896667e+01	1.864521e-01	4.992301e+00
19	1.863148e-01	4.991724e+00
1.903333e+01	1.877857e-01	4.997913e+00
1.906667e+01	1.890218e-01	5.003114e+00
1.910000e+01	1.891495e-01	5.003651e+00
1.913333e+01	1.882858e-01	5.000017e+00
1.916667e+01	1.860546e-01	4.990629e+00
1.920000e+01	1.810915e-01	4.969745e+00
1.923333e+01	1.732553e-01	4.936772e+00
1.926667e+01	1.656378e-01	4.904720e+00
1.930000e+01	1.632970e-01	4.894870e+00
1.933333e+01	1.700891e-01	4.923450e+00
1.936667e+01	1.855544e-01	4.988524e+00
1.940000e+01	2.039052e-01	5.065740e+00
1.943333e+01	2.183760e-01	5.126630e+00
1.946667e+01	2.279199e-01	5.166788e+00
1.950000e+01	2.371016e-01	5.205422e+00
1.953333e+01	2.479370e-01	5.251015e+00
1.956667e+01	2.537763e-01	5.275585e+00
1.960000e+01	2.444656e-01	5.236408e+00
1.963333e+01	2.191902e-01	5.130055e+00
1.966667e+01	1.910641e-01	5.011707e+00
1.970000e+01	1.756051e-01	4.946660e+00
1.973333e+01	1.770114e-01	4.952577e+00
1.976667e+01	1.885375e-01	5.001076e+00
1.980000e+01	2.036450e-01	5.064645e+00
1.983333e+01	2.209366e-01	5.137404e+00
1.986667e+01	2.364635e-01	5.202737e+00
1.990000e+01	2.393234e-01	5.214771e+00
1.993333e+01	2.230889e-01	5.146460e+00
1.996667e+01	1.969976e-01	5.036674e+00
20	1.782856e-01	4.957939e+00
2.003333e+01	1.761070e-01	4.948772e+00
2.006667e+01	1.877971e-01	4.997961e+00
2.010000e+01	2.075356e-01	5.081016e+00
2.013333e+01	2.321200e-01	5.184461e+00
2.016667e+01	2.582064e-01	5.294226e+00
2.020000e+01	2.795355e-01	5.383974e+00
2.023333e+01	2.903102e-01	5.429311e+00
2.026667e+01	2.903252e-01	5.429374e+00
2.030000e+01	2.843368e-01	5.404176e+00
2.033333e+01	2.759154e-01	5.368741e+00
2.036667e+01	2.651407e-01	5.323404e+00
2.040000e+01	2.532235e-01	5.273259e+00
2.043333e+01	2.450636e-01	5.238924e+00
2.046667e+01	2.454164e-01	5.240409e+00
2.050000e+01	2.536168e-01	5.274914e+00
2.053333e+01	2.629291e-01	5.314098e+00
2.056667e+01	2.660621e-01	5.327281e+00
2.060000e+01	2.599632e-01	5.301618e+00
2.063333e+01	2.455357e-01	5.240911e+00
2.066667e+01	2.270412e-01	5.163090e+00
2.070000e+01	2.123704e-01	5.101359e+00
2.073333e+01	2.107369e-01	5.094486e+00
2.076667e+01	2.261494e-01	5.159338e+00
2.080000e+01	2.486660e-01	5.254082e+00
2.083333e+01	2.564982e-01	5.287038e+00
2.086667e+01	2.367057e-01	5.203756e+00
2.090000e+01	2.019704e-01	5.057599e+00
2.093333e+01	1.805598e-01	4.967508e+00
2.096667e+01	1.909021e-01	5.011026e+00
21	2.262232e-01	5.159648e+00
2.103333e+01	2.617080e-01	5.308960e+00
2.106667e+01	2.765539e-01	5.371428e+00
2.110000e+01	2.692656e-01	5.340760e+00
2.113333e+01	2.534013e-01	5.274007e+00
2.116667e+01	2.425466e-01	5.228333e+00
2.120000e+01	2.404738e-01	5.219612e+00
2.123333e+01	2.425222e-01	5.228231e+00
2.126667e+01	2.428167e-01	5.229470e+00
2.130000e+01	2.393705e-01	5.214969e+00
2.133333e+01	2.339882e-01	5.192322e+00
2.136667e+01	2.292363e-01	5.172327e+00
2.140000e+01	2.260983e-01	5.159123e+00
2.143333e+01	2.238682e-01	5.149739e+00
2.146667e+01	2.214221e-01	5.139446e+00
2.150000e+01	2.183146e-01	5.126371e+00
2.153333e+01	2.150072e-01	5.112454e+00
2.156667e+01	2.124178e-01	5.101559e+00
2.160000e+01	2.112050e-01	5.096456e+00
2.163333e+01	2.112708e-01	5.096732e+00
2.166667e+01	2.118948e-01	5.099358e+00
2.170000e+01	2.123461e-01	5.101257e+00
2.173333e+01	2.123595e-01	5.101313e+00
2.176667e+01	2.121197e-01	5.100304e+00
2.180000e+01	2.119254e-01	5.099487e+00
2.183333e+01	2.119104e-01	5.099424e+00
2.186667e+01	2.120102e-01	5.099844e+00
2.190000e+01	2.120972e-01	5.100210e+00
2.193333e+01	2.121081e-01	5.100256e+00
2.196667e+01	2.120665e-01	5.100080e+00
22	2.120273e-01	5.099916e+00
2.203333e+01	2.120205e-01	5.099887e+00
2.206667e+01	2.120378e-01	5.099960e+00
2.210000e+01	2.120686e-01	5.100089e+00
2.213333e+01	2.121739e-01	5.100533e+00
2.216667e+01	2.125118e-01	5.101954e+00
2.220000e+01	2.131998e-01	5.104849e+00
2.223333e+01	2.141523e-01	5.108857e+00
2.226667e+01	2.151680e-01	5.113131e+00
2.230000e+01	2.161648e-01	5.117325e+00
2.233333e+01	2.172219e-01	5.121773e+00
2.236667e+01	2.184212e-01	5.126820e+00
2.240000e+01	2.197361e-01	5.132352e+00
2.243333e+01	2.210702e-01	5.137966e+00
2.246667e+01	2.223524e-01	5.143361e+00
2.250000e+01	2.235809e-01	5.148530e+00
2.253333e+01	2.247961e-01	5.153644e+00
2.256667e+01	2.260316e-01	5.158842e+00
2.260000e+01	2.272908e-01	5.164141e+00
2.263333e+01	2.285571e-01	5.169469e+00
2.266667e+01	2.298152e-01	5.174763e+00
2.270000e+01	2.310629e-01	5.180013e+00
2.273333e+01	2.323071e-01	5.185248e+00
2.276667e+01	2.337933e-01	5.191502e+00
2.280000e+01	2.366196e-01	5.203394e+00
2.283333e+01	2.423934e-01	5.227689e+00
2.286667e+01	2.509521e-01	5.263701e+00
2.290000e+01	2.591101e-01	5.298029e+00
2.293333e+01	2.632397e-01	5.315405e+00
2.296667e+01	2.627265e-01	5.313246e+00
23	2.598338e-01	5.301074e+00
2.303333e+01	2.563100e-01	5.286246e+00
2.306667e+01	2.514413e-01	5.265760e+00
2.310000e+01	2.444041e-01	5.236149e+00
2.313333e+01	2.371077e-01	5.205448e+00
2.316667e+01	2.328322e-01	5.187457e+00
2.320000e+01	2.327354e-01	5.187050e+00
2.323333e+01	2.349728e-01	5.196465e+00
2.326667e+01	2.368511e-01	5.204368e+00
2.330000e+01	2.368450e-01	5.204343e+00
2.333333e+01	2.343005e-01	5.193636e+00
2.336667e+01	2.285974e-01	5.169638e+00
2.340000e+01	2.203561e-01	5.134961e+00
2.343333e+01	2.125925e-01	5.102294e+00
2.346667e+01	2.086409e-01	5.085666e+00
2.350000e+01	2.090675e-01	5.087462e+00
2.353333e+01	2.112779e-01	5.096762e+00
2.356667e+01	2.113555e-01	5.097089e+00
2.360000e+01	2.064949e-01	5.076637e+00
2.363333e+01	1.974279e-01	5.038485e+00
2.366667e+01	1.877744e-01	4.997865e+00
2.370000e+01	1.793852e-01	4.962566e+00
2.373333e+01	1.714463e-01	4.929161e+00
2.376667e+01	1.653764e-01	4.903620e+00
2.380000e+01	1.657307e-01	4.905111e+00
2.383333e+01	1.755077e-01	4.946250e+00
2.386667e+01	1.925303e-01	5.017877e+00
2.390000e+01	2.097608e-01	5.090378e+00
2.393333e+01	2.207340e-01	5.136551e+00
2.396667e+01	2.254298e-01	5.156310e+00
24	2.284860e-01	5.169170e+00
2.403333e+01	2.326574e-01	5.186722e+00
2.406667e+01	2.366479e-01	5.203513e+00
2.410000e+01	2.383761e-01	5.210785e+00
2.413333e+01	2.382932e-01	5.210436e+00
2.416667e+01	2.394123e-01	5.215145e+00
2.420000e+01	2.446717e-01	5.237275e+00
2.423333e+01	2.544109e-01	5.278255e+00
2.426667e+01	2.663757e-01	5.328600e+00
2.430000e+01	2.779004e-01	5.377094e+00
2.433333e+01	2.878563e-01	5.418986e+00
2.436667e+01	2.968042e-01	5.456636e+00
2.440000e+01	3.058391e-01	5.494653e+00
2.443333e+01	3.155158e-01	5.535370e+00
2.446667e+01	3.256473e-01	5.578001e+00
2.450000e+01	3.357678e-01	5.620585e+00
2.453333e+01	3.456177e-01	5.662031e+00
2.456667e+01	3.552607e-01	5.702607e+00
2.460000e+01	3.647931e-01	5.742717e+00
2.463333e+01	3.738535e-01	5.780841e+00
2.466667e+01	3.816891e-01	5.813811e+00
2.470000e+01	3.881064e-01	5.840814e+00
2.473333e+01	3.935218e-01	5.863600e+00
2.476667e+01	3.970273e-01	5.878351e+00
2.480000e+01	3.959125e-01	5.873660e+00
2.483333e+01	3.891955e-01	5.845396e+00
2.486667e+01	3.804059e-01	5.808412e+00
2.490000e+01	3.747977e-01	5.784814e+00
2.493333e+01	3.744642e-01	5.783411e+00
2.496667e+01	3.772534e-01	5.795147e+00
25	3.796944e-01	5.805418e+00
2.503333e+01	3.800658e-01	5.806981e+00
2.506667e+01	3.789726e-01	5.802381e+00
2.510000e+01	3.776472e-01	5.796804e+00
2.513333e+01	3.757542e-01	5.788839e+00
2.516667e+01	3.715750e-01	5.771253e+00
2.520000e+01	3.656378e-01	5.746271e+00
2.523333e+01	3.622631e-01	5.732071e+00
2.526667e+01	3.634198e-01	5.736938e+00
2.530000e+01	3.615113e-01	5.728908e+00
2.533333e+01	3.439752e-01	5.655120e+00
2.536667e+01	3.083553e-01	5.505240e+00
2.540000e+01	2.691378e-01	5.340223e+00
2.543333e+01	2.454842e-01	5.240694e+00
2.546667e+01	2.438592e-01	5.233856e+00
2.550000e+01	2.548628e-01	5.280157e+00
2.553333e+01	2.645493e-01	5.320915e+00
2.556667e+01	2.660861e-01	5.327382e+00
2.560000e+01	2.618307e-01	5.309476e+00
2.563333e+01	2.576150e-01	5.291737e+00
2.566667e+01	2.567418e-01	5.288063e+00
2.570000e+01	2.582275e-01	5.294315e+00
2.573333e+01	2.584230e-01	5.295137e+00
2.576667e+01	2.540160e-01	5.276594e+00
2.580000e+01	2.452165e-01	5.239568e+00
2.583333e+01	2.365183e-01	5.202968e+00
2.586667e+01	2.336294e-01	5.190812e+00
2.590000e+01	2.391366e-01	5.213985e+00
2.593333e+01	2.499508e-01	5.259488e+00
2.596667e+01	2.584357e-01	5.295191e+00
26	2.578244e-01	5.292619e+00
2.603333e+01	2.481935e-01	5.252094e+00
2.606667e+01	2.365539e-01	5.203118e+00
2.610000e+01	2.302883e-01	5.176754e+00
2.613333e+01	2.310701e-01	5.180043e+00
2.616667e+01	2.351265e-01	5.197111e+00
2.620000e+01	2.379293e-01	5.208905e+00
2.623333e+01	2.378414e-01	5.208535e+00
2.626667e+01	2.360754e-01	5.201104e+00
2.630000e+01	2.344171e-01	5.194126e+00
2.633333e+01	2.335009e-01	5.190271e+00
2.636667e+01	2.328404e-01	5.187492e+00
2.640000e+01	2.318018e-01	5.183122e+00
2.643333e+01	2.302624e-01	5.176644e+00
2.646667e+01	2.285374e-01	5.169386e+00
2.650000e+01	2.269587e-01	5.162743e+00
2.653333e+01	2.256059e-01	5.157051e+00
2.656667e+01	2.243481e-01	5.151758e+00
2.660000e+01	2.230349e-01	5.146233e+00
2.663333e+01	2.216230e-01	5.140292e+00
2.666667e+01	2.201650e-01	5.134157e+00
2.670000e+01	2.187278e-01	5.128110e+00
2.673333e+01	2.173335e-01	5.122243e+00
2.676667e+01	2.159611e-01	5.116468e+00
2.680000e+01	2.145811e-01	5.110662e+00
2.683333e+01	2.131826e-01	5.104777e+00
2.686667e+01	2.117738e-01	5.098849e+00
2.690000e+01	2.103676e-01	5.092932e+00
2.693333e+01	2.089694e-01	5.087048e+00
2.696667e+01	2.075760e-01	5.081185e+00
27	2.061817e-01	5.075319e+00
2.703333e+01	2.047841e-01	5.069438e+00
2.706667e+01	2.033842e-01	5.063547e+00
2.710000e+01	2.019845e-01	5.057658e+00
2.713333e+01	2.005863e-01	5.051775e+00
2.716667e+01	1.991891e-01	5.045896e+00
2.720000e+01	1.977919e-01	5.040016e+00
2.723333e+01	1.963941e-01	5.034135e+00
2.726667e+01	1.949957e-01	5.028251e+00
2.730000e+01	1.935974e-01	5.022367e+00
2.733333e+01	1.922142e-01	5.016547e+00
2.736667e+01	1.909298e-01	5.011142e+00
2.740000e+01	1.906741e-01	5.010066e+00
2.743333e+01	1.950813e-01	5.028611e+00
2.746667e+01	2.093851e-01	5.088798e+00
2.750000e+01	2.333897e-01	5.189803e+00
2.753333e+01	2.574587e-01	5.291080e+00
2.756667e+01	2.699448e-01	5.343618e+00
2.760000e+01	2.671849e-01	5.332005e+00
2.763333e+01	2.545555e-01	5.278864e+00
2.766667e+01	2.405560e-01	5.219957e+00
2.770000e+01	2.306084e-01	5.178100e+00
2.773333e+01	2.244935e-01	5.152370e+00
2.776667e+01	2.192573e-01	5.130337e+00
2.780000e+01	2.137017e-01	5.106961e+00
2.783333e+01	2.083425e-01	5.084411e+00
2.786667e+01	2.024882e-01	5.059777e+00
2.790000e+01	1.938924e-01	5.023608e+00
2.793333e+01	1.808195e-01	4.968601e+00
2.796667e+01	1.635231e-01	4.895822e+00
28	1.435391e-01	4.811734e+00
2.803333e+01	1.215880e-01	4.719369e+00
2.806667e+01	9.822080e-02	4.621046e+00
2.810000e+01	7.708863e-02	4.532127e+00
2.813333e+01	6.399387e-02	4.477027e+00
2.816667e+01	6.115752e-02	4.465092e+00
2.820000e+01	6.459752e-02	4.479567e+00
2.823333e+01	6.791756e-02	4.493537e+00
2.826667e+01	6.753484e-02	4.491927e+00
2.830000e+01	6.416384e-02	4.477742e+00
2.833333e+01	6.049215e-02	4.462293e+00
2.836667e+01	5.828552e-02	4.453008e+00
2.840000e+01	5.740869e-02	4.449318e+00
2.843333e+01	5.673895e-02	4.446500e+00
2.846667e+01	5.546685e-02	4.441147e+00
2.850000e+01	5.360064e-02	4.433295e+00
2.853333e+01	5.163055e-02	4.425005e+00
2.856667e+01	5.002010e-02	4.418229e+00
2.860000e+01	4.972305e-02	4.416979e+00
2.863333e+01	5.411238e-02	4.435448e+00
2.866667e+01	6.837448e-02	4.495459e+00
2.870000e+01	9.394195e-02	4.603041e+00
2.873333e+01	1.255842e-01	4.736184e+00
2.876667e+01	1.558161e-01	4.863393e+00
2.880000e+01	1.790627e-01	4.961208e+00
2.883333e+01	1.920853e-01	5.016005e+00
2.886667e+01	1.948805e-01	5.027766e+00
2.890000e+01	1.914373e-01	5.013278e+00
2.893333e+01	1.872992e-01	4.995866e+00
2.896667e+01	1.858442e-01	4.989743e+00
29	1.869574e-01	4.994428e+00
2.903333e+01	1.886343e-01	5.001483e+00
2.906667e+01	1.893128e-01	5.004338e+00
2.910000e+01	1.888861e-01	5.002543e+00
2.913333e+01	1.881618e-01	4.999495e+00
2.916667e+01	1.878383e-01	4.998134e+00
2.920000e+01	1.882538e-01	4.999882e+00
2.923333e+01	1.902451e-01	5.008261e+00
2.926667e+01	1.952779e-01	5.029438e+00
2.930000e+01	2.033076e-01	5.063225e+00
2.933333e+01	2.112896e-01	5.096811e+00
2.936667e+01	2.155351e-01	5.114676e+00
2.940000e+01	2.152140e-01	5.113324e+00
2.943333e+01	2.126650e-01	5.102599e+00
2.946667e+01	2.107824e-01	5.094677e+00
2.950000e+01	2.107128e-01	5.094385e+00
2.953333e+01	2.114711e-01	5.097575e+00
2.956667e+01	2.106298e-01	5.094035e+00
2.960000e+01	2.048196e-01	5.069587e+00
2.963333e+01	1.896066e-01	5.005575e+00
2.966667e+01	1.615996e-01	4.887728e+00
2.970000e+01	1.248670e-01	4.733166e+00
2.973333e+01	9.391708e-02	4.602937e+00
2.976667e+01	8.612225e-02	4.570138e+00
2.980000e+01	1.089548e-01	4.666212e+00
2.983333e+01	1.517385e-01	4.846235e+00
2.986667e+01	1.907708e-01	5.010473e+00
2.990000e+01	2.074268e-01	5.080558e+00
2.993333e+01	2.018675e-01	5.057166e+00
2.996667e+01	1.884970e-01	5.000906e+00
30	1.809217e-01	4.969031e+00
3.003333e+01	1.824345e-01	4.975396e+00
3.006667e+01	1.879123e-01	4.998446e+00
3.010000e+01	1.913483e-01	5.012903e+00
3.013333e+01	1.908318e-01	5.010730e+00
3.016667e+01	1.879529e-01	4.998616e+00
3.020000e+01	1.844315e-01	4.983799e+00
3.023333e+01	1.802769e-01	4.966317e+00
3.026667e+01	1.746917e-01	4.942817e+00
3.030000e+01	1.676047e-01	4.912996e+00
3.033333e+01	1.598904e-01	4.880536e+00
3.036667e+01	1.525043e-01	4.849457e+00
3.040000e+01	1.457558e-01	4.821061e+00
3.043333e+01	1.393370e-01	4.794053e+00
3.046667e+01	1.328164e-01	4.766615e+00
3.050000e+01	1.260257e-01	4.738042e+00
3.053333e+01	1.191521e-01	4.709119e+00
3.056667e+01	1.127907e-01	4.682352e+00
3.060000e+01	1.090555e-01	4.666635e+00
3.063333e+01	1.142605e-01	4.688537e+00
3.066667e+01	1.373813e-01	4.785823e+00
3.070000e+01	1.791131e-01	4.961421e+00
3.073333e+01	2.240531e-01	5.150517e+00
3.076667e+01	2.514490e-01	5.265793e+00
3.080000e+01	2.538753e-01	5.276002e+00
3.083333e+01	2.416047e-01	5.224370e+00
3.086667e+01	2.304257e-01	5.177331e+00
3.090000e+01	2.286367e-01	5.169804e+00
3.093333e+01	2.350042e-01	5.196597e+00
3.096667e+01	2.447282e-01	5.237513e+00
31	2.539381e-01	5.276266e+00
3.103333e+01	2.601516e-01	5.302411e+00
3.106667e+01	2.623253e-01	5.311557e+00
3.110000e+01	2.611403e-01	5.306571e+00
3.113333e+01	2.576298e-01	5.291800e+00
3.116667e+01	2.517854e-01	5.267208e+00
3.120000e+01	2.439358e-01	5.234179e+00
3.123333e+01	2.365424e-01	5.203069e+00
3.126667e+01	2.331588e-01	5.188832e+00
3.130000e+01	2.370281e-01	5.205113e+00
3.133333e+01	2.500044e-01	5.259714e+00
3.136667e+01	2.680073e-01	5.335466e+00
3.140000e+01	2.794608e-01	5.383659e+00
3.143333e+01	2.759203e-01	5.368762e+00
3.146667e+01	2.625274e-01	5.312408e+00
3.150000e+01	2.520525e-01	5.268332e+00
3.153333e+01	2.513316e-01	5.265298e+00
3.156667e+01	2.571121e-01	5.289622e+00
3.160000e+01	2.623161e-01	5.311519e+00
3.163333e+01	2.631678e-01	5.315102e+00
3.166667e+01	2.608451e-01	5.305329e+00
3.170000e+01	2.585128e-01	5.295515e+00
3.173333e+01	2.580084e-01	5.293393e+00
3.176667e+01	2.589554e-01	5.297378e+00
3.180000e+01	2.597415e-01	5.300685e+00
3.183333e+01	2.583378e-01	5.294779e+00
3.186667e+01	2.533268e-01	5.273694e+00
3.190000e+01	2.464515e-01	5.244764e+00
3.193333e+01	2.430697e-01	5.230535e+00
3.196667e+01	2.469962e-01	5.247056e+00
32	2.556615e-01	5.283518e+00
3.203333e+01	2.626596e-01	5.312964e+00
3.206667e+01	2.641723e-01	5.319329e+00
3.210000e+01	2.615369e-01	5.308240e+00
3.213333e+01	2.585489e-01	5.295667e+00
3.216667e+01	2.576600e-01	5.291927e+00
3.220000e+01	2.584082e-01	5.295075e+00
3.223333e+01	2.580305e-01	5.293486e+00
3.226667e+01	2.538520e-01	5.275904e+00
3.230000e+01	2.470427e-01	5.247252e+00
3.233333e+01	2.432326e-01	5.231220e+00
3.236667e+01	2.470355e-01	5.247221e+00
3.240000e+01	2.573276e-01	5.290528e+00
3.243333e+01	2.693823e-01	5.341251e+00
3.246667e+01	2.791542e-01	5.382369e+00
3.250000e+01	2.846681e-01	5.405570e+00
3.253333e+01	2.859250e-01	5.410859e+00
3.256667e+01	2.846178e-01	5.405359e+00
3.260000e+01	2.829930e-01	5.398522e+00
3.263333e+01	2.824044e-01	5.396045e+00
3.266667e+01	2.828234e-01	5.397808e+00
3.270000e+01	2.834734e-01	5.400543e+00
3.273333e+01	2.837422e-01	5.401674e+00
3.276667e+01	2.835811e-01	5.400997e+00
3.280000e+01	2.833007e-01	5.399817e+00
3.283333e+01	2.831854e-01	5.399332e+00
3.286667e+01	2.833410e-01	5.399986e+00
3.290000e+01	2.837951e-01	5.401897e+00
3.293333e+01	2.845825e-01	5.405210e+00
3.296667e+01	2.856826e-01	5.409839e+00
33	2.869630e-01	5.415227e+00
3.303333e+01	2.882509e-01	5.420646e+00
3.306667e+01	2.894483e-01	5.425684e+00
3.310000e+01	2.905671e-01	5.430392e+00
3.313333e+01	2.916734e-01	5.435047e+00
3.316667e+01	2.928142e-01	5.439847e+00
3.320000e+01	2.939893e-01	5.444792e+00
3.323333e+01	2.951716e-01	5.449767e+00
3.326667e+01	2.963399e-01	5.454683e+00
3.330000e+01	2.974930e-01	5.459535e+00
3.333333e+01	2.986423e-01	5.464370e+00
3.336667e+01	2.997972e-01	5.469230e+00
3.340000e+01	3.009589e-01	5.474118e+00
3.343333e+01	3.021226e-01	5.479014e+00
3.346667e+01	3.032840e-01	5.483901e+00
3.350000e+01	3.044424e-01	5.488776e+00
3.353333e+01	3.055998e-01	5.493646e+00
3.356667e+01	3.067581e-01	5.498520e+00
3.360000e+01	3.079177e-01	5.503399e+00
3.363333e+01	3.090778e-01	5.508280e+00
3.366667e+01	3.102376e-01	5.513160e+00
3.370000e+01	3.113968e-01	5.518038e+00
3.373333e+01	3.125557e-01	5.522915e+00
3.376667e+01	3.137148e-01	5.527792e+00
3.380000e+01	3.148741e-01	5.532670e+00
3.383333e+01	3.160336e-01	5.537549e+00
3.386667e+01	3.171930e-01	5.542427e+00
3.390000e+01	3.183523e-01	5.547305e+00
3.393333e+01	3.195115e-01	5.552183e+00
3.396667e+01	3.206708e-01	5.557061e+00
34	3.218301e-01	5.561939e+00
3.403333e+01	3.229894e-01	5.566817e+00
3.406667e+01	3.241487e-01	5.571695e+00
3.410000e+01	3.253080e-01	5.576573e+00
3.413333e+01	3.264550e-01	5.581399e+00
3.416667e+01	3.275325e-01	5.585933e+00
3.420000e+01	3.284539e-01	5.589810e+00
3.423333e+01	3.292062e-01	5.592976e+00
3.426667e+01	3.298754e-01	5.595792e+00
3.430000e+01	3.304920e-01	5.598386e+00
3.433333e+01	3.309414e-01	5.600277e+00
3.436667e+01	3.311052e-01	5.600966e+00
3.440000e+01	3.307724e-01	5.599566e+00
3.443333e+01	3.289423e-01	5.591865e+00
3.446667e+01	3.239833e-01	5.570999e+00
3.450000e+01	3.156628e-01	5.535989e+00
3.453333e+01	3.059308e-01	5.495039e+00
3.456667e+01	2.967707e-01	5.456495e+00
3.460000e+01	2.890162e-01	5.423866e+00
3.463333e+01	2.834786e-01	5.400565e+00
3.466667e+01	2.810599e-01	5.390388e+00
3.470000e+01	2.814670e-01	5.392101e+00
3.473333e+01	2.830506e-01	5.398764e+00
3.476667e+01	2.841248e-01	5.403284e+00
3.480000e+01	2.841121e-01	5.403231e+00
3.483333e+01	2.835018e-01	5.400663e+00
3.486667e+01	2.827776e-01	5.397616e+00
3.490000e+01	2.810796e-01	5.390471e+00
3.493333e+01	2.764546e-01	5.371010e+00
3.496667e+01	2.685764e-01	5.337860e+00
35	2.602261e-01	5.302724e+00
3.503333e+01	2.541256e-01	5.277055e+00
3.506667e+01	2.494943e-01	5.257568e+00
3.510000e+01	2.439981e-01	5.234441e+00
3.513333e+01	2.375879e-01	5.207468e+00
3.516667e+01	2.314466e-01	5.181627e+00
3.520000e+01	2.242076e-01	5.151167e+00
3.523333e+01	2.129786e-01	5.103918e+00
3.526667e+01	1.985923e-01	5.043384e+00
3.530000e+01	1.866429e-01	4.993104e+00
3.533333e+01	1.820205e-01	4.973654e+00
3.536667e+01	1.842324e-01	4.982961e+00
3.540000e+01	1.888915e-01	5.002566e+00
3.543333e+01	1.924374e-01	5.017486e+00
3.546667e+01	1.944545e-01	5.025974e+00
3.550000e+01	1.963210e-01	5.033827e+00
3.553333e+01	1.991434e-01	5.045703e+00
3.556667e+01	2.031213e-01	5.062441e+00
3.560000e+01	2.078852e-01	5.082487e+00
3.563333e+01	2.129211e-01	5.103676e+00
3.566667e+01	2.178636e-01	5.124473e+00
3.570000e+01	2.226140e-01	5.144462e+00
3.573333e+01	2.272660e-01	5.164036e+00
3.576667e+01	2.319450e-01	5.183724e+00
3.580000e+01	2.366984e-01	5.203726e+00
3.583333e+01	2.414942e-01	5.223905e+00
3.586667e+01	2.462804e-01	5.244044e+00
3.590000e+01	2.510349e-01	5.264050e+00
3.593333e+01	2.557700e-01	5.283974e+00
3.596667e+01	2.605081e-01	5.303911e+00
36	2.652598e-01	5.323905e+00
3.603333e+01	2.700205e-01	5.343937e+00
3.606667e+01	2.747804e-01	5.363965e+00
3.610000e+01	2.795345e-01	5.383969e+00
3.613333e+01	2.842845e-01	5.403956e+00
3.616667e+01	2.890346e-01	5.423943e+00
3.620000e+01	2.937871e-01	5.443941e+00
3.623333e+01	2.985415e-01	5.463946e+00
3.626667e+01	3.032960e-01	5.483952e+00
3.630000e+01	3.080495e-01	5.503953e+00
3.633333e+01	3.128021e-01	5.523951e+00
3.636667e+01	3.175546e-01	5.543949e+00
3.640000e+01	3.223076e-01	5.563948e+00
3.643333e+01	3.270609e-01	5.583949e+00
3.646667e+01	3.318143e-01	5.603950e+00
3.650000e+01	3.365171e-01	5.623738e+00
3.653333e+01	3.408845e-01	5.642115e+00
3.656667e+01	3.441249e-01	5.655750e+00
3.660000e+01	3.448932e-01	5.658983e+00
3.663333e+01	3.416119e-01	5.645176e+00
3.666667e+01	3.326925e-01	5.607645e+00
3.670000e+01	3.174193e-01	5.543379e+00
3.673333e+01	2.985241e-01	5.463873e+00
3.676667e+01	2.824994e-01	5.396445e+00
3.680000e+01	2.740234e-01	5.360780e+00
3.683333e+01	2.710456e-01	5.348250e+00
3.686667e+01	2.681042e-01	5.335873e+00
3.690000e+01	2.630776e-01	5.314723e+00
3.693333e+01	2.583397e-01	5.294787e+00
3.696667e+01	2.566082e-01	5.287501e+00
37	2.575745e-01	5.291567e+00
3.703333e+01	2.579125e-01	5.292989e+00
3.706667e+01	2.539721e-01	5.276409e+00
3.710000e+01	2.454792e-01	5.240673e+00
3.713333e+01	2.365034e-01	5.202905e+00
3.716667e+01	2.317392e-01	5.182858e+00
3.720000e+01	2.322236e-01	5.184897e+00
3.723333e+01	2.352004e-01	5.197422e+00
3.726667e+01	2.373260e-01	5.206366e+00
3.730000e+01	2.373403e-01	5.206426e+00
3.733333e+01	2.361458e-01	5.201400e+00
3.736667e+01	2.351981e-01	5.197413e+00
3.740000e+01	2.351382e-01	5.197160e+00
3.743333e+01	2.356366e-01	5.199258e+00
3.746667e+01	2.360636e-01	5.201055e+00
3.750000e+01	2.361125e-01	5.201260e+00
3.753333e+01	2.359044e-01	5.200385e+00
3.756667e+01	2.359642e-01	5.200636e+00
3.760000e+01	2.376086e-01	5.207555e+00
3.763333e+01	2.425732e-01	5.228445e+00
3.766667e+01	2.507497e-01	5.262850e+00
3.770000e+01	2.588868e-01	5.297089e+00
3.773333e+01	2.631700e-01	5.315111e+00
3.776667e+01	2.630411e-01	5.314569e+00
3.780000e+01	2.620989e-01	5.310604e+00
3.783333e+01	2.650748e-01	5.323126e+00
3.786667e+01	2.731196e-01	5.356977e+00
3.790000e+01	2.822796e-01	5.395520e+00
3.793333e+01	2.876951e-01	5.418307e+00
3.796667e+01	2.890956e-01	5.424200e+00
38	2.906805e-01	5.430869e+00
3.803333e+01	2.947982e-01	5.448195e+00
3.806667e+01	2.981793e-01	5.462422e+00
3.810000e+01	2.970477e-01	5.457661e+00
3.813333e+01	2.928099e-01	5.439829e+00
3.816667e+01	2.892003e-01	5.424641e+00
3.820000e+01	2.871497e-01	5.416012e+00
3.823333e+01	2.854365e-01	5.408803e+00
3.826667e+01	2.836582e-01	5.401321e+00
3.830000e+01	2.825153e-01	5.396512e+00
3.833333e+01	2.824513e-01	5.396242e+00
3.836667e+01	2.830659e-01	5.398829e+00
3.840000e+01	2.838731e-01	5.402225e+00
3.843333e+01	2.856493e-01	5.409699e+00
3.846667e+01	2.902906e-01	5.429229e+00
3.850000e+01	2.981352e-01	5.462237e+00
3.853333e+01	3.061962e-01	5.496155e+00
3.856667e+01	3.106105e-01	5.514729e+00
3.860000e+01	3.103766e-01	5.513746e+00
3.863333e+01	3.077991e-01	5.502900e+00
3.866667e+01	3.058435e-01	5.494671e+00
3.870000e+01	3.057329e-01	5.494206e+00
3.873333e+01	3.067532e-01	5.498499e+00
3.876667e+01	3.076191e-01	5.502143e+00
3.880000e+01	3.077152e-01	5.502547e+00
3.883333e+01	3.072926e-01	5.500769e+00
3.886667e+01	3.069044e-01	5.499135e+00
3.890000e+01	3.068424e-01	5.498874e+00
3.893333e+01	3.070177e-01	5.499612e+00
3.896667e+01	3.074440e-01	5.501406e+00
39	3.091558e-01	5.508608e+00
3.903333e+01	3.139619e-01	5.528832e+00
3.906667e+01	3.219744e-01	5.562546e+00
3.910000e+01	3.300737e-01	5.596626e+00
3.913333e+01	3.344218e-01	5.614922e+00
3.916667e+01	3.341138e-01	5.613626e+00
3.920000e+01	3.315159e-01	5.602694e+00
3.923333e+01	3.295871e-01	5.594579e+00
3.926667e+01	3.292572e-01	5.593190e+00
3.930000e+01	3.286120e-01	5.590476e+00
3.933333e+01	3.245889e-01	5.573547e+00
3.936667e+01	3.165803e-01	5.539849e+00
3.940000e+01	3.080335e-01	5.503886e+00
3.943333e+01	3.033309e-01	5.484099e+00
3.946667e+01	3.036179e-01	5.485306e+00
3.950000e+01	3.066561e-01	5.498091e+00
3.953333e+01	3.101690e-01	5.512872e+00
3.956667e+01	3.137194e-01	5.527811e+00
3.960000e+01	3.174978e-01	5.543710e+00
3.963333e+01	3.214773e-01	5.560454e+00
3.966667e+01	3.254217e-01	5.577052e+00
3.970000e+01	3.276641e-01	5.586487e+00
3.973333e+01	3.252553e-01	5.576351e+00
3.976667e+01	3.175761e-01	5.544039e+00
3.980000e+01	3.085121e-01	5.505900e+00
3.983333e+01	3.031880e-01	5.483498e+00
3.986667e+01	3.032459e-01	5.483741e+00
3.990000e+01	3.061932e-01	5.496143e+00
3.993333e+01	3.085388e-01	5.506012e+00
3.996667e+01	3.087447e-01	5.506879e+00
40	3.075756e-01	5.501960e+00
4.003333e+01	3.065377e-01	5.497592e+00
4.006667e+01	3.063921e-01	5.496979e+00
4.010000e+01	3.068749e-01	5.499011e+00
4.013333e+01	3.073392e-01	5.500965e+00
4.016667e+01	3.074343e-01	5.501365e+00
4.020000e+01	3.072952e-01	5.500780e+00
4.023333e+01	3.072924e-01	5.500768e+00
4.026667e+01	3.076491e-01	5.502269e+00
4.030000e+01	3.082451e-01	5.504777e+00
4.033333e+01	3.087865e-01	5.507055e+00
4.036667e+01	3.091492e-01	5.508581e+00
4.040000e+01	3.094895e-01	5.510013e+00
4.043333e+01	3.100263e-01	5.512271e+00
4.046667e+01	3.108054e-01	5.515550e+00
4.050000e+01	3.116926e-01	5.519283e+00
4.053333e+01	3.125316e-01	5.522813e+00
4.056667e+01	3.132692e-01	5.525917e+00
4.060000e+01	3.139530e-01	5.528794e+00
4.063333e+01	3.146521e-01	5.531736e+00
4.066667e+01	3.153944e-01	5.534859e+00
4.070000e+01	3.161618e-01	5.538088e+00
4.073333e+01	3.169242e-01	5.541296e+00
4.076667e+01	3.176681e-01	5.544426e+00
4.080000e+01	3.184004e-01	5.547508e+00
4.083333e+01	3.191342e-01	5.550595e+00
4.086667e+01	3.198758e-01	5.553716e+00
4.090000e+01	3.206228e-01	5.556859e+00
4.093333e+01	3.213695e-01	5.560001e+00
4.096667e+01	3.221129e-01	5.563129e+00
41	3.228537e-01	5.566246e+00
4.103333e+01	3.235946e-01	5.569364e+00
4.106667e+01	3.243369e-01	5.572487e+00
4.110000e+01	3.250803e-01	5.575615e+00
4.113333e+01	3.258238e-01	5.578744e+00
4.116667e+01	3.265667e-01	5.581869e+00
4.120000e+01	3.273091e-01	5.584993e+00
4.123333e+01	3.280514e-01	5.588117e+00
4.126667e+01	3.287939e-01	5.591241e+00
4.130000e+01	3.295289e-01	5.594334e+00
4.133333e+01	3.302114e-01	5.597206e+00
4.136667e+01	3.307415e-01	5.599436e+00
4.140000e+01	3.310186e-01	5.600602e+00
4.143333e+01	3.310420e-01	5.600700e+00
4.146667e+01	3.309304e-01	5.600231e+00
4.150000e+01	3.308296e-01	5.599807e+00
4.153333e+01	3.305582e-01	5.598665e+00
4.156667e+01	3.289229e-01	5.591784e+00
4.160000e+01	3.240872e-01	5.571436e+00
4.163333e+01	3.160071e-01	5.537437e+00
4.166667e+01	3.078718e-01	5.503206e+00
4.170000e+01	3.035344e-01	5.484955e+00
4.173333e+01	3.038717e-01	5.486374e+00
4.176667e+01	3.064865e-01	5.497377e+00
4.180000e+01	3.081595e-01	5.504416e+00
4.183333e+01	3.065488e-01	5.497639e+00
4.186667e+01	3.006319e-01	5.472742e+00
4.190000e+01	2.916876e-01	5.435107e+00
4.193333e+01	2.834925e-01	5.400624e+00
4.196667e+01	2.798575e-01	5.385329e+00
42	2.822596e-01	5.395436e+00
4.203333e+01	2.897994e-01	5.427162e+00
4.206667e+01	2.996269e-01	5.468513e+00
4.210000e+01	3.076359e-01	5.502213e+00
4.213333e+01	3.108865e-01	5.515891e+00
4.216667e+01	3.097676e-01	5.511183e+00
4.220000e+01	3.071617e-01	5.500218e+00
4.223333e+01	3.056933e-01	5.494039e+00
4.226667e+01	3.059826e-01	5.495256e+00
4.230000e+01	3.070367e-01	5.499692e+00
4.233333e+01	3.074463e-01	5.501416e+00
4.236667e+01	3.056859e-01	5.494008e+00
4.240000e+01	3.003605e-01	5.471600e+00
4.243333e+01	2.922193e-01	5.437344e+00
4.246667e+01	2.857954e-01	5.410314e+00
4.250000e+01	2.865454e-01	5.413469e+00
4.253333e+01	2.951171e-01	5.449537e+00
4.256667e+01	3.058438e-01	5.494673e+00
4.260000e+01	3.119988e-01	5.520571e+00
4.263333e+01	3.116553e-01	5.519126e+00
4.266667e+01	3.080079e-01	5.503778e+00
4.270000e+01	3.052744e-01	5.492277e+00
4.273333e+01	3.051659e-01	5.491820e+00
4.276667e+01	3.066353e-01	5.498003e+00
4.280000e+01	3.078537e-01	5.503130e+00
4.283333e+01	3.077160e-01	5.502550e+00
4.286667e+01	3.054285e-01	5.492925e+00
4.290000e+01	3.000023e-01	5.470093e+00
4.293333e+01	2.920856e-01	5.436781e+00
4.296667e+01	2.858968e-01	5.410740e+00
43	2.867026e-01	5.414131e+00
4.303333e+01	2.949303e-01	5.448751e+00
4.306667e+01	3.038766e-01	5.486395e+00
4.310000e+01	3.051238e-01	5.491643e+00
4.313333e+01	2.967272e-01	5.456312e+00
4.316667e+01	2.850072e-01	5.406997e+00
4.320000e+01	2.779702e-01	5.377387e+00
4.323333e+01	2.781894e-01	5.378309e+00
4.326667e+01	2.822465e-01	5.395381e+00
4.330000e+01	2.853742e-01	5.408541e+00
4.333333e+01	2.855570e-01	5.409311e+00
4.336667e+01	2.836663e-01	5.401355e+00
4.340000e+01	2.805958e-01	5.388435e+00
4.343333e+01	2.755616e-01	5.367253e+00
4.346667e+01	2.681523e-01	5.336076e+00
4.350000e+01	2.609119e-01	5.305610e+00
4.353333e+01	2.583698e-01	5.294913e+00
4.356667e+01	2.633083e-01	5.315693e+00
4.360000e+01	2.737257e-01	5.359527e+00
4.363333e+01	2.837032e-01	5.401510e+00
4.366667e+01	2.882005e-01	5.420434e+00
4.370000e+01	2.869474e-01	5.415161e+00
4.373333e+01	2.832684e-01	5.399681e+00
4.376667e+01	2.795535e-01	5.384049e+00
4.380000e+01	2.749874e-01	5.364836e+00
4.383333e+01	2.682986e-01	5.336691e+00
4.386667e+01	2.611019e-01	5.306409e+00
4.390000e+01	2.567035e-01	5.287902e+00
4.393333e+01	2.564524e-01	5.286846e+00
4.396667e+01	2.586390e-01	5.296046e+00
44	2.605664e-01	5.304156e+00
4.403333e+01	2.608806e-01	5.305478e+00
4.406667e+01	2.600372e-01	5.301930e+00
4.410000e+01	2.591931e-01	5.298378e+00
4.413333e+01	2.590121e-01	5.297616e+00
4.416667e+01	2.593551e-01	5.299059e+00
4.420000e+01	2.597295e-01	5.300635e+00
4.423333e+01	2.598267e-01	5.301044e+00
4.426667e+01	2.596871e-01	5.300456e+00
4.430000e+01	2.595208e-01	5.299757e+00
4.433333e+01	2.594704e-01	5.299545e+00
4.436667e+01	2.595267e-01	5.299781e+00
4.440000e+01	2.596002e-01	5.300091e+00
4.443333e+01	2.596257e-01	5.300198e+00
4.446667e+01	2.596033e-01	5.300104e+00
4.450000e+01	2.595709e-01	5.299968e+00
4.453333e+01	2.595583e-01	5.299914e+00
4.456667e+01	2.595671e-01	5.299951e+00
4.460000e+01	2.598334e-01	5.301072e+00
4.463333e+01	2.615154e-01	5.308149e+00
4.466667e+01	2.663904e-01	5.328662e+00
4.470000e+01	2.744744e-01	5.362678e+00
4.473333e+01	2.825904e-01	5.396828e+00
4.476667e+01	2.869103e-01	5.415005e+00
4.480000e+01	2.865704e-01	5.413575e+00
4.483333e+01	2.837114e-01	5.401545e+00
4.486667e+01	2.801183e-01	5.386426e+00
4.490000e+01	2.751764e-01	5.365631e+00
4.493333e+01	2.681214e-01	5.335946e+00
4.496667e+01	2.611053e-01	5.306424e+00
45	2.585377e-01	5.295620e+00
4.503333e+01	2.633285e-01	5.315779e+00
4.506667e+01	2.736447e-01	5.359187e+00
4.510000e+01	2.833755e-01	5.400132e+00
4.513333e+01	2.862598e-01	5.412268e+00
4.516667e+01	2.801747e-01	5.386663e+00
4.520000e+01	2.689101e-01	5.339264e+00
4.523333e+01	2.604013e-01	5.303461e+00
4.526667e+01	2.612521e-01	5.307042e+00
4.530000e+01	2.710850e-01	5.348416e+00
4.533333e+01	2.827455e-01	5.397481e+00
4.536667e+01	2.889110e-01	5.423423e+00
4.540000e+01	2.880381e-01	5.419751e+00
4.543333e+01	2.839678e-01	5.402624e+00
4.546667e+01	2.812067e-01	5.391006e+00
4.550000e+01	2.813205e-01	5.391485e+00
4.553333e+01	2.829813e-01	5.398473e+00
4.556667e+01	2.844744e-01	5.404755e+00
4.560000e+01	2.861719e-01	5.411898e+00
4.563333e+01	2.903523e-01	5.429488e+00
4.566667e+01	2.982165e-01	5.462579e+00
4.570000e+01	3.088659e-01	5.507389e+00
4.573333e+01	3.225527e-01	5.564980e+00
4.576667e+01	3.423265e-01	5.648183e+00
4.580000e+01	3.704371e-01	5.766465e+00
4.583333e+01	4.048435e-01	5.911239e+00
4.586667e+01	4.406552e-01	6.061926e+00
4.590000e+01	4.741826e-01	6.203001e+00
4.593333e+01	5.050390e-01	6.332837e+00
4.596667e+01	5.350373e-01	6.459063e+00
46	5.658713e-01	6.588805e+00
4.603333e+01	5.978557e-01	6.723388e+00
4.606667e+01	6.302672e-01	6.859767e+00
4.610000e+01	6.623534e-01	6.994778e+00
4.613333e+01	6.936009e-01	7.126260e+00
4.616667e+01	7.224057e-01	7.247464e+00
4.620000e+01	7.411331e-01	7.326264e+00
4.623333e+01	7.276567e-01	7.269559e+00
4.626667e+01	6.519624e-01	6.951055e+00
4.630000e+01	5.123237e-01	6.363490e+00
4.633333e+01	3.597861e-01	5.721648e+00
4.636667e+01	2.628658e-01	5.313832e+00
4.640000e+01	2.468324e-01	5.246367e+00
4.643333e+01	2.787331e-01	5.380597e+00
4.646667e+01	3.071306e-01	5.500087e+00
4.650000e+01	3.059288e-01	5.495030e+00
4.653333e+01	2.828439e-01	5.397894e+00
4.656667e+01	2.593415e-01	5.299002e+00
4.660000e+01	2.494217e-01	5.257262e+00
4.663333e+01	2.523596e-01	5.269624e+00
4.666667e+01	2.577765e-01	5.292417e+00
4.670000e+01	2.547812e-01	5.279814e+00
4.673333e+01	2.387077e-01	5.212180e+00
4.676667e+01	2.128698e-01	5.103461e+00
4.680000e+01	1.857392e-01	4.989302e+00
4.683333e+01	1.659722e-01	4.906127e+00
4.686667e+01	1.570526e-01	4.868595e+00
4.690000e+01	1.533749e-01	4.853121e+00
4.693333e+01	1.435363e-01	4.811722e+00
4.696667e+01	1.222490e-01	4.722150e+00
47	9.811849e-02	4.620615e+00
4.703333e+01	8.690342e-02	4.573425e+00
4.706667e+01	9.807553e-02	4.620434e+00
4.710000e+01	1.270166e-01	4.742211e+00
4.713333e+01	1.578803e-01	4.872078e+00
4.716667e+01	1.754069e-01	4.945826e+00
4.720000e+01	1.759385e-01	4.948063e+00
4.723333e+01	1.674960e-01	4.912539e+00
4.726667e+01	1.605643e-01	4.883372e+00
4.730000e+01	1.600489e-01	4.881203e+00
4.733333e+01	1.650200e-01	4.902120e+00
4.736667e+01	1.729132e-01	4.935333e+00
4.740000e+01	1.814801e-01	4.971380e+00
4.743333e+01	1.882396e-01	4.999823e+00
4.746667e+01	1.917182e-01	5.014460e+00
4.750000e+01	1.944529e-01	5.025967e+00
4.753333e+01	2.021617e-01	5.058404e+00
4.756667e+01	2.170256e-01	5.120947e+00
4.760000e+01	2.336030e-01	5.190701e+00
4.763333e+01	2.447233e-01	5.237492e+00
4.766667e+01	2.494999e-01	5.257591e+00
4.770000e+01	2.526224e-01	5.270730e+00
4.773333e+01	2.582453e-01	5.294390e+00
4.776667e+01	2.670535e-01	5.331452e+00
4.780000e+01	2.768601e-01	5.372716e+00
4.783333e+01	2.842142e-01	5.403660e+00
4.786667e+01	2.868852e-01	5.414899e+00
4.790000e+01	2.856313e-01	5.409623e+00
4.793333e+01	2.832353e-01	5.399542e+00
4.796667e+01	2.820097e-01	5.394384e+00
48	2.823722e-01	5.395910e+00
4.803333e+01	2.833458e-01	5.400006e+00
4.806667e+01	2.839022e-01	5.402348e+00
4.810000e+01	2.837812e-01	5.401838e+00
4.813333e+01	2.831138e-01	5.399030e+00
4.816667e+01	2.811811e-01	5.390898e+00
4.820000e+01	2.763400e-01	5.370528e+00
4.823333e+01	2.684275e-01	5.337234e+00
4.826667e+01	2.601750e-01	5.302509e+00
4.830000e+01	2.541714e-01	5.277248e+00
4.833333e+01	2.495600e-01	5.257844e+00
4.836667e+01	2.440234e-01	5.234548e+00
4.840000e+01	2.378221e-01	5.208454e+00
4.843333e+01	2.335980e-01	5.190680e+00
4.846667e+01	2.329296e-01	5.187867e+00
4.850000e+01	2.346884e-01	5.195268e+00
4.853333e+01	2.365169e-01	5.202962e+00
4.856667e+01	2.369985e-01	5.204988e+00
4.860000e+01	2.363436e-01	5.202233e+00
4.863333e+01	2.355514e-01	5.198899e+00
4.866667e+01	2.355548e-01	5.198913e+00
4.870000e+01	2.374901e-01	5.207057e+00
4.873333e+01	2.427162e-01	5.229047e+00
4.876667e+01	2.509308e-01	5.263612e+00
4.880000e+01	2.589470e-01	5.297342e+00
4.883333e+01	2.631128e-01	5.314871e+00
4.886667e+01	2.627090e-01	5.313172e+00
4.890000e+01	2.601409e-01	5.302366e+00
4.893333e+01	2.582909e-01	5.294582e+00
4.896667e+01	2.582582e-01	5.294444e+00
49	2.595310e-01	5.299800e+00
4.903333e+01	2.620281e-01	5.310307e+00
4.906667e+01	2.669670e-01	5.331089e+00
4.910000e+01	2.746324e-01	5.363343e+00
4.913333e+01	2.823820e-01	5.395951e+00
4.916667e+01	2.866547e-01	5.413930e+00
4.920000e+01	2.864893e-01	5.413233e+00
4.923333e+01	2.842995e-01	5.404019e+00
4.926667e+01	2.840872e-01	5.403126e+00
4.930000e+01	2.888297e-01	5.423082e+00
4.933333e+01	2.978814e-01	5.461168e+00
4.936667e+01	3.065822e-01	5.497780e+00
4.940000e+01	3.093300e-01	5.509342e+00
4.943333e+01	3.037118e-01	5.485702e+00
4.946667e+01	2.926402e-01	5.439115e+00
4.950000e+01	2.822873e-01	5.395552e+00
4.953333e+01	2.763948e-01	5.370758e+00
4.956667e+01	2.730621e-01	5.356735e+00
4.960000e+01	2.684673e-01	5.337401e+00
4.963333e+01	2.625247e-01	5.312396e+00
4.966667e+01	2.594394e-01	5.299414e+00
4.970000e+01	2.632225e-01	5.315333e+00
4.973333e+01	2.730452e-01	5.356664e+00
4.976667e+01	2.832185e-01	5.399471e+00
4.980000e+01	2.882120e-01	5.420482e+00
4.983333e+01	2.869842e-01	5.415316e+00
4.986667e+01	2.818138e-01	5.393560e+00
4.990000e+01	2.746826e-01	5.363554e+00
4.993333e+01	2.667753e-01	5.330282e+00
4.996667e+01	2.600791e-01	5.302106e+00
50	2.565222e-01	5.287139e+00
5.003333e+01	2.551692e-01	5.281446e+00
5.006667e+01	2.522996e-01	5.269372e+00
5.010000e+01	2.456656e-01	5.241457e+00
5.013333e+01	2.375920e-01	5.207486e+00
5.016667e+01	2.324902e-01	5.186018e+00
5.020000e+01	2.321914e-01	5.184761e+00
5.023333e+01	2.347437e-01	5.195501e+00
5.026667e+01	2.369852e-01	5.204932e+00
5.030000e+01	2.373352e-01	5.206405e+00
5.033333e+01	2.363386e-01	5.202212e+00
5.036667e+01	2.353530e-01	5.198065e+00
5.040000e+01	2.351490e-01	5.197206e+00
5.043333e+01	2.355556e-01	5.198917e+00
5.046667e+01	2.359935e-01	5.200760e+00
5.050000e+01	2.361040e-01	5.201224e+00
5.053333e+01	2.359382e-01	5.200527e+00
5.056667e+01	2.357436e-01	5.199708e+00
5.060000e+01	2.356859e-01	5.199465e+00
5.063333e+01	2.357529e-01	5.199747e+00
5.066667e+01	2.360912e-01	5.201170e+00
5.070000e+01	2.377963e-01	5.208345e+00
5.073333e+01	2.426479e-01	5.228760e+00
5.076667e+01	2.507002e-01	5.262642e+00
5.080000e+01	2.588046e-01	5.296743e+00
5.083333e+01	2.631337e-01	5.314959e+00
5.086667e+01	2.628078e-01	5.313587e+00
5.090000e+01	2.599545e-01	5.301582e+00
5.093333e+01	2.563578e-01	5.286447e+00
5.096667e+01	2.514097e-01	5.265627e+00
51	2.443520e-01	5.235930e+00
5.103333e+01	2.370850e-01	5.205352e+00
5.106667e+01	2.328444e-01	5.187509e+00
5.110000e+01	2.327582e-01	5.187146e+00
5.113333e+01	2.349837e-01	5.196510e+00
5.116667e+01	2.368465e-01	5.204349e+00
5.120000e+01	2.370874e-01	5.205362e+00
5.123333e+01	2.362234e-01	5.201727e+00
5.126667e+01	2.354054e-01	5.198285e+00
5.130000e+01	2.352569e-01	5.197660e+00
5.133333e+01	2.356105e-01	5.199148e+00
5.136667e+01	2.359744e-01	5.200679e+00
5.140000e+01	2.360572e-01	5.201028e+00
5.143333e+01	2.359123e-01	5.200418e+00
5.146667e+01	2.360024e-01	5.200797e+00
5.150000e+01	2.376341e-01	5.207663e+00
5.153333e+01	2.425713e-01	5.228437e+00
5.156667e+01	2.507334e-01	5.262781e+00
5.160000e+01	2.588751e-01	5.297040e+00
5.163333e+01	2.629179e-01	5.314051e+00
5.166667e+01	2.608677e-01	5.305424e+00
5.170000e+01	2.533699e-01	5.273875e+00
5.173333e+01	2.433721e-01	5.231807e+00
5.176667e+01	2.354569e-01	5.198502e+00
5.180000e+01	2.338556e-01	5.191764e+00
5.183333e+01	2.399233e-01	5.217295e+00
5.186667e+01	2.506904e-01	5.262600e+00
5.190000e+01	2.602931e-01	5.303006e+00
5.193333e+01	2.642934e-01	5.319839e+00
5.196667e+01	2.628650e-01	5.313828e+00
52	2.595868e-01	5.300034e+00
5.203333e+01	2.577857e-01	5.292456e+00
5.206667e+01	2.583327e-01	5.294758e+00
5.210000e+01	2.601996e-01	5.302613e+00
5.213333e+01	2.621720e-01	5.310912e+00
5.216667e+01	2.638207e-01	5.317850e+00
5.220000e+01	2.653518e-01	5.324292e+00
5.223333e+01	2.670483e-01	5.331430e+00
5.226667e+01	2.689546e-01	5.339452e+00
5.230000e+01	2.709263e-01	5.347748e+00
5.233333e+01	2.728241e-01	5.355734e+00
5.236667e+01	2.746240e-01	5.363307e+00
5.240000e+01	2.763892e-01	5.370735e+00
5.243333e+01	2.781645e-01	5.378205e+00
5.246667e+01	2.798735e-01	5.385396e+00
5.250000e+01	2.815863e-01	5.392603e+00
5.253333e+01	2.843354e-01	5.404170e+00
5.256667e+01	2.896383e-01	5.426484e+00
5.260000e+01	2.963910e-01	5.454897e+00
5.263333e+01	2.997084e-01	5.468856e+00
5.266667e+01	2.958639e-01	5.452680e+00
5.270000e+01	2.870545e-01	5.415612e+00
5.273333e+01	2.784125e-01	5.379248e+00
5.276667e+01	2.719799e-01	5.352182e+00
5.280000e+01	2.664726e-01	5.329008e+00
5.283333e+01	2.613242e-01	5.307345e+00
5.286667e+01	2.579112e-01	5.292984e+00
5.290000e+01	2.570247e-01	5.289254e+00
5.293333e+01	2.566678e-01	5.287752e+00
5.296667e+01	2.532521e-01	5.273380e+00
53	2.456090e-01	5.241219e+00
5.303333e+01	2.370193e-01	5.205076e+00
5.306667e+01	2.320736e-01	5.184265e+00
5.310000e+01	2.321912e-01	5.184760e+00
5.313333e+01	2.349823e-01	5.196504e+00
5.316667e+01	2.371728e-01	5.205722e+00
5.320000e+01	2.370931e-01	5.205386e+00
5.323333e+01	2.343102e-01	5.193677e+00
5.326667e+01	2.287139e-01	5.170129e+00
5.330000e+01	2.219193e-01	5.141539e+00
5.333333e+01	2.177126e-01	5.123838e+00
5.336667e+01	2.187159e-01	5.128059e+00
5.340000e+01	2.240437e-01	5.150478e+00
5.343333e+01	2.305003e-01	5.177646e+00
5.346667e+01	2.342570e-01	5.193453e+00
5.350000e+01	2.328739e-01	5.187633e+00
5.353333e+01	2.273765e-01	5.164501e+00
5.356667e+01	2.212041e-01	5.138529e+00
5.360000e+01	2.177201e-01	5.123870e+00
5.363333e+01	2.192918e-01	5.130483e+00
5.366667e+01	2.259328e-01	5.158426e+00
5.370000e+01	2.340889e-01	5.192745e+00
5.373333e+01	2.391278e-01	5.213948e+00
5.376667e+01	2.394236e-01	5.215193e+00
5.380000e+01	2.371541e-01	5.205643e+00
5.383333e+01	2.355701e-01	5.198978e+00
5.386667e+01	2.361737e-01	5.201518e+00
5.390000e+01	2.382390e-01	5.210208e+00
5.393333e+01	2.402497e-01	5.218668e+00
5.396667e+01	2.413850e-01	5.223446e+00
54	2.418590e-01	5.225440e+00
5.403333e+01	2.423138e-01	5.227354e+00
5.406667e+01	2.431339e-01	5.230805e+00
5.410000e+01	2.442531e-01	5.235514e+00
5.413333e+01	2.453973e-01	5.240328e+00
5.416667e+01	2.463884e-01	5.244499e+00
5.420000e+01	2.472445e-01	5.248101e+00
5.423333e+01	2.480824e-01	5.251627e+00
5.426667e+01	2.489841e-01	5.255421e+00
5.430000e+01	2.499465e-01	5.259470e+00
5.433333e+01	2.509200e-01	5.263567e+00
5.436667e+01	2.518672e-01	5.267552e+00
5.440000e+01	2.527871e-01	5.271423e+00
5.443333e+01	2.537009e-01	5.275268e+00
5.446667e+01	2.546254e-01	5.279158e+00
5.450000e+01	2.555620e-01	5.283099e+00
5.453333e+01	2.565020e-01	5.287054e+00
5.456667e+01	2.574376e-01	5.290991e+00
5.460000e+01	2.583678e-01	5.294905e+00
5.463333e+01	2.592963e-01	5.298812e+00
5.466667e+01	2.602266e-01	5.302726e+00
5.470000e+01	2.611592e-01	5.306651e+00
5.473333e+01	2.620927e-01	5.310579e+00
5.476667e+01	2.630255e-01	5.314504e+00
5.480000e+01	2.639573e-01	5.318424e+00
5.483333e+01	2.648886e-01	5.322343e+00
5.486667e+01	2.658202e-01	5.326263e+00
5.490000e+01	2.667523e-01	5.330185e+00
5.493333e+01	2.676845e-01	5.334108e+00
5.496667e+01	2.686167e-01	5.338030e+00
55	2.695487e-01	5.341951e+00
5.503333e+01	2.704805e-01	5.345873e+00
5.506667e+01	2.714124e-01	5.349794e+00
5.510000e+01	2.723444e-01	5.353715e+00
5.513333e+01	2.732765e-01	5.357637e+00
5.516667e+01	2.742085e-01	5.361559e+00
5.520000e+01	2.751405e-01	5.365480e+00
5.523333e+01	2.760724e-01	5.369402e+00
5.526667e+01	2.770044e-01	5.373323e+00
5.530000e+01	2.779364e-01	5.377245e+00
5.533333e+01	2.788684e-01	5.381167e+00
5.536667e+01	2.798004e-01	5.385088e+00
5.540000e+01	2.807324e-01	5.389010e+00
5.543333e+01	2.816545e-01	5.392890e+00
5.546667e+01	2.825108e-01	5.396493e+00
5.550000e+01	2.829237e-01	5.398230e+00
5.553333e+01	2.815957e-01	5.392642e+00
5.556667e+01	2.767468e-01	5.372239e+00
5.560000e+01	2.685167e-01	5.337609e+00
5.563333e+01	2.602630e-01	5.302880e+00
5.566667e+01	2.558580e-01	5.284344e+00
5.570000e+01	2.560401e-01	5.285111e+00
5.573333e+01	2.582752e-01	5.294515e+00
5.576667e+01	2.596198e-01	5.300173e+00
5.580000e+01	2.590408e-01	5.297737e+00
5.583333e+01	2.573726e-01	5.290718e+00
5.586667e+01	2.558683e-01	5.284388e+00
5.590000e+01	2.550660e-01	5.281012e+00
5.593333e+01	2.547001e-01	5.279472e+00
5.596667e+01	2.542676e-01	5.277652e+00
56	2.535313e-01	5.274554e+00
5.603333e+01	2.525950e-01	5.270614e+00
5.606667e+01	2.516769e-01	5.266752e+00
5.610000e+01	2.508890e-01	5.263436e+00
5.613333e+01	2.501931e-01	5.260508e+00
5.616667e+01	2.494946e-01	5.257569e+00
5.620000e+01	2.487408e-01	5.254397e+00
5.623333e+01	2.479450e-01	5.251048e+00
5.626667e+01	2.471479e-01	5.247694e+00
5.630000e+01	2.463741e-01	5.244438e+00
5.633333e+01	2.456194e-01	5.241263e+00
5.636667e+01	2.448663e-01	5.238094e+00
5.640000e+01	2.441035e-01	5.234884e+00
5.643333e+01	2.433320e-01	5.231638e+00
5.646667e+01	2.425594e-01	5.228387e+00
5.650000e+01	2.417908e-01	5.225153e+00
5.653333e+01	2.410261e-01	5.221935e+00
5.656667e+01	2.402621e-01	5.218721e+00
5.660000e+01	2.394965e-01	5.215499e+00
5.663333e+01	2.387291e-01	5.212270e+00
5.666667e+01	2.379613e-01	5.209039e+00
5.670000e+01	2.369501e-01	5.204785e+00
5.673333e+01	2.345701e-01	5.194770e+00
5.676667e+01	2.291452e-01	5.171944e+00
5.680000e+01	2.207692e-01	5.136699e+00
5.683333e+01	2.121215e-01	5.100312e+00
5.686667e+01	2.045661e-01	5.068521e+00
5.690000e+01	1.947516e-01	5.027224e+00
5.693333e+01	1.778477e-01	4.956096e+00
5.696667e+01	1.534760e-01	4.853546e+00
57	1.270010e-01	4.742146e+00
5.703333e+01	1.055236e-01	4.651774e+00
5.706667e+01	9.317881e-02	4.599830e+00
5.710000e+01	8.952334e-02	4.584449e+00
5.713333e+01	9.098176e-02	4.590585e+00
5.716667e+01	9.346160e-02	4.601020e+00
5.720000e+01	9.453774e-02	4.605548e+00
5.723333e+01	9.405129e-02	4.603501e+00
5.726667e+01	9.310472e-02	4.599518e+00
5.730000e+01	9.265525e-02	4.597627e+00
5.733333e+01	9.284636e-02	4.598431e+00
5.736667e+01	9.300096e-02	4.599082e+00
5.740000e+01	9.153368e-02	4.592908e+00
5.743333e+01	8.658431e-02	4.572082e+00
5.746667e+01	7.831763e-02	4.537298e+00
5.750000e+01	7.035279e-02	4.503784e+00
5.753333e+01	6.773463e-02	4.492767e+00
5.756667e+01	7.303170e-02	4.515056e+00
5.760000e+01	8.377584e-02	4.560265e+00
5.763333e+01	9.405604e-02	4.603521e+00
5.766667e+01	9.957589e-02	4.626747e+00
5.770000e+01	9.995503e-02	4.628343e+00
5.773333e+01	9.650791e-02	4.613838e+00
5.776667e+01	9.134705e-02	4.592122e+00
5.780000e+01	8.789573e-02	4.577600e+00
5.783333e+01	8.870463e-02	4.581004e+00
5.786667e+01	9.367338e-02	4.601911e+00
5.790000e+01	1.013997e-01	4.634421e+00
5.793333e+01	1.100508e-01	4.670823e+00
5.796667e+01	1.172544e-01	4.701134e+00
58	1.219885e-01	4.721054e+00
5.803333e+01	1.261901e-01	4.738734e+00
5.806667e+01	1.321311e-01	4.763732e+00
5.810000e+01	1.388874e-01	4.792161e+00
5.813333e+01	1.435686e-01	4.811858e+00
5.816667e+01	1.457541e-01	4.821054e+00
5.820000e+01	1.486304e-01	4.833157e+00
5.823333e+01	1.547918e-01	4.859082e+00
5.826667e+01	1.622384e-01	4.890416e+00
5.830000e+01	1.656425e-01	4.904740e+00
5.833333e+01	1.612622e-01	4.886308e+00
5.836667e+01	1.510417e-01	4.843303e+00
5.840000e+01	1.423758e-01	4.806839e+00
5.843333e+01	1.425021e-01	4.807370e+00
5.846667e+01	1.518550e-01	4.846725e+00
5.850000e+01	1.635554e-01	4.895958e+00
5.853333e+01	1.700295e-01	4.923199e+00
5.856667e+01	1.693771e-01	4.920454e+00
5.860000e+01	1.653023e-01	4.903308e+00
5.863333e+01	1.624102e-01	4.891139e+00
5.866667e+01	1.624234e-01	4.891195e+00
5.870000e+01	1.640804e-01	4.898167e+00
5.873333e+01	1.653933e-01	4.903691e+00
5.876667e+01	1.655724e-01	4.904445e+00
5.880000e+01	1.652207e-01	4.902965e+00
5.883333e+01	1.653032e-01	4.903312e+00
5.886667e+01	1.662374e-01	4.907243e+00
5.890000e+01	1.678085e-01	4.913853e+00
5.893333e+01	1.695840e-01	4.921324e+00
5.896667e+01	1.712730e-01	4.928431e+00
59	1.728241e-01	4.934958e+00
5.903333e+01	1.743270e-01	4.941282e+00
5.906667e+01	1.758700e-01	4.947774e+00
5.910000e+01	1.774699e-01	4.954506e+00
5.913333e+01	1.790905e-01	4.961326e+00
5.916667e+01	1.806943e-01	4.968074e+00
5.920000e+01	1.822729e-01	4.974716e+00
5.923333e+01	1.838415e-01	4.981317e+00
5.926667e+01	1.853999e-01	4.987874e+00
5.930000e+01	1.868577e-01	4.994008e+00
5.933333e+01	1.879951e-01	4.998794e+00
5.936667e+01	1.885906e-01	5.001300e+00
5.940000e+01	1.886401e-01	5.001508e+00
5.943333e+01	1.883993e-01	5.000494e+00
5.946667e+01	1.881822e-01	4.999581e+00
5.950000e+01	1.881412e-01	4.999409e+00
5.953333e+01	1.882290e-01	4.999778e+00
5.956667e+01	1.883207e-01	5.000164e+00
5.960000e+01	1.883424e-01	5.000255e+00
5.963333e+01	1.883069e-01	5.000106e+00
5.966667e+01	1.882665e-01	4.999936e+00
5.970000e+01	1.880030e-01	4.998827e+00
5.973333e+01	1.865938e-01	4.992898e+00
5.976667e+01	1.834092e-01	4.979498e+00
5.980000e+01	1.802031e-01	4.966007e+00
5.983333e+01	1.809251e-01	4.969045e+00
5.986667e+01	1.897450e-01	5.006157e+00
5.990000e+01	2.090384e-01	5.087339e+00
5.993333e+01	2.360812e-01	5.201128e+00
5.996667e+01	2.631019e-01	5.314825e+00
60	2.834571e-01	5.400475e+00
6.003333e+01	2.946632e-01	5.447627e+00
6.006667e+01	2.968556e-01	5.456852e+00
6.010000e+01	2.933369e-01	5.442046e+00
6.013333e+01	2.878849e-01	5.419106e+00
6.016667e+01	2.784421e-01	5.379373e+00
6.020000e+01	2.602067e-01	5.302643e+00
6.023333e+01	2.353702e-01	5.198137e+00
6.026667e+01	2.137292e-01	5.107077e+00
6.030000e+01	2.033713e-01	5.063493e+00
6.033333e+01	2.031022e-01	5.062361e+00
6.036667e+01	2.043675e-01	5.067685e+00
6.040000e+01	2.003161e-01	5.050638e+00
6.043333e+01	1.919591e-01	5.015474e+00
6.046667e+01	1.851870e-01	4.986978e+00
6.050000e+01	1.837480e-01	4.980923e+00
6.053333e+01	1.861133e-01	4.990876e+00
6.056667e+01	1.873866e-01	4.996233e+00
6.060000e+01	1.833773e-01	4.979363e+00
6.063333e+01	1.742907e-01	4.941129e+00
6.066667e+01	1.651386e-01	4.902619e+00
6.070000e+01	1.620553e-01	4.889646e+00
6.073333e+01	1.676695e-01	4.913269e+00
6.076667e+01	1.789319e-01	4.960658e+00
6.080000e+01	1.891854e-01	5.003802e+00
6.083333e+01	1.934124e-01	5.021588e+00
6.086667e+01	1.917866e-01	5.014748e+00
6.090000e+01	1.882220e-01	4.999749e+00
6.093333e+01	1.867939e-01	4.993740e+00
6.096667e+01	1.908737e-01	5.010907e+00
61	2.042795e-01	5.067315e+00
6.103333e+01	2.295708e-01	5.173734e+00
6.106667e+01	2.635043e-01	5.316518e+00
6.110000e+01	2.958146e-01	5.452472e+00
6.113333e+01	3.152800e-01	5.534378e+00
6.116667e+01	3.184001e-01	5.547506e+00
6.120000e+01	3.115403e-01	5.518642e+00
6.123333e+01	3.032081e-01	5.483582e+00
6.126667e+01	2.929974e-01	5.440618e+00
6.130000e+01	2.711042e-01	5.348497e+00
6.133333e+01	2.336396e-01	5.190855e+00
6.136667e+01	1.939579e-01	5.023884e+00
6.140000e+01	1.713676e-01	4.928829e+00
6.143333e+01	1.717712e-01	4.930528e+00
6.146667e+01	1.841042e-01	4.982422e+00
6.150000e+01	1.924099e-01	5.017370e+00
6.153333e+01	1.884200e-01	5.000582e+00
6.156667e+01	1.753754e-01	4.945693e+00
6.160000e+01	1.628485e-01	4.892983e+00
6.163333e+01	1.579032e-01	4.872175e+00
6.166667e+01	1.602886e-01	4.882212e+00
6.170000e+01	1.648668e-01	4.901476e+00
6.173333e+01	1.671571e-01	4.911113e+00
6.176667e+01	1.663763e-01	4.907827e+00
6.180000e+01	1.644598e-01	4.899763e+00
6.183333e+01	1.634018e-01	4.895311e+00
6.186667e+01	1.636722e-01	4.896449e+00
6.190000e+01	1.644948e-01	4.899910e+00
6.193333e+01	1.649868e-01	4.901981e+00
6.196667e+01	1.651518e-01	4.902675e+00
62	1.664746e-01	4.908241e+00
6.203333e+01	1.711249e-01	4.927808e+00
6.206667e+01	1.792392e-01	4.961951e+00
6.210000e+01	1.875089e-01	4.996748e+00
6.213333e+01	1.919326e-01	5.015362e+00
6.216667e+01	1.915857e-01	5.013902e+00
6.220000e+01	1.889135e-01	5.002658e+00
6.223333e+01	1.869486e-01	4.994390e+00
6.226667e+01	1.866330e-01	4.993063e+00
6.230000e+01	1.860201e-01	4.990484e+00
6.233333e+01	1.820142e-01	4.973628e+00
6.236667e+01	1.740004e-01	4.939908e+00
6.240000e+01	1.654396e-01	4.903886e+00
6.243333e+01	1.607290e-01	4.884065e+00
6.246667e+01	1.610177e-01	4.885280e+00
6.250000e+01	1.640620e-01	4.898089e+00
6.253333e+01	1.678308e-01	4.913947e+00
6.256667e+01	1.728043e-01	4.934875e+00
6.260000e+01	1.800348e-01	4.965299e+00
6.263333e+01	1.889003e-01	5.002603e+00
6.266667e+01	1.982563e-01	5.041971e+00
6.270000e+01	2.083935e-01	5.084625e+00
6.273333e+01	2.208757e-01	5.137147e+00
6.276667e+01	2.363083e-01	5.202084e+00
6.280000e+01	2.519207e-01	5.267777e+00
6.283333e+01	2.620944e-01	5.310586e+00
6.286667e+01	2.616154e-01	5.308570e+00
6.290000e+01	2.489995e-01	5.255486e+00
6.293333e+01	2.289832e-01	5.171262e+00
6.296667e+01	2.110025e-01	5.095603e+00
63	2.016527e-01	5.056262e+00
6.303333e+01	1.990574e-01	5.045341e+00
6.306667e+01	1.966355e-01	5.035151e+00
6.310000e+01	1.903112e-01	5.008539e+00
6.313333e+01	1.805482e-01	4.967459e+00
6.316667e+01	1.703944e-01	4.924735e+00
6.320000e+01	1.633180e-01	4.894959e+00
6.323333e+01	1.610665e-01	4.885485e+00
6.326667e+01	1.624907e-01	4.891478e+00
6.330000e+01	1.647787e-01	4.901105e+00
6.333333e+01	1.658207e-01	4.905490e+00
6.336667e+01	1.653758e-01	4.903617e+00
6.340000e+01	1.644433e-01	4.899693e+00
6.343333e+01	1.639668e-01	4.897689e+00
6.346667e+01	1.641273e-01	4.898364e+00
6.350000e+01	1.647795e-01	4.901108e+00
6.353333e+01	1.669297e-01	4.910156e+00
6.356667e+01	1.734280e-01	4.937499e+00
6.360000e+01	1.862241e-01	4.991342e+00
6.363333e+01	2.023296e-01	5.059110e+00
6.366667e+01	2.147851e-01	5.111520e+00
6.370000e+01	2.185829e-01	5.127500e+00
6.373333e+01	2.140043e-01	5.108234e+00
6.376667e+01	2.043440e-01	5.067586e+00
6.380000e+01	1.925670e-01	5.018031e+00
6.383333e+01	1.805211e-01	4.967345e+00
6.386667e+01	1.699994e-01	4.923072e+00
6.390000e+01	1.631618e-01	4.894301e+00
6.393333e+01	1.611057e-01	4.885650e+00
6.396667e+01	1.625529e-01	4.891739e+00
64	1.647831e-01	4.901124e+00
6.403333e+01	1.657860e-01	4.905344e+00
6.406667e+01	1.653485e-01	4.903502e+00
6.410000e+01	1.644437e-01	4.899695e+00
6.413333e+01	1.639837e-01	4.897760e+00
6.416667e+01	1.641404e-01	4.898419e+00
6.420000e+01	1.645278e-01	4.900049e+00
6.423333e+01	1.647423e-01	4.900952e+00
6.426667e+01	1.646876e-01	4.900722e+00
6.430000e+01	1.645206e-01	4.900019e+00
6.433333e+01	1.644206e-01	4.899598e+00
6.436667e+01	1.644381e-01	4.899672e+00
6.440000e+01	1.645098e-01	4.899973e+00
6.443333e+01	1.645562e-01	4.900169e+00
6.446667e+01	1.645514e-01	4.900148e+00
6.450000e+01	1.645208e-01	4.900020e+00
6.453333e+01	1.644994e-01	4.899930e+00
6.456667e+01	1.645002e-01	4.899933e+00
6.460000e+01	1.645132e-01	4.899988e+00
6.463333e+01	1.645440e-01	4.900117e+00
6.466667e+01	1.646839e-01	4.900706e+00
6.470000e+01	1.651059e-01	4.902482e+00
6.473333e+01	1.659363e-01	4.905976e+00
6.476667e+01	1.671798e-01	4.911208e+00
6.480000e+01	1.687833e-01	4.917956e+00
6.483333e+01	1.706748e-01	4.925914e+00
6.486667e+01	1.727355e-01	4.934585e+00
6.490000e+01	1.748241e-01	4.943374e+00
6.493333e+01	1.768500e-01	4.951898e+00
6.496667e+01	1.788083e-01	4.960138e+00
65	1.807466e-01	4.968294e+00
6.503333e+01	1.827066e-01	4.976541e+00
6.506667e+01	1.846740e-01	4.984819e+00
6.510000e+01	1.865117e-01	4.992552e+00
6.513333e+01	1.879346e-01	4.998539e+00
6.516667e+01	1.886708e-01	5.001637e+00
6.520000e+01	1.887255e-01	5.001867e+00
6.523333e+01	1.884237e-01	5.000597e+00
6.526667e+01	1.881558e-01	4.999470e+00
6.530000e+01	1.881077e-01	4.999268e+00
6.533333e+01	1.882180e-01	4.999732e+00
6.536667e+01	1.883312e-01	5.000208e+00
6.540000e+01	1.883569e-01	5.000316e+00
6.543333e+01	1.883122e-01	5.000128e+00
6.546667e+01	1.882623e-01	4.999918e+00
6.550000e+01	1.882488e-01	4.999862e+00
6.553333e+01	1.882670e-01	4.999938e+00
6.556667e+01	1.882891e-01	5.000031e+00
6.560000e+01	1.882961e-01	5.000060e+00
6.563333e+01	1.882888e-01	5.000030e+00
6.566667e+01	1.882790e-01	4.999988e+00
6.570000e+01	1.882755e-01	4.999974e+00
6.573333e+01	1.885306e-01	5.001047e+00
6.576667e+01	1.902107e-01	5.008117e+00
6.580000e+01	1.950908e-01	5.028651e+00
6.583333e+01	2.031798e-01	5.062688e+00
6.586667e+01	2.112969e-01	5.096842e+00
6.590000e+01	2.156147e-01	5.115011e+00
6.593333e+01	2.150204e-01	5.112510e+00
6.596667e+01	2.107372e-01	5.094487e+00
66	2.039424e-01	5.065896e+00
6.603333e+01	1.957896e-01	5.031591e+00
6.606667e+01	1.887062e-01	5.001786e+00
6.610000e+01	1.852378e-01	4.987192e+00
6.613333e+01	1.856686e-01	4.989004e+00
6.616667e+01	1.879479e-01	4.998595e+00
6.620000e+01	1.898410e-01	5.006561e+00
6.623333e+01	1.906348e-01	5.009901e+00
6.626667e+01	1.909894e-01	5.011393e+00
6.630000e+01	1.917492e-01	5.014590e+00
6.633333e+01	1.931269e-01	5.020387e+00
6.636667e+01	1.947667e-01	5.027287e+00
6.640000e+01	1.962544e-01	5.033547e+00
6.643333e+01	1.974683e-01	5.038655e+00
6.646667e+01	1.985532e-01	5.043220e+00
6.650000e+01	1.996942e-01	5.048021e+00
6.653333e+01	2.009541e-01	5.053322e+00
6.656667e+01	2.022756e-01	5.058883e+00
6.660000e+01	2.035768e-01	5.064358e+00
6.663333e+01	2.048267e-01	5.069617e+00
6.666667e+01	2.060475e-01	5.074754e+00
6.670000e+01	2.072753e-01	5.079920e+00
6.673333e+01	2.085253e-01	5.085180e+00
6.676667e+01	2.097754e-01	5.090440e+00
6.680000e+01	2.109353e-01	5.095321e+00
6.683333e+01	2.118288e-01	5.099080e+00
6.686667e+01	2.120381e-01	5.099961e+00
6.690000e+01	2.103971e-01	5.093056e+00
6.693333e+01	2.053302e-01	5.071736e+00
6.696667e+01	1.970725e-01	5.036989e+00
67	1.891753e-01	5.003760e+00
6.703333e+01	1.866013e-01	4.992929e+00
6.706667e+01	1.918929e-01	5.015195e+00
6.710000e+01	2.026075e-01	5.060279e+00
6.713333e+01	2.123633e-01	5.101329e+00
6.716667e+01	2.150374e-01	5.112581e+00
6.720000e+01	2.087721e-01	5.086218e+00
6.723333e+01	1.972346e-01	5.037671e+00
6.726667e+01	1.871377e-01	4.995186e+00
6.730000e+01	1.831914e-01	4.978581e+00
6.733333e+01	1.849475e-01	4.985970e+00
6.736667e+01	1.884526e-01	5.000719e+00
6.740000e+01	1.910196e-01	5.011520e+00
6.743333e+01	1.960136e-01	5.032534e+00
6.746667e+01	2.127255e-01	5.102854e+00
6.750000e+01	2.470714e-01	5.247372e+00
6.753333e+01	2.911269e-01	5.432748e+00
6.756667e+01	3.264352e-01	5.581316e+00
6.760000e+01	3.396784e-01	5.637040e+00
6.763333e+01	3.329936e-01	5.608912e+00
6.766667e+01	3.191752e-01	5.550768e+00
6.770000e+01	3.095586e-01	5.510304e+00
6.773333e+01	3.069274e-01	5.499232e+00
6.776667e+01	3.073590e-01	5.501048e+00
6.780000e+01	3.062244e-01	5.496274e+00
6.783333e+01	3.021161e-01	5.478987e+00
6.786667e+01	2.965748e-01	5.455671e+00
6.790000e+01	2.916201e-01	5.434823e+00
6.793333e+01	2.879539e-01	5.419396e+00
6.796667e+01	2.849642e-01	5.406816e+00
68	2.817636e-01	5.393349e+00
6.803333e+01	2.780056e-01	5.377536e+00
6.806667e+01	2.739299e-01	5.360387e+00
6.810000e+01	2.699257e-01	5.343538e+00
6.813333e+01	2.662011e-01	5.327866e+00
6.816667e+01	2.628892e-01	5.313930e+00
6.820000e+01	2.603256e-01	5.303143e+00
6.823333e+01	2.589367e-01	5.297299e+00
6.826667e+01	2.587613e-01	5.296561e+00
6.830000e+01	2.592732e-01	5.298715e+00
6.833333e+01	2.597748e-01	5.300825e+00
6.836667e+01	2.596438e-01	5.300274e+00
6.840000e+01	2.577860e-01	5.292457e+00
6.843333e+01	2.526973e-01	5.271045e+00
6.846667e+01	2.445460e-01	5.236746e+00
6.850000e+01	2.364995e-01	5.202889e+00
6.853333e+01	2.325252e-01	5.186166e+00
6.856667e+01	2.345743e-01	5.194788e+00
6.860000e+01	2.420318e-01	5.226167e+00
6.863333e+01	2.519983e-01	5.268104e+00
6.866667e+01	2.604166e-01	5.303526e+00
6.870000e+01	2.653866e-01	5.324439e+00
6.873333e+01	2.690897e-01	5.340020e+00
6.876667e+01	2.745044e-01	5.362804e+00
6.880000e+01	2.811325e-01	5.390693e+00
6.883333e+01	2.857630e-01	5.410177e+00
6.886667e+01	2.865053e-01	5.413301e+00
6.890000e+01	2.845702e-01	5.405158e+00
6.893333e+01	2.825598e-01	5.396699e+00
6.896667e+01	2.820367e-01	5.394498e+00
69	2.827639e-01	5.397558e+00
6.903333e+01	2.836371e-01	5.401232e+00
6.906667e+01	2.839081e-01	5.402373e+00
6.910000e+01	2.836193e-01	5.401157e+00
6.913333e+01	2.832355e-01	5.399542e+00
6.916667e+01	2.830997e-01	5.398971e+00
6.920000e+01	2.832143e-01	5.399453e+00
6.923333e+01	2.833830e-01	5.400163e+00
6.926667e+01	2.834500e-01	5.400445e+00
6.930000e+01	2.834052e-01	5.400257e+00
6.933333e+01	2.833313e-01	5.399945e+00
6.936667e+01	2.832988e-01	5.399809e+00
6.940000e+01	2.833159e-01	5.399881e+00
6.943333e+01	2.833482e-01	5.400016e+00
6.946667e+01	2.833637e-01	5.400082e+00
6.950000e+01	2.833574e-01	5.400055e+00
6.953333e+01	2.833434e-01	5.399996e+00
6.956667e+01	2.833360e-01	5.399965e+00
6.960000e+01	2.833383e-01	5.399975e+00
6.963333e+01	2.833443e-01	5.400000e+00
6.966667e+01	2.833478e-01	5.400015e+00
6.970000e+01	2.833470e-01	5.400012e+00
6.973333e+01	2.833444e-01	5.400001e+00
6.976667e+01	2.833428e-01	5.399994e+00
6.980000e+01	2.833430e-01	5.399995e+00
6.983333e+01	2.833441e-01	5.399999e+00
6.986667e+01	2.833449e-01	5.400003e+00
6.990000e+01	2.833448e-01	5.400002e+00
6.993333e+01	2.830922e-01	5.398939e+00
6.996667e+01	2.814160e-01	5.391886e+00
70	2.765377e-01	5.371360e+00
7.003333e+01	2.681955e-01	5.336258e+00
7.006667e+01	2.584008e-01	5.295044e+00
7.010000e+01	2.492039e-01	5.256346e+00
7.013333e+01	2.414562e-01	5.223745e+00
7.016667e+01	2.354409e-01	5.198434e+00
7.020000e+01	2.296875e-01	5.174225e+00
7.023333e+01	2.205882e-01	5.135938e+00
7.026667e+01	2.079081e-01	5.082583e+00
7.030000e+01	1.992907e-01	5.046323e+00
7.033333e+01	2.036095e-01	5.064496e+00
7.036667e+01	2.198985e-01	5.133035e+00
7.040000e+01	2.370840e-01	5.205348e+00
7.043333e+01	2.448423e-01	5.237993e+00
7.046667e+01	2.420435e-01	5.226216e+00
7.050000e+01	2.348657e-01	5.196014e+00
7.053333e+01	2.294740e-01	5.173327e+00
7.056667e+01	2.275164e-01	5.165090e+00
7.060000e+01	2.269905e-01	5.162877e+00
7.063333e+01	2.255273e-01	5.156720e+00
7.066667e+01	2.224854e-01	5.143921e+00
7.070000e+01	2.187447e-01	5.128181e+00
7.073333e+01	2.153699e-01	5.113980e+00
7.076667e+01	2.126890e-01	5.102700e+00
7.080000e+01	2.103443e-01	5.092834e+00
7.083333e+01	2.078638e-01	5.082397e+00
7.086667e+01	2.050816e-01	5.070690e+00
7.090000e+01	2.021399e-01	5.058312e+00
7.093333e+01	1.992467e-01	5.046138e+00
7.096667e+01	1.964838e-01	5.034512e+00
71	1.937958e-01	5.023202e+00
7.103333e+01	1.910916e-01	5.011823e+00
7.106667e+01	1.883312e-01	5.000208e+00
7.110000e+01	1.855360e-01	4.988447e+00
7.113333e+01	1.827457e-01	4.976706e+00
7.116667e+01	1.799795e-01	4.965066e+00
7.120000e+01	1.772293e-01	4.953494e+00
7.123333e+01	1.744779e-01	4.941917e+00
7.126667e+01	1.717164e-01	4.930297e+00
7.130000e+01	1.689474e-01	4.918646e+00
7.133333e+01	1.661785e-01	4.906995e+00
7.136667e+01	1.634140e-01	4.895363e+00
7.140000e+01	1.606528e-01	4.883744e+00
7.143333e+01	1.578918e-01	4.872127e+00
7.146667e+01	1.551290e-01	4.860501e+00
7.150000e+01	1.523646e-01	4.848869e+00
7.153333e+01	1.496001e-01	4.837237e+00
7.156667e+01	1.468363e-01	4.825608e+00
7.160000e+01	1.440732e-01	4.813981e+00
7.163333e+01	1.413103e-01	4.802355e+00
7.166667e+01	1.385470e-01	4.790728e+00
7.170000e+01	1.357834e-01	4.779100e+00
7.173333e+01	1.330197e-01	4.767471e+00
7.176667e+01	1.302562e-01	4.755843e+00
7.180000e+01	1.274928e-01	4.744215e+00
7.183333e+01	1.247295e-01	4.732587e+00
7.186667e+01	1.219954e-01	4.721083e+00
7.190000e+01	1.194561e-01	4.710398e+00
7.193333e+01	1.174840e-01	4.702101e+00
7.196667e+01	1.164527e-01	4.697761e+00
72	1.163655e-01	4.697394e+00
7.203333e+01	1.167805e-01	4.699140e+00
7.206667e+01	1.171556e-01	4.700719e+00
7.210000e+01	1.172274e-01	4.701021e+00
7.213333e+01	1.170764e-01	4.700385e+00
7.216667e+01	1.169180e-01	4.699719e+00
7.220000e+01	1.168802e-01	4.699560e+00
7.223333e+01	1.169412e-01	4.699816e+00
7.226667e+01	1.170109e-01	4.700110e+00
7.230000e+01	1.165262e-01	4.698070e+00
7.233333e+01	1.136542e-01	4.685985e+00
7.236667e+01	1.072183e-01	4.658905e+00
7.240000e+01	1.007845e-01	4.631833e+00
7.243333e+01	1.007369e-01	4.631633e+00
7.246667e+01	1.083512e-01	4.663672e+00
7.250000e+01	1.176787e-01	4.702920e+00
7.253333e+01	1.222058e-01	4.721969e+00
7.256667e+01	1.208173e-01	4.716126e+00
7.260000e+01	1.171060e-01	4.700510e+00
7.263333e+01	1.149108e-01	4.691273e+00
7.266667e+01	1.152843e-01	4.692844e+00
7.270000e+01	1.168368e-01	4.699377e+00
7.273333e+01	1.178468e-01	4.703627e+00
7.276667e+01	1.177489e-01	4.703215e+00
7.280000e+01	1.168372e-01	4.699379e+00
7.283333e+01	1.146980e-01	4.690378e+00
7.286667e+01	1.098351e-01	4.669916e+00
7.290000e+01	1.020248e-01	4.637052e+00
7.293333e+01	9.411758e-02	4.603780e+00
7.296667e+01	8.980434e-02	4.585631e+00
73	9.002884e-02	4.586576e+00
7.303333e+01	9.254070e-02	4.597145e+00
7.306667e+01	9.419766e-02	4.604117e+00
7.310000e+01	9.263382e-02	4.597537e+00
7.313333e+01	8.676315e-02	4.572835e+00
7.316667e+01	7.782820e-02	4.535238e+00
7.320000e+01	6.961378e-02	4.500674e+00
7.323333e+01	6.570600e-02	4.484231e+00
7.326667e+01	6.642716e-02	4.487266e+00
7.330000e+01	6.909648e-02	4.498497e+00
7.333333e+01	7.084298e-02	4.505846e+00
7.336667e+01	7.098792e-02	4.506456e+00
7.340000e+01	7.159245e-02	4.509000e+00
7.343333e+01	7.569041e-02	4.526243e+00
7.346667e+01	8.403375e-02	4.561350e+00
7.350000e+01	9.427826e-02	4.604456e+00
7.353333e+01	1.038287e-01	4.644642e+00
7.356667e+01	1.120997e-01	4.679444e+00
7.360000e+01	1.207729e-01	4.715939e+00
7.363333e+01	1.330234e-01	4.767486e+00
7.366667e+01	1.504575e-01	4.840845e+00
7.370000e+01	1.705851e-01	4.925537e+00
7.373333e+01	1.891656e-01	5.003719e+00
7.376667e+01	2.037846e-01	5.065232e+00
7.380000e+01	2.149108e-01	5.112049e+00
7.383333e+01	2.258629e-01	5.158132e+00
7.386667e+01	2.398154e-01	5.216841e+00
7.390000e+01	2.547669e-01	5.279753e+00
7.393333e+01	2.646344e-01	5.321273e+00
7.396667e+01	2.661575e-01	5.327682e+00
74	2.621311e-01	5.310740e+00
7.403333e+01	2.579762e-01	5.293257e+00
7.406667e+01	2.566423e-01	5.287645e+00
7.410000e+01	2.559531e-01	5.284745e+00
7.413333e+01	2.495151e-01	5.257655e+00
7.416667e+01	2.322250e-01	5.184902e+00
7.420000e+01	2.073339e-01	5.080167e+00
7.423333e+01	1.857385e-01	4.989299e+00
7.426667e+01	1.754896e-01	4.946174e+00
7.430000e+01	1.741393e-01	4.940492e+00
7.433333e+01	1.735282e-01	4.937921e+00
7.436667e+01	1.689382e-01	4.918607e+00
7.440000e+01	1.600131e-01	4.881053e+00
7.443333e+01	1.453839e-01	4.819496e+00
7.446667e+01	1.219971e-01	4.721090e+00
7.450000e+01	9.089554e-02	4.590223e+00
7.453333e+01	6.074966e-02	4.463376e+00
7.456667e+01	4.327499e-02	4.389847e+00
7.460000e+01	4.463572e-02	4.395573e+00
7.463333e+01	6.138963e-02	4.466069e+00
7.466667e+01	8.422028e-02	4.562135e+00
7.470000e+01	1.050704e-01	4.649867e+00
7.473333e+01	1.214252e-01	4.718684e+00
7.476667e+01	1.352183e-01	4.776722e+00
7.480000e+01	1.484854e-01	4.832547e+00
7.483333e+01	1.602082e-01	4.881873e+00
7.486667e+01	1.676499e-01	4.913186e+00
7.490000e+01	1.706787e-01	4.925931e+00
7.493333e+01	1.731362e-01	4.936271e+00
7.496667e+01	1.785504e-01	4.959053e+00
75	1.861161e-01	4.990888e+00
7.503333e+01	1.929679e-01	5.019718e+00
7.506667e+01	1.981269e-01	5.041426e+00
7.510000e+01	2.011575e-01	5.054178e+00
7.513333e+01	2.008709e-01	5.052972e+00
7.516667e+01	1.998873e-01	5.048833e+00
7.520000e+01	2.052078e-01	5.071221e+00
7.523333e+01	2.195247e-01	5.131463e+00
7.526667e+01	2.370153e-01	5.205059e+00
7.530000e+01	2.503444e-01	5.261145e+00
7.533333e+01	2.573129e-01	5.290466e+00
7.536667e+01	2.600709e-01	5.302071e+00
7.540000e+01	2.621607e-01	5.310865e+00
7.543333e+01	2.667648e-01	5.330238e+00
7.546667e+01	2.745248e-01	5.362890e+00
7.550000e+01	2.824826e-01	5.396374e+00
7.553333e+01	2.868124e-01	5.414593e+00
7.556667e+01	2.865525e-01	5.413500e+00
7.560000e+01	2.840014e-01	5.402765e+00
7.563333e+01	2.820841e-01	5.394698e+00
7.566667e+01	2.817380e-01	5.393241e+00
7.570000e+01	2.810741e-01	5.390447e+00
7.573333e+01	2.770455e-01	5.373496e+00
7.576667e+01	2.690434e-01	5.339825e+00
7.580000e+01	2.605048e-01	5.303897e+00
7.583333e+01	2.558049e-01	5.284121e+00
7.586667e+01	2.560893e-01	5.285318e+00
7.590000e+01	2.591239e-01	5.298087e+00
7.593333e+01	2.628877e-01	5.313924e+00
7.596667e+01	2.678627e-01	5.334857e+00
76	2.748451e-01	5.364238e+00
7.603333e+01	2.822894e-01	5.395561e+00
7.606667e+01	2.881902e-01	5.420391e+00
7.610000e+01	2.931857e-01	5.441410e+00
7.613333e+01	2.990839e-01	5.466228e+00
7.616667e+01	3.053485e-01	5.492588e+00
7.620000e+01	3.094137e-01	5.509694e+00
7.623333e+01	3.099202e-01	5.511825e+00
7.626667e+01	3.081256e-01	5.504274e+00
7.630000e+01	3.063623e-01	5.496854e+00
7.633333e+01	3.059529e-01	5.495131e+00
7.636667e+01	3.066270e-01	5.497968e+00
7.640000e+01	3.073927e-01	5.501190e+00
7.643333e+01	3.076095e-01	5.502102e+00
7.646667e+01	3.070878e-01	5.499907e+00
7.650000e+01	3.053270e-01	5.492498e+00
7.653333e+01	3.017621e-01	5.477498e+00
7.656667e+01	2.969822e-01	5.457385e+00
7.660000e+01	2.922238e-01	5.437363e+00
7.663333e+01	2.882411e-01	5.420605e+00
7.666667e+01	2.864167e-01	5.412928e+00
7.670000e+01	2.891766e-01	5.424541e+00
7.673333e+01	2.968912e-01	5.457002e+00
7.676667e+01	3.057803e-01	5.494405e+00
7.680000e+01	3.106939e-01	5.515080e+00
7.683333e+01	3.089363e-01	5.507685e+00
7.686667e+01	3.011834e-01	5.475063e+00
7.690000e+01	2.908187e-01	5.431450e+00
7.693333e+01	2.825079e-01	5.396481e+00
7.696667e+01	2.793284e-01	5.383102e+00
77	2.809294e-01	5.389839e+00
7.703333e+01	2.853512e-01	5.408445e+00
7.706667e+01	2.914236e-01	5.433996e+00
7.710000e+01	2.974502e-01	5.459354e+00
7.713333e+01	2.995719e-01	5.468282e+00
7.716667e+01	2.951443e-01	5.449652e+00
7.720000e+01	2.868092e-01	5.414580e+00
7.723333e+01	2.803594e-01	5.387440e+00
7.726667e+01	2.790875e-01	5.382089e+00
7.730000e+01	2.815962e-01	5.392644e+00
7.733333e+01	2.843450e-01	5.404211e+00
7.736667e+01	2.851186e-01	5.407466e+00
7.740000e+01	2.844176e-01	5.404516e+00
7.743333e+01	2.848992e-01	5.406543e+00
7.746667e+01	2.893845e-01	5.425416e+00
7.750000e+01	2.978528e-01	5.461048e+00
7.753333e+01	3.064963e-01	5.497418e+00
7.756667e+01	3.112624e-01	5.517473e+00
7.760000e+01	3.124466e-01	5.522455e+00
7.763333e+01	3.144865e-01	5.531039e+00
7.766667e+01	3.251038e-01	5.575714e+00
7.770000e+01	3.633828e-01	5.736783e+00
7.773333e+01	4.566479e-01	6.129219e+00
7.776667e+01	6.028254e-01	6.744299e+00
7.780000e+01	7.461595e-01	7.347414e+00
7.783333e+01	8.198281e-01	7.657393e+00
7.786667e+01	8.083163e-01	7.608954e+00
7.790000e+01	7.542708e-01	7.381544e+00
7.793333e+01	7.126965e-01	7.206609e+00
7.796667e+01	7.077630e-01	7.185851e+00
78	7.280261e-01	7.271113e+00
7.803333e+01	7.503569e-01	7.365075e+00
7.806667e+01	7.615763e-01	7.412284e+00
7.810000e+01	7.621819e-01	7.414832e+00
7.813333e+01	7.588597e-01	7.400853e+00
7.816667e+01	7.567405e-01	7.391936e+00
7.820000e+01	7.559323e-01	7.388535e+00
7.823333e+01	7.528451e-01	7.375545e+00
7.826667e+01	7.442603e-01	7.339422e+00
7.830000e+01	7.296999e-01	7.278156e+00
7.833333e+01	7.104772e-01	7.197271e+00
7.836667e+01	6.882332e-01	7.103674e+00
7.840000e+01	6.645672e-01	7.004093e+00
7.843333e+01	6.408275e-01	6.904202e+00
7.846667e+01	6.177003e-01	6.806889e+00
7.850000e+01	5.951204e-01	6.711878e+00
7.853333e+01	5.726546e-01	6.617347e+00
7.856667e+01	5.499790e-01	6.521934e+00
7.860000e+01	5.270751e-01	6.425560e+00
7.863333e+01	5.041112e-01	6.328933e+00
7.866667e+01	4.812306e-01	6.232657e+00
7.870000e+01	4.584499e-01	6.136802e+00
7.873333e+01	4.356997e-01	6.041075e+00
7.876667e+01	4.129160e-01	5.945206e+00
7.880000e+01	3.900882e-01	5.849152e+00
7.883333e+01	3.672450e-01	5.753034e+00
7.886667e+01	3.444152e-01	5.656971e+00
7.890000e+01	3.216048e-01	5.560991e+00
7.893333e+01	2.988019e-01	5.465042e+00
7.896667e+01	2.759939e-01	5.369071e+00
79	2.529150e-01	5.271961e+00
7.903333e+01	2.285940e-01	5.169624e+00
7.906667e+01	2.023010e-01	5.058990e+00
7.910000e+01	1.759310e-01	4.948031e+00
7.913333e+01	1.540968e-01	4.856158e+00
7.916667e+01	1.407966e-01	4.800194e+00
7.920000e+01	1.362074e-01	4.780884e+00
7.923333e+01	1.360213e-01	4.780101e+00
7.926667e+01	1.340716e-01	4.771897e+00
7.930000e+01	1.274073e-01	4.743855e+00
7.933333e+01	1.185690e-01	4.706666e+00
7.936667e+01	1.109357e-01	4.674547e+00
7.940000e+01	1.024385e-01	4.638793e+00
7.943333e+01	8.737248e-02	4.575398e+00
7.946667e+01	6.597923e-02	4.485381e+00
7.950000e+01	4.911751e-02	4.414431e+00
7.953333e+01	4.948450e-02	4.415975e+00
7.956667e+01	6.789898e-02	4.493459e+00
7.960000e+01	9.106483e-02	4.590935e+00
7.963333e+01	1.040465e-01	4.645559e+00
7.966667e+01	1.029218e-01	4.640826e+00
7.970000e+01	9.489617e-02	4.607056e+00
7.973333e+01	8.910335e-02	4.582682e+00
7.976667e+01	8.930174e-02	4.583516e+00
7.980000e+01	9.423277e-02	4.604265e+00
7.983333e+01	1.017031e-01	4.635698e+00
7.986667e+01	1.099620e-01	4.670449e+00
7.990000e+01	1.167205e-01	4.698888e+00
7.993333e+01	1.198700e-01	4.712140e+00
7.996667e+01	1.194586e-01	4.710409e+00
80	1.179325e-01	4.703988e+00
8.003333e+01	1.182900e-01	4.705492e+00
8.006667e+01	1.218403e-01	4.720431e+00
8.010000e+01	1.274773e-01	4.744150e+00
8.013333e+01	1.332234e-01	4.768328e+00
8.016667e+01	1.382806e-01	4.789608e+00
8.020000e+01	1.432976e-01	4.810718e+00
8.023333e+01	1.491033e-01	4.835147e+00
8.026667e+01	1.557478e-01	4.863105e+00
8.030000e+01	1.626494e-01	4.892145e+00
8.033333e+01	1.692683e-01	4.919996e+00
8.036667e+01	1.755073e-01	4.946248e+00
8.040000e+01	1.816049e-01	4.971906e+00
8.043333e+01	1.878096e-01	4.998013e+00
8.046667e+01	1.941804e-01	5.024820e+00
8.050000e+01	2.005535e-01	5.051637e+00
8.053333e+01	2.064387e-01	5.076400e+00
8.056667e+01	2.106984e-01	5.094324e+00
8.060000e+01	2.113436e-01	5.097039e+00
8.063333e+01	2.066367e-01	5.077233e+00
8.066667e+01	1.975977e-01	5.039199e+00
8.070000e+01	1.883851e-01	5.000435e+00
8.073333e+01	1.822391e-01	4.974574e+00
8.076667e+01	1.780494e-01	4.956945e+00
8.080000e+01	1.729224e-01	4.935372e+00
8.083333e+01	1.668011e-01	4.909615e+00
8.086667e+01	1.624048e-01	4.891116e+00
8.090000e+01	1.615550e-01	4.887541e+00
8.093333e+01	1.632703e-01	4.894758e+00
8.096667e+01	1.651694e-01	4.902749e+00
81	1.657317e-01	4.905115e+00
8.103333e+01	1.648475e-01	4.901394e+00
8.106667e+01	1.623509e-01	4.890889e+00
8.110000e+01	1.571880e-01	4.869165e+00
8.113333e+01	1.493456e-01	4.836166e+00
8.116667e+01	1.418381e-01	4.804576e+00
8.120000e+01	1.393354e-01	4.794046e+00
8.123333e+01	1.444594e-01	4.815606e+00
8.126667e+01	1.550003e-01	4.859960e+00
8.130000e+01	1.649681e-01	4.901902e+00
8.133333e+01	1.693863e-01	4.920493e+00
8.136667e+01	1.680765e-01	4.914981e+00
8.140000e+01	1.646506e-01	4.900566e+00
8.143333e+01	1.626450e-01	4.892127e+00
8.146667e+01	1.627310e-01	4.892489e+00
8.150000e+01	1.624576e-01	4.891338e+00
8.153333e+01	1.584874e-01	4.874633e+00
8.156667e+01	1.505580e-01	4.841268e+00
8.160000e+01	1.432678e-01	4.810592e+00
8.163333e+01	1.419882e-01	4.805208e+00
8.166667e+01	1.472343e-01	4.827282e+00
0	0	0
0	0	0
0	0	0
