0	1.154596e-07	4.199997e+00
3.333333e-02	8.029196e-07	4.200000e+00
6.666667e-02	1.158769e-06	4.200002e+00
1.000000e-01	1.042303e-06	4.200001e+00
1.333333e-01	7.448277e-07	4.200000e+00
1.666667e-01	5.774447e-07	4.199999e+00
2.000000e-01	6.172699e-07	4.199999e+00
2.333333e-01	7.453952e-07	4.200000e+00
2.666667e-01	8.234613e-07	4.200000e+00
3.000000e-01	8.110201e-07	4.200000e+00
3.333333e-01	7.561017e-07	4.200000e+00
3.666667e-01	7.199656e-07	4.200000e+00
4.000000e-01	7.231884e-07	4.200000e+00
4.333333e-01	7.466089e-07	4.200000e+00
4.666667e-01	7.632230e-07	4.200000e+00
5.000000e-01	7.627979e-07	4.200000e+00
5.333333e-01	7.528636e-07	4.200000e+00
5.666667e-01	7.452722e-07	4.200000e+00
6.000000e-01	7.450231e-07	4.200000e+00
6.333333e-01	7.492127e-07	4.200000e+00
6.666667e-01	7.526617e-07	4.200000e+00
7.000000e-01	7.529619e-07	4.200000e+00
7.333333e-01	7.512061e-07	4.200000e+00
7.666667e-01	7.496475e-07	4.200000e+00
8.000000e-01	7.494324e-07	4.200000e+00
8.333333e-01	-2.519146e-04	4.198939e+00
8.666667e-01	-1.930833e-03	4.191887e+00
9.000000e-01	-6.818168e-03	4.171361e+00
9.333333e-01	-1.492331e-02	4.137319e+00
9.666667e-01	-2.305728e-02	4.103156e+00
1	-2.738390e-02	4.084985e+00
1.033333e+00	-2.702122e-02	4.086508e+00
1.066667e+00	-2.425968e-02	4.098106e+00
1.100000e+00	-2.181472e-02	4.108375e+00
1.133333e+00	-2.060416e-02	4.113459e+00
1.166667e+00	-1.986827e-02	4.116550e+00
1.200000e+00	-1.861381e-02	4.121819e+00
1.233333e+00	-1.660865e-02	4.130241e+00
1.266667e+00	-1.429829e-02	4.139944e+00
1.300000e+00	-1.218412e-02	4.148824e+00
1.333333e+00	-1.040481e-02	4.156297e+00
1.366667e+00	-8.777886e-03	4.163130e+00
1.400000e+00	-7.077939e-03	4.170270e+00
1.433333e+00	-5.232194e-03	4.178022e+00
1.466667e+00	-3.332930e-03	4.185999e+00
1.500000e+00	-1.589448e-03	4.193321e+00
1.533333e+00	-2.850691e-04	4.198800e+00
1.566667e+00	3.613986e-04	4.201515e+00
1.600000e+00	3.914936e-04	4.201641e+00
1.633333e+00	1.160173e-04	4.200484e+00
1.666667e+00	-1.169454e-04	4.199506e+00
1.700000e+00	-1.519434e-04	4.199359e+00
1.733333e+00	-5.091617e-05	4.199783e+00
1.766667e+00	4.744491e-05	4.200196e+00
1.800000e+00	6.683569e-05	4.200278e+00
1.833333e+00	2.568338e-05	4.200105e+00
1.866667e+00	-1.778751e-05	4.199922e+00
1.900000e+00	-2.809200e-04	4.198817e+00
1.933333e+00	-1.942987e-03	4.191836e+00
1.966667e+00	-6.810991e-03	4.171391e+00
2	-1.491063e-02	4.137372e+00
2.033333e+00	-2.305142e-02	4.103181e+00
2.066667e+00	-2.738661e-02	4.084973e+00
2.100000e+00	-2.679351e-02	4.087464e+00
2.133333e+00	-2.249891e-02	4.105502e+00
2.166667e+00	-1.568736e-02	4.134110e+00
2.200000e+00	-7.518265e-03	4.168420e+00
2.233333e+00	-4.231736e-04	4.198220e+00
2.266667e+00	3.049736e-03	4.212806e+00
2.300000e+00	2.630857e-03	4.211046e+00
2.333333e+00	4.495570e-04	4.201885e+00
2.366667e+00	-1.087353e-03	4.195430e+00
2.400000e+00	-1.096839e-03	4.195390e+00
2.433333e+00	-2.386783e-04	4.198994e+00
2.466667e+00	4.410565e-04	4.201849e+00
2.500000e+00	4.838786e-04	4.202029e+00
2.533333e+00	1.268515e-04	4.200530e+00
2.566667e+00	-1.788318e-04	4.199246e+00
2.600000e+00	-2.136209e-04	4.199100e+00
2.633333e+00	-6.452922e-05	4.199726e+00
2.666667e+00	7.312717e-05	4.200304e+00
2.700000e+00	9.556064e-05	4.200398e+00
2.733333e+00	3.372297e-05	4.200138e+00
2.766667e+00	-2.801840e-05	4.199879e+00
2.800000e+00	-4.099561e-05	4.199825e+00
2.833333e+00	-1.556050e-05	4.199931e+00
2.866667e+00	-2.406622e-04	4.198986e+00
2.900000e+00	-1.912533e-03	4.191964e+00
2.933333e+00	-6.810232e-03	4.171394e+00
2.966667e+00	-1.492762e-02	4.137301e+00
3	-2.306527e-02	4.103123e+00
3.033333e+00	-2.738771e-02	4.084969e+00
3.066667e+00	-2.703905e-02	4.086433e+00
3.100000e+00	-2.442423e-02	4.097415e+00
3.133333e+00	-2.250546e-02	4.105474e+00
3.166667e+00	-2.244530e-02	4.105727e+00
3.200000e+00	-2.348402e-02	4.101364e+00
3.233333e+00	-2.433542e-02	4.097788e+00
3.266667e+00	-2.440932e-02	4.097478e+00
3.300000e+00	-2.397763e-02	4.099291e+00
3.333333e+00	-2.359509e-02	4.100898e+00
3.366667e+00	-2.354281e-02	4.101117e+00
3.400000e+00	-2.372251e-02	4.100362e+00
3.433333e+00	-2.389442e-02	4.099640e+00
3.466667e+00	-2.392619e-02	4.099507e+00
3.500000e+00	-2.385193e-02	4.099819e+00
3.533333e+00	-2.377499e-02	4.100142e+00
3.566667e+00	-2.375720e-02	4.100217e+00
3.600000e+00	-2.378762e-02	4.100089e+00
3.633333e+00	-2.382190e-02	4.099945e+00
3.666667e+00	-2.383136e-02	4.099905e+00
3.700000e+00	-2.381902e-02	4.099957e+00
3.733333e+00	-2.405649e-02	4.098960e+00
3.766667e+00	-2.573054e-02	4.091929e+00
3.800000e+00	-3.062282e-02	4.071381e+00
3.833333e+00	-3.873468e-02	4.037311e+00
3.866667e+00	-4.687108e-02	4.003138e+00
3.900000e+00	-5.119575e-02	3.984975e+00
3.933333e+00	-5.084956e-02	3.986429e+00
3.966667e+00	-4.823540e-02	3.997408e+00
4	-4.656840e-02	4.004410e+00
4.033333e+00	-4.818605e-02	3.997616e+00
4.066667e+00	-5.411177e-02	3.972728e+00
4.100000e+00	-6.306868e-02	3.935109e+00
4.133333e+00	-7.127703e-02	3.900634e+00
4.166667e+00	-7.517213e-02	3.884274e+00
4.200000e+00	-7.444621e-02	3.887323e+00
4.233333e+00	-7.178075e-02	3.898518e+00
4.266667e+00	-7.003994e-02	3.905829e+00
4.300000e+00	-7.014935e-02	3.905370e+00
4.333333e+00	-7.121902e-02	3.900877e+00
4.366667e+00	-7.199685e-02	3.897610e+00
4.400000e+00	-7.199484e-02	3.897619e+00
4.433333e+00	-7.154577e-02	3.899505e+00
4.466667e+00	-7.119338e-02	3.900985e+00
4.500000e+00	-7.117492e-02	3.901062e+00
4.533333e+00	-7.136389e-02	3.900269e+00
4.566667e+00	-7.152356e-02	3.899598e+00
4.600000e+00	-7.154033e-02	3.899528e+00
4.633333e+00	-7.146130e-02	3.899860e+00
4.666667e+00	-7.113660e-02	3.901223e+00
4.700000e+00	-6.944652e-02	3.908322e+00
4.733333e+00	-6.459200e-02	3.928711e+00
4.766667e+00	-5.651919e-02	3.962616e+00
4.800000e+00	-4.839177e-02	3.996752e+00
4.833333e+00	-4.405164e-02	4.014980e+00
4.866667e+00	-4.438043e-02	4.013599e+00
4.900000e+00	-4.698981e-02	4.002640e+00
4.933333e+00	-4.891575e-02	3.994551e+00
4.966667e+00	-4.898473e-02	3.994261e+00
5	-4.794881e-02	3.998612e+00
5.033333e+00	-4.709453e-02	4.002200e+00
5.066667e+00	-4.701673e-02	4.002527e+00
5.100000e+00	-4.744702e-02	4.000720e+00
5.133333e+00	-4.783070e-02	3.999108e+00
5.166667e+00	-4.788469e-02	3.998881e+00
5.200000e+00	-4.770568e-02	3.999633e+00
5.233333e+00	-4.753333e-02	4.000357e+00
5.266667e+00	-4.750081e-02	4.000494e+00
5.300000e+00	-4.757474e-02	4.000183e+00
5.333333e+00	-4.765184e-02	3.999859e+00
5.366667e+00	-4.766996e-02	3.999783e+00
5.400000e+00	-4.763970e-02	3.999910e+00
5.433333e+00	-4.760536e-02	4.000054e+00
5.466667e+00	-4.759576e-02	4.000095e+00
5.500000e+00	-4.760802e-02	4.000043e+00
5.533333e+00	-4.762324e-02	3.999979e+00
5.566667e+00	-4.762816e-02	3.999959e+00
5.600000e+00	-4.762325e-02	3.999979e+00
5.633333e+00	-4.761653e-02	4.000008e+00
5.666667e+00	-4.761407e-02	4.000018e+00
5.700000e+00	-4.761601e-02	4.000010e+00
5.733333e+00	-4.761896e-02	3.999997e+00
5.766667e+00	-4.762017e-02	3.999992e+00
5.800000e+00	-4.761942e-02	3.999995e+00
5.833333e+00	-4.761813e-02	4.000001e+00
5.866667e+00	-4.761754e-02	4.000003e+00
5.900000e+00	-4.761783e-02	4.000002e+00
5.933333e+00	-4.761839e-02	4.000000e+00
5.966667e+00	-4.761867e-02	3.999999e+00
6	-4.761857e-02	3.999999e+00
6.033333e+00	-4.761832e-02	4.000000e+00
6.066667e+00	-4.787085e-02	3.998939e+00
6.100000e+00	-4.954981e-02	3.991888e+00
6.133333e+00	-5.443725e-02	3.971361e+00
6.166667e+00	-6.254245e-02	3.937319e+00
6.200000e+00	-7.067641e-02	3.903156e+00
6.233333e+00	-7.500299e-02	3.884985e+00
6.266667e+00	-7.465972e-02	3.886426e+00
6.300000e+00	-7.204676e-02	3.897401e+00
6.333333e+00	-7.012635e-02	3.905466e+00
6.366667e+00	-7.006381e-02	3.905729e+00
6.400000e+00	-7.110161e-02	3.901370e+00
6.433333e+00	-7.195366e-02	3.897792e+00
6.466667e+00	-7.202860e-02	3.897477e+00
6.500000e+00	-7.159736e-02	3.899288e+00
6.533333e+00	-7.121457e-02	3.900896e+00
6.566667e+00	-7.116183e-02	3.901117e+00
6.600000e+00	-7.134132e-02	3.900364e+00
6.633333e+00	-7.151332e-02	3.899641e+00
6.666667e+00	-7.154529e-02	3.899507e+00
6.700000e+00	-7.147113e-02	3.899818e+00
6.733333e+00	-7.139416e-02	3.900142e+00
6.766667e+00	-7.137628e-02	3.900217e+00
6.800000e+00	-7.140666e-02	3.900089e+00
6.833333e+00	-7.144094e-02	3.899945e+00
6.866667e+00	-7.145044e-02	3.899905e+00
6.900000e+00	-7.143813e-02	3.899957e+00
6.933333e+00	-7.142292e-02	3.900021e+00
6.966667e+00	-7.141805e-02	3.900041e+00
7	-7.142298e-02	3.900021e+00
7.033333e+00	-7.142969e-02	3.899992e+00
7.066667e+00	-7.143214e-02	3.899982e+00
7.100000e+00	-7.143019e-02	3.899990e+00
7.133333e+00	-7.142724e-02	3.900003e+00
7.166667e+00	-7.142603e-02	3.900008e+00
7.200000e+00	-7.142679e-02	3.900005e+00
7.233333e+00	-7.142808e-02	3.899999e+00
7.266667e+00	-7.142866e-02	3.899997e+00
7.300000e+00	-7.142838e-02	3.899998e+00
7.333333e+00	-7.142781e-02	3.900000e+00
7.366667e+00	-7.168020e-02	3.898940e+00
7.400000e+00	-7.335923e-02	3.891888e+00
7.433333e+00	-7.824681e-02	3.871361e+00
7.466667e+00	-8.635208e-02	3.837318e+00
7.500000e+00	-9.448601e-02	3.803156e+00
7.533333e+00	-9.881253e-02	3.784985e+00
7.566667e+00	-9.846922e-02	3.786426e+00
7.600000e+00	-9.585628e-02	3.797401e+00
7.633333e+00	-9.393589e-02	3.805466e+00
7.666667e+00	-9.387337e-02	3.805729e+00
7.700000e+00	-9.491117e-02	3.801370e+00
7.733333e+00	-9.576320e-02	3.797792e+00
7.766667e+00	-9.583814e-02	3.797477e+00
7.800000e+00	-9.565956e-02	3.798227e+00
7.833333e+00	-9.695569e-02	3.792783e+00
7.866667e+00	-1.017903e-01	3.772478e+00
7.900000e+00	-1.100749e-01	3.737683e+00
7.933333e+00	-1.183809e-01	3.702797e+00
7.966667e+00	-1.227395e-01	3.684491e+00
8	-1.223221e-01	3.686245e+00
8.033333e+00	-1.196321e-01	3.697542e+00
8.066667e+00	-1.176938e-01	3.705683e+00
8.100000e+00	-1.176617e-01	3.705818e+00
8.133333e+00	-1.187338e-01	3.701315e+00
8.166667e+00	-1.195953e-01	3.697697e+00
8.200000e+00	-1.196579e-01	3.697434e+00
8.233333e+00	-1.192115e-01	3.699309e+00
8.266667e+00	-1.188238e-01	3.700937e+00
8.300000e+00	-1.187760e-01	3.701138e+00
8.333333e+00	-1.189622e-01	3.700356e+00
8.366667e+00	-1.191367e-01	3.699623e+00
8.400000e+00	-1.191667e-01	3.699497e+00
8.433333e+00	-1.190896e-01	3.699821e+00
8.466667e+00	-1.190114e-01	3.700149e+00
8.500000e+00	-1.189943e-01	3.700221e+00
8.533333e+00	-1.190259e-01	3.700088e+00
8.566667e+00	-1.190608e-01	3.699942e+00
8.600000e+00	-1.190700e-01	3.699903e+00
8.633333e+00	-1.190572e-01	3.699957e+00
8.666667e+00	-1.190417e-01	3.700022e+00
8.700000e+00	-1.190369e-01	3.700042e+00
8.733333e+00	-1.190421e-01	3.700021e+00
8.766667e+00	-1.190489e-01	3.699992e+00
8.800000e+00	-1.190513e-01	3.699982e+00
8.833333e+00	-1.190493e-01	3.699990e+00
8.866667e+00	-1.190463e-01	3.700003e+00
8.900000e+00	-1.190451e-01	3.700008e+00
8.933333e+00	-1.190459e-01	3.700005e+00
8.966667e+00	-1.190472e-01	3.699999e+00
9	-1.190478e-01	3.699997e+00
9.033333e+00	-1.187948e-01	3.701059e+00
9.066667e+00	-1.171153e-01	3.708113e+00
9.100000e+00	-1.122277e-01	3.728641e+00
9.133333e+00	-1.041227e-01	3.762682e+00
9.166667e+00	-9.598894e-02	3.796844e+00
9.200000e+00	-9.166245e-02	3.815015e+00
9.233333e+00	-9.200566e-02	3.813573e+00
9.266667e+00	-9.461851e-02	3.802599e+00
9.300000e+00	-9.653887e-02	3.794534e+00
9.333333e+00	-9.660144e-02	3.794271e+00
9.366667e+00	-9.556369e-02	3.798630e+00
9.400000e+00	-9.471166e-02	3.802208e+00
9.433333e+00	-9.463671e-02	3.802523e+00
9.466667e+00	-9.506793e-02	3.800712e+00
9.500000e+00	-9.545071e-02	3.799104e+00
9.533333e+00	-9.550345e-02	3.798883e+00
9.566667e+00	-9.532397e-02	3.799636e+00
9.600000e+00	-9.515198e-02	3.800359e+00
9.633333e+00	-9.512001e-02	3.800493e+00
9.666667e+00	-9.519416e-02	3.800182e+00
9.700000e+00	-9.527113e-02	3.799858e+00
9.733333e+00	-9.528900e-02	3.799783e+00
9.766667e+00	-9.525863e-02	3.799911e+00
9.800000e+00	-9.522435e-02	3.800055e+00
9.833333e+00	-9.521485e-02	3.800095e+00
9.866667e+00	-9.522716e-02	3.800043e+00
9.900000e+00	-9.524237e-02	3.799979e+00
9.933333e+00	-9.524725e-02	3.799959e+00
9.966667e+00	-9.524231e-02	3.799979e+00
10	-9.523560e-02	3.800008e+00
1.003333e+01	-9.523315e-02	3.800018e+00
1.006667e+01	-9.523510e-02	3.800010e+00
1.010000e+01	-9.523805e-02	3.799997e+00
1.013333e+01	-9.523926e-02	3.799992e+00
1.016667e+01	-9.523850e-02	3.799995e+00
1.020000e+01	-9.523721e-02	3.800001e+00
1.023333e+01	-9.523663e-02	3.800003e+00
1.026667e+01	-9.523691e-02	3.800002e+00
1.030000e+01	-9.523748e-02	3.800000e+00
1.033333e+01	-9.523775e-02	3.799999e+00
1.036667e+01	-9.523765e-02	3.799999e+00
1.040000e+01	-9.523740e-02	3.800000e+00
1.043333e+01	-9.523727e-02	3.800001e+00
1.046667e+01	-9.523731e-02	3.800000e+00
1.050000e+01	-9.523742e-02	3.800000e+00
1.053333e+01	-9.523748e-02	3.800000e+00
1.056667e+01	-9.549013e-02	3.798939e+00
1.060000e+01	-9.716900e-02	3.791887e+00
1.063333e+01	-1.020563e-01	3.771361e+00
1.066667e+01	-1.101615e-01	3.737319e+00
1.070000e+01	-1.182954e-01	3.703156e+00
1.073333e+01	-1.226221e-01	3.684985e+00
1.076667e+01	-1.222788e-01	3.686426e+00
1.080000e+01	-1.196659e-01	3.697401e+00
1.083333e+01	-1.177454e-01	3.705466e+00
1.086667e+01	-1.176829e-01	3.705729e+00
1.090000e+01	-1.187207e-01	3.701370e+00
1.093333e+01	-1.195727e-01	3.697792e+00
1.096667e+01	-1.196477e-01	3.697477e+00
11	-1.192164e-01	3.699288e+00
1.103333e+01	-1.188337e-01	3.700896e+00
1.106667e+01	-1.187809e-01	3.701117e+00
1.110000e+01	-1.189604e-01	3.700364e+00
1.113333e+01	-1.191324e-01	3.699641e+00
1.116667e+01	-1.191644e-01	3.699507e+00
1.120000e+01	-1.190902e-01	3.699818e+00
1.123333e+01	-1.190132e-01	3.700142e+00
1.126667e+01	-1.189954e-01	3.700217e+00
1.130000e+01	-1.190257e-01	3.700089e+00
1.133333e+01	-1.190600e-01	3.699945e+00
1.136667e+01	-1.190695e-01	3.699905e+00
1.140000e+01	-1.190572e-01	3.699957e+00
1.143333e+01	-1.190420e-01	3.700021e+00
1.146667e+01	-1.190371e-01	3.700041e+00
1.150000e+01	-1.190421e-01	3.700021e+00
1.153333e+01	-1.190488e-01	3.699992e+00
1.156667e+01	-1.190512e-01	3.699982e+00
1.160000e+01	-1.190493e-01	3.699990e+00
1.163333e+01	-1.190463e-01	3.700003e+00
1.166667e+01	-1.190451e-01	3.700008e+00
1.170000e+01	-1.190459e-01	3.700005e+00
1.173333e+01	-1.187945e-01	3.701060e+00
1.176667e+01	-1.171162e-01	3.708109e+00
1.180000e+01	-1.122285e-01	3.728637e+00
1.183333e+01	-1.041228e-01	3.762681e+00
1.186667e+01	-9.598859e-02	3.796845e+00
1.190000e+01	-9.166207e-02	3.815016e+00
1.193333e+01	-9.200556e-02	3.813574e+00
1.196667e+01	-9.461865e-02	3.802599e+00
12	-9.653904e-02	3.794533e+00
1.203333e+01	-9.660149e-02	3.794271e+00
1.206667e+01	-9.556363e-02	3.798630e+00
1.210000e+01	-9.471159e-02	3.802208e+00
1.213333e+01	-9.488935e-02	3.801462e+00
1.216667e+01	-9.699954e-02	3.792599e+00
1.220000e+01	-1.022697e-01	3.770465e+00
1.223333e+01	-1.104275e-01	3.736202e+00
1.226667e+01	-1.183820e-01	3.702793e+00
1.230000e+01	-1.225366e-01	3.685343e+00
1.233333e+01	-1.221614e-01	3.686919e+00
1.236667e+01	-1.196226e-01	3.697582e+00
1.240000e+01	-1.175265e-01	3.706386e+00
1.243333e+01	-1.158029e-01	3.713625e+00
1.246667e+01	-1.119230e-01	3.729921e+00
1.250000e+01	-1.046356e-01	3.760528e+00
1.253333e+01	-9.656709e-02	3.794415e+00
1.256667e+01	-9.182154e-02	3.814347e+00
1.260000e+01	-9.179719e-02	3.814449e+00
1.263333e+01	-9.436230e-02	3.803675e+00
1.266667e+01	-9.645727e-02	3.794877e+00
1.270000e+01	-9.668512e-02	3.793920e+00
1.273333e+01	-9.567684e-02	3.798154e+00
1.276667e+01	-9.475258e-02	3.802036e+00
1.280000e+01	-9.460361e-02	3.802662e+00
1.283333e+01	-9.501818e-02	3.800921e+00
1.286667e+01	-9.543059e-02	3.799189e+00
1.290000e+01	-9.551632e-02	3.798829e+00
1.293333e+01	-9.534575e-02	3.799545e+00
1.296667e+01	-9.516172e-02	3.800318e+00
13	-9.511511e-02	3.800514e+00
1.303333e+01	-9.518467e-02	3.800222e+00
1.306667e+01	-9.526647e-02	3.799878e+00
1.310000e+01	-9.529081e-02	3.799776e+00
1.313333e+01	-9.526275e-02	3.799894e+00
1.316667e+01	-9.522655e-02	3.800046e+00
1.320000e+01	-9.521421e-02	3.800097e+00
1.323333e+01	-9.522538e-02	3.800051e+00
1.326667e+01	-9.524133e-02	3.799984e+00
1.330000e+01	-9.524746e-02	3.799958e+00
1.333333e+01	-9.524307e-02	3.799976e+00
1.336667e+01	-9.523608e-02	3.800006e+00
1.340000e+01	-9.523309e-02	3.800018e+00
1.343333e+01	-9.523478e-02	3.800011e+00
1.346667e+01	-9.523783e-02	3.799998e+00
1.350000e+01	-9.523927e-02	3.799992e+00
1.353333e+01	-9.523864e-02	3.799995e+00
1.356667e+01	-9.523731e-02	3.800000e+00
1.360000e+01	-9.523663e-02	3.800003e+00
1.363333e+01	-9.523685e-02	3.800002e+00
1.366667e+01	-9.523743e-02	3.800000e+00
1.370000e+01	-9.523775e-02	3.799999e+00
1.373333e+01	-9.523767e-02	3.799999e+00
1.376667e+01	-9.523742e-02	3.800000e+00
1.380000e+01	-9.523727e-02	3.800001e+00
1.383333e+01	-9.523730e-02	3.800000e+00
1.386667e+01	-9.523741e-02	3.800000e+00
1.390000e+01	-9.523748e-02	3.800000e+00
1.393333e+01	-9.523747e-02	3.800000e+00
1.396667e+01	-9.523742e-02	3.800000e+00
14	-9.523739e-02	3.800000e+00
1.403333e+01	-9.523739e-02	3.800000e+00
1.406667e+01	-9.523741e-02	3.800000e+00
1.410000e+01	-9.523743e-02	3.800000e+00
1.413333e+01	-9.523743e-02	3.800000e+00
1.416667e+01	-9.523742e-02	3.800000e+00
1.420000e+01	-9.523741e-02	3.800000e+00
1.423333e+01	-9.523741e-02	3.800000e+00
1.426667e+01	-9.523741e-02	3.800000e+00
1.430000e+01	-9.523742e-02	3.800000e+00
1.433333e+01	-9.523742e-02	3.800000e+00
1.436667e+01	-9.523742e-02	3.800000e+00
1.440000e+01	-9.523742e-02	3.800000e+00
1.443333e+01	-9.523742e-02	3.800000e+00
1.446667e+01	-9.523742e-02	3.800000e+00
1.450000e+01	-9.523742e-02	3.800000e+00
1.453333e+01	-9.523742e-02	3.800000e+00
1.456667e+01	-9.523742e-02	3.800000e+00
1.460000e+01	-9.523742e-02	3.800000e+00
1.463333e+01	-9.523742e-02	3.800000e+00
1.466667e+01	-9.523742e-02	3.800000e+00
1.470000e+01	-9.498475e-02	3.801061e+00
1.473333e+01	-9.330583e-02	3.808113e+00
1.476667e+01	-8.841850e-02	3.828639e+00
1.480000e+01	-8.031336e-02	3.862681e+00
1.483333e+01	-7.217939e-02	3.896844e+00
1.486667e+01	-6.785276e-02	3.915015e+00
1.490000e+01	-6.819601e-02	3.913574e+00
1.493333e+01	-7.080897e-02	3.902599e+00
1.496667e+01	-7.272939e-02	3.894534e+00
15	-7.279195e-02	3.894271e+00
1.503333e+01	-7.175415e-02	3.898630e+00
1.506667e+01	-7.090209e-02	3.902208e+00
1.510000e+01	-7.082714e-02	3.902523e+00
1.513333e+01	-7.125839e-02	3.900712e+00
1.516667e+01	-7.164118e-02	3.899104e+00
1.520000e+01	-7.169392e-02	3.898883e+00
1.523333e+01	-7.151443e-02	3.899636e+00
1.526667e+01	-7.134243e-02	3.900359e+00
1.530000e+01	-7.131046e-02	3.900493e+00
1.533333e+01	-7.138462e-02	3.900182e+00
1.536667e+01	-7.146159e-02	3.899858e+00
1.540000e+01	-7.147946e-02	3.899783e+00
1.543333e+01	-7.144909e-02	3.899911e+00
1.546667e+01	-7.141481e-02	3.900055e+00
1.550000e+01	-7.140531e-02	3.900095e+00
1.553333e+01	-7.141762e-02	3.900043e+00
1.556667e+01	-7.143283e-02	3.899979e+00
1.560000e+01	-7.143770e-02	3.899959e+00
1.563333e+01	-7.143277e-02	3.899979e+00
1.566667e+01	-7.142606e-02	3.900008e+00
1.570000e+01	-7.142361e-02	3.900018e+00
1.573333e+01	-7.142556e-02	3.900010e+00
1.576667e+01	-7.142851e-02	3.899997e+00
1.580000e+01	-7.168238e-02	3.898931e+00
1.583333e+01	-7.336054e-02	3.891883e+00
1.586667e+01	-7.824658e-02	3.871361e+00
1.590000e+01	-8.635114e-02	3.837322e+00
1.593333e+01	-9.448540e-02	3.803158e+00
1.596667e+01	-9.881259e-02	3.784984e+00
16	-9.846962e-02	3.786425e+00
1.603333e+01	-9.585656e-02	3.797400e+00
1.606667e+01	-9.393588e-02	3.805466e+00
1.610000e+01	-9.387320e-02	3.805730e+00
1.613333e+01	-9.491104e-02	3.801371e+00
1.616667e+01	-9.576320e-02	3.797792e+00
1.620000e+01	-9.583821e-02	3.797477e+00
1.623333e+01	-9.540695e-02	3.799288e+00
1.626667e+01	-9.502411e-02	3.800896e+00
1.630000e+01	-9.497135e-02	3.801117e+00
1.633333e+01	-9.515084e-02	3.800364e+00
1.636667e+01	-9.532286e-02	3.799641e+00
1.640000e+01	-9.535484e-02	3.799507e+00
1.643333e+01	-9.528068e-02	3.799818e+00
1.646667e+01	-9.520370e-02	3.800142e+00
1.650000e+01	-9.518582e-02	3.800217e+00
1.653333e+01	-9.521619e-02	3.800089e+00
1.656667e+01	-9.525048e-02	3.799945e+00
1.660000e+01	-9.525999e-02	3.799905e+00
1.663333e+01	-9.524767e-02	3.799957e+00
1.666667e+01	-9.523247e-02	3.800021e+00
1.670000e+01	-9.522759e-02	3.800041e+00
1.673333e+01	-9.523252e-02	3.800021e+00
1.676667e+01	-9.523923e-02	3.799992e+00
1.680000e+01	-9.524168e-02	3.799982e+00
1.683333e+01	-9.523973e-02	3.799990e+00
1.686667e+01	-9.523678e-02	3.800003e+00
1.690000e+01	-9.523558e-02	3.800008e+00
1.693333e+01	-9.523633e-02	3.800005e+00
1.696667e+01	-9.523763e-02	3.799999e+00
17	-9.523821e-02	3.799997e+00
1.703333e+01	-9.523792e-02	3.799998e+00
1.706667e+01	-9.523736e-02	3.800000e+00
1.710000e+01	-9.523708e-02	3.800001e+00
1.713333e+01	-9.523718e-02	3.800001e+00
1.716667e+01	-9.523743e-02	3.800000e+00
1.720000e+01	-9.523756e-02	3.799999e+00
1.723333e+01	-9.523752e-02	3.800000e+00
1.726667e+01	-9.523742e-02	3.800000e+00
1.730000e+01	-9.523736e-02	3.800000e+00
1.733333e+01	-9.523737e-02	3.800000e+00
1.736667e+01	-9.523741e-02	3.800000e+00
1.740000e+01	-9.523744e-02	3.800000e+00
1.743333e+01	-9.523744e-02	3.800000e+00
1.746667e+01	-9.523742e-02	3.800000e+00
1.750000e+01	-9.523741e-02	3.800000e+00
1.753333e+01	-9.523741e-02	3.800000e+00
1.756667e+01	-9.523741e-02	3.800000e+00
1.760000e+01	-9.523742e-02	3.800000e+00
1.763333e+01	-9.523742e-02	3.800000e+00
1.766667e+01	-9.523742e-02	3.800000e+00
1.770000e+01	-9.523741e-02	3.800000e+00
1.773333e+01	-9.523741e-02	3.800000e+00
1.776667e+01	-9.523742e-02	3.800000e+00
1.780000e+01	-9.523742e-02	3.800000e+00
1.783333e+01	-9.523742e-02	3.800000e+00
1.786667e+01	-9.523742e-02	3.800000e+00
1.790000e+01	-9.523742e-02	3.800000e+00
1.793333e+01	-9.523742e-02	3.800000e+00
1.796667e+01	-9.523742e-02	3.800000e+00
18	-9.523742e-02	3.800000e+00
1.803333e+01	-9.523742e-02	3.800000e+00
1.806667e+01	-9.523742e-02	3.800000e+00
1.810000e+01	-9.523742e-02	3.800000e+00
1.813333e+01	-9.523742e-02	3.800000e+00
1.816667e+01	-9.523742e-02	3.800000e+00
1.820000e+01	-9.523742e-02	3.800000e+00
1.823333e+01	-9.523742e-02	3.800000e+00
1.826667e+01	-9.523742e-02	3.800000e+00
1.830000e+01	-9.523742e-02	3.800000e+00
1.833333e+01	-9.523742e-02	3.800000e+00
1.836667e+01	-9.523742e-02	3.800000e+00
1.840000e+01	-9.523742e-02	3.800000e+00
1.843333e+01	-9.523742e-02	3.800000e+00
1.846667e+01	-9.523742e-02	3.800000e+00
1.850000e+01	-9.523742e-02	3.800000e+00
1.853333e+01	-9.523742e-02	3.800000e+00
1.856667e+01	-9.523742e-02	3.800000e+00
1.860000e+01	-9.523742e-02	3.800000e+00
1.863333e+01	-9.523742e-02	3.800000e+00
1.866667e+01	-9.523742e-02	3.800000e+00
1.870000e+01	-9.523742e-02	3.800000e+00
1.873333e+01	-9.523742e-02	3.800000e+00
1.876667e+01	-9.523742e-02	3.800000e+00
1.880000e+01	-9.523742e-02	3.800000e+00
1.883333e+01	-9.521636e-02	3.800088e+00
1.886667e+01	-9.505540e-02	3.800764e+00
1.890000e+01	-9.448715e-02	3.803151e+00
1.893333e+01	-9.324348e-02	3.808375e+00
1.896667e+01	-9.132198e-02	3.816445e+00
19	-8.903992e-02	3.826029e+00
1.903333e+01	-8.678647e-02	3.835494e+00
1.906667e+01	-8.475077e-02	3.844044e+00
1.910000e+01	-8.287510e-02	3.851922e+00
1.913333e+01	-8.100464e-02	3.859778e+00
1.916667e+01	-7.906876e-02	3.867908e+00
1.920000e+01	-7.718073e-02	3.875838e+00
1.923333e+01	-7.555382e-02	3.882671e+00
1.926667e+01	-7.425205e-02	3.888138e+00
1.930000e+01	-7.312449e-02	3.892874e+00
1.933333e+01	-7.209133e-02	3.897214e+00
1.936667e+01	-7.132948e-02	3.900413e+00
1.940000e+01	-7.104199e-02	3.901621e+00
1.943333e+01	-7.117009e-02	3.901083e+00
1.946667e+01	-7.143060e-02	3.899989e+00
1.950000e+01	-7.157147e-02	3.899397e+00
1.953333e+01	-7.153831e-02	3.899536e+00
1.956667e+01	-7.143265e-02	3.899980e+00
1.960000e+01	-7.136844e-02	3.900250e+00
1.963333e+01	-7.137847e-02	3.900207e+00
1.966667e+01	-7.142328e-02	3.900019e+00
1.970000e+01	-7.145278e-02	3.899895e+00
1.973333e+01	-7.170282e-02	3.898845e+00
1.976667e+01	-7.336264e-02	3.891874e+00
1.980000e+01	-7.823643e-02	3.871404e+00
1.983333e+01	-8.634192e-02	3.837361e+00
1.986667e+01	-9.448399e-02	3.803164e+00
1.990000e+01	-9.881680e-02	3.784967e+00
1.993333e+01	-9.847376e-02	3.786407e+00
1.996667e+01	-9.585738e-02	3.797396e+00
20	-9.393415e-02	3.805474e+00
2.003333e+01	-9.387135e-02	3.805737e+00
2.006667e+01	-9.491058e-02	3.801373e+00
2.010000e+01	-9.576391e-02	3.797789e+00
2.013333e+01	-9.583903e-02	3.797473e+00
2.016667e+01	-9.540719e-02	3.799287e+00
2.020000e+01	-9.502383e-02	3.800897e+00
2.023333e+01	-9.497098e-02	3.801119e+00
2.026667e+01	-9.515072e-02	3.800364e+00
2.030000e+01	-9.532297e-02	3.799641e+00
2.033333e+01	-9.535500e-02	3.799506e+00
2.036667e+01	-9.528074e-02	3.799818e+00
2.040000e+01	-9.520366e-02	3.800142e+00
2.043333e+01	-9.518575e-02	3.800217e+00
2.046667e+01	-9.521616e-02	3.800089e+00
2.050000e+01	-9.525050e-02	3.799945e+00
2.053333e+01	-9.526002e-02	3.799905e+00
2.056667e+01	-9.524769e-02	3.799957e+00
2.060000e+01	-9.523246e-02	3.800021e+00
2.063333e+01	-9.497491e-02	3.801103e+00
2.066667e+01	-9.330093e-02	3.808133e+00
2.070000e+01	-8.842032e-02	3.828632e+00
2.073333e+01	-8.031762e-02	3.862663e+00
2.076667e+01	-7.218170e-02	3.896834e+00
2.080000e+01	-6.810479e-02	3.913957e+00
2.083333e+01	-7.012575e-02	3.905469e+00
2.086667e+01	-7.762680e-02	3.873965e+00
2.090000e+01	-8.765366e-02	3.831852e+00
2.093333e+01	-9.585077e-02	3.797424e+00
2.096667e+01	-9.913930e-02	3.783612e+00
21	-9.794344e-02	3.788635e+00
2.103333e+01	-9.525526e-02	3.799925e+00
2.106667e+01	-9.376618e-02	3.806179e+00
2.110000e+01	-9.408666e-02	3.804833e+00
2.113333e+01	-9.517733e-02	3.800252e+00
2.116667e+01	-9.584986e-02	3.797428e+00
2.120000e+01	-9.575270e-02	3.797836e+00
2.123333e+01	-9.528943e-02	3.799782e+00
2.126667e+01	-9.498081e-02	3.801078e+00
2.130000e+01	-9.500509e-02	3.800976e+00
2.133333e+01	-9.520247e-02	3.800147e+00
2.136667e+01	-9.534410e-02	3.799552e+00
2.140000e+01	-9.534176e-02	3.799562e+00
2.143333e+01	-9.525809e-02	3.799913e+00
2.146667e+01	-9.519344e-02	3.800185e+00
2.150000e+01	-9.519078e-02	3.800196e+00
2.153333e+01	-9.522603e-02	3.800048e+00
2.156667e+01	-9.525538e-02	3.799925e+00
2.160000e+01	-9.525817e-02	3.799913e+00
2.163333e+01	-9.524341e-02	3.799975e+00
2.166667e+01	-9.523015e-02	3.800031e+00
2.170000e+01	-9.522823e-02	3.800039e+00
2.173333e+01	-9.523436e-02	3.800013e+00
2.176667e+01	-9.524032e-02	3.799988e+00
2.180000e+01	-9.522342e-02	3.800059e+00
2.183333e+01	-9.508292e-02	3.800649e+00
2.186667e+01	-9.459319e-02	3.802706e+00
2.190000e+01	-9.352655e-02	3.807186e+00
2.193333e+01	-9.188058e-02	3.814099e+00
2.196667e+01	-8.992572e-02	3.822309e+00
22	-8.799453e-02	3.830420e+00
2.203333e+01	-8.624922e-02	3.837750e+00
2.206667e+01	-8.464098e-02	3.844505e+00
2.210000e+01	-8.303756e-02	3.851239e+00
2.213333e+01	-8.136035e-02	3.858284e+00
2.216667e+01	-7.962234e-02	3.865583e+00
2.220000e+01	-7.787884e-02	3.872906e+00
2.223333e+01	-7.616599e-02	3.880100e+00
2.226667e+01	-7.449849e-02	3.887103e+00
2.230000e+01	-7.295474e-02	3.893587e+00
2.233333e+01	-7.174733e-02	3.898658e+00
2.236667e+01	-7.110659e-02	3.901349e+00
2.240000e+01	-7.104455e-02	3.901610e+00
2.243333e+01	-7.129681e-02	3.900550e+00
2.246667e+01	-7.153005e-02	3.899571e+00
2.250000e+01	-7.157793e-02	3.899370e+00
2.253333e+01	-7.148649e-02	3.899754e+00
2.256667e+01	-7.138813e-02	3.900167e+00
2.260000e+01	-7.161588e-02	3.899210e+00
2.263333e+01	-7.333162e-02	3.892004e+00
2.266667e+01	-7.826221e-02	3.871296e+00
2.270000e+01	-8.638016e-02	3.837200e+00
2.273333e+01	-9.449925e-02	3.803100e+00
2.276667e+01	-9.880674e-02	3.785009e+00
2.280000e+01	-9.845701e-02	3.786478e+00
2.283333e+01	-9.584998e-02	3.797427e+00
2.286667e+01	-9.393799e-02	3.805458e+00
2.290000e+01	-9.387866e-02	3.805707e+00
2.293333e+01	-9.491413e-02	3.801358e+00
2.296667e+01	-9.576248e-02	3.797795e+00
23	-9.583586e-02	3.797487e+00
2.303333e+01	-9.540551e-02	3.799294e+00
2.306667e+01	-9.502434e-02	3.800895e+00
2.310000e+01	-9.497236e-02	3.801113e+00
2.313333e+01	-9.515150e-02	3.800361e+00
2.316667e+01	-9.532280e-02	3.799641e+00
2.320000e+01	-9.535441e-02	3.799509e+00
2.323333e+01	-9.528037e-02	3.799820e+00
2.326667e+01	-9.520371e-02	3.800142e+00
2.330000e+01	-9.518600e-02	3.800216e+00
2.333333e+01	-9.521633e-02	3.800089e+00
2.336667e+01	-9.525049e-02	3.799945e+00
2.340000e+01	-9.525991e-02	3.799906e+00
2.343333e+01	-9.524761e-02	3.799957e+00
2.346667e+01	-9.523246e-02	3.800021e+00
2.350000e+01	-9.522762e-02	3.800041e+00
2.353333e+01	-9.523255e-02	3.800020e+00
2.356667e+01	-9.523924e-02	3.799992e+00
2.360000e+01	-9.524167e-02	3.799982e+00
2.363333e+01	-9.523972e-02	3.799990e+00
2.366667e+01	-9.523678e-02	3.800003e+00
2.370000e+01	-9.523558e-02	3.800008e+00
2.373333e+01	-9.523634e-02	3.800005e+00
2.376667e+01	-9.523763e-02	3.799999e+00
2.380000e+01	-9.523820e-02	3.799997e+00
2.383333e+01	-9.523792e-02	3.799998e+00
2.386667e+01	-9.523736e-02	3.800000e+00
2.390000e+01	-9.523708e-02	3.800001e+00
2.393333e+01	-9.523719e-02	3.800001e+00
2.396667e+01	-9.523743e-02	3.800000e+00
24	-9.523756e-02	3.799999e+00
2.403333e+01	-9.523752e-02	3.800000e+00
2.406667e+01	-9.523742e-02	3.800000e+00
2.410000e+01	-9.523736e-02	3.800000e+00
2.413333e+01	-9.523737e-02	3.800000e+00
2.416667e+01	-9.498475e-02	3.801061e+00
2.420000e+01	-9.330586e-02	3.808113e+00
2.423333e+01	-8.841852e-02	3.828639e+00
2.426667e+01	-8.031336e-02	3.862681e+00
2.430000e+01	-7.217938e-02	3.896844e+00
2.433333e+01	-6.785275e-02	3.915015e+00
2.436667e+01	-6.819601e-02	3.913574e+00
2.440000e+01	-7.080897e-02	3.902599e+00
2.443333e+01	-7.272940e-02	3.894534e+00
2.446667e+01	-7.279195e-02	3.894271e+00
2.450000e+01	-7.175414e-02	3.898630e+00
2.453333e+01	-7.090209e-02	3.902208e+00
2.456667e+01	-7.082714e-02	3.902523e+00
2.460000e+01	-7.125839e-02	3.900712e+00
2.463333e+01	-7.164118e-02	3.899104e+00
2.466667e+01	-7.169392e-02	3.898883e+00
2.470000e+01	-7.151443e-02	3.899636e+00
2.473333e+01	-7.134243e-02	3.900359e+00
2.476667e+01	-7.131046e-02	3.900493e+00
2.480000e+01	-7.138462e-02	3.900182e+00
2.483333e+01	-7.146159e-02	3.899858e+00
2.486667e+01	-7.147946e-02	3.899783e+00
2.490000e+01	-7.144909e-02	3.899911e+00
2.493333e+01	-7.141481e-02	3.900055e+00
2.496667e+01	-7.140531e-02	3.900095e+00
25	-7.141762e-02	3.900043e+00
2.503333e+01	-7.143283e-02	3.899979e+00
2.506667e+01	-7.143770e-02	3.899959e+00
2.510000e+01	-7.143277e-02	3.899979e+00
2.513333e+01	-7.142606e-02	3.900008e+00
2.516667e+01	-7.142361e-02	3.900018e+00
2.520000e+01	-7.142556e-02	3.900010e+00
2.523333e+01	-7.142851e-02	3.899997e+00
2.526667e+01	-7.142971e-02	3.899992e+00
2.530000e+01	-7.142896e-02	3.899995e+00
2.533333e+01	-7.142767e-02	3.900001e+00
2.536667e+01	-7.142708e-02	3.900003e+00
2.540000e+01	-7.142737e-02	3.900002e+00
2.543333e+01	-7.142793e-02	3.900000e+00
2.546667e+01	-7.142821e-02	3.899999e+00
2.550000e+01	-7.142811e-02	3.899999e+00
2.553333e+01	-7.142786e-02	3.900000e+00
2.556667e+01	-7.142773e-02	3.900001e+00
2.560000e+01	-7.142777e-02	3.900000e+00
2.563333e+01	-7.142787e-02	3.900000e+00
2.566667e+01	-7.142794e-02	3.900000e+00
2.570000e+01	-7.142792e-02	3.900000e+00
2.573333e+01	-7.142788e-02	3.900000e+00
2.576667e+01	-7.142785e-02	3.900000e+00
2.580000e+01	-7.142785e-02	3.900000e+00
2.583333e+01	-7.142787e-02	3.900000e+00
2.586667e+01	-7.142789e-02	3.900000e+00
2.590000e+01	-7.117522e-02	3.901061e+00
2.593333e+01	-6.949629e-02	3.908113e+00
2.596667e+01	-6.460895e-02	3.928639e+00
26	-5.650381e-02	3.962681e+00
2.603333e+01	-4.836984e-02	3.996844e+00
2.606667e+01	-4.404322e-02	4.015015e+00
2.610000e+01	-4.438647e-02	4.013574e+00
2.613333e+01	-4.699943e-02	4.002599e+00
2.616667e+01	-4.891985e-02	3.994534e+00
2.620000e+01	-4.872974e-02	3.995332e+00
2.623333e+01	-4.601302e-02	4.006742e+00
2.626667e+01	-4.027363e-02	4.030848e+00
2.630000e+01	-3.209354e-02	4.065204e+00
2.633333e+01	-2.439082e-02	4.097555e+00
2.636667e+01	-2.044699e-02	4.114120e+00
2.640000e+01	-2.084297e-02	4.112456e+00
2.643333e+01	-2.327644e-02	4.102236e+00
2.646667e+01	-2.502487e-02	4.094892e+00
2.650000e+01	-2.505545e-02	4.094764e+00
2.653333e+01	-2.409181e-02	4.098811e+00
2.656667e+01	-2.331673e-02	4.102067e+00
2.660000e+01	-2.325965e-02	4.102306e+00
2.663333e+01	-2.366052e-02	4.100623e+00
2.666667e+01	-2.400903e-02	4.099159e+00
2.670000e+01	-2.405226e-02	4.098977e+00
2.673333e+01	-2.388510e-02	4.099680e+00
2.676667e+01	-2.372830e-02	4.100338e+00
2.680000e+01	-2.395387e-02	4.099391e+00
2.683333e+01	-2.570202e-02	4.092048e+00
2.686667e+01	-3.065961e-02	4.071227e+00
2.690000e+01	-3.852751e-02	4.038181e+00
2.693333e+01	-4.495414e-02	4.011190e+00
2.696667e+01	-4.436209e-02	4.013676e+00
27	-3.590541e-02	4.049194e+00
2.703333e+01	-2.517004e-02	4.094283e+00
2.706667e+01	-1.918957e-02	4.119401e+00
2.710000e+01	-2.115347e-02	4.111152e+00
2.713333e+01	-2.968692e-02	4.075312e+00
2.716667e+01	-4.055839e-02	4.029652e+00
2.720000e+01	-4.882770e-02	3.994921e+00
2.723333e+01	-5.168712e-02	3.982911e+00
2.726667e+01	-5.011174e-02	3.989528e+00
2.730000e+01	-4.737216e-02	4.001034e+00
2.733333e+01	-4.606175e-02	4.006538e+00
2.736667e+01	-4.655280e-02	4.004475e+00
2.740000e+01	-4.767479e-02	3.999763e+00
2.743333e+01	-4.827347e-02	3.997248e+00
2.746667e+01	-4.809996e-02	3.997977e+00
2.750000e+01	-4.761913e-02	3.999997e+00
2.753333e+01	-4.734077e-02	4.001166e+00
2.756667e+01	-4.739906e-02	4.000921e+00
2.760000e+01	-4.760580e-02	4.000053e+00
2.763333e+01	-4.773515e-02	3.999509e+00
2.766667e+01	-4.771773e-02	3.999583e+00
2.770000e+01	-4.762924e-02	3.999954e+00
2.773333e+01	-4.756951e-02	4.000205e+00
2.776667e+01	-4.757351e-02	4.000188e+00
2.780000e+01	-4.761118e-02	4.000030e+00
2.783333e+01	-4.763859e-02	3.999915e+00
2.786667e+01	-4.763844e-02	3.999916e+00
2.790000e+01	-4.762249e-02	3.999983e+00
2.793333e+01	-4.761000e-02	4.000035e+00
2.796667e+01	-4.760935e-02	4.000038e+00
28	-4.761606e-02	4.000010e+00
2.803333e+01	-4.762173e-02	3.999986e+00
2.806667e+01	-4.762232e-02	3.999983e+00
2.810000e+01	-4.761952e-02	3.999995e+00
2.813333e+01	-4.761696e-02	4.000006e+00
2.816667e+01	-4.761657e-02	4.000007e+00
2.820000e+01	-4.761773e-02	4.000003e+00
2.823333e+01	-4.761888e-02	3.999998e+00
2.826667e+01	-4.761911e-02	3.999997e+00
2.830000e+01	-4.761863e-02	3.999999e+00
2.833333e+01	-4.761812e-02	4.000001e+00
2.836667e+01	-4.761799e-02	4.000001e+00
2.840000e+01	-4.761819e-02	4.000001e+00
2.843333e+01	-4.761842e-02	4.000000e+00
2.846667e+01	-4.761848e-02	3.999999e+00
2.850000e+01	-4.761840e-02	4.000000e+00
2.853333e+01	-4.761830e-02	4.000000e+00
2.856667e+01	-4.761827e-02	4.000000e+00
2.860000e+01	-4.761830e-02	4.000000e+00
2.863333e+01	-4.761834e-02	4.000000e+00
2.866667e+01	-4.761836e-02	4.000000e+00
2.870000e+01	-4.761835e-02	4.000000e+00
2.873333e+01	-4.787099e-02	3.998939e+00
2.876667e+01	-4.954990e-02	3.991887e+00
2.880000e+01	-5.443724e-02	3.971361e+00
2.883333e+01	-6.254239e-02	3.937319e+00
2.886667e+01	-7.067637e-02	3.903156e+00
2.890000e+01	-7.500299e-02	3.884985e+00
2.893333e+01	-7.465974e-02	3.886426e+00
2.896667e+01	-7.204678e-02	3.897401e+00
29	-7.012635e-02	3.905466e+00
2.903333e+01	-7.031647e-02	3.904668e+00
2.906667e+01	-7.278052e-02	3.894319e+00
2.910000e+01	-7.709366e-02	3.876204e+00
2.913333e+01	-8.206533e-02	3.855323e+00
2.916667e+01	-8.655025e-02	3.836486e+00
2.920000e+01	-9.046525e-02	3.820043e+00
2.923333e+01	-9.387662e-02	3.805715e+00
2.926667e+01	-9.611301e-02	3.796323e+00
2.930000e+01	-9.663430e-02	3.794133e+00
2.933333e+01	-9.591118e-02	3.797170e+00
2.936667e+01	-9.501695e-02	3.800926e+00
2.940000e+01	-9.469168e-02	3.802292e+00
2.943333e+01	-9.493450e-02	3.801272e+00
2.946667e+01	-9.531074e-02	3.799692e+00
2.950000e+01	-9.546842e-02	3.799030e+00
2.953333e+01	-9.512407e-02	3.800476e+00
2.956667e+01	-9.328226e-02	3.808212e+00
2.960000e+01	-8.831951e-02	3.829055e+00
2.963333e+01	-8.024894e-02	3.862952e+00
2.966667e+01	-7.218578e-02	3.896817e+00
2.970000e+01	-6.789502e-02	3.914838e+00
2.973333e+01	-6.822565e-02	3.913449e+00
2.976667e+01	-7.080793e-02	3.902604e+00
2.980000e+01	-7.271145e-02	3.894609e+00
2.983333e+01	-7.277839e-02	3.894328e+00
2.986667e+01	-7.175382e-02	3.898631e+00
2.990000e+01	-7.090967e-02	3.902176e+00
2.993333e+01	-7.083331e-02	3.902497e+00
2.996667e+01	-7.125888e-02	3.900710e+00
30	-7.163800e-02	3.899117e+00
3.003333e+01	-7.169113e-02	3.898894e+00
3.006667e+01	-7.151407e-02	3.899638e+00
3.010000e+01	-7.134375e-02	3.900353e+00
3.013333e+01	-7.131172e-02	3.900488e+00
3.016667e+01	-7.138485e-02	3.900181e+00
3.020000e+01	-7.146104e-02	3.899861e+00
3.023333e+01	-7.147890e-02	3.899786e+00
3.026667e+01	-7.144897e-02	3.899911e+00
3.030000e+01	-7.141503e-02	3.900054e+00
3.033333e+01	-7.140556e-02	3.900094e+00
3.036667e+01	-7.141769e-02	3.900043e+00
3.040000e+01	-7.143273e-02	3.899980e+00
3.043333e+01	-7.143759e-02	3.899959e+00
3.046667e+01	-7.143273e-02	3.899980e+00
3.050000e+01	-7.142609e-02	3.900007e+00
3.053333e+01	-7.142366e-02	3.900018e+00
3.056667e+01	-7.142558e-02	3.900010e+00
3.060000e+01	-7.142850e-02	3.899997e+00
3.063333e+01	-7.142969e-02	3.899992e+00
3.066667e+01	-7.142895e-02	3.899995e+00
3.070000e+01	-7.142767e-02	3.900001e+00
3.073333e+01	-7.142709e-02	3.900003e+00
3.076667e+01	-7.142738e-02	3.900002e+00
3.080000e+01	-7.142793e-02	3.900000e+00
3.083333e+01	-7.142821e-02	3.899999e+00
3.086667e+01	-7.142810e-02	3.899999e+00
3.090000e+01	-7.142786e-02	3.900000e+00
3.093333e+01	-7.142773e-02	3.900001e+00
3.096667e+01	-7.142777e-02	3.900000e+00
31	-7.142787e-02	3.900000e+00
3.103333e+01	-7.142793e-02	3.900000e+00
3.106667e+01	-7.142792e-02	3.900000e+00
3.110000e+01	-7.142788e-02	3.900000e+00
3.113333e+01	-7.142785e-02	3.900000e+00
3.116667e+01	-7.142785e-02	3.900000e+00
3.120000e+01	-7.142787e-02	3.900000e+00
3.123333e+01	-7.142789e-02	3.900000e+00
3.126667e+01	-7.142788e-02	3.900000e+00
3.130000e+01	-7.142788e-02	3.900000e+00
3.133333e+01	-7.142787e-02	3.900000e+00
3.136667e+01	-7.142787e-02	3.900000e+00
3.140000e+01	-7.142787e-02	3.900000e+00
3.143333e+01	-7.144731e-02	3.899918e+00
3.146667e+01	-7.159590e-02	3.899294e+00
3.150000e+01	-7.212043e-02	3.897091e+00
3.153333e+01	-7.326843e-02	3.892270e+00
3.156667e+01	-7.504212e-02	3.884820e+00
3.160000e+01	-7.714864e-02	3.875973e+00
3.163333e+01	-7.922875e-02	3.867236e+00
3.166667e+01	-8.110786e-02	3.859344e+00
3.170000e+01	-8.283924e-02	3.852072e+00
3.173333e+01	-8.456582e-02	3.844821e+00
3.176667e+01	-8.637222e-02	3.837234e+00
3.180000e+01	-8.824417e-02	3.829372e+00
3.183333e+01	-9.012188e-02	3.821485e+00
3.186667e+01	-9.194699e-02	3.813820e+00
3.190000e+01	-9.361350e-02	3.806820e+00
3.193333e+01	-9.490001e-02	3.801417e+00
3.196667e+01	-9.557685e-02	3.798574e+00
32	-9.564123e-02	3.798304e+00
3.203333e+01	-9.512259e-02	3.800482e+00
3.206667e+01	-9.319839e-02	3.808564e+00
3.210000e+01	-8.826085e-02	3.829302e+00
3.213333e+01	-8.025186e-02	3.862939e+00
3.216667e+01	-7.222119e-02	3.896668e+00
3.220000e+01	-6.792067e-02	3.914730e+00
3.223333e+01	-6.822520e-02	3.913451e+00
3.226667e+01	-7.079274e-02	3.902668e+00
3.230000e+01	-7.269975e-02	3.894658e+00
3.233333e+01	-7.277796e-02	3.894330e+00
3.236667e+01	-7.176024e-02	3.898604e+00
3.240000e+01	-7.091499e-02	3.902154e+00
3.243333e+01	-7.083379e-02	3.902495e+00
3.246667e+01	-7.125618e-02	3.900721e+00
3.250000e+01	-7.163560e-02	3.899128e+00
3.253333e+01	-7.169079e-02	3.898896e+00
3.256667e+01	-7.151519e-02	3.899633e+00
3.260000e+01	-7.134483e-02	3.900349e+00
3.263333e+01	-7.131192e-02	3.900487e+00
3.266667e+01	-7.138438e-02	3.900183e+00
3.270000e+01	-7.146056e-02	3.899863e+00
3.273333e+01	-7.147879e-02	3.899786e+00
3.276667e+01	-7.144915e-02	3.899911e+00
3.280000e+01	-7.141525e-02	3.900053e+00
3.283333e+01	-7.140562e-02	3.900093e+00
3.286667e+01	-7.141761e-02	3.900043e+00
3.290000e+01	-7.143264e-02	3.899980e+00
3.293333e+01	-7.143756e-02	3.899959e+00
3.296667e+01	-7.143276e-02	3.899979e+00
33	-7.142613e-02	3.900007e+00
3.303333e+01	-7.142368e-02	3.900018e+00
3.306667e+01	-7.117290e-02	3.901071e+00
3.310000e+01	-6.949690e-02	3.908110e+00
3.313333e+01	-6.461077e-02	3.928632e+00
3.316667e+01	-5.650489e-02	3.962676e+00
3.320000e+01	-4.836965e-02	3.996844e+00
3.323333e+01	-4.429511e-02	4.013958e+00
3.326667e+01	-4.631755e-02	4.005463e+00
3.330000e+01	-5.381840e-02	3.973960e+00
3.333333e+01	-6.384425e-02	3.931851e+00
3.336667e+01	-7.204067e-02	3.897426e+00
3.340000e+01	-7.532925e-02	3.883614e+00
3.343333e+01	-7.438648e-02	3.887574e+00
3.346667e+01	-7.337753e-02	3.891811e+00
3.350000e+01	-7.677579e-02	3.877539e+00
3.353333e+01	-8.520123e-02	3.842152e+00
3.356667e+01	-9.442572e-02	3.803409e+00
3.360000e+01	-9.942487e-02	3.782413e+00
3.363333e+01	-9.898454e-02	3.784262e+00
3.366667e+01	-9.590837e-02	3.797182e+00
3.370000e+01	-9.367933e-02	3.806544e+00
3.373333e+01	-9.364103e-02	3.806705e+00
3.376667e+01	-9.487619e-02	3.801517e+00
3.380000e+01	-9.586986e-02	3.797344e+00
3.383333e+01	-9.619515e-02	3.795978e+00
3.386667e+01	-9.735917e-02	3.791089e+00
3.390000e+01	-1.017991e-01	3.772441e+00
3.393333e+01	-1.098488e-01	3.738632e+00
3.396667e+01	-1.179448e-01	3.704629e+00
34	-1.207939e-01	3.692663e+00
3.403333e+01	-1.155981e-01	3.714485e+00
3.406667e+01	-1.047910e-01	3.759875e+00
3.410000e+01	-9.464643e-02	3.802482e+00
3.413333e+01	-9.023745e-02	3.821000e+00
3.416667e+01	-9.165501e-02	3.815046e+00
3.420000e+01	-9.516026e-02	3.800324e+00
3.423333e+01	-9.716629e-02	3.791899e+00
3.426667e+01	-9.678275e-02	3.793510e+00
3.430000e+01	-9.534429e-02	3.799551e+00
3.433333e+01	-9.443398e-02	3.803374e+00
3.436667e+01	-9.454449e-02	3.802910e+00
3.440000e+01	-9.515563e-02	3.800343e+00
3.443333e+01	-9.557317e-02	3.798590e+00
3.446667e+01	-9.554938e-02	3.798690e+00
3.450000e+01	-9.528945e-02	3.799781e+00
3.453333e+01	-9.509820e-02	3.800585e+00
3.456667e+01	-9.509753e-02	3.800588e+00
3.460000e+01	-9.520750e-02	3.800126e+00
3.463333e+01	-9.504197e-02	3.800821e+00
3.466667e+01	-9.336826e-02	3.807850e+00
3.470000e+01	-8.843468e-02	3.828571e+00
3.473333e+01	-8.029006e-02	3.862779e+00
3.476667e+01	-7.215165e-02	3.896960e+00
3.480000e+01	-6.784435e-02	3.915051e+00
3.483333e+01	-6.820539e-02	3.913534e+00
3.486667e+01	-7.082123e-02	3.902548e+00
3.490000e+01	-7.273365e-02	3.894516e+00
3.493333e+01	-7.278822e-02	3.894287e+00
3.496667e+01	-7.174875e-02	3.898652e+00
35	-7.089999e-02	3.902217e+00
3.503333e+01	-7.082860e-02	3.902517e+00
3.506667e+01	-7.126076e-02	3.900702e+00
3.510000e+01	-7.164220e-02	3.899100e+00
3.513333e+01	-7.169336e-02	3.898885e+00
3.516667e+01	-7.151340e-02	3.899641e+00
3.520000e+01	-7.134194e-02	3.900361e+00
3.523333e+01	-7.131067e-02	3.900492e+00
3.526667e+01	-7.138507e-02	3.900180e+00
3.530000e+01	-7.146183e-02	3.899857e+00
3.533333e+01	-7.147939e-02	3.899784e+00
3.536667e+01	-7.144890e-02	3.899912e+00
3.540000e+01	-7.141470e-02	3.900055e+00
3.543333e+01	-7.140533e-02	3.900095e+00
3.546667e+01	-7.141771e-02	3.900043e+00
3.550000e+01	-7.143288e-02	3.899979e+00
3.553333e+01	-7.143770e-02	3.899959e+00
3.556667e+01	-7.143273e-02	3.899980e+00
3.560000e+01	-7.142603e-02	3.900008e+00
3.563333e+01	-7.142361e-02	3.900018e+00
3.566667e+01	-7.142558e-02	3.900010e+00
3.570000e+01	-7.142852e-02	3.899997e+00
3.573333e+01	-7.142971e-02	3.899992e+00
3.576667e+01	-7.142895e-02	3.899995e+00
3.580000e+01	-7.142766e-02	3.900001e+00
3.583333e+01	-7.167975e-02	3.898942e+00
3.586667e+01	-7.335896e-02	3.891889e+00
3.590000e+01	-7.824686e-02	3.871360e+00
3.593333e+01	-8.635227e-02	3.837318e+00
3.596667e+01	-9.448614e-02	3.803155e+00
36	-9.881251e-02	3.784985e+00
3.603333e+01	-9.846914e-02	3.786427e+00
3.606667e+01	-9.585622e-02	3.797401e+00
3.610000e+01	-9.393590e-02	3.805466e+00
3.613333e+01	-9.387340e-02	3.805729e+00
3.616667e+01	-9.491119e-02	3.801370e+00
3.620000e+01	-9.576320e-02	3.797792e+00
3.623333e+01	-9.583812e-02	3.797477e+00
3.626667e+01	-9.540688e-02	3.799288e+00
3.630000e+01	-9.502411e-02	3.800896e+00
3.633333e+01	-9.497139e-02	3.801117e+00
3.636667e+01	-9.515087e-02	3.800363e+00
3.640000e+01	-9.532286e-02	3.799641e+00
3.643333e+01	-9.535482e-02	3.799507e+00
3.646667e+01	-9.528066e-02	3.799818e+00
3.650000e+01	-9.520370e-02	3.800142e+00
3.653333e+01	-9.518583e-02	3.800217e+00
3.656667e+01	-9.521620e-02	3.800089e+00
3.660000e+01	-9.525049e-02	3.799945e+00
3.663333e+01	-9.525998e-02	3.799905e+00
3.666667e+01	-9.524767e-02	3.799957e+00
3.670000e+01	-9.523247e-02	3.800021e+00
3.673333e+01	-9.522759e-02	3.800041e+00
3.676667e+01	-9.523252e-02	3.800021e+00
3.680000e+01	-9.523923e-02	3.799992e+00
3.683333e+01	-9.524168e-02	3.799982e+00
3.686667e+01	-9.549239e-02	3.798929e+00
3.690000e+01	-9.716836e-02	3.791890e+00
3.693333e+01	-1.020545e-01	3.771368e+00
3.696667e+01	-1.101604e-01	3.737324e+00
37	-1.182957e-01	3.703155e+00
3.703333e+01	-1.226229e-01	3.684981e+00
3.706667e+01	-1.222793e-01	3.686424e+00
3.710000e+01	-1.196658e-01	3.697401e+00
3.713333e+01	-1.177451e-01	3.705468e+00
3.716667e+01	-1.176827e-01	3.705730e+00
3.720000e+01	-1.187207e-01	3.701370e+00
3.723333e+01	-1.195729e-01	3.697791e+00
3.726667e+01	-1.199005e-01	3.696415e+00
3.730000e+01	-1.211480e-01	3.691176e+00
3.733333e+01	-1.256525e-01	3.672257e+00
3.736667e+01	-1.337049e-01	3.638437e+00
3.740000e+01	-1.420184e-01	3.603520e+00
3.743333e+01	-1.465171e-01	3.584626e+00
3.746667e+01	-1.462058e-01	3.585933e+00
3.750000e+01	-1.435187e-01	3.597219e+00
3.753333e+01	-1.415213e-01	3.605608e+00
3.756667e+01	-1.414408e-01	3.605946e+00
3.760000e+01	-1.425090e-01	3.601459e+00
3.763333e+01	-1.433954e-01	3.597737e+00
3.766667e+01	-1.434798e-01	3.597382e+00
3.770000e+01	-1.430362e-01	3.599245e+00
3.773333e+01	-1.426382e-01	3.600917e+00
3.776667e+01	-1.425806e-01	3.601159e+00
3.780000e+01	-1.427650e-01	3.600384e+00
3.783333e+01	-1.429438e-01	3.599633e+00
3.786667e+01	-1.429782e-01	3.599489e+00
3.790000e+01	-1.426494e-01	3.600870e+00
3.793333e+01	-1.408906e-01	3.608257e+00
3.796667e+01	-1.359842e-01	3.628864e+00
38	-1.279101e-01	3.662775e+00
3.803333e+01	-1.198117e-01	3.696788e+00
3.806667e+01	-1.154952e-01	3.714917e+00
3.810000e+01	-1.158258e-01	3.713529e+00
3.813333e+01	-1.184230e-01	3.702620e+00
3.816667e+01	-1.203383e-01	3.694576e+00
3.820000e+01	-1.204059e-01	3.694292e+00
3.823333e+01	-1.193751e-01	3.698622e+00
3.826667e+01	-1.185256e-01	3.702190e+00
3.830000e+01	-1.184486e-01	3.702513e+00
3.833333e+01	-1.188768e-01	3.700715e+00
3.836667e+01	-1.192584e-01	3.699112e+00
3.840000e+01	-1.193119e-01	3.698887e+00
3.843333e+01	-1.191337e-01	3.699636e+00
3.846667e+01	-1.189623e-01	3.700355e+00
3.850000e+01	-1.189301e-01	3.700491e+00
3.853333e+01	-1.190036e-01	3.700182e+00
3.856667e+01	-1.190803e-01	3.699860e+00
3.860000e+01	-1.190983e-01	3.699784e+00
3.863333e+01	-1.190682e-01	3.699911e+00
3.866667e+01	-1.190340e-01	3.700054e+00
3.870000e+01	-1.190065e-01	3.700170e+00
3.873333e+01	-1.188807e-01	3.700698e+00
3.876667e+01	-1.184088e-01	3.702680e+00
3.880000e+01	-1.173476e-01	3.707137e+00
3.883333e+01	-1.156958e-01	3.714075e+00
3.886667e+01	-1.137330e-01	3.722318e+00
3.890000e+01	-1.117991e-01	3.730441e+00
3.893333e+01	-1.100561e-01	3.737762e+00
3.896667e+01	-1.084513e-01	3.744502e+00
39	-1.068493e-01	3.751230e+00
3.903333e+01	-1.051711e-01	3.758278e+00
3.906667e+01	-1.034316e-01	3.765584e+00
3.910000e+01	-1.016874e-01	3.772910e+00
3.913333e+01	-9.997495e-02	3.780102e+00
3.916667e+01	-9.830811e-02	3.787103e+00
3.920000e+01	-9.676468e-02	3.793586e+00
3.923333e+01	-9.555714e-02	3.798657e+00
3.926667e+01	-9.491612e-02	3.801349e+00
3.930000e+01	-9.485392e-02	3.801611e+00
3.933333e+01	-9.510623e-02	3.800551e+00
3.936667e+01	-9.533959e-02	3.799571e+00
3.940000e+01	-9.538755e-02	3.799369e+00
3.943333e+01	-9.529608e-02	3.799754e+00
3.946667e+01	-9.519767e-02	3.800167e+00
3.950000e+01	-9.517273e-02	3.800272e+00
3.953333e+01	-9.520955e-02	3.800117e+00
3.956667e+01	-9.525283e-02	3.799935e+00
3.960000e+01	-9.526566e-02	3.799881e+00
3.963333e+01	-9.525077e-02	3.799944e+00
3.966667e+01	-9.523163e-02	3.800024e+00
3.970000e+01	-9.522513e-02	3.800052e+00
3.973333e+01	-9.523107e-02	3.800027e+00
3.976667e+01	-9.549217e-02	3.798930e+00
3.980000e+01	-9.717432e-02	3.791865e+00
3.983333e+01	-1.020593e-01	3.771348e+00
3.986667e+01	-1.101608e-01	3.737322e+00
3.990000e+01	-1.182932e-01	3.703166e+00
3.993333e+01	-1.226207e-01	3.684990e+00
3.996667e+01	-1.222790e-01	3.686425e+00
40	-1.196668e-01	3.697396e+00
4.003333e+01	-1.177461e-01	3.705464e+00
4.006667e+01	-1.176828e-01	3.705729e+00
4.010000e+01	-1.187203e-01	3.701372e+00
4.013333e+01	-1.195724e-01	3.697793e+00
4.016667e+01	-1.196477e-01	3.697477e+00
4.020000e+01	-1.192166e-01	3.699287e+00
4.023333e+01	-1.188338e-01	3.700895e+00
4.026667e+01	-1.187809e-01	3.701117e+00
4.030000e+01	-1.189603e-01	3.700364e+00
4.033333e+01	-1.191323e-01	3.699641e+00
4.036667e+01	-1.191644e-01	3.699507e+00
4.040000e+01	-1.190902e-01	3.699818e+00
4.043333e+01	-1.190133e-01	3.700141e+00
4.046667e+01	-1.189954e-01	3.700217e+00
4.050000e+01	-1.190257e-01	3.700089e+00
4.053333e+01	-1.190600e-01	3.699945e+00
4.056667e+01	-1.190695e-01	3.699905e+00
4.060000e+01	-1.190572e-01	3.699957e+00
4.063333e+01	-1.190420e-01	3.700021e+00
4.066667e+01	-1.190371e-01	3.700041e+00
4.070000e+01	-1.190421e-01	3.700021e+00
4.073333e+01	-1.190488e-01	3.699992e+00
4.076667e+01	-1.190512e-01	3.699982e+00
4.080000e+01	-1.190493e-01	3.699990e+00
4.083333e+01	-1.190463e-01	3.700003e+00
4.086667e+01	-1.190451e-01	3.700008e+00
4.090000e+01	-1.190459e-01	3.700005e+00
4.093333e+01	-1.190472e-01	3.699999e+00
4.096667e+01	-1.190477e-01	3.699997e+00
41	-1.190475e-01	3.699998e+00
4.103333e+01	-1.190469e-01	3.700000e+00
4.106667e+01	-1.190466e-01	3.700001e+00
4.110000e+01	-1.190467e-01	3.700001e+00
4.113333e+01	-1.190470e-01	3.700000e+00
4.116667e+01	-1.190471e-01	3.699999e+00
4.120000e+01	-1.190471e-01	3.700000e+00
4.123333e+01	-1.190470e-01	3.700000e+00
4.126667e+01	-1.188137e-01	3.700980e+00
4.130000e+01	-1.172639e-01	3.707489e+00
4.133333e+01	-1.127526e-01	3.726436e+00
4.136667e+01	-1.053098e-01	3.757696e+00
4.140000e+01	-9.809868e-02	3.787983e+00
4.143333e+01	-9.515392e-02	3.800351e+00
4.146667e+01	-9.776676e-02	3.789377e+00
4.150000e+01	-1.037261e-01	3.764348e+00
4.153333e+01	-1.097118e-01	3.739207e+00
4.156667e+01	-1.138909e-01	3.721655e+00
4.160000e+01	-1.163940e-01	3.711142e+00
4.163333e+01	-1.177686e-01	3.705369e+00
4.166667e+01	-1.171776e-01	3.707851e+00
4.170000e+01	-1.127537e-01	3.726431e+00
4.173333e+01	-1.045328e-01	3.760959e+00
4.176667e+01	-9.604274e-02	3.796618e+00
4.180000e+01	-9.148130e-02	3.815776e+00
4.183333e+01	-9.183319e-02	3.814298e+00
4.186667e+01	-9.458557e-02	3.802738e+00
4.190000e+01	-9.686400e-02	3.793168e+00
4.193333e+01	-9.860878e-02	3.785840e+00
4.196667e+01	-1.024004e-01	3.769915e+00
42	-1.096061e-01	3.739652e+00
4.203333e+01	-1.176611e-01	3.705821e+00
4.206667e+01	-1.224432e-01	3.685736e+00
4.210000e+01	-1.225041e-01	3.685480e+00
4.213333e+01	-1.199468e-01	3.696221e+00
4.216667e+01	-1.178368e-01	3.705083e+00
4.220000e+01	-1.175926e-01	3.706108e+00
4.223333e+01	-1.185967e-01	3.701891e+00
4.226667e+01	-1.195271e-01	3.697984e+00
4.230000e+01	-1.196833e-01	3.697327e+00
4.233333e+01	-1.192709e-01	3.699059e+00
4.236667e+01	-1.188561e-01	3.700802e+00
4.240000e+01	-1.187671e-01	3.701175e+00
4.243333e+01	-1.189366e-01	3.700464e+00
4.246667e+01	-1.191216e-01	3.699687e+00
4.250000e+01	-1.191696e-01	3.699485e+00
4.253333e+01	-1.191006e-01	3.699775e+00
4.256667e+01	-1.190184e-01	3.700120e+00
4.260000e+01	-1.189934e-01	3.700225e+00
4.263333e+01	-1.190212e-01	3.700108e+00
4.266667e+01	-1.190576e-01	3.699955e+00
4.270000e+01	-1.190702e-01	3.699902e+00
4.273333e+01	-1.190592e-01	3.699949e+00
4.276667e+01	-1.190431e-01	3.700016e+00
4.280000e+01	-1.190369e-01	3.700042e+00
4.283333e+01	-1.187886e-01	3.701085e+00
4.286667e+01	-1.171167e-01	3.708107e+00
4.290000e+01	-1.122324e-01	3.728621e+00
4.293333e+01	-1.041256e-01	3.762670e+00
4.296667e+01	-9.598853e-02	3.796845e+00
43	-9.166045e-02	3.815023e+00
4.303333e+01	-9.200431e-02	3.813579e+00
4.306667e+01	-9.461861e-02	3.802599e+00
4.310000e+01	-9.653973e-02	3.794530e+00
4.313333e+01	-9.660206e-02	3.794269e+00
4.316667e+01	-9.556368e-02	3.798630e+00
4.320000e+01	-9.471130e-02	3.802210e+00
4.323333e+01	-9.463643e-02	3.802524e+00
4.326667e+01	-9.506792e-02	3.800712e+00
4.330000e+01	-9.545086e-02	3.799104e+00
4.333333e+01	-9.550358e-02	3.798882e+00
4.336667e+01	-9.532398e-02	3.799636e+00
4.340000e+01	-9.515191e-02	3.800359e+00
4.343333e+01	-9.511995e-02	3.800493e+00
4.346667e+01	-9.519416e-02	3.800182e+00
4.350000e+01	-9.527116e-02	3.799858e+00
4.353333e+01	-9.528903e-02	3.799783e+00
4.356667e+01	-9.525864e-02	3.799911e+00
4.360000e+01	-9.522434e-02	3.800055e+00
4.363333e+01	-9.521484e-02	3.800095e+00
4.366667e+01	-9.522716e-02	3.800043e+00
4.370000e+01	-9.524237e-02	3.799979e+00
4.373333e+01	-9.524725e-02	3.799959e+00
4.376667e+01	-9.524231e-02	3.799979e+00
4.380000e+01	-9.523560e-02	3.800008e+00
4.383333e+01	-9.523315e-02	3.800018e+00
4.386667e+01	-9.523510e-02	3.800010e+00
4.390000e+01	-9.523806e-02	3.799997e+00
4.393333e+01	-9.524648e-02	3.799962e+00
4.396667e+01	-9.530091e-02	3.799733e+00
44	-9.549444e-02	3.798921e+00
4.403333e+01	-9.592026e-02	3.797132e+00
4.406667e+01	-9.657935e-02	3.794364e+00
4.410000e+01	-9.736233e-02	3.791075e+00
4.413333e+01	-9.813522e-02	3.787829e+00
4.416667e+01	-9.883307e-02	3.784898e+00
4.420000e+01	-9.947591e-02	3.782198e+00
4.423333e+01	-1.001171e-01	3.779505e+00
4.426667e+01	-1.007881e-01	3.776687e+00
4.430000e+01	-1.014835e-01	3.773767e+00
4.433333e+01	-1.021810e-01	3.770837e+00
4.436667e+01	-1.028661e-01	3.767960e+00
4.440000e+01	-1.035402e-01	3.765128e+00
4.443333e+01	-1.042128e-01	3.762303e+00
4.446667e+01	-1.048906e-01	3.759456e+00
4.450000e+01	-1.055734e-01	3.756589e+00
4.453333e+01	-1.062570e-01	3.753718e+00
4.456667e+01	-1.069385e-01	3.750855e+00
4.460000e+01	-1.076178e-01	3.748002e+00
4.463333e+01	-1.082966e-01	3.745151e+00
4.466667e+01	-1.089763e-01	3.742297e+00
4.470000e+01	-1.096569e-01	3.739438e+00
4.473333e+01	-1.103379e-01	3.736578e+00
4.476667e+01	-1.110184e-01	3.733720e+00
4.480000e+01	-1.116986e-01	3.730863e+00
4.483333e+01	-1.123785e-01	3.728007e+00
4.486667e+01	-1.130587e-01	3.725151e+00
4.490000e+01	-1.137390e-01	3.722293e+00
4.493333e+01	-1.144194e-01	3.719436e+00
4.496667e+01	-1.150997e-01	3.716578e+00
45	-1.157800e-01	3.713721e+00
4.503333e+01	-1.164602e-01	3.710864e+00
4.506667e+01	-1.171332e-01	3.708038e+00
4.510000e+01	-1.177655e-01	3.705382e+00
4.513333e+01	-1.182990e-01	3.703142e+00
4.516667e+01	-1.186925e-01	3.701489e+00
4.520000e+01	-1.189455e-01	3.700426e+00
4.523333e+01	-1.190758e-01	3.699879e+00
4.526667e+01	-1.191071e-01	3.699748e+00
4.530000e+01	-1.190796e-01	3.699863e+00
4.533333e+01	-1.190421e-01	3.700020e+00
4.536667e+01	-1.190262e-01	3.700087e+00
4.540000e+01	-1.190338e-01	3.700055e+00
4.543333e+01	-1.190484e-01	3.699994e+00
4.546667e+01	-1.190556e-01	3.699964e+00
4.550000e+01	-1.190529e-01	3.699975e+00
4.553333e+01	-1.192993e-01	3.698940e+00
4.556667e+01	-1.209749e-01	3.691903e+00
4.560000e+01	-1.258632e-01	3.671372e+00
4.563333e+01	-1.339710e-01	3.637319e+00
4.566667e+01	-1.421065e-01	3.603150e+00
4.570000e+01	-1.464328e-01	3.584979e+00
4.573333e+01	-1.460884e-01	3.586426e+00
4.576667e+01	-1.434748e-01	3.597403e+00
4.580000e+01	-1.415544e-01	3.605469e+00
4.583333e+01	-1.414924e-01	3.605729e+00
4.586667e+01	-1.425305e-01	3.601369e+00
4.590000e+01	-1.433825e-01	3.597791e+00
4.593333e+01	-1.434573e-01	3.597477e+00
4.596667e+01	-1.430259e-01	3.599289e+00
46	-1.426431e-01	3.600896e+00
4.603333e+01	-1.425904e-01	3.601117e+00
4.606667e+01	-1.427700e-01	3.600363e+00
4.610000e+01	-1.429420e-01	3.599641e+00
4.613333e+01	-1.429739e-01	3.599507e+00
4.616667e+01	-1.428997e-01	3.599818e+00
4.620000e+01	-1.428228e-01	3.600142e+00
4.623333e+01	-1.428049e-01	3.600217e+00
4.626667e+01	-1.428353e-01	3.600089e+00
4.630000e+01	-1.428696e-01	3.599945e+00
4.633333e+01	-1.428791e-01	3.599905e+00
4.636667e+01	-1.428667e-01	3.599957e+00
4.640000e+01	-1.428515e-01	3.600021e+00
4.643333e+01	-1.428467e-01	3.600041e+00
4.646667e+01	-1.428516e-01	3.600021e+00
4.650000e+01	-1.428583e-01	3.599992e+00
4.653333e+01	-1.428608e-01	3.599982e+00
4.656667e+01	-1.426061e-01	3.601051e+00
4.660000e+01	-1.409243e-01	3.608115e+00
4.663333e+01	-1.360357e-01	3.628647e+00
4.666667e+01	-1.279314e-01	3.662686e+00
4.670000e+01	-1.197987e-01	3.696843e+00
4.673333e+01	-1.154726e-01	3.715012e+00
4.676667e+01	-1.158156e-01	3.713572e+00
4.680000e+01	-1.184280e-01	3.702600e+00
4.683333e+01	-1.203481e-01	3.694535e+00
4.686667e+01	-1.204108e-01	3.694272e+00
4.690000e+01	-1.193732e-01	3.698630e+00
4.693333e+01	-1.185213e-01	3.702208e+00
4.696667e+01	-1.184463e-01	3.702523e+00
47	-1.188775e-01	3.700712e+00
4.703333e+01	-1.192602e-01	3.699104e+00
4.706667e+01	-1.193130e-01	3.698883e+00
4.710000e+01	-1.191335e-01	3.699636e+00
4.713333e+01	-1.189615e-01	3.700359e+00
4.716667e+01	-1.189296e-01	3.700493e+00
4.720000e+01	-1.190037e-01	3.700182e+00
4.723333e+01	-1.190807e-01	3.699858e+00
4.726667e+01	-1.190985e-01	3.699783e+00
4.730000e+01	-1.190682e-01	3.699911e+00
4.733333e+01	-1.190339e-01	3.700055e+00
4.736667e+01	-1.190244e-01	3.700095e+00
4.740000e+01	-1.190367e-01	3.700043e+00
4.743333e+01	-1.190519e-01	3.699979e+00
4.746667e+01	-1.190568e-01	3.699959e+00
4.750000e+01	-1.190519e-01	3.699979e+00
4.753333e+01	-1.190451e-01	3.700008e+00
4.756667e+01	-1.190427e-01	3.700018e+00
4.760000e+01	-1.190446e-01	3.700010e+00
4.763333e+01	-1.190476e-01	3.699997e+00
4.766667e+01	-1.190488e-01	3.699992e+00
4.770000e+01	-1.190480e-01	3.699995e+00
4.773333e+01	-1.190467e-01	3.700001e+00
4.776667e+01	-1.190462e-01	3.700003e+00
4.780000e+01	-1.190465e-01	3.700002e+00
4.783333e+01	-1.190470e-01	3.700000e+00
4.786667e+01	-1.190473e-01	3.699999e+00
4.790000e+01	-1.190472e-01	3.699999e+00
4.793333e+01	-1.190469e-01	3.700000e+00
4.796667e+01	-1.190468e-01	3.700001e+00
48	-1.190469e-01	3.700000e+00
4.803333e+01	-1.190470e-01	3.700000e+00
4.806667e+01	-1.190470e-01	3.700000e+00
4.810000e+01	-1.190470e-01	3.700000e+00
4.813333e+01	-1.190470e-01	3.700000e+00
4.816667e+01	-1.190469e-01	3.700000e+00
4.820000e+01	-1.190469e-01	3.700000e+00
4.823333e+01	-1.190470e-01	3.700000e+00
4.826667e+01	-1.190470e-01	3.700000e+00
4.830000e+01	-1.190470e-01	3.700000e+00
4.833333e+01	-1.190470e-01	3.700000e+00
4.836667e+01	-1.190470e-01	3.700000e+00
4.840000e+01	-1.190470e-01	3.700000e+00
4.843333e+01	-1.190470e-01	3.700000e+00
4.846667e+01	-1.190470e-01	3.700000e+00
4.850000e+01	-1.190470e-01	3.700000e+00
4.853333e+01	-1.190470e-01	3.700000e+00
4.856667e+01	-1.190470e-01	3.700000e+00
4.860000e+01	-1.190470e-01	3.700000e+00
4.863333e+01	-1.190470e-01	3.700000e+00
4.866667e+01	-1.190470e-01	3.700000e+00
4.870000e+01	-1.190470e-01	3.700000e+00
4.873333e+01	-1.190470e-01	3.700000e+00
4.876667e+01	-1.190470e-01	3.700000e+00
4.880000e+01	-1.190470e-01	3.700000e+00
4.883333e+01	-1.190470e-01	3.700000e+00
4.886667e+01	-1.190470e-01	3.700000e+00
4.890000e+01	-1.190470e-01	3.700000e+00
4.893333e+01	-1.190470e-01	3.700000e+00
4.896667e+01	-1.190470e-01	3.700000e+00
49	-1.190470e-01	3.700000e+00
4.903333e+01	-1.190470e-01	3.700000e+00
4.906667e+01	-1.190470e-01	3.700000e+00
4.910000e+01	-1.190470e-01	3.700000e+00
4.913333e+01	-1.190470e-01	3.700000e+00
4.916667e+01	-1.190470e-01	3.700000e+00
4.920000e+01	-1.190470e-01	3.700000e+00
4.923333e+01	-1.190470e-01	3.700000e+00
4.926667e+01	-1.190470e-01	3.700000e+00
4.930000e+01	-1.190470e-01	3.700000e+00
4.933333e+01	-1.190470e-01	3.700000e+00
4.936667e+01	-1.190470e-01	3.700000e+00
4.940000e+01	-1.190470e-01	3.700000e+00
4.943333e+01	-1.190470e-01	3.700000e+00
4.946667e+01	-1.190470e-01	3.700000e+00
4.950000e+01	-1.190470e-01	3.700000e+00
4.953333e+01	-1.190470e-01	3.700000e+00
4.956667e+01	-1.190470e-01	3.700000e+00
4.960000e+01	-1.190470e-01	3.700000e+00
4.963333e+01	-1.190470e-01	3.700000e+00
4.966667e+01	-1.190470e-01	3.700000e+00
4.970000e+01	-1.190470e-01	3.700000e+00
4.973333e+01	-1.190470e-01	3.700000e+00
4.976667e+01	-1.190470e-01	3.700000e+00
4.980000e+01	-1.190470e-01	3.700000e+00
4.983333e+01	-1.190470e-01	3.700000e+00
4.986667e+01	-1.190470e-01	3.700000e+00
4.990000e+01	-1.190470e-01	3.700000e+00
4.993333e+01	-1.190470e-01	3.700000e+00
4.996667e+01	-1.190470e-01	3.700000e+00
50	-1.190470e-01	3.700000e+00
5.003333e+01	-1.187943e-01	3.701061e+00
5.006667e+01	-1.171154e-01	3.708113e+00
5.010000e+01	-1.122280e-01	3.728639e+00
5.013333e+01	-1.041229e-01	3.762681e+00
5.016667e+01	-9.598893e-02	3.796844e+00
5.020000e+01	-9.166231e-02	3.815015e+00
5.023333e+01	-9.200555e-02	3.813574e+00
5.026667e+01	-9.461851e-02	3.802599e+00
5.030000e+01	-9.653894e-02	3.794534e+00
5.033333e+01	-9.660149e-02	3.794271e+00
5.036667e+01	-9.556369e-02	3.798630e+00
5.040000e+01	-9.471163e-02	3.802208e+00
5.043333e+01	-9.463669e-02	3.802523e+00
5.046667e+01	-9.506793e-02	3.800712e+00
5.050000e+01	-9.545072e-02	3.799104e+00
5.053333e+01	-9.550346e-02	3.798883e+00
5.056667e+01	-9.532397e-02	3.799636e+00
5.060000e+01	-9.515197e-02	3.800359e+00
5.063333e+01	-9.512000e-02	3.800493e+00
5.066667e+01	-9.519416e-02	3.800182e+00
5.070000e+01	-9.527113e-02	3.799858e+00
5.073333e+01	-9.528901e-02	3.799783e+00
5.076667e+01	-9.525863e-02	3.799911e+00
5.080000e+01	-9.522435e-02	3.800055e+00
5.083333e+01	-9.521485e-02	3.800095e+00
5.086667e+01	-9.522716e-02	3.800043e+00
5.090000e+01	-9.524237e-02	3.799979e+00
5.093333e+01	-9.524725e-02	3.799959e+00
5.096667e+01	-9.524231e-02	3.799979e+00
51	-9.523560e-02	3.800008e+00
5.103333e+01	-9.523315e-02	3.800018e+00
5.106667e+01	-9.523510e-02	3.800010e+00
5.110000e+01	-9.523806e-02	3.799997e+00
5.113333e+01	-9.523926e-02	3.799992e+00
5.116667e+01	-9.523850e-02	3.799995e+00
5.120000e+01	-9.523721e-02	3.800001e+00
5.123333e+01	-9.523663e-02	3.800003e+00
5.126667e+01	-9.523691e-02	3.800002e+00
5.130000e+01	-9.523748e-02	3.800000e+00
5.133333e+01	-9.523775e-02	3.799999e+00
5.136667e+01	-9.523765e-02	3.799999e+00
5.140000e+01	-9.523740e-02	3.800000e+00
5.143333e+01	-9.523727e-02	3.800001e+00
5.146667e+01	-9.523731e-02	3.800000e+00
5.150000e+01	-9.523742e-02	3.800000e+00
5.153333e+01	-9.523748e-02	3.800000e+00
5.156667e+01	-9.523746e-02	3.800000e+00
5.160000e+01	-9.523742e-02	3.800000e+00
5.163333e+01	-9.523739e-02	3.800000e+00
5.166667e+01	-9.523739e-02	3.800000e+00
5.170000e+01	-9.523741e-02	3.800000e+00
5.173333e+01	-9.523743e-02	3.800000e+00
5.176667e+01	-9.523743e-02	3.800000e+00
5.180000e+01	-9.523742e-02	3.800000e+00
5.183333e+01	-9.523741e-02	3.800000e+00
5.186667e+01	-9.523741e-02	3.800000e+00
5.190000e+01	-9.525685e-02	3.799918e+00
5.193333e+01	-9.540544e-02	3.799294e+00
5.196667e+01	-9.592997e-02	3.797091e+00
52	-9.707797e-02	3.792270e+00
5.203333e+01	-9.885167e-02	3.784820e+00
5.206667e+01	-1.009582e-01	3.775973e+00
5.210000e+01	-1.030383e-01	3.767236e+00
5.213333e+01	-1.049174e-01	3.759344e+00
5.216667e+01	-1.066488e-01	3.752072e+00
5.220000e+01	-1.083754e-01	3.744821e+00
5.223333e+01	-1.101818e-01	3.737234e+00
5.226667e+01	-1.120537e-01	3.729372e+00
5.230000e+01	-1.139314e-01	3.721485e+00
5.233333e+01	-1.157565e-01	3.713820e+00
5.236667e+01	-1.174230e-01	3.706820e+00
5.240000e+01	-1.187095e-01	3.701417e+00
5.243333e+01	-1.193864e-01	3.698574e+00
5.246667e+01	-1.194508e-01	3.698304e+00
5.250000e+01	-1.191848e-01	3.699421e+00
5.253333e+01	-1.189395e-01	3.700451e+00
5.256667e+01	-1.188893e-01	3.700662e+00
5.260000e+01	-1.189855e-01	3.700258e+00
5.263333e+01	-1.190888e-01	3.699824e+00
5.266667e+01	-1.191149e-01	3.699715e+00
5.270000e+01	-1.190762e-01	3.699877e+00
5.273333e+01	-1.190307e-01	3.700068e+00
5.276667e+01	-1.190173e-01	3.700125e+00
5.280000e+01	-1.192856e-01	3.698998e+00
5.283333e+01	-1.209846e-01	3.691862e+00
5.286667e+01	-1.258788e-01	3.671306e+00
5.290000e+01	-1.339777e-01	3.637291e+00
5.293333e+01	-1.421028e-01	3.603166e+00
5.296667e+01	-1.464260e-01	3.585008e+00
53	-1.460852e-01	3.586439e+00
5.303333e+01	-1.434762e-01	3.597397e+00
5.306667e+01	-1.415574e-01	3.605456e+00
5.310000e+01	-1.414939e-01	3.605723e+00
5.313333e+01	-1.425300e-01	3.601371e+00
5.316667e+01	-1.433812e-01	3.597796e+00
5.320000e+01	-1.434566e-01	3.597480e+00
5.323333e+01	-1.430260e-01	3.599288e+00
5.326667e+01	-1.426436e-01	3.600894e+00
5.330000e+01	-1.425908e-01	3.601116e+00
5.333333e+01	-1.427699e-01	3.600364e+00
5.336667e+01	-1.429418e-01	3.599642e+00
5.340000e+01	-1.429738e-01	3.599507e+00
5.343333e+01	-1.428997e-01	3.599818e+00
5.346667e+01	-1.428229e-01	3.600141e+00
5.350000e+01	-1.428050e-01	3.600216e+00
5.353333e+01	-1.428353e-01	3.600089e+00
5.356667e+01	-1.426169e-01	3.601006e+00
5.360000e+01	-1.409475e-01	3.608018e+00
5.363333e+01	-1.360478e-01	3.628596e+00
5.366667e+01	-1.279275e-01	3.662702e+00
5.370000e+01	-1.197887e-01	3.696885e+00
5.373333e+01	-1.154670e-01	3.715036e+00
5.376667e+01	-1.157975e-01	3.713648e+00
5.380000e+01	-1.182643e-01	3.703287e+00
5.383333e+01	-1.196582e-01	3.697433e+00
5.386667e+01	-1.185698e-01	3.702004e+00
5.390000e+01	-1.157571e-01	3.713817e+00
5.393333e+01	-1.127993e-01	3.726240e+00
5.396667e+01	-1.106456e-01	3.735286e+00
54	-1.091983e-01	3.741364e+00
5.403333e+01	-1.078494e-01	3.747030e+00
5.406667e+01	-1.061750e-01	3.754062e+00
5.410000e+01	-1.041888e-01	3.762404e+00
5.413333e+01	-1.021450e-01	3.770988e+00
5.416667e+01	-1.002355e-01	3.779008e+00
5.420000e+01	-9.848473e-02	3.786361e+00
5.423333e+01	-9.689516e-02	3.793037e+00
5.426667e+01	-9.562642e-02	3.798366e+00
5.430000e+01	-9.466648e-02	3.802398e+00
5.433333e+01	-9.288890e-02	3.809864e+00
5.436667e+01	-8.825809e-02	3.829313e+00
5.440000e+01	-8.041057e-02	3.862273e+00
5.443333e+01	-7.234200e-02	3.896161e+00
5.446667e+01	-6.792409e-02	3.914716e+00
5.450000e+01	-6.815909e-02	3.913729e+00
5.453333e+01	-7.073924e-02	3.902892e+00
5.456667e+01	-7.294860e-02	3.893613e+00
5.460000e+01	-7.473745e-02	3.886100e+00
5.463333e+01	-7.860335e-02	3.869863e+00
5.466667e+01	-8.584199e-02	3.839461e+00
5.470000e+01	-9.388016e-02	3.805700e+00
5.473333e+01	-9.862994e-02	3.785751e+00
5.476667e+01	-9.867515e-02	3.785562e+00
5.480000e+01	-9.612407e-02	3.796276e+00
5.483333e+01	-9.402810e-02	3.805079e+00
5.486667e+01	-9.379137e-02	3.806073e+00
5.490000e+01	-9.479321e-02	3.801866e+00
5.493333e+01	-9.571753e-02	3.797984e+00
5.496667e+01	-9.587026e-02	3.797342e+00
55	-9.545862e-02	3.799071e+00
5.503333e+01	-9.504636e-02	3.800802e+00
5.506667e+01	-9.495904e-02	3.801169e+00
5.510000e+01	-9.512828e-02	3.800458e+00
5.513333e+01	-9.531217e-02	3.799686e+00
5.516667e+01	-9.535944e-02	3.799487e+00
5.520000e+01	-9.529049e-02	3.799777e+00
5.523333e+01	-9.520878e-02	3.800120e+00
5.526667e+01	-9.518416e-02	3.800224e+00
5.530000e+01	-9.521195e-02	3.800107e+00
5.533333e+01	-9.524810e-02	3.799955e+00
5.536667e+01	-9.526055e-02	3.799903e+00
5.540000e+01	-9.524950e-02	3.799949e+00
5.543333e+01	-9.523358e-02	3.800016e+00
5.546667e+01	-9.522741e-02	3.800042e+00
5.550000e+01	-9.523174e-02	3.800024e+00
5.553333e+01	-9.523872e-02	3.799995e+00
5.556667e+01	-9.524172e-02	3.799982e+00
5.560000e+01	-9.524006e-02	3.799989e+00
5.563333e+01	-9.523701e-02	3.800002e+00
5.566667e+01	-9.523557e-02	3.800008e+00
5.570000e+01	-9.523619e-02	3.800005e+00
5.573333e+01	-9.523752e-02	3.800000e+00
5.576667e+01	-9.498554e-02	3.801058e+00
5.580000e+01	-9.330639e-02	3.808110e+00
5.583333e+01	-8.841849e-02	3.828639e+00
5.586667e+01	-8.031302e-02	3.862682e+00
5.590000e+01	-7.217913e-02	3.896845e+00
5.593333e+01	-6.810542e-02	3.913954e+00
5.596667e+01	-7.012773e-02	3.905461e+00
56	-7.762800e-02	3.873959e+00
5.603333e+01	-8.765347e-02	3.831853e+00
5.606667e+01	-9.584992e-02	3.797427e+00
5.610000e+01	-9.913874e-02	3.783614e+00
5.613333e+01	-9.794349e-02	3.788634e+00
5.616667e+01	-9.525562e-02	3.799924e+00
5.620000e+01	-9.376643e-02	3.806178e+00
5.623333e+01	-9.408665e-02	3.804833e+00
5.626667e+01	-9.517718e-02	3.800253e+00
5.630000e+01	-9.584974e-02	3.797428e+00
5.633333e+01	-9.575270e-02	3.797836e+00
5.636667e+01	-9.528949e-02	3.799781e+00
5.640000e+01	-9.498086e-02	3.801078e+00
5.643333e+01	-9.500509e-02	3.800976e+00
5.646667e+01	-9.520245e-02	3.800147e+00
5.650000e+01	-9.534408e-02	3.799552e+00
5.653333e+01	-9.534176e-02	3.799562e+00
5.656667e+01	-9.525810e-02	3.799913e+00
5.660000e+01	-9.519345e-02	3.800185e+00
5.663333e+01	-9.519078e-02	3.800196e+00
5.666667e+01	-9.522603e-02	3.800048e+00
5.670000e+01	-9.525538e-02	3.799925e+00
5.673333e+01	-9.525817e-02	3.799913e+00
5.676667e+01	-9.524341e-02	3.799975e+00
5.680000e+01	-9.523015e-02	3.800031e+00
5.683333e+01	-9.497556e-02	3.801100e+00
5.686667e+01	-9.330278e-02	3.808125e+00
5.690000e+01	-8.842140e-02	3.828627e+00
5.693333e+01	-8.031741e-02	3.862664e+00
5.696667e+01	-7.218091e-02	3.896837e+00
57	-6.785162e-02	3.915020e+00
5.703333e+01	-6.819423e-02	3.913581e+00
5.706667e+01	-7.080822e-02	3.902603e+00
5.710000e+01	-7.272984e-02	3.894532e+00
5.713333e+01	-7.279273e-02	3.894268e+00
5.716667e+01	-7.175450e-02	3.898628e+00
5.720000e+01	-7.090193e-02	3.902209e+00
5.723333e+01	-7.082681e-02	3.902524e+00
5.726667e+01	-7.125822e-02	3.900713e+00
5.730000e+01	-7.164124e-02	3.899104e+00
5.733333e+01	-7.169406e-02	3.898882e+00
5.736667e+01	-7.151451e-02	3.899636e+00
5.740000e+01	-7.134241e-02	3.900359e+00
5.743333e+01	-7.131040e-02	3.900493e+00
5.746667e+01	-7.138458e-02	3.900182e+00
5.750000e+01	-7.146160e-02	3.899858e+00
5.753333e+01	-7.147949e-02	3.899783e+00
5.756667e+01	-7.144911e-02	3.899911e+00
5.760000e+01	-7.141480e-02	3.900055e+00
5.763333e+01	-7.140529e-02	3.900095e+00
5.766667e+01	-7.141761e-02	3.900043e+00
5.770000e+01	-7.143283e-02	3.899979e+00
5.773333e+01	-7.143771e-02	3.899959e+00
5.776667e+01	-7.143277e-02	3.899979e+00
5.780000e+01	-7.142606e-02	3.900008e+00
5.783333e+01	-7.142361e-02	3.900018e+00
5.786667e+01	-7.142556e-02	3.900010e+00
5.790000e+01	-7.142851e-02	3.899997e+00
5.793333e+01	-7.142971e-02	3.899992e+00
5.796667e+01	-7.142896e-02	3.899995e+00
58	-7.142767e-02	3.900001e+00
5.803333e+01	-7.142708e-02	3.900003e+00
5.806667e+01	-7.142737e-02	3.900002e+00
5.810000e+01	-7.142793e-02	3.900000e+00
5.813333e+01	-7.142821e-02	3.899999e+00
5.816667e+01	-7.142811e-02	3.899999e+00
5.820000e+01	-7.117520e-02	3.901061e+00
5.823333e+01	-6.949615e-02	3.908113e+00
5.826667e+01	-6.460885e-02	3.928640e+00
5.830000e+01	-5.650381e-02	3.962681e+00
5.833333e+01	-4.836991e-02	3.996843e+00
5.836667e+01	-4.404327e-02	4.015015e+00
5.840000e+01	-4.438647e-02	4.013574e+00
5.843333e+01	-4.699940e-02	4.002600e+00
5.846667e+01	-4.891983e-02	3.994534e+00
5.850000e+01	-4.898240e-02	3.994271e+00
5.853333e+01	-4.794461e-02	3.998630e+00
5.856667e+01	-4.709256e-02	4.002208e+00
5.860000e+01	-4.701760e-02	4.002523e+00
5.863333e+01	-4.744884e-02	4.000712e+00
5.866667e+01	-4.783163e-02	3.999104e+00
5.870000e+01	-4.788437e-02	3.998883e+00
5.873333e+01	-4.770489e-02	3.999636e+00
5.876667e+01	-4.753289e-02	4.000359e+00
5.880000e+01	-4.750092e-02	4.000493e+00
5.883333e+01	-4.757508e-02	4.000182e+00
5.886667e+01	-4.765205e-02	3.999858e+00
5.890000e+01	-4.766992e-02	3.999783e+00
5.893333e+01	-4.763955e-02	3.999911e+00
5.896667e+01	-4.760526e-02	4.000055e+00
59	-4.759576e-02	4.000095e+00
5.903333e+01	-4.760808e-02	4.000043e+00
5.906667e+01	-4.762328e-02	3.999979e+00
5.910000e+01	-4.762816e-02	3.999959e+00
5.913333e+01	-4.737056e-02	4.001041e+00
5.916667e+01	-4.568493e-02	4.008120e+00
5.920000e+01	-4.079515e-02	4.028657e+00
5.923333e+01	-3.269196e-02	4.062691e+00
5.926667e+01	-2.430828e-02	4.097902e+00
5.930000e+01	-1.830394e-02	4.123120e+00
5.933333e+01	-1.401175e-02	4.141148e+00
5.936667e+01	-1.019720e-02	4.157169e+00
5.940000e+01	-8.870410e-03	4.162741e+00
5.943333e+01	-1.271177e-02	4.146607e+00
5.946667e+01	-2.015174e-02	4.115360e+00
5.950000e+01	-2.623955e-02	4.089791e+00
5.953333e+01	-2.774168e-02	4.083482e+00
5.956667e+01	-2.562227e-02	4.092383e+00
5.960000e+01	-2.304670e-02	4.103201e+00
5.963333e+01	-2.218487e-02	4.106820e+00
5.966667e+01	-2.296835e-02	4.103530e+00
5.970000e+01	-2.407970e-02	4.098862e+00
5.973333e+01	-2.450546e-02	4.097074e+00
5.976667e+01	-2.420107e-02	4.098352e+00
5.980000e+01	-2.371574e-02	4.100391e+00
5.983333e+01	-2.350887e-02	4.101260e+00
5.986667e+01	-2.362604e-02	4.100768e+00
5.990000e+01	-2.409059e-02	4.098816e+00
5.993333e+01	-2.586895e-02	4.091347e+00
5.996667e+01	-3.071230e-02	4.071005e+00
60	-3.872530e-02	4.037351e+00
6.003333e+01	-4.681199e-02	4.003387e+00
6.006667e+01	-5.115455e-02	3.985148e+00
6.010000e+01	-5.085120e-02	3.986422e+00
6.013333e+01	-4.826050e-02	3.997303e+00
6.016667e+01	-4.633458e-02	4.005392e+00
6.020000e+01	-4.625484e-02	4.005727e+00
6.023333e+01	-4.728225e-02	4.001412e+00
6.026667e+01	-4.813604e-02	3.997826e+00
6.030000e+01	-4.821836e-02	3.997480e+00
6.033333e+01	-4.779193e-02	3.999271e+00
6.036667e+01	-4.740868e-02	4.000881e+00
6.040000e+01	-4.735279e-02	4.001115e+00
6.043333e+01	-4.753006e-02	4.000371e+00
6.046667e+01	-4.770214e-02	3.999648e+00
6.050000e+01	-4.771438e-02	3.999597e+00
6.053333e+01	-4.748027e-02	4.000580e+00
6.056667e+01	-4.683509e-02	4.003290e+00
6.060000e+01	-4.557298e-02	4.008590e+00
6.063333e+01	-4.368139e-02	4.016535e+00
6.066667e+01	-4.143358e-02	4.025976e+00
6.070000e+01	-3.918987e-02	4.035400e+00
6.073333e+01	-3.714206e-02	4.044000e+00
6.076667e+01	-3.525121e-02	4.051942e+00
6.080000e+01	-3.337578e-02	4.059819e+00
6.083333e+01	-3.142368e-02	4.068017e+00
6.086667e+01	-2.942349e-02	4.076418e+00
6.090000e+01	-2.753169e-02	4.084364e+00
6.093333e+01	-2.595987e-02	4.090965e+00
6.096667e+01	-2.482697e-02	4.095724e+00
61	-2.410986e-02	4.098735e+00
6.103333e+01	-2.373791e-02	4.100298e+00
6.106667e+01	-2.364085e-02	4.100705e+00
6.110000e+01	-2.371183e-02	4.100407e+00
6.113333e+01	-2.381723e-02	4.099965e+00
6.116667e+01	-2.386585e-02	4.099760e+00
6.120000e+01	-2.384789e-02	4.099836e+00
6.123333e+01	-2.380709e-02	4.100007e+00
6.126667e+01	-2.378530e-02	4.100099e+00
6.130000e+01	-2.379143e-02	4.100073e+00
6.133333e+01	-2.380870e-02	4.100000e+00
6.136667e+01	-2.381874e-02	4.099958e+00
6.140000e+01	-2.381668e-02	4.099967e+00
6.143333e+01	-2.380926e-02	4.099998e+00
6.146667e+01	-2.380460e-02	4.100018e+00
6.150000e+01	-2.382465e-02	4.099933e+00
6.153333e+01	-2.397641e-02	4.099296e+00
6.156667e+01	-2.450309e-02	4.097084e+00
6.160000e+01	-2.565096e-02	4.092263e+00
6.163333e+01	-2.742330e-02	4.084819e+00
6.166667e+01	-2.952883e-02	4.075976e+00
6.170000e+01	-3.160894e-02	4.067239e+00
6.173333e+01	-3.348862e-02	4.059345e+00
6.176667e+01	-3.522046e-02	4.052071e+00
6.180000e+01	-3.694706e-02	4.044819e+00
6.183333e+01	-3.875322e-02	4.037233e+00
6.186667e+01	-4.062497e-02	4.029372e+00
6.190000e+01	-4.250266e-02	4.021486e+00
6.193333e+01	-4.432786e-02	4.013820e+00
6.196667e+01	-4.599447e-02	4.006820e+00
62	-4.728099e-02	4.001417e+00
6.203333e+01	-4.795779e-02	3.998574e+00
6.206667e+01	-4.802213e-02	3.998304e+00
6.210000e+01	-4.775614e-02	3.999421e+00
6.213333e+01	-4.725821e-02	4.001512e+00
6.216667e+01	-4.552911e-02	4.008775e+00
6.220000e+01	-4.073793e-02	4.028898e+00
6.223333e+01	-3.273608e-02	4.062505e+00
6.226667e+01	-2.462820e-02	4.096558e+00
6.230000e+01	-2.051554e-02	4.113832e+00
6.233333e+01	-2.249228e-02	4.105529e+00
6.236667e+01	-2.997916e-02	4.074084e+00
6.240000e+01	-4.002038e-02	4.031911e+00
6.243333e+01	-4.825504e-02	3.997326e+00
6.246667e+01	-5.168863e-02	3.982905e+00
6.250000e+01	-5.097415e-02	3.985906e+00
6.253333e+01	-4.934339e-02	3.992755e+00
6.256667e+01	-4.949784e-02	3.992106e+00
6.260000e+01	-5.177657e-02	3.982535e+00
6.263333e+01	-5.480253e-02	3.969826e+00
6.266667e+01	-5.722163e-02	3.959666e+00
6.270000e+01	-5.873135e-02	3.953325e+00
6.273333e+01	-5.986969e-02	3.948544e+00
6.276667e+01	-6.123764e-02	3.942799e+00
6.280000e+01	-6.300047e-02	3.935395e+00
6.283333e+01	-6.492410e-02	3.927316e+00
6.286667e+01	-6.664093e-02	3.920105e+00
6.290000e+01	-6.785491e-02	3.915006e+00
6.293333e+01	-6.827191e-02	3.913255e+00
6.296667e+01	-6.704467e-02	3.918409e+00
63	-6.308615e-02	3.935035e+00
6.303333e+01	-5.763279e-02	3.957939e+00
6.306667e+01	-5.526451e-02	3.967886e+00
6.310000e+01	-5.942089e-02	3.950429e+00
6.313333e+01	-6.776588e-02	3.915380e+00
6.316667e+01	-7.439014e-02	3.887558e+00
6.320000e+01	-7.603981e-02	3.880630e+00
6.323333e+01	-7.520284e-02	3.884145e+00
6.326667e+01	-7.726154e-02	3.875499e+00
6.330000e+01	-8.453432e-02	3.844953e+00
6.333333e+01	-9.362145e-02	3.806787e+00
6.336667e+01	-9.942905e-02	3.782395e+00
6.340000e+01	-1.011847e-01	3.775021e+00
6.343333e+01	-1.030826e-01	3.767050e+00
6.346667e+01	-1.087284e-01	3.743338e+00
6.350000e+01	-1.165924e-01	3.710309e+00
6.353333e+01	-1.221044e-01	3.687159e+00
6.356667e+01	-1.228495e-01	3.684029e+00
6.360000e+01	-1.204126e-01	3.694264e+00
6.363333e+01	-1.180041e-01	3.704380e+00
6.366667e+01	-1.174556e-01	3.706684e+00
6.370000e+01	-1.183921e-01	3.702751e+00
6.373333e+01	-1.194449e-01	3.698329e+00
6.376667e+01	-1.197367e-01	3.697103e+00
6.380000e+01	-1.193605e-01	3.698683e+00
6.383333e+01	-1.188959e-01	3.700635e+00
6.386667e+01	-1.187468e-01	3.701261e+00
6.390000e+01	-1.188975e-01	3.700628e+00
6.393333e+01	-1.191025e-01	3.699767e+00
6.396667e+01	-1.191771e-01	3.699453e+00
64	-1.191175e-01	3.699704e+00
6.403333e+01	-1.190274e-01	3.700082e+00
6.406667e+01	-1.189713e-01	3.700318e+00
6.410000e+01	-1.188459e-01	3.700844e+00
6.413333e+01	-1.183608e-01	3.702882e+00
6.416667e+01	-1.172305e-01	3.707629e+00
6.420000e+01	-1.154481e-01	3.715115e+00
6.423333e+01	-1.133244e-01	3.724035e+00
6.426667e+01	-1.112358e-01	3.732807e+00
6.430000e+01	-1.093599e-01	3.740686e+00
6.433333e+01	-1.076360e-01	3.747926e+00
6.436667e+01	-1.059134e-01	3.755161e+00
6.440000e+01	-1.041059e-01	3.762753e+00
6.443333e+01	-1.022501e-01	3.770547e+00
6.446667e+01	-1.005191e-01	3.777817e+00
6.450000e+01	-9.918005e-02	3.783441e+00
6.453333e+01	-9.861842e-02	3.785800e+00
6.456667e+01	-9.975577e-02	3.781023e+00
6.460000e+01	-1.039252e-01	3.763511e+00
6.463333e+01	-1.110227e-01	3.733702e+00
6.466667e+01	-1.182363e-01	3.703405e+00
6.470000e+01	-1.221531e-01	3.686954e+00
6.473333e+01	-1.219352e-01	3.687870e+00
6.476667e+01	-1.196500e-01	3.697467e+00
6.480000e+01	-1.179242e-01	3.704716e+00
6.483333e+01	-1.178317e-01	3.705104e+00
6.486667e+01	-1.187353e-01	3.701309e+00
6.490000e+01	-1.194989e-01	3.698102e+00
6.493333e+01	-1.195812e-01	3.697756e+00
6.496667e+01	-1.192067e-01	3.699329e+00
65	-1.188644e-01	3.700767e+00
6.503333e+01	-1.188108e-01	3.700992e+00
6.506667e+01	-1.189662e-01	3.700339e+00
6.510000e+01	-1.191197e-01	3.699694e+00
6.513333e+01	-1.191510e-01	3.699563e+00
6.516667e+01	-1.190870e-01	3.699832e+00
6.520000e+01	-1.190184e-01	3.700120e+00
6.523333e+01	-1.190013e-01	3.700192e+00
6.526667e+01	-1.190274e-01	3.700082e+00
6.530000e+01	-1.190579e-01	3.699954e+00
6.533333e+01	-1.190669e-01	3.699916e+00
6.536667e+01	-1.190563e-01	3.699961e+00
6.540000e+01	-1.190428e-01	3.700017e+00
6.543333e+01	-1.190383e-01	3.700036e+00
6.546667e+01	-1.190425e-01	3.700019e+00
6.550000e+01	-1.190484e-01	3.699994e+00
6.553333e+01	-1.190327e-01	3.700060e+00
6.556667e+01	-1.188930e-01	3.700646e+00
6.560000e+01	-1.184034e-01	3.702703e+00
6.563333e+01	-1.173363e-01	3.707185e+00
6.566667e+01	-1.156899e-01	3.714100e+00
6.570000e+01	-1.137350e-01	3.722310e+00
6.573333e+01	-1.118040e-01	3.730420e+00
6.576667e+01	-1.100589e-01	3.737750e+00
6.580000e+01	-1.084506e-01	3.744504e+00
6.583333e+01	-1.068471e-01	3.751239e+00
6.586667e+01	-1.051699e-01	3.758284e+00
6.590000e+01	-1.034318e-01	3.765583e+00
6.593333e+01	-1.016884e-01	3.772906e+00
6.596667e+01	-9.997554e-02	3.780100e+00
66	-9.830805e-02	3.787103e+00
6.603333e+01	-9.676429e-02	3.793587e+00
6.606667e+01	-9.555686e-02	3.798658e+00
6.610000e+01	-9.491612e-02	3.801349e+00
6.613333e+01	-9.485408e-02	3.801610e+00
6.616667e+01	-9.510636e-02	3.800550e+00
6.620000e+01	-9.533960e-02	3.799571e+00
6.623333e+01	-9.538748e-02	3.799370e+00
6.626667e+01	-9.529603e-02	3.799754e+00
6.630000e+01	-9.519767e-02	3.800167e+00
6.633333e+01	-9.517275e-02	3.800272e+00
6.636667e+01	-9.520958e-02	3.800117e+00
6.640000e+01	-9.525284e-02	3.799935e+00
6.643333e+01	-9.526564e-02	3.799881e+00
6.646667e+01	-9.525076e-02	3.799944e+00
6.650000e+01	-9.523163e-02	3.800024e+00
6.653333e+01	-9.522514e-02	3.800052e+00
6.656667e+01	-9.523108e-02	3.800027e+00
6.660000e+01	-9.523951e-02	3.799991e+00
6.663333e+01	-9.524273e-02	3.799978e+00
6.666667e+01	-9.524040e-02	3.799987e+00
6.670000e+01	-9.523670e-02	3.800003e+00
6.673333e+01	-9.548779e-02	3.798948e+00
6.676667e+01	-9.691494e-02	3.792954e+00
6.680000e+01	-1.001250e-01	3.779472e+00
6.683333e+01	-1.035962e-01	3.764893e+00
6.686667e+01	-1.053036e-01	3.757722e+00
6.690000e+01	-1.061302e-01	3.754250e+00
6.693333e+01	-1.078862e-01	3.746875e+00
6.696667e+01	-1.088633e-01	3.742771e+00
67	-1.057776e-01	3.755731e+00
6.703333e+01	-9.915842e-02	3.783532e+00
6.706667e+01	-9.331915e-02	3.808057e+00
6.710000e+01	-9.155609e-02	3.815462e+00
6.713333e+01	-9.332931e-02	3.808014e+00
6.716667e+01	-9.578136e-02	3.797715e+00
6.720000e+01	-9.674447e-02	3.793670e+00
6.723333e+01	-9.611171e-02	3.796328e+00
6.726667e+01	-9.506063e-02	3.800742e+00
6.730000e+01	-9.459539e-02	3.802697e+00
6.733333e+01	-9.483384e-02	3.801695e+00
6.736667e+01	-9.528999e-02	3.799779e+00
6.740000e+01	-9.551193e-02	3.798847e+00
6.743333e+01	-9.542352e-02	3.799218e+00
6.746667e+01	-9.522560e-02	3.800050e+00
6.750000e+01	-9.512057e-02	3.800491e+00
6.753333e+01	-9.515207e-02	3.800358e+00
6.756667e+01	-9.523760e-02	3.799999e+00
6.760000e+01	-9.528687e-02	3.799792e+00
6.763333e+01	-9.527632e-02	3.799837e+00
6.766667e+01	-9.523954e-02	3.799991e+00
6.770000e+01	-9.521661e-02	3.800087e+00
6.773333e+01	-9.521978e-02	3.800074e+00
6.776667e+01	-9.523552e-02	3.800008e+00
6.780000e+01	-9.524611e-02	3.799963e+00
6.783333e+01	-9.524537e-02	3.799967e+00
6.786667e+01	-9.523867e-02	3.799995e+00
6.790000e+01	-9.523381e-02	3.800015e+00
6.793333e+01	-9.523385e-02	3.800015e+00
6.796667e+01	-9.523669e-02	3.800003e+00
68	-9.523890e-02	3.799994e+00
6.803333e+01	-9.523901e-02	3.799993e+00
6.806667e+01	-9.523782e-02	3.799998e+00
6.810000e+01	-9.523681e-02	3.800003e+00
6.813333e+01	-9.523671e-02	3.800003e+00
6.816667e+01	-9.523721e-02	3.800001e+00
6.820000e+01	-9.523766e-02	3.799999e+00
6.823333e+01	-9.523773e-02	3.799999e+00
6.826667e+01	-9.523752e-02	3.800000e+00
6.830000e+01	-9.523732e-02	3.800000e+00
6.833333e+01	-9.523728e-02	3.800001e+00
6.836667e+01	-9.523736e-02	3.800000e+00
6.840000e+01	-9.523745e-02	3.800000e+00
6.843333e+01	-9.523748e-02	3.800000e+00
6.846667e+01	-9.523744e-02	3.800000e+00
6.850000e+01	-9.523740e-02	3.800000e+00
6.853333e+01	-9.523739e-02	3.800000e+00
6.856667e+01	-9.523740e-02	3.800000e+00
6.860000e+01	-9.523742e-02	3.800000e+00
6.863333e+01	-9.523743e-02	3.800000e+00
6.866667e+01	-9.523742e-02	3.800000e+00
6.870000e+01	-9.523741e-02	3.800000e+00
6.873333e+01	-9.523741e-02	3.800000e+00
6.876667e+01	-9.523741e-02	3.800000e+00
6.880000e+01	-9.523742e-02	3.800000e+00
6.883333e+01	-9.523742e-02	3.800000e+00
6.886667e+01	-9.523742e-02	3.800000e+00
6.890000e+01	-9.523742e-02	3.800000e+00
6.893333e+01	-9.523742e-02	3.800000e+00
6.896667e+01	-9.523742e-02	3.800000e+00
69	-9.498475e-02	3.801061e+00
6.903333e+01	-9.330583e-02	3.808113e+00
6.906667e+01	-8.841850e-02	3.828639e+00
6.910000e+01	-8.031336e-02	3.862681e+00
6.913333e+01	-7.217939e-02	3.896844e+00
6.916667e+01	-6.785276e-02	3.915015e+00
6.920000e+01	-6.819601e-02	3.913574e+00
6.923333e+01	-7.080897e-02	3.902599e+00
6.926667e+01	-7.272939e-02	3.894534e+00
6.930000e+01	-7.279195e-02	3.894271e+00
6.933333e+01	-7.175415e-02	3.898630e+00
6.936667e+01	-7.090209e-02	3.902208e+00
6.940000e+01	-7.082714e-02	3.902523e+00
6.943333e+01	-7.125839e-02	3.900712e+00
6.946667e+01	-7.164118e-02	3.899104e+00
6.950000e+01	-7.169392e-02	3.898883e+00
6.953333e+01	-7.151443e-02	3.899636e+00
6.956667e+01	-7.134243e-02	3.900359e+00
6.960000e+01	-7.131046e-02	3.900493e+00
6.963333e+01	-7.138462e-02	3.900182e+00
6.966667e+01	-7.146159e-02	3.899858e+00
6.970000e+01	-7.147946e-02	3.899783e+00
6.973333e+01	-7.144909e-02	3.899911e+00
6.976667e+01	-7.141481e-02	3.900055e+00
6.980000e+01	-7.140531e-02	3.900095e+00
6.983333e+01	-7.141762e-02	3.900043e+00
6.986667e+01	-7.143283e-02	3.899979e+00
6.990000e+01	-7.143770e-02	3.899959e+00
6.993333e+01	-7.143277e-02	3.899979e+00
6.996667e+01	-7.142606e-02	3.900008e+00
70	-7.142361e-02	3.900018e+00
7.003333e+01	-7.142556e-02	3.900010e+00
7.006667e+01	-7.142851e-02	3.899997e+00
7.010000e+01	-7.142971e-02	3.899992e+00
7.013333e+01	-7.142896e-02	3.899995e+00
7.016667e+01	-7.142767e-02	3.900001e+00
7.020000e+01	-7.142708e-02	3.900003e+00
7.023333e+01	-7.142737e-02	3.900002e+00
7.026667e+01	-7.142793e-02	3.900000e+00
7.030000e+01	-7.142821e-02	3.899999e+00
7.033333e+01	-7.142811e-02	3.899999e+00
7.036667e+01	-7.142786e-02	3.900000e+00
7.040000e+01	-7.142773e-02	3.900001e+00
7.043333e+01	-7.142777e-02	3.900000e+00
7.046667e+01	-7.142787e-02	3.900000e+00
7.050000e+01	-7.142794e-02	3.900000e+00
7.053333e+01	-7.142792e-02	3.900000e+00
7.056667e+01	-7.142788e-02	3.900000e+00
7.060000e+01	-7.142785e-02	3.900000e+00
7.063333e+01	-7.142785e-02	3.900000e+00
7.066667e+01	-7.142787e-02	3.900000e+00
7.070000e+01	-7.142789e-02	3.900000e+00
7.073333e+01	-7.142788e-02	3.900000e+00
7.076667e+01	-7.142788e-02	3.900000e+00
7.080000e+01	-7.142787e-02	3.900000e+00
7.083333e+01	-7.142787e-02	3.900000e+00
7.086667e+01	-7.142787e-02	3.900000e+00
7.090000e+01	-7.142788e-02	3.900000e+00
7.093333e+01	-7.142788e-02	3.900000e+00
7.096667e+01	-7.142788e-02	3.900000e+00
71	-7.142787e-02	3.900000e+00
7.103333e+01	-7.142787e-02	3.900000e+00
7.106667e+01	-7.142787e-02	3.900000e+00
7.110000e+01	-7.142787e-02	3.900000e+00
7.113333e+01	-7.146675e-02	3.899837e+00
7.116667e+01	-7.176391e-02	3.898589e+00
7.120000e+01	-7.277411e-02	3.894346e+00
7.123333e+01	-7.477295e-02	3.885951e+00
7.126667e+01	-7.719353e-02	3.875784e+00
7.130000e+01	-7.859395e-02	3.869902e+00
7.133333e+01	-7.770299e-02	3.873645e+00
7.136667e+01	-7.475430e-02	3.886029e+00
7.140000e+01	-7.155409e-02	3.899470e+00
7.143333e+01	-6.991775e-02	3.906343e+00
7.146667e+01	-7.017340e-02	3.905269e+00
7.150000e+01	-7.126814e-02	3.900671e+00
7.153333e+01	-7.225432e-02	3.896529e+00
7.156667e+01	-7.389767e-02	3.889627e+00
7.160000e+01	-7.834044e-02	3.870967e+00
7.163333e+01	-8.611641e-02	3.838308e+00
7.166667e+01	-9.424682e-02	3.804161e+00
7.170000e+01	-9.876021e-02	3.785204e+00
7.173333e+01	-9.856613e-02	3.786019e+00
7.176667e+01	-9.596290e-02	3.796953e+00
7.180000e+01	-9.396400e-02	3.805348e+00
7.183333e+01	-9.383393e-02	3.805895e+00
7.186667e+01	-9.486382e-02	3.801569e+00
7.190000e+01	-9.574864e-02	3.797853e+00
7.193333e+01	-9.585400e-02	3.797410e+00
7.196667e+01	-9.542782e-02	3.799200e+00
72	-9.503145e-02	3.800865e+00
7.203333e+01	-9.496508e-02	3.801144e+00
7.206667e+01	-9.514165e-02	3.800402e+00
7.210000e+01	-9.531923e-02	3.799656e+00
7.213333e+01	-9.535729e-02	3.799497e+00
7.216667e+01	-9.528470e-02	3.799801e+00
7.220000e+01	-9.520546e-02	3.800134e+00
7.223333e+01	-9.518489e-02	3.800221e+00
7.226667e+01	-9.521444e-02	3.800097e+00
7.230000e+01	-9.524964e-02	3.799949e+00
7.233333e+01	-9.526034e-02	3.799904e+00
7.236667e+01	-9.524843e-02	3.799954e+00
7.240000e+01	-9.523287e-02	3.800019e+00
7.243333e+01	-9.522746e-02	3.800042e+00
7.246667e+01	-9.523219e-02	3.800022e+00
7.250000e+01	-9.523905e-02	3.799993e+00
7.253333e+01	-9.524172e-02	3.799982e+00
7.256667e+01	-9.523987e-02	3.799990e+00
7.260000e+01	-9.523687e-02	3.800002e+00
7.263333e+01	-9.523556e-02	3.800008e+00
7.266667e+01	-9.523627e-02	3.800005e+00
7.270000e+01	-9.523758e-02	3.799999e+00
7.273333e+01	-9.523821e-02	3.799997e+00
7.276667e+01	-9.523794e-02	3.799998e+00
7.280000e+01	-9.523737e-02	3.800000e+00
7.283333e+01	-9.523708e-02	3.800001e+00
7.286667e+01	-9.523717e-02	3.800001e+00
7.290000e+01	-9.523742e-02	3.800000e+00
7.293333e+01	-9.523756e-02	3.799999e+00
7.296667e+01	-9.523753e-02	3.800000e+00
73	-9.523742e-02	3.800000e+00
7.303333e+01	-9.523736e-02	3.800000e+00
7.306667e+01	-9.523737e-02	3.800000e+00
7.310000e+01	-9.523741e-02	3.800000e+00
7.313333e+01	-9.523744e-02	3.800000e+00
7.316667e+01	-9.523744e-02	3.800000e+00
7.320000e+01	-9.523742e-02	3.800000e+00
7.323333e+01	-9.523741e-02	3.800000e+00
7.326667e+01	-9.523741e-02	3.800000e+00
7.330000e+01	-9.549008e-02	3.798939e+00
7.333333e+01	-9.716900e-02	3.791887e+00
7.336667e+01	-1.020563e-01	3.771361e+00
7.340000e+01	-1.101615e-01	3.737319e+00
7.343333e+01	-1.182954e-01	3.703156e+00
7.346667e+01	-1.226221e-01	3.684985e+00
7.350000e+01	-1.222788e-01	3.686426e+00
7.353333e+01	-1.196659e-01	3.697401e+00
7.356667e+01	-1.177454e-01	3.705466e+00
7.360000e+01	-1.176829e-01	3.705729e+00
7.363333e+01	-1.187207e-01	3.701370e+00
7.366667e+01	-1.195727e-01	3.697792e+00
7.370000e+01	-1.193950e-01	3.698538e+00
7.373333e+01	-1.172849e-01	3.707401e+00
7.376667e+01	-1.120147e-01	3.729535e+00
7.380000e+01	-1.038569e-01	3.763798e+00
7.383333e+01	-9.590237e-02	3.797207e+00
7.386667e+01	-9.174775e-02	3.814657e+00
7.390000e+01	-9.212296e-02	3.813081e+00
7.393333e+01	-9.466176e-02	3.802418e+00
7.396667e+01	-9.650522e-02	3.794675e+00
74	-9.654990e-02	3.794488e+00
7.403333e+01	-9.554247e-02	3.798719e+00
7.406667e+01	-9.472470e-02	3.802153e+00
7.410000e+01	-9.465925e-02	3.802428e+00
7.413333e+01	-9.507818e-02	3.800669e+00
7.416667e+01	-9.544577e-02	3.799125e+00
7.420000e+01	-9.549363e-02	3.798924e+00
7.423333e+01	-9.531908e-02	3.799657e+00
7.426667e+01	-9.515379e-02	3.800351e+00
7.430000e+01	-9.512427e-02	3.800475e+00
7.433333e+01	-9.519647e-02	3.800172e+00
7.436667e+01	-9.527050e-02	3.799861e+00
7.440000e+01	-9.528717e-02	3.799791e+00
7.443333e+01	-9.525755e-02	3.799915e+00
7.446667e+01	-9.497189e-02	3.801115e+00
7.450000e+01	-9.328405e-02	3.808204e+00
7.453333e+01	-8.840875e-02	3.828680e+00
7.456667e+01	-8.031825e-02	3.862660e+00
7.460000e+01	-7.218888e-02	3.896804e+00
7.463333e+01	-6.811009e-02	3.913935e+00
7.466667e+01	-7.012579e-02	3.905469e+00
7.470000e+01	-7.762377e-02	3.873977e+00
7.473333e+01	-8.765125e-02	3.831862e+00
7.476667e+01	-9.585062e-02	3.797425e+00
7.480000e+01	-9.914058e-02	3.783607e+00
7.483333e+01	-9.794454e-02	3.788630e+00
7.486667e+01	-9.525538e-02	3.799925e+00
7.490000e+01	-9.376565e-02	3.806181e+00
7.493333e+01	-9.408617e-02	3.804835e+00
7.496667e+01	-9.517725e-02	3.800253e+00
75	-9.585008e-02	3.797427e+00
7.503333e+01	-9.575292e-02	3.797835e+00
7.506667e+01	-9.528948e-02	3.799781e+00
7.510000e+01	-9.498072e-02	3.801078e+00
7.513333e+01	-9.500499e-02	3.800976e+00
7.516667e+01	-9.520245e-02	3.800147e+00
7.520000e+01	-9.534414e-02	3.799552e+00
7.523333e+01	-9.534181e-02	3.799562e+00
7.526667e+01	-9.525810e-02	3.799913e+00
7.530000e+01	-9.519342e-02	3.800185e+00
7.533333e+01	-9.519076e-02	3.800196e+00
7.536667e+01	-9.520497e-02	3.800136e+00
7.540000e+01	-9.507337e-02	3.800689e+00
7.543333e+01	-9.450791e-02	3.803064e+00
7.546667e+01	-9.324947e-02	3.808349e+00
7.550000e+01	-9.131471e-02	3.816475e+00
7.553333e+01	-8.903073e-02	3.826068e+00
7.556667e+01	-8.678342e-02	3.835507e+00
7.560000e+01	-8.475367e-02	3.844032e+00
7.563333e+01	-8.287916e-02	3.851905e+00
7.566667e+01	-8.100617e-02	3.859771e+00
7.570000e+01	-7.904656e-02	3.868002e+00
7.573333e+01	-7.701798e-02	3.876522e+00
7.576667e+01	-7.500588e-02	3.884972e+00
7.580000e+01	-7.316978e-02	3.892684e+00
7.583333e+01	-7.177201e-02	3.898555e+00
7.586667e+01	-7.105330e-02	3.901573e+00
7.590000e+01	-7.099737e-02	3.901808e+00
7.593333e+01	-7.128800e-02	3.900587e+00
7.596667e+01	-7.154770e-02	3.899497e+00
76	-7.159591e-02	3.899294e+00
7.603333e+01	-7.149034e-02	3.899738e+00
7.606667e+01	-7.138090e-02	3.900197e+00
7.610000e+01	-7.135538e-02	3.900304e+00
7.613333e+01	-7.139806e-02	3.900125e+00
7.616667e+01	-7.144627e-02	3.899923e+00
7.620000e+01	-7.145958e-02	3.899867e+00
7.623333e+01	-7.169491e-02	3.898878e+00
7.626667e+01	-7.335246e-02	3.891917e+00
7.630000e+01	-7.823297e-02	3.871419e+00
7.633333e+01	-8.634508e-02	3.837348e+00
7.636667e+01	-9.448848e-02	3.803146e+00
7.640000e+01	-9.881852e-02	3.784959e+00
7.643333e+01	-9.845147e-02	3.786501e+00
7.646667e+01	-9.567340e-02	3.798169e+00
7.650000e+01	-9.318304e-02	3.808628e+00
7.653333e+01	-9.187789e-02	3.814110e+00
7.656667e+01	-9.099600e-02	3.817814e+00
7.660000e+01	-8.956682e-02	3.823817e+00
7.663333e+01	-8.738791e-02	3.832968e+00
7.666667e+01	-8.492017e-02	3.843332e+00
7.670000e+01	-8.266132e-02	3.852820e+00
7.673333e+01	-8.073828e-02	3.860896e+00
7.676667e+01	-7.896117e-02	3.868360e+00
7.680000e+01	-7.710541e-02	3.876154e+00
7.683333e+01	-7.512419e-02	3.884475e+00
7.686667e+01	-7.321259e-02	3.892504e+00
7.690000e+01	-7.173743e-02	3.898700e+00
7.693333e+01	-7.100129e-02	3.901792e+00
7.696667e+01	-7.072365e-02	3.902958e+00
77	-6.936986e-02	3.908644e+00
7.703333e+01	-6.475156e-02	3.928041e+00
7.706667e+01	-5.668204e-02	3.961932e+00
7.710000e+01	-4.842720e-02	3.996603e+00
7.713333e+01	-4.398633e-02	4.015254e+00
7.716667e+01	-4.430910e-02	4.013899e+00
7.720000e+01	-4.697150e-02	4.002717e+00
7.723333e+01	-4.894255e-02	3.994438e+00
7.726667e+01	-4.926909e-02	3.993067e+00
7.730000e+01	-4.988989e-02	3.990459e+00
7.733333e+01	-5.390262e-02	3.973606e+00
7.736667e+01	-6.192676e-02	3.939905e+00
7.740000e+01	-7.050024e-02	3.903896e+00
7.743333e+01	-7.521966e-02	3.884075e+00
7.746667e+01	-7.493228e-02	3.885282e+00
7.750000e+01	-7.213651e-02	3.897024e+00
7.753333e+01	-7.003966e-02	3.905830e+00
7.756667e+01	-6.994357e-02	3.906234e+00
7.760000e+01	-7.105685e-02	3.901558e+00
7.763333e+01	-7.198782e-02	3.897648e+00
7.766667e+01	-7.208141e-02	3.897255e+00
7.770000e+01	-7.161928e-02	3.899196e+00
7.773333e+01	-7.120135e-02	3.900951e+00
7.776667e+01	-7.113874e-02	3.901214e+00
7.780000e+01	-7.133074e-02	3.900408e+00
7.783333e+01	-7.151831e-02	3.899620e+00
7.786667e+01	-7.155534e-02	3.899465e+00
7.790000e+01	-7.147617e-02	3.899797e+00
7.793333e+01	-7.139233e-02	3.900149e+00
7.796667e+01	-7.137193e-02	3.900235e+00
78	-7.140428e-02	3.900099e+00
7.803333e+01	-7.144158e-02	3.899942e+00
7.806667e+01	-7.145232e-02	3.899897e+00
7.810000e+01	-7.143924e-02	3.899952e+00
7.813333e+01	-7.142272e-02	3.900022e+00
7.816667e+01	-7.141724e-02	3.900045e+00
7.820000e+01	-7.142246e-02	3.900023e+00
7.823333e+01	-7.142975e-02	3.899992e+00
7.826667e+01	-7.143248e-02	3.899981e+00
7.830000e+01	-7.143042e-02	3.899989e+00
7.833333e+01	-7.142722e-02	3.900003e+00
7.836667e+01	-7.142589e-02	3.900008e+00
7.840000e+01	-7.142668e-02	3.900005e+00
7.843333e+01	-7.142808e-02	3.899999e+00
7.846667e+01	-7.142873e-02	3.899996e+00
7.850000e+01	-7.142843e-02	3.899998e+00
7.853333e+01	-7.142782e-02	3.900000e+00
7.856667e+01	-7.142751e-02	3.900002e+00
7.860000e+01	-7.142762e-02	3.900001e+00
7.863333e+01	-7.142788e-02	3.900000e+00
7.866667e+01	-7.142803e-02	3.899999e+00
7.870000e+01	-7.142799e-02	3.900000e+00
7.873333e+01	-7.142788e-02	3.900000e+00
7.876667e+01	-7.142781e-02	3.900000e+00
7.880000e+01	-7.142782e-02	3.900000e+00
7.883333e+01	-7.146397e-02	3.899848e+00
7.886667e+01	-7.173994e-02	3.898689e+00
7.890000e+01	-7.271407e-02	3.894598e+00
7.893333e+01	-7.484605e-02	3.885644e+00
7.896667e+01	-7.814004e-02	3.871809e+00
79	-8.205214e-02	3.855378e+00
7.903333e+01	-8.591520e-02	3.839153e+00
7.906667e+01	-8.940499e-02	3.824496e+00
7.910000e+01	-9.262042e-02	3.810991e+00
7.913333e+01	-9.582691e-02	3.797524e+00
7.916667e+01	-9.918166e-02	3.783434e+00
7.920000e+01	-1.026581e-01	3.768833e+00
7.923333e+01	-1.061453e-01	3.754187e+00
7.926667e+01	-1.095348e-01	3.739951e+00
7.930000e+01	-1.126658e-01	3.726801e+00
7.933333e+01	-1.152949e-01	3.715759e+00
7.936667e+01	-1.172501e-01	3.707547e+00
7.940000e+01	-1.185275e-01	3.702182e+00
7.943333e+01	-1.191956e-01	3.699376e+00
7.946667e+01	-1.193582e-01	3.698693e+00
7.950000e+01	-1.192159e-01	3.699291e+00
7.953333e+01	-1.190212e-01	3.700108e+00
7.956667e+01	-1.189387e-01	3.700455e+00
7.960000e+01	-1.189782e-01	3.700289e+00
7.963333e+01	-1.190546e-01	3.699968e+00
7.966667e+01	-1.191114e-01	3.699729e+00
7.970000e+01	-1.192457e-01	3.699165e+00
7.973333e+01	-1.197377e-01	3.697099e+00
7.976667e+01	-1.208684e-01	3.692350e+00
7.980000e+01	-1.226471e-01	3.684879e+00
7.983333e+01	-1.247677e-01	3.675973e+00
7.986667e+01	-1.268559e-01	3.667202e+00
7.990000e+01	-1.287333e-01	3.659317e+00
7.993333e+01	-1.304587e-01	3.652071e+00
7.996667e+01	-1.321815e-01	3.644835e+00
80	-1.339884e-01	3.637246e+00
8.003333e+01	-1.358629e-01	3.629373e+00
8.006667e+01	-1.377230e-01	3.621561e+00
8.010000e+01	-1.394382e-01	3.614357e+00
8.013333e+01	-1.408568e-01	3.608399e+00
8.016667e+01	-1.416424e-01	3.605099e+00
8.020000e+01	-1.406381e-01	3.609317e+00
8.023333e+01	-1.363611e-01	3.627281e+00
8.026667e+01	-1.300285e-01	3.653878e+00
8.030000e+01	-1.267112e-01	3.667810e+00
8.033333e+01	-1.303861e-01	3.652376e+00
8.036667e+01	-1.388163e-01	3.616969e+00
8.040000e+01	-1.457746e-01	3.587744e+00
8.043333e+01	-1.473922e-01	3.580950e+00
8.046667e+01	-1.448629e-01	3.591573e+00
8.050000e+01	-1.418982e-01	3.604025e+00
8.053333e+01	-1.409665e-01	3.607938e+00
8.056667e+01	-1.419195e-01	3.603935e+00
8.060000e+01	-1.432051e-01	3.598536e+00
8.063333e+01	-1.436702e-01	3.596583e+00
8.066667e+01	-1.432962e-01	3.598153e+00
8.070000e+01	-1.427333e-01	3.600518e+00
8.073333e+01	-1.425054e-01	3.601475e+00
8.076667e+01	-1.426508e-01	3.600864e+00
8.080000e+01	-1.428971e-01	3.599829e+00
8.083333e+01	-1.430074e-01	3.599366e+00
8.086667e+01	-1.429521e-01	3.599599e+00
8.090000e+01	-1.428447e-01	3.600050e+00
8.093333e+01	-1.427920e-01	3.600271e+00
8.096667e+01	-1.428124e-01	3.600185e+00
81	-1.428590e-01	3.599990e+00
8.103333e+01	-1.428839e-01	3.599885e+00
8.106667e+01	-1.428767e-01	3.599915e+00
8.110000e+01	-1.428566e-01	3.600000e+00
8.113333e+01	-1.428449e-01	3.600049e+00
8.116667e+01	-1.428473e-01	3.600039e+00
8.120000e+01	-1.428559e-01	3.600002e+00
8.123333e+01	-1.428614e-01	3.599980e+00
8.126667e+01	-1.428607e-01	3.599982e+00
8.130000e+01	-1.428570e-01	3.599998e+00
8.133333e+01	-1.428545e-01	3.600009e+00
8.136667e+01	-1.428546e-01	3.600008e+00
8.140000e+01	-1.428562e-01	3.600001e+00
8.143333e+01	-1.428573e-01	3.599996e+00
8.146667e+01	-1.428573e-01	3.599996e+00
8.150000e+01	-1.428567e-01	3.599999e+00
8.153333e+01	-1.426035e-01	3.601063e+00
8.156667e+01	-1.409245e-01	3.608114e+00
8.160000e+01	-1.360375e-01	3.628640e+00
8.163333e+01	-1.279326e-01	3.662680e+00
8.166667e+01	-1.197986e-01	3.696843e+00
0	0	0
0	0	0
0	0	0
