0	7.922185e-04	4.499944e+00
3.333333e-02	7.869630e-04	4.499920e+00
6.666667e-02	7.980150e-04	4.499970e+00
1.000000e-01	8.095983e-04	4.500022e+00
1.333333e-01	8.123689e-04	4.500034e+00
1.666667e-01	8.079041e-04	4.500014e+00
2.000000e-01	8.028029e-04	4.499991e+00
2.333333e-01	8.013637e-04	4.499985e+00
2.666667e-01	8.031750e-04	4.499993e+00
3.000000e-01	8.054342e-04	4.500003e+00
3.333333e-01	8.061692e-04	4.500007e+00
3.666667e-01	5.694336e-04	4.498942e+00
4.000000e-01	-9.998147e-04	4.491886e+00
4.333333e-01	-5.329352e-03	4.472419e+00
4.666667e-01	-1.133169e-02	4.445430e+00
5.000000e-01	-1.435362e-02	4.431842e+00
5.333333e-01	-1.074554e-02	4.448066e+00
5.666667e-01	-2.550297e-03	4.484915e+00
6.000000e-01	4.537763e-03	4.516785e+00
6.333333e-01	6.947339e-03	4.527620e+00
6.666667e-01	5.677242e-03	4.521909e+00
7.000000e-01	4.012306e-03	4.514423e+00
7.333333e-01	4.150126e-03	4.515042e+00
7.666667e-01	5.963599e-03	4.523196e+00
8.000000e-01	8.073833e-03	4.532685e+00
8.333333e-01	9.455091e-03	4.538895e+00
8.666667e-01	1.008985e-02	4.541750e+00
9.000000e-01	1.055601e-02	4.543846e+00
9.333333e-01	1.131994e-02	4.547280e+00
9.666667e-01	1.241603e-02	4.552209e+00
1	1.360212e-02	4.557542e+00
1.033333e+00	1.466732e-02	4.562332e+00
1.066667e+00	1.558517e-02	4.566459e+00
1.100000e+00	1.645664e-02	4.570377e+00
1.133333e+00	1.737663e-02	4.574514e+00
1.166667e+00	1.836172e-02	4.578943e+00
1.200000e+00	1.937012e-02	4.583477e+00
1.233333e+00	2.035929e-02	4.587925e+00
1.266667e+00	2.154559e-02	4.593259e+00
1.300000e+00	2.398446e-02	4.604225e+00
1.333333e+00	2.922926e-02	4.627808e+00
1.366667e+00	3.716312e-02	4.663481e+00
1.400000e+00	4.479914e-02	4.697816e+00
1.433333e+00	4.870022e-02	4.715356e+00
1.466667e+00	4.824772e-02	4.713322e+00
1.500000e+00	4.577857e-02	4.702220e+00
1.533333e+00	4.403535e-02	4.694381e+00
1.566667e+00	4.403246e-02	4.694368e+00
1.600000e+00	4.501651e-02	4.698793e+00
1.633333e+00	4.579207e-02	4.702280e+00
1.666667e+00	4.583768e-02	4.702485e+00
1.700000e+00	4.542738e-02	4.700641e+00
1.733333e+00	4.507802e-02	4.699070e+00
1.766667e+00	4.503954e-02	4.698897e+00
1.800000e+00	4.521096e-02	4.699667e+00
1.833333e+00	4.536836e-02	4.700375e+00
1.866667e+00	4.539348e-02	4.700488e+00
1.900000e+00	4.532234e-02	4.700168e+00
1.933333e+00	4.525172e-02	4.699851e+00
1.966667e+00	4.523711e-02	4.699785e+00
2	4.526638e-02	4.699917e+00
2.033333e+00	4.529792e-02	4.700058e+00
2.066667e+00	4.530589e-02	4.700094e+00
2.100000e+00	4.529395e-02	4.700041e+00
2.133333e+00	4.527993e-02	4.699978e+00
2.166667e+00	4.527577e-02	4.699959e+00
2.200000e+00	4.528058e-02	4.699980e+00
2.233333e+00	4.528679e-02	4.700008e+00
2.266667e+00	4.528890e-02	4.700018e+00
2.300000e+00	4.528698e-02	4.700009e+00
2.333333e+00	4.528425e-02	4.699997e+00
2.366667e+00	4.528320e-02	4.699992e+00
2.400000e+00	4.528395e-02	4.699996e+00
2.433333e+00	4.528515e-02	4.700001e+00
2.466667e+00	4.528566e-02	4.700003e+00
2.500000e+00	4.528537e-02	4.700002e+00
2.533333e+00	4.528485e-02	4.700000e+00
2.566667e+00	4.528460e-02	4.699999e+00
2.600000e+00	4.528471e-02	4.699999e+00
2.633333e+00	4.528494e-02	4.700000e+00
2.666667e+00	4.528506e-02	4.700001e+00
2.700000e+00	4.528502e-02	4.700000e+00
2.733333e+00	4.529366e-02	4.700039e+00
2.766667e+00	4.536043e-02	4.700340e+00
2.800000e+00	4.559635e-02	4.701400e+00
2.833333e+00	4.611270e-02	4.703722e+00
2.866667e+00	4.691043e-02	4.707309e+00
2.900000e+00	4.785782e-02	4.711569e+00
2.933333e+00	4.879332e-02	4.715775e+00
2.966667e+00	4.963842e-02	4.719575e+00
3	5.041711e-02	4.723076e+00
3.033333e+00	5.119363e-02	4.726568e+00
3.066667e+00	5.200606e-02	4.730221e+00
3.100000e+00	5.284795e-02	4.734006e+00
3.133333e+00	5.369244e-02	4.737803e+00
3.166667e+00	5.452201e-02	4.741533e+00
3.200000e+00	5.533834e-02	4.745204e+00
3.233333e+00	5.615284e-02	4.748866e+00
3.266667e+00	5.697356e-02	4.752557e+00
3.300000e+00	5.780022e-02	4.756274e+00
3.333333e+00	5.862799e-02	4.759996e+00
3.366667e+00	5.945319e-02	4.763706e+00
3.400000e+00	6.027573e-02	4.767404e+00
3.433333e+00	6.109766e-02	4.771100e+00
3.466667e+00	6.192063e-02	4.774800e+00
3.500000e+00	6.274479e-02	4.778506e+00
3.533333e+00	6.356928e-02	4.782213e+00
3.566667e+00	6.439334e-02	4.785919e+00
3.600000e+00	6.521688e-02	4.789622e+00
3.633333e+00	6.603150e-02	4.793285e+00
3.666667e+00	6.678822e-02	4.796687e+00
3.700000e+00	6.737608e-02	4.799330e+00
3.733333e+00	6.768363e-02	4.800713e+00
3.766667e+00	6.770971e-02	4.800830e+00
3.800000e+00	6.734999e-02	4.799213e+00
3.833333e+00	6.566987e-02	4.791659e+00
3.866667e+00	6.108324e-02	4.771035e+00
3.900000e+00	5.355739e-02	4.737196e+00
3.933333e+00	4.601606e-02	4.703287e+00
3.966667e+00	4.205669e-02	4.685485e+00
4	4.260890e-02	4.687968e+00
4.033333e+00	4.557551e-02	4.701307e+00
4.066667e+00	4.820811e-02	4.713144e+00
4.100000e+00	4.927704e-02	4.717950e+00
4.133333e+00	4.930740e-02	4.718087e+00
4.166667e+00	4.940934e-02	4.718545e+00
4.200000e+00	5.016086e-02	4.721924e+00
4.233333e+00	5.138181e-02	4.727414e+00
4.266667e+00	5.259808e-02	4.732883e+00
4.300000e+00	5.353993e-02	4.737118e+00
4.333333e+00	5.426823e-02	4.740392e+00
4.366667e+00	5.498667e-02	4.743623e+00
4.400000e+00	5.582070e-02	4.747373e+00
4.433333e+00	5.675161e-02	4.751559e+00
4.466667e+00	5.769214e-02	4.755788e+00
4.500000e+00	5.858430e-02	4.759799e+00
4.533333e+00	5.943273e-02	4.763614e+00
4.566667e+00	6.027462e-02	4.767399e+00
4.600000e+00	6.113661e-02	4.771275e+00
4.633333e+00	6.201823e-02	4.775239e+00
4.666667e+00	6.290374e-02	4.779221e+00
4.700000e+00	6.378096e-02	4.783165e+00
4.733333e+00	6.464940e-02	4.787070e+00
4.766667e+00	6.551570e-02	4.790965e+00
4.800000e+00	6.638539e-02	4.794876e+00
4.833333e+00	6.725899e-02	4.798804e+00
4.866667e+00	6.813371e-02	4.802737e+00
4.900000e+00	6.900706e-02	4.806664e+00
4.933333e+00	6.987868e-02	4.810583e+00
4.966667e+00	7.074973e-02	4.814499e+00
5	7.162132e-02	4.818419e+00
5.033333e+00	7.249368e-02	4.822341e+00
5.066667e+00	7.336632e-02	4.826265e+00
5.100000e+00	7.423875e-02	4.830187e+00
5.133333e+00	7.511084e-02	4.834109e+00
5.166667e+00	7.598280e-02	4.838029e+00
5.200000e+00	7.685483e-02	4.841950e+00
5.233333e+00	7.772702e-02	4.845872e+00
5.266667e+00	7.859927e-02	4.849794e+00
5.300000e+00	7.947149e-02	4.853716e+00
5.333333e+00	8.034364e-02	4.857637e+00
5.366667e+00	8.121576e-02	4.861559e+00
5.400000e+00	8.208790e-02	4.865480e+00
5.433333e+00	8.296006e-02	4.869402e+00
5.466667e+00	8.383224e-02	4.873323e+00
5.500000e+00	8.470441e-02	4.877245e+00
5.533333e+00	8.557657e-02	4.881167e+00
5.566667e+00	8.644873e-02	4.885088e+00
5.600000e+00	8.731163e-02	4.888968e+00
5.633333e+00	8.811303e-02	4.892572e+00
5.666667e+00	8.850866e-02	4.894350e+00
5.700000e+00	8.732739e-02	4.889039e+00
5.733333e+00	8.296877e-02	4.869441e+00
5.766667e+00	7.556382e-02	4.836146e+00
5.800000e+00	6.814558e-02	4.802790e+00
5.833333e+00	6.447598e-02	4.786290e+00
5.866667e+00	6.639995e-02	4.794941e+00
5.900000e+00	7.336011e-02	4.826237e+00
5.933333e+00	8.266643e-02	4.868082e+00
5.966667e+00	9.028297e-02	4.902328e+00
6	9.323222e-02	4.915589e+00
6.033333e+00	9.165076e-02	4.908479e+00
6.066667e+00	8.807825e-02	4.892415e+00
6.100000e+00	8.502440e-02	4.878684e+00
6.133333e+00	8.334502e-02	4.871133e+00
6.166667e+00	8.241562e-02	4.866954e+00
6.200000e+00	8.129088e-02	4.861897e+00
6.233333e+00	7.958768e-02	4.854238e+00
6.266667e+00	7.754464e-02	4.845052e+00
6.300000e+00	7.556819e-02	4.836165e+00
6.333333e+00	7.384023e-02	4.828396e+00
6.366667e+00	7.226951e-02	4.821333e+00
6.400000e+00	7.069728e-02	4.814264e+00
6.433333e+00	6.913934e-02	4.807259e+00
6.466667e+00	6.786002e-02	4.801506e+00
6.500000e+00	6.716731e-02	4.798392e+00
6.533333e+00	6.710430e-02	4.798108e+00
6.566667e+00	6.738543e-02	4.799372e+00
6.600000e+00	6.764198e-02	4.800526e+00
6.633333e+00	6.769164e-02	4.800749e+00
6.666667e+00	6.758815e-02	4.800284e+00
6.700000e+00	6.747928e-02	4.799794e+00
6.733333e+00	6.745303e-02	4.799676e+00
6.766667e+00	6.749487e-02	4.799864e+00
6.800000e+00	6.754285e-02	4.800080e+00
6.833333e+00	6.755649e-02	4.800141e+00
6.866667e+00	6.753953e-02	4.800065e+00
6.900000e+00	6.751828e-02	4.799970e+00
6.933333e+00	6.751132e-02	4.799938e+00
6.966667e+00	6.751811e-02	4.799969e+00
7	6.752749e-02	4.800011e+00
7.033333e+00	6.753096e-02	4.800027e+00
7.066667e+00	6.752829e-02	4.800015e+00
7.100000e+00	6.752417e-02	4.799996e+00
7.133333e+00	6.772217e-02	4.800886e+00
7.166667e+00	6.905018e-02	4.806858e+00
7.200000e+00	7.291483e-02	4.824235e+00
7.233333e+00	7.930363e-02	4.852961e+00
7.266667e+00	8.559336e-02	4.881242e+00
7.300000e+00	8.852229e-02	4.894412e+00
7.333333e+00	8.717827e-02	4.888368e+00
7.366667e+00	8.345641e-02	4.871634e+00
7.400000e+00	7.997123e-02	4.855963e+00
7.433333e+00	7.797897e-02	4.847005e+00
7.466667e+00	7.704393e-02	4.842801e+00
7.500000e+00	7.609997e-02	4.838556e+00
7.533333e+00	7.456451e-02	4.831652e+00
7.566667e+00	7.267514e-02	4.823157e+00
7.600000e+00	7.109590e-02	4.816056e+00
7.633333e+00	7.046987e-02	4.813241e+00
7.666667e+00	7.164200e-02	4.818511e+00
7.700000e+00	7.568176e-02	4.836676e+00
7.733333e+00	8.236240e-02	4.866715e+00
7.766667e+00	8.905696e-02	4.896816e+00
7.800000e+00	9.265169e-02	4.912979e+00
7.833333e+00	9.242292e-02	4.911950e+00
7.866667e+00	9.030538e-02	4.902429e+00
7.900000e+00	8.872132e-02	4.895307e+00
7.933333e+00	8.864719e-02	4.894973e+00
7.966667e+00	8.948476e-02	4.898739e+00
8	9.018576e-02	4.901891e+00
8.033333e+00	9.025678e-02	4.902211e+00
8.066667e+00	8.990940e-02	4.900649e+00
8.100000e+00	8.959493e-02	4.899235e+00
8.133333e+00	8.954764e-02	4.899022e+00
8.166667e+00	8.969196e-02	4.899671e+00
8.200000e+00	8.983308e-02	4.900306e+00
8.233333e+00	8.986101e-02	4.900431e+00
8.266667e+00	8.980151e-02	4.900164e+00
8.300000e+00	8.973843e-02	4.899880e+00
8.333333e+00	8.972305e-02	4.899811e+00
8.366667e+00	8.974736e-02	4.899920e+00
8.400000e+00	8.977543e-02	4.900046e+00
8.433333e+00	8.978352e-02	4.900083e+00
8.466667e+00	8.977369e-02	4.900038e+00
8.500000e+00	8.976126e-02	4.899983e+00
8.533333e+00	8.975713e-02	4.899964e+00
8.566667e+00	8.976106e-02	4.899982e+00
8.600000e+00	8.976654e-02	4.900006e+00
8.633333e+00	8.976859e-02	4.900016e+00
8.666667e+00	8.976705e-02	4.900009e+00
8.700000e+00	8.976464e-02	4.899998e+00
8.733333e+00	8.976364e-02	4.899993e+00
8.766667e+00	8.976423e-02	4.899996e+00
8.800000e+00	8.976529e-02	4.900001e+00
8.833333e+00	8.976577e-02	4.900003e+00
8.866667e+00	8.976555e-02	4.900002e+00
8.900000e+00	8.976509e-02	4.900000e+00
8.933333e+00	8.976486e-02	4.899999e+00
8.966667e+00	8.976494e-02	4.899999e+00
9	8.976514e-02	4.900000e+00
9.033333e+00	8.976525e-02	4.900001e+00
9.066667e+00	8.976522e-02	4.900000e+00
9.100000e+00	8.976513e-02	4.900000e+00
9.133333e+00	8.976508e-02	4.900000e+00
9.166667e+00	8.976509e-02	4.900000e+00
9.200000e+00	8.976513e-02	4.900000e+00
9.233333e+00	8.976515e-02	4.900000e+00
9.266667e+00	8.976515e-02	4.900000e+00
9.300000e+00	8.976513e-02	4.900000e+00
9.333333e+00	8.976512e-02	4.900000e+00
9.366667e+00	8.976512e-02	4.900000e+00
9.400000e+00	8.976513e-02	4.900000e+00
9.433333e+00	8.976513e-02	4.900000e+00
9.466667e+00	8.976513e-02	4.900000e+00
9.500000e+00	8.976513e-02	4.900000e+00
9.533333e+00	8.976513e-02	4.900000e+00
9.566667e+00	8.976513e-02	4.900000e+00
9.600000e+00	8.976513e-02	4.900000e+00
9.633333e+00	8.976513e-02	4.900000e+00
9.666667e+00	8.976513e-02	4.900000e+00
9.700000e+00	8.976513e-02	4.900000e+00
9.733333e+00	8.976513e-02	4.900000e+00
9.766667e+00	8.976513e-02	4.900000e+00
9.800000e+00	8.952912e-02	4.898939e+00
9.833333e+00	8.796087e-02	4.891887e+00
9.866667e+00	8.339569e-02	4.871361e+00
9.900000e+00	7.582481e-02	4.837319e+00
9.933333e+00	6.799099e-02	4.802095e+00
9.966667e+00	6.238131e-02	4.776872e+00
10	5.813675e-02	4.757787e+00
1.003333e+01	5.300659e-02	4.734720e+00
1.006667e+01	4.720262e-02	4.708623e+00
1.010000e+01	4.321963e-02	4.690714e+00
1.013333e+01	4.257085e-02	4.687797e+00
1.016667e+01	4.421569e-02	4.695192e+00
1.020000e+01	4.593952e-02	4.702943e+00
1.023333e+01	4.640077e-02	4.705017e+00
1.026667e+01	4.578893e-02	4.702266e+00
1.030000e+01	4.504230e-02	4.698909e+00
1.033333e+01	4.480464e-02	4.697840e+00
1.036667e+01	4.504679e-02	4.698929e+00
1.040000e+01	4.537449e-02	4.700403e+00
1.043333e+01	4.549302e-02	4.700936e+00
1.046667e+01	4.539727e-02	4.700505e+00
1.050000e+01	4.548931e-02	4.700919e+00
1.053333e+01	4.699933e-02	4.707709e+00
1.056667e+01	5.160175e-02	4.728403e+00
1.060000e+01	5.923566e-02	4.762728e+00
1.063333e+01	6.686166e-02	4.797017e+00
1.066667e+01	7.088892e-02	4.815125e+00
1.070000e+01	7.044643e-02	4.813136e+00
1.073333e+01	6.727052e-02	4.798856e+00
1.076667e+01	6.293414e-02	4.779358e+00
1.080000e+01	5.731150e-02	4.754076e+00
1.083333e+01	4.967202e-02	4.719726e+00
1.086667e+01	4.023423e-02	4.677290e+00
1.090000e+01	3.019551e-02	4.632152e+00
1.093333e+01	2.066242e-02	4.589288e+00
1.096667e+01	1.189572e-02	4.549869e+00
11	3.462300e-03	4.511950e+00
1.103333e+01	-5.142793e-03	4.473258e+00
1.106667e+01	-1.407480e-02	4.433096e+00
1.110000e+01	-2.316638e-02	4.392217e+00
1.113333e+01	-3.219566e-02	4.351618e+00
1.116667e+01	-4.108386e-02	4.311653e+00
1.120000e+01	-4.980239e-02	4.272451e+00
1.123333e+01	-5.791572e-02	4.235971e+00
1.126667e+01	-6.402788e-02	4.208488e+00
1.130000e+01	-6.581470e-02	4.200454e+00
1.133333e+01	-6.155811e-02	4.219593e+00
1.136667e+01	-5.265306e-02	4.259633e+00
1.140000e+01	-4.383293e-02	4.299292e+00
1.143333e+01	-3.931165e-02	4.319622e+00
1.146667e+01	-3.854891e-02	4.323051e+00
1.150000e+01	-3.694030e-02	4.330284e+00
1.153333e+01	-3.129085e-02	4.355686e+00
1.156667e+01	-2.355593e-02	4.390465e+00
1.160000e+01	-1.831809e-02	4.414017e+00
1.163333e+01	-1.777695e-02	4.416450e+00
1.166667e+01	-2.022683e-02	4.405434e+00
1.170000e+01	-2.252395e-02	4.395105e+00
1.173333e+01	-2.305209e-02	4.392731e+00
1.176667e+01	-2.270173e-02	4.394306e+00
1.180000e+01	-2.381704e-02	4.389291e+00
1.183333e+01	-2.821648e-02	4.369510e+00
1.186667e+01	-3.578126e-02	4.335496e+00
1.190000e+01	-4.475406e-02	4.295150e+00
1.193333e+01	-5.330301e-02	4.256711e+00
1.196667e+01	-6.075332e-02	4.223212e+00
12	-6.756391e-02	4.192589e+00
1.203333e+01	-7.448674e-02	4.161461e+00
1.206667e+01	-8.186073e-02	4.128305e+00
1.210000e+01	-8.952490e-02	4.093844e+00
1.213333e+01	-9.715808e-02	4.059522e+00
1.216667e+01	-1.045211e-01	4.026415e+00
1.220000e+01	-1.112284e-01	3.996256e+00
1.223333e+01	-1.163411e-01	3.973268e+00
1.226667e+01	-1.183314e-01	3.964319e+00
1.230000e+01	-1.155187e-01	3.976965e+00
1.233333e+01	-1.071250e-01	4.014707e+00
1.236667e+01	-9.443878e-02	4.071749e+00
1.240000e+01	-8.057939e-02	4.134066e+00
1.243333e+01	-6.896949e-02	4.186269e+00
1.246667e+01	-6.185296e-02	4.218267e+00
1.250000e+01	-5.930223e-02	4.229736e+00
1.253333e+01	-5.931356e-02	4.229685e+00
1.256667e+01	-5.936228e-02	4.229466e+00
1.260000e+01	-5.811052e-02	4.235095e+00
1.263333e+01	-5.579500e-02	4.245506e+00
1.266667e+01	-5.335857e-02	4.256461e+00
1.270000e+01	-5.142545e-02	4.265153e+00
1.273333e+01	-4.995596e-02	4.271761e+00
1.276667e+01	-4.856234e-02	4.278027e+00
1.280000e+01	-4.696182e-02	4.285223e+00
1.283333e+01	-4.515476e-02	4.293349e+00
1.286667e+01	-4.330441e-02	4.301669e+00
1.290000e+01	-4.153920e-02	4.309606e+00
1.293333e+01	-3.986614e-02	4.317128e+00
1.296667e+01	-3.821657e-02	4.324545e+00
13	-3.653228e-02	4.332119e+00
1.303333e+01	-3.480703e-02	4.339876e+00
1.306667e+01	-3.306954e-02	4.347688e+00
1.310000e+01	-3.134604e-02	4.355438e+00
1.313333e+01	-2.964067e-02	4.363106e+00
1.316667e+01	-2.794150e-02	4.370746e+00
1.320000e+01	-2.623676e-02	4.378411e+00
1.323333e+01	-2.452404e-02	4.386112e+00
1.326667e+01	-2.280824e-02	4.393827e+00
1.330000e+01	-2.109463e-02	4.401532e+00
1.333333e+01	-1.938451e-02	4.409222e+00
1.336667e+01	-1.767590e-02	4.416904e+00
1.340000e+01	-1.596644e-02	4.424590e+00
1.343333e+01	-1.425546e-02	4.432284e+00
1.346667e+01	-1.254376e-02	4.439980e+00
1.350000e+01	-1.083237e-02	4.447675e+00
1.353333e+01	-9.121641e-03	4.455367e+00
1.356667e+01	-7.411259e-03	4.463058e+00
1.360000e+01	-5.700763e-03	4.470749e+00
1.363333e+01	-3.989979e-03	4.478441e+00
1.366667e+01	-2.297189e-03	4.486053e+00
1.370000e+01	-7.250724e-04	4.493122e+00
1.373333e+01	4.957525e-04	4.498611e+00
1.376667e+01	1.134127e-03	4.501481e+00
1.380000e+01	1.188066e-03	4.501724e+00
1.383333e+01	9.311802e-04	4.500569e+00
1.386667e+01	7.147258e-04	4.499595e+00
1.390000e+01	7.905661e-04	4.499936e+00
1.393333e+01	1.308717e-03	4.502266e+00
1.396667e+01	2.336072e-03	4.506886e+00
14	3.795378e-03	4.513447e+00
1.403333e+01	5.462901e-03	4.520945e+00
1.406667e+01	7.103672e-03	4.528323e+00
1.410000e+01	8.612713e-03	4.535108e+00
1.413333e+01	1.002967e-02	4.541479e+00
1.416667e+01	1.144651e-02	4.547850e+00
1.420000e+01	1.291508e-02	4.554453e+00
1.423333e+01	1.442436e-02	4.561239e+00
1.426667e+01	1.593600e-02	4.568036e+00
1.430000e+01	1.742613e-02	4.574736e+00
1.433333e+01	1.889794e-02	4.581354e+00
1.436667e+01	2.035202e-02	4.587892e+00
1.440000e+01	2.171054e-02	4.594001e+00
1.443333e+01	2.277297e-02	4.598778e+00
1.446667e+01	2.333198e-02	4.601291e+00
1.450000e+01	2.338073e-02	4.601510e+00
1.453333e+01	2.315636e-02	4.600502e+00
1.456667e+01	2.295260e-02	4.599585e+00
1.460000e+01	2.291309e-02	4.599408e+00
1.463333e+01	2.299482e-02	4.599775e+00
1.466667e+01	2.308086e-02	4.600162e+00
1.470000e+01	2.310165e-02	4.600256e+00
1.473333e+01	2.306865e-02	4.600107e+00
1.476667e+01	2.303076e-02	4.599937e+00
1.480000e+01	2.301998e-02	4.599888e+00
1.483333e+01	2.303336e-02	4.599948e+00
1.486667e+01	2.305013e-02	4.600024e+00
1.490000e+01	2.305563e-02	4.600049e+00
1.493333e+01	2.305028e-02	4.600025e+00
1.496667e+01	2.304287e-02	4.599991e+00
15	2.304013e-02	4.599979e+00
1.503333e+01	2.304224e-02	4.599988e+00
1.506667e+01	2.304549e-02	4.600003e+00
1.510000e+01	2.304684e-02	4.600009e+00
1.513333e+01	2.304602e-02	4.600005e+00
1.516667e+01	2.304460e-02	4.599999e+00
1.520000e+01	2.304395e-02	4.599996e+00
1.523333e+01	2.304426e-02	4.599997e+00
1.526667e+01	2.304488e-02	4.600000e+00
1.530000e+01	2.304519e-02	4.600002e+00
1.533333e+01	2.304507e-02	4.600001e+00
1.536667e+01	2.304480e-02	4.600000e+00
1.540000e+01	2.304466e-02	4.599999e+00
1.543333e+01	2.304470e-02	4.599999e+00
1.546667e+01	2.304481e-02	4.600000e+00
1.550000e+01	2.304488e-02	4.600000e+00
1.553333e+01	2.304487e-02	4.600000e+00
1.556667e+01	2.304482e-02	4.600000e+00
1.560000e+01	2.304479e-02	4.600000e+00
1.563333e+01	2.304479e-02	4.600000e+00
1.566667e+01	2.304481e-02	4.600000e+00
1.570000e+01	2.304483e-02	4.600000e+00
1.573333e+01	2.304483e-02	4.600000e+00
1.576667e+01	2.304482e-02	4.600000e+00
1.580000e+01	2.304481e-02	4.600000e+00
1.583333e+01	2.304481e-02	4.600000e+00
1.586667e+01	2.304481e-02	4.600000e+00
1.590000e+01	2.304482e-02	4.600000e+00
1.593333e+01	2.304482e-02	4.600000e+00
1.596667e+01	2.304482e-02	4.600000e+00
16	2.304482e-02	4.600000e+00
1.603333e+01	2.284814e-02	4.599116e+00
1.606667e+01	2.154126e-02	4.593239e+00
1.610000e+01	1.773695e-02	4.576134e+00
1.613333e+01	1.144755e-02	4.547854e+00
1.616667e+01	5.266397e-03	4.520061e+00
1.620000e+01	2.429328e-03	4.507305e+00
1.623333e+01	3.858202e-03	4.513730e+00
1.626667e+01	7.686983e-03	4.530945e+00
1.630000e+01	1.131348e-02	4.547251e+00
1.633333e+01	1.346708e-02	4.556935e+00
1.636667e+01	1.456077e-02	4.561853e+00
1.640000e+01	1.564956e-02	4.566748e+00
1.643333e+01	1.733839e-02	4.574342e+00
1.646667e+01	1.950201e-02	4.584070e+00
1.650000e+01	2.169425e-02	4.593927e+00
1.653333e+01	2.363540e-02	4.602655e+00
1.656667e+01	2.536222e-02	4.610420e+00
1.660000e+01	2.706508e-02	4.618077e+00
1.663333e+01	2.887282e-02	4.626205e+00
1.666667e+01	3.077715e-02	4.634768e+00
1.670000e+01	3.269706e-02	4.643400e+00
1.673333e+01	3.457346e-02	4.651837e+00
1.676667e+01	3.640652e-02	4.660079e+00
1.680000e+01	3.823055e-02	4.668281e+00
1.683333e+01	4.007248e-02	4.676563e+00
1.686667e+01	4.193376e-02	4.684932e+00
1.690000e+01	4.379995e-02	4.693323e+00
1.693333e+01	4.565885e-02	4.701681e+00
1.696667e+01	4.750915e-02	4.710001e+00
17	4.935688e-02	4.718309e+00
1.703333e+01	5.120756e-02	4.726630e+00
1.706667e+01	5.306203e-02	4.734969e+00
1.710000e+01	5.491781e-02	4.743313e+00
1.713333e+01	5.677242e-02	4.751652e+00
1.716667e+01	5.862536e-02	4.759984e+00
1.720000e+01	6.047764e-02	4.768312e+00
1.723333e+01	6.233039e-02	4.776643e+00
1.726667e+01	6.416420e-02	4.784888e+00
1.730000e+01	6.586764e-02	4.792548e+00
1.733333e+01	6.719048e-02	4.798496e+00
1.736667e+01	6.788208e-02	4.801605e+00
1.740000e+01	6.794039e-02	4.801868e+00
1.743333e+01	6.766197e-02	4.800616e+00
1.746667e+01	6.741041e-02	4.799485e+00
1.750000e+01	6.737805e-02	4.799339e+00
1.753333e+01	6.758397e-02	4.800265e+00
1.756667e+01	6.801023e-02	4.802182e+00
1.760000e+01	6.866060e-02	4.805106e+00
1.763333e+01	6.955080e-02	4.809109e+00
1.766667e+01	7.070282e-02	4.814289e+00
1.770000e+01	7.210414e-02	4.820589e+00
1.773333e+01	7.366335e-02	4.827600e+00
1.776667e+01	7.524840e-02	4.834727e+00
1.780000e+01	7.677245e-02	4.841580e+00
1.783333e+01	7.823204e-02	4.848143e+00
1.786667e+01	7.967369e-02	4.854625e+00
1.790000e+01	8.113735e-02	4.861206e+00
1.793333e+01	8.262854e-02	4.867911e+00
1.796667e+01	8.412880e-02	4.874657e+00
18	8.562039e-02	4.881364e+00
1.803333e+01	8.708421e-02	4.887946e+00
1.806667e+01	8.843898e-02	4.894037e+00
1.810000e+01	8.949283e-02	4.898776e+00
1.813333e+01	9.004724e-02	4.901268e+00
1.816667e+01	9.009732e-02	4.901494e+00
1.820000e+01	8.987665e-02	4.900501e+00
1.823333e+01	8.943904e-02	4.898534e+00
1.826667e+01	8.783084e-02	4.891303e+00
1.830000e+01	8.358180e-02	4.872197e+00
1.833333e+01	7.742821e-02	4.844528e+00
1.836667e+01	7.308426e-02	4.824996e+00
1.840000e+01	7.358446e-02	4.827246e+00
1.843333e+01	7.845976e-02	4.849167e+00
1.846667e+01	8.466816e-02	4.877082e+00
1.850000e+01	8.814260e-02	4.892705e+00
1.853333e+01	8.557374e-02	4.881154e+00
1.856667e+01	7.736523e-02	4.844245e+00
1.860000e+01	6.826098e-02	4.803309e+00
1.863333e+01	6.337623e-02	4.781345e+00
1.866667e+01	6.386499e-02	4.783543e+00
1.870000e+01	6.714486e-02	4.798291e+00
1.873333e+01	7.088248e-02	4.815096e+00
1.876667e+01	7.545504e-02	4.835656e+00
1.880000e+01	8.181530e-02	4.864255e+00
1.883333e+01	8.855808e-02	4.894573e+00
1.886667e+01	9.293996e-02	4.914275e+00
1.890000e+01	9.400248e-02	4.919053e+00
1.893333e+01	9.334428e-02	4.916093e+00
1.896667e+01	9.319760e-02	4.915434e+00
19	9.450399e-02	4.921308e+00
1.903333e+01	9.670289e-02	4.931195e+00
1.906667e+01	9.878126e-02	4.940540e+00
1.910000e+01	1.002504e-01	4.947146e+00
1.913333e+01	1.013067e-01	4.951895e+00
1.916667e+01	1.023882e-01	4.956758e+00
1.920000e+01	1.037275e-01	4.962780e+00
1.923333e+01	1.052557e-01	4.969651e+00
1.926667e+01	1.067839e-01	4.976523e+00
1.930000e+01	1.082031e-01	4.982904e+00
1.933333e+01	1.095363e-01	4.988899e+00
1.936667e+01	1.108646e-01	4.994871e+00
1.940000e+01	1.122388e-01	5.001050e+00
1.943333e+01	1.136519e-01	5.007404e+00
1.946667e+01	1.150694e-01	5.013778e+00
1.950000e+01	1.164676e-01	5.020065e+00
1.953333e+01	1.178483e-01	5.026273e+00
1.956667e+01	1.192262e-01	5.032468e+00
1.960000e+01	1.206120e-01	5.038699e+00
1.963333e+01	1.220057e-01	5.044966e+00
1.966667e+01	1.234011e-01	5.051240e+00
1.970000e+01	1.247932e-01	5.057499e+00
1.973333e+01	1.261817e-01	5.063743e+00
1.976667e+01	1.275694e-01	5.069982e+00
1.980000e+01	1.289584e-01	5.076228e+00
1.983333e+01	1.303489e-01	5.082480e+00
1.986667e+01	1.317252e-01	5.088669e+00
1.990000e+01	1.330029e-01	5.094414e+00
1.993333e+01	1.339946e-01	5.098873e+00
1.996667e+01	1.345129e-01	5.101203e+00
20	1.345566e-01	5.101399e+00
2.003333e+01	1.343479e-01	5.100461e+00
2.006667e+01	1.339234e-01	5.098553e+00
2.010000e+01	1.323192e-01	5.091339e+00
2.013333e+01	1.278299e-01	5.071154e+00
2.016667e+01	1.203386e-01	5.037470e+00
2.020000e+01	1.127598e-01	5.003393e+00
2.023333e+01	1.086877e-01	4.985083e+00
2.026667e+01	1.089733e-01	4.986367e+00
2.030000e+01	1.113923e-01	4.997244e+00
2.033333e+01	1.131084e-01	5.004960e+00
2.036667e+01	1.128639e-01	5.003861e+00
2.040000e+01	1.112025e-01	4.996391e+00
2.043333e+01	1.093247e-01	4.987947e+00
2.046667e+01	1.079689e-01	4.981851e+00
2.050000e+01	1.071062e-01	4.977972e+00
2.053333e+01	1.063249e-01	4.974459e+00
2.056667e+01	1.053259e-01	4.969967e+00
2.060000e+01	1.041112e-01	4.964505e+00
2.063333e+01	1.028530e-01	4.958848e+00
2.066667e+01	1.016853e-01	4.953597e+00
2.070000e+01	1.006139e-01	4.948780e+00
2.073333e+01	9.956614e-02	4.944069e+00
2.076667e+01	9.848137e-02	4.939192e+00
2.080000e+01	9.735370e-02	4.934121e+00
2.083333e+01	9.621361e-02	4.928995e+00
2.086667e+01	9.508849e-02	4.923936e+00
2.090000e+01	9.398237e-02	4.918962e+00
2.093333e+01	9.288258e-02	4.914017e+00
2.096667e+01	9.177682e-02	4.909045e+00
21	9.066267e-02	4.904036e+00
2.103333e+01	8.954538e-02	4.899012e+00
2.106667e+01	8.843043e-02	4.893999e+00
2.110000e+01	8.731917e-02	4.889002e+00
2.113333e+01	8.620944e-02	4.884012e+00
2.116667e+01	8.509881e-02	4.879018e+00
2.120000e+01	8.398657e-02	4.874017e+00
2.123333e+01	8.287359e-02	4.869013e+00
2.126667e+01	8.176095e-02	4.864010e+00
2.130000e+01	8.064900e-02	4.859010e+00
2.133333e+01	7.953742e-02	4.854012e+00
2.136667e+01	7.842570e-02	4.849014e+00
2.140000e+01	7.731369e-02	4.844014e+00
2.143333e+01	7.620151e-02	4.839013e+00
2.146667e+01	7.508937e-02	4.834012e+00
2.150000e+01	7.397736e-02	4.829012e+00
2.153333e+01	7.286543e-02	4.824012e+00
2.156667e+01	7.175348e-02	4.819013e+00
2.160000e+01	7.064148e-02	4.814013e+00
2.163333e+01	6.952945e-02	4.809013e+00
2.166667e+01	6.841741e-02	4.804013e+00
2.170000e+01	6.730540e-02	4.799012e+00
2.173333e+01	6.619341e-02	4.794013e+00
2.176667e+01	6.508142e-02	4.789013e+00
2.180000e+01	6.396942e-02	4.784013e+00
2.183333e+01	6.285741e-02	4.779013e+00
2.186667e+01	6.174539e-02	4.774013e+00
2.190000e+01	6.063339e-02	4.769013e+00
2.193333e+01	5.952139e-02	4.764013e+00
2.196667e+01	5.840938e-02	4.759013e+00
22	5.729738e-02	4.754013e+00
2.203333e+01	5.618537e-02	4.749013e+00
2.206667e+01	5.507337e-02	4.744013e+00
2.210000e+01	5.396136e-02	4.739013e+00
2.213333e+01	5.284935e-02	4.734013e+00
2.216667e+01	5.173735e-02	4.729013e+00
2.220000e+01	5.062535e-02	4.724013e+00
2.223333e+01	4.951334e-02	4.719013e+00
2.226667e+01	4.840133e-02	4.714013e+00
2.230000e+01	4.730113e-02	4.709066e+00
2.233333e+01	4.604333e-02	4.703410e+00
2.236667e+01	4.368154e-02	4.692791e+00
2.240000e+01	3.870137e-02	4.670398e+00
2.243333e+01	3.107966e-02	4.636128e+00
2.246667e+01	2.352854e-02	4.602175e+00
2.250000e+01	1.921343e-02	4.582773e+00
2.253333e+01	1.863359e-02	4.580165e+00
2.256667e+01	1.957766e-02	4.584410e+00
2.260000e+01	1.960248e-02	4.584522e+00
2.263333e+01	1.796175e-02	4.577145e+00
2.266667e+01	1.549569e-02	4.566056e+00
2.270000e+01	1.332624e-02	4.556302e+00
2.273333e+01	1.186642e-02	4.549738e+00
2.276667e+01	1.079692e-02	4.544929e+00
2.280000e+01	9.626634e-03	4.539667e+00
2.283333e+01	8.151769e-03	4.533035e+00
2.286667e+01	6.494878e-03	4.525585e+00
2.290000e+01	4.870307e-03	4.518280e+00
2.293333e+01	3.392094e-03	4.511634e+00
2.296667e+01	2.102791e-03	4.505837e+00
23	1.108913e-03	4.501368e+00
2.303333e+01	5.639861e-04	4.498918e+00
2.306667e+01	4.867342e-04	4.498570e+00
2.310000e+01	6.804918e-04	4.499441e+00
2.313333e+01	1.096842e-03	4.501314e+00
2.316667e+01	2.611677e-03	4.508125e+00
2.320000e+01	6.804392e-03	4.526977e+00
2.323333e+01	1.377279e-02	4.558309e+00
2.326667e+01	2.071831e-02	4.589539e+00
2.330000e+01	2.409266e-02	4.604712e+00
2.333333e+01	2.289991e-02	4.599348e+00
2.336667e+01	1.919868e-02	4.582706e+00
2.340000e+01	1.580840e-02	4.567462e+00
2.343333e+01	1.405417e-02	4.559575e+00
2.346667e+01	1.343149e-02	4.556775e+00
2.350000e+01	1.277689e-02	4.553831e+00
2.353333e+01	1.145141e-02	4.547872e+00
2.356667e+01	9.616114e-03	4.539619e+00
2.360000e+01	7.765375e-03	4.531298e+00
2.363333e+01	6.196303e-03	4.524243e+00
2.366667e+01	4.858101e-03	4.518226e+00
2.370000e+01	3.554994e-03	4.512366e+00
2.373333e+01	2.238350e-03	4.506446e+00
2.376667e+01	1.121730e-03	4.501425e+00
2.380000e+01	4.957734e-04	4.498611e+00
2.383333e+01	4.255165e-04	4.498295e+00
2.386667e+01	6.716092e-04	4.499402e+00
2.390000e+01	9.049278e-04	4.500451e+00
2.393333e+01	9.552065e-04	4.500677e+00
2.396667e+01	8.648930e-04	4.500271e+00
24	7.658583e-04	4.499825e+00
2.403333e+01	7.536605e-04	4.499770e+00
2.406667e+01	8.961299e-04	4.500411e+00
2.410000e+01	1.314377e-03	4.502292e+00
2.413333e+01	2.147737e-03	4.506039e+00
2.416667e+01	3.400040e-03	4.511670e+00
2.420000e+01	4.885466e-03	4.518349e+00
2.423333e+01	6.364565e-03	4.524999e+00
2.426667e+01	7.712636e-03	4.531061e+00
2.430000e+01	8.957840e-03	4.536660e+00
2.433333e+01	1.019445e-02	4.542220e+00
2.436667e+01	1.148249e-02	4.548011e+00
2.440000e+01	1.281591e-02	4.554007e+00
2.443333e+01	1.415554e-02	4.560030e+00
2.446667e+01	1.547397e-02	4.565959e+00
2.450000e+01	1.677211e-02	4.571796e+00
2.453333e+01	1.806651e-02	4.577616e+00
2.456667e+01	1.936967e-02	4.583475e+00
2.460000e+01	2.066802e-02	4.589313e+00
2.463333e+01	2.187621e-02	4.594745e+00
2.466667e+01	2.281227e-02	4.598954e+00
2.470000e+01	2.329895e-02	4.601143e+00
2.473333e+01	2.333758e-02	4.601316e+00
2.476667e+01	2.313993e-02	4.600428e+00
2.480000e+01	2.296294e-02	4.599632e+00
2.483333e+01	2.293009e-02	4.599484e+00
2.486667e+01	2.300218e-02	4.599808e+00
2.490000e+01	2.307692e-02	4.600144e+00
2.493333e+01	2.309434e-02	4.600223e+00
2.496667e+01	2.282917e-02	4.599030e+00
25	2.122799e-02	4.591831e+00
2.503333e+01	1.665371e-02	4.571263e+00
2.506667e+01	9.094679e-03	4.537275e+00
2.510000e+01	1.511464e-03	4.503178e+00
2.513333e+01	-2.556768e-03	4.484886e+00
2.516667e+01	-2.481473e-03	4.485224e+00
2.520000e+01	-8.964526e-04	4.492351e+00
2.523333e+01	-9.636591e-04	4.492049e+00
2.526667e+01	-3.775100e-03	4.479407e+00
2.530000e+01	-8.152268e-03	4.459726e+00
2.533333e+01	-1.231487e-02	4.441009e+00
2.536667e+01	-1.542803e-02	4.427011e+00
2.540000e+01	-1.782971e-02	4.416213e+00
2.543333e+01	-2.026816e-02	4.405248e+00
2.546667e+01	-2.314334e-02	4.392320e+00
2.550000e+01	-2.634128e-02	4.377941e+00
2.553333e+01	-2.954184e-02	4.363550e+00
2.556667e+01	-3.255826e-02	4.349987e+00
2.560000e+01	-3.542801e-02	4.337084e+00
2.563333e+01	-3.825698e-02	4.324364e+00
2.566667e+01	-4.095425e-02	4.312236e+00
2.570000e+01	-4.310925e-02	4.302546e+00
2.573333e+01	-4.426248e-02	4.297361e+00
2.576667e+01	-4.437035e-02	4.296876e+00
2.580000e+01	-4.390943e-02	4.298948e+00
2.583333e+01	-4.348632e-02	4.300851e+00
2.586667e+01	-4.340203e-02	4.301230e+00
2.590000e+01	-4.357035e-02	4.300473e+00
2.593333e+01	-4.374930e-02	4.299668e+00
2.596667e+01	-4.379350e-02	4.299469e+00
26	-4.372559e-02	4.299775e+00
2.603333e+01	-4.364679e-02	4.300129e+00
2.606667e+01	-4.362395e-02	4.300232e+00
2.610000e+01	-4.341544e-02	4.301169e+00
2.613333e+01	-4.188206e-02	4.308064e+00
2.616667e+01	-3.732849e-02	4.328539e+00
2.620000e+01	-2.974662e-02	4.362630e+00
2.623333e+01	-2.213343e-02	4.396861e+00
2.626667e+01	-1.808623e-02	4.415059e+00
2.630000e+01	-1.817516e-02	4.414659e+00
2.633333e+01	-1.905438e-02	4.410706e+00
2.636667e+01	-1.628587e-02	4.423154e+00
2.640000e+01	-8.771748e-03	4.456941e+00
2.643333e+01	-2.015952e-04	4.495475e+00
2.646667e+01	4.637083e-03	4.517232e+00
2.650000e+01	4.385845e-03	4.516102e+00
2.653333e+01	1.541019e-03	4.503311e+00
2.656667e+01	-6.110294e-04	4.493634e+00
2.660000e+01	-7.184898e-04	4.493151e+00
2.663333e+01	4.191141e-04	4.498266e+00
2.666667e+01	1.375973e-03	4.502569e+00
2.670000e+01	1.475762e-03	4.503017e+00
2.673333e+01	1.003432e-03	4.500894e+00
2.676667e+01	5.738334e-04	4.498962e+00
2.680000e+01	5.079051e-04	4.498665e+00
2.683333e+01	7.040320e-04	4.499547e+00
2.686667e+01	8.967888e-04	4.500414e+00
2.690000e+01	9.355159e-04	4.500588e+00
2.693333e+01	8.546970e-04	4.500225e+00
2.696667e+01	7.685676e-04	4.499837e+00
27	7.473177e-04	4.499742e+00
2.703333e+01	7.803171e-04	4.499890e+00
2.706667e+01	8.186272e-04	4.500063e+00
2.710000e+01	8.297834e-04	4.500113e+00
2.713333e+01	8.164501e-04	4.500053e+00
2.716667e+01	7.994860e-04	4.499977e+00
2.720000e+01	7.938068e-04	4.499951e+00
2.723333e+01	7.991279e-04	4.499975e+00
2.726667e+01	8.066068e-04	4.500009e+00
2.730000e+01	8.094325e-04	4.500021e+00
2.733333e+01	8.073405e-04	4.500012e+00
2.736667e+01	8.040577e-04	4.499997e+00
2.740000e+01	8.026765e-04	4.499991e+00
2.743333e+01	8.034837e-04	4.499994e+00
2.746667e+01	8.049184e-04	4.500001e+00
2.750000e+01	8.055839e-04	4.500004e+00
2.753333e+01	8.052800e-04	4.500003e+00
2.756667e+01	8.046557e-04	4.500000e+00
2.760000e+01	8.043388e-04	4.499998e+00
2.763333e+01	8.044495e-04	4.499999e+00
2.766667e+01	8.047200e-04	4.500000e+00
2.770000e+01	8.048693e-04	4.500001e+00
2.773333e+01	8.048309e-04	4.500001e+00
2.776667e+01	8.047143e-04	4.500000e+00
2.780000e+01	8.046445e-04	4.500000e+00
2.783333e+01	8.046568e-04	4.500000e+00
2.786667e+01	8.047069e-04	4.500000e+00
2.790000e+01	8.047392e-04	4.500000e+00
2.793333e+01	8.047358e-04	4.500000e+00
2.796667e+01	8.047145e-04	4.500000e+00
28	8.046996e-04	4.500000e+00
2.803333e+01	8.047002e-04	4.500000e+00
2.806667e+01	8.047092e-04	4.500000e+00
2.810000e+01	8.047161e-04	4.500000e+00
2.813333e+01	8.047162e-04	4.500000e+00
2.816667e+01	8.047124e-04	4.500000e+00
2.820000e+01	8.047093e-04	4.500000e+00
2.823333e+01	8.047090e-04	4.500000e+00
2.826667e+01	8.047106e-04	4.500000e+00
2.830000e+01	8.047120e-04	4.500000e+00
2.833333e+01	8.047122e-04	4.500000e+00
2.836667e+01	8.047115e-04	4.500000e+00
2.840000e+01	8.047109e-04	4.500000e+00
2.843333e+01	8.047108e-04	4.500000e+00
2.846667e+01	8.047111e-04	4.500000e+00
2.850000e+01	8.047114e-04	4.500000e+00
2.853333e+01	8.047114e-04	4.500000e+00
2.856667e+01	8.047113e-04	4.500000e+00
2.860000e+01	8.047112e-04	4.500000e+00
2.863333e+01	8.047112e-04	4.500000e+00
2.866667e+01	8.047112e-04	4.500000e+00
2.870000e+01	8.047113e-04	4.500000e+00
2.873333e+01	8.047113e-04	4.500000e+00
2.876667e+01	8.047113e-04	4.500000e+00
2.880000e+01	8.047112e-04	4.500000e+00
2.883333e+01	8.047112e-04	4.500000e+00
2.886667e+01	8.047112e-04	4.500000e+00
2.890000e+01	8.047112e-04	4.500000e+00
2.893333e+01	8.047112e-04	4.500000e+00
2.896667e+01	8.047112e-04	4.500000e+00
29	8.047112e-04	4.500000e+00
2.903333e+01	8.047112e-04	4.500000e+00
2.906667e+01	1.040721e-03	4.501061e+00
2.910000e+01	2.608972e-03	4.508113e+00
2.913333e+01	7.174152e-03	4.528639e+00
2.916667e+01	1.474503e-02	4.562681e+00
2.920000e+01	2.235858e-02	4.596914e+00
2.923333e+01	2.652029e-02	4.615627e+00
2.926667e+01	2.662430e-02	4.616095e+00
2.930000e+01	2.511293e-02	4.609299e+00
2.933333e+01	2.475496e-02	4.607689e+00
2.936667e+01	2.640184e-02	4.615094e+00
2.940000e+01	2.905516e-02	4.627025e+00
2.943333e+01	3.137226e-02	4.637443e+00
2.946667e+01	3.284390e-02	4.644060e+00
2.950000e+01	3.383881e-02	4.648534e+00
2.953333e+01	3.494361e-02	4.653502e+00
2.956667e+01	3.640976e-02	4.660094e+00
2.960000e+01	3.809750e-02	4.667683e+00
2.963333e+01	3.975139e-02	4.675119e+00
2.966667e+01	4.125064e-02	4.681860e+00
2.970000e+01	4.263174e-02	4.688070e+00
2.973333e+01	4.391684e-02	4.693849e+00
2.976667e+01	4.496352e-02	4.698555e+00
2.980000e+01	4.555252e-02	4.701203e+00
2.983333e+01	4.563403e-02	4.701570e+00
2.986667e+01	4.541818e-02	4.700599e+00
2.990000e+01	4.520221e-02	4.699628e+00
2.993333e+01	4.514814e-02	4.699385e+00
2.996667e+01	4.522545e-02	4.699733e+00
30	4.531641e-02	4.700142e+00
3.003333e+01	4.534363e-02	4.700264e+00
3.006667e+01	4.531287e-02	4.700126e+00
3.010000e+01	4.527302e-02	4.699947e+00
3.013333e+01	4.525941e-02	4.699885e+00
3.016667e+01	4.527168e-02	4.699940e+00
3.020000e+01	4.528922e-02	4.700019e+00
3.023333e+01	4.529596e-02	4.700050e+00
3.026667e+01	4.529115e-02	4.700028e+00
3.030000e+01	4.528345e-02	4.699993e+00
3.033333e+01	4.528016e-02	4.699979e+00
3.036667e+01	4.528202e-02	4.699987e+00
3.040000e+01	4.528538e-02	4.700002e+00
3.043333e+01	4.528696e-02	4.700009e+00
3.046667e+01	4.528626e-02	4.700006e+00
3.050000e+01	4.528480e-02	4.699999e+00
3.053333e+01	4.528405e-02	4.699996e+00
3.056667e+01	4.528430e-02	4.699997e+00
3.060000e+01	4.528494e-02	4.700000e+00
3.063333e+01	4.528529e-02	4.700002e+00
3.066667e+01	4.528520e-02	4.700001e+00
3.070000e+01	4.528493e-02	4.700000e+00
3.073333e+01	4.528477e-02	4.699999e+00
3.076667e+01	4.528479e-02	4.699999e+00
3.080000e+01	4.528491e-02	4.700000e+00
3.083333e+01	4.528499e-02	4.700000e+00
3.086667e+01	4.528498e-02	4.700000e+00
3.090000e+01	4.528493e-02	4.700000e+00
3.093333e+01	4.528489e-02	4.700000e+00
3.096667e+01	4.528489e-02	4.700000e+00
31	4.528492e-02	4.700000e+00
3.103333e+01	4.505630e-02	4.698972e+00
3.106667e+01	4.353705e-02	4.692141e+00
3.110000e+01	3.911453e-02	4.672256e+00
3.113333e+01	3.178760e-02	4.639311e+00
3.116667e+01	2.448361e-02	4.606469e+00
3.120000e+01	2.076753e-02	4.589760e+00
3.123333e+01	2.151376e-02	4.593116e+00
3.126667e+01	2.455128e-02	4.606774e+00
3.130000e+01	2.708842e-02	4.618182e+00
3.133333e+01	2.793437e-02	4.621985e+00
3.136667e+01	2.770834e-02	4.620969e+00
3.140000e+01	2.759433e-02	4.620456e+00
3.143333e+01	2.818170e-02	4.623097e+00
3.146667e+01	2.925741e-02	4.627934e+00
3.150000e+01	3.031414e-02	4.632686e+00
3.153333e+01	3.107440e-02	4.636104e+00
3.156667e+01	3.161194e-02	4.638521e+00
3.160000e+01	3.214507e-02	4.640918e+00
3.163333e+01	3.280338e-02	4.643878e+00
3.166667e+01	3.356297e-02	4.647294e+00
3.170000e+01	3.433011e-02	4.650743e+00
3.173333e+01	3.504472e-02	4.653956e+00
3.176667e+01	3.571350e-02	4.656963e+00
3.180000e+01	3.637649e-02	4.659944e+00
3.183333e+01	3.706139e-02	4.663024e+00
3.186667e+01	3.776692e-02	4.666196e+00
3.190000e+01	3.847606e-02	4.669385e+00
3.193333e+01	3.917614e-02	4.672533e+00
3.196667e+01	3.986698e-02	4.675639e+00
32	4.055576e-02	4.678736e+00
3.203333e+01	4.124827e-02	4.681850e+00
3.206667e+01	4.194489e-02	4.684982e+00
3.210000e+01	4.264262e-02	4.688119e+00
3.213333e+01	4.333883e-02	4.691250e+00
3.216667e+01	4.402584e-02	4.694339e+00
3.220000e+01	4.466328e-02	4.697205e+00
3.223333e+01	4.515865e-02	4.699432e+00
3.226667e+01	4.541825e-02	4.700600e+00
3.230000e+01	4.544070e-02	4.700700e+00
3.233333e+01	4.533662e-02	4.700232e+00
3.236667e+01	4.524220e-02	4.699808e+00
3.240000e+01	4.522391e-02	4.699726e+00
3.243333e+01	4.526177e-02	4.699896e+00
3.246667e+01	4.530162e-02	4.700075e+00
3.250000e+01	4.531124e-02	4.700118e+00
3.253333e+01	4.487113e-02	4.698139e+00
3.256667e+01	4.203074e-02	4.685368e+00
3.260000e+01	3.380842e-02	4.648397e+00
3.263333e+01	2.023424e-02	4.587363e+00
3.266667e+01	6.926806e-03	4.527527e+00
3.270000e+01	9.286694e-04	4.500557e+00
3.273333e+01	4.291363e-03	4.515677e+00
3.276667e+01	1.298886e-02	4.554785e+00
3.280000e+01	2.133242e-02	4.592300e+00
3.283333e+01	2.649036e-02	4.615492e+00
3.286667e+01	2.931060e-02	4.628173e+00
3.290000e+01	3.208350e-02	4.640641e+00
3.293333e+01	3.610309e-02	4.658715e+00
3.296667e+01	4.085372e-02	4.680076e+00
33	4.476938e-02	4.697682e+00
3.303333e+01	4.663038e-02	4.706050e+00
3.306667e+01	4.650094e-02	4.705468e+00
3.310000e+01	4.550415e-02	4.700986e+00
3.313333e+01	4.479688e-02	4.697806e+00
3.316667e+01	4.478965e-02	4.697773e+00
3.320000e+01	4.517811e-02	4.699520e+00
3.323333e+01	4.548494e-02	4.700899e+00
3.326667e+01	4.550296e-02	4.700980e+00
3.330000e+01	4.534083e-02	4.700251e+00
3.333333e+01	4.520298e-02	4.699632e+00
3.336667e+01	4.518804e-02	4.699564e+00
3.340000e+01	4.525588e-02	4.699869e+00
3.343333e+01	4.531800e-02	4.700149e+00
3.346667e+01	4.532780e-02	4.700193e+00
3.350000e+01	4.529963e-02	4.700066e+00
3.353333e+01	4.527175e-02	4.699941e+00
3.356667e+01	4.526603e-02	4.699915e+00
3.360000e+01	4.527763e-02	4.699967e+00
3.363333e+01	4.529008e-02	4.700023e+00
3.366667e+01	4.529320e-02	4.700037e+00
3.370000e+01	4.528847e-02	4.700016e+00
3.373333e+01	4.528294e-02	4.699991e+00
3.376667e+01	4.528130e-02	4.699984e+00
3.380000e+01	4.528321e-02	4.699992e+00
3.383333e+01	4.526993e-02	4.699933e+00
3.386667e+01	4.515048e-02	4.699395e+00
3.390000e+01	4.472508e-02	4.697483e+00
3.393333e+01	4.379465e-02	4.693299e+00
3.396667e+01	4.235836e-02	4.686841e+00
34	4.065336e-02	4.679175e+00
3.403333e+01	3.896990e-02	4.671605e+00
3.406667e+01	3.744889e-02	4.664766e+00
3.410000e+01	3.604715e-02	4.658463e+00
3.413333e+01	3.464921e-02	4.652178e+00
3.416667e+01	3.318676e-02	4.645602e+00
3.420000e+01	3.167139e-02	4.638788e+00
3.423333e+01	3.015139e-02	4.631954e+00
3.426667e+01	2.865821e-02	4.625240e+00
3.430000e+01	2.718881e-02	4.618633e+00
3.433333e+01	2.573839e-02	4.612111e+00
3.436667e+01	2.438137e-02	4.606010e+00
3.440000e+01	2.331801e-02	4.601228e+00
3.443333e+01	2.275740e-02	4.598708e+00
3.446667e+01	2.270792e-02	4.598485e+00
3.450000e+01	2.316866e-02	4.600557e+00
3.453333e+01	2.494137e-02	4.608528e+00
3.456667e+01	2.954641e-02	4.629234e+00
3.460000e+01	3.703542e-02	4.662907e+00
3.463333e+01	4.454689e-02	4.696682e+00
3.466667e+01	4.856254e-02	4.714737e+00
3.470000e+01	4.823815e-02	4.713279e+00
3.473333e+01	4.570546e-02	4.701891e+00
3.476667e+01	4.363798e-02	4.692595e+00
3.480000e+01	4.312660e-02	4.690295e+00
3.483333e+01	4.355713e-02	4.692231e+00
3.486667e+01	4.383200e-02	4.693467e+00
3.490000e+01	4.344169e-02	4.691712e+00
3.493333e+01	4.261723e-02	4.688005e+00
3.496667e+01	4.183456e-02	4.684486e+00
35	4.133552e-02	4.682242e+00
3.503333e+01	4.103601e-02	4.680895e+00
3.506667e+01	4.072999e-02	4.679519e+00
3.510000e+01	4.030356e-02	4.677602e+00
3.513333e+01	3.978590e-02	4.675274e+00
3.516667e+01	3.926585e-02	4.672936e+00
3.520000e+01	3.879662e-02	4.670826e+00
3.523333e+01	3.836886e-02	4.668903e+00
3.526667e+01	3.794445e-02	4.666994e+00
3.530000e+01	3.749874e-02	4.664990e+00
3.533333e+01	3.703427e-02	4.662902e+00
3.536667e+01	3.656731e-02	4.660802e+00
3.540000e+01	3.610924e-02	4.658743e+00
3.543333e+01	3.565961e-02	4.656721e+00
3.546667e+01	3.521150e-02	4.654706e+00
3.550000e+01	3.475972e-02	4.652675e+00
3.553333e+01	3.430416e-02	4.650626e+00
3.556667e+01	3.384775e-02	4.648574e+00
3.560000e+01	3.339283e-02	4.646529e+00
3.563333e+01	3.293961e-02	4.644491e+00
3.566667e+01	3.248684e-02	4.642455e+00
3.570000e+01	3.203346e-02	4.640416e+00
3.573333e+01	3.157933e-02	4.638374e+00
3.576667e+01	3.112497e-02	4.636331e+00
3.580000e+01	3.067085e-02	4.634290e+00
3.583333e+01	3.021706e-02	4.632249e+00
3.586667e+01	2.976339e-02	4.630209e+00
3.590000e+01	2.930962e-02	4.628169e+00
3.593333e+01	2.885571e-02	4.626128e+00
3.596667e+01	2.840174e-02	4.624087e+00
36	2.794781e-02	4.622046e+00
3.603333e+01	2.749394e-02	4.620005e+00
3.606667e+01	2.704010e-02	4.617964e+00
3.610000e+01	2.658624e-02	4.615924e+00
3.613333e+01	2.613236e-02	4.613883e+00
3.616667e+01	2.567846e-02	4.611842e+00
3.620000e+01	2.522457e-02	4.609801e+00
3.623333e+01	2.477069e-02	4.607760e+00
3.626667e+01	2.431682e-02	4.605719e+00
3.630000e+01	2.386776e-02	4.603700e+00
3.633333e+01	2.345070e-02	4.601825e+00
3.636667e+01	2.312681e-02	4.600369e+00
3.640000e+01	2.295742e-02	4.599607e+00
3.643333e+01	2.294310e-02	4.599543e+00
3.646667e+01	2.301125e-02	4.599849e+00
3.650000e+01	2.307286e-02	4.600126e+00
3.653333e+01	2.284865e-02	4.599118e+00
3.656667e+01	2.125559e-02	4.591955e+00
3.660000e+01	1.666440e-02	4.571311e+00
3.663333e+01	9.087303e-03	4.537242e+00
3.666667e+01	1.499518e-03	4.503124e+00
3.670000e+01	-2.521379e-03	4.485045e+00
3.673333e+01	-2.137214e-03	4.486772e+00
3.676667e+01	4.841046e-04	4.498558e+00
3.680000e+01	2.633455e-03	4.508223e+00
3.683333e+01	3.227437e-03	4.510894e+00
3.686667e+01	2.951278e-03	4.509652e+00
3.690000e+01	2.973686e-03	4.509753e+00
3.693333e+01	3.794457e-03	4.513443e+00
3.696667e+01	5.099136e-03	4.519309e+00
37	6.331088e-03	4.524849e+00
3.703333e+01	7.225858e-03	4.528872e+00
3.706667e+01	7.895447e-03	4.531883e+00
3.710000e+01	8.581573e-03	4.534968e+00
3.713333e+01	9.410693e-03	4.538696e+00
3.716667e+01	1.034309e-02	4.542888e+00
3.720000e+01	1.127438e-02	4.547076e+00
3.723333e+01	1.214515e-02	4.550991e+00
3.726667e+01	1.296883e-02	4.554695e+00
3.730000e+01	1.379031e-02	4.558388e+00
3.733333e+01	1.463728e-02	4.562196e+00
3.736667e+01	1.550561e-02	4.566101e+00
3.740000e+01	1.637608e-02	4.570015e+00
3.743333e+01	1.723588e-02	4.573881e+00
3.746667e+01	1.808604e-02	4.577703e+00
3.750000e+01	1.893476e-02	4.581520e+00
3.753333e+01	1.978790e-02	4.585356e+00
3.756667e+01	2.064537e-02	4.589211e+00
3.760000e+01	2.149463e-02	4.593030e+00
3.763333e+01	2.251775e-02	4.597630e+00
3.766667e+01	2.469559e-02	4.607423e+00
3.770000e+01	2.957870e-02	4.629379e+00
3.773333e+01	3.717603e-02	4.663539e+00
3.776667e+01	4.464572e-02	4.697126e+00
3.780000e+01	4.857160e-02	4.714778e+00
3.783333e+01	4.822901e-02	4.713238e+00
3.786667e+01	4.583493e-02	4.702473e+00
3.790000e+01	4.432586e-02	4.695688e+00
3.793333e+01	4.584727e-02	4.702529e+00
3.796667e+01	5.136300e-02	4.727329e+00
38	5.970830e-02	4.764853e+00
3.803333e+01	6.738582e-02	4.799374e+00
3.806667e+01	7.115236e-02	4.816310e+00
3.810000e+01	7.090832e-02	4.815213e+00
3.813333e+01	6.935078e-02	4.808209e+00
3.816667e+01	6.915740e-02	4.807340e+00
3.820000e+01	7.096074e-02	4.815448e+00
3.823333e+01	7.364238e-02	4.827506e+00
3.826667e+01	7.589142e-02	4.837619e+00
3.830000e+01	7.729300e-02	4.843921e+00
3.833333e+01	7.827198e-02	4.848322e+00
3.836667e+01	7.940468e-02	4.853415e+00
3.840000e+01	8.090205e-02	4.860148e+00
3.843333e+01	8.259829e-02	4.867775e+00
3.846667e+01	8.424086e-02	4.875161e+00
3.850000e+01	8.572626e-02	4.881840e+00
3.853333e+01	8.710298e-02	4.888030e+00
3.856667e+01	8.839263e-02	4.893829e+00
3.860000e+01	8.944542e-02	4.898562e+00
3.863333e+01	9.003662e-02	4.901221e+00
3.866667e+01	9.011634e-02	4.901579e+00
3.870000e+01	8.989779e-02	4.900596e+00
3.873333e+01	8.968074e-02	4.899621e+00
3.876667e+01	8.962737e-02	4.899381e+00
3.880000e+01	8.970585e-02	4.899733e+00
3.883333e+01	8.979734e-02	4.900145e+00
3.886667e+01	8.982430e-02	4.900266e+00
3.890000e+01	8.979302e-02	4.900125e+00
3.893333e+01	8.975292e-02	4.899945e+00
3.896667e+01	8.973941e-02	4.899884e+00
39	8.975191e-02	4.899941e+00
3.903333e+01	8.976956e-02	4.900020e+00
3.906667e+01	8.977627e-02	4.900050e+00
3.910000e+01	8.977136e-02	4.900028e+00
3.913333e+01	8.976360e-02	4.899993e+00
3.916667e+01	8.976033e-02	4.899978e+00
3.920000e+01	8.976222e-02	4.899987e+00
3.923333e+01	8.976561e-02	4.900002e+00
3.926667e+01	8.976719e-02	4.900009e+00
3.930000e+01	8.976648e-02	4.900006e+00
3.933333e+01	8.976500e-02	4.899999e+00
3.936667e+01	8.976425e-02	4.899996e+00
3.940000e+01	8.976451e-02	4.899997e+00
3.943333e+01	8.976515e-02	4.900000e+00
3.946667e+01	8.976550e-02	4.900002e+00
3.950000e+01	8.976541e-02	4.900001e+00
3.953333e+01	8.976514e-02	4.900000e+00
3.956667e+01	8.976497e-02	4.899999e+00
3.960000e+01	8.976500e-02	4.899999e+00
3.963333e+01	8.976512e-02	4.900000e+00
3.966667e+01	8.976520e-02	4.900000e+00
3.970000e+01	8.974996e-02	4.899932e+00
3.973333e+01	8.963351e-02	4.899408e+00
3.976667e+01	8.923777e-02	4.897629e+00
3.980000e+01	8.843957e-02	4.894040e+00
3.983333e+01	8.734456e-02	4.889116e+00
3.986667e+01	8.618273e-02	4.883892e+00
3.990000e+01	8.504330e-02	4.878769e+00
3.993333e+01	8.383189e-02	4.873322e+00
3.996667e+01	8.245478e-02	4.867130e+00
40	8.094467e-02	4.860340e+00
4.003333e+01	7.941376e-02	4.853456e+00
4.006667e+01	7.794347e-02	4.846845e+00
4.010000e+01	7.653496e-02	4.840512e+00
4.013333e+01	7.514125e-02	4.834245e+00
4.016667e+01	7.372377e-02	4.827872e+00
4.020000e+01	7.227897e-02	4.821376e+00
4.023333e+01	7.082627e-02	4.814844e+00
4.026667e+01	6.938310e-02	4.808355e+00
4.030000e+01	6.795200e-02	4.801920e+00
4.033333e+01	6.652491e-02	4.795503e+00
4.036667e+01	6.509402e-02	4.789069e+00
4.040000e+01	6.365782e-02	4.782612e+00
4.043333e+01	6.221961e-02	4.776145e+00
4.046667e+01	6.078290e-02	4.769685e+00
4.050000e+01	5.934853e-02	4.763235e+00
4.053333e+01	5.791513e-02	4.756790e+00
4.056667e+01	5.648115e-02	4.750343e+00
4.060000e+01	5.504616e-02	4.743890e+00
4.063333e+01	5.361069e-02	4.737436e+00
4.066667e+01	5.217544e-02	4.730982e+00
4.070000e+01	5.074064e-02	4.724531e+00
4.073333e+01	4.930606e-02	4.718081e+00
4.076667e+01	4.788663e-02	4.711698e+00
4.080000e+01	4.656818e-02	4.705770e+00
4.083333e+01	4.554415e-02	4.701166e+00
4.086667e+01	4.500860e-02	4.698758e+00
4.090000e+01	4.496330e-02	4.698554e+00
4.093333e+01	4.517880e-02	4.699523e+00
4.096667e+01	4.537360e-02	4.700399e+00
41	4.541090e-02	4.700566e+00
4.103333e+01	4.533245e-02	4.700214e+00
4.106667e+01	4.525023e-02	4.699844e+00
4.110000e+01	4.523056e-02	4.699756e+00
4.113333e+01	4.526226e-02	4.699898e+00
4.116667e+01	4.529847e-02	4.700061e+00
4.120000e+01	4.530868e-02	4.700107e+00
4.123333e+01	4.529582e-02	4.700049e+00
4.126667e+01	4.527979e-02	4.699977e+00
4.130000e+01	4.527457e-02	4.699953e+00
4.133333e+01	4.527972e-02	4.699977e+00
4.136667e+01	4.528680e-02	4.700008e+00
4.140000e+01	4.528941e-02	4.700020e+00
4.143333e+01	4.528737e-02	4.700011e+00
4.146667e+01	4.552027e-02	4.701058e+00
4.150000e+01	4.708725e-02	4.708104e+00
4.153333e+01	5.165321e-02	4.728634e+00
4.156667e+01	5.922546e-02	4.762682e+00
4.160000e+01	6.682388e-02	4.796847e+00
4.163333e+01	7.086501e-02	4.815018e+00
4.166667e+01	7.054380e-02	4.813574e+00
4.170000e+01	6.810278e-02	4.802598e+00
4.173333e+01	6.630905e-02	4.794533e+00
4.176667e+01	6.625088e-02	4.794271e+00
4.180000e+01	6.722041e-02	4.798630e+00
4.183333e+01	6.801626e-02	4.802209e+00
4.186667e+01	6.808616e-02	4.802523e+00
4.190000e+01	6.768328e-02	4.800712e+00
4.193333e+01	6.732573e-02	4.799104e+00
4.196667e+01	6.727652e-02	4.798883e+00
42	6.744420e-02	4.799637e+00
4.203333e+01	6.760486e-02	4.800359e+00
4.206667e+01	6.763470e-02	4.800493e+00
4.210000e+01	6.756542e-02	4.800182e+00
4.213333e+01	6.749352e-02	4.799858e+00
4.216667e+01	6.747683e-02	4.799783e+00
4.220000e+01	6.750521e-02	4.799911e+00
4.223333e+01	6.753724e-02	4.800055e+00
4.226667e+01	6.754611e-02	4.800095e+00
4.230000e+01	6.753460e-02	4.800043e+00
4.233333e+01	6.752040e-02	4.799979e+00
4.236667e+01	6.751584e-02	4.799959e+00
4.240000e+01	6.752045e-02	4.799979e+00
4.243333e+01	6.752672e-02	4.800008e+00
4.246667e+01	6.752901e-02	4.800018e+00
4.250000e+01	6.752718e-02	4.800010e+00
4.253333e+01	6.752443e-02	4.799997e+00
4.256667e+01	6.752331e-02	4.799992e+00
4.260000e+01	6.752401e-02	4.799995e+00
4.263333e+01	6.752522e-02	4.800001e+00
4.266667e+01	6.752576e-02	4.800003e+00
4.270000e+01	6.752549e-02	4.800002e+00
4.273333e+01	6.752497e-02	4.800000e+00
4.276667e+01	6.752471e-02	4.799999e+00
4.280000e+01	6.752481e-02	4.799999e+00
4.283333e+01	6.752504e-02	4.800000e+00
4.286667e+01	6.728915e-02	4.798939e+00
4.290000e+01	6.572086e-02	4.791888e+00
4.293333e+01	6.115559e-02	4.771361e+00
4.296667e+01	5.358465e-02	4.737319e+00
43	4.598685e-02	4.703156e+00
4.303333e+01	4.194547e-02	4.684985e+00
4.306667e+01	4.226611e-02	4.686426e+00
4.310000e+01	4.470683e-02	4.697401e+00
4.313333e+01	4.650065e-02	4.705466e+00
4.316667e+01	4.655907e-02	4.705729e+00
4.320000e+01	4.558968e-02	4.701370e+00
4.323333e+01	4.479380e-02	4.697792e+00
4.326667e+01	4.472379e-02	4.697477e+00
4.330000e+01	4.512661e-02	4.699288e+00
4.333333e+01	4.548417e-02	4.700896e+00
4.336667e+01	4.553342e-02	4.701117e+00
4.340000e+01	4.536577e-02	4.700364e+00
4.343333e+01	4.520511e-02	4.699641e+00
4.346667e+01	4.517525e-02	4.699507e+00
4.350000e+01	4.524452e-02	4.699818e+00
4.353333e+01	4.531642e-02	4.700142e+00
4.356667e+01	4.533311e-02	4.700217e+00
4.360000e+01	4.530474e-02	4.700089e+00
4.363333e+01	4.503670e-02	4.698884e+00
4.366667e+01	4.344384e-02	4.691722e+00
4.370000e+01	3.876988e-02	4.670706e+00
4.373333e+01	3.078858e-02	4.634819e+00
4.376667e+01	2.226597e-02	4.596498e+00
4.380000e+01	1.678406e-02	4.571849e+00
4.383333e+01	1.539310e-02	4.565595e+00
4.386667e+01	1.614761e-02	4.568988e+00
4.390000e+01	1.642206e-02	4.570222e+00
4.393333e+01	1.508162e-02	4.564194e+00
4.396667e+01	1.271562e-02	4.553556e+00
44	1.045667e-02	4.543399e+00
4.403333e+01	8.870038e-03	4.536265e+00
4.406667e+01	7.752231e-03	4.531239e+00
4.410000e+01	6.616830e-03	4.526134e+00
4.413333e+01	5.197225e-03	4.519750e+00
4.416667e+01	3.579458e-03	4.512476e+00
4.420000e+01	2.061696e-03	4.505652e+00
4.423333e+01	9.682420e-04	4.500735e+00
4.426667e+01	4.767603e-04	4.498525e+00
4.430000e+01	4.992005e-04	4.498626e+00
4.433333e+01	7.407229e-04	4.499712e+00
4.436667e+01	9.168781e-04	4.500504e+00
4.440000e+01	9.394529e-04	4.500606e+00
4.443333e+01	9.614411e-04	4.500705e+00
4.446667e+01	1.284659e-03	4.502158e+00
4.450000e+01	2.149178e-03	4.506045e+00
4.453333e+01	3.532936e-03	4.512267e+00
4.456667e+01	5.165081e-03	4.519606e+00
4.460000e+01	6.748353e-03	4.526725e+00
4.463333e+01	8.158805e-03	4.533067e+00
4.466667e+01	9.457813e-03	4.538908e+00
4.470000e+01	1.076541e-02	4.544787e+00
4.473333e+01	1.214285e-02	4.550981e+00
4.476667e+01	1.357027e-02	4.557399e+00
4.480000e+01	1.499691e-02	4.563814e+00
4.483333e+01	1.639415e-02	4.570096e+00
4.486667e+01	1.776871e-02	4.576277e+00
4.490000e+01	1.914236e-02	4.582453e+00
4.493333e+01	2.052839e-02	4.588685e+00
4.496667e+01	2.192471e-02	4.594964e+00
45	2.332200e-02	4.601246e+00
4.503333e+01	2.471410e-02	4.607506e+00
4.506667e+01	2.610155e-02	4.613744e+00
4.510000e+01	2.748833e-02	4.619980e+00
4.513333e+01	2.887727e-02	4.626225e+00
4.516667e+01	3.026830e-02	4.632480e+00
4.520000e+01	3.165972e-02	4.638736e+00
4.523333e+01	3.305026e-02	4.644988e+00
4.526667e+01	3.443987e-02	4.651237e+00
4.530000e+01	3.582925e-02	4.657484e+00
4.533333e+01	3.721900e-02	4.663733e+00
4.536667e+01	3.860916e-02	4.669983e+00
4.540000e+01	3.999944e-02	4.676234e+00
4.543333e+01	4.138957e-02	4.682485e+00
4.546667e+01	4.277952e-02	4.688735e+00
4.550000e+01	4.416941e-02	4.694984e+00
4.553333e+01	4.555935e-02	4.701234e+00
4.556667e+01	4.694938e-02	4.707484e+00
4.560000e+01	4.833944e-02	4.713734e+00
4.563333e+01	4.972947e-02	4.719984e+00
4.566667e+01	5.111947e-02	4.726234e+00
4.570000e+01	5.250946e-02	4.732484e+00
4.573333e+01	5.389945e-02	4.738734e+00
4.576667e+01	5.528946e-02	4.744984e+00
4.580000e+01	5.667947e-02	4.751234e+00
4.583333e+01	5.806949e-02	4.757484e+00
4.586667e+01	5.945949e-02	4.763734e+00
4.590000e+01	6.084950e-02	4.769984e+00
4.593333e+01	6.223950e-02	4.776234e+00
4.596667e+01	6.361476e-02	4.782418e+00
46	6.489200e-02	4.788161e+00
4.603333e+01	6.566266e-02	4.791626e+00
4.606667e+01	6.471116e-02	4.787348e+00
4.610000e+01	6.047517e-02	4.768301e+00
4.613333e+01	5.316876e-02	4.735449e+00
4.616667e+01	4.562112e-02	4.701512e+00
4.620000e+01	4.022790e-02	4.677262e+00
4.623333e+01	3.603142e-02	4.658393e+00
4.626667e+01	3.076821e-02	4.634727e+00
4.630000e+01	2.465886e-02	4.607257e+00
4.633333e+01	2.017684e-02	4.587104e+00
4.636667e+01	1.883564e-02	4.581074e+00
4.640000e+01	1.966767e-02	4.584815e+00
4.643333e+01	2.056637e-02	4.588856e+00
4.646667e+01	2.025736e-02	4.587467e+00
4.650000e+01	1.892742e-02	4.581487e+00
4.653333e+01	1.747386e-02	4.574951e+00
4.656667e+01	1.650865e-02	4.570611e+00
4.660000e+01	1.600061e-02	4.568327e+00
4.663333e+01	1.557210e-02	4.566400e+00
4.666667e+01	1.494270e-02	4.563570e+00
4.670000e+01	1.410899e-02	4.559821e+00
4.673333e+01	1.323016e-02	4.555870e+00
4.676667e+01	1.243375e-02	4.552289e+00
4.680000e+01	1.172840e-02	4.549117e+00
4.683333e+01	1.104727e-02	4.546054e+00
4.686667e+01	1.033264e-02	4.542841e+00
4.690000e+01	9.577582e-03	4.539446e+00
4.693333e+01	8.809992e-03	4.535995e+00
4.696667e+01	8.055871e-03	4.532604e+00
47	7.319618e-03	4.529294e+00
4.703333e+01	6.589678e-03	4.526011e+00
4.706667e+01	5.854394e-03	4.522705e+00
4.710000e+01	5.111248e-03	4.519364e+00
4.713333e+01	4.364987e-03	4.516008e+00
4.716667e+01	3.620810e-03	4.512662e+00
4.720000e+01	2.880079e-03	4.509332e+00
4.723333e+01	2.148727e-03	4.506043e+00
4.726667e+01	1.468853e-03	4.502986e+00
4.730000e+01	9.396498e-04	4.500607e+00
4.733333e+01	6.620839e-04	4.499359e+00
4.736667e+01	8.740845e-04	4.500312e+00
4.740000e+01	2.553693e-03	4.507864e+00
4.743333e+01	6.983877e-03	4.527784e+00
4.746667e+01	1.300606e-02	4.554862e+00
4.750000e+01	1.623417e-02	4.569377e+00
4.753333e+01	1.423033e-02	4.560367e+00
4.756667e+01	1.086680e-02	4.545243e+00
4.760000e+01	1.197681e-02	4.550234e+00
4.763333e+01	1.815776e-02	4.578026e+00
4.766667e+01	2.471951e-02	4.607530e+00
4.770000e+01	2.744591e-02	4.619789e+00
4.773333e+01	2.629991e-02	4.614636e+00
4.776667e+01	2.413687e-02	4.604910e+00
4.780000e+01	2.340862e-02	4.601636e+00
4.783333e+01	2.442949e-02	4.606226e+00
4.786667e+01	2.601830e-02	4.613370e+00
4.790000e+01	2.704927e-02	4.618006e+00
4.793333e+01	2.731175e-02	4.619186e+00
4.796667e+01	2.728930e-02	4.619085e+00
48	2.748553e-02	4.619967e+00
4.803333e+01	2.801877e-02	4.622365e+00
4.806667e+01	2.869151e-02	4.625390e+00
4.810000e+01	2.927965e-02	4.628034e+00
4.813333e+01	2.972044e-02	4.630016e+00
4.816667e+01	3.009389e-02	4.631695e+00
4.820000e+01	3.049934e-02	4.633518e+00
4.823333e+01	3.096895e-02	4.635630e+00
4.826667e+01	3.147067e-02	4.637886e+00
4.830000e+01	3.196067e-02	4.640089e+00
4.833333e+01	3.242286e-02	4.642167e+00
4.836667e+01	3.286989e-02	4.644177e+00
4.840000e+01	3.332102e-02	4.646206e+00
4.843333e+01	3.378415e-02	4.648288e+00
4.846667e+01	3.425438e-02	4.650402e+00
4.850000e+01	3.472326e-02	4.652511e+00
4.853333e+01	3.518700e-02	4.654596e+00
4.856667e+01	3.564744e-02	4.656666e+00
4.860000e+01	3.610827e-02	4.658738e+00
4.863333e+01	3.657129e-02	4.660820e+00
4.866667e+01	3.703583e-02	4.662909e+00
4.870000e+01	3.750030e-02	4.664997e+00
4.873333e+01	3.796383e-02	4.667082e+00
4.876667e+01	3.842667e-02	4.669163e+00
4.880000e+01	3.888949e-02	4.671244e+00
4.883333e+01	3.935272e-02	4.673327e+00
4.886667e+01	3.981626e-02	4.675411e+00
4.890000e+01	4.027982e-02	4.677495e+00
4.893333e+01	4.074322e-02	4.679579e+00
4.896667e+01	4.120647e-02	4.681662e+00
49	4.166970e-02	4.683745e+00
4.903333e+01	4.213301e-02	4.685828e+00
4.906667e+01	4.259638e-02	4.687911e+00
4.910000e+01	4.305976e-02	4.689995e+00
4.913333e+01	4.352311e-02	4.692078e+00
4.916667e+01	4.398643e-02	4.694161e+00
4.920000e+01	4.444483e-02	4.696223e+00
4.923333e+01	4.487057e-02	4.698137e+00
4.926667e+01	4.520121e-02	4.699624e+00
4.930000e+01	4.537413e-02	4.700401e+00
4.933333e+01	4.537061e-02	4.700385e+00
4.936667e+01	4.518040e-02	4.699530e+00
4.940000e+01	4.474818e-02	4.697587e+00
4.943333e+01	4.401497e-02	4.694290e+00
4.946667e+01	4.296589e-02	4.689573e+00
4.950000e+01	4.160923e-02	4.683473e+00
4.953333e+01	3.998346e-02	4.676163e+00
4.956667e+01	3.819332e-02	4.668113e+00
4.960000e+01	3.637662e-02	4.659945e+00
4.963333e+01	3.462257e-02	4.652058e+00
4.966667e+01	3.293489e-02	4.644470e+00
4.970000e+01	3.126608e-02	4.636966e+00
4.973333e+01	2.957505e-02	4.629362e+00
4.976667e+01	2.785582e-02	4.621632e+00
4.980000e+01	2.614525e-02	4.613941e+00
4.983333e+01	2.456403e-02	4.606831e+00
4.986667e+01	2.334630e-02	4.601356e+00
4.990000e+01	2.271561e-02	4.598520e+00
4.993333e+01	2.266595e-02	4.598296e+00
4.996667e+01	2.292177e-02	4.599447e+00
50	2.315064e-02	4.600476e+00
5.003333e+01	2.318634e-02	4.600636e+00
5.006667e+01	2.304161e-02	4.599986e+00
5.010000e+01	2.276305e-02	4.598733e+00
5.013333e+01	2.234225e-02	4.596841e+00
5.016667e+01	2.176456e-02	4.594243e+00
5.020000e+01	2.107627e-02	4.591149e+00
5.023333e+01	2.036633e-02	4.587957e+00
5.026667e+01	1.969907e-02	4.584956e+00
5.030000e+01	1.907952e-02	4.582171e+00
5.033333e+01	1.847447e-02	4.579450e+00
5.036667e+01	1.785389e-02	4.576660e+00
5.040000e+01	1.721275e-02	4.573777e+00
5.043333e+01	1.656431e-02	4.570861e+00
5.046667e+01	1.592192e-02	4.567973e+00
5.050000e+01	1.528852e-02	4.565125e+00
5.053333e+01	1.465871e-02	4.562293e+00
5.056667e+01	1.402653e-02	4.559450e+00
5.060000e+01	1.339042e-02	4.556590e+00
5.063333e+01	1.275257e-02	4.553722e+00
5.066667e+01	1.211563e-02	4.550858e+00
5.070000e+01	1.148040e-02	4.548002e+00
5.073333e+01	1.084600e-02	4.545149e+00
5.076667e+01	1.021127e-02	4.542295e+00
5.080000e+01	9.575790e-03	4.539438e+00
5.083333e+01	8.939919e-03	4.536579e+00
5.086667e+01	8.304167e-03	4.533720e+00
5.090000e+01	7.668736e-03	4.530863e+00
5.093333e+01	7.033491e-03	4.528007e+00
5.096667e+01	6.398206e-03	4.525150e+00
51	5.762782e-03	4.522293e+00
5.103333e+01	5.127272e-03	4.519436e+00
5.106667e+01	4.491774e-03	4.516578e+00
5.110000e+01	3.856336e-03	4.513721e+00
5.113333e+01	3.220937e-03	4.510864e+00
5.116667e+01	2.585535e-03	4.508007e+00
5.120000e+01	1.956851e-03	4.505180e+00
5.123333e+01	1.136946e-03	4.501494e+00
5.126667e+01	-8.847658e-04	4.492403e+00
5.130000e+01	-5.687085e-03	4.470810e+00
5.133333e+01	-1.327802e-02	4.436679e+00
5.136667e+01	-2.078041e-02	4.402945e+00
5.140000e+01	-2.449957e-02	4.386222e+00
5.143333e+01	-2.259418e-02	4.394790e+00
5.146667e+01	-1.561628e-02	4.426165e+00
5.150000e+01	-6.236411e-03	4.468340e+00
5.153333e+01	1.593105e-03	4.503545e+00
5.156667e+01	5.077466e-03	4.519212e+00
5.160000e+01	4.592368e-03	4.517031e+00
5.163333e+01	2.817004e-03	4.509048e+00
5.166667e+01	2.141973e-03	4.506013e+00
5.170000e+01	3.085950e-03	4.510257e+00
5.173333e+01	4.702991e-03	4.517528e+00
5.176667e+01	5.932533e-03	4.523057e+00
5.180000e+01	6.471735e-03	4.525481e+00
5.183333e+01	6.689674e-03	4.526461e+00
5.186667e+01	7.051950e-03	4.528090e+00
5.190000e+01	7.713165e-03	4.531063e+00
5.193333e+01	8.526686e-03	4.534721e+00
5.196667e+01	9.287659e-03	4.538143e+00
52	9.919218e-03	4.540982e+00
5.203333e+01	1.047906e-02	4.543500e+00
5.206667e+01	1.105710e-02	4.546099e+00
5.210000e+01	1.169093e-02	4.548949e+00
5.213333e+01	1.235826e-02	4.551949e+00
5.216667e+01	1.301978e-02	4.554924e+00
5.220000e+01	1.365736e-02	4.557790e+00
5.223333e+01	1.427942e-02	4.560587e+00
5.226667e+01	1.490305e-02	4.563392e+00
5.230000e+01	1.553691e-02	4.566242e+00
5.233333e+01	1.617791e-02	4.569124e+00
5.236667e+01	1.681865e-02	4.572005e+00
5.240000e+01	1.745505e-02	4.574866e+00
5.243333e+01	1.808817e-02	4.577713e+00
5.246667e+01	1.872123e-02	4.580560e+00
5.250000e+01	1.935612e-02	4.583414e+00
5.253333e+01	1.999249e-02	4.586276e+00
5.256667e+01	2.062898e-02	4.589137e+00
5.260000e+01	2.126471e-02	4.591996e+00
5.263333e+01	2.189301e-02	4.594821e+00
5.266667e+01	2.247642e-02	4.597444e+00
5.270000e+01	2.292972e-02	4.599482e+00
5.273333e+01	2.316701e-02	4.600549e+00
5.276667e+01	2.318728e-02	4.600641e+00
5.280000e+01	2.309194e-02	4.600212e+00
5.283333e+01	2.300562e-02	4.599824e+00
5.286667e+01	2.298902e-02	4.599749e+00
5.290000e+01	2.302371e-02	4.599905e+00
5.293333e+01	2.306014e-02	4.600069e+00
5.296667e+01	2.306889e-02	4.600108e+00
53	2.305488e-02	4.600045e+00
5.303333e+01	2.303883e-02	4.599973e+00
5.306667e+01	2.303429e-02	4.599953e+00
5.310000e+01	2.303998e-02	4.599978e+00
5.313333e+01	2.304708e-02	4.600010e+00
5.316667e+01	2.304940e-02	4.600021e+00
5.320000e+01	2.304712e-02	4.600010e+00
5.323333e+01	2.304399e-02	4.599996e+00
5.326667e+01	2.327884e-02	4.601052e+00
5.330000e+01	2.484799e-02	4.608108e+00
5.333333e+01	2.941455e-02	4.628641e+00
5.336667e+01	3.698599e-02	4.662685e+00
5.340000e+01	4.458345e-02	4.696846e+00
5.343333e+01	4.862428e-02	4.715015e+00
5.346667e+01	4.830339e-02	4.713572e+00
5.350000e+01	4.586280e-02	4.702598e+00
5.353333e+01	4.406922e-02	4.694534e+00
5.356667e+01	4.401092e-02	4.694272e+00
5.360000e+01	4.498026e-02	4.698630e+00
5.363333e+01	4.577604e-02	4.702208e+00
5.366667e+01	4.584599e-02	4.702523e+00
5.370000e+01	4.544318e-02	4.700712e+00
5.373333e+01	4.508567e-02	4.699104e+00
5.376667e+01	4.503644e-02	4.698883e+00
5.380000e+01	4.520409e-02	4.699637e+00
5.383333e+01	4.536473e-02	4.700359e+00
5.386667e+01	4.539458e-02	4.700493e+00
5.390000e+01	4.532531e-02	4.700182e+00
5.393333e+01	4.525342e-02	4.699858e+00
5.396667e+01	4.523674e-02	4.699783e+00
54	4.526511e-02	4.699911e+00
5.403333e+01	4.529713e-02	4.700055e+00
5.406667e+01	4.530600e-02	4.700095e+00
5.410000e+01	4.529450e-02	4.700043e+00
5.413333e+01	4.528030e-02	4.699979e+00
5.416667e+01	4.527574e-02	4.699959e+00
5.420000e+01	4.528035e-02	4.699979e+00
5.423333e+01	4.528662e-02	4.700008e+00
5.426667e+01	4.528890e-02	4.700018e+00
5.430000e+01	4.528708e-02	4.700010e+00
5.433333e+01	4.528432e-02	4.699997e+00
5.436667e+01	4.528320e-02	4.699992e+00
5.440000e+01	4.504790e-02	4.698934e+00
5.443333e+01	4.348085e-02	4.691888e+00
5.446667e+01	3.891622e-02	4.671364e+00
5.450000e+01	3.134507e-02	4.637321e+00
5.453333e+01	2.374673e-02	4.603156e+00
5.456667e+01	1.970505e-02	4.584983e+00
5.460000e+01	2.002576e-02	4.586425e+00
5.463333e+01	2.246672e-02	4.597401e+00
5.466667e+01	2.426068e-02	4.605467e+00
5.470000e+01	2.431907e-02	4.605730e+00
5.473333e+01	2.334958e-02	4.601370e+00
5.476667e+01	2.255364e-02	4.597791e+00
5.480000e+01	2.248364e-02	4.597477e+00
5.483333e+01	2.265049e-02	4.598227e+00
5.486667e+01	2.143982e-02	4.592783e+00
5.490000e+01	1.692390e-02	4.572478e+00
5.493333e+01	9.185348e-03	4.537683e+00
5.496667e+01	1.426864e-03	4.502797e+00
55	-2.644423e-03	4.484491e+00
5.503333e+01	-2.270261e-03	4.486174e+00
5.506667e+01	1.220813e-04	4.496931e+00
5.510000e+01	1.507986e-03	4.503162e+00
5.513333e+01	6.086875e-04	4.499119e+00
5.516667e+01	-1.828611e-03	4.488160e+00
5.520000e+01	-4.338677e-03	4.476873e+00
5.523333e+01	-6.081109e-03	4.469039e+00
5.526667e+01	-7.185302e-03	4.464074e+00
5.530000e+01	-8.224811e-03	4.459400e+00
5.533333e+01	-9.577892e-03	4.453316e+00
5.536667e+01	-1.121417e-02	4.445959e+00
5.540000e+01	-1.289253e-02	4.438412e+00
5.543333e+01	-1.444065e-02	4.431451e+00
5.546667e+01	-1.586186e-02	4.425061e+00
5.550000e+01	-1.725823e-02	4.418782e+00
5.553333e+01	-1.869261e-02	4.412333e+00
5.556667e+01	-2.007919e-02	4.406098e+00
5.560000e+01	-2.117512e-02	4.401170e+00
5.563333e+01	-2.174436e-02	4.398611e+00
5.566667e+01	-2.178182e-02	4.398442e+00
5.570000e+01	-2.154263e-02	4.399518e+00
5.573333e+01	-2.133370e-02	4.400457e+00
5.576667e+01	-2.129868e-02	4.400615e+00
5.580000e+01	-2.138694e-02	4.400218e+00
5.583333e+01	-2.147553e-02	4.399820e+00
5.586667e+01	-2.149457e-02	4.399734e+00
5.590000e+01	-2.145870e-02	4.399895e+00
5.593333e+01	-2.141957e-02	4.400071e+00
5.596667e+01	-2.140946e-02	4.400117e+00
56	-2.142409e-02	4.400051e+00
5.603333e+01	-2.144147e-02	4.399973e+00
5.606667e+01	-2.164901e-02	4.399040e+00
5.610000e+01	-2.298732e-02	4.393022e+00
5.613333e+01	-2.689265e-02	4.375462e+00
5.616667e+01	-3.336246e-02	4.346371e+00
5.620000e+01	-3.974834e-02	4.317658e+00
5.623333e+01	-4.276085e-02	4.304113e+00
5.626667e+01	-4.149161e-02	4.309820e+00
5.630000e+01	-3.786020e-02	4.326148e+00
5.633333e+01	-3.449403e-02	4.341283e+00
5.636667e+01	-3.263910e-02	4.349624e+00
5.640000e+01	-3.184049e-02	4.353215e+00
5.643333e+01	-3.102158e-02	4.356897e+00
5.646667e+01	-2.958433e-02	4.363359e+00
5.650000e+01	-2.767212e-02	4.371957e+00
5.653333e+01	-2.574170e-02	4.380637e+00
5.656667e+01	-2.407067e-02	4.388151e+00
5.660000e+01	-2.261453e-02	4.394698e+00
5.663333e+01	-2.117802e-02	4.401157e+00
5.666667e+01	-1.963285e-02	4.408105e+00
5.670000e+01	-1.799066e-02	4.415489e+00
5.673333e+01	-1.633470e-02	4.422935e+00
5.676667e+01	-1.472395e-02	4.430177e+00
5.680000e+01	-1.315680e-02	4.437224e+00
5.683333e+01	-1.159795e-02	4.444233e+00
5.686667e+01	-1.002043e-02	4.451326e+00
5.690000e+01	-8.423407e-03	4.458507e+00
5.693333e+01	-6.821774e-03	4.465708e+00
5.696667e+01	-5.227776e-03	4.472876e+00
57	-3.642465e-03	4.480004e+00
5.703333e+01	-1.840443e-03	4.488106e+00
5.706667e+01	1.184896e-03	4.501709e+00
5.710000e+01	6.914431e-03	4.527472e+00
5.713333e+01	1.530617e-02	4.565204e+00
5.716667e+01	2.372205e-02	4.603045e+00
5.720000e+01	2.904150e-02	4.626963e+00
5.723333e+01	3.042976e-02	4.633206e+00
5.726667e+01	2.962759e-02	4.629599e+00
5.730000e+01	2.918203e-02	4.627595e+00
5.733333e+01	3.061245e-02	4.634027e+00
5.736667e+01	3.376683e-02	4.648210e+00
5.740000e+01	3.749350e-02	4.664967e+00
5.743333e+01	4.079446e-02	4.679809e+00
5.746667e+01	4.345315e-02	4.691764e+00
5.750000e+01	4.584612e-02	4.702523e+00
5.753333e+01	4.839384e-02	4.713979e+00
5.756667e+01	5.121419e-02	4.726660e+00
5.760000e+01	5.415970e-02	4.739904e+00
5.763333e+01	5.704665e-02	4.752885e+00
5.766667e+01	5.981531e-02	4.765334e+00
5.770000e+01	6.249508e-02	4.777383e+00
5.773333e+01	6.523635e-02	4.789709e+00
5.776667e+01	6.926250e-02	4.807812e+00
5.780000e+01	7.826772e-02	4.848303e+00
5.783333e+01	9.664749e-02	4.930946e+00
5.786667e+01	1.235352e-01	5.051843e+00
5.790000e+01	1.499531e-01	5.170628e+00
5.793333e+01	1.652306e-01	5.239322e+00
5.796667e+01	1.663413e-01	5.244316e+00
58	1.592791e-01	5.212561e+00
5.803333e+01	1.517009e-01	5.178487e+00
5.806667e+01	1.462328e-01	5.153900e+00
5.810000e+01	1.414355e-01	5.132330e+00
5.813333e+01	1.366514e-01	5.110819e+00
5.816667e+01	1.333939e-01	5.096172e+00
5.820000e+01	1.329494e-01	5.094173e+00
5.823333e+01	1.346492e-01	5.101816e+00
5.826667e+01	1.366619e-01	5.110866e+00
5.830000e+01	1.377008e-01	5.115537e+00
5.833333e+01	1.377619e-01	5.115812e+00
5.836667e+01	1.375953e-01	5.115063e+00
5.840000e+01	1.378082e-01	5.116020e+00
5.843333e+01	1.384520e-01	5.118915e+00
5.846667e+01	1.392176e-01	5.122357e+00
5.850000e+01	1.398308e-01	5.125114e+00
5.853333e+01	1.402537e-01	5.127016e+00
5.856667e+01	1.406145e-01	5.128638e+00
5.860000e+01	1.410362e-01	5.130534e+00
5.863333e+01	1.415419e-01	5.132808e+00
5.866667e+01	1.420785e-01	5.135221e+00
5.870000e+01	1.425911e-01	5.137526e+00
5.873333e+01	1.430669e-01	5.139665e+00
5.876667e+01	1.435274e-01	5.141736e+00
5.880000e+01	1.439973e-01	5.143848e+00
5.883333e+01	1.444833e-01	5.146034e+00
5.886667e+01	1.449766e-01	5.148252e+00
5.890000e+01	1.454664e-01	5.150454e+00
5.893333e+01	1.459492e-01	5.152625e+00
5.896667e+01	1.464284e-01	5.154780e+00
59	1.469090e-01	5.156941e+00
5.903333e+01	1.473926e-01	5.159115e+00
5.906667e+01	1.478779e-01	5.161297e+00
5.910000e+01	1.483627e-01	5.163477e+00
5.913333e+01	1.488462e-01	5.165651e+00
5.916667e+01	1.493289e-01	5.167822e+00
5.920000e+01	1.498118e-01	5.169993e+00
5.923333e+01	1.502952e-01	5.172166e+00
5.926667e+01	1.507790e-01	5.174342e+00
5.930000e+01	1.512628e-01	5.176517e+00
5.933333e+01	1.517463e-01	5.178691e+00
5.936667e+01	1.522297e-01	5.180864e+00
5.940000e+01	1.527130e-01	5.183038e+00
5.943333e+01	1.531965e-01	5.185212e+00
5.946667e+01	1.536800e-01	5.187386e+00
5.950000e+01	1.541635e-01	5.189560e+00
5.953333e+01	1.546419e-01	5.191711e+00
5.956667e+01	1.550861e-01	5.193708e+00
5.960000e+01	1.554363e-01	5.195282e+00
5.963333e+01	1.556559e-01	5.196270e+00
5.966667e+01	1.558045e-01	5.196938e+00
5.970000e+01	1.559958e-01	5.197798e+00
5.973333e+01	1.562599e-01	5.198986e+00
5.976667e+01	1.565003e-01	5.200067e+00
5.980000e+01	1.566077e-01	5.200550e+00
5.983333e+01	1.565753e-01	5.200404e+00
5.986667e+01	1.566315e-01	5.200657e+00
5.990000e+01	1.575215e-01	5.204659e+00
5.993333e+01	1.602682e-01	5.217009e+00
5.996667e+01	1.647985e-01	5.237379e+00
60	1.690195e-01	5.256358e+00
6.003333e+01	1.701686e-01	5.261525e+00
6.006667e+01	1.671734e-01	5.248057e+00
6.010000e+01	1.613908e-01	5.222056e+00
6.013333e+01	1.551987e-01	5.194214e+00
6.016667e+01	1.501181e-01	5.171370e+00
6.020000e+01	1.461410e-01	5.153487e+00
6.023333e+01	1.424138e-01	5.136729e+00
6.026667e+01	1.382600e-01	5.118051e+00
6.030000e+01	1.336290e-01	5.097229e+00
6.033333e+01	1.288681e-01	5.075822e+00
6.036667e+01	1.242794e-01	5.055189e+00
6.040000e+01	1.197124e-01	5.034655e+00
6.043333e+01	1.141934e-01	5.009839e+00
6.046667e+01	1.065213e-01	4.975342e+00
6.050000e+01	9.726459e-02	4.933720e+00
6.053333e+01	8.946720e-02	4.898660e+00
6.056667e+01	8.629791e-02	4.884410e+00
6.060000e+01	8.879969e-02	4.895659e+00
6.063333e+01	9.594678e-02	4.927795e+00
6.066667e+01	1.050832e-01	4.968876e+00
6.070000e+01	1.124816e-01	5.002142e+00
6.073333e+01	1.154817e-01	5.015632e+00
6.076667e+01	1.144565e-01	5.011022e+00
6.080000e+01	1.120589e-01	5.000241e+00
6.083333e+01	1.107042e-01	4.994150e+00
6.086667e+01	1.109667e-01	4.995330e+00
6.090000e+01	1.119355e-01	4.999686e+00
6.093333e+01	1.125455e-01	5.002429e+00
6.096667e+01	1.124694e-01	5.002087e+00
61	1.120586e-01	5.000240e+00
6.103333e+01	1.117793e-01	4.998984e+00
6.106667e+01	1.117963e-01	4.999060e+00
6.110000e+01	1.119710e-01	4.999846e+00
6.113333e+01	1.120990e-01	5.000422e+00
6.116667e+01	1.120990e-01	5.000421e+00
6.120000e+01	1.120250e-01	5.000089e+00
6.123333e+01	1.119667e-01	4.999827e+00
6.126667e+01	1.119634e-01	4.999812e+00
6.130000e+01	1.119945e-01	4.999952e+00
6.133333e+01	1.120209e-01	5.000071e+00
6.136667e+01	1.120238e-01	5.000084e+00
6.140000e+01	1.120108e-01	5.000025e+00
6.143333e+01	1.119989e-01	4.999972e+00
6.146667e+01	1.119970e-01	4.999963e+00
6.150000e+01	1.120024e-01	4.999987e+00
6.153333e+01	1.120078e-01	5.000011e+00
6.156667e+01	1.120089e-01	5.000016e+00
6.160000e+01	1.120066e-01	5.000006e+00
6.163333e+01	1.120042e-01	4.999996e+00
6.166667e+01	1.120036e-01	4.999993e+00
6.170000e+01	1.120046e-01	4.999997e+00
6.173333e+01	1.120056e-01	5.000002e+00
6.176667e+01	1.120059e-01	5.000003e+00
6.180000e+01	1.120056e-01	5.000001e+00
6.183333e+01	1.120051e-01	4.999999e+00
6.186667e+01	1.120049e-01	4.999999e+00
6.190000e+01	1.120051e-01	4.999999e+00
6.193333e+01	1.117693e-01	4.998939e+00
6.196667e+01	1.102011e-01	4.991888e+00
62	1.056359e-01	4.971361e+00
6.203333e+01	9.806490e-02	4.937319e+00
6.206667e+01	9.046705e-02	4.903156e+00
6.210000e+01	8.642564e-02	4.884984e+00
6.213333e+01	8.674630e-02	4.886426e+00
6.216667e+01	8.918704e-02	4.897401e+00
6.220000e+01	9.098087e-02	4.905466e+00
6.223333e+01	9.080328e-02	4.904668e+00
6.226667e+01	8.826562e-02	4.893258e+00
6.230000e+01	8.290456e-02	4.869152e+00
6.233333e+01	7.526368e-02	4.834796e+00
6.236667e+01	6.806869e-02	4.802445e+00
6.240000e+01	6.438482e-02	4.785880e+00
6.243333e+01	6.475470e-02	4.787544e+00
6.246667e+01	6.702776e-02	4.797764e+00
6.250000e+01	6.866094e-02	4.805108e+00
6.253333e+01	6.868951e-02	4.805236e+00
6.256667e+01	6.778939e-02	4.801189e+00
6.260000e+01	6.706540e-02	4.797933e+00
6.263333e+01	6.701208e-02	4.797694e+00
6.266667e+01	6.738653e-02	4.799377e+00
6.270000e+01	6.771206e-02	4.800841e+00
6.273333e+01	6.775245e-02	4.801023e+00
6.276667e+01	6.759630e-02	4.800320e+00
6.280000e+01	6.744984e-02	4.799662e+00
6.283333e+01	6.742453e-02	4.799548e+00
6.286667e+01	6.748919e-02	4.799839e+00
6.290000e+01	6.731881e-02	4.799073e+00
6.293333e+01	6.576497e-02	4.792086e+00
6.296667e+01	6.117324e-02	4.771440e+00
63	5.357309e-02	4.737267e+00
6.303333e+01	4.596753e-02	4.703069e+00
6.306667e+01	4.193690e-02	4.684946e+00
6.310000e+01	4.227051e-02	4.686446e+00
6.313333e+01	4.471525e-02	4.697439e+00
6.316667e+01	4.650475e-02	4.705485e+00
6.320000e+01	4.655744e-02	4.705722e+00
6.323333e+01	4.558602e-02	4.701354e+00
6.326667e+01	4.477943e-02	4.697727e+00
6.330000e+01	4.461699e-02	4.696997e+00
6.333333e+01	4.469800e-02	4.697361e+00
6.336667e+01	4.441614e-02	4.696094e+00
6.340000e+01	4.365352e-02	4.692665e+00
6.343333e+01	4.277783e-02	4.688727e+00
6.346667e+01	4.208636e-02	4.685618e+00
6.350000e+01	4.146861e-02	4.682840e+00
6.353333e+01	4.062740e-02	4.679058e+00
6.356667e+01	3.945040e-02	4.673766e+00
6.360000e+01	3.808952e-02	4.667647e+00
6.363333e+01	3.676717e-02	4.661701e+00
6.366667e+01	3.558306e-02	4.656377e+00
6.370000e+01	3.448832e-02	4.651454e+00
6.373333e+01	3.338541e-02	4.646495e+00
6.376667e+01	3.222463e-02	4.641276e+00
6.380000e+01	3.102285e-02	4.635872e+00
6.383333e+01	2.982207e-02	4.630473e+00
6.386667e+01	2.864573e-02	4.625184e+00
6.390000e+01	2.748809e-02	4.619979e+00
6.393333e+01	2.633107e-02	4.614776e+00
6.396667e+01	2.516376e-02	4.609528e+00
64	2.398795e-02	4.604241e+00
6.403333e+01	2.281140e-02	4.598950e+00
6.406667e+01	2.163917e-02	4.593680e+00
6.410000e+01	2.047078e-02	4.588426e+00
6.413333e+01	1.930291e-02	4.583175e+00
6.416667e+01	1.813325e-02	4.577916e+00
6.420000e+01	1.696186e-02	4.572649e+00
6.423333e+01	1.579015e-02	4.567380e+00
6.426667e+01	1.461919e-02	4.562115e+00
6.430000e+01	1.344899e-02	4.556854e+00
6.433333e+01	1.227898e-02	4.551593e+00
6.436667e+01	1.110866e-02	4.546330e+00
6.440000e+01	9.937997e-03	4.541067e+00
6.443333e+01	8.767239e-03	4.535803e+00
6.446667e+01	7.596604e-03	4.530539e+00
6.450000e+01	6.426122e-03	4.525276e+00
6.453333e+01	5.268110e-03	4.520069e+00
6.456667e+01	4.192588e-03	4.515233e+00
6.460000e+01	3.568439e-03	4.512427e+00
6.463333e+01	4.534738e-03	4.516772e+00
6.466667e+01	8.582403e-03	4.534971e+00
6.470000e+01	1.553212e-02	4.566220e+00
6.473333e+01	2.248906e-02	4.597501e+00
6.476667e+01	2.613551e-02	4.613897e+00
6.480000e+01	2.578465e-02	4.612319e+00
6.483333e+01	2.353378e-02	4.602199e+00
6.486667e+01	2.191272e-02	4.594910e+00
6.490000e+01	2.188629e-02	4.594791e+00
6.493333e+01	2.278318e-02	4.598824e+00
6.496667e+01	2.350362e-02	4.602063e+00
65	2.355578e-02	4.602297e+00
6.503333e+01	2.318228e-02	4.600618e+00
6.506667e+01	2.285810e-02	4.599160e+00
6.510000e+01	2.281823e-02	4.598981e+00
6.513333e+01	2.297401e-02	4.599682e+00
6.516667e+01	2.311989e-02	4.600338e+00
6.520000e+01	2.314495e-02	4.600450e+00
6.523333e+01	2.308043e-02	4.600160e+00
6.526667e+01	2.301506e-02	4.599866e+00
6.530000e+01	2.300076e-02	4.599802e+00
6.533333e+01	2.302726e-02	4.599921e+00
6.536667e+01	2.305642e-02	4.600052e+00
6.540000e+01	2.306411e-02	4.600087e+00
6.543333e+01	2.305334e-02	4.600038e+00
6.546667e+01	2.304039e-02	4.599980e+00
6.550000e+01	2.303640e-02	4.599962e+00
6.553333e+01	2.304074e-02	4.599982e+00
6.556667e+01	2.304646e-02	4.600007e+00
6.560000e+01	2.304847e-02	4.600016e+00
6.563333e+01	2.304675e-02	4.600009e+00
6.566667e+01	2.304423e-02	4.599997e+00
6.570000e+01	2.304324e-02	4.599993e+00
6.573333e+01	2.304391e-02	4.599996e+00
6.576667e+01	2.304501e-02	4.600001e+00
6.580000e+01	2.304550e-02	4.600003e+00
6.583333e+01	2.304524e-02	4.600002e+00
6.586667e+01	2.304476e-02	4.600000e+00
6.590000e+01	2.304453e-02	4.599999e+00
6.593333e+01	2.304462e-02	4.599999e+00
6.596667e+01	2.304483e-02	4.600000e+00
66	2.304494e-02	4.600001e+00
6.603333e+01	2.304491e-02	4.600000e+00
6.606667e+01	2.302908e-02	4.599929e+00
6.610000e+01	2.290875e-02	4.599388e+00
6.613333e+01	2.248413e-02	4.597479e+00
6.616667e+01	2.155481e-02	4.593300e+00
6.620000e+01	2.011896e-02	4.586844e+00
6.623333e+01	1.841365e-02	4.579177e+00
6.626667e+01	1.672971e-02	4.571605e+00
6.630000e+01	1.520848e-02	4.564765e+00
6.633333e+01	1.380686e-02	4.558463e+00
6.636667e+01	1.240913e-02	4.552178e+00
6.640000e+01	1.094678e-02	4.545603e+00
6.643333e+01	9.431369e-03	4.538789e+00
6.646667e+01	7.911283e-03	4.531954e+00
6.650000e+01	6.418053e-03	4.525240e+00
6.653333e+01	4.964396e-03	4.518704e+00
6.656667e+01	3.618575e-03	4.512652e+00
6.660000e+01	2.786198e-03	4.508910e+00
6.663333e+01	3.691259e-03	4.512979e+00
6.666667e+01	7.897983e-03	4.531894e+00
6.670000e+01	1.494806e-02	4.563594e+00
6.673333e+01	2.067446e-02	4.589342e+00
6.676667e+01	1.992303e-02	4.585963e+00
6.680000e+01	1.197318e-02	4.550218e+00
6.683333e+01	2.011604e-03	4.505427e+00
6.686667e+01	-3.725797e-03	4.479629e+00
6.690000e+01	-3.427611e-03	4.480970e+00
6.693333e+01	-4.440294e-05	4.496182e+00
6.696667e+01	2.503432e-03	4.507638e+00
67	2.614225e-03	4.508136e+00
6.703333e+01	1.252187e-03	4.502012e+00
6.706667e+01	1.169219e-04	4.496907e+00
6.710000e+01	6.114561e-06	4.496409e+00
6.713333e+01	5.727608e-04	4.498957e+00
6.716667e+01	1.083081e-03	4.501252e+00
6.720000e+01	1.158178e-03	4.501589e+00
6.723333e+01	9.226462e-04	4.500530e+00
6.726667e+01	6.935077e-04	4.499500e+00
6.730000e+01	6.488483e-04	4.499299e+00
6.733333e+01	7.460078e-04	4.499736e+00
6.736667e+01	8.484556e-04	4.500197e+00
6.740000e+01	8.731377e-04	4.500308e+00
6.743333e+01	8.334176e-04	4.500129e+00
6.746667e+01	7.878227e-04	4.499924e+00
6.750000e+01	7.748026e-04	4.499866e+00
6.753333e+01	7.908744e-04	4.499938e+00
6.756667e+01	8.110758e-04	4.500029e+00
6.760000e+01	8.177265e-04	4.500059e+00
6.763333e+01	8.113016e-04	4.500030e+00
6.766667e+01	8.023905e-04	4.499990e+00
6.770000e+01	7.990728e-04	4.499975e+00
6.773333e+01	5.655939e-04	4.498925e+00
6.776667e+01	-9.987436e-04	4.491891e+00
6.780000e+01	-5.562298e-03	4.471371e+00
6.783333e+01	-1.313416e-02	4.437326e+00
6.786667e+01	-2.073368e-02	4.403155e+00
6.790000e+01	-2.477589e-02	4.384980e+00
6.793333e+01	-2.445490e-02	4.386423e+00
6.796667e+01	-2.201343e-02	4.397401e+00
68	-2.021922e-02	4.405468e+00
6.803333e+01	-1.992491e-02	4.406792e+00
6.806667e+01	-1.931889e-02	4.409517e+00
6.810000e+01	-1.549249e-02	4.426722e+00
6.813333e+01	-7.789371e-03	4.461358e+00
6.816667e+01	6.539450e-04	4.499322e+00
6.820000e+01	5.736763e-03	4.522176e+00
6.823333e+01	6.277440e-03	4.524607e+00
6.826667e+01	4.470874e-03	4.516484e+00
6.830000e+01	3.240720e-03	4.510953e+00
6.833333e+01	3.819874e-03	4.513557e+00
6.836667e+01	5.524150e-03	4.521220e+00
6.840000e+01	7.088313e-03	4.528253e+00
6.843333e+01	7.896641e-03	4.531888e+00
6.846667e+01	8.189290e-03	4.533204e+00
6.850000e+01	8.510758e-03	4.534649e+00
6.853333e+01	9.152335e-03	4.537534e+00
6.856667e+01	1.002964e-02	4.541479e+00
6.860000e+01	1.090798e-02	4.545428e+00
6.863333e+01	1.165097e-02	4.548769e+00
6.866667e+01	1.228660e-02	4.551627e+00
6.870000e+01	1.291575e-02	4.554456e+00
6.873333e+01	1.360181e-02	4.557541e+00
6.876667e+01	1.433651e-02	4.560844e+00
6.880000e+01	1.507670e-02	4.564172e+00
6.883333e+01	1.579311e-02	4.567394e+00
6.886667e+01	1.648761e-02	4.570516e+00
6.890000e+01	1.717854e-02	4.573623e+00
6.893333e+01	1.787932e-02	4.576774e+00
6.896667e+01	1.858995e-02	4.579969e+00
69	1.930263e-02	4.583174e+00
6.903333e+01	2.001126e-02	4.586360e+00
6.906667e+01	2.071550e-02	4.589527e+00
6.910000e+01	2.141862e-02	4.592688e+00
6.913333e+01	2.212340e-02	4.595857e+00
6.916667e+01	2.283012e-02	4.599035e+00
6.920000e+01	2.353743e-02	4.602215e+00
6.923333e+01	2.424407e-02	4.605392e+00
6.926667e+01	2.494985e-02	4.608566e+00
6.930000e+01	2.565533e-02	4.611738e+00
6.933333e+01	2.636108e-02	4.614911e+00
6.936667e+01	2.706720e-02	4.618086e+00
6.940000e+01	2.777348e-02	4.621262e+00
6.943333e+01	2.847965e-02	4.624437e+00
6.946667e+01	2.918565e-02	4.627612e+00
6.950000e+01	2.989158e-02	4.630786e+00
6.953333e+01	3.059756e-02	4.633960e+00
6.956667e+01	3.130360e-02	4.637135e+00
6.960000e+01	3.200968e-02	4.640309e+00
6.963333e+01	3.271574e-02	4.643484e+00
6.966667e+01	3.342178e-02	4.646659e+00
6.970000e+01	3.412779e-02	4.649833e+00
6.973333e+01	3.483381e-02	4.653008e+00
6.976667e+01	3.553985e-02	4.656182e+00
6.980000e+01	3.624589e-02	4.659357e+00
6.983333e+01	3.695193e-02	4.662532e+00
6.986667e+01	3.765797e-02	4.665706e+00
6.990000e+01	3.836400e-02	4.668881e+00
6.993333e+01	3.907003e-02	4.672055e+00
6.996667e+01	3.977607e-02	4.675230e+00
70	4.048210e-02	4.678405e+00
7.003333e+01	4.118814e-02	4.681579e+00
7.006667e+01	4.189418e-02	4.684754e+00
7.010000e+01	4.260021e-02	4.687929e+00
7.013333e+01	4.330625e-02	4.691103e+00
7.016667e+01	4.400479e-02	4.694244e+00
7.020000e+01	4.465354e-02	4.697161e+00
7.023333e+01	4.515738e-02	4.699427e+00
7.026667e+01	4.542086e-02	4.700611e+00
7.030000e+01	4.567916e-02	4.701773e+00
7.033333e+01	4.714139e-02	4.708347e+00
7.036667e+01	5.161074e-02	4.728443e+00
7.040000e+01	5.892725e-02	4.761341e+00
7.043333e+01	6.499541e-02	4.788626e+00
7.046667e+01	6.451210e-02	4.786453e+00
7.050000e+01	5.663028e-02	4.751013e+00
7.053333e+01	4.657616e-02	4.705806e+00
7.056667e+01	4.072308e-02	4.679488e+00
7.060000e+01	4.098024e-02	4.680645e+00
7.063333e+01	4.439668e-02	4.696006e+00
7.066667e+01	4.699430e-02	4.707686e+00
7.070000e+01	4.712530e-02	4.708275e+00
7.073333e+01	4.575056e-02	4.702094e+00
7.076667e+01	4.459363e-02	4.696892e+00
7.080000e+01	4.447308e-02	4.696350e+00
7.083333e+01	4.504455e-02	4.698919e+00
7.086667e+01	4.556430e-02	4.701256e+00
7.090000e+01	4.564405e-02	4.701615e+00
7.093333e+01	4.540674e-02	4.700548e+00
7.096667e+01	4.517351e-02	4.699499e+00
71	4.512665e-02	4.699288e+00
7.103333e+01	4.522444e-02	4.699728e+00
7.106667e+01	4.532865e-02	4.700197e+00
7.110000e+01	4.535437e-02	4.700312e+00
7.113333e+01	4.531444e-02	4.700133e+00
7.116667e+01	4.526808e-02	4.699924e+00
7.120000e+01	4.525458e-02	4.699864e+00
7.123333e+01	4.527072e-02	4.699936e+00
7.126667e+01	4.529124e-02	4.700028e+00
7.130000e+01	4.553412e-02	4.701121e+00
7.133333e+01	4.709594e-02	4.708143e+00
7.136667e+01	5.165207e-02	4.728629e+00
7.140000e+01	5.921953e-02	4.762655e+00
7.143333e+01	6.681987e-02	4.796829e+00
7.146667e+01	7.086527e-02	4.815019e+00
7.150000e+01	7.054632e-02	4.813585e+00
7.153333e+01	6.810462e-02	4.802606e+00
7.156667e+01	6.630905e-02	4.794532e+00
7.160000e+01	6.624981e-02	4.794266e+00
7.163333e+01	6.721957e-02	4.798627e+00
7.166667e+01	6.801622e-02	4.802209e+00
7.170000e+01	6.808661e-02	4.802525e+00
7.173333e+01	6.768366e-02	4.800713e+00
7.176667e+01	6.732577e-02	4.799104e+00
7.180000e+01	6.727633e-02	4.798882e+00
7.183333e+01	6.744403e-02	4.799636e+00
7.186667e+01	6.760483e-02	4.800359e+00
7.190000e+01	6.763478e-02	4.800493e+00
7.193333e+01	6.756549e-02	4.800182e+00
7.196667e+01	6.749354e-02	4.799858e+00
72	6.747680e-02	4.799783e+00
7.203333e+01	6.750518e-02	4.799911e+00
7.206667e+01	6.753723e-02	4.800055e+00
7.210000e+01	6.754612e-02	4.800095e+00
7.213333e+01	6.777063e-02	4.801104e+00
7.216667e+01	6.932466e-02	4.808092e+00
7.220000e+01	7.388528e-02	4.828598e+00
7.223333e+01	8.146077e-02	4.862660e+00
7.226667e+01	8.906485e-02	4.896851e+00
7.230000e+01	9.310857e-02	4.915033e+00
7.233333e+01	9.278613e-02	4.913584e+00
7.236667e+01	9.034265e-02	4.902597e+00
7.240000e+01	8.854768e-02	4.894526e+00
7.243333e+01	8.848996e-02	4.894266e+00
7.246667e+01	8.946056e-02	4.898631e+00
7.250000e+01	9.025699e-02	4.902212e+00
7.253333e+01	9.032673e-02	4.902525e+00
7.256667e+01	8.992339e-02	4.900712e+00
7.260000e+01	8.956557e-02	4.899103e+00
7.263333e+01	8.951641e-02	4.898882e+00
7.266667e+01	8.968429e-02	4.899637e+00
7.270000e+01	8.984508e-02	4.900359e+00
7.273333e+01	8.987490e-02	4.900494e+00
7.276667e+01	8.980553e-02	4.900182e+00
7.280000e+01	8.973358e-02	4.899858e+00
7.283333e+01	8.971690e-02	4.899783e+00
7.286667e+01	8.974531e-02	4.899911e+00
7.290000e+01	8.977736e-02	4.900055e+00
7.293333e+01	8.978623e-02	4.900095e+00
7.296667e+01	8.977471e-02	4.900043e+00
73	8.999651e-02	4.901040e+00
7.303333e+01	9.156020e-02	4.908071e+00
7.306667e+01	9.613000e-02	4.928619e+00
7.310000e+01	1.037166e-01	4.962731e+00
7.313333e+01	1.113889e-01	4.997229e+00
7.316667e+01	1.156832e-01	5.016538e+00
7.320000e+01	1.159175e-01	5.017591e+00
7.323333e+01	1.143372e-01	5.010485e+00
7.326667e+01	1.135672e-01	5.007023e+00
7.330000e+01	1.145203e-01	5.011309e+00
7.333333e+01	1.164030e-01	5.019774e+00
7.336667e+01	1.180396e-01	5.027133e+00
7.340000e+01	1.189477e-01	5.031216e+00
7.343333e+01	1.194221e-01	5.033349e+00
7.346667e+01	1.199738e-01	5.035830e+00
7.350000e+01	1.208369e-01	5.039710e+00
7.353333e+01	1.219006e-01	5.044493e+00
7.356667e+01	1.229428e-01	5.049180e+00
7.360000e+01	1.238523e-01	5.053269e+00
7.363333e+01	1.246693e-01	5.056942e+00
7.366667e+01	1.254902e-01	5.060634e+00
7.370000e+01	1.263676e-01	5.064578e+00
7.373333e+01	1.272872e-01	5.068713e+00
7.376667e+01	1.282075e-01	5.072852e+00
7.380000e+01	1.291041e-01	5.076883e+00
7.383333e+01	1.299814e-01	5.080828e+00
7.386667e+01	1.308573e-01	5.084766e+00
7.390000e+01	1.317432e-01	5.088749e+00
7.393333e+01	1.326378e-01	5.092772e+00
7.396667e+01	1.335334e-01	5.096799e+00
74	1.344250e-01	5.100808e+00
7.403333e+01	1.353126e-01	5.104799e+00
7.406667e+01	1.361995e-01	5.108787e+00
7.410000e+01	1.370881e-01	5.112782e+00
7.413333e+01	1.379785e-01	5.116786e+00
7.416667e+01	1.388693e-01	5.120791e+00
7.420000e+01	1.397594e-01	5.124793e+00
7.423333e+01	1.406487e-01	5.128792e+00
7.426667e+01	1.415378e-01	5.132790e+00
7.430000e+01	1.424271e-01	5.136789e+00
7.433333e+01	1.433169e-01	5.140789e+00
7.436667e+01	1.442067e-01	5.144790e+00
7.440000e+01	1.450964e-01	5.148791e+00
7.443333e+01	1.459860e-01	5.152790e+00
7.446667e+01	1.468755e-01	5.156790e+00
7.450000e+01	1.477650e-01	5.160790e+00
7.453333e+01	1.486546e-01	5.164790e+00
7.456667e+01	1.495443e-01	5.168790e+00
7.460000e+01	1.504339e-01	5.172790e+00
7.463333e+01	1.513235e-01	5.176790e+00
7.466667e+01	1.522131e-01	5.180790e+00
7.470000e+01	1.531027e-01	5.184790e+00
7.473333e+01	1.539923e-01	5.188790e+00
7.476667e+01	1.551085e-01	5.193809e+00
7.480000e+01	1.579662e-01	5.206658e+00
7.483333e+01	1.663027e-01	5.244142e+00
7.486667e+01	1.833359e-01	5.320730e+00
7.490000e+01	2.060821e-01	5.423006e+00
7.493333e+01	2.250216e-01	5.508165e+00
7.496667e+01	2.320840e-01	5.539920e+00
75	2.277116e-01	5.520260e+00
7.503333e+01	2.191270e-01	5.481660e+00
7.506667e+01	2.132064e-01	5.455039e+00
7.510000e+01	2.117749e-01	5.448602e+00
7.513333e+01	2.124155e-01	5.451483e+00
7.516667e+01	2.121435e-01	5.450260e+00
7.520000e+01	2.099684e-01	5.440480e+00
7.523333e+01	2.068191e-01	5.426319e+00
7.526667e+01	2.039981e-01	5.413635e+00
7.530000e+01	2.019977e-01	5.404640e+00
7.533333e+01	2.004542e-01	5.397700e+00
7.536667e+01	1.987973e-01	5.390250e+00
7.540000e+01	1.967869e-01	5.381211e+00
7.543333e+01	1.945633e-01	5.371212e+00
7.546667e+01	1.923756e-01	5.361376e+00
7.550000e+01	1.903396e-01	5.352221e+00
7.553333e+01	1.884024e-01	5.343511e+00
7.556667e+01	1.864555e-01	5.334757e+00
7.560000e+01	1.844439e-01	5.325712e+00
7.563333e+01	1.823869e-01	5.316463e+00
7.566667e+01	1.803313e-01	5.307220e+00
7.570000e+01	1.783033e-01	5.298101e+00
7.573333e+01	1.762960e-01	5.289076e+00
7.576667e+01	1.742892e-01	5.280053e+00
7.580000e+01	1.722709e-01	5.270977e+00
7.583333e+01	1.702431e-01	5.261860e+00
7.586667e+01	1.682146e-01	5.252739e+00
7.590000e+01	1.661909e-01	5.243639e+00
7.593333e+01	1.641715e-01	5.234559e+00
7.596667e+01	1.621526e-01	5.225482e+00
76	1.601532e-01	5.216492e+00
7.603333e+01	1.582944e-01	5.208134e+00
7.606667e+01	1.568503e-01	5.201641e+00
7.610000e+01	1.560953e-01	5.198246e+00
7.613333e+01	1.560319e-01	5.197961e+00
7.616667e+01	1.563361e-01	5.199328e+00
7.620000e+01	1.563842e-01	5.199545e+00
7.623333e+01	1.549310e-01	5.193011e+00
7.626667e+01	1.504377e-01	5.172807e+00
7.630000e+01	1.430584e-01	5.139627e+00
7.633333e+01	1.357730e-01	5.106869e+00
7.636667e+01	1.320653e-01	5.090198e+00
7.640000e+01	1.327030e-01	5.093065e+00
7.643333e+01	1.354912e-01	5.105602e+00
7.646667e+01	1.377068e-01	5.115564e+00
7.650000e+01	1.382454e-01	5.117986e+00
7.653333e+01	1.377638e-01	5.115820e+00
7.656667e+01	1.374275e-01	5.114308e+00
7.660000e+01	1.377896e-01	5.115936e+00
7.663333e+01	1.386187e-01	5.119664e+00
7.666667e+01	1.394137e-01	5.123239e+00
7.670000e+01	1.399126e-01	5.125482e+00
7.673333e+01	1.401979e-01	5.126765e+00
7.676667e+01	1.404856e-01	5.128058e+00
7.680000e+01	1.408986e-01	5.129916e+00
7.683333e+01	1.414092e-01	5.132211e+00
7.686667e+01	1.419242e-01	5.134527e+00
7.690000e+01	1.423864e-01	5.136605e+00
7.693333e+01	1.428043e-01	5.138485e+00
7.696667e+01	1.432179e-01	5.140344e+00
77	1.436536e-01	5.142303e+00
7.703333e+01	1.441092e-01	5.144352e+00
7.706667e+01	1.445679e-01	5.146414e+00
7.710000e+01	1.450173e-01	5.148435e+00
7.713333e+01	1.454578e-01	5.150415e+00
7.716667e+01	1.458965e-01	5.152388e+00
7.720000e+01	1.463390e-01	5.154378e+00
7.723333e+01	1.467855e-01	5.156385e+00
7.726667e+01	1.472330e-01	5.158397e+00
7.730000e+01	1.476789e-01	5.160402e+00
7.733333e+01	1.481230e-01	5.162399e+00
7.736667e+01	1.485667e-01	5.164394e+00
7.740000e+01	1.490109e-01	5.166392e+00
7.743333e+01	1.494560e-01	5.168393e+00
7.746667e+01	1.499013e-01	5.170395e+00
7.750000e+01	1.503464e-01	5.172396e+00
7.753333e+01	1.507911e-01	5.174396e+00
7.756667e+01	1.512357e-01	5.176395e+00
7.760000e+01	1.516803e-01	5.178394e+00
7.763333e+01	1.521252e-01	5.180395e+00
7.766667e+01	1.525701e-01	5.182395e+00
7.770000e+01	1.530149e-01	5.184395e+00
7.773333e+01	1.534597e-01	5.186395e+00
7.776667e+01	1.539045e-01	5.188395e+00
7.780000e+01	1.543493e-01	5.190395e+00
7.783333e+01	1.547941e-01	5.192395e+00
7.786667e+01	1.552389e-01	5.194395e+00
7.790000e+01	1.556790e-01	5.196374e+00
7.793333e+01	1.560877e-01	5.198212e+00
7.796667e+01	1.564051e-01	5.199639e+00
78	1.565711e-01	5.200385e+00
7.803333e+01	1.565851e-01	5.200448e+00
7.806667e+01	1.565183e-01	5.200148e+00
7.810000e+01	1.564580e-01	5.199876e+00
7.813333e+01	1.564464e-01	5.199824e+00
7.816667e+01	1.564707e-01	5.199934e+00
7.820000e+01	1.562602e-01	5.198987e+00
7.823333e+01	1.546980e-01	5.191963e+00
7.826667e+01	1.501230e-01	5.171392e+00
7.830000e+01	1.425409e-01	5.137300e+00
7.833333e+01	1.349400e-01	5.103123e+00
7.836667e+01	1.309025e-01	5.084969e+00
7.840000e+01	1.312281e-01	5.086433e+00
7.843333e+01	1.334344e-01	5.096354e+00
7.846667e+01	1.336584e-01	5.097361e+00
7.850000e+01	1.291495e-01	5.077087e+00
7.853333e+01	1.203724e-01	5.037622e+00
7.856667e+01	1.104111e-01	4.992832e+00
7.860000e+01	1.017354e-01	4.953823e+00
7.863333e+01	9.465235e-02	4.921975e+00
7.866667e+01	8.828433e-02	4.893342e+00
7.870000e+01	8.128439e-02	4.861867e+00
7.873333e+01	7.218339e-02	4.820946e+00
7.876667e+01	6.018111e-02	4.766979e+00
7.880000e+01	4.618928e-02	4.704066e+00
7.883333e+01	3.344936e-02	4.646783e+00
7.886667e+01	2.602279e-02	4.613390e+00
7.890000e+01	2.560108e-02	4.611494e+00
7.893333e+01	3.014490e-02	4.631925e+00
7.896667e+01	3.583411e-02	4.657506e+00
79	4.001079e-02	4.676286e+00
7.903333e+01	4.241302e-02	4.687087e+00
7.906667e+01	4.426731e-02	4.695424e+00
7.910000e+01	4.669023e-02	4.706319e+00
7.913333e+01	4.986864e-02	4.720610e+00
7.916667e+01	5.331329e-02	4.736099e+00
7.920000e+01	5.653252e-02	4.750574e+00
7.923333e+01	5.942095e-02	4.763561e+00
7.926667e+01	6.214748e-02	4.775821e+00
7.930000e+01	6.475321e-02	4.787537e+00
7.933333e+01	6.689520e-02	4.797168e+00
7.936667e+01	6.809107e-02	4.802545e+00
7.940000e+01	6.824009e-02	4.803215e+00
7.943333e+01	6.778700e-02	4.801178e+00
7.946667e+01	6.734628e-02	4.799196e+00
7.950000e+01	6.724359e-02	4.798735e+00
7.953333e+01	6.740756e-02	4.799472e+00
7.956667e+01	6.759372e-02	4.800309e+00
7.960000e+01	6.764611e-02	4.800544e+00
7.963333e+01	6.758050e-02	4.800249e+00
7.966667e+01	6.749879e-02	4.799882e+00
7.970000e+01	6.747232e-02	4.799763e+00
7.973333e+01	6.749863e-02	4.799881e+00
7.976667e+01	6.753467e-02	4.800043e+00
7.980000e+01	6.732761e-02	4.799112e+00
7.983333e+01	6.585351e-02	4.792484e+00
7.986667e+01	6.157684e-02	4.773255e+00
7.990000e+01	5.451993e-02	4.741524e+00
7.993333e+01	4.755296e-02	4.710198e+00
7.996667e+01	4.421252e-02	4.695178e+00
80	4.544425e-02	4.700716e+00
8.003333e+01	4.915661e-02	4.717409e+00
8.006667e+01	5.253314e-02	4.732591e+00
8.010000e+01	5.427011e-02	4.740401e+00
8.013333e+01	5.488712e-02	4.743175e+00
8.016667e+01	5.554722e-02	4.746143e+00
8.020000e+01	5.688032e-02	4.752137e+00
8.023333e+01	5.871844e-02	4.760402e+00
8.026667e+01	6.056701e-02	4.768714e+00
8.030000e+01	6.213274e-02	4.775754e+00
8.033333e+01	6.346956e-02	4.781765e+00
8.036667e+01	6.477350e-02	4.787628e+00
8.040000e+01	6.632762e-02	4.794616e+00
8.043333e+01	6.901316e-02	4.806691e+00
8.046667e+01	7.420398e-02	4.830031e+00
8.050000e+01	8.160847e-02	4.863325e+00
8.053333e+01	8.739161e-02	4.889328e+00
8.056667e+01	8.663466e-02	4.885924e+00
8.060000e+01	7.869316e-02	4.850216e+00
8.063333e+01	6.874509e-02	4.805486e+00
8.066667e+01	6.300882e-02	4.779693e+00
8.070000e+01	6.329697e-02	4.780989e+00
8.073333e+01	6.667068e-02	4.796159e+00
8.076667e+01	6.921685e-02	4.807607e+00
8.080000e+01	6.933199e-02	4.808125e+00
8.083333e+01	6.797446e-02	4.802021e+00
8.086667e+01	6.684026e-02	4.796921e+00
8.090000e+01	6.672769e-02	4.796415e+00
8.093333e+01	6.729233e-02	4.798954e+00
8.096667e+01	6.780208e-02	4.801246e+00
81	6.787788e-02	4.801587e+00
8.103333e+01	6.764324e-02	4.800532e+00
8.106667e+01	6.741440e-02	4.799503e+00
8.110000e+01	6.736945e-02	4.799300e+00
8.113333e+01	6.746622e-02	4.799736e+00
8.116667e+01	6.756852e-02	4.800196e+00
8.120000e+01	6.759331e-02	4.800307e+00
8.123333e+01	6.755377e-02	4.800129e+00
8.126667e+01	6.750824e-02	4.799925e+00
8.130000e+01	6.749518e-02	4.799866e+00
8.133333e+01	6.751118e-02	4.799938e+00
8.136667e+01	6.753134e-02	4.800028e+00
8.140000e+01	6.753801e-02	4.800058e+00
8.143333e+01	6.753162e-02	4.800030e+00
8.146667e+01	6.752272e-02	4.799990e+00
8.150000e+01	6.751940e-02	4.799975e+00
8.153333e+01	6.752192e-02	4.799986e+00
8.156667e+01	6.752582e-02	4.800004e+00
8.160000e+01	6.752745e-02	4.800011e+00
8.163333e+01	6.752648e-02	4.800007e+00
8.166667e+01	6.776078e-02	4.801060e+00
8.170000e+01	6.932825e-02	4.808108e+00
8.173333e+01	7.389379e-02	4.828636e+00
0	0	0
