0	1.033909e-02	5.362541e+00
3.333333e-02	1.676199e-02	5.396632e+00
6.666667e-02	2.021127e-02	5.414939e+00
1.000000e-01	1.998087e-02	5.413716e+00
1.333333e-01	1.797234e-02	5.403056e+00
1.666667e-01	1.655663e-02	5.395542e+00
2.000000e-01	1.667082e-02	5.396148e+00
2.333333e-01	1.769667e-02	5.401593e+00
2.666667e-01	1.858051e-02	5.406284e+00
3.000000e-01	1.883088e-02	5.407613e+00
3.333333e-01	1.866276e-02	5.406720e+00
3.666667e-01	1.852912e-02	5.406011e+00
4.000000e-01	1.866378e-02	5.406726e+00
4.333333e-01	1.899005e-02	5.408457e+00
4.666667e-01	1.931248e-02	5.410169e+00
5.000000e-01	1.952122e-02	5.411277e+00
5.333333e-01	1.964252e-02	5.411921e+00
5.666667e-01	1.976053e-02	5.412547e+00
6.000000e-01	1.992645e-02	5.413428e+00
6.333333e-01	2.013208e-02	5.414519e+00
6.666667e-01	2.034135e-02	5.415630e+00
7.000000e-01	2.053055e-02	5.416634e+00
7.333333e-01	2.070180e-02	5.417543e+00
7.666667e-01	2.087051e-02	5.418438e+00
8.000000e-01	2.104757e-02	5.419378e+00
8.333333e-01	2.123269e-02	5.420361e+00
8.666667e-01	2.141934e-02	5.421351e+00
9.000000e-01	2.160255e-02	5.422324e+00
9.333333e-01	2.178215e-02	5.423277e+00
9.666667e-01	2.196090e-02	5.424226e+00
1	2.214105e-02	5.425182e+00
1.033333e+00	2.232282e-02	5.426147e+00
1.066667e+00	2.250503e-02	5.427114e+00
1.100000e+00	2.268668e-02	5.428078e+00
1.133333e+00	2.286761e-02	5.429038e+00
1.166667e+00	2.304831e-02	5.429997e+00
1.200000e+00	2.322924e-02	5.430958e+00
1.233333e+00	2.341048e-02	5.431920e+00
1.266667e+00	2.359184e-02	5.432882e+00
1.300000e+00	2.377311e-02	5.433844e+00
1.333333e+00	2.395424e-02	5.434806e+00
1.366667e+00	2.413532e-02	5.435767e+00
1.400000e+00	2.431643e-02	5.436728e+00
1.433333e+00	2.449760e-02	5.437690e+00
1.466667e+00	2.467880e-02	5.438651e+00
1.500000e+00	2.485998e-02	5.439613e+00
1.533333e+00	2.504114e-02	5.440575e+00
1.566667e+00	2.522228e-02	5.441536e+00
1.600000e+00	2.540343e-02	5.442498e+00
1.633333e+00	2.558459e-02	5.443459e+00
1.666667e+00	2.576576e-02	5.444421e+00
1.700000e+00	2.594692e-02	5.445382e+00
1.733333e+00	2.612808e-02	5.446344e+00
1.766667e+00	2.630924e-02	5.447305e+00
1.800000e+00	2.649040e-02	5.448267e+00
1.833333e+00	2.667156e-02	5.449228e+00
1.866667e+00	2.685272e-02	5.450190e+00
1.900000e+00	2.703388e-02	5.451151e+00
1.933333e+00	2.721504e-02	5.452113e+00
1.966667e+00	2.739620e-02	5.453075e+00
2	2.757736e-02	5.454036e+00
2.033333e+00	2.775852e-02	5.454998e+00
2.066667e+00	2.793968e-02	5.455959e+00
2.100000e+00	2.812085e-02	5.456921e+00
2.133333e+00	2.830201e-02	5.457882e+00
2.166667e+00	2.848317e-02	5.458844e+00
2.200000e+00	2.866433e-02	5.459805e+00
2.233333e+00	2.884549e-02	5.460767e+00
2.266667e+00	2.902665e-02	5.461728e+00
2.300000e+00	2.920781e-02	5.462690e+00
2.333333e+00	2.938897e-02	5.463651e+00
2.366667e+00	2.957013e-02	5.464613e+00
2.400000e+00	2.975129e-02	5.465575e+00
2.433333e+00	2.993245e-02	5.466536e+00
2.466667e+00	3.011361e-02	5.467498e+00
2.500000e+00	3.029477e-02	5.468459e+00
2.533333e+00	3.047593e-02	5.469421e+00
2.566667e+00	3.065709e-02	5.470382e+00
2.600000e+00	3.083825e-02	5.471344e+00
2.633333e+00	3.101941e-02	5.472305e+00
2.666667e+00	3.120057e-02	5.473267e+00
2.700000e+00	3.138173e-02	5.474228e+00
2.733333e+00	3.156289e-02	5.475190e+00
2.766667e+00	3.174405e-02	5.476151e+00
2.800000e+00	3.192521e-02	5.477113e+00
2.833333e+00	3.210637e-02	5.478075e+00
2.866667e+00	3.228753e-02	5.479036e+00
2.900000e+00	3.246869e-02	5.479998e+00
2.933333e+00	3.264985e-02	5.480959e+00
2.966667e+00	3.283101e-02	5.481921e+00
3	3.301218e-02	5.482882e+00
3.033333e+00	3.319334e-02	5.483844e+00
3.066667e+00	3.337450e-02	5.484805e+00
3.100000e+00	3.355566e-02	5.485767e+00
3.133333e+00	3.373682e-02	5.486728e+00
3.166667e+00	3.391798e-02	5.487690e+00
3.200000e+00	3.409914e-02	5.488651e+00
3.233333e+00	3.428030e-02	5.489613e+00
3.266667e+00	3.446146e-02	5.490575e+00
3.300000e+00	3.464262e-02	5.491536e+00
3.333333e+00	3.482378e-02	5.492498e+00
3.366667e+00	3.500494e-02	5.493459e+00
3.400000e+00	3.518610e-02	5.494421e+00
3.433333e+00	3.536726e-02	5.495382e+00
3.466667e+00	3.554842e-02	5.496344e+00
3.500000e+00	3.572958e-02	5.497305e+00
3.533333e+00	3.590882e-02	5.498257e+00
3.566667e+00	3.607528e-02	5.499140e+00
3.600000e+00	3.620456e-02	5.499826e+00
3.633333e+00	3.567236e-02	5.497002e+00
3.666667e+00	3.129258e-02	5.473755e+00
3.700000e+00	1.680620e-02	5.396866e+00
3.733333e+00	-1.152269e-02	5.246506e+00
3.766667e+00	-4.753154e-02	5.055383e+00
3.800000e+00	-7.707931e-02	4.898553e+00
3.833333e+00	-8.933802e-02	4.833488e+00
3.866667e+00	-8.468450e-02	4.858188e+00
3.900000e+00	-7.185524e-02	4.926281e+00
3.933333e+00	-6.059057e-02	4.986070e+00
3.966667e+00	-5.765749e-02	5.001638e+00
4	-6.558260e-02	4.959574e+00
4.033333e+00	-8.082719e-02	4.878661e+00
4.066667e+00	-9.420770e-02	4.807642e+00
4.100000e+00	-9.697615e-02	4.792948e+00
4.133333e+00	-8.766887e-02	4.842348e+00
4.166667e+00	-7.244852e-02	4.923132e+00
4.200000e+00	-5.954802e-02	4.991604e+00
4.233333e+00	-5.371459e-02	5.022566e+00
4.266667e+00	-5.435273e-02	5.019179e+00
4.300000e+00	-5.752068e-02	5.002364e+00
4.333333e+00	-5.957543e-02	4.991458e+00
4.366667e+00	-5.943232e-02	4.992218e+00
4.400000e+00	-5.818095e-02	4.998860e+00
4.433333e+00	-5.729243e-02	5.003576e+00
4.466667e+00	-5.731508e-02	5.003455e+00
4.500000e+00	-5.784374e-02	5.000649e+00
4.533333e+00	-5.824610e-02	4.998514e+00
4.566667e+00	-5.825756e-02	4.998453e+00
4.600000e+00	-5.804218e-02	4.999596e+00
4.633333e+00	-5.792100e-02	5.000239e+00
4.666667e+00	-5.812351e-02	4.999165e+00
4.700000e+00	-5.869344e-02	4.996140e+00
4.733333e+00	-5.951183e-02	4.991796e+00
4.766667e+00	-6.039666e-02	4.987099e+00
4.800000e+00	-6.122043e-02	4.982727e+00
4.833333e+00	-6.196270e-02	4.978787e+00
4.866667e+00	-6.267410e-02	4.975012e+00
4.900000e+00	-6.340642e-02	4.971125e+00
4.933333e+00	-6.417236e-02	4.967059e+00
4.966667e+00	-6.495265e-02	4.962918e+00
5	-6.572491e-02	4.958819e+00
5.033333e+00	-6.648260e-02	4.954797e+00
5.066667e+00	-6.723347e-02	4.950812e+00
5.100000e+00	-6.798737e-02	4.946810e+00
5.133333e+00	-6.874761e-02	4.942775e+00
5.166667e+00	-6.951108e-02	4.938723e+00
5.200000e+00	-7.027346e-02	4.934677e+00
5.233333e+00	-7.103309e-02	4.930645e+00
5.266667e+00	-7.179119e-02	4.926621e+00
5.300000e+00	-7.254968e-02	4.922595e+00
5.333333e+00	-7.330934e-02	4.918563e+00
5.366667e+00	-7.406972e-02	4.914527e+00
5.400000e+00	-7.482998e-02	4.910492e+00
5.433333e+00	-7.558974e-02	4.906460e+00
5.466667e+00	-7.634916e-02	4.902429e+00
5.500000e+00	-7.710861e-02	4.898398e+00
5.533333e+00	-7.786828e-02	4.894366e+00
5.566667e+00	-7.862810e-02	4.890333e+00
5.600000e+00	-7.938792e-02	4.886300e+00
5.633333e+00	-8.014765e-02	4.882268e+00
5.666667e+00	-8.090730e-02	4.878236e+00
5.700000e+00	-8.166696e-02	4.874204e+00
5.733333e+00	-8.242665e-02	4.870172e+00
5.766667e+00	-8.318638e-02	4.866139e+00
5.800000e+00	-8.394610e-02	4.862107e+00
5.833333e+00	-8.470581e-02	4.858075e+00
5.866667e+00	-8.546551e-02	4.854042e+00
5.900000e+00	-8.622521e-02	4.850010e+00
5.933333e+00	-8.698491e-02	4.845978e+00
5.966667e+00	-8.774461e-02	4.841946e+00
6	-8.850432e-02	4.837913e+00
6.033333e+00	-8.926403e-02	4.833881e+00
6.066667e+00	-9.002373e-02	4.829849e+00
6.100000e+00	-9.078344e-02	4.825817e+00
6.133333e+00	-9.154314e-02	4.821784e+00
6.166667e+00	-9.230285e-02	4.817752e+00
6.200000e+00	-9.306255e-02	4.813720e+00
6.233333e+00	-9.382226e-02	4.809688e+00
6.266667e+00	-9.458196e-02	4.805655e+00
6.300000e+00	-9.534167e-02	4.801623e+00
6.333333e+00	-9.610137e-02	4.797591e+00
6.366667e+00	-9.686108e-02	4.793559e+00
6.400000e+00	-9.762078e-02	4.789526e+00
6.433333e+00	-9.838048e-02	4.785494e+00
6.466667e+00	-9.914019e-02	4.781462e+00
6.500000e+00	-9.989989e-02	4.777430e+00
6.533333e+00	-1.006596e-01	4.773397e+00
6.566667e+00	-1.014193e-01	4.769365e+00
6.600000e+00	-1.021790e-01	4.765333e+00
6.633333e+00	-1.029387e-01	4.761300e+00
6.666667e+00	-1.036984e-01	4.757268e+00
6.700000e+00	-1.044581e-01	4.753236e+00
6.733333e+00	-1.052178e-01	4.749204e+00
6.766667e+00	-1.059775e-01	4.745171e+00
6.800000e+00	-1.067372e-01	4.741139e+00
6.833333e+00	-1.074969e-01	4.737107e+00
6.866667e+00	-1.082566e-01	4.733075e+00
6.900000e+00	-1.090164e-01	4.729042e+00
6.933333e+00	-1.097761e-01	4.725010e+00
6.966667e+00	-1.105358e-01	4.720978e+00
7	-1.112955e-01	4.716946e+00
7.033333e+00	-1.120552e-01	4.712913e+00
7.066667e+00	-1.128149e-01	4.708881e+00
7.100000e+00	-1.135746e-01	4.704849e+00
7.133333e+00	-1.143343e-01	4.700817e+00
7.166667e+00	-1.150940e-01	4.696784e+00
7.200000e+00	-1.158537e-01	4.692752e+00
7.233333e+00	-1.166134e-01	4.688720e+00
7.266667e+00	-1.173731e-01	4.684688e+00
7.300000e+00	-1.181328e-01	4.680655e+00
7.333333e+00	-1.188925e-01	4.676623e+00
7.366667e+00	-1.196522e-01	4.672591e+00
7.400000e+00	-1.204119e-01	4.668559e+00
7.433333e+00	-1.211716e-01	4.664526e+00
7.466667e+00	-1.219313e-01	4.660494e+00
7.500000e+00	-1.226910e-01	4.656462e+00
7.533333e+00	-1.234507e-01	4.652430e+00
7.566667e+00	-1.242104e-01	4.648397e+00
7.600000e+00	-1.249702e-01	4.644365e+00
7.633333e+00	-1.257299e-01	4.640333e+00
7.666667e+00	-1.264896e-01	4.636300e+00
7.700000e+00	-1.272493e-01	4.632268e+00
7.733333e+00	-1.280090e-01	4.628236e+00
7.766667e+00	-1.287687e-01	4.624204e+00
7.800000e+00	-1.295284e-01	4.620171e+00
7.833333e+00	-1.302881e-01	4.616139e+00
7.866667e+00	-1.310478e-01	4.612107e+00
7.900000e+00	-1.318075e-01	4.608075e+00
7.933333e+00	-1.325672e-01	4.604042e+00
7.966667e+00	-1.333269e-01	4.600010e+00
8	-1.340866e-01	4.595978e+00
8.033333e+00	-1.348463e-01	4.591946e+00
8.066667e+00	-1.356060e-01	4.587913e+00
8.100000e+00	-1.363657e-01	4.583881e+00
8.133333e+00	-1.371254e-01	4.579849e+00
8.166667e+00	-1.378851e-01	4.575817e+00
8.200000e+00	-1.386448e-01	4.571784e+00
8.233333e+00	-1.394045e-01	4.567752e+00
8.266667e+00	-1.401642e-01	4.563720e+00
8.300000e+00	-1.409240e-01	4.559688e+00
8.333333e+00	-1.416837e-01	4.555655e+00
8.366667e+00	-1.424434e-01	4.551623e+00
8.400000e+00	-1.432031e-01	4.547591e+00
8.433333e+00	-1.439628e-01	4.543559e+00
8.466667e+00	-1.447225e-01	4.539526e+00
8.500000e+00	-1.454822e-01	4.535494e+00
8.533333e+00	-1.462419e-01	4.531462e+00
8.566667e+00	-1.470016e-01	4.527430e+00
8.600000e+00	-1.477613e-01	4.523397e+00
8.633333e+00	-1.485210e-01	4.519365e+00
8.666667e+00	-1.492726e-01	4.515376e+00
8.700000e+00	-1.499707e-01	4.511670e+00
8.733333e+00	-1.495293e-01	4.514013e+00
8.766667e+00	-1.432772e-01	4.547197e+00
8.800000e+00	-1.242762e-01	4.648048e+00
8.833333e+00	-9.261101e-02	4.816116e+00
8.866667e+00	-6.084459e-02	4.984722e+00
8.900000e+00	-4.418243e-02	5.073159e+00
8.933333e+00	-4.688865e-02	5.058795e+00
8.966667e+00	-6.097110e-02	4.984051e+00
9	-7.487086e-02	4.910275e+00
9.033333e+00	-8.153406e-02	4.874909e+00
9.066667e+00	-8.089871e-02	4.878281e+00
9.100000e+00	-7.730488e-02	4.897356e+00
9.133333e+00	-7.495228e-02	4.909843e+00
9.166667e+00	-7.511984e-02	4.908954e+00
9.200000e+00	-7.656320e-02	4.901293e+00
9.233333e+00	-7.758698e-02	4.895859e+00
9.266667e+00	-7.755879e-02	4.896009e+00
9.300000e+00	-7.694716e-02	4.899255e+00
9.333333e+00	-7.628261e-02	4.902782e+00
9.366667e+00	-7.494149e-02	4.909900e+00
9.400000e+00	-7.133267e-02	4.929055e+00
9.433333e+00	-6.513019e-02	4.961975e+00
9.466667e+00	-5.871087e-02	4.996047e+00
9.500000e+00	-5.517869e-02	5.014795e+00
9.533333e+00	-5.535479e-02	5.013860e+00
9.566667e+00	-5.740980e-02	5.002953e+00
9.600000e+00	-5.897464e-02	4.994647e+00
9.633333e+00	-5.906711e-02	4.994156e+00
9.666667e+00	-5.825367e-02	4.998474e+00
9.700000e+00	-5.756075e-02	5.002151e+00
9.733333e+00	-5.748220e-02	5.002568e+00
9.766667e+00	-5.781907e-02	5.000780e+00
9.800000e+00	-5.812964e-02	4.999132e+00
9.833333e+00	-5.817994e-02	4.998865e+00
9.866667e+00	-5.804025e-02	4.999606e+00
9.900000e+00	-5.790104e-02	5.000345e+00
9.933333e+00	-5.787194e-02	5.000500e+00
9.966667e+00	-5.792941e-02	5.000195e+00
10	-5.799157e-02	4.999865e+00
1.003333e+01	-5.800739e-02	4.999781e+00
1.006667e+01	-5.797220e-02	4.999968e+00
1.010000e+01	-5.785467e-02	5.000591e+00
1.013333e+01	-5.752901e-02	5.002320e+00
1.016667e+01	-5.684378e-02	5.005957e+00
1.020000e+01	-5.578270e-02	5.011589e+00
1.023333e+01	-5.451220e-02	5.018332e+00
1.026667e+01	-5.324973e-02	5.025033e+00
1.030000e+01	-5.210726e-02	5.031097e+00
1.033333e+01	-5.105749e-02	5.036669e+00
1.036667e+01	-5.001419e-02	5.042206e+00
1.040000e+01	-4.892346e-02	5.047995e+00
1.043333e+01	-4.779172e-02	5.054002e+00
1.046667e+01	-4.665492e-02	5.060036e+00
1.050000e+01	-4.553772e-02	5.065966e+00
1.053333e+01	-4.443889e-02	5.071798e+00
1.056667e+01	-4.334321e-02	5.077613e+00
1.060000e+01	-4.223941e-02	5.083472e+00
1.063333e+01	-4.112739e-02	5.089374e+00
1.066667e+01	-4.001357e-02	5.095286e+00
1.070000e+01	-3.890309e-02	5.101180e+00
1.073333e+01	-3.779628e-02	5.107055e+00
1.076667e+01	-3.669043e-02	5.112924e+00
1.080000e+01	-3.558323e-02	5.118801e+00
1.083333e+01	-3.447439e-02	5.124686e+00
1.086667e+01	-3.336506e-02	5.130574e+00
1.090000e+01	-3.225627e-02	5.136459e+00
1.093333e+01	-3.114820e-02	5.142340e+00
1.096667e+01	-3.004039e-02	5.148220e+00
11	-2.893236e-02	5.154101e+00
1.103333e+01	-2.782401e-02	5.159984e+00
1.106667e+01	-2.671553e-02	5.165868e+00
1.110000e+01	-2.560714e-02	5.171751e+00
1.113333e+01	-2.451065e-02	5.177570e+00
1.116667e+01	-2.348061e-02	5.183037e+00
1.120000e+01	-2.261165e-02	5.187650e+00
1.123333e+01	-2.215872e-02	5.190054e+00
1.126667e+01	-2.319676e-02	5.184544e+00
1.130000e+01	-2.795297e-02	5.159300e+00
1.133333e+01	-3.780578e-02	5.107004e+00
1.136667e+01	-5.032211e-02	5.040572e+00
1.140000e+01	-6.004193e-02	4.988982e+00
1.143333e+01	-6.323589e-02	4.972030e+00
1.146667e+01	-6.100596e-02	4.983865e+00
1.150000e+01	-5.748421e-02	5.002558e+00
1.153333e+01	-5.590628e-02	5.010933e+00
1.156667e+01	-5.663409e-02	5.007070e+00
1.160000e+01	-5.810004e-02	4.999289e+00
1.163333e+01	-5.883553e-02	4.995385e+00
1.166667e+01	-5.857208e-02	4.996784e+00
1.170000e+01	-5.794137e-02	5.000131e+00
1.173333e+01	-5.739671e-02	5.003022e+00
1.176667e+01	-5.596070e-02	5.010644e+00
1.180000e+01	-5.103679e-02	5.036778e+00
1.183333e+01	-4.091683e-02	5.090492e+00
1.186667e+01	-2.803661e-02	5.158856e+00
1.190000e+01	-1.805963e-02	5.211810e+00
1.193333e+01	-1.483279e-02	5.228937e+00
1.196667e+01	-1.678069e-02	5.218598e+00
12	-1.776083e-02	5.213396e+00
1.203333e+01	-1.162966e-02	5.245938e+00
1.206667e+01	1.971044e-03	5.318126e+00
1.210000e+01	1.636066e-02	5.394502e+00
1.213333e+01	2.395736e-02	5.434822e+00
1.216667e+01	2.313239e-02	5.430444e+00
1.220000e+01	1.834396e-02	5.405028e+00
1.223333e+01	1.495285e-02	5.387029e+00
1.226667e+01	1.495366e-02	5.387034e+00
1.230000e+01	1.647813e-02	5.395125e+00
1.233333e+01	1.573404e-02	5.391176e+00
1.236667e+01	1.074197e-02	5.364679e+00
1.240000e+01	4.845765e-03	5.333384e+00
1.243333e+01	4.117815e-03	5.329521e+00
1.246667e+01	1.006957e-02	5.361111e+00
1.250000e+01	1.779604e-02	5.402120e+00
1.253333e+01	2.169565e-02	5.422818e+00
1.256667e+01	2.064814e-02	5.417258e+00
1.260000e+01	1.756843e-02	5.400912e+00
1.263333e+01	1.568899e-02	5.390937e+00
1.266667e+01	1.595464e-02	5.392347e+00
1.270000e+01	1.724190e-02	5.399179e+00
1.273333e+01	1.810464e-02	5.403758e+00
1.276667e+01	1.804342e-02	5.403433e+00
1.280000e+01	1.749766e-02	5.400536e+00
1.283333e+01	1.710274e-02	5.398440e+00
1.286667e+01	1.710649e-02	5.398460e+00
1.290000e+01	1.733756e-02	5.399687e+00
1.293333e+01	1.751765e-02	5.400642e+00
1.296667e+01	1.752621e-02	5.400688e+00
13	1.742891e-02	5.400171e+00
1.303333e+01	1.734721e-02	5.399738e+00
1.306667e+01	1.733898e-02	5.399694e+00
1.310000e+01	1.737968e-02	5.399910e+00
1.313333e+01	1.741655e-02	5.400106e+00
1.316667e+01	1.742212e-02	5.400135e+00
1.320000e+01	1.740521e-02	5.400046e+00
1.323333e+01	1.738865e-02	5.399958e+00
1.326667e+01	1.738536e-02	5.399940e+00
1.330000e+01	1.739233e-02	5.399977e+00
1.333333e+01	1.739973e-02	5.400017e+00
1.336667e+01	1.740154e-02	5.400026e+00
1.340000e+01	1.739870e-02	5.400011e+00
1.343333e+01	1.739540e-02	5.399994e+00
1.346667e+01	1.739445e-02	5.399989e+00
1.350000e+01	1.739560e-02	5.399995e+00
1.353333e+01	1.739706e-02	5.400002e+00
1.356667e+01	1.739755e-02	5.400005e+00
1.360000e+01	1.739709e-02	5.400003e+00
1.363333e+01	1.739644e-02	5.399999e+00
1.366667e+01	1.739620e-02	5.399998e+00
1.370000e+01	1.739638e-02	5.399999e+00
1.373333e+01	1.739666e-02	5.400000e+00
1.376667e+01	1.739678e-02	5.400001e+00
1.380000e+01	1.739671e-02	5.400001e+00
1.383333e+01	1.739659e-02	5.400000e+00
1.386667e+01	1.739653e-02	5.400000e+00
1.390000e+01	1.739656e-02	5.400000e+00
1.393333e+01	1.759655e-02	5.401061e+00
1.396667e+01	1.872518e-02	5.407052e+00
14	2.146395e-02	5.421588e+00
1.403333e+01	2.533875e-02	5.442154e+00
1.406667e+01	2.922893e-02	5.462802e+00
1.410000e+01	3.262981e-02	5.480853e+00
1.413333e+01	3.537100e-02	5.495402e+00
1.416667e+01	3.699865e-02	5.504041e+00
1.420000e+01	3.727504e-02	5.505508e+00
1.423333e+01	3.667753e-02	5.502337e+00
1.426667e+01	3.582867e-02	5.497831e+00
1.430000e+01	3.429170e-02	5.489674e+00
1.433333e+01	3.053936e-02	5.469757e+00
1.436667e+01	2.407724e-02	5.435459e+00
1.440000e+01	1.703337e-02	5.398072e+00
1.443333e+01	1.244029e-02	5.373694e+00
1.446667e+01	1.129904e-02	5.367636e+00
1.450000e+01	1.204155e-02	5.371577e+00
1.453333e+01	1.243836e-02	5.373683e+00
1.456667e+01	1.147665e-02	5.368579e+00
1.460000e+01	9.618131e-03	5.358714e+00
1.463333e+01	7.822574e-03	5.349184e+00
1.466667e+01	6.590880e-03	5.342647e+00
1.470000e+01	5.767885e-03	5.338279e+00
1.473333e+01	4.942388e-03	5.333897e+00
1.476667e+01	3.879247e-03	5.328254e+00
1.480000e+01	2.630203e-03	5.321625e+00
1.483333e+01	1.371794e-03	5.314946e+00
1.486667e+01	2.133797e-04	5.308797e+00
1.490000e+01	-8.607553e-04	5.303096e+00
1.493333e+01	-1.926180e-03	5.297441e+00
1.496667e+01	-3.033427e-03	5.291564e+00
15	-4.178698e-03	5.285486e+00
1.503333e+01	-5.329802e-03	5.279376e+00
1.506667e+01	-6.463538e-03	5.273358e+00
1.510000e+01	-7.580204e-03	5.267431e+00
1.513333e+01	-8.693436e-03	5.261523e+00
1.516667e+01	-9.813824e-03	5.255576e+00
1.520000e+01	-1.094184e-02	5.249589e+00
1.523333e+01	-1.207174e-02	5.243592e+00
1.526667e+01	-1.319872e-02	5.237610e+00
1.530000e+01	-1.432230e-02	5.231647e+00
1.533333e+01	-1.544490e-02	5.225688e+00
1.536667e+01	-1.656867e-02	5.219724e+00
1.540000e+01	-1.769395e-02	5.213751e+00
1.543333e+01	-1.881974e-02	5.207776e+00
1.546667e+01	-1.994505e-02	5.201803e+00
1.550000e+01	-2.106970e-02	5.195834e+00
1.553333e+01	-2.219409e-02	5.189866e+00
1.556667e+01	-2.331868e-02	5.183897e+00
1.560000e+01	-2.444355e-02	5.177926e+00
1.563333e+01	-2.556855e-02	5.171955e+00
1.566667e+01	-2.669347e-02	5.165985e+00
1.570000e+01	-2.781827e-02	5.160015e+00
1.573333e+01	-2.894301e-02	5.154045e+00
1.576667e+01	-3.006778e-02	5.148075e+00
1.580000e+01	-3.119260e-02	5.142105e+00
1.583333e+01	-3.231745e-02	5.136134e+00
1.586667e+01	-3.344229e-02	5.130164e+00
1.590000e+01	-3.456710e-02	5.124194e+00
1.593333e+01	-3.569191e-02	5.118224e+00
1.596667e+01	-3.681671e-02	5.112254e+00
16	-3.794153e-02	5.106284e+00
1.603333e+01	-3.906635e-02	5.100314e+00
1.606667e+01	-4.019117e-02	5.094343e+00
1.610000e+01	-4.131599e-02	5.088373e+00
1.613333e+01	-4.244080e-02	5.082403e+00
1.616667e+01	-4.356562e-02	5.076433e+00
1.620000e+01	-4.469044e-02	5.070463e+00
1.623333e+01	-4.581525e-02	5.064493e+00
1.626667e+01	-4.694007e-02	5.058522e+00
1.630000e+01	-4.806489e-02	5.052552e+00
1.633333e+01	-4.918970e-02	5.046582e+00
1.636667e+01	-5.031452e-02	5.040612e+00
1.640000e+01	-5.143934e-02	5.034642e+00
1.643333e+01	-5.256415e-02	5.028672e+00
1.646667e+01	-5.367703e-02	5.022765e+00
1.650000e+01	-5.472253e-02	5.017216e+00
1.653333e+01	-5.561646e-02	5.012471e+00
1.656667e+01	-5.634644e-02	5.008597e+00
1.660000e+01	-5.699573e-02	5.005150e+00
1.663333e+01	-5.759401e-02	5.001975e+00
1.666667e+01	-5.822993e-02	4.998600e+00
1.670000e+01	-5.991735e-02	4.989643e+00
1.673333e+01	-6.503511e-02	4.962480e+00
1.676667e+01	-7.516644e-02	4.908706e+00
1.680000e+01	-8.793830e-02	4.840918e+00
1.683333e+01	-9.781970e-02	4.788470e+00
1.686667e+01	-1.010327e-01	4.771417e+00
1.690000e+01	-9.872920e-02	4.783643e+00
1.693333e+01	-9.533508e-02	4.801658e+00
1.696667e+01	-9.506858e-02	4.803072e+00
17	-9.969121e-02	4.778537e+00
1.703333e+01	-1.074023e-01	4.737609e+00
1.706667e+01	-1.132549e-01	4.706546e+00
1.710000e+01	-1.125368e-01	4.710357e+00
1.713333e+01	-1.052070e-01	4.749261e+00
1.716667e+01	-9.595367e-02	4.798375e+00
1.720000e+01	-8.845006e-02	4.838201e+00
1.723333e+01	-8.121551e-02	4.876600e+00
1.726667e+01	-7.144045e-02	4.928483e+00
1.730000e+01	-6.092952e-02	4.984271e+00
1.733333e+01	-5.540000e-02	5.013620e+00
1.736667e+01	-5.837232e-02	4.997844e+00
1.740000e+01	-6.662478e-02	4.954043e+00
1.743333e+01	-7.218321e-02	4.924540e+00
1.746667e+01	-6.981051e-02	4.937134e+00
1.750000e+01	-6.189709e-02	4.979136e+00
1.753333e+01	-5.510258e-02	5.015199e+00
1.756667e+01	-5.351918e-02	5.023603e+00
1.760000e+01	-5.602271e-02	5.010315e+00
1.763333e+01	-5.893914e-02	4.994835e+00
1.766667e+01	-5.983636e-02	4.990073e+00
1.770000e+01	-5.887888e-02	4.995155e+00
1.773333e+01	-5.760899e-02	5.001895e+00
1.776667e+01	-5.715909e-02	5.004283e+00
1.780000e+01	-5.753643e-02	5.002281e+00
1.783333e+01	-5.809342e-02	4.999324e+00
1.786667e+01	-5.831468e-02	4.998150e+00
1.790000e+01	-5.816747e-02	4.998931e+00
1.793333e+01	-5.792354e-02	5.000226e+00
1.796667e+01	-5.781619e-02	5.000796e+00
18	-5.787243e-02	5.000497e+00
1.803333e+01	-5.797883e-02	4.999932e+00
1.806667e+01	-5.803026e-02	4.999659e+00
1.810000e+01	-5.800937e-02	4.999770e+00
1.813333e+01	-5.796317e-02	5.000016e+00
1.816667e+01	-5.793879e-02	5.000145e+00
1.820000e+01	-5.794625e-02	5.000105e+00
1.823333e+01	-5.796623e-02	4.999999e+00
1.826667e+01	-5.797767e-02	4.999939e+00
1.830000e+01	-5.797516e-02	4.999952e+00
1.833333e+01	-5.776663e-02	5.001059e+00
1.836667e+01	-5.643276e-02	5.008138e+00
1.840000e+01	-5.256613e-02	5.028661e+00
1.843333e+01	-4.635609e-02	5.061622e+00
1.846667e+01	-4.125062e-02	5.088720e+00
1.850000e+01	-4.169413e-02	5.086366e+00
1.853333e+01	-4.837784e-02	5.050891e+00
1.856667e+01	-5.688084e-02	5.005760e+00
1.860000e+01	-6.182419e-02	4.979523e+00
1.863333e+01	-6.160274e-02	4.980698e+00
1.866667e+01	-5.871438e-02	4.996028e+00
1.870000e+01	-5.652052e-02	5.007673e+00
1.873333e+01	-5.641143e-02	5.008252e+00
1.876667e+01	-5.757367e-02	5.002083e+00
1.880000e+01	-5.855078e-02	4.996897e+00
1.883333e+01	-5.865194e-02	4.996360e+00
1.886667e+01	-5.816877e-02	4.998924e+00
1.890000e+01	-5.772977e-02	5.001254e+00
1.893333e+01	-5.766270e-02	5.001610e+00
1.896667e+01	-5.786336e-02	5.000545e+00
19	-5.806037e-02	4.999500e+00
1.903333e+01	-5.809982e-02	4.999290e+00
1.906667e+01	-5.801713e-02	4.999729e+00
1.910000e+01	-5.792910e-02	5.000196e+00
1.913333e+01	-5.770749e-02	5.001373e+00
1.916667e+01	-5.641272e-02	5.008245e+00
1.920000e+01	-5.258449e-02	5.028564e+00
1.923333e+01	-4.618221e-02	5.062545e+00
1.926667e+01	-3.973209e-02	5.096780e+00
1.930000e+01	-3.629106e-02	5.115044e+00
1.933333e+01	-3.655687e-02	5.113633e+00
1.936667e+01	-3.862998e-02	5.102630e+00
1.940000e+01	-4.015727e-02	5.094523e+00
1.943333e+01	-4.020966e-02	5.094245e+00
1.946667e+01	-3.938629e-02	5.098615e+00
1.950000e+01	-3.870870e-02	5.102212e+00
1.953333e+01	-3.864798e-02	5.102534e+00
1.956667e+01	-3.899006e-02	5.100718e+00
1.960000e+01	-3.929443e-02	5.099103e+00
1.963333e+01	-3.933684e-02	5.098878e+00
1.966667e+01	-3.919450e-02	5.099633e+00
1.970000e+01	-3.905776e-02	5.100359e+00
1.973333e+01	-3.903214e-02	5.100495e+00
1.976667e+01	-3.909093e-02	5.100183e+00
1.980000e+01	-3.915212e-02	5.099858e+00
1.983333e+01	-3.916641e-02	5.099782e+00
1.986667e+01	-3.914234e-02	5.099910e+00
1.990000e+01	-3.911509e-02	5.100055e+00
1.993333e+01	-3.910750e-02	5.100095e+00
1.996667e+01	-3.911726e-02	5.100043e+00
20	-3.912934e-02	5.099979e+00
2.003333e+01	-3.913323e-02	5.099959e+00
2.006667e+01	-3.912932e-02	5.099979e+00
2.010000e+01	-3.912399e-02	5.100008e+00
2.013333e+01	-3.912204e-02	5.100018e+00
2.016667e+01	-3.912359e-02	5.100010e+00
2.020000e+01	-3.892599e-02	5.101059e+00
2.023333e+01	-3.759118e-02	5.108143e+00
2.026667e+01	-3.366795e-02	5.128966e+00
2.030000e+01	-2.705823e-02	5.164049e+00
2.033333e+01	-2.019444e-02	5.200479e+00
2.036667e+01	-1.611149e-02	5.222150e+00
2.040000e+01	-1.560030e-02	5.224863e+00
2.043333e+01	-1.689476e-02	5.217993e+00
2.046667e+01	-1.771563e-02	5.213636e+00
2.050000e+01	-1.712117e-02	5.216791e+00
2.053333e+01	-1.565787e-02	5.224558e+00
2.056667e+01	-1.431201e-02	5.231701e+00
2.060000e+01	-1.355676e-02	5.235710e+00
2.063333e+01	-1.319989e-02	5.237604e+00
2.066667e+01	-1.281695e-02	5.239637e+00
2.070000e+01	-1.218375e-02	5.242997e+00
2.073333e+01	-1.136832e-02	5.247325e+00
2.076667e+01	-1.055371e-02	5.251649e+00
2.080000e+01	-9.844994e-03	5.255411e+00
2.083333e+01	-9.219341e-03	5.258731e+00
2.086667e+01	-8.598023e-03	5.262029e+00
2.090000e+01	-7.932135e-03	5.265564e+00
2.093333e+01	-7.228583e-03	5.269298e+00
2.096667e+01	-6.521071e-03	5.273053e+00
21	-5.832194e-03	5.276709e+00
2.103333e+01	-5.160308e-03	5.280275e+00
2.106667e+01	-4.491057e-03	5.283828e+00
2.110000e+01	-3.814070e-03	5.287421e+00
2.113333e+01	-3.129456e-03	5.291055e+00
2.116667e+01	-2.443296e-03	5.294696e+00
2.120000e+01	-1.760323e-03	5.298321e+00
2.123333e+01	-1.080756e-03	5.301928e+00
2.126667e+01	-4.020364e-04	5.305531e+00
2.130000e+01	2.779837e-04	5.309140e+00
2.133333e+01	9.595191e-04	5.312757e+00
2.136667e+01	1.641498e-03	5.316377e+00
2.140000e+01	2.322952e-03	5.319994e+00
2.143333e+01	3.003736e-03	5.323607e+00
2.146667e+01	3.684293e-03	5.327220e+00
2.150000e+01	4.365060e-03	5.330833e+00
2.153333e+01	5.046123e-03	5.334448e+00
2.156667e+01	5.727298e-03	5.338063e+00
2.160000e+01	6.408390e-03	5.341678e+00
2.163333e+01	7.089353e-03	5.345293e+00
2.166667e+01	7.770261e-03	5.348907e+00
2.170000e+01	8.451201e-03	5.352521e+00
2.173333e+01	9.132197e-03	5.356135e+00
2.176667e+01	9.813220e-03	5.359750e+00
2.180000e+01	1.049423e-02	5.363364e+00
2.183333e+01	1.117522e-02	5.366979e+00
2.186667e+01	1.185619e-02	5.370593e+00
2.190000e+01	1.253717e-02	5.374208e+00
2.193333e+01	1.321816e-02	5.377822e+00
2.196667e+01	1.389915e-02	5.381437e+00
22	1.458015e-02	5.385051e+00
2.203333e+01	1.526113e-02	5.388666e+00
2.206667e+01	1.594212e-02	5.392280e+00
2.210000e+01	1.662311e-02	5.395895e+00
2.213333e+01	1.730409e-02	5.399509e+00
2.216667e+01	1.798508e-02	5.403123e+00
2.220000e+01	1.866607e-02	5.406738e+00
2.223333e+01	1.934706e-02	5.410352e+00
2.226667e+01	2.002805e-02	5.413967e+00
2.230000e+01	2.070904e-02	5.417581e+00
2.233333e+01	2.139003e-02	5.421196e+00
2.236667e+01	2.207101e-02	5.424810e+00
2.240000e+01	2.275200e-02	5.428425e+00
2.243333e+01	2.343299e-02	5.432039e+00
2.246667e+01	2.411398e-02	5.435654e+00
2.250000e+01	2.479497e-02	5.439268e+00
2.253333e+01	2.547596e-02	5.442882e+00
2.256667e+01	2.615694e-02	5.446497e+00
2.260000e+01	2.683793e-02	5.450111e+00
2.263333e+01	2.751892e-02	5.453726e+00
2.266667e+01	2.819991e-02	5.457340e+00
2.270000e+01	2.888090e-02	5.460955e+00
2.273333e+01	2.956189e-02	5.464569e+00
2.276667e+01	3.024287e-02	5.468184e+00
2.280000e+01	3.092386e-02	5.471798e+00
2.283333e+01	3.160485e-02	5.475413e+00
2.286667e+01	3.228584e-02	5.479027e+00
2.290000e+01	3.296683e-02	5.482642e+00
2.293333e+01	3.364782e-02	5.486256e+00
2.296667e+01	3.432880e-02	5.489870e+00
23	3.500979e-02	5.493485e+00
2.303333e+01	3.569078e-02	5.497099e+00
2.306667e+01	3.637177e-02	5.500714e+00
2.310000e+01	3.705276e-02	5.504328e+00
2.313333e+01	3.773375e-02	5.507943e+00
2.316667e+01	3.841473e-02	5.511557e+00
2.320000e+01	3.909572e-02	5.515172e+00
2.323333e+01	3.977671e-02	5.518786e+00
2.326667e+01	4.045770e-02	5.522401e+00
2.330000e+01	4.113869e-02	5.526015e+00
2.333333e+01	4.181968e-02	5.529629e+00
2.336667e+01	4.250066e-02	5.533244e+00
2.340000e+01	4.318165e-02	5.536858e+00
2.343333e+01	4.386264e-02	5.540473e+00
2.346667e+01	4.454363e-02	5.544087e+00
2.350000e+01	4.522462e-02	5.547702e+00
2.353333e+01	4.590561e-02	5.551316e+00
2.356667e+01	4.658659e-02	5.554931e+00
2.360000e+01	4.726758e-02	5.558545e+00
2.363333e+01	4.794857e-02	5.562160e+00
2.366667e+01	4.862956e-02	5.565774e+00
2.370000e+01	4.931055e-02	5.569388e+00
2.373333e+01	4.999154e-02	5.573003e+00
2.376667e+01	5.067252e-02	5.576617e+00
2.380000e+01	5.135351e-02	5.580232e+00
2.383333e+01	5.203450e-02	5.583846e+00
2.386667e+01	5.271549e-02	5.587461e+00
2.390000e+01	5.339648e-02	5.591075e+00
2.393333e+01	5.407747e-02	5.594690e+00
2.396667e+01	5.475845e-02	5.598304e+00
24	5.543944e-02	5.601919e+00
2.403333e+01	5.612043e-02	5.605533e+00
2.406667e+01	5.680142e-02	5.609148e+00
2.410000e+01	5.748241e-02	5.612762e+00
2.413333e+01	5.816340e-02	5.616376e+00
2.416667e+01	5.884439e-02	5.619991e+00
2.420000e+01	5.952537e-02	5.623605e+00
2.423333e+01	6.020636e-02	5.627220e+00
2.426667e+01	6.088735e-02	5.630834e+00
2.430000e+01	6.156834e-02	5.634449e+00
2.433333e+01	6.224933e-02	5.638063e+00
2.436667e+01	6.293032e-02	5.641678e+00
2.440000e+01	6.361130e-02	5.645292e+00
2.443333e+01	6.429229e-02	5.648907e+00
2.446667e+01	6.497328e-02	5.652521e+00
2.450000e+01	6.565427e-02	5.656135e+00
2.453333e+01	6.633526e-02	5.659750e+00
2.456667e+01	6.701625e-02	5.663364e+00
2.460000e+01	6.769723e-02	5.666979e+00
2.463333e+01	6.837822e-02	5.670593e+00
2.466667e+01	6.905921e-02	5.674208e+00
2.470000e+01	6.974020e-02	5.677822e+00
2.473333e+01	7.042119e-02	5.681437e+00
2.476667e+01	7.110218e-02	5.685051e+00
2.480000e+01	7.178316e-02	5.688666e+00
2.483333e+01	7.246415e-02	5.692280e+00
2.486667e+01	7.314514e-02	5.695895e+00
2.490000e+01	7.382613e-02	5.699509e+00
2.493333e+01	7.450712e-02	5.703123e+00
2.496667e+01	7.518811e-02	5.706738e+00
25	7.586909e-02	5.710352e+00
2.503333e+01	7.655008e-02	5.713967e+00
2.506667e+01	7.723107e-02	5.717581e+00
2.510000e+01	7.791206e-02	5.721196e+00
2.513333e+01	7.859305e-02	5.724810e+00
2.516667e+01	7.927404e-02	5.728425e+00
2.520000e+01	7.995502e-02	5.732039e+00
2.523333e+01	8.063601e-02	5.735654e+00
2.526667e+01	8.131700e-02	5.739268e+00
2.530000e+01	8.199799e-02	5.742882e+00
2.533333e+01	8.267898e-02	5.746497e+00
2.536667e+01	8.335997e-02	5.750111e+00
2.540000e+01	8.404095e-02	5.753726e+00
2.543333e+01	8.472194e-02	5.757340e+00
2.546667e+01	8.540293e-02	5.760955e+00
2.550000e+01	8.608392e-02	5.764569e+00
2.553333e+01	8.676491e-02	5.768184e+00
2.556667e+01	8.744590e-02	5.771798e+00
2.560000e+01	8.812688e-02	5.775413e+00
2.563333e+01	8.880787e-02	5.779027e+00
2.566667e+01	8.948886e-02	5.782642e+00
2.570000e+01	9.016985e-02	5.786256e+00
2.573333e+01	9.084361e-02	5.789832e+00
2.576667e+01	9.146935e-02	5.793153e+00
2.580000e+01	9.176260e-02	5.794710e+00
2.583333e+01	9.073622e-02	5.789262e+00
2.586667e+01	8.683017e-02	5.768530e+00
2.590000e+01	7.861773e-02	5.724941e+00
2.593333e+01	6.406858e-02	5.647719e+00
2.596667e+01	4.007803e-02	5.520385e+00
26	6.564941e-03	5.342509e+00
2.603333e+01	-2.982058e-02	5.149387e+00
2.606667e+01	-6.048218e-02	4.986645e+00
2.610000e+01	-8.263759e-02	4.869052e+00
2.613333e+01	-9.966301e-02	4.778687e+00
2.616667e+01	-1.151389e-01	4.696546e+00
2.620000e+01	-1.285540e-01	4.625343e+00
2.623333e+01	-1.367096e-01	4.582056e+00
2.626667e+01	-1.381847e-01	4.574226e+00
2.630000e+01	-1.353742e-01	4.589144e+00
2.633333e+01	-1.323120e-01	4.605397e+00
2.636667e+01	-1.314121e-01	4.610173e+00
2.640000e+01	-1.322112e-01	4.605932e+00
2.643333e+01	-1.321756e-01	4.606121e+00
2.646667e+01	-1.285531e-01	4.625348e+00
2.650000e+01	-1.202188e-01	4.669584e+00
2.653333e+01	-1.080220e-01	4.734320e+00
2.656667e+01	-9.389917e-02	4.809279e+00
2.660000e+01	-8.014599e-02	4.882277e+00
2.663333e+01	-6.873344e-02	4.942851e+00
2.666667e+01	-6.059355e-02	4.986054e+00
2.670000e+01	-5.515812e-02	5.014904e+00
2.673333e+01	-5.048228e-02	5.039722e+00
2.676667e+01	-4.485659e-02	5.069581e+00
2.680000e+01	-3.852265e-02	5.103199e+00
2.683333e+01	-3.298075e-02	5.132614e+00
2.686667e+01	-2.898560e-02	5.153819e+00
2.690000e+01	-2.590419e-02	5.170174e+00
2.693333e+01	-2.264611e-02	5.187467e+00
2.696667e+01	-1.869119e-02	5.208458e+00
27	-1.427177e-02	5.231915e+00
2.703333e+01	-9.883758e-03	5.255205e+00
2.706667e+01	-5.789042e-03	5.276938e+00
2.710000e+01	-1.908487e-03	5.297535e+00
2.713333e+01	1.972061e-03	5.318132e+00
2.716667e+01	5.976199e-03	5.339384e+00
2.720000e+01	1.003500e-02	5.360927e+00
2.723333e+01	1.381467e-02	5.380988e+00
2.726667e+01	1.691359e-02	5.397436e+00
2.730000e+01	1.972259e-02	5.412346e+00
2.733333e+01	2.388629e-02	5.434445e+00
2.736667e+01	3.101292e-02	5.472271e+00
2.740000e+01	4.097927e-02	5.525169e+00
2.743333e+01	5.205396e-02	5.583950e+00
2.746667e+01	6.231164e-02	5.638394e+00
2.750000e+01	7.030843e-02	5.680838e+00
2.753333e+01	7.500292e-02	5.705755e+00
2.756667e+01	7.621795e-02	5.712204e+00
2.760000e+01	7.514770e-02	5.706523e+00
2.763333e+01	7.367869e-02	5.698726e+00
2.766667e+01	7.287695e-02	5.694471e+00
2.770000e+01	7.187637e-02	5.689160e+00
2.773333e+01	6.860013e-02	5.671771e+00
2.776667e+01	6.266262e-02	5.640257e+00
2.780000e+01	5.743345e-02	5.612502e+00
2.783333e+01	5.762344e-02	5.613511e+00
2.786667e+01	6.417911e-02	5.648306e+00
2.790000e+01	7.272760e-02	5.693678e+00
2.793333e+01	7.778073e-02	5.720499e+00
2.796667e+01	7.761956e-02	5.719643e+00
28	7.470420e-02	5.704170e+00
2.803333e+01	7.237806e-02	5.691823e+00
2.806667e+01	7.195214e-02	5.689562e+00
2.810000e+01	7.253723e-02	5.692668e+00
2.813333e+01	7.273587e-02	5.693722e+00
2.816667e+01	7.200254e-02	5.689830e+00
2.820000e+01	7.068673e-02	5.682846e+00
2.823333e+01	6.935535e-02	5.675780e+00
2.826667e+01	6.827767e-02	5.670060e+00
2.830000e+01	6.737699e-02	5.665279e+00
2.833333e+01	6.646090e-02	5.660417e+00
2.836667e+01	6.543055e-02	5.654948e+00
2.840000e+01	6.432041e-02	5.649056e+00
2.843333e+01	6.321412e-02	5.643184e+00
2.846667e+01	6.215716e-02	5.637574e+00
2.850000e+01	6.113688e-02	5.632159e+00
2.853333e+01	6.011696e-02	5.626745e+00
2.856667e+01	5.907613e-02	5.621221e+00
2.860000e+01	5.801858e-02	5.615608e+00
2.863333e+01	5.695992e-02	5.609989e+00
2.866667e+01	5.591005e-02	5.604416e+00
2.870000e+01	5.486776e-02	5.598884e+00
2.873333e+01	5.382636e-02	5.593357e+00
2.876667e+01	5.278130e-02	5.587810e+00
2.880000e+01	5.173282e-02	5.582245e+00
2.883333e+01	5.068377e-02	5.576677e+00
2.886667e+01	4.963624e-02	5.571117e+00
2.890000e+01	4.859024e-02	5.565565e+00
2.893333e+01	4.754457e-02	5.560015e+00
2.896667e+01	4.649827e-02	5.554462e+00
29	4.545129e-02	5.548905e+00
2.903333e+01	4.440413e-02	5.543347e+00
2.906667e+01	4.335723e-02	5.537790e+00
2.910000e+01	4.231063e-02	5.532235e+00
2.913333e+01	4.126413e-02	5.526681e+00
2.916667e+01	4.021752e-02	5.521126e+00
2.920000e+01	3.917077e-02	5.515570e+00
2.923333e+01	3.813509e-02	5.510073e+00
2.926667e+01	3.717326e-02	5.504968e+00
2.930000e+01	3.642634e-02	5.501003e+00
2.933333e+01	3.603575e-02	5.498930e+00
2.936667e+01	3.600274e-02	5.498755e+00
2.940000e+01	3.615990e-02	5.499589e+00
2.943333e+01	3.630196e-02	5.500343e+00
2.946667e+01	3.632916e-02	5.500488e+00
2.950000e+01	3.647188e-02	5.501245e+00
2.953333e+01	3.774046e-02	5.507978e+00
2.956667e+01	4.159351e-02	5.528429e+00
2.960000e+01	4.803029e-02	5.562593e+00
2.963333e+01	5.449317e-02	5.596896e+00
2.966667e+01	5.792430e-02	5.615107e+00
2.970000e+01	5.764332e-02	5.613616e+00
2.973333e+01	5.556397e-02	5.602580e+00
2.976667e+01	5.402827e-02	5.594429e+00
2.980000e+01	5.388895e-02	5.593689e+00
2.983333e+01	5.438497e-02	5.596322e+00
2.986667e+01	5.433808e-02	5.596073e+00
2.990000e+01	5.327880e-02	5.590451e+00
2.993333e+01	5.160857e-02	5.581586e+00
2.996667e+01	4.999464e-02	5.573019e+00
30	4.876999e-02	5.566519e+00
3.003333e+01	4.782256e-02	5.561491e+00
3.006667e+01	4.687169e-02	5.556444e+00
3.010000e+01	4.575906e-02	5.550538e+00
3.013333e+01	4.452097e-02	5.543967e+00
3.016667e+01	4.327723e-02	5.537366e+00
3.020000e+01	4.210144e-02	5.531125e+00
3.023333e+01	4.098249e-02	5.525186e+00
3.026667e+01	3.986910e-02	5.519276e+00
3.030000e+01	3.872727e-02	5.513216e+00
3.033333e+01	3.755979e-02	5.507019e+00
3.036667e+01	3.638852e-02	5.500803e+00
3.040000e+01	3.522906e-02	5.494649e+00
3.043333e+01	3.408112e-02	5.488556e+00
3.046667e+01	3.293544e-02	5.482475e+00
3.050000e+01	3.178489e-02	5.476368e+00
3.053333e+01	3.062919e-02	5.470234e+00
3.056667e+01	2.947224e-02	5.464093e+00
3.060000e+01	2.831728e-02	5.457963e+00
3.063333e+01	2.716462e-02	5.451845e+00
3.066667e+01	2.601261e-02	5.445731e+00
3.070000e+01	2.485980e-02	5.439612e+00
3.073333e+01	2.370597e-02	5.433488e+00
3.076667e+01	2.255180e-02	5.427362e+00
3.080000e+01	2.139796e-02	5.421238e+00
3.083333e+01	2.024456e-02	5.415116e+00
3.086667e+01	1.909134e-02	5.408995e+00
3.090000e+01	1.793798e-02	5.402873e+00
3.093333e+01	1.678443e-02	5.396751e+00
3.096667e+01	1.563080e-02	5.390628e+00
31	1.447721e-02	5.384505e+00
3.103333e+01	1.332372e-02	5.378382e+00
3.106667e+01	1.217026e-02	5.372260e+00
3.110000e+01	1.101678e-02	5.366138e+00
3.113333e+01	9.863266e-03	5.360016e+00
3.116667e+01	8.709733e-03	5.353893e+00
3.120000e+01	7.556206e-03	5.347770e+00
3.123333e+01	6.402696e-03	5.341648e+00
3.126667e+01	5.249194e-03	5.335526e+00
3.130000e+01	4.095691e-03	5.329403e+00
3.133333e+01	2.942180e-03	5.323281e+00
3.136667e+01	1.788665e-03	5.317158e+00
3.140000e+01	6.351508e-04	5.311036e+00
3.143333e+01	-5.183603e-04	5.304913e+00
3.146667e+01	-1.671870e-03	5.298791e+00
3.150000e+01	-2.825379e-03	5.292668e+00
3.153333e+01	-3.978890e-03	5.286546e+00
3.156667e+01	-5.132401e-03	5.280424e+00
3.160000e+01	-6.285913e-03	5.274301e+00
3.163333e+01	-7.439424e-03	5.268179e+00
3.166667e+01	-8.592934e-03	5.262056e+00
3.170000e+01	-9.746445e-03	5.255934e+00
3.173333e+01	-1.089996e-02	5.249811e+00
3.176667e+01	-1.205347e-02	5.243689e+00
3.180000e+01	-1.320698e-02	5.237566e+00
3.183333e+01	-1.436049e-02	5.231444e+00
3.186667e+01	-1.551400e-02	5.225322e+00
3.190000e+01	-1.666751e-02	5.219199e+00
3.193333e+01	-1.782102e-02	5.213077e+00
3.196667e+01	-1.897453e-02	5.206954e+00
32	-2.012804e-02	5.200832e+00
3.203333e+01	-2.128155e-02	5.194709e+00
3.206667e+01	-2.243507e-02	5.188587e+00
3.210000e+01	-2.358858e-02	5.182464e+00
3.213333e+01	-2.474209e-02	5.176342e+00
3.216667e+01	-2.589560e-02	5.170219e+00
3.220000e+01	-2.704911e-02	5.164097e+00
3.223333e+01	-2.820262e-02	5.157975e+00
3.226667e+01	-2.935613e-02	5.151852e+00
3.230000e+01	-3.050964e-02	5.145730e+00
3.233333e+01	-3.166315e-02	5.139607e+00
3.236667e+01	-3.281666e-02	5.133485e+00
3.240000e+01	-3.397017e-02	5.127362e+00
3.243333e+01	-3.512368e-02	5.121240e+00
3.246667e+01	-3.627720e-02	5.115117e+00
3.250000e+01	-3.743071e-02	5.108995e+00
3.253333e+01	-3.858422e-02	5.102873e+00
3.256667e+01	-3.973773e-02	5.096750e+00
3.260000e+01	-4.089124e-02	5.090628e+00
3.263333e+01	-4.204475e-02	5.084505e+00
3.266667e+01	-4.319826e-02	5.078383e+00
3.270000e+01	-4.435177e-02	5.072260e+00
3.273333e+01	-4.550528e-02	5.066138e+00
3.276667e+01	-4.665879e-02	5.060015e+00
3.280000e+01	-4.781230e-02	5.053893e+00
3.283333e+01	-4.896582e-02	5.047771e+00
3.286667e+01	-5.011933e-02	5.041648e+00
3.290000e+01	-5.127284e-02	5.035526e+00
3.293333e+01	-5.242635e-02	5.029403e+00
3.296667e+01	-5.357986e-02	5.023281e+00
33	-5.473337e-02	5.017158e+00
3.303333e+01	-5.587464e-02	5.011101e+00
3.306667e+01	-5.693457e-02	5.005475e+00
3.310000e+01	-5.775772e-02	5.001106e+00
3.313333e+01	-5.838814e-02	4.997760e+00
3.316667e+01	-5.975309e-02	4.990515e+00
3.320000e+01	-6.344727e-02	4.970908e+00
3.323333e+01	-6.970436e-02	4.937697e+00
3.326667e+01	-7.611085e-02	4.903694e+00
3.330000e+01	-7.959759e-02	4.885187e+00
3.333333e+01	-7.939207e-02	4.886278e+00
3.336667e+01	-7.734022e-02	4.897169e+00
3.340000e+01	-7.579510e-02	4.905370e+00
3.343333e+01	-7.570111e-02	4.905869e+00
3.346667e+01	-7.639655e-02	4.902177e+00
3.350000e+01	-7.666605e-02	4.900747e+00
3.353333e+01	-7.582982e-02	4.905185e+00
3.356667e+01	-7.408923e-02	4.914424e+00
3.360000e+01	-7.211529e-02	4.924901e+00
3.363333e+01	-7.042186e-02	4.933889e+00
3.366667e+01	-6.907484e-02	4.941039e+00
3.370000e+01	-6.784252e-02	4.947579e+00
3.373333e+01	-6.650406e-02	4.954683e+00
3.376667e+01	-6.501698e-02	4.962576e+00
3.380000e+01	-6.347416e-02	4.970765e+00
3.383333e+01	-6.197307e-02	4.978732e+00
3.386667e+01	-6.055239e-02	4.986273e+00
3.390000e+01	-5.926103e-02	4.993127e+00
3.393333e+01	-5.825101e-02	4.998488e+00
3.396667e+01	-5.750597e-02	5.002442e+00
34	-5.611437e-02	5.009828e+00
3.403333e+01	-5.245338e-02	5.029260e+00
3.406667e+01	-4.623760e-02	5.062251e+00
3.410000e+01	-3.984620e-02	5.096174e+00
3.413333e+01	-3.614851e-02	5.115800e+00
3.416667e+01	-3.500835e-02	5.121852e+00
3.420000e+01	-3.318562e-02	5.131527e+00
3.423333e+01	-2.832125e-02	5.157345e+00
3.426667e+01	-2.177085e-02	5.192112e+00
3.430000e+01	-1.620904e-02	5.221632e+00
3.433333e+01	-1.212706e-02	5.243298e+00
3.436667e+01	-9.034174e-03	5.259714e+00
3.440000e+01	-8.320157e-03	5.263504e+00
3.443333e+01	-1.186718e-02	5.244678e+00
3.446667e+01	-1.893147e-02	5.207183e+00
3.450000e+01	-2.594833e-02	5.169940e+00
3.453333e+01	-2.781698e-02	5.160021e+00
3.456667e+01	-1.941008e-02	5.204642e+00
3.460000e+01	1.060353e-03	5.313293e+00
3.463333e+01	2.830730e-02	5.457910e+00
3.466667e+01	5.064979e-02	5.576497e+00
3.470000e+01	5.706209e-02	5.610531e+00
3.473333e+01	4.581418e-02	5.550831e+00
3.476667e+01	2.621575e-02	5.446809e+00
3.480000e+01	1.039217e-02	5.362823e+00
3.483333e+01	3.541715e-03	5.326463e+00
3.486667e+01	3.366784e-03	5.325534e+00
3.490000e+01	6.411761e-03	5.341696e+00
3.493333e+01	1.108796e-02	5.366516e+00
3.496667e+01	1.595132e-02	5.392329e+00
35	1.903577e-02	5.408700e+00
3.503333e+01	1.942682e-02	5.410776e+00
3.506667e+01	1.794834e-02	5.402928e+00
3.510000e+01	1.598790e-02	5.392523e+00
3.513333e+01	1.419728e-02	5.383019e+00
3.516667e+01	1.239181e-02	5.373436e+00
3.520000e+01	1.023610e-02	5.361994e+00
3.523333e+01	7.724381e-03	5.348663e+00
3.526667e+01	5.118666e-03	5.334833e+00
3.530000e+01	2.649320e-03	5.321726e+00
3.533333e+01	3.470072e-04	5.309506e+00
3.536667e+01	-1.900263e-03	5.297579e+00
3.540000e+01	-4.200342e-03	5.285371e+00
3.543333e+01	-6.574091e-03	5.272772e+00
3.546667e+01	-8.975619e-03	5.260025e+00
3.550000e+01	-1.135656e-02	5.247388e+00
3.553333e+01	-1.370523e-02	5.234922e+00
3.556667e+01	-1.604032e-02	5.222528e+00
3.560000e+01	-1.838334e-02	5.210092e+00
3.563333e+01	-2.074046e-02	5.197581e+00
3.566667e+01	-2.310412e-02	5.185036e+00
3.570000e+01	-2.546479e-02	5.172506e+00
3.573333e+01	-2.781933e-02	5.160009e+00
3.576667e+01	-3.017076e-02	5.147528e+00
3.580000e+01	-3.252327e-02	5.135042e+00
3.583333e+01	-3.485345e-02	5.122674e+00
3.586667e+01	-3.701903e-02	5.111180e+00
3.590000e+01	-3.850087e-02	5.103315e+00
3.593333e+01	-3.805125e-02	5.105701e+00
3.596667e+01	-3.425754e-02	5.125837e+00
36	-2.748972e-02	5.161758e+00
3.603333e+01	-2.073353e-02	5.197618e+00
3.606667e+01	-1.726222e-02	5.216043e+00
3.610000e+01	-1.775138e-02	5.213446e+00
3.613333e+01	-2.021182e-02	5.200387e+00
3.616667e+01	-2.220453e-02	5.189810e+00
3.620000e+01	-2.273291e-02	5.187006e+00
3.623333e+01	-2.244022e-02	5.188559e+00
3.626667e+01	-2.251847e-02	5.188144e+00
3.630000e+01	-2.355886e-02	5.182622e+00
3.633333e+01	-2.526977e-02	5.173541e+00
3.636667e+01	-2.700446e-02	5.164334e+00
3.640000e+01	-2.838116e-02	5.157027e+00
3.643333e+01	-2.945984e-02	5.151302e+00
3.646667e+01	-3.050751e-02	5.145741e+00
3.650000e+01	-3.170164e-02	5.139403e+00
3.653333e+01	-3.302902e-02	5.132358e+00
3.656667e+01	-3.437697e-02	5.125203e+00
3.660000e+01	-3.565094e-02	5.118441e+00
3.663333e+01	-3.677664e-02	5.112467e+00
3.666667e+01	-3.744587e-02	5.108915e+00
3.670000e+01	-3.665913e-02	5.113090e+00
3.673333e+01	-3.310038e-02	5.131979e+00
3.676667e+01	-2.691766e-02	5.164795e+00
3.680000e+01	-2.055014e-02	5.198591e+00
3.683333e+01	-1.662150e-02	5.219443e+00
3.686667e+01	-1.541210e-02	5.225862e+00
3.690000e+01	-1.505591e-02	5.227753e+00
3.693333e+01	-1.369698e-02	5.234966e+00
3.696667e+01	-1.095778e-02	5.249504e+00
37	-7.667096e-03	5.266970e+00
3.703333e+01	-4.730119e-03	5.282559e+00
3.706667e+01	-2.392780e-03	5.294965e+00
3.710000e+01	-3.267553e-04	5.305930e+00
3.713333e+01	1.870505e-03	5.317593e+00
3.716667e+01	4.327827e-03	5.330635e+00
3.720000e+01	6.914560e-03	5.344365e+00
3.723333e+01	9.453213e-03	5.357839e+00
3.726667e+01	1.187921e-02	5.370715e+00
3.730000e+01	1.424411e-02	5.383268e+00
3.733333e+01	1.662590e-02	5.395909e+00
3.736667e+01	1.905632e-02	5.408809e+00
3.740000e+01	2.151533e-02	5.421861e+00
3.743333e+01	2.396881e-02	5.434883e+00
3.746667e+01	2.640140e-02	5.447794e+00
3.750000e+01	2.882072e-02	5.460635e+00
3.753333e+01	3.124162e-02	5.473485e+00
3.756667e+01	3.367145e-02	5.486381e+00
3.760000e+01	3.610741e-02	5.499311e+00
3.763333e+01	3.854303e-02	5.512238e+00
3.766667e+01	4.097487e-02	5.525145e+00
3.770000e+01	4.340389e-02	5.538038e+00
3.773333e+01	4.583290e-02	5.550930e+00
3.776667e+01	4.826351e-02	5.563831e+00
3.780000e+01	5.066960e-02	5.576602e+00
3.783333e+01	5.290435e-02	5.588463e+00
3.786667e+01	5.463940e-02	5.597672e+00
3.790000e+01	5.534637e-02	5.601425e+00
3.793333e+01	5.409415e-02	5.594778e+00
3.796667e+01	4.966167e-02	5.571252e+00
38	4.098981e-02	5.525225e+00
3.803333e+01	2.643738e-02	5.447985e+00
3.806667e+01	3.602339e-03	5.326785e+00
3.810000e+01	-2.686022e-02	5.165100e+00
3.813333e+01	-5.777349e-02	5.001022e+00
3.816667e+01	-7.915715e-02	4.887525e+00
3.820000e+01	-8.614664e-02	4.850427e+00
3.823333e+01	-8.241460e-02	4.870236e+00
3.826667e+01	-7.611932e-02	4.903649e+00
3.830000e+01	-7.323689e-02	4.918948e+00
3.833333e+01	-7.445557e-02	4.912479e+00
3.836667e+01	-7.681520e-02	4.899955e+00
3.840000e+01	-7.678905e-02	4.900094e+00
3.843333e+01	-7.227506e-02	4.924053e+00
3.846667e+01	-6.323319e-02	4.972044e+00
3.850000e+01	-5.099350e-02	5.037008e+00
3.853333e+01	-3.744547e-02	5.108917e+00
3.856667e+01	-2.574116e-02	5.171039e+00
3.860000e+01	-2.088923e-02	5.196792e+00
3.863333e+01	-2.734097e-02	5.162548e+00
3.866667e+01	-4.501052e-02	5.068764e+00
3.870000e+01	-6.825286e-02	4.945401e+00
3.873333e+01	-8.883641e-02	4.836151e+00
3.876667e+01	-1.004221e-01	4.774658e+00
3.880000e+01	-1.020405e-01	4.766068e+00
3.883333e+01	-9.802484e-02	4.787382e+00
3.886667e+01	-9.387733e-02	4.809395e+00
3.890000e+01	-9.162635e-02	4.821343e+00
3.893333e+01	-8.921645e-02	4.834134e+00
3.896667e+01	-8.445385e-02	4.859412e+00
39	-7.847650e-02	4.891138e+00
3.903333e+01	-7.406618e-02	4.914546e+00
3.906667e+01	-7.095573e-02	4.931055e+00
3.910000e+01	-6.505671e-02	4.962365e+00
3.913333e+01	-5.378506e-02	5.022192e+00
3.916667e+01	-3.995304e-02	5.095607e+00
3.920000e+01	-2.853304e-02	5.156221e+00
3.923333e+01	-2.209491e-02	5.190392e+00
3.926667e+01	-2.092229e-02	5.196616e+00
3.930000e+01	-2.468951e-02	5.176621e+00
3.933333e+01	-3.181299e-02	5.138812e+00
3.936667e+01	-3.857806e-02	5.102905e+00
3.940000e+01	-4.072996e-02	5.091484e+00
3.943333e+01	-3.637194e-02	5.114615e+00
3.946667e+01	-2.769976e-02	5.160644e+00
3.950000e+01	-1.972070e-02	5.202994e+00
3.953333e+01	-1.633766e-02	5.220950e+00
3.956667e+01	-1.771341e-02	5.213648e+00
3.960000e+01	-2.179675e-02	5.191975e+00
3.963333e+01	-2.720529e-02	5.163268e+00
3.966667e+01	-3.329000e-02	5.130972e+00
3.970000e+01	-3.839494e-02	5.103877e+00
3.973333e+01	-3.978974e-02	5.096474e+00
3.976667e+01	-3.575010e-02	5.117915e+00
3.980000e+01	-2.675056e-02	5.165682e+00
3.983333e+01	-1.247354e-02	5.241459e+00
3.986667e+01	1.036093e-02	5.362657e+00
3.990000e+01	4.154150e-02	5.528153e+00
3.993333e+01	7.112965e-02	5.685197e+00
3.996667e+01	8.666713e-02	5.767665e+00
40	8.531398e-02	5.760483e+00
4.003333e+01	7.470389e-02	5.704168e+00
4.006667e+01	6.392051e-02	5.646933e+00
4.010000e+01	5.697809e-02	5.610085e+00
4.013333e+01	5.337082e-02	5.590939e+00
4.016667e+01	5.117624e-02	5.579291e+00
4.020000e+01	4.893894e-02	5.567416e+00
4.023333e+01	4.615569e-02	5.552644e+00
4.026667e+01	4.301700e-02	5.535984e+00
4.030000e+01	3.989157e-02	5.519396e+00
4.033333e+01	3.696076e-02	5.503840e+00
4.036667e+01	3.416734e-02	5.489013e+00
4.040000e+01	3.136864e-02	5.474159e+00
4.043333e+01	2.851795e-02	5.459028e+00
4.046667e+01	2.577933e-02	5.444493e+00
4.050000e+01	2.343082e-02	5.432028e+00
4.053333e+01	2.154002e-02	5.421992e+00
4.056667e+01	1.988516e-02	5.413208e+00
4.060000e+01	1.836352e-02	5.405132e+00
4.063333e+01	1.724527e-02	5.399197e+00
4.066667e+01	1.662828e-02	5.395922e+00
4.070000e+01	1.549226e-02	5.389892e+00
4.073333e+01	1.200798e-02	5.371399e+00
4.076667e+01	5.799007e-03	5.338444e+00
4.080000e+01	-6.882417e-04	5.304012e+00
4.083333e+01	-4.267493e-03	5.285014e+00
4.086667e+01	-4.089295e-03	5.285960e+00
4.090000e+01	-1.806032e-03	5.298079e+00
4.093333e+01	1.108192e-03	5.313547e+00
4.096667e+01	5.068027e-03	5.334564e+00
41	1.045627e-02	5.363163e+00
4.103333e+01	1.486180e-02	5.386546e+00
4.106667e+01	1.433905e-02	5.383771e+00
4.110000e+01	7.995722e-03	5.350103e+00
4.113333e+01	-1.935436e-04	5.306637e+00
4.116667e+01	-5.086122e-03	5.280669e+00
4.120000e+01	-5.005825e-03	5.281095e+00
4.123333e+01	-2.258103e-03	5.295679e+00
4.126667e+01	-9.362062e-05	5.307168e+00
4.130000e+01	7.354662e-05	5.308055e+00
4.133333e+01	-1.025896e-03	5.302220e+00
4.136667e+01	-1.987038e-03	5.297118e+00
4.140000e+01	-2.111868e-03	5.296456e+00
4.143333e+01	-1.456672e-03	5.299933e+00
4.146667e+01	3.025294e-04	5.309270e+00
4.150000e+01	4.246539e-03	5.330204e+00
4.153333e+01	1.047189e-02	5.363246e+00
4.156667e+01	1.671558e-02	5.396385e+00
4.160000e+01	2.009601e-02	5.414328e+00
4.163333e+01	1.990166e-02	5.413296e+00
4.166667e+01	1.831981e-02	5.404900e+00
4.170000e+01	1.948040e-02	5.411060e+00
4.173333e+01	2.713429e-02	5.451684e+00
4.176667e+01	4.074470e-02	5.523924e+00
4.180000e+01	5.427993e-02	5.595764e+00
4.183333e+01	6.119922e-02	5.632490e+00
4.186667e+01	6.013167e-02	5.626823e+00
4.190000e+01	5.437092e-02	5.596247e+00
4.193333e+01	4.741751e-02	5.559341e+00
4.196667e+01	4.103947e-02	5.525488e+00
42	3.617864e-02	5.499689e+00
4.203333e+01	3.280212e-02	5.481767e+00
4.206667e+01	2.926953e-02	5.463017e+00
4.210000e+01	2.418156e-02	5.436012e+00
4.213333e+01	1.864403e-02	5.406621e+00
4.216667e+01	1.520900e-02	5.388389e+00
4.220000e+01	1.496989e-02	5.387120e+00
4.223333e+01	1.664331e-02	5.396002e+00
4.226667e+01	1.814512e-02	5.403973e+00
4.230000e+01	1.840679e-02	5.405362e+00
4.233333e+01	1.776270e-02	5.401943e+00
4.236667e+01	1.710555e-02	5.398455e+00
4.240000e+01	1.695745e-02	5.397669e+00
4.243333e+01	1.721881e-02	5.399056e+00
4.246667e+01	1.751003e-02	5.400602e+00
4.250000e+01	1.758869e-02	5.401019e+00
4.253333e+01	1.748255e-02	5.400456e+00
4.256667e+01	1.735341e-02	5.399771e+00
4.260000e+01	1.731288e-02	5.399556e+00
4.263333e+01	1.735552e-02	5.399782e+00
4.266667e+01	1.721263e-02	5.399024e+00
4.270000e+01	1.590446e-02	5.392080e+00
4.273333e+01	1.202018e-02	5.371464e+00
4.276667e+01	5.381490e-03	5.336228e+00
4.280000e+01	-2.393564e-03	5.294960e+00
4.283333e+01	-9.678060e-03	5.256297e+00
4.286667e+01	-1.580912e-02	5.223755e+00
4.290000e+01	-2.017307e-02	5.200593e+00
4.293333e+01	-2.207962e-02	5.190473e+00
4.296667e+01	-2.196324e-02	5.191091e+00
43	-2.204768e-02	5.190643e+00
4.303333e+01	-2.506872e-02	5.174608e+00
4.306667e+01	-3.149011e-02	5.140526e+00
4.310000e+01	-3.820552e-02	5.104883e+00
4.313333e+01	-4.067233e-02	5.091790e+00
4.316667e+01	-3.655181e-02	5.113660e+00
4.320000e+01	-2.787179e-02	5.159731e+00
4.323333e+01	-1.974875e-02	5.202845e+00
4.326667e+01	-1.625874e-02	5.221369e+00
4.330000e+01	-1.743468e-02	5.215127e+00
4.333333e+01	-2.025180e-02	5.200175e+00
4.336667e+01	-2.184208e-02	5.191734e+00
4.340000e+01	-2.151579e-02	5.193466e+00
4.343333e+01	-2.035788e-02	5.199612e+00
4.346667e+01	-1.963522e-02	5.203447e+00
4.350000e+01	-1.973218e-02	5.202933e+00
4.353333e+01	-2.022463e-02	5.200319e+00
4.356667e+01	-2.055652e-02	5.198558e+00
4.360000e+01	-2.053375e-02	5.198678e+00
4.363333e+01	-2.032410e-02	5.199791e+00
4.366667e+01	-2.017191e-02	5.200599e+00
4.370000e+01	-2.017300e-02	5.200593e+00
4.373333e+01	-2.026179e-02	5.200122e+00
4.376667e+01	-2.033120e-02	5.199753e+00
4.380000e+01	-2.032133e-02	5.199806e+00
4.383333e+01	-2.018206e-02	5.200545e+00
4.386667e+01	-1.979085e-02	5.202621e+00
4.390000e+01	-1.900030e-02	5.206817e+00
4.393333e+01	-1.779954e-02	5.213191e+00
4.396667e+01	-1.636910e-02	5.220783e+00
44	-1.494473e-02	5.228343e+00
4.403333e+01	-1.364954e-02	5.235217e+00
4.406667e+01	-1.245578e-02	5.241554e+00
4.410000e+01	-1.127042e-02	5.247845e+00
4.413333e+01	-1.003426e-02	5.254406e+00
4.416667e+01	-8.753326e-03	5.261205e+00
4.420000e+01	-7.466293e-03	5.268036e+00
4.423333e+01	-6.200214e-03	5.274756e+00
4.426667e+01	-4.954154e-03	5.281370e+00
4.430000e+01	-3.725104e-03	5.287893e+00
4.433333e+01	-2.575965e-03	5.293992e+00
4.436667e+01	-1.675697e-03	5.298771e+00
4.440000e+01	-1.200948e-03	5.301290e+00
4.443333e+01	-1.167175e-03	5.301470e+00
4.446667e+01	-1.420994e-03	5.300122e+00
4.450000e+01	-1.818943e-03	5.298010e+00
4.453333e+01	-2.344845e-03	5.295219e+00
4.456667e+01	-3.035854e-03	5.291551e+00
4.460000e+01	-3.865653e-03	5.287147e+00
4.463333e+01	-4.739460e-03	5.282509e+00
4.466667e+01	-5.572845e-03	5.278086e+00
4.470000e+01	-6.347148e-03	5.273976e+00
4.473333e+01	-7.096410e-03	5.269999e+00
4.476667e+01	-7.859353e-03	5.265950e+00
4.480000e+01	-8.647468e-03	5.261767e+00
4.483333e+01	-9.447611e-03	5.257520e+00
4.486667e+01	-1.024276e-02	5.253300e+00
4.490000e+01	-1.102704e-02	5.249137e+00
4.493333e+01	-1.180564e-02	5.245004e+00
4.496667e+01	-1.258603e-02	5.240862e+00
45	-1.337111e-02	5.236695e+00
4.503333e+01	-1.415886e-02	5.232514e+00
4.506667e+01	-1.494601e-02	5.228336e+00
4.510000e+01	-1.573113e-02	5.224169e+00
4.513333e+01	-1.651501e-02	5.220008e+00
4.516667e+01	-1.729908e-02	5.215847e+00
4.520000e+01	-1.808401e-02	5.211681e+00
4.523333e+01	-1.886119e-02	5.207556e+00
4.526667e+01	-1.958297e-02	5.203725e+00
4.530000e+01	-2.014323e-02	5.200751e+00
4.533333e+01	-2.043600e-02	5.199197e+00
4.536667e+01	-2.044834e-02	5.199132e+00
4.540000e+01	-2.023685e-02	5.200254e+00
4.543333e+01	-1.980001e-02	5.202573e+00
4.546667e+01	-1.905666e-02	5.206518e+00
4.550000e+01	-1.798249e-02	5.212220e+00
4.553333e+01	-1.670072e-02	5.219023e+00
4.556667e+01	-1.540135e-02	5.225919e+00
4.560000e+01	-1.420051e-02	5.232293e+00
4.563333e+01	-1.309026e-02	5.238186e+00
4.566667e+01	-1.199726e-02	5.243987e+00
4.570000e+01	-1.086660e-02	5.249988e+00
4.573333e+01	-9.696380e-03	5.256200e+00
4.576667e+01	-8.516612e-03	5.262461e+00
4.580000e+01	-7.352070e-03	5.268642e+00
4.583333e+01	-6.205024e-03	5.274730e+00
4.586667e+01	-5.062979e-03	5.280792e+00
4.590000e+01	-3.914775e-03	5.286886e+00
4.593333e+01	-2.758825e-03	5.293022e+00
4.596667e+01	-1.600324e-03	5.299171e+00
46	-4.442856e-04	5.305307e+00
4.603333e+01	7.083355e-04	5.311424e+00
4.606667e+01	1.859684e-03	5.317535e+00
4.610000e+01	3.012004e-03	5.323651e+00
4.613333e+01	4.165824e-03	5.329775e+00
4.616667e+01	5.320267e-03	5.335903e+00
4.620000e+01	6.474335e-03	5.342028e+00
4.623333e+01	7.627746e-03	5.348150e+00
4.626667e+01	8.780857e-03	5.354270e+00
4.630000e+01	9.934110e-03	5.360392e+00
4.633333e+01	1.108765e-02	5.366514e+00
4.636667e+01	1.224133e-02	5.372638e+00
4.640000e+01	1.339496e-02	5.378761e+00
4.643333e+01	1.454847e-02	5.384883e+00
4.646667e+01	1.570190e-02	5.391005e+00
4.650000e+01	1.685536e-02	5.397127e+00
4.653333e+01	1.800887e-02	5.403250e+00
4.656667e+01	1.916241e-02	5.409372e+00
4.660000e+01	2.031595e-02	5.415495e+00
4.663333e+01	2.146946e-02	5.421617e+00
4.666667e+01	2.262296e-02	5.427740e+00
4.670000e+01	2.377646e-02	5.433862e+00
4.673333e+01	2.492997e-02	5.439985e+00
4.676667e+01	2.608348e-02	5.446107e+00
4.680000e+01	2.723700e-02	5.452230e+00
4.683333e+01	2.839051e-02	5.458352e+00
4.686667e+01	2.954402e-02	5.464474e+00
4.690000e+01	3.069753e-02	5.470597e+00
4.693333e+01	3.185104e-02	5.476719e+00
4.696667e+01	3.300455e-02	5.482842e+00
47	3.414582e-02	5.488899e+00
4.703333e+01	3.520575e-02	5.494525e+00
4.706667e+01	3.602890e-02	5.498894e+00
4.710000e+01	3.645938e-02	5.501179e+00
4.713333e+01	3.629586e-02	5.500311e+00
4.716667e+01	3.459417e-02	5.491279e+00
4.720000e+01	2.904173e-02	5.461808e+00
4.723333e+01	1.740216e-02	5.400029e+00
4.726667e+01	5.477546e-04	5.310572e+00
4.730000e+01	-1.718846e-02	5.216434e+00
4.733333e+01	-3.195714e-02	5.138047e+00
4.736667e+01	-4.334808e-02	5.077588e+00
4.740000e+01	-5.236841e-02	5.029711e+00
4.743333e+01	-5.859998e-02	4.996636e+00
4.746667e+01	-6.099380e-02	4.983930e+00
4.750000e+01	-6.008760e-02	4.988740e+00
4.753333e+01	-5.805087e-02	4.999550e+00
4.756667e+01	-5.687815e-02	5.005774e+00
4.760000e+01	-5.707072e-02	5.004752e+00
4.763333e+01	-5.788239e-02	5.000444e+00
4.766667e+01	-5.841169e-02	4.997635e+00
4.770000e+01	-5.816372e-02	4.998951e+00
4.773333e+01	-5.629349e-02	5.008878e+00
4.776667e+01	-5.085628e-02	5.037737e+00
4.780000e+01	-4.038239e-02	5.093328e+00
4.783333e+01	-2.614867e-02	5.168876e+00
4.786667e+01	-1.120273e-02	5.248204e+00
4.790000e+01	2.427177e-03	5.320547e+00
4.793333e+01	1.432773e-02	5.383711e+00
4.796667e+01	2.451804e-02	5.437798e+00
48	3.251879e-02	5.480263e+00
4.803333e+01	3.736208e-02	5.505970e+00
4.806667e+01	3.867129e-02	5.512919e+00
4.810000e+01	3.756104e-02	5.507026e+00
4.813333e+01	3.599384e-02	5.498708e+00
4.816667e+01	3.533568e-02	5.495215e+00
4.820000e+01	3.530783e-02	5.495067e+00
4.823333e+01	3.349031e-02	5.485420e+00
4.826667e+01	2.665418e-02	5.449136e+00
4.830000e+01	1.470398e-02	5.385708e+00
4.833333e+01	2.666304e-03	5.321816e+00
4.836667e+01	-3.381620e-03	5.289716e+00
4.840000e+01	-1.926581e-03	5.297439e+00
4.843333e+01	3.411968e-03	5.325774e+00
4.846667e+01	7.951153e-03	5.349867e+00
4.850000e+01	9.673151e-03	5.359006e+00
4.853333e+01	9.593281e-03	5.358583e+00
4.856667e+01	9.687476e-03	5.359083e+00
4.860000e+01	1.094900e-02	5.365778e+00
4.863333e+01	1.303015e-02	5.376824e+00
4.866667e+01	1.506966e-02	5.387649e+00
4.870000e+01	1.651378e-02	5.395314e+00
4.873333e+01	1.728684e-02	5.399417e+00
4.876667e+01	1.755683e-02	5.400850e+00
4.880000e+01	1.753981e-02	5.400760e+00
4.883333e+01	1.740253e-02	5.400031e+00
4.886667e+01	1.712268e-02	5.398546e+00
4.890000e+01	1.639893e-02	5.394705e+00
4.893333e+01	1.486015e-02	5.386537e+00
4.896667e+01	1.245687e-02	5.373782e+00
49	9.570296e-03	5.358461e+00
4.903333e+01	6.702608e-03	5.343240e+00
4.906667e+01	4.112278e-03	5.329491e+00
4.910000e+01	1.735780e-03	5.316878e+00
4.913333e+01	-6.262806e-04	5.304341e+00
4.916667e+01	-3.098139e-03	5.291221e+00
4.920000e+01	-5.664656e-03	5.277599e+00
4.923333e+01	-8.242658e-03	5.263915e+00
4.926667e+01	-1.077523e-02	5.250473e+00
4.930000e+01	-1.323875e-02	5.237398e+00
4.933333e+01	-1.551793e-02	5.225301e+00
4.936667e+01	-1.732694e-02	5.215699e+00
4.940000e+01	-1.845027e-02	5.209737e+00
4.943333e+01	-1.905802e-02	5.206511e+00
4.946667e+01	-1.954105e-02	5.203947e+00
4.950000e+01	-2.005487e-02	5.201220e+00
4.953333e+01	-2.044045e-02	5.199174e+00
4.956667e+01	-2.073902e-02	5.197589e+00
4.960000e+01	-2.193709e-02	5.191230e+00
4.963333e+01	-2.563873e-02	5.171583e+00
4.966667e+01	-3.199150e-02	5.137864e+00
4.970000e+01	-3.847361e-02	5.103460e+00
4.973333e+01	-4.196825e-02	5.084911e+00
4.976667e+01	-4.172649e-02	5.086194e+00
4.980000e+01	-3.964158e-02	5.097260e+00
4.983333e+01	-3.809114e-02	5.105490e+00
4.986667e+01	-3.802732e-02	5.105828e+00
4.990000e+01	-3.885503e-02	5.101435e+00
4.993333e+01	-3.954265e-02	5.097785e+00
4.996667e+01	-3.960877e-02	5.097435e+00
50	-3.926516e-02	5.099258e+00
5.003333e+01	-3.895646e-02	5.100897e+00
5.006667e+01	-3.891152e-02	5.101135e+00
5.010000e+01	-3.905436e-02	5.100377e+00
5.013333e+01	-3.919297e-02	5.099641e+00
5.016667e+01	-3.901983e-02	5.100560e+00
5.020000e+01	-3.763234e-02	5.107925e+00
5.023333e+01	-3.370298e-02	5.128781e+00
5.026667e+01	-2.727448e-02	5.162901e+00
5.030000e+01	-2.086211e-02	5.196936e+00
5.033333e+01	-1.746601e-02	5.214961e+00
5.036667e+01	-1.774545e-02	5.213478e+00
5.040000e+01	-1.980335e-02	5.202555e+00
5.043333e+01	-2.131078e-02	5.194554e+00
5.046667e+01	-2.135627e-02	5.194313e+00
5.050000e+01	-2.033901e-02	5.199712e+00
5.053333e+01	-1.834163e-02	5.210313e+00
5.056667e+01	-1.441694e-02	5.231144e+00
5.060000e+01	-8.342983e-03	5.263383e+00
5.063333e+01	-2.207045e-03	5.295950e+00
5.066667e+01	1.175895e-03	5.313906e+00
5.070000e+01	1.045716e-03	5.313215e+00
5.073333e+01	-8.868700e-04	5.302957e+00
5.076667e+01	-2.381696e-03	5.295023e+00
5.080000e+01	-2.489653e-03	5.294450e+00
5.083333e+01	-1.728888e-03	5.298488e+00
5.086667e+01	-1.068569e-03	5.301993e+00
5.090000e+01	-9.853100e-04	5.302435e+00
5.093333e+01	-1.299622e-03	5.300767e+00
5.096667e+01	-1.595117e-03	5.299198e+00
51	-1.646563e-03	5.298925e+00
5.103333e+01	-1.516483e-03	5.299616e+00
5.106667e+01	-1.384187e-03	5.300318e+00
5.110000e+01	-1.354994e-03	5.300473e+00
5.113333e+01	-1.408402e-03	5.300189e+00
5.116667e+01	-1.467399e-03	5.299876e+00
5.120000e+01	-1.483082e-03	5.299793e+00
5.123333e+01	-1.461367e-03	5.299908e+00
5.126667e+01	-1.435176e-03	5.300047e+00
5.130000e+01	-1.427060e-03	5.300090e+00
5.133333e+01	-1.435790e-03	5.300044e+00
5.136667e+01	-1.447366e-03	5.299983e+00
5.140000e+01	-1.451454e-03	5.299961e+00
5.143333e+01	-1.447991e-03	5.299979e+00
5.146667e+01	-1.442897e-03	5.300006e+00
5.150000e+01	-1.440879e-03	5.300017e+00
5.153333e+01	-1.442231e-03	5.300010e+00
5.156667e+01	-1.444463e-03	5.299998e+00
5.160000e+01	-1.445443e-03	5.299993e+00
5.163333e+01	-1.444926e-03	5.299995e+00
5.166667e+01	-1.443953e-03	5.300001e+00
5.170000e+01	-1.443483e-03	5.300003e+00
5.173333e+01	-1.443675e-03	5.300002e+00
5.176667e+01	-1.444098e-03	5.300000e+00
5.180000e+01	-1.444320e-03	5.299999e+00
5.183333e+01	-1.444252e-03	5.299999e+00
5.186667e+01	-1.444069e-03	5.300000e+00
5.190000e+01	-1.443964e-03	5.300001e+00
5.193333e+01	-1.443987e-03	5.300000e+00
5.196667e+01	-1.444066e-03	5.300000e+00
52	-1.444115e-03	5.300000e+00
5.203333e+01	-1.444108e-03	5.300000e+00
5.206667e+01	-1.244138e-03	5.301061e+00
5.210000e+01	8.442618e-05	5.308113e+00
5.213333e+01	3.951811e-03	5.328640e+00
5.216667e+01	1.016552e-02	5.361620e+00
5.220000e+01	1.507351e-02	5.387670e+00
5.223333e+01	1.330127e-02	5.378263e+00
5.226667e+01	2.748618e-03	5.322253e+00
5.230000e+01	-1.216917e-02	5.243075e+00
5.233333e+01	-2.354898e-02	5.182675e+00
5.236667e+01	-2.675056e-02	5.165682e+00
5.240000e+01	-2.359008e-02	5.182456e+00
5.243333e+01	-1.932854e-02	5.205075e+00
5.246667e+01	-1.770008e-02	5.213719e+00
5.250000e+01	-1.880330e-02	5.207863e+00
5.253333e+01	-2.052710e-02	5.198714e+00
5.256667e+01	-2.103916e-02	5.195996e+00
5.260000e+01	-2.003912e-02	5.201304e+00
5.263333e+01	-1.836881e-02	5.210169e+00
5.266667e+01	-1.694182e-02	5.217743e+00
5.270000e+01	-1.605699e-02	5.222440e+00
5.273333e+01	-1.545309e-02	5.225645e+00
5.276667e+01	-1.475981e-02	5.229325e+00
5.280000e+01	-1.383599e-02	5.234228e+00
5.283333e+01	-1.278280e-02	5.239818e+00
5.286667e+01	-1.176088e-02	5.245242e+00
5.290000e+01	-1.083827e-02	5.250139e+00
5.293333e+01	-9.975871e-03	5.254716e+00
5.296667e+01	-9.103556e-03	5.259346e+00
53	-8.188634e-03	5.264202e+00
5.303333e+01	-7.245830e-03	5.269206e+00
5.306667e+01	-6.305649e-03	5.274196e+00
5.310000e+01	-5.383648e-03	5.279090e+00
5.313333e+01	-4.474472e-03	5.283916e+00
5.316667e+01	-3.564912e-03	5.288743e+00
5.320000e+01	-2.647637e-03	5.293612e+00
5.323333e+01	-1.724498e-03	5.298512e+00
5.326667e+01	-8.011917e-04	5.303412e+00
5.330000e+01	1.188600e-04	5.308296e+00
5.333333e+01	1.036247e-03	5.313165e+00
5.336667e+01	1.953412e-03	5.318033e+00
5.340000e+01	2.871942e-03	5.322908e+00
5.343333e+01	3.791676e-03	5.327790e+00
5.346667e+01	4.711573e-03	5.332672e+00
5.350000e+01	5.630901e-03	5.337552e+00
5.353333e+01	6.549687e-03	5.342428e+00
5.356667e+01	7.468374e-03	5.347304e+00
5.360000e+01	8.387296e-03	5.352182e+00
5.363333e+01	9.306461e-03	5.357060e+00
5.366667e+01	1.022568e-02	5.361939e+00
5.370000e+01	1.114481e-02	5.366818e+00
5.373333e+01	1.206382e-02	5.371695e+00
5.376667e+01	1.298281e-02	5.376573e+00
5.380000e+01	1.390183e-02	5.381451e+00
5.383333e+01	1.482091e-02	5.386329e+00
5.386667e+01	1.573024e-02	5.391155e+00
5.390000e+01	1.657475e-02	5.395638e+00
5.393333e+01	1.723059e-02	5.399119e+00
5.396667e+01	1.757356e-02	5.400939e+00
54	1.760256e-02	5.401093e+00
5.403333e+01	1.726463e-02	5.399300e+00
5.406667e+01	1.581134e-02	5.391586e+00
5.410000e+01	1.172013e-02	5.369871e+00
5.413333e+01	4.028167e-03	5.329045e+00
5.416667e+01	-6.223042e-03	5.274635e+00
5.420000e+01	-1.604780e-02	5.222488e+00
5.423333e+01	-2.223296e-02	5.189660e+00
5.426667e+01	-2.361218e-02	5.182339e+00
5.430000e+01	-2.182746e-02	5.191812e+00
5.433333e+01	-1.970207e-02	5.203093e+00
5.436667e+01	-1.899338e-02	5.206854e+00
5.440000e+01	-1.961477e-02	5.203556e+00
5.443333e+01	-2.049860e-02	5.198865e+00
5.446667e+01	-2.083612e-02	5.197073e+00
5.450000e+01	-2.059419e-02	5.198358e+00
5.453333e+01	-2.020991e-02	5.200397e+00
5.456667e+01	-2.004704e-02	5.201262e+00
5.460000e+01	-2.014060e-02	5.200765e+00
5.463333e+01	-2.030843e-02	5.199874e+00
5.466667e+01	-2.038672e-02	5.199459e+00
5.470000e+01	-2.035151e-02	5.199646e+00
5.473333e+01	-2.027849e-02	5.200033e+00
5.476667e+01	-2.024124e-02	5.200231e+00
5.480000e+01	-2.025404e-02	5.200163e+00
5.483333e+01	-2.028566e-02	5.199995e+00
5.486667e+01	-2.030321e-02	5.199902e+00
5.490000e+01	-2.029879e-02	5.199925e+00
5.493333e+01	-2.028516e-02	5.199998e+00
5.496667e+01	-2.027696e-02	5.200041e+00
55	-2.027837e-02	5.200034e+00
5.503333e+01	-2.028422e-02	5.200003e+00
5.506667e+01	-2.028801e-02	5.199983e+00
5.510000e+01	-2.028763e-02	5.199985e+00
5.513333e+01	-2.028514e-02	5.199998e+00
5.516667e+01	-2.028339e-02	5.200007e+00
5.520000e+01	-2.028345e-02	5.200007e+00
5.523333e+01	-2.028451e-02	5.200001e+00
5.526667e+01	-2.028531e-02	5.199997e+00
5.530000e+01	-2.028533e-02	5.199997e+00
5.533333e+01	-2.028488e-02	5.199999e+00
5.536667e+01	-2.008458e-02	5.201062e+00
5.540000e+01	-1.875601e-02	5.208114e+00
5.543333e+01	-1.508875e-02	5.227579e+00
5.546667e+01	-1.000379e-02	5.254568e+00
5.550000e+01	-7.815249e-03	5.266184e+00
5.553333e+01	-1.333366e-02	5.236894e+00
5.556667e+01	-2.740218e-02	5.162223e+00
5.560000e+01	-4.508081e-02	5.068391e+00
5.563333e+01	-5.843103e-02	4.997532e+00
5.566667e+01	-6.240678e-02	4.976430e+00
5.570000e+01	-5.840612e-02	4.997665e+00
5.573333e+01	-5.198142e-02	5.031765e+00
5.576667e+01	-4.775401e-02	5.054202e+00
5.580000e+01	-4.660450e-02	5.060304e+00
5.583333e+01	-4.665900e-02	5.060014e+00
5.586667e+01	-4.591909e-02	5.063941e+00
5.590000e+01	-4.386820e-02	5.074827e+00
5.593333e+01	-4.124259e-02	5.088763e+00
5.596667e+01	-3.891926e-02	5.101094e+00
56	-3.716534e-02	5.110403e+00
5.603333e+01	-3.568558e-02	5.118258e+00
5.606667e+01	-3.409313e-02	5.126710e+00
5.610000e+01	-3.225341e-02	5.136474e+00
5.613333e+01	-3.028379e-02	5.146928e+00
5.616667e+01	-2.835455e-02	5.157168e+00
5.620000e+01	-2.653223e-02	5.166840e+00
5.623333e+01	-2.477091e-02	5.176189e+00
5.626667e+01	-2.299596e-02	5.185610e+00
5.630000e+01	-2.117498e-02	5.195275e+00
5.633333e+01	-1.932560e-02	5.205091e+00
5.636667e+01	-1.748038e-02	5.214885e+00
5.640000e+01	-1.565487e-02	5.224574e+00
5.643333e+01	-1.384249e-02	5.234193e+00
5.646667e+01	-1.202910e-02	5.243818e+00
5.650000e+01	-1.020730e-02	5.253488e+00
5.653333e+01	-8.379478e-03	5.263189e+00
5.656667e+01	-6.551744e-03	5.272890e+00
5.660000e+01	-4.746916e-03	5.282470e+00
5.663333e+01	-3.073410e-03	5.291352e+00
5.666667e+01	-1.774285e-03	5.298247e+00
5.670000e+01	-1.094338e-03	5.301856e+00
5.673333e+01	-1.036025e-03	5.302166e+00
5.676667e+01	-1.508853e-03	5.299656e+00
5.680000e+01	-3.084629e-03	5.291292e+00
5.683333e+01	-6.999719e-03	5.270512e+00
5.686667e+01	-1.331410e-02	5.236998e+00
5.690000e+01	-1.964625e-02	5.203389e+00
5.693333e+01	-2.304483e-02	5.185350e+00
5.696667e+01	-2.301325e-02	5.185518e+00
57	-2.232007e-02	5.189197e+00
5.703333e+01	-2.468084e-02	5.176667e+00
5.706667e+01	-3.102874e-02	5.142974e+00
5.710000e+01	-3.826610e-02	5.104561e+00
5.713333e+01	-4.235737e-02	5.082846e+00
5.716667e+01	-4.235152e-02	5.082877e+00
5.720000e+01	-4.128013e-02	5.088564e+00
5.723333e+01	-4.332828e-02	5.077693e+00
5.726667e+01	-4.964815e-02	5.044149e+00
5.730000e+01	-5.704393e-02	5.004895e+00
5.733333e+01	-6.127633e-02	4.982430e+00
5.736667e+01	-6.109032e-02	4.983418e+00
5.740000e+01	-5.862446e-02	4.996506e+00
5.743333e+01	-5.674178e-02	5.006498e+00
5.746667e+01	-5.663603e-02	5.007060e+00
5.750000e+01	-5.762257e-02	5.001823e+00
5.753333e+01	-5.845966e-02	4.997380e+00
5.756667e+01	-5.855192e-02	4.996891e+00
5.760000e+01	-5.814257e-02	4.999063e+00
5.763333e+01	-5.776691e-02	5.001057e+00
5.766667e+01	-5.770712e-02	5.001375e+00
5.770000e+01	-5.787695e-02	5.000473e+00
5.773333e+01	-5.804542e-02	4.999579e+00
5.776667e+01	-5.828012e-02	4.998333e+00
5.780000e+01	-5.953875e-02	4.991653e+00
5.783333e+01	-6.333090e-02	4.971525e+00
5.786667e+01	-6.972560e-02	4.937585e+00
5.790000e+01	-7.619059e-02	4.903271e+00
5.793333e+01	-7.964773e-02	4.884921e+00
5.796667e+01	-7.938603e-02	4.886310e+00
58	-7.730687e-02	4.897346e+00
5.803333e+01	-7.577241e-02	4.905490e+00
5.806667e+01	-7.571788e-02	4.905780e+00
5.810000e+01	-7.654369e-02	4.901396e+00
5.813333e+01	-7.722445e-02	4.897783e+00
5.816667e+01	-7.708632e-02	4.898516e+00
5.820000e+01	-7.541473e-02	4.907389e+00
5.823333e+01	-7.124158e-02	4.929538e+00
5.826667e+01	-6.478496e-02	4.963808e+00
5.830000e+01	-5.849121e-02	4.997213e+00
5.833333e+01	-5.520488e-02	5.014656e+00
5.836667e+01	-5.550237e-02	5.013077e+00
5.840000e+01	-5.751108e-02	5.002415e+00
5.843333e+01	-5.893988e-02	4.994832e+00
5.846667e+01	-5.877958e-02	4.995682e+00
5.850000e+01	-5.738435e-02	5.003088e+00
5.853333e+01	-5.556952e-02	5.012720e+00
5.856667e+01	-5.369549e-02	5.022667e+00
5.860000e+01	-5.126913e-02	5.035545e+00
5.863333e+01	-4.754894e-02	5.055291e+00
5.866667e+01	-4.285668e-02	5.080196e+00
5.870000e+01	-3.888166e-02	5.101294e+00
5.873333e+01	-3.718895e-02	5.110278e+00
5.876667e+01	-3.772418e-02	5.107437e+00
5.880000e+01	-3.905886e-02	5.100353e+00
5.883333e+01	-3.977163e-02	5.096570e+00
5.886667e+01	-3.938579e-02	5.098618e+00
5.890000e+01	-3.827775e-02	5.104499e+00
5.893333e+01	-3.705361e-02	5.110997e+00
5.896667e+01	-3.605537e-02	5.116295e+00
59	-3.526729e-02	5.120478e+00
5.903333e+01	-3.450918e-02	5.124501e+00
5.906667e+01	-3.365573e-02	5.129031e+00
5.910000e+01	-3.271199e-02	5.134040e+00
5.913333e+01	-3.175292e-02	5.139131e+00
5.916667e+01	-3.083402e-02	5.144008e+00
5.920000e+01	-2.995557e-02	5.148671e+00
5.923333e+01	-2.908573e-02	5.153287e+00
5.926667e+01	-2.819931e-02	5.157992e+00
5.930000e+01	-2.729481e-02	5.162793e+00
5.933333e+01	-2.638564e-02	5.167618e+00
5.936667e+01	-2.548324e-02	5.172408e+00
5.940000e+01	-2.458887e-02	5.177155e+00
5.943333e+01	-2.369692e-02	5.181889e+00
5.946667e+01	-2.280226e-02	5.186638e+00
5.950000e+01	-2.171362e-02	5.192416e+00
5.953333e+01	-1.955842e-02	5.203855e+00
5.956667e+01	-1.504961e-02	5.227786e+00
5.960000e+01	-8.301508e-03	5.263603e+00
5.963333e+01	-2.037634e-03	5.296850e+00
5.966667e+01	-2.776959e-04	5.306191e+00
5.970000e+01	-5.866889e-03	5.276525e+00
5.973333e+01	-1.823849e-02	5.210861e+00
5.976667e+01	-3.275891e-02	5.133791e+00
5.980000e+01	-4.394575e-02	5.074415e+00
5.983333e+01	-5.013189e-02	5.041581e+00
5.986667e+01	-5.355198e-02	5.023429e+00
5.990000e+01	-5.636447e-02	5.008501e+00
5.993333e+01	-5.856656e-02	4.996813e+00
5.996667e+01	-5.936149e-02	4.992594e+00
60	-5.882100e-02	4.995463e+00
6.003333e+01	-5.808957e-02	4.999345e+00
6.006667e+01	-5.895381e-02	4.994758e+00
6.010000e+01	-6.297740e-02	4.973402e+00
6.013333e+01	-6.978096e-02	4.937291e+00
6.016667e+01	-7.643666e-02	4.901964e+00
6.020000e+01	-7.980943e-02	4.884063e+00
6.023333e+01	-7.937149e-02	4.886387e+00
6.026667e+01	-7.720209e-02	4.897902e+00
6.030000e+01	-7.549827e-02	4.906945e+00
6.033333e+01	-7.419142e-02	4.913881e+00
6.036667e+01	-7.119228e-02	4.929800e+00
6.040000e+01	-6.544883e-02	4.960284e+00
6.043333e+01	-5.904131e-02	4.994293e+00
6.046667e+01	-5.525476e-02	5.014391e+00
6.050000e+01	-5.542389e-02	5.013493e+00
6.053333e+01	-5.879123e-02	4.995621e+00
6.056667e+01	-6.433016e-02	4.966222e+00
6.060000e+01	-7.092978e-02	4.931193e+00
6.063333e+01	-7.656491e-02	4.901284e+00
6.066667e+01	-7.905126e-02	4.888087e+00
6.070000e+01	-7.733049e-02	4.897220e+00
6.073333e+01	-7.172482e-02	4.926973e+00
6.076667e+01	-6.412048e-02	4.967335e+00
6.080000e+01	-5.770365e-02	5.001393e+00
6.083333e+01	-5.496572e-02	5.015925e+00
6.086667e+01	-5.576481e-02	5.011684e+00
6.090000e+01	-5.785427e-02	5.000594e+00
6.093333e+01	-5.928782e-02	4.992985e+00
6.096667e+01	-6.042818e-02	4.986932e+00
61	-6.325223e-02	4.971943e+00
6.103333e+01	-6.778288e-02	4.947896e+00
6.106667e+01	-7.039991e-02	4.934006e+00
6.110000e+01	-6.776658e-02	4.947982e+00
6.113333e+01	-6.131158e-02	4.982243e+00
6.116667e+01	-5.581376e-02	5.011424e+00
6.120000e+01	-5.441446e-02	5.018851e+00
6.123333e+01	-5.631708e-02	5.008752e+00
6.126667e+01	-5.865421e-02	4.996348e+00
6.130000e+01	-5.924181e-02	4.993229e+00
6.133333e+01	-5.720386e-02	5.004046e+00
6.136667e+01	-5.232553e-02	5.029938e+00
6.140000e+01	-4.572285e-02	5.064983e+00
6.143333e+01	-4.089071e-02	5.090630e+00
6.146667e+01	-4.177607e-02	5.085931e+00
6.150000e+01	-4.865031e-02	5.049445e+00
6.153333e+01	-5.704838e-02	5.004871e+00
6.156667e+01	-6.179892e-02	4.979657e+00
6.160000e+01	-6.148600e-02	4.981318e+00
6.163333e+01	-5.863689e-02	4.996440e+00
6.166667e+01	-5.652684e-02	5.007639e+00
6.170000e+01	-5.646119e-02	5.007988e+00
6.173333e+01	-5.760927e-02	5.001894e+00
6.176667e+01	-5.855012e-02	4.996900e+00
6.180000e+01	-5.863085e-02	4.996472e+00
6.183333e+01	-5.815251e-02	4.999011e+00
6.186667e+01	-5.772914e-02	5.001258e+00
6.190000e+01	-5.767159e-02	5.001563e+00
6.193333e+01	-5.787074e-02	5.000506e+00
6.196667e+01	-5.806105e-02	4.999496e+00
62	-5.809610e-02	4.999310e+00
6.203333e+01	-5.801380e-02	4.999747e+00
6.206667e+01	-5.792862e-02	5.000199e+00
6.210000e+01	-5.790898e-02	5.000303e+00
6.213333e+01	-5.794270e-02	5.000124e+00
6.216667e+01	-5.798064e-02	4.999923e+00
6.220000e+01	-5.799110e-02	4.999867e+00
6.223333e+01	-5.817736e-02	4.998879e+00
6.226667e+01	-5.948907e-02	4.991917e+00
6.230000e+01	-6.335108e-02	4.971418e+00
6.233333e+01	-6.977023e-02	4.937348e+00
6.236667e+01	-7.621413e-02	4.903146e+00
6.240000e+01	-7.944058e-02	4.886021e+00
6.243333e+01	-7.783826e-02	4.894525e+00
6.246667e+01	-7.189995e-02	4.926044e+00
6.250000e+01	-6.396531e-02	4.968158e+00
6.253333e+01	-5.748018e-02	5.002579e+00
6.256667e+01	-5.487914e-02	5.016385e+00
6.260000e+01	-5.582563e-02	5.011361e+00
6.263333e+01	-5.795228e-02	5.000073e+00
6.266667e+01	-5.913005e-02	4.993822e+00
6.270000e+01	-5.887634e-02	4.995169e+00
6.273333e+01	-5.801351e-02	4.999748e+00
6.276667e+01	-5.748157e-02	5.002572e+00
6.280000e+01	-5.755851e-02	5.002163e+00
6.283333e+01	-5.792502e-02	5.000218e+00
6.286667e+01	-5.836906e-02	4.997861e+00
6.290000e+01	-5.967835e-02	4.990912e+00
6.293333e+01	-6.338958e-02	4.971214e+00
6.296667e+01	-6.969122e-02	4.937767e+00
63	-7.612957e-02	4.903594e+00
6.303333e+01	-7.941952e-02	4.886132e+00
6.306667e+01	-7.787050e-02	4.894354e+00
6.310000e+01	-7.193756e-02	4.925844e+00
6.313333e+01	-6.397635e-02	4.968100e+00
6.316667e+01	-5.766710e-02	5.001587e+00
6.320000e+01	-5.639097e-02	5.008360e+00
6.323333e+01	-6.121588e-02	4.982751e+00
6.326667e+01	-6.976699e-02	4.937365e+00
6.330000e+01	-7.738339e-02	4.896940e+00
6.333333e+01	-8.054882e-02	4.880139e+00
6.336667e+01	-7.940955e-02	4.886185e+00
6.340000e+01	-7.680877e-02	4.899989e+00
6.343333e+01	-7.536793e-02	4.907637e+00
6.346667e+01	-7.568708e-02	4.905943e+00
6.350000e+01	-7.675303e-02	4.900285e+00
6.353333e+01	-7.740727e-02	4.896813e+00
6.356667e+01	-7.730947e-02	4.897332e+00
6.360000e+01	-7.685588e-02	4.899739e+00
6.363333e+01	-7.655514e-02	4.901336e+00
6.366667e+01	-7.658002e-02	4.901204e+00
6.370000e+01	-7.677335e-02	4.900177e+00
6.373333e+01	-7.691144e-02	4.899445e+00
6.376667e+01	-7.690865e-02	4.899459e+00
6.380000e+01	-7.682668e-02	4.899894e+00
6.383333e+01	-7.676362e-02	4.900229e+00
6.386667e+01	-7.676123e-02	4.900242e+00
6.390000e+01	-7.679579e-02	4.900058e+00
6.393333e+01	-7.682443e-02	4.899906e+00
6.396667e+01	-7.682705e-02	4.899892e+00
64	-7.681258e-02	4.899969e+00
6.403333e+01	-7.679964e-02	4.900038e+00
6.406667e+01	-7.679780e-02	4.900048e+00
6.410000e+01	-7.680382e-02	4.900016e+00
6.413333e+01	-7.680964e-02	4.899985e+00
6.416667e+01	-7.681074e-02	4.899979e+00
6.420000e+01	-7.680826e-02	4.899992e+00
6.423333e+01	-7.700559e-02	4.898945e+00
6.426667e+01	-7.833352e-02	4.891897e+00
6.430000e+01	-8.220192e-02	4.871364e+00
6.433333e+01	-8.861674e-02	4.837317e+00
6.436667e+01	-9.505354e-02	4.803152e+00
6.440000e+01	-9.847682e-02	4.784983e+00
6.443333e+01	-9.820470e-02	4.786427e+00
6.446667e+01	-9.613687e-02	4.797402e+00
6.450000e+01	-9.461739e-02	4.805467e+00
6.453333e+01	-9.456812e-02	4.805729e+00
6.456667e+01	-9.538942e-02	4.801370e+00
6.460000e+01	-9.606359e-02	4.797791e+00
6.463333e+01	-9.612280e-02	4.797477e+00
6.466667e+01	-9.578151e-02	4.799288e+00
6.470000e+01	-9.547863e-02	4.800896e+00
6.473333e+01	-9.543695e-02	4.801117e+00
6.476667e+01	-9.557899e-02	4.800363e+00
6.480000e+01	-9.571509e-02	4.799641e+00
6.483333e+01	-9.574037e-02	4.799507e+00
6.486667e+01	-9.568167e-02	4.799818e+00
6.490000e+01	-9.562077e-02	4.800142e+00
6.493333e+01	-9.560664e-02	4.800217e+00
6.496667e+01	-9.563068e-02	4.800089e+00
65	-9.565780e-02	4.799945e+00
6.503333e+01	-9.566532e-02	4.799905e+00
6.506667e+01	-9.565557e-02	4.799957e+00
6.510000e+01	-9.564354e-02	4.800021e+00
6.513333e+01	-9.563968e-02	4.800041e+00
6.516667e+01	-9.564359e-02	4.800021e+00
6.520000e+01	-9.564890e-02	4.799992e+00
6.523333e+01	-9.565083e-02	4.799982e+00
6.526667e+01	-9.564929e-02	4.799990e+00
6.530000e+01	-9.564695e-02	4.800003e+00
6.533333e+01	-9.564600e-02	4.800008e+00
6.536667e+01	-9.564660e-02	4.800005e+00
6.540000e+01	-9.564763e-02	4.799999e+00
6.543333e+01	-9.564809e-02	4.799997e+00
6.546667e+01	-9.564786e-02	4.799998e+00
6.550000e+01	-9.564741e-02	4.800000e+00
6.553333e+01	-9.564719e-02	4.800001e+00
6.556667e+01	-9.564728e-02	4.800001e+00
6.560000e+01	-9.564747e-02	4.800000e+00
6.563333e+01	-9.564757e-02	4.799999e+00
6.566667e+01	-9.564754e-02	4.800000e+00
6.570000e+01	-9.564746e-02	4.800000e+00
6.573333e+01	-9.564741e-02	4.800000e+00
6.576667e+01	-9.564742e-02	4.800000e+00
6.580000e+01	-9.564746e-02	4.800000e+00
6.583333e+01	-9.564748e-02	4.800000e+00
6.586667e+01	-9.564748e-02	4.800000e+00
6.590000e+01	-9.564746e-02	4.800000e+00
6.593333e+01	-9.564745e-02	4.800000e+00
6.596667e+01	-9.564745e-02	4.800000e+00
66	-9.564746e-02	4.800000e+00
6.603333e+01	-9.564746e-02	4.800000e+00
6.606667e+01	-9.564746e-02	4.800000e+00
6.610000e+01	-9.564746e-02	4.800000e+00
6.613333e+01	-9.564746e-02	4.800000e+00
6.616667e+01	-9.564746e-02	4.800000e+00
6.620000e+01	-9.564746e-02	4.800000e+00
6.623333e+01	-9.584740e-02	4.798939e+00
6.626667e+01	-9.717594e-02	4.791887e+00
6.630000e+01	-1.010433e-01	4.771361e+00
6.633333e+01	-1.074570e-01	4.737319e+00
6.636667e+01	-1.138935e-01	4.703156e+00
6.640000e+01	-1.173172e-01	4.684985e+00
6.643333e+01	-1.170455e-01	4.686426e+00
6.646667e+01	-1.149779e-01	4.697401e+00
6.650000e+01	-1.134582e-01	4.705466e+00
6.653333e+01	-1.132088e-01	4.706790e+00
6.656667e+01	-1.127015e-01	4.709483e+00
6.660000e+01	-1.095083e-01	4.726431e+00
6.663333e+01	-1.031540e-01	4.760158e+00
6.666667e+01	-9.637625e-02	4.796132e+00
6.670000e+01	-9.264966e-02	4.815911e+00
6.673333e+01	-9.287954e-02	4.814691e+00
6.676667e+01	-9.508922e-02	4.802963e+00
6.680000e+01	-9.674498e-02	4.794175e+00
6.683333e+01	-9.681977e-02	4.793778e+00
6.686667e+01	-9.593987e-02	4.798448e+00
6.690000e+01	-9.520472e-02	4.802350e+00
6.693333e+01	-9.513127e-02	4.802740e+00
6.696667e+01	-9.549656e-02	4.800801e+00
67	-9.582659e-02	4.799049e+00
6.703333e+01	-9.587584e-02	4.798788e+00
6.706667e+01	-9.532420e-02	4.801716e+00
6.710000e+01	-9.251897e-02	4.816605e+00
6.713333e+01	-8.475504e-02	4.857813e+00
6.716667e+01	-7.219024e-02	4.924503e+00
6.720000e+01	-6.071206e-02	4.985425e+00
6.723333e+01	-5.774814e-02	5.001157e+00
6.726667e+01	-6.467944e-02	4.964368e+00
6.730000e+01	-7.522177e-02	4.908413e+00
6.733333e+01	-8.167629e-02	4.874154e+00
6.736667e+01	-8.151402e-02	4.875016e+00
6.740000e+01	-7.781697e-02	4.894638e+00
6.743333e+01	-7.495317e-02	4.909838e+00
6.746667e+01	-7.478093e-02	4.910753e+00
6.750000e+01	-7.627888e-02	4.902802e+00
6.753333e+01	-7.755678e-02	4.896019e+00
6.756667e+01	-7.770117e-02	4.895253e+00
6.760000e+01	-7.707840e-02	4.898558e+00
6.763333e+01	-7.650433e-02	4.901605e+00
6.766667e+01	-7.641138e-02	4.902099e+00
6.770000e+01	-7.666967e-02	4.900728e+00
6.773333e+01	-7.692708e-02	4.899361e+00
6.776667e+01	-7.698090e-02	4.899076e+00
6.780000e+01	-7.687463e-02	4.899640e+00
6.783333e+01	-7.675971e-02	4.900250e+00
6.786667e+01	-7.673044e-02	4.900405e+00
6.790000e+01	-7.677376e-02	4.900175e+00
6.793333e+01	-7.682484e-02	4.899904e+00
6.796667e+01	-7.684011e-02	4.899823e+00
68	-7.682264e-02	4.899916e+00
6.803333e+01	-7.680004e-02	4.900036e+00
6.806667e+01	-7.679230e-02	4.900077e+00
6.810000e+01	-7.679925e-02	4.900040e+00
6.813333e+01	-7.680921e-02	4.899987e+00
6.816667e+01	-7.681305e-02	4.899967e+00
6.820000e+01	-7.701026e-02	4.898920e+00
6.823333e+01	-7.833443e-02	4.891892e+00
6.826667e+01	-8.219995e-02	4.871375e+00
6.830000e+01	-8.861466e-02	4.837328e+00
6.833333e+01	-9.505304e-02	4.803155e+00
6.836667e+01	-9.847763e-02	4.784978e+00
6.840000e+01	-9.820563e-02	4.786422e+00
6.843333e+01	-9.613714e-02	4.797401e+00
6.846667e+01	-9.461706e-02	4.805469e+00
6.850000e+01	-9.456771e-02	4.805731e+00
6.853333e+01	-9.538929e-02	4.801370e+00
6.856667e+01	-9.606372e-02	4.797791e+00
6.860000e+01	-9.612298e-02	4.797476e+00
6.863333e+01	-9.578158e-02	4.799288e+00
6.866667e+01	-9.547858e-02	4.800896e+00
6.870000e+01	-9.543687e-02	4.801118e+00
6.873333e+01	-9.577890e-02	4.799302e+00
6.876667e+01	-9.724359e-02	4.791528e+00
6.880000e+01	-1.011363e-01	4.770867e+00
6.883333e+01	-1.074912e-01	4.737137e+00
6.886667e+01	-1.138668e-01	4.703298e+00
6.890000e+01	-1.172763e-01	4.685201e+00
6.893333e+01	-1.170287e-01	4.686515e+00
6.896667e+01	-1.149882e-01	4.697346e+00
69	-1.134761e-01	4.705372e+00
6.903333e+01	-1.134169e-01	4.705686e+00
6.906667e+01	-1.142260e-01	4.701391e+00
6.910000e+01	-1.148964e-01	4.697833e+00
6.913333e+01	-1.149596e-01	4.697497e+00
6.916667e+01	-1.146237e-01	4.699281e+00
6.920000e+01	-1.143227e-01	4.700878e+00
6.923333e+01	-1.142794e-01	4.701108e+00
6.926667e+01	-1.144191e-01	4.700366e+00
6.930000e+01	-1.145543e-01	4.699649e+00
6.933333e+01	-1.145659e-01	4.699587e+00
6.936667e+01	-1.143991e-01	4.700473e+00
6.940000e+01	-1.139532e-01	4.702839e+00
6.943333e+01	-1.130953e-01	4.707393e+00
6.946667e+01	-1.118156e-01	4.714185e+00
6.950000e+01	-1.102947e-01	4.722257e+00
6.953333e+01	-1.087738e-01	4.730330e+00
6.956667e+01	-1.073835e-01	4.737709e+00
6.960000e+01	-1.060994e-01	4.744524e+00
6.963333e+01	-1.048269e-01	4.751279e+00
6.966667e+01	-1.035034e-01	4.758303e+00
6.970000e+01	-1.021332e-01	4.765576e+00
6.973333e+01	-1.007554e-01	4.772889e+00
6.976667e+01	-9.939853e-02	4.780091e+00
6.980000e+01	-9.807679e-02	4.787106e+00
6.983333e+01	-9.685429e-02	4.793595e+00
6.986667e+01	-9.569949e-02	4.799724e+00
6.990000e+01	-9.346503e-02	4.811584e+00
6.993333e+01	-8.689191e-02	4.846472e+00
6.996667e+01	-7.294288e-02	4.920508e+00
70	-5.386321e-02	5.021777e+00
7.003333e+01	-3.760425e-02	5.108074e+00
7.006667e+01	-3.095620e-02	5.143360e+00
7.010000e+01	-3.348943e-02	5.129914e+00
7.013333e+01	-3.912624e-02	5.099996e+00
7.016667e+01	-4.225535e-02	5.083387e+00
7.020000e+01	-4.160681e-02	5.086830e+00
7.023333e+01	-3.938673e-02	5.098613e+00
7.026667e+01	-3.810085e-02	5.105438e+00
7.030000e+01	-3.846713e-02	5.103494e+00
7.033333e+01	-3.960419e-02	5.097459e+00
7.036667e+01	-4.039804e-02	5.093245e+00
7.040000e+01	-4.047661e-02	5.092828e+00
7.043333e+01	-4.018911e-02	5.094354e+00
7.046667e+01	-4.002589e-02	5.095221e+00
7.050000e+01	-4.017213e-02	5.094444e+00
7.053333e+01	-4.049068e-02	5.092754e+00
7.056667e+01	-4.076635e-02	5.091291e+00
7.060000e+01	-4.090867e-02	5.090535e+00
7.063333e+01	-4.097055e-02	5.090207e+00
7.066667e+01	-4.104603e-02	5.089806e+00
7.070000e+01	-4.117871e-02	5.089102e+00
7.073333e+01	-4.134866e-02	5.088200e+00
7.076667e+01	-4.151495e-02	5.087317e+00
7.080000e+01	-4.165684e-02	5.086564e+00
7.083333e+01	-4.178158e-02	5.085902e+00
7.086667e+01	-4.190689e-02	5.085237e+00
7.090000e+01	-4.204257e-02	5.084517e+00
7.093333e+01	-4.218609e-02	5.083755e+00
7.096667e+01	-4.232980e-02	5.082992e+00
71	-4.246915e-02	5.082253e+00
7.103333e+01	-4.260492e-02	5.081532e+00
7.106667e+01	-4.274042e-02	5.080813e+00
7.110000e+01	-4.287774e-02	5.080084e+00
7.113333e+01	-4.301668e-02	5.079347e+00
7.116667e+01	-4.315583e-02	5.078608e+00
7.120000e+01	-4.329422e-02	5.077873e+00
7.123333e+01	-4.343188e-02	5.077143e+00
7.126667e+01	-4.356941e-02	5.076413e+00
7.130000e+01	-4.370726e-02	5.075681e+00
7.133333e+01	-4.384543e-02	5.074948e+00
7.136667e+01	-4.398367e-02	5.074214e+00
7.140000e+01	-4.412179e-02	5.073481e+00
7.143333e+01	-4.425976e-02	5.072749e+00
7.146667e+01	-4.439769e-02	5.072017e+00
7.150000e+01	-4.453568e-02	5.071284e+00
7.153333e+01	-4.467372e-02	5.070551e+00
7.156667e+01	-4.481179e-02	5.069819e+00
7.160000e+01	-4.494984e-02	5.069086e+00
7.163333e+01	-4.508786e-02	5.068353e+00
7.166667e+01	-4.522587e-02	5.067621e+00
7.170000e+01	-4.536389e-02	5.066888e+00
7.173333e+01	-4.550192e-02	5.066156e+00
7.176667e+01	-4.563995e-02	5.065423e+00
7.180000e+01	-4.577798e-02	5.064690e+00
7.183333e+01	-4.591601e-02	5.063958e+00
7.186667e+01	-4.605403e-02	5.063225e+00
7.190000e+01	-4.619206e-02	5.062493e+00
7.193333e+01	-4.633008e-02	5.061760e+00
7.196667e+01	-4.646811e-02	5.061027e+00
72	-4.660614e-02	5.060295e+00
7.203333e+01	-4.674417e-02	5.059562e+00
7.206667e+01	-4.688219e-02	5.058830e+00
7.210000e+01	-4.702022e-02	5.058097e+00
7.213333e+01	-4.715825e-02	5.057364e+00
7.216667e+01	-4.729627e-02	5.056632e+00
7.220000e+01	-4.743430e-02	5.055899e+00
7.223333e+01	-4.757233e-02	5.055167e+00
7.226667e+01	-4.771035e-02	5.054434e+00
7.230000e+01	-4.784838e-02	5.053701e+00
7.233333e+01	-4.798641e-02	5.052969e+00
7.236667e+01	-4.812444e-02	5.052236e+00
7.240000e+01	-4.826246e-02	5.051504e+00
7.243333e+01	-4.840049e-02	5.050771e+00
7.246667e+01	-4.853852e-02	5.050038e+00
7.250000e+01	-4.867654e-02	5.049306e+00
7.253333e+01	-4.881457e-02	5.048573e+00
7.256667e+01	-4.895260e-02	5.047841e+00
7.260000e+01	-4.909062e-02	5.047108e+00
7.263333e+01	-4.922865e-02	5.046375e+00
7.266667e+01	-4.936668e-02	5.045643e+00
7.270000e+01	-4.950470e-02	5.044910e+00
7.273333e+01	-4.964273e-02	5.044178e+00
7.276667e+01	-4.978076e-02	5.043445e+00
7.280000e+01	-4.991879e-02	5.042712e+00
7.283333e+01	-5.005681e-02	5.041980e+00
7.286667e+01	-5.019484e-02	5.041247e+00
7.290000e+01	-5.033287e-02	5.040515e+00
7.293333e+01	-5.047089e-02	5.039782e+00
7.296667e+01	-5.060892e-02	5.039049e+00
73	-5.074695e-02	5.038317e+00
7.303333e+01	-5.088497e-02	5.037584e+00
7.306667e+01	-5.102300e-02	5.036852e+00
7.310000e+01	-5.116103e-02	5.036119e+00
7.313333e+01	-5.129906e-02	5.035386e+00
7.316667e+01	-5.143708e-02	5.034654e+00
7.320000e+01	-5.157511e-02	5.033921e+00
7.323333e+01	-5.171314e-02	5.033189e+00
7.326667e+01	-5.185116e-02	5.032456e+00
7.330000e+01	-5.198919e-02	5.031723e+00
7.333333e+01	-5.212722e-02	5.030991e+00
7.336667e+01	-5.226524e-02	5.030258e+00
7.340000e+01	-5.240327e-02	5.029526e+00
7.343333e+01	-5.254130e-02	5.028793e+00
7.346667e+01	-5.267932e-02	5.028060e+00
7.350000e+01	-5.281735e-02	5.027328e+00
7.353333e+01	-5.295538e-02	5.026595e+00
7.356667e+01	-5.309341e-02	5.025863e+00
7.360000e+01	-5.323143e-02	5.025130e+00
7.363333e+01	-5.336946e-02	5.024397e+00
7.366667e+01	-5.350749e-02	5.023665e+00
7.370000e+01	-5.364551e-02	5.022932e+00
7.373333e+01	-5.378354e-02	5.022200e+00
7.376667e+01	-5.392157e-02	5.021467e+00
7.380000e+01	-5.405959e-02	5.020734e+00
7.383333e+01	-5.419762e-02	5.020002e+00
7.386667e+01	-5.433565e-02	5.019269e+00
7.390000e+01	-5.447367e-02	5.018537e+00
7.393333e+01	-5.461170e-02	5.017804e+00
7.396667e+01	-5.474973e-02	5.017071e+00
74	-5.488776e-02	5.016339e+00
7.403333e+01	-5.502578e-02	5.015606e+00
7.406667e+01	-5.516381e-02	5.014874e+00
7.410000e+01	-5.530184e-02	5.014141e+00
7.413333e+01	-5.543986e-02	5.013408e+00
7.416667e+01	-5.557789e-02	5.012676e+00
7.420000e+01	-5.571592e-02	5.011943e+00
7.423333e+01	-5.585394e-02	5.011211e+00
7.426667e+01	-5.599197e-02	5.010478e+00
7.430000e+01	-5.613000e-02	5.009745e+00
7.433333e+01	-5.626803e-02	5.009013e+00
7.436667e+01	-5.640605e-02	5.008280e+00
7.440000e+01	-5.654408e-02	5.007548e+00
7.443333e+01	-5.668211e-02	5.006815e+00
7.446667e+01	-5.682013e-02	5.006082e+00
7.450000e+01	-5.695816e-02	5.005350e+00
7.453333e+01	-5.709619e-02	5.004617e+00
7.456667e+01	-5.723421e-02	5.003885e+00
7.460000e+01	-5.737224e-02	5.003152e+00
7.463333e+01	-5.751027e-02	5.002419e+00
7.466667e+01	-5.764829e-02	5.001687e+00
7.470000e+01	-5.778632e-02	5.000954e+00
7.473333e+01	-5.792435e-02	5.000222e+00
7.476667e+01	-5.806238e-02	4.999489e+00
7.480000e+01	-5.820040e-02	4.998756e+00
7.483333e+01	-5.833843e-02	4.998024e+00
7.486667e+01	-5.847646e-02	4.997291e+00
7.490000e+01	-5.861448e-02	4.996559e+00
7.493333e+01	-5.875251e-02	4.995826e+00
7.496667e+01	-5.889054e-02	4.995093e+00
75	-5.902856e-02	4.994361e+00
7.503333e+01	-5.916659e-02	4.993628e+00
7.506667e+01	-5.930462e-02	4.992896e+00
7.510000e+01	-5.944264e-02	4.992163e+00
7.513333e+01	-5.958067e-02	4.991430e+00
7.516667e+01	-5.971870e-02	4.990698e+00
7.520000e+01	-5.985673e-02	4.989965e+00
7.523333e+01	-5.999475e-02	4.989233e+00
7.526667e+01	-6.013278e-02	4.988500e+00
7.530000e+01	-6.027081e-02	4.987767e+00
7.533333e+01	-6.040883e-02	4.987035e+00
7.536667e+01	-6.054686e-02	4.986302e+00
7.540000e+01	-6.068489e-02	4.985570e+00
7.543333e+01	-6.082291e-02	4.984837e+00
7.546667e+01	-6.096094e-02	4.984104e+00
7.550000e+01	-6.109897e-02	4.983372e+00
7.553333e+01	-6.123700e-02	4.982639e+00
7.556667e+01	-6.137502e-02	4.981907e+00
7.560000e+01	-6.151305e-02	4.981174e+00
7.563333e+01	-6.165108e-02	4.980441e+00
7.566667e+01	-6.178910e-02	4.979709e+00
7.570000e+01	-6.192713e-02	4.978976e+00
7.573333e+01	-6.206516e-02	4.978244e+00
7.576667e+01	-6.220318e-02	4.977511e+00
7.580000e+01	-6.234121e-02	4.976778e+00
7.583333e+01	-6.247924e-02	4.976046e+00
7.586667e+01	-6.261726e-02	4.975313e+00
7.590000e+01	-6.275529e-02	4.974581e+00
7.593333e+01	-6.289332e-02	4.973848e+00
7.596667e+01	-6.303135e-02	4.973115e+00
76	-6.316937e-02	4.972383e+00
7.603333e+01	-6.330740e-02	4.971650e+00
7.606667e+01	-6.344543e-02	4.970918e+00
7.610000e+01	-6.358345e-02	4.970185e+00
7.613333e+01	-6.372148e-02	4.969452e+00
7.616667e+01	-6.385951e-02	4.968720e+00
7.620000e+01	-6.399753e-02	4.967987e+00
7.623333e+01	-6.413556e-02	4.967255e+00
7.626667e+01	-6.427359e-02	4.966522e+00
7.630000e+01	-6.441161e-02	4.965789e+00
7.633333e+01	-6.454964e-02	4.965057e+00
7.636667e+01	-6.468767e-02	4.964324e+00
7.640000e+01	-6.482570e-02	4.963592e+00
7.643333e+01	-6.496372e-02	4.962859e+00
7.646667e+01	-6.510175e-02	4.962126e+00
7.650000e+01	-6.523978e-02	4.961394e+00
7.653333e+01	-6.537780e-02	4.960661e+00
7.656667e+01	-6.551583e-02	4.959929e+00
7.660000e+01	-6.565386e-02	4.959196e+00
7.663333e+01	-6.579188e-02	4.958463e+00
7.666667e+01	-6.592991e-02	4.957731e+00
7.670000e+01	-6.606794e-02	4.956998e+00
7.673333e+01	-6.620597e-02	4.956266e+00
7.676667e+01	-6.634399e-02	4.955533e+00
7.680000e+01	-6.648202e-02	4.954800e+00
7.683333e+01	-6.662005e-02	4.954068e+00
7.686667e+01	-6.675807e-02	4.953335e+00
7.690000e+01	-6.689610e-02	4.952603e+00
7.693333e+01	-6.703413e-02	4.951870e+00
7.696667e+01	-6.717215e-02	4.951137e+00
77	-6.731018e-02	4.950405e+00
7.703333e+01	-6.744821e-02	4.949672e+00
7.706667e+01	-6.758623e-02	4.948940e+00
7.710000e+01	-6.772426e-02	4.948207e+00
7.713333e+01	-6.786229e-02	4.947474e+00
7.716667e+01	-6.800032e-02	4.946742e+00
7.720000e+01	-6.813834e-02	4.946009e+00
7.723333e+01	-6.827637e-02	4.945277e+00
7.726667e+01	-6.841440e-02	4.944544e+00
7.730000e+01	-6.855242e-02	4.943811e+00
7.733333e+01	-6.869045e-02	4.943079e+00
7.736667e+01	-6.882848e-02	4.942346e+00
7.740000e+01	-6.896650e-02	4.941614e+00
7.743333e+01	-6.910453e-02	4.940881e+00
7.746667e+01	-6.924256e-02	4.940148e+00
7.750000e+01	-6.938058e-02	4.939416e+00
7.753333e+01	-6.951861e-02	4.938683e+00
7.756667e+01	-6.965664e-02	4.937951e+00
7.760000e+01	-6.979467e-02	4.937218e+00
7.763333e+01	-6.993269e-02	4.936485e+00
7.766667e+01	-7.007072e-02	4.935753e+00
7.770000e+01	-7.020875e-02	4.935020e+00
7.773333e+01	-7.034677e-02	4.934288e+00
7.776667e+01	-7.048480e-02	4.933555e+00
7.780000e+01	-7.062283e-02	4.932822e+00
7.783333e+01	-7.076085e-02	4.932090e+00
7.786667e+01	-7.089888e-02	4.931357e+00
7.790000e+01	-7.103691e-02	4.930625e+00
7.793333e+01	-7.117494e-02	4.929892e+00
7.796667e+01	-7.131296e-02	4.929159e+00
78	-7.145099e-02	4.928427e+00
7.803333e+01	-7.158902e-02	4.927694e+00
7.806667e+01	-7.172704e-02	4.926962e+00
7.810000e+01	-7.186507e-02	4.926229e+00
7.813333e+01	-7.200310e-02	4.925496e+00
7.816667e+01	-7.214112e-02	4.924764e+00
7.820000e+01	-7.227915e-02	4.924031e+00
7.823333e+01	-7.241718e-02	4.923299e+00
7.826667e+01	-7.255520e-02	4.922566e+00
7.830000e+01	-7.269323e-02	4.921833e+00
7.833333e+01	-7.283126e-02	4.921101e+00
7.836667e+01	-7.296929e-02	4.920368e+00
7.840000e+01	-7.310731e-02	4.919636e+00
7.843333e+01	-7.324534e-02	4.918903e+00
7.846667e+01	-7.338337e-02	4.918170e+00
7.850000e+01	-7.352139e-02	4.917438e+00
7.853333e+01	-7.365942e-02	4.916705e+00
7.856667e+01	-7.379745e-02	4.915973e+00
7.860000e+01	-7.393547e-02	4.915240e+00
7.863333e+01	-7.407350e-02	4.914507e+00
7.866667e+01	-7.421153e-02	4.913775e+00
7.870000e+01	-7.434955e-02	4.913042e+00
7.873333e+01	-7.448758e-02	4.912310e+00
7.876667e+01	-7.462561e-02	4.911577e+00
7.880000e+01	-7.476364e-02	4.910844e+00
7.883333e+01	-7.490166e-02	4.910112e+00
7.886667e+01	-7.503969e-02	4.909379e+00
7.890000e+01	-7.517772e-02	4.908647e+00
7.893333e+01	-7.531574e-02	4.907914e+00
7.896667e+01	-7.545377e-02	4.907181e+00
79	-7.559180e-02	4.906449e+00
7.903333e+01	-7.572982e-02	4.905716e+00
7.906667e+01	-7.586785e-02	4.904984e+00
7.910000e+01	-7.600588e-02	4.904251e+00
7.913333e+01	-7.614391e-02	4.903518e+00
7.916667e+01	-7.628193e-02	4.902786e+00
7.920000e+01	-7.641996e-02	4.902053e+00
7.923333e+01	-7.655652e-02	4.901328e+00
7.926667e+01	-7.668335e-02	4.900655e+00
7.930000e+01	-7.678185e-02	4.900132e+00
7.933333e+01	-7.683336e-02	4.899859e+00
7.936667e+01	-7.683771e-02	4.899836e+00
7.940000e+01	-7.701692e-02	4.898885e+00
7.943333e+01	-7.832673e-02	4.891933e+00
7.946667e+01	-8.239047e-02	4.870364e+00
7.950000e+01	-9.034015e-02	4.828169e+00
7.953333e+01	-1.019805e-01	4.766387e+00
7.956667e+01	-1.156871e-01	4.693636e+00
7.960000e+01	-1.282626e-01	4.626890e+00
7.963333e+01	-1.362301e-01	4.584601e+00
7.966667e+01	-1.390478e-01	4.569646e+00
7.970000e+01	-1.401132e-01	4.563991e+00
7.973333e+01	-1.430538e-01	4.548383e+00
7.976667e+01	-1.477424e-01	4.523497e+00
7.980000e+01	-1.510517e-01	4.505933e+00
7.983333e+01	-1.506974e-01	4.507813e+00
7.986667e+01	-1.473268e-01	4.525704e+00
7.990000e+01	-1.433247e-01	4.546945e+00
7.993333e+01	-1.404860e-01	4.562012e+00
7.996667e+01	-1.389397e-01	4.570219e+00
80	-1.377590e-01	4.576486e+00
8.003333e+01	-1.361282e-01	4.585142e+00
8.006667e+01	-1.339330e-01	4.596793e+00
8.010000e+01	-1.315518e-01	4.609432e+00
8.013333e+01	-1.293495e-01	4.621121e+00
8.016667e+01	-1.273954e-01	4.631493e+00
8.020000e+01	-1.255338e-01	4.641373e+00
8.023333e+01	-1.236017e-01	4.651628e+00
8.026667e+01	-1.215606e-01	4.662462e+00
8.030000e+01	-1.194742e-01	4.673536e+00
8.033333e+01	-1.174151e-01	4.684465e+00
8.036667e+01	-1.154037e-01	4.695140e+00
8.040000e+01	-1.134141e-01	4.705701e+00
8.043333e+01	-1.114142e-01	4.716315e+00
8.046667e+01	-1.093936e-01	4.727040e+00
8.050000e+01	-1.073625e-01	4.737820e+00
8.053333e+01	-1.053353e-01	4.748580e+00
8.056667e+01	-1.033384e-01	4.759179e+00
8.060000e+01	-1.014888e-01	4.768996e+00
8.063333e+01	-1.002093e-01	4.775787e+00
8.066667e+01	-1.004999e-01	4.774245e+00
8.070000e+01	-1.034726e-01	4.758467e+00
8.073333e+01	-1.088132e-01	4.730120e+00
8.076667e+01	-1.143443e-01	4.700764e+00
8.080000e+01	-1.184163e-01	4.679151e+00
8.083333e+01	-1.219607e-01	4.660338e+00
8.086667e+01	-1.266342e-01	4.635533e+00
8.090000e+01	-1.318487e-01	4.607856e+00
8.093333e+01	-1.352777e-01	4.589656e+00
8.096667e+01	-1.357022e-01	4.587403e+00
81	-1.341788e-01	4.595489e+00
8.103333e+01	-1.326878e-01	4.603402e+00
8.106667e+01	-1.321477e-01	4.606269e+00
8.110000e+01	-1.313950e-01	4.610264e+00
8.113333e+01	-1.281763e-01	4.627348e+00
8.116667e+01	-1.219434e-01	4.660430e+00
8.120000e+01	-1.152097e-01	4.696170e+00
8.123333e+01	-1.109907e-01	4.718563e+00
8.126667e+01	-1.093714e-01	4.727158e+00
8.130000e+01	-1.075950e-01	4.736587e+00
8.133333e+01	-1.031587e-01	4.760133e+00
8.136667e+01	-9.603105e-02	4.797964e+00
8.140000e+01	-8.804064e-02	4.840374e+00
8.143333e+01	-8.086752e-02	4.878447e+00
8.146667e+01	-7.484865e-02	4.910393e+00
8.150000e+01	-6.928364e-02	4.939930e+00
8.153333e+01	-6.341663e-02	4.971070e+00
8.156667e+01	-5.705040e-02	5.004860e+00
8.160000e+01	-5.053096e-02	5.039463e+00
8.163333e+01	-4.456885e-02	5.071108e+00
8.166667e+01	-4.011298e-02	5.094758e+00
0	0	0
0	0	0
0	0	0
