0	8.278210e-03	4.802747e+00
3.333333e-02	7.870541e-03	4.800805e+00
6.666667e-02	7.501777e-03	4.799048e+00
1.000000e-01	7.446475e-03	4.798785e+00
1.333333e-01	7.615841e-03	4.799592e+00
1.666667e-01	7.781349e-03	4.800380e+00
2.000000e-01	7.814044e-03	4.800536e+00
2.333333e-01	7.744209e-03	4.800203e+00
2.666667e-01	7.670230e-03	4.799851e+00
3.000000e-01	7.652219e-03	4.799765e+00
3.333333e-01	7.680754e-03	4.799901e+00
3.666667e-01	7.713670e-03	4.800058e+00
4.000000e-01	7.723151e-03	4.800103e+00
4.333333e-01	7.711612e-03	4.800048e+00
4.666667e-01	7.697032e-03	4.799978e+00
5.000000e-01	7.692196e-03	4.799955e+00
5.333333e-01	7.696806e-03	4.799977e+00
5.666667e-01	7.703236e-03	4.800008e+00
6.000000e-01	7.705645e-03	4.800019e+00
6.333333e-01	7.703831e-03	4.800011e+00
6.666667e-01	7.701008e-03	4.799997e+00
7.000000e-01	7.699828e-03	4.799992e+00
7.333333e-01	7.700530e-03	4.799995e+00
7.666667e-01	7.701764e-03	4.800001e+00
8.000000e-01	7.702332e-03	4.800004e+00
8.333333e-01	7.702068e-03	4.800002e+00
8.666667e-01	7.701531e-03	4.800000e+00
9.000000e-01	7.701260e-03	4.799998e+00
9.333333e-01	7.701356e-03	4.799999e+00
9.666667e-01	7.701589e-03	4.800000e+00
1	7.701717e-03	4.800001e+00
1.033333e+00	7.701683e-03	4.800000e+00
1.066667e+00	7.701583e-03	4.800000e+00
1.100000e+00	7.701523e-03	4.800000e+00
1.133333e+00	7.701534e-03	4.800000e+00
1.166667e+00	7.701577e-03	4.800000e+00
1.200000e+00	7.701605e-03	4.800000e+00
1.233333e+00	7.701602e-03	4.800000e+00
1.266667e+00	7.701583e-03	4.800000e+00
1.300000e+00	7.701571e-03	4.800000e+00
1.333333e+00	7.701571e-03	4.800000e+00
1.366667e+00	7.701579e-03	4.800000e+00
1.400000e+00	7.701585e-03	4.800000e+00
1.433333e+00	7.701585e-03	4.800000e+00
1.466667e+00	7.701582e-03	4.800000e+00
1.500000e+00	7.701579e-03	4.800000e+00
1.533333e+00	7.701579e-03	4.800000e+00
1.566667e+00	7.701580e-03	4.800000e+00
1.600000e+00	7.701581e-03	4.800000e+00
1.633333e+00	7.701582e-03	4.800000e+00
1.666667e+00	7.701581e-03	4.800000e+00
1.700000e+00	7.701580e-03	4.800000e+00
1.733333e+00	7.701580e-03	4.800000e+00
1.766667e+00	7.701581e-03	4.800000e+00
1.800000e+00	7.478797e-03	4.798939e+00
1.833333e+00	5.998429e-03	4.791887e+00
1.866667e+00	1.689079e-03	4.771361e+00
1.900000e+00	-5.457534e-03	4.737319e+00
1.933333e+00	-1.262957e-02	4.703156e+00
1.966667e+00	-1.644451e-02	4.684985e+00
2	-1.591908e-02	4.687487e+00
2.033333e+00	-1.213476e-02	4.705513e+00
2.066667e+00	-6.132101e-03	4.734106e+00
2.100000e+00	1.069668e-03	4.768410e+00
2.133333e+00	7.326630e-03	4.798214e+00
2.166667e+00	1.016751e-02	4.811746e+00
2.200000e+00	8.318404e-03	4.802938e+00
2.233333e+00	2.085352e-03	4.773248e+00
2.266667e+00	-6.417054e-03	4.732748e+00
2.300000e+00	-1.359774e-02	4.698545e+00
2.333333e+00	-1.665588e-02	4.683978e+00
2.366667e+00	-1.575360e-02	4.688276e+00
2.400000e+00	-1.318897e-02	4.700492e+00
2.433333e+00	-1.033015e-02	4.714109e+00
2.466667e+00	-6.235295e-03	4.733614e+00
2.500000e+00	1.882922e-04	4.764212e+00
2.533333e+00	8.279509e-03	4.802753e+00
2.566667e+00	1.690735e-02	4.843850e+00
2.600000e+00	2.573360e-02	4.885892e+00
2.633333e+00	3.434761e-02	4.926923e+00
2.666667e+00	4.181158e-02	4.962477e+00
2.700000e+00	4.763829e-02	4.990231e+00
2.733333e+00	5.239477e-02	5.012888e+00
2.766667e+00	5.711716e-02	5.035382e+00
2.800000e+00	6.242238e-02	5.060652e+00
2.833333e+00	6.822410e-02	5.088288e+00
2.866667e+00	7.409179e-02	5.116237e+00
2.900000e+00	7.972804e-02	5.143085e+00
2.933333e+00	8.514357e-02	5.168881e+00
2.966667e+00	9.051812e-02	5.194481e+00
3	9.598750e-02	5.220534e+00
3.033333e+00	1.015553e-01	5.247055e+00
3.066667e+00	1.071458e-01	5.273684e+00
3.100000e+00	1.126390e-01	5.299850e+00
3.133333e+00	1.177574e-01	5.324230e+00
3.166667e+00	1.221192e-01	5.345007e+00
3.200000e+00	1.256915e-01	5.362023e+00
3.233333e+00	1.288869e-01	5.377244e+00
3.266667e+00	1.318380e-01	5.391301e+00
3.300000e+00	1.339856e-01	5.401531e+00
3.333333e+00	1.347640e-01	5.405238e+00
3.366667e+00	1.343746e-01	5.403383e+00
3.400000e+00	1.336362e-01	5.399866e+00
3.433333e+00	1.330298e-01	5.396978e+00
3.466667e+00	1.316561e-01	5.390435e+00
3.500000e+00	1.276473e-01	5.371339e+00
3.533333e+00	1.206762e-01	5.338134e+00
3.566667e+00	1.132472e-01	5.302747e+00
3.600000e+00	1.078241e-01	5.276915e+00
3.633333e+00	1.037365e-01	5.257444e+00
3.666667e+00	9.890380e-02	5.234425e+00
3.700000e+00	9.347970e-02	5.208588e+00
3.733333e+00	8.975718e-02	5.190857e+00
3.766667e+00	8.914261e-02	5.187929e+00
3.800000e+00	9.067204e-02	5.195214e+00
3.833333e+00	9.228218e-02	5.202884e+00
3.866667e+00	9.271753e-02	5.204958e+00
3.900000e+00	9.214981e-02	5.202254e+00
3.933333e+00	9.167559e-02	5.199995e+00
3.966667e+00	9.315486e-02	5.207041e+00
4	9.916903e-02	5.235688e+00
4.033333e+00	1.109308e-01	5.291713e+00
4.066667e+00	1.253609e-01	5.360449e+00
4.100000e+00	1.364820e-01	5.413422e+00
4.133333e+00	1.413404e-01	5.436564e+00
4.166667e+00	1.455727e-01	5.456724e+00
4.200000e+00	1.659288e-01	5.553686e+00
4.233333e+00	2.213996e-01	5.817911e+00
4.266667e+00	3.086897e-01	6.233701e+00
4.300000e+00	3.908515e-01	6.625064e+00
4.333333e+00	4.251752e-01	6.788558e+00
4.366667e+00	4.012216e-01	6.674460e+00
4.400000e+00	3.452641e-01	6.407917e+00
4.433333e+00	2.923593e-01	6.155914e+00
4.466667e+00	2.592077e-01	5.998003e+00
4.500000e+00	2.400415e-01	5.906708e+00
4.533333e+00	2.207666e-01	5.814896e+00
4.566667e+00	1.937601e-01	5.686255e+00
4.600000e+00	1.625659e-01	5.537668e+00
4.633333e+00	1.368818e-01	5.415326e+00
4.666667e+00	1.233159e-01	5.350707e+00
4.700000e+00	1.197905e-01	5.333915e+00
4.733333e+00	1.190520e-01	5.330397e+00
4.766667e+00	1.164539e-01	5.318022e+00
4.800000e+00	1.127113e-01	5.300195e+00
4.833333e+00	1.105240e-01	5.289776e+00
4.866667e+00	1.108470e-01	5.291314e+00
4.900000e+00	1.121906e-01	5.297714e+00
4.933333e+00	1.118038e-01	5.295872e+00
4.966667e+00	1.074687e-01	5.275222e+00
5	9.967163e-02	5.238082e+00
5.033333e+00	9.244489e-02	5.203659e+00
5.066667e+00	9.179312e-02	5.200554e+00
5.100000e+00	1.024673e-01	5.251399e+00
5.133333e+00	1.236005e-01	5.352063e+00
5.166667e+00	1.468059e-01	5.462598e+00
5.200000e+00	1.615490e-01	5.532824e+00
5.233333e+00	1.637413e-01	5.543266e+00
5.266667e+00	1.563460e-01	5.508040e+00
5.300000e+00	1.392167e-01	5.426448e+00
5.333333e+00	1.045958e-01	5.261538e+00
5.366667e+00	5.161796e-02	5.009188e+00
5.400000e+00	-1.021249e-03	4.758450e+00
5.433333e+00	-2.888727e-02	4.625716e+00
5.466667e+00	-2.552365e-02	4.641738e+00
5.500000e+00	-5.921373e-03	4.735110e+00
5.533333e+00	1.023480e-02	4.812066e+00
5.566667e+00	1.440697e-02	4.831940e+00
5.600000e+00	1.089903e-02	4.815230e+00
5.633333e+00	8.115758e-03	4.801973e+00
5.666667e+00	1.029910e-02	4.812373e+00
5.700000e+00	1.598222e-02	4.839443e+00
5.733333e+00	2.156456e-02	4.866034e+00
5.766667e+00	2.504992e-02	4.882636e+00
5.800000e+00	2.694057e-02	4.891641e+00
5.833333e+00	2.878471e-02	4.900426e+00
5.866667e+00	3.151328e-02	4.913423e+00
5.900000e+00	3.496629e-02	4.929870e+00
5.933333e+00	3.847977e-02	4.946606e+00
5.966667e+00	4.162240e-02	4.961576e+00
6	4.443754e-02	4.974985e+00
6.033333e+00	4.720860e-02	4.988184e+00
6.066667e+00	5.013410e-02	5.002119e+00
6.100000e+00	5.320690e-02	5.016756e+00
6.133333e+00	5.630667e-02	5.031521e+00
6.166667e+00	5.934262e-02	5.045983e+00
6.200000e+00	6.231263e-02	5.060130e+00
6.233333e+00	6.523568e-02	5.074053e+00
6.266667e+00	6.797340e-02	5.087094e+00
6.300000e+00	7.012487e-02	5.097342e+00
6.333333e+00	7.126347e-02	5.102765e+00
6.366667e+00	7.136688e-02	5.103258e+00
6.400000e+00	7.091226e-02	5.101092e+00
6.433333e+00	7.049674e-02	5.099113e+00
6.466667e+00	7.041460e-02	5.098722e+00
6.500000e+00	7.058012e-02	5.099510e+00
6.533333e+00	7.075560e-02	5.100346e+00
6.566667e+00	7.079867e-02	5.100551e+00
6.600000e+00	7.073189e-02	5.100233e+00
6.633333e+00	7.065464e-02	5.099865e+00
6.666667e+00	7.063236e-02	5.099759e+00
6.700000e+00	7.065942e-02	5.099888e+00
6.733333e+00	7.069361e-02	5.100051e+00
6.766667e+00	7.070494e-02	5.100105e+00
6.800000e+00	7.069412e-02	5.100053e+00
6.833333e+00	7.067904e-02	5.099981e+00
6.866667e+00	7.067340e-02	5.099955e+00
6.900000e+00	7.067765e-02	5.099975e+00
6.933333e+00	7.068428e-02	5.100006e+00
6.966667e+00	7.068704e-02	5.100020e+00
7	7.068539e-02	5.100012e+00
7.033333e+00	7.068250e-02	5.099998e+00
7.066667e+00	7.068117e-02	5.099992e+00
7.100000e+00	7.068179e-02	5.099995e+00
7.133333e+00	7.112862e-02	5.102123e+00
7.166667e+00	7.431277e-02	5.117290e+00
7.200000e+00	8.441161e-02	5.165394e+00
7.233333e+00	1.030136e-01	5.254001e+00
7.266667e+00	1.242812e-01	5.355306e+00
7.300000e+00	1.376029e-01	5.418761e+00
7.333333e+00	1.365034e-01	5.413524e+00
7.366667e+00	1.242236e-01	5.355031e+00
7.400000e+00	1.098806e-01	5.286711e+00
7.433333e+00	9.995258e-02	5.239421e+00
7.466667e+00	9.488354e-02	5.215275e+00
7.500000e+00	9.244279e-02	5.203649e+00
7.533333e+00	9.127871e-02	5.198104e+00
7.566667e+00	9.120355e-02	5.197746e+00
7.600000e+00	9.210927e-02	5.202060e+00
7.633333e+00	9.350472e-02	5.208707e+00
7.666667e+00	9.481363e-02	5.214942e+00
7.700000e+00	9.577705e-02	5.219531e+00
7.733333e+00	9.650783e-02	5.223012e+00
7.766667e+00	9.724854e-02	5.226540e+00
7.800000e+00	9.812988e-02	5.230738e+00
7.833333e+00	9.911662e-02	5.235439e+00
7.866667e+00	1.001057e-01	5.240150e+00
7.900000e+00	1.010358e-01	5.244580e+00
7.933333e+00	1.019183e-01	5.248784e+00
7.966667e+00	1.027971e-01	5.252970e+00
8	1.037006e-01	5.257274e+00
8.033333e+00	1.046257e-01	5.261680e+00
8.066667e+00	1.055536e-01	5.266100e+00
8.100000e+00	1.064711e-01	5.270470e+00
8.133333e+00	1.073789e-01	5.274795e+00
8.166667e+00	1.082850e-01	5.279111e+00
8.200000e+00	1.091954e-01	5.283447e+00
8.233333e+00	1.101102e-01	5.287804e+00
8.266667e+00	1.110162e-01	5.292120e+00
8.300000e+00	1.118561e-01	5.296121e+00
8.333333e+00	1.125067e-01	5.299220e+00
8.366667e+00	1.126232e-01	5.299775e+00
8.400000e+00	1.111711e-01	5.292858e+00
8.433333e+00	1.067250e-01	5.271680e+00
8.466667e+00	9.945504e-02	5.237051e+00
8.500000e+00	9.203677e-02	5.201715e+00
8.533333e+00	8.679125e-02	5.176729e+00
8.566667e+00	8.283660e-02	5.157892e+00
8.600000e+00	7.800631e-02	5.134884e+00
8.633333e+00	7.250748e-02	5.108691e+00
8.666667e+00	6.850197e-02	5.089611e+00
8.700000e+00	6.640275e-02	5.079612e+00
8.733333e+00	6.365422e-02	5.066520e+00
8.766667e+00	5.792221e-02	5.039217e+00
8.800000e+00	4.970850e-02	5.000092e+00
8.833333e+00	4.078060e-02	4.957566e+00
8.866667e+00	3.152422e-02	4.913475e+00
8.900000e+00	2.064043e-02	4.861632e+00
8.933333e+00	7.292704e-03	4.798052e+00
8.966667e+00	-6.356831e-03	4.733035e+00
9	-1.584224e-02	4.687853e+00
9.033333e+00	-1.828062e-02	4.676239e+00
9.066667e+00	-1.434134e-02	4.695003e+00
9.100000e+00	-6.402132e-03	4.732820e+00
9.133333e+00	3.594900e-03	4.780439e+00
9.166667e+00	1.425665e-02	4.831224e+00
9.200000e+00	2.380064e-02	4.876685e+00
9.233333e+00	3.002507e-02	4.906334e+00
9.266667e+00	3.184245e-02	4.914991e+00
9.300000e+00	3.045857e-02	4.908399e+00
9.333333e+00	2.840466e-02	4.898615e+00
9.366667e+00	2.751355e-02	4.894371e+00
9.400000e+00	2.794443e-02	4.896423e+00
9.433333e+00	2.878161e-02	4.900411e+00
9.466667e+00	2.919235e-02	4.902367e+00
9.500000e+00	2.903541e-02	4.901620e+00
9.533333e+00	2.867605e-02	4.899908e+00
9.566667e+00	2.848379e-02	4.898992e+00
9.600000e+00	2.831699e-02	4.898198e+00
9.633333e+00	2.699177e-02	4.891885e+00
9.666667e+00	2.299521e-02	4.872848e+00
9.700000e+00	1.731030e-02	4.845769e+00
9.733333e+00	1.451705e-02	4.832464e+00
9.766667e+00	1.884768e-02	4.853092e+00
9.800000e+00	3.000220e-02	4.906225e+00
9.833333e+00	4.419132e-02	4.973812e+00
9.866667e+00	5.802590e-02	5.039711e+00
9.900000e+00	7.053180e-02	5.099280e+00
9.933333e+00	8.248226e-02	5.156204e+00
9.966667e+00	9.482998e-02	5.215020e+00
10	1.078072e-01	5.276835e+00
1.003333e+01	1.210384e-01	5.339859e+00
1.006667e+01	1.340998e-01	5.402074e+00
1.010000e+01	1.468791e-01	5.462946e+00
1.013333e+01	1.595344e-01	5.523227e+00
1.016667e+01	1.722553e-01	5.583821e+00
1.020000e+01	1.850997e-01	5.645003e+00
1.023333e+01	1.980039e-01	5.706470e+00
1.026667e+01	2.108836e-01	5.767820e+00
1.030000e+01	2.237097e-01	5.828915e+00
1.033333e+01	2.365075e-01	5.889875e+00
1.036667e+01	2.493140e-01	5.950876e+00
1.040000e+01	2.621437e-01	6.011988e+00
1.043333e+01	2.749866e-01	6.073163e+00
1.046667e+01	2.878267e-01	6.134324e+00
1.050000e+01	3.006568e-01	6.195438e+00
1.053333e+01	3.134806e-01	6.256522e+00
1.056667e+01	3.263054e-01	6.317610e+00
1.060000e+01	3.391344e-01	6.378719e+00
1.063333e+01	3.519663e-01	6.439841e+00
1.066667e+01	3.647980e-01	6.500963e+00
1.070000e+01	3.776279e-01	6.562075e+00
1.073333e+01	3.904564e-01	6.623182e+00
1.076667e+01	4.032850e-01	6.684288e+00
1.080000e+01	4.161143e-01	6.745399e+00
1.083333e+01	4.289443e-01	6.806512e+00
1.086667e+01	4.417742e-01	6.867625e+00
1.090000e+01	4.546039e-01	6.928736e+00
1.093333e+01	4.672971e-01	6.989198e+00
1.096667e+01	4.790856e-01	7.045351e+00
11	4.882408e-01	7.088960e+00
1.103333e+01	4.930436e-01	7.111837e+00
1.106667e+01	4.935473e-01	7.114236e+00
1.110000e+01	4.919082e-01	7.106429e+00
1.113333e+01	4.903164e-01	7.098846e+00
1.116667e+01	4.879631e-01	7.087637e+00
1.120000e+01	4.801004e-01	7.050184e+00
1.123333e+01	4.615152e-01	6.961657e+00
1.126667e+01	4.317184e-01	6.819726e+00
1.130000e+01	3.959079e-01	6.649149e+00
1.133333e+01	3.606102e-01	6.481015e+00
1.136667e+01	3.289886e-01	6.330391e+00
1.140000e+01	3.000459e-01	6.192528e+00
1.143333e+01	2.711668e-01	6.054968e+00
1.146667e+01	2.408191e-01	5.910412e+00
1.150000e+01	2.092798e-01	5.760180e+00
1.153333e+01	1.776456e-01	5.609497e+00
1.156667e+01	1.467268e-01	5.462221e+00
1.160000e+01	1.172576e-01	5.321850e+00
1.163333e+01	9.134944e-02	5.198441e+00
1.166667e+01	7.283099e-02	5.110232e+00
1.170000e+01	6.456503e-02	5.070859e+00
1.173333e+01	6.520842e-02	5.073923e+00
1.176667e+01	6.963090e-02	5.094989e+00
1.180000e+01	7.278351e-02	5.110006e+00
1.183333e+01	7.286625e-02	5.110400e+00
1.186667e+01	7.118672e-02	5.102400e+00
1.190000e+01	6.983094e-02	5.095942e+00
1.193333e+01	6.972783e-02	5.095451e+00
1.196667e+01	7.042440e-02	5.098769e+00
12	7.103097e-02	5.101658e+00
1.203333e+01	7.110649e-02	5.102018e+00
1.206667e+01	7.081573e-02	5.100633e+00
1.210000e+01	7.054290e-02	5.099333e+00
1.213333e+01	7.049573e-02	5.099108e+00
1.216667e+01	7.061617e-02	5.099682e+00
1.220000e+01	7.073843e-02	5.100264e+00
1.223333e+01	7.076529e-02	5.100392e+00
1.226667e+01	7.071583e-02	5.100157e+00
1.230000e+01	7.066130e-02	5.099897e+00
1.233333e+01	7.064686e-02	5.099828e+00
1.236667e+01	7.066697e-02	5.099924e+00
1.240000e+01	7.069118e-02	5.100039e+00
1.243333e+01	7.069866e-02	5.100075e+00
1.246667e+01	7.069057e-02	5.100036e+00
1.250000e+01	7.067987e-02	5.099985e+00
1.253333e+01	7.067610e-02	5.099967e+00
1.256667e+01	7.101349e-02	5.101575e+00
1.260000e+01	7.357292e-02	5.113766e+00
1.263333e+01	8.259354e-02	5.156734e+00
1.266667e+01	1.023310e-01	5.250750e+00
1.270000e+01	1.328256e-01	5.396005e+00
1.273333e+01	1.690438e-01	5.568524e+00
1.276667e+01	2.048095e-01	5.738887e+00
1.280000e+01	2.371196e-01	5.892790e+00
1.283333e+01	2.668893e-01	6.034593e+00
1.286667e+01	2.965757e-01	6.175998e+00
1.290000e+01	3.276345e-01	6.323941e+00
1.293333e+01	3.598203e-01	6.477253e+00
1.296667e+01	3.921056e-01	6.631037e+00
13	4.235978e-01	6.781045e+00
1.303333e+01	4.529919e-01	6.921058e+00
1.306667e+01	4.774894e-01	7.037747e+00
1.310000e+01	4.939578e-01	7.116191e+00
1.313333e+01	5.014797e-01	7.152021e+00
1.316667e+01	5.016512e-01	7.152838e+00
1.320000e+01	4.975309e-01	7.133211e+00
1.323333e+01	4.936390e-01	7.114673e+00
1.326667e+01	4.946373e-01	7.119428e+00
1.330000e+01	5.015311e-01	7.152265e+00
1.333333e+01	5.102201e-01	7.193654e+00
1.336667e+01	5.153833e-01	7.218248e+00
1.340000e+01	5.153029e-01	7.217865e+00
1.343333e+01	5.081815e-01	7.183943e+00
1.346667e+01	4.775536e-01	7.038053e+00
1.350000e+01	3.940162e-01	6.640138e+00
1.353333e+01	2.550750e-01	5.978318e+00
1.356667e+01	1.126706e-01	5.300000e+00
1.360000e+01	3.314723e-02	4.921206e+00
1.363333e+01	3.460505e-02	4.928150e+00
1.366667e+01	7.822993e-02	5.135949e+00
1.370000e+01	1.126257e-01	5.299787e+00
1.373333e+01	1.155645e-01	5.313785e+00
1.376667e+01	9.843595e-02	5.232196e+00
1.380000e+01	8.329215e-02	5.160062e+00
1.383333e+01	8.120423e-02	5.150116e+00
1.386667e+01	8.827247e-02	5.183785e+00
1.390000e+01	9.504117e-02	5.216026e+00
1.393333e+01	9.629508e-02	5.221999e+00
1.396667e+01	9.337476e-02	5.208088e+00
14	9.034756e-02	5.193669e+00
1.403333e+01	8.964713e-02	5.190332e+00
1.406667e+01	9.084363e-02	5.196032e+00
1.410000e+01	9.219218e-02	5.202455e+00
1.413333e+01	9.256469e-02	5.204230e+00
1.416667e+01	9.207940e-02	5.201918e+00
1.420000e+01	9.148134e-02	5.199069e+00
1.423333e+01	9.128993e-02	5.198158e+00
1.426667e+01	9.148446e-02	5.199084e+00
1.430000e+01	9.174852e-02	5.200342e+00
1.433333e+01	9.184444e-02	5.200799e+00
1.436667e+01	9.176754e-02	5.200433e+00
1.440000e+01	9.165146e-02	5.199880e+00
1.443333e+01	9.160431e-02	5.199655e+00
1.446667e+01	9.163419e-02	5.199797e+00
1.450000e+01	9.168500e-02	5.200039e+00
1.453333e+01	9.170782e-02	5.200148e+00
1.456667e+01	9.169646e-02	5.200094e+00
1.460000e+01	9.167432e-02	5.199989e+00
1.463333e+01	9.166342e-02	5.199937e+00
1.466667e+01	9.166760e-02	5.199957e+00
1.470000e+01	9.167721e-02	5.200002e+00
1.473333e+01	9.168237e-02	5.200027e+00
1.476667e+01	9.168089e-02	5.200020e+00
1.480000e+01	9.167674e-02	5.200000e+00
1.483333e+01	9.167432e-02	5.199989e+00
1.486667e+01	9.167481e-02	5.199991e+00
1.490000e+01	9.167659e-02	5.199999e+00
1.493333e+01	9.167772e-02	5.200005e+00
1.496667e+01	9.167757e-02	5.200004e+00
15	9.167681e-02	5.200000e+00
1.503333e+01	9.167629e-02	5.199998e+00
1.506667e+01	9.167632e-02	5.199998e+00
1.510000e+01	9.167665e-02	5.200000e+00
1.513333e+01	9.167689e-02	5.200001e+00
1.516667e+01	9.167689e-02	5.200001e+00
1.520000e+01	9.167675e-02	5.200000e+00
1.523333e+01	9.169149e-02	5.200070e+00
1.526667e+01	9.180503e-02	5.200611e+00
1.530000e+01	9.220592e-02	5.202521e+00
1.533333e+01	9.308325e-02	5.206700e+00
1.536667e+01	9.443866e-02	5.213156e+00
1.540000e+01	9.604838e-02	5.220824e+00
1.543333e+01	9.763792e-02	5.228395e+00
1.546667e+01	9.907388e-02	5.235235e+00
1.550000e+01	1.003970e-01	5.241537e+00
1.553333e+01	1.017164e-01	5.247822e+00
1.556667e+01	1.030968e-01	5.254397e+00
1.560000e+01	1.045273e-01	5.261211e+00
1.563333e+01	1.059622e-01	5.268046e+00
1.566667e+01	1.073717e-01	5.274760e+00
1.570000e+01	1.087588e-01	5.281367e+00
1.573333e+01	1.101279e-01	5.287889e+00
1.576667e+01	1.114088e-01	5.293990e+00
1.580000e+01	1.124126e-01	5.298772e+00
1.583333e+01	1.129418e-01	5.301292e+00
1.586667e+01	1.129885e-01	5.301515e+00
1.590000e+01	1.127764e-01	5.300504e+00
1.593333e+01	1.125834e-01	5.299585e+00
1.596667e+01	1.125457e-01	5.299406e+00
16	1.126230e-01	5.299774e+00
1.603333e+01	1.127045e-01	5.300162e+00
1.606667e+01	1.127243e-01	5.300256e+00
1.610000e+01	1.126931e-01	5.300108e+00
1.613333e+01	1.126572e-01	5.299937e+00
1.616667e+01	1.126470e-01	5.299888e+00
1.620000e+01	1.126596e-01	5.299948e+00
1.623333e+01	1.126755e-01	5.300024e+00
1.626667e+01	1.126807e-01	5.300049e+00
1.630000e+01	1.126757e-01	5.300025e+00
1.633333e+01	1.126687e-01	5.299991e+00
1.636667e+01	1.126661e-01	5.299979e+00
1.640000e+01	1.126681e-01	5.299988e+00
1.643333e+01	1.126711e-01	5.300003e+00
1.646667e+01	1.126724e-01	5.300009e+00
1.650000e+01	1.126716e-01	5.300005e+00
1.653333e+01	1.127743e-01	5.300494e+00
1.656667e+01	1.137912e-01	5.305338e+00
1.660000e+01	1.183005e-01	5.326818e+00
1.663333e+01	1.304545e-01	5.384711e+00
1.666667e+01	1.531018e-01	5.492587e+00
1.670000e+01	1.847010e-01	5.643104e+00
1.673333e+01	2.199738e-01	5.811119e+00
1.676667e+01	2.538689e-01	5.972572e+00
1.680000e+01	2.846699e-01	6.119288e+00
1.683333e+01	3.137520e-01	6.257815e+00
1.686667e+01	3.432060e-01	6.398113e+00
1.690000e+01	3.739255e-01	6.544440e+00
1.693333e+01	4.054271e-01	6.694492e+00
1.696667e+01	4.368174e-01	6.844014e+00
17	4.676700e-01	6.990974e+00
1.703333e+01	4.978366e-01	7.134667e+00
1.706667e+01	5.258593e-01	7.268149e+00
1.710000e+01	5.477907e-01	7.372615e+00
1.713333e+01	5.594052e-01	7.427938e+00
1.716667e+01	5.604984e-01	7.433145e+00
1.720000e+01	5.558993e-01	7.411238e+00
1.723333e+01	5.516688e-01	7.391087e+00
1.726667e+01	5.508142e-01	7.387016e+00
1.730000e+01	5.524840e-01	7.394970e+00
1.733333e+01	5.542689e-01	7.403472e+00
1.736667e+01	5.547149e-01	7.405597e+00
1.740000e+01	5.540420e-01	7.402391e+00
1.743333e+01	5.532567e-01	7.398651e+00
1.746667e+01	5.530268e-01	7.397556e+00
1.750000e+01	5.530763e-01	7.397792e+00
1.753333e+01	5.519434e-01	7.392395e+00
1.756667e+01	5.477507e-01	7.372424e+00
1.760000e+01	5.404953e-01	7.337864e+00
1.763333e+01	5.331850e-01	7.303043e+00
1.766667e+01	5.294256e-01	7.285136e+00
1.770000e+01	5.301718e-01	7.288690e+00
1.773333e+01	5.334203e-01	7.304164e+00
1.776667e+01	5.364973e-01	7.318821e+00
1.780000e+01	5.381457e-01	7.326673e+00
1.783333e+01	5.387908e-01	7.329745e+00
1.786667e+01	5.394619e-01	7.332942e+00
1.790000e+01	5.407251e-01	7.338959e+00
1.793333e+01	5.424375e-01	7.347116e+00
1.796667e+01	5.441619e-01	7.355330e+00
18	5.456367e-01	7.362354e+00
1.803333e+01	5.469078e-01	7.368409e+00
1.806667e+01	5.481626e-01	7.374386e+00
1.810000e+01	5.495222e-01	7.380862e+00
1.813333e+01	5.509591e-01	7.387707e+00
1.816667e+01	5.523094e-01	7.394138e+00
1.820000e+01	5.533286e-01	7.398994e+00
1.823333e+01	5.538300e-01	7.401382e+00
1.826667e+01	5.538459e-01	7.401457e+00
1.830000e+01	5.536254e-01	7.400407e+00
1.833333e+01	5.534437e-01	7.399542e+00
1.836667e+01	5.534198e-01	7.399428e+00
1.840000e+01	5.535014e-01	7.399816e+00
1.843333e+01	5.535783e-01	7.400183e+00
1.846667e+01	5.535921e-01	7.400248e+00
1.850000e+01	5.535587e-01	7.400089e+00
1.853333e+01	5.535246e-01	7.399927e+00
1.856667e+01	5.535170e-01	7.399891e+00
1.860000e+01	5.535307e-01	7.399956e+00
1.863333e+01	5.535459e-01	7.400028e+00
1.866667e+01	5.535500e-01	7.400048e+00
1.870000e+01	5.535444e-01	7.400021e+00
1.873333e+01	5.535377e-01	7.399989e+00
1.876667e+01	5.535356e-01	7.399979e+00
1.880000e+01	5.535378e-01	7.399990e+00
1.883333e+01	5.533180e-01	7.398943e+00
1.886667e+01	5.518387e-01	7.391896e+00
1.890000e+01	5.475284e-01	7.371365e+00
1.893333e+01	5.366823e-01	7.319702e+00
1.896667e+01	5.049357e-01	7.168482e+00
19	4.295858e-01	6.809568e+00
1.903333e+01	3.115226e-01	6.247195e+00
1.906667e+01	1.968149e-01	5.700806e+00
1.910000e+01	1.423949e-01	5.441587e+00
1.913333e+01	1.632648e-01	5.540996e+00
1.916667e+01	2.249925e-01	5.835025e+00
1.920000e+01	2.813256e-01	6.103357e+00
1.923333e+01	3.107873e-01	6.243693e+00
1.926667e+01	3.218248e-01	6.296268e+00
1.930000e+01	3.335064e-01	6.351911e+00
1.933333e+01	3.562051e-01	6.460032e+00
1.936667e+01	3.872062e-01	6.607700e+00
1.940000e+01	4.184062e-01	6.756316e+00
1.943333e+01	4.447108e-01	6.881612e+00
1.946667e+01	4.655217e-01	6.980742e+00
1.950000e+01	4.811199e-01	7.055041e+00
1.953333e+01	4.906498e-01	7.100434e+00
1.956667e+01	4.940641e-01	7.116698e+00
1.960000e+01	4.946057e-01	7.119278e+00
1.963333e+01	4.981163e-01	7.136000e+00
1.966667e+01	5.084689e-01	7.185312e+00
1.970000e+01	5.231798e-01	7.255385e+00
1.973333e+01	5.350821e-01	7.312079e+00
1.976667e+01	5.390820e-01	7.331132e+00
1.980000e+01	5.363326e-01	7.318036e+00
1.983333e+01	5.316460e-01	7.295712e+00
1.986667e+01	5.274009e-01	7.275491e+00
1.990000e+01	5.202929e-01	7.241634e+00
1.993333e+01	5.045826e-01	7.166801e+00
1.996667e+01	4.783968e-01	7.042070e+00
20	4.458731e-01	6.887149e+00
2.003333e+01	4.132917e-01	6.731954e+00
2.006667e+01	3.841399e-01	6.593094e+00
2.010000e+01	3.577936e-01	6.467598e+00
2.013333e+01	3.317462e-01	6.343527e+00
2.016667e+01	3.043402e-01	6.212983e+00
2.020000e+01	2.756930e-01	6.076527e+00
2.023333e+01	2.468487e-01	5.939133e+00
2.026667e+01	2.185639e-01	5.804404e+00
2.030000e+01	1.908335e-01	5.672315e+00
2.033333e+01	1.635142e-01	5.542184e+00
2.036667e+01	1.379383e-01	5.420358e+00
2.040000e+01	1.178608e-01	5.324723e+00
2.043333e+01	1.072500e-01	5.274180e+00
2.046667e+01	1.062958e-01	5.269635e+00
2.050000e+01	1.105383e-01	5.289844e+00
2.053333e+01	1.144097e-01	5.308284e+00
2.056667e+01	1.151713e-01	5.311912e+00
2.060000e+01	1.138492e-01	5.305614e+00
2.063333e+01	1.134718e-01	5.303817e+00
2.066667e+01	1.159011e-01	5.315388e+00
2.070000e+01	1.193618e-01	5.331873e+00
2.073333e+01	1.201070e-01	5.335422e+00
2.076667e+01	1.169568e-01	5.320417e+00
2.080000e+01	1.125866e-01	5.299600e+00
2.083333e+01	1.102667e-01	5.288550e+00
2.086667e+01	1.107720e-01	5.290957e+00
2.090000e+01	1.128082e-01	5.300656e+00
2.093333e+01	1.161899e-01	5.316764e+00
2.096667e+01	1.240952e-01	5.354420e+00
21	1.409157e-01	5.434541e+00
2.103333e+01	1.675159e-01	5.561246e+00
2.106667e+01	1.997277e-01	5.714681e+00
2.110000e+01	2.318254e-01	5.867572e+00
2.113333e+01	2.607764e-01	6.005475e+00
2.116667e+01	2.872438e-01	6.131548e+00
2.120000e+01	3.135026e-01	6.256626e+00
2.123333e+01	3.410054e-01	6.387631e+00
2.126667e+01	3.696068e-01	6.523869e+00
2.130000e+01	3.983590e-01	6.660824e+00
2.133333e+01	4.265976e-01	6.795334e+00
2.136667e+01	4.543448e-01	6.927502e+00
2.140000e+01	4.817041e-01	7.057823e+00
2.143333e+01	5.073018e-01	7.179753e+00
2.146667e+01	5.231405e-01	7.255198e+00
2.150000e+01	5.053843e-01	7.170620e+00
2.153333e+01	4.229703e-01	6.778056e+00
2.156667e+01	2.786347e-01	6.090540e+00
2.160000e+01	1.313555e-01	5.389002e+00
2.163333e+01	5.094261e-02	5.005971e+00
2.166667e+01	5.442235e-02	5.022546e+00
2.170000e+01	1.001318e-01	5.240274e+00
2.173333e+01	1.350062e-01	5.406392e+00
2.176667e+01	1.371241e-01	5.416480e+00
2.180000e+01	1.188517e-01	5.329443e+00
2.183333e+01	1.019760e-01	5.249059e+00
2.186667e+01	9.591235e-02	5.220176e+00
2.190000e+01	9.624233e-02	5.221747e+00
2.193333e+01	9.596829e-02	5.220442e+00
2.196667e+01	9.327330e-02	5.207605e+00
22	9.047525e-02	5.194277e+00
2.203333e+01	8.968710e-02	5.190523e+00
2.206667e+01	9.073301e-02	5.195505e+00
2.210000e+01	9.206399e-02	5.201845e+00
2.213333e+01	9.252941e-02	5.204062e+00
2.216667e+01	9.213000e-02	5.202159e+00
2.220000e+01	9.154390e-02	5.199367e+00
2.223333e+01	9.131061e-02	5.198256e+00
2.226667e+01	9.146457e-02	5.198989e+00
2.230000e+01	9.172074e-02	5.200210e+00
2.233333e+01	9.183395e-02	5.200749e+00
2.236667e+01	9.177530e-02	5.200470e+00
2.240000e+01	9.166364e-02	5.199938e+00
2.243333e+01	9.160945e-02	5.199680e+00
2.246667e+01	9.163120e-02	5.199783e+00
2.250000e+01	9.167967e-02	5.200014e+00
2.253333e+01	9.125977e-02	5.198014e+00
2.256667e+01	8.829128e-02	5.183874e+00
2.260000e+01	7.965164e-02	5.142721e+00
2.263333e+01	6.512358e-02	5.073519e+00
2.266667e+01	4.930175e-02	4.998155e+00
2.270000e+01	3.737152e-02	4.941327e+00
2.273333e+01	3.083581e-02	4.910196e+00
2.276667e+01	2.827089e-02	4.897978e+00
2.280000e+01	2.783871e-02	4.895919e+00
2.283333e+01	2.802630e-02	4.896813e+00
2.286667e+01	2.701992e-02	4.892019e+00
2.290000e+01	2.290296e-02	4.872409e+00
2.293333e+01	1.568052e-02	4.838006e+00
2.296667e+01	8.353893e-03	4.803107e+00
23	4.462005e-03	4.784569e+00
2.303333e+01	5.013811e-03	4.787197e+00
2.306667e+01	8.861828e-03	4.805527e+00
2.310000e+01	1.489898e-02	4.834284e+00
2.313333e+01	2.209112e-02	4.868542e+00
2.316667e+01	2.832063e-02	4.898215e+00
2.320000e+01	3.136824e-02	4.912732e+00
2.323333e+01	3.100273e-02	4.910991e+00
2.326667e+01	2.911109e-02	4.901980e+00
2.330000e+01	2.791759e-02	4.896295e+00
2.333333e+01	2.845458e-02	4.898853e+00
2.336667e+01	3.040262e-02	4.908132e+00
2.340000e+01	3.284709e-02	4.919776e+00
2.343333e+01	3.508029e-02	4.930413e+00
2.346667e+01	3.693517e-02	4.939249e+00
2.350000e+01	3.862523e-02	4.947299e+00
2.353333e+01	4.039869e-02	4.955747e+00
2.356667e+01	4.232845e-02	4.964939e+00
2.360000e+01	4.433153e-02	4.974480e+00
2.363333e+01	4.630197e-02	4.983866e+00
2.366667e+01	4.820450e-02	4.992928e+00
2.370000e+01	5.007248e-02	5.001826e+00
2.373333e+01	5.195248e-02	5.010781e+00
2.376667e+01	5.386195e-02	5.019876e+00
2.380000e+01	5.578770e-02	5.029049e+00
2.383333e+01	5.770928e-02	5.038202e+00
2.386667e+01	5.961814e-02	5.047295e+00
2.390000e+01	6.151940e-02	5.056351e+00
2.393333e+01	6.342199e-02	5.065414e+00
2.396667e+01	6.533004e-02	5.074502e+00
24	6.744414e-02	5.084573e+00
2.403333e+01	7.068089e-02	5.099990e+00
2.406667e+01	7.635253e-02	5.127006e+00
2.410000e+01	8.443290e-02	5.165495e+00
2.413333e+01	9.314433e-02	5.206991e+00
2.416667e+01	1.012046e-01	5.245384e+00
2.420000e+01	1.092704e-01	5.283804e+00
2.423333e+01	1.183988e-01	5.327286e+00
2.426667e+01	1.277715e-01	5.371931e+00
2.430000e+01	1.346948e-01	5.404909e+00
2.433333e+01	1.369240e-01	5.415527e+00
2.436667e+01	1.341568e-01	5.402346e+00
2.440000e+01	1.272836e-01	5.369607e+00
2.443333e+01	1.174846e-01	5.322931e+00
2.446667e+01	1.063790e-01	5.270031e+00
2.450000e+01	9.637335e-02	5.222372e+00
2.453333e+01	8.981738e-02	5.191143e+00
2.456667e+01	8.669937e-02	5.176291e+00
2.460000e+01	8.420081e-02	5.164390e+00
2.463333e+01	8.064557e-02	5.147455e+00
2.466667e+01	7.889818e-02	5.139132e+00
2.470000e+01	8.397940e-02	5.163335e+00
2.473333e+01	9.860434e-02	5.232998e+00
2.476667e+01	1.218872e-01	5.343902e+00
2.480000e+01	1.505829e-01	5.480589e+00
2.483333e+01	1.809029e-01	5.625012e+00
2.486667e+01	2.102665e-01	5.764880e+00
2.490000e+01	2.381058e-01	5.897488e+00
2.493333e+01	2.652541e-01	6.026804e+00
2.496667e+01	2.926881e-01	6.157481e+00
25	3.207262e-01	6.291035e+00
2.503333e+01	3.490725e-01	6.426057e+00
2.506667e+01	3.773148e-01	6.560584e+00
2.510000e+01	4.050017e-01	6.692466e+00
2.513333e+01	4.305716e-01	6.814263e+00
2.516667e+01	4.470162e-01	6.892594e+00
2.520000e+01	4.347605e-01	6.834216e+00
2.523333e+01	3.694083e-01	6.522923e+00
2.526667e+01	2.544182e-01	5.975189e+00
2.530000e+01	1.378228e-01	5.419808e+00
2.533333e+01	7.573526e-02	5.124066e+00
2.536667e+01	8.185708e-02	5.153226e+00
2.540000e+01	1.221419e-01	5.345115e+00
2.543333e+01	1.523956e-01	5.489223e+00
2.546667e+01	1.529319e-01	5.491778e+00
2.550000e+01	1.317962e-01	5.391102e+00
2.553333e+01	1.067557e-01	5.271826e+00
2.556667e+01	8.921915e-02	5.188294e+00
2.560000e+01	8.022871e-02	5.145470e+00
2.563333e+01	7.553398e-02	5.123107e+00
2.566667e+01	7.202953e-02	5.106414e+00
2.570000e+01	6.960503e-02	5.094866e+00
2.573333e+01	6.898805e-02	5.091927e+00
2.576667e+01	6.983382e-02	5.095955e+00
2.580000e+01	7.093037e-02	5.101179e+00
2.583333e+01	7.135752e-02	5.103213e+00
2.586667e+01	7.107687e-02	5.101876e+00
2.590000e+01	7.060880e-02	5.099647e+00
2.593333e+01	7.039890e-02	5.098647e+00
2.596667e+01	7.050205e-02	5.099138e+00
26	7.070419e-02	5.100101e+00
2.603333e+01	7.080406e-02	5.100577e+00
2.606667e+01	7.076614e-02	5.100396e+00
2.610000e+01	7.067858e-02	5.099979e+00
2.613333e+01	7.063143e-02	5.099755e+00
2.616667e+01	7.064482e-02	5.099818e+00
2.620000e+01	7.068262e-02	5.099999e+00
2.623333e+01	7.070471e-02	5.100104e+00
2.626667e+01	7.070029e-02	5.100083e+00
2.630000e+01	7.068404e-02	5.100005e+00
2.633333e+01	7.089656e-02	5.101018e+00
2.636667e+01	7.237822e-02	5.108075e+00
2.640000e+01	7.683161e-02	5.129288e+00
2.643333e+01	8.525384e-02	5.169406e+00
2.646667e+01	9.782875e-02	5.229304e+00
2.650000e+01	1.157512e-01	5.314674e+00
2.653333e+01	1.411169e-01	5.435499e+00
2.656667e+01	1.740033e-01	5.592147e+00
2.660000e+01	2.111302e-01	5.768994e+00
2.663333e+01	2.481745e-01	5.945448e+00
2.666667e+01	2.828422e-01	6.110581e+00
2.670000e+01	3.156182e-01	6.266704e+00
2.673333e+01	3.482171e-01	6.421983e+00
2.676667e+01	3.817474e-01	6.581698e+00
2.680000e+01	4.161127e-01	6.745391e+00
2.683333e+01	4.504640e-01	6.909017e+00
2.686667e+01	4.835210e-01	7.066478e+00
2.690000e+01	5.133303e-01	7.208469e+00
2.693333e+01	5.371889e-01	7.322115e+00
2.696667e+01	5.524826e-01	7.394963e+00
27	5.584486e-01	7.423381e+00
2.703333e+01	5.572461e-01	7.417653e+00
2.706667e+01	5.521014e-01	7.393148e+00
2.710000e+01	5.439179e-01	7.354167e+00
2.713333e+01	5.268945e-01	7.273079e+00
2.716667e+01	4.812189e-01	7.055512e+00
2.720000e+01	3.806551e-01	6.576495e+00
2.723333e+01	2.298587e-01	5.858204e+00
2.726667e+01	8.446749e-02	5.165660e+00
2.730000e+01	7.213269e-03	4.797674e+00
2.733333e+01	8.877482e-03	4.805601e+00
2.736667e+01	4.687191e-02	4.986581e+00
2.740000e+01	7.275512e-02	5.109871e+00
2.743333e+01	6.996557e-02	5.096583e+00
2.746667e+01	5.240348e-02	5.012929e+00
2.750000e+01	4.008392e-02	4.954247e+00
2.753333e+01	4.052275e-02	4.956338e+00
2.756667e+01	4.800238e-02	4.991965e+00
2.760000e+01	5.365556e-02	5.018893e+00
2.763333e+01	5.379437e-02	5.019554e+00
2.766667e+01	5.063683e-02	5.004514e+00
2.770000e+01	4.806510e-02	4.992264e+00
2.773333e+01	4.786040e-02	4.991289e+00
2.776667e+01	4.918475e-02	4.997597e+00
2.780000e+01	5.034779e-02	5.003137e+00
2.783333e+01	5.072294e-02	5.004924e+00
2.786667e+01	5.165155e-02	5.009348e+00
2.790000e+01	5.543759e-02	5.027382e+00
2.793333e+01	6.249017e-02	5.060975e+00
2.796667e+01	6.989036e-02	5.096225e+00
28	7.393963e-02	5.115513e+00
2.803333e+01	7.369001e-02	5.114324e+00
2.806667e+01	7.129252e-02	5.102904e+00
2.810000e+01	6.949477e-02	5.094340e+00
2.813333e+01	6.941127e-02	5.093943e+00
2.816667e+01	7.036432e-02	5.098482e+00
2.820000e+01	7.116195e-02	5.102282e+00
2.823333e+01	7.124264e-02	5.102666e+00
2.826667e+01	7.084715e-02	5.100782e+00
2.830000e+01	7.048916e-02	5.099077e+00
2.833333e+01	7.043532e-02	5.098821e+00
2.836667e+01	7.059962e-02	5.099603e+00
2.840000e+01	7.076028e-02	5.100368e+00
2.843333e+01	7.079208e-02	5.100520e+00
2.846667e+01	7.072434e-02	5.100197e+00
2.850000e+01	7.065253e-02	5.099855e+00
2.853333e+01	7.063502e-02	5.099772e+00
2.856667e+01	7.066270e-02	5.099904e+00
2.860000e+01	7.069465e-02	5.100056e+00
2.863333e+01	7.070386e-02	5.100100e+00
2.866667e+01	7.069267e-02	5.100046e+00
2.870000e+01	7.067852e-02	5.099979e+00
2.873333e+01	7.067382e-02	5.099957e+00
2.876667e+01	7.067829e-02	5.099978e+00
2.880000e+01	7.068453e-02	5.100008e+00
2.883333e+01	7.068687e-02	5.100019e+00
2.886667e+01	7.068511e-02	5.100010e+00
2.890000e+01	7.068237e-02	5.099997e+00
2.893333e+01	7.068123e-02	5.099992e+00
2.896667e+01	7.068191e-02	5.099995e+00
29	7.068311e-02	5.100001e+00
2.903333e+01	7.068366e-02	5.100003e+00
2.906667e+01	7.068340e-02	5.100002e+00
2.910000e+01	7.068288e-02	5.100000e+00
2.913333e+01	7.068262e-02	5.099999e+00
2.916667e+01	7.068271e-02	5.099999e+00
2.920000e+01	7.068294e-02	5.100000e+00
2.923333e+01	7.068306e-02	5.100001e+00
2.926667e+01	7.068303e-02	5.100000e+00
2.930000e+01	7.068293e-02	5.100000e+00
2.933333e+01	7.068287e-02	5.100000e+00
2.936667e+01	7.068288e-02	5.100000e+00
2.940000e+01	7.068293e-02	5.100000e+00
2.943333e+01	7.068295e-02	5.100000e+00
2.946667e+01	7.090573e-02	5.101061e+00
2.950000e+01	7.238608e-02	5.108113e+00
2.953333e+01	7.691821e-02	5.129701e+00
2.956667e+01	8.554519e-02	5.170794e+00
2.960000e+01	9.702658e-02	5.225483e+00
2.963333e+01	1.079881e-01	5.277696e+00
2.966667e+01	1.148278e-01	5.310276e+00
2.970000e+01	1.161117e-01	5.316392e+00
2.973333e+01	1.133438e-01	5.303207e+00
2.976667e+01	1.094275e-01	5.284553e+00
2.980000e+01	1.065130e-01	5.270670e+00
2.983333e+01	1.049426e-01	5.263190e+00
2.986667e+01	1.037009e-01	5.257275e+00
2.990000e+01	1.017087e-01	5.247785e+00
2.993333e+01	9.875071e-02	5.233696e+00
2.996667e+01	9.537796e-02	5.217630e+00
30	9.221211e-02	5.202550e+00
3.003333e+01	8.944894e-02	5.189388e+00
3.006667e+01	8.688760e-02	5.177188e+00
3.010000e+01	8.425494e-02	5.164648e+00
3.013333e+01	8.144998e-02	5.151287e+00
3.016667e+01	7.855024e-02	5.137474e+00
3.020000e+01	7.570486e-02	5.123921e+00
3.023333e+01	7.313100e-02	5.111661e+00
3.026667e+01	7.117595e-02	5.102348e+00
3.030000e+01	7.016584e-02	5.097537e+00
3.033333e+01	7.008018e-02	5.097129e+00
3.036667e+01	7.048267e-02	5.099046e+00
3.040000e+01	7.084702e-02	5.100782e+00
3.043333e+01	7.091776e-02	5.101119e+00
3.046667e+01	7.077217e-02	5.100425e+00
3.050000e+01	7.061883e-02	5.099695e+00
3.053333e+01	7.058172e-02	5.099518e+00
3.056667e+01	7.041768e-02	5.098737e+00
3.060000e+01	6.900479e-02	5.092006e+00
3.063333e+01	6.471466e-02	5.071571e+00
3.066667e+01	5.754423e-02	5.037416e+00
3.070000e+01	5.034232e-02	5.003111e+00
3.073333e+01	4.651758e-02	4.984893e+00
3.076667e+01	4.682976e-02	4.986380e+00
3.080000e+01	4.914689e-02	4.997417e+00
3.083333e+01	5.084509e-02	5.005506e+00
3.086667e+01	5.089649e-02	5.005751e+00
3.090000e+01	4.997563e-02	5.001365e+00
3.093333e+01	4.922195e-02	4.997775e+00
3.096667e+01	4.915732e-02	4.997467e+00
31	4.954009e-02	4.999290e+00
3.103333e+01	4.987877e-02	5.000903e+00
3.106667e+01	4.992472e-02	5.001122e+00
3.110000e+01	4.976536e-02	5.000363e+00
3.113333e+01	4.961315e-02	4.999638e+00
3.116667e+01	4.958516e-02	4.999505e+00
3.120000e+01	4.965103e-02	4.999818e+00
3.123333e+01	4.971916e-02	5.000143e+00
3.126667e+01	4.973485e-02	5.000218e+00
3.130000e+01	4.970786e-02	5.000089e+00
3.133333e+01	4.967750e-02	4.999945e+00
3.136667e+01	4.989194e-02	5.000966e+00
3.140000e+01	5.160603e-02	5.009131e+00
3.143333e+01	5.763200e-02	5.037834e+00
3.146667e+01	7.079541e-02	5.100536e+00
3.150000e+01	9.112217e-02	5.197359e+00
3.153333e+01	1.152623e-01	5.312346e+00
3.156667e+01	1.391036e-01	5.425909e+00
3.160000e+01	1.606448e-01	5.528517e+00
3.163333e+01	1.804936e-01	5.623063e+00
3.166667e+01	2.002857e-01	5.717339e+00
3.170000e+01	2.209911e-01	5.815965e+00
3.173333e+01	2.424474e-01	5.918168e+00
3.176667e+01	2.639703e-01	6.020689e+00
3.180000e+01	2.851138e-01	6.121402e+00
3.183333e+01	3.059200e-01	6.220508e+00
3.186667e+01	3.266795e-01	6.319392e+00
3.190000e+01	3.475968e-01	6.419028e+00
3.193333e+01	3.686657e-01	6.519386e+00
3.196667e+01	3.897629e-01	6.619879e+00
32	4.107949e-01	6.720060e+00
3.203333e+01	4.315363e-01	6.818858e+00
3.206667e+01	4.507815e-01	6.910529e+00
3.210000e+01	4.657440e-01	6.981800e+00
3.213333e+01	4.735902e-01	7.019174e+00
3.216667e+01	4.742727e-01	7.022425e+00
3.220000e+01	4.711294e-01	7.007453e+00
3.223333e+01	4.682754e-01	6.993858e+00
3.226667e+01	4.677210e-01	6.991218e+00
3.230000e+01	4.688643e-01	6.996663e+00
3.233333e+01	4.700687e-01	7.002400e+00
3.236667e+01	4.703601e-01	7.003788e+00
3.240000e+01	4.698985e-01	7.001590e+00
3.243333e+01	4.693683e-01	6.999064e+00
3.246667e+01	4.692172e-01	6.998344e+00
3.250000e+01	4.694044e-01	6.999236e+00
3.253333e+01	4.696391e-01	7.000354e+00
3.256667e+01	4.697161e-01	7.000721e+00
3.260000e+01	4.696412e-01	7.000364e+00
3.263333e+01	4.695377e-01	6.999871e+00
3.266667e+01	4.694992e-01	6.999688e+00
3.270000e+01	4.695288e-01	6.999828e+00
3.273333e+01	4.695743e-01	7.000045e+00
3.276667e+01	4.695931e-01	7.000135e+00
3.280000e+01	4.695817e-01	7.000080e+00
3.283333e+01	4.695618e-01	6.999985e+00
3.286667e+01	4.695527e-01	6.999942e+00
3.290000e+01	4.695570e-01	6.999963e+00
3.293333e+01	4.695657e-01	7.000004e+00
3.296667e+01	4.695700e-01	7.000025e+00
33	4.695684e-01	7.000017e+00
3.303333e+01	4.695647e-01	6.999999e+00
3.306667e+01	4.695626e-01	6.999990e+00
3.310000e+01	4.695632e-01	6.999992e+00
3.313333e+01	4.695648e-01	7.000000e+00
3.316667e+01	4.695657e-01	7.000004e+00
3.320000e+01	4.695656e-01	7.000004e+00
3.323333e+01	4.695649e-01	7.000000e+00
3.326667e+01	4.697872e-01	7.001059e+00
3.330000e+01	4.712676e-01	7.008111e+00
3.333333e+01	4.755773e-01	7.028639e+00
3.336667e+01	4.824270e-01	7.061267e+00
3.340000e+01	4.873282e-01	7.084613e+00
3.343333e+01	4.831263e-01	7.064598e+00
3.346667e+01	4.652781e-01	6.979581e+00
3.350000e+01	4.358660e-01	6.839482e+00
3.353333e+01	4.019779e-01	6.678062e+00
3.356667e+01	3.701315e-01	6.526368e+00
3.360000e+01	3.423273e-01	6.393928e+00
3.363333e+01	3.166170e-01	6.271461e+00
3.366667e+01	2.902950e-01	6.146081e+00
3.370000e+01	2.623066e-01	6.012764e+00
3.373333e+01	2.333593e-01	5.874879e+00
3.376667e+01	2.046148e-01	5.737960e+00
3.380000e+01	1.765821e-01	5.604431e+00
3.383333e+01	1.489928e-01	5.473015e+00
3.386667e+01	1.216391e-01	5.342720e+00
3.390000e+01	9.595465e-02	5.220377e+00
3.393333e+01	7.581129e-02	5.124428e+00
3.396667e+01	6.521127e-02	5.073937e+00
34	6.430369e-02	5.069614e+00
3.403333e+01	6.857664e-02	5.089967e+00
3.406667e+01	7.244522e-02	5.108394e+00
3.410000e+01	7.318692e-02	5.111927e+00
3.413333e+01	7.162802e-02	5.104502e+00
3.416667e+01	6.999351e-02	5.096716e+00
3.420000e+01	6.960223e-02	5.094852e+00
3.423333e+01	7.023210e-02	5.097853e+00
3.426667e+01	7.095206e-02	5.101282e+00
3.430000e+01	7.115535e-02	5.102250e+00
3.433333e+01	7.089984e-02	5.101033e+00
3.436667e+01	7.058100e-02	5.099514e+00
3.440000e+01	7.047718e-02	5.099020e+00
3.443333e+01	7.057953e-02	5.099507e+00
3.446667e+01	7.072024e-02	5.100178e+00
3.450000e+01	7.077211e-02	5.100425e+00
3.453333e+01	7.073172e-02	5.100232e+00
3.456667e+01	7.066990e-02	5.099938e+00
3.460000e+01	7.064446e-02	5.099817e+00
3.463333e+01	7.066011e-02	5.099891e+00
3.466667e+01	7.077627e-02	5.100445e+00
3.470000e+01	7.169261e-02	5.104809e+00
3.473333e+01	7.579483e-02	5.124350e+00
3.476667e+01	8.705920e-02	5.178005e+00
3.480000e+01	1.083449e-01	5.279396e+00
3.483333e+01	1.383367e-01	5.422256e+00
3.486667e+01	1.720252e-01	5.582725e+00
3.490000e+01	2.044873e-01	5.737352e+00
3.493333e+01	2.339645e-01	5.877761e+00
3.496667e+01	2.617249e-01	6.009993e+00
35	2.897970e-01	6.143709e+00
3.503333e+01	3.190863e-01	6.283224e+00
3.506667e+01	3.491540e-01	6.426446e+00
3.510000e+01	3.791354e-01	6.569256e+00
3.513333e+01	4.086008e-01	6.709609e+00
3.516667e+01	4.373979e-01	6.846779e+00
3.520000e+01	4.641394e-01	6.974157e+00
3.523333e+01	4.852898e-01	7.074903e+00
3.526667e+01	4.978557e-01	7.134758e+00
3.530000e+01	5.032116e-01	7.160270e+00
3.533333e+01	5.059712e-01	7.173415e+00
3.536667e+01	5.093285e-01	7.189407e+00
3.540000e+01	5.138068e-01	7.210739e+00
3.543333e+01	5.194060e-01	7.237410e+00
3.546667e+01	5.257293e-01	7.267529e+00
3.550000e+01	5.301539e-01	7.288605e+00
3.553333e+01	5.289626e-01	7.282931e+00
3.556667e+01	5.216790e-01	7.248237e+00
3.560000e+01	5.085018e-01	7.185469e+00
3.563333e+01	4.747467e-01	7.024683e+00
3.566667e+01	3.901071e-01	6.621518e+00
3.570000e+01	2.486957e-01	5.947931e+00
3.573333e+01	1.004283e-01	5.241687e+00
3.576667e+01	1.373359e-02	4.828732e+00
3.580000e+01	1.065499e-02	4.814068e+00
3.583333e+01	5.401541e-02	5.020607e+00
3.586667e+01	9.068244e-02	5.195264e+00
3.590000e+01	9.561473e-02	5.218758e+00
3.593333e+01	7.879643e-02	5.138647e+00
3.596667e+01	6.254248e-02	5.061224e+00
36	5.809747e-02	5.040052e+00
3.603333e+01	6.067536e-02	5.052331e+00
3.606667e+01	6.088232e-02	5.053317e+00
3.610000e+01	5.683416e-02	5.034034e+00
3.613333e+01	5.450630e-02	5.022946e+00
3.616667e+01	5.909260e-02	5.044792e+00
3.620000e+01	7.007946e-02	5.097125e+00
3.623333e+01	8.515051e-02	5.168914e+00
3.626667e+01	1.047339e-01	5.262196e+00
3.630000e+01	1.304276e-01	5.384583e+00
3.633333e+01	1.613283e-01	5.531772e+00
3.636667e+01	1.939660e-01	5.687236e+00
3.640000e+01	2.251915e-01	5.835973e+00
3.643333e+01	2.542466e-01	5.974371e+00
3.646667e+01	2.823400e-01	6.108189e+00
3.650000e+01	3.109007e-01	6.244233e+00
3.653333e+01	3.403813e-01	6.384658e+00
3.656667e+01	3.703198e-01	6.527265e+00
3.660000e+01	4.000903e-01	6.669071e+00
3.663333e+01	4.294647e-01	6.808991e+00
3.666667e+01	4.583118e-01	6.946398e+00
3.670000e+01	4.851453e-01	7.074215e+00
3.673333e+01	5.061165e-01	7.174107e+00
3.676667e+01	5.171833e-01	7.226822e+00
3.680000e+01	5.181899e-01	7.231616e+00
3.683333e+01	5.137821e-01	7.210621e+00
3.686667e+01	5.097514e-01	7.191421e+00
3.690000e+01	5.089517e-01	7.187612e+00
3.693333e+01	5.063210e-01	7.175082e+00
3.696667e+01	4.794496e-01	7.047084e+00
37	3.950300e-01	6.644967e+00
3.703333e+01	2.499794e-01	5.954045e+00
3.706667e+01	9.866887e-02	5.233306e+00
3.710000e+01	1.162437e-02	4.818685e+00
3.713333e+01	1.000657e-02	4.810979e+00
3.716667e+01	5.471820e-02	5.023955e+00
3.720000e+01	9.160912e-02	5.199678e+00
3.723333e+01	9.593908e-02	5.220303e+00
3.726667e+01	7.851694e-02	5.137316e+00
3.730000e+01	6.265457e-02	5.061758e+00
3.733333e+01	6.220843e-02	5.059633e+00
3.736667e+01	7.738174e-02	5.131909e+00
3.740000e+01	1.021274e-01	5.249780e+00
3.743333e+01	1.307783e-01	5.386253e+00
3.746667e+01	1.600311e-01	5.525593e+00
3.750000e+01	1.886113e-01	5.661730e+00
3.753333e+01	2.164978e-01	5.794562e+00
3.756667e+01	2.441576e-01	5.926315e+00
3.760000e+01	2.719721e-01	6.058804e+00
3.763333e+01	3.000132e-01	6.192372e+00
3.766667e+01	3.281404e-01	6.326351e+00
3.770000e+01	3.562075e-01	6.460043e+00
3.773333e+01	3.841796e-01	6.593283e+00
3.776667e+01	4.121124e-01	6.726336e+00
3.780000e+01	4.397721e-01	6.858088e+00
3.783333e+01	4.654995e-01	6.980636e+00
3.786667e+01	4.854999e-01	7.075904e+00
3.790000e+01	4.959624e-01	7.125740e+00
3.793333e+01	4.968440e-01	7.129940e+00
3.796667e+01	4.926301e-01	7.109867e+00
38	4.888231e-01	7.091733e+00
3.803333e+01	4.880958e-01	7.088269e+00
3.806667e+01	4.896305e-01	7.095579e+00
3.810000e+01	4.912377e-01	7.103235e+00
3.813333e+01	4.916213e-01	7.105062e+00
3.816667e+01	4.910012e-01	7.102108e+00
3.820000e+01	4.902934e-01	7.098737e+00
3.823333e+01	4.900940e-01	7.097787e+00
3.826667e+01	4.903456e-01	7.098986e+00
3.830000e+01	4.903408e-01	7.098963e+00
3.833333e+01	4.880096e-01	7.087858e+00
3.836667e+01	4.793195e-01	7.046465e+00
3.840000e+01	4.603824e-01	6.956261e+00
3.843333e+01	4.312870e-01	6.817671e+00
3.846667e+01	3.968324e-01	6.653553e+00
3.850000e+01	3.628311e-01	6.491594e+00
3.853333e+01	3.320854e-01	6.345142e+00
3.856667e+01	3.037183e-01	6.210021e+00
3.860000e+01	2.754188e-01	6.075221e+00
3.863333e+01	2.458266e-01	5.934264e+00
3.866667e+01	2.151790e-01	5.788280e+00
3.870000e+01	1.844428e-01	5.641874e+00
3.873333e+01	1.542439e-01	5.498027e+00
3.876667e+01	1.248376e-01	5.357956e+00
3.880000e+01	9.760966e-02	5.228260e+00
3.883333e+01	7.631414e-02	5.126823e+00
3.886667e+01	6.501488e-02	5.073001e+00
3.890000e+01	6.392253e-02	5.067798e+00
3.893333e+01	6.837262e-02	5.088995e+00
3.896667e+01	7.248579e-02	5.108588e+00
39	7.332943e-02	5.112606e+00
3.903333e+01	7.171614e-02	5.104922e+00
3.906667e+01	6.998153e-02	5.096659e+00
3.910000e+01	6.954252e-02	5.094568e+00
3.913333e+01	7.019216e-02	5.097662e+00
3.916667e+01	7.095508e-02	5.101296e+00
3.920000e+01	7.118078e-02	5.102371e+00
3.923333e+01	7.091813e-02	5.101120e+00
3.926667e+01	7.058073e-02	5.099513e+00
3.930000e+01	7.046640e-02	5.098969e+00
3.933333e+01	7.057118e-02	5.099468e+00
3.936667e+01	7.071988e-02	5.100176e+00
3.940000e+01	7.077665e-02	5.100446e+00
3.943333e+01	7.073552e-02	5.100250e+00
3.946667e+01	7.067026e-02	5.099940e+00
3.950000e+01	7.064256e-02	5.099808e+00
3.953333e+01	7.065840e-02	5.099883e+00
3.956667e+01	7.068690e-02	5.100019e+00
3.960000e+01	7.070024e-02	5.100082e+00
3.963333e+01	7.069429e-02	5.100054e+00
3.966667e+01	7.068189e-02	5.099995e+00
3.970000e+01	7.067555e-02	5.099965e+00
3.973333e+01	7.067771e-02	5.099975e+00
3.976667e+01	7.068307e-02	5.100001e+00
3.980000e+01	7.068606e-02	5.100015e+00
3.983333e+01	7.068532e-02	5.100011e+00
3.986667e+01	7.068300e-02	5.100000e+00
3.990000e+01	7.068161e-02	5.099994e+00
3.993333e+01	7.068184e-02	5.099995e+00
3.996667e+01	7.068284e-02	5.100000e+00
40	7.068348e-02	5.100003e+00
4.003333e+01	7.068342e-02	5.100002e+00
4.006667e+01	7.068300e-02	5.100000e+00
4.010000e+01	7.068270e-02	5.099999e+00
4.013333e+01	7.068271e-02	5.099999e+00
4.016667e+01	7.068289e-02	5.100000e+00
4.020000e+01	7.068302e-02	5.100000e+00
4.023333e+01	7.068303e-02	5.100000e+00
4.026667e+01	7.068295e-02	5.100000e+00
4.030000e+01	7.068289e-02	5.100000e+00
4.033333e+01	7.068289e-02	5.100000e+00
4.036667e+01	7.097996e-02	5.101415e+00
4.040000e+01	7.325086e-02	5.112232e+00
4.043333e+01	8.126753e-02	5.150418e+00
4.046667e+01	9.881300e-02	5.233992e+00
4.050000e+01	1.259212e-01	5.363117e+00
4.053333e+01	1.581160e-01	5.516471e+00
4.056667e+01	1.899072e-01	5.667903e+00
4.060000e+01	2.186266e-01	5.804702e+00
4.063333e+01	2.450882e-01	5.930747e+00
4.066667e+01	2.714762e-01	6.056442e+00
4.070000e+01	2.990843e-01	6.187948e+00
4.073333e+01	3.276942e-01	6.324225e+00
4.076667e+01	3.563921e-01	6.460923e+00
4.080000e+01	3.845831e-01	6.595205e+00
4.083333e+01	4.123240e-01	6.727344e+00
4.086667e+01	4.397059e-01	6.857773e+00
4.090000e+01	4.653250e-01	6.979804e+00
4.093333e+01	4.854005e-01	7.075430e+00
4.096667e+01	4.959848e-01	7.125847e+00
41	4.969191e-01	7.130297e+00
4.103333e+01	4.926764e-01	7.110088e+00
4.106667e+01	4.888162e-01	7.091700e+00
4.110000e+01	4.880636e-01	7.088116e+00
4.113333e+01	4.893863e-01	7.094416e+00
4.116667e+01	4.895362e-01	7.095130e+00
4.120000e+01	4.856225e-01	7.076488e+00
4.123333e+01	4.778519e-01	7.039474e+00
4.126667e+01	4.699621e-01	7.001892e+00
4.130000e+01	4.659421e-01	6.982744e+00
4.133333e+01	4.664977e-01	6.985390e+00
4.136667e+01	4.691194e-01	6.997878e+00
4.140000e+01	4.709172e-01	7.006442e+00
4.143333e+01	4.708711e-01	7.006223e+00
4.146667e+01	4.698159e-01	7.001196e+00
4.150000e+01	4.690125e-01	6.997369e+00
4.153333e+01	4.689863e-01	6.997244e+00
4.156667e+01	4.694281e-01	6.999349e+00
4.160000e+01	4.697912e-01	7.001078e+00
4.163333e+01	4.698222e-01	7.001226e+00
4.166667e+01	4.696370e-01	7.000344e+00
4.170000e+01	4.694730e-01	6.999563e+00
4.173333e+01	4.694507e-01	6.999456e+00
4.176667e+01	4.695278e-01	6.999824e+00
4.180000e+01	4.696015e-01	7.000175e+00
4.183333e+01	4.696152e-01	7.000240e+00
4.186667e+01	4.695833e-01	7.000088e+00
4.190000e+01	4.695503e-01	6.999931e+00
4.193333e+01	4.695427e-01	6.999895e+00
4.196667e+01	4.695557e-01	6.999957e+00
42	4.695704e-01	7.000027e+00
4.203333e+01	4.695745e-01	7.000046e+00
4.206667e+01	4.695692e-01	7.000021e+00
4.210000e+01	4.695627e-01	6.999990e+00
4.213333e+01	4.695606e-01	6.999980e+00
4.216667e+01	4.695627e-01	6.999990e+00
4.220000e+01	4.695656e-01	7.000004e+00
4.223333e+01	4.695666e-01	7.000009e+00
4.226667e+01	4.695658e-01	7.000005e+00
4.230000e+01	4.695645e-01	6.999999e+00
4.233333e+01	4.695640e-01	6.999996e+00
4.236667e+01	4.695643e-01	6.999998e+00
4.240000e+01	4.695649e-01	7.000000e+00
4.243333e+01	4.695651e-01	7.000002e+00
4.246667e+01	4.695650e-01	7.000001e+00
4.250000e+01	4.695648e-01	7.000000e+00
4.253333e+01	4.695647e-01	6.999999e+00
4.256667e+01	4.695647e-01	7.000000e+00
4.260000e+01	4.695648e-01	7.000000e+00
4.263333e+01	4.695649e-01	7.000000e+00
4.266667e+01	4.693421e-01	6.998939e+00
4.270000e+01	4.678617e-01	6.991887e+00
4.273333e+01	4.635523e-01	6.971360e+00
4.276667e+01	4.564057e-01	6.937319e+00
4.280000e+01	4.492337e-01	6.903156e+00
4.283333e+01	4.454187e-01	6.884985e+00
4.286667e+01	4.457214e-01	6.886426e+00
4.290000e+01	4.480253e-01	6.897401e+00
4.293333e+01	4.497186e-01	6.905466e+00
4.296667e+01	4.497738e-01	6.905729e+00
43	4.488587e-01	6.901370e+00
4.303333e+01	4.481074e-01	6.897792e+00
4.306667e+01	4.480413e-01	6.897477e+00
4.310000e+01	4.486444e-01	6.900349e+00
4.313333e+01	4.502395e-01	6.907947e+00
4.316667e+01	4.533377e-01	6.922705e+00
4.320000e+01	4.574971e-01	6.942518e+00
4.323333e+01	4.616802e-01	6.962443e+00
4.326667e+01	4.654416e-01	6.980360e+00
4.330000e+01	4.685614e-01	6.995220e+00
4.333333e+01	4.704429e-01	7.004183e+00
4.336667e+01	4.707666e-01	7.005725e+00
4.340000e+01	4.700741e-01	7.002426e+00
4.343333e+01	4.693208e-01	6.998837e+00
4.346667e+01	4.690934e-01	6.997755e+00
4.350000e+01	4.693342e-01	6.998901e+00
4.353333e+01	4.696525e-01	7.000418e+00
4.356667e+01	4.697656e-01	7.000957e+00
4.360000e+01	4.696721e-01	7.000511e+00
4.363333e+01	4.695334e-01	6.999850e+00
4.366667e+01	4.694781e-01	6.999587e+00
4.370000e+01	4.695146e-01	6.999761e+00
4.373333e+01	4.695753e-01	7.000050e+00
4.376667e+01	4.696021e-01	7.000178e+00
4.380000e+01	4.695750e-01	7.000049e+00
4.383333e+01	4.694484e-01	6.999445e+00
4.386667e+01	4.690819e-01	6.997700e+00
4.390000e+01	4.683130e-01	6.994037e+00
4.393333e+01	4.671285e-01	6.988395e+00
4.396667e+01	4.657143e-01	6.981659e+00
44	4.643099e-01	6.974969e+00
4.403333e+01	4.630379e-01	6.968910e+00
4.406667e+01	4.618676e-01	6.963336e+00
4.410000e+01	4.607040e-01	6.957793e+00
4.413333e+01	4.594882e-01	6.952002e+00
4.416667e+01	4.582273e-01	6.945996e+00
4.420000e+01	4.569610e-01	6.939964e+00
4.423333e+01	4.557164e-01	6.934036e+00
4.426667e+01	4.544919e-01	6.928203e+00
4.430000e+01	4.532708e-01	6.922387e+00
4.433333e+01	4.520408e-01	6.916527e+00
4.436667e+01	4.508148e-01	6.910688e+00
4.440000e+01	4.496740e-01	6.905254e+00
4.443333e+01	4.487903e-01	6.901044e+00
4.446667e+01	4.483311e-01	6.898857e+00
4.450000e+01	4.485175e-01	6.899745e+00
4.453333e+01	4.501845e-01	6.907685e+00
4.456667e+01	4.546609e-01	6.929008e+00
4.460000e+01	4.618384e-01	6.963197e+00
4.463333e+01	4.689424e-01	6.997035e+00
4.466667e+01	4.724640e-01	7.013810e+00
4.470000e+01	4.706646e-01	7.005239e+00
4.473333e+01	4.640788e-01	6.973869e+00
4.476667e+01	4.550472e-01	6.930848e+00
4.480000e+01	4.463482e-01	6.889412e+00
4.483333e+01	4.391278e-01	6.855019e+00
4.486667e+01	4.327985e-01	6.824871e+00
4.490000e+01	4.265118e-01	6.794925e+00
4.493333e+01	4.192595e-01	6.760380e+00
4.496667e+01	4.091785e-01	6.712361e+00
45	3.947323e-01	6.643549e+00
4.503333e+01	3.774999e-01	6.561466e+00
4.506667e+01	3.621162e-01	6.488188e+00
4.510000e+01	3.519732e-01	6.439874e+00
4.513333e+01	3.457556e-01	6.410258e+00
4.516667e+01	3.343426e-01	6.355894e+00
4.520000e+01	2.967238e-01	6.176704e+00
4.523333e+01	2.119899e-01	5.773089e+00
4.526667e+01	9.085152e-02	5.196069e+00
4.530000e+01	-1.715844e-02	4.681584e+00
4.533333e+01	-6.537621e-02	4.451907e+00
4.536667e+01	-5.235966e-02	4.513909e+00
4.540000e+01	-1.583517e-02	4.687887e+00
4.543333e+01	6.315740e-03	4.793399e+00
4.546667e+01	3.644016e-03	4.780673e+00
4.550000e+01	-9.690906e-03	4.717154e+00
4.553333e+01	-1.537317e-02	4.690088e+00
4.556667e+01	-7.334049e-03	4.728381e+00
4.560000e+01	7.997540e-03	4.801410e+00
4.563333e+01	2.308737e-02	4.873287e+00
4.566667e+01	3.747014e-02	4.941797e+00
4.570000e+01	5.524138e-02	5.026447e+00
4.573333e+01	7.845938e-02	5.137042e+00
4.576667e+01	1.049456e-01	5.263204e+00
4.580000e+01	1.310488e-01	5.387541e+00
4.583333e+01	1.549223e-01	5.501258e+00
4.586667e+01	1.772062e-01	5.607404e+00
4.590000e+01	1.995020e-01	5.713606e+00
4.593333e+01	2.227217e-01	5.824208e+00
4.596667e+01	2.466651e-01	5.938259e+00
46	2.706476e-01	6.052495e+00
4.603333e+01	2.942433e-01	6.164888e+00
4.606667e+01	3.172625e-01	6.274536e+00
4.610000e+01	3.385922e-01	6.376136e+00
4.613333e+01	3.519778e-01	6.439896e+00
4.616667e+01	3.389558e-01	6.377868e+00
4.620000e+01	2.759493e-01	6.077748e+00
4.623333e+01	1.654630e-01	5.551467e+00
4.626667e+01	5.204442e-02	5.011219e+00
4.630000e+01	-1.208360e-02	4.705757e+00
4.633333e+01	-1.352178e-02	4.698906e+00
4.636667e+01	1.803694e-02	4.849231e+00
4.640000e+01	4.368210e-02	4.971387e+00
4.643333e+01	4.629069e-02	4.983812e+00
4.646667e+01	3.387654e-02	4.924680e+00
4.650000e+01	2.266353e-02	4.871268e+00
4.653333e+01	2.097889e-02	4.863244e+00
4.656667e+01	2.610575e-02	4.887665e+00
4.660000e+01	3.088933e-02	4.910451e+00
4.663333e+01	3.039348e-02	4.908089e+00
4.666667e+01	2.396867e-02	4.877485e+00
4.670000e+01	1.458508e-02	4.832788e+00
4.673333e+01	6.870937e-03	4.796043e+00
4.676667e+01	4.143628e-03	4.783052e+00
4.680000e+01	6.922115e-03	4.796287e+00
4.683333e+01	1.382102e-02	4.829149e+00
4.686667e+01	2.231109e-02	4.869590e+00
4.690000e+01	2.909728e-02	4.901914e+00
4.693333e+01	3.185139e-02	4.915033e+00
4.696667e+01	3.093725e-02	4.910679e+00
47	2.876173e-02	4.900316e+00
4.703333e+01	2.752133e-02	4.894408e+00
4.706667e+01	2.774864e-02	4.895490e+00
4.710000e+01	2.862480e-02	4.899664e+00
4.713333e+01	2.918225e-02	4.902319e+00
4.716667e+01	2.934074e-02	4.903074e+00
4.720000e+01	3.045002e-02	4.908358e+00
4.723333e+01	3.450441e-02	4.927670e+00
4.726667e+01	4.166435e-02	4.961775e+00
4.730000e+01	4.899414e-02	4.996689e+00
4.733333e+01	5.292579e-02	5.015417e+00
4.736667e+01	5.262403e-02	5.013980e+00
4.740000e+01	5.025337e-02	5.002688e+00
4.743333e+01	4.850690e-02	4.994369e+00
4.746667e+01	4.844837e-02	4.994090e+00
4.750000e+01	4.939148e-02	4.998582e+00
4.753333e+01	5.016684e-02	5.002275e+00
4.756667e+01	5.023572e-02	5.002603e+00
4.760000e+01	4.984376e-02	5.000736e+00
4.763333e+01	4.949539e-02	4.999077e+00
4.766667e+01	4.944710e-02	4.998847e+00
4.770000e+01	4.961021e-02	4.999624e+00
4.773333e+01	4.976674e-02	5.000370e+00
4.776667e+01	4.979596e-02	5.000509e+00
4.780000e+01	4.972858e-02	5.000188e+00
4.783333e+01	4.965854e-02	4.999854e+00
4.786667e+01	4.964222e-02	4.999776e+00
4.790000e+01	4.966981e-02	4.999908e+00
4.793333e+01	4.970101e-02	5.000056e+00
4.796667e+01	4.970967e-02	5.000098e+00
48	4.969849e-02	5.000044e+00
4.803333e+01	4.968466e-02	4.999979e+00
4.806667e+01	4.968021e-02	4.999957e+00
4.810000e+01	4.968469e-02	4.999979e+00
4.813333e+01	4.969079e-02	5.000008e+00
4.816667e+01	4.969302e-02	5.000018e+00
4.820000e+01	4.946847e-02	4.998949e+00
4.823333e+01	4.798542e-02	4.991885e+00
4.826667e+01	4.367497e-02	4.971353e+00
4.830000e+01	3.652905e-02	4.937314e+00
4.833333e+01	2.935819e-02	4.903157e+00
4.836667e+01	2.554377e-02	4.884988e+00
4.840000e+01	2.584616e-02	4.886428e+00
4.843333e+01	2.814960e-02	4.897400e+00
4.846667e+01	2.984266e-02	4.905465e+00
4.850000e+01	2.989791e-02	4.905728e+00
4.853333e+01	2.898306e-02	4.901370e+00
4.856667e+01	2.823189e-02	4.897792e+00
4.860000e+01	2.816577e-02	4.897477e+00
4.863333e+01	2.854592e-02	4.899288e+00
4.866667e+01	2.888339e-02	4.900896e+00
4.870000e+01	2.892990e-02	4.901117e+00
4.873333e+01	2.877168e-02	4.900364e+00
4.876667e+01	2.862005e-02	4.899641e+00
4.880000e+01	2.859186e-02	4.899507e+00
4.883333e+01	2.865723e-02	4.899818e+00
4.886667e+01	2.872508e-02	4.900142e+00
4.890000e+01	2.874084e-02	4.900217e+00
4.893333e+01	2.871407e-02	4.900089e+00
4.896667e+01	2.890663e-02	4.901006e+00
49	3.037862e-02	4.908018e+00
4.903333e+01	3.489255e-02	4.929519e+00
4.906667e+01	4.353357e-02	4.970679e+00
4.910000e+01	5.593816e-02	5.029766e+00
4.913333e+01	7.119147e-02	5.102422e+00
4.916667e+01	8.856216e-02	5.185164e+00
4.920000e+01	1.072527e-01	5.274193e+00
4.923333e+01	1.262945e-01	5.364895e+00
4.926667e+01	1.449719e-01	5.453862e+00
4.930000e+01	1.631456e-01	5.540429e+00
4.933333e+01	1.811058e-01	5.625979e+00
4.936667e+01	1.991761e-01	5.712053e+00
4.940000e+01	2.174539e-01	5.799116e+00
4.943333e+01	2.358327e-01	5.886660e+00
4.946667e+01	2.541721e-01	5.974017e+00
4.950000e+01	2.724225e-01	6.060949e+00
4.953333e+01	2.906256e-01	6.147656e+00
4.956667e+01	3.088427e-01	6.234430e+00
4.960000e+01	3.270981e-01	6.321386e+00
4.963333e+01	3.453758e-01	6.408449e+00
4.966667e+01	3.636487e-01	6.495488e+00
4.970000e+01	3.819052e-01	6.582450e+00
4.973333e+01	4.001513e-01	6.669362e+00
4.976667e+01	4.183988e-01	6.756280e+00
4.980000e+01	4.364597e-01	6.842310e+00
4.983333e+01	4.532381e-01	6.922231e+00
4.986667e+01	4.662689e-01	6.984300e+00
4.990000e+01	4.730822e-01	7.016754e+00
4.993333e+01	4.736568e-01	7.019491e+00
4.996667e+01	4.709140e-01	7.006427e+00
50	4.684357e-01	6.994622e+00
5.003333e+01	4.637290e-01	6.972202e+00
5.006667e+01	4.363778e-01	6.841920e+00
5.010000e+01	3.540659e-01	6.449842e+00
5.013333e+01	2.139980e-01	5.782655e+00
5.016667e+01	6.869894e-02	5.090550e+00
5.020000e+01	-1.572714e-02	4.688402e+00
5.023333e+01	-2.106819e-02	4.662961e+00
5.026667e+01	1.600111e-02	4.839533e+00
5.030000e+01	4.686710e-02	4.986558e+00
5.033333e+01	4.997735e-02	5.001373e+00
5.036667e+01	3.488455e-02	4.929481e+00
5.040000e+01	2.129829e-02	4.864765e+00
5.043333e+01	1.931339e-02	4.855311e+00
5.046667e+01	2.558277e-02	4.885174e+00
5.050000e+01	3.166420e-02	4.914141e+00
5.053333e+01	3.283539e-02	4.919720e+00
5.056667e+01	3.024519e-02	4.907382e+00
5.060000e+01	2.752559e-02	4.894428e+00
5.063333e+01	2.687701e-02	4.891339e+00
5.066667e+01	2.793677e-02	4.896387e+00
5.070000e+01	2.914753e-02	4.902154e+00
5.073333e+01	2.949037e-02	4.903787e+00
5.076667e+01	2.906129e-02	4.901743e+00
5.080000e+01	2.852471e-02	4.899187e+00
5.083333e+01	2.834932e-02	4.898352e+00
5.086667e+01	2.852097e-02	4.899169e+00
5.090000e+01	2.898051e-02	4.901358e+00
5.093333e+01	3.054847e-02	4.908827e+00
5.096667e+01	3.479013e-02	4.929031e+00
51	4.183274e-02	4.962577e+00
5.103333e+01	4.896183e-02	4.996536e+00
5.106667e+01	5.280299e-02	5.014832e+00
5.110000e+01	5.254583e-02	5.013607e+00
5.113333e+01	5.026263e-02	5.002732e+00
5.116667e+01	4.855939e-02	4.994619e+00
5.120000e+01	4.848443e-02	4.994262e+00
5.123333e+01	4.938960e-02	4.998573e+00
5.126667e+01	5.014453e-02	5.002169e+00
5.130000e+01	5.021920e-02	5.002525e+00
5.133333e+01	4.984363e-02	5.000736e+00
5.136667e+01	4.950483e-02	4.999122e+00
5.140000e+01	4.945462e-02	4.998883e+00
5.143333e+01	4.961070e-02	4.999626e+00
5.146667e+01	4.976277e-02	5.000351e+00
5.150000e+01	4.979255e-02	5.000493e+00
5.153333e+01	4.972818e-02	5.000186e+00
5.156667e+01	4.966019e-02	4.999862e+00
5.160000e+01	4.964375e-02	4.999784e+00
5.163333e+01	4.967007e-02	4.999909e+00
5.166667e+01	4.970032e-02	5.000053e+00
5.170000e+01	4.970899e-02	5.000095e+00
5.173333e+01	4.969834e-02	5.000044e+00
5.176667e+01	4.968494e-02	4.999980e+00
5.180000e+01	4.968051e-02	4.999959e+00
5.183333e+01	4.968477e-02	4.999979e+00
5.186667e+01	4.969068e-02	5.000007e+00
5.190000e+01	4.969289e-02	5.000018e+00
5.193333e+01	4.969121e-02	5.000010e+00
5.196667e+01	4.968861e-02	4.999997e+00
52	4.968753e-02	4.999992e+00
5.203333e+01	4.968818e-02	4.999995e+00
5.206667e+01	4.968932e-02	5.000001e+00
5.210000e+01	4.968984e-02	5.000003e+00
5.213333e+01	4.968959e-02	5.000002e+00
5.216667e+01	4.968910e-02	5.000000e+00
5.220000e+01	4.946607e-02	4.998937e+00
5.223333e+01	4.798579e-02	4.991886e+00
5.226667e+01	4.367665e-02	4.971361e+00
5.230000e+01	3.653016e-02	4.937320e+00
5.233333e+01	2.935809e-02	4.903157e+00
5.236667e+01	2.554305e-02	4.884985e+00
5.240000e+01	2.584565e-02	4.886426e+00
5.243333e+01	2.814961e-02	4.897400e+00
5.246667e+01	2.984296e-02	4.905466e+00
5.250000e+01	2.989814e-02	4.905729e+00
5.253333e+01	2.898307e-02	4.901370e+00
5.256667e+01	2.824569e-02	4.897858e+00
5.260000e+01	2.828604e-02	4.898050e+00
5.263333e+01	2.904207e-02	4.901651e+00
5.266667e+01	3.020204e-02	4.907177e+00
5.270000e+01	3.151924e-02	4.913451e+00
5.273333e+01	3.287011e-02	4.919886e+00
5.276667e+01	3.420866e-02	4.926262e+00
5.280000e+01	3.552669e-02	4.932540e+00
5.283333e+01	3.683247e-02	4.938760e+00
5.286667e+01	3.813728e-02	4.944975e+00
5.290000e+01	3.944717e-02	4.951214e+00
5.293333e+01	4.076147e-02	4.957475e+00
5.296667e+01	4.207646e-02	4.963738e+00
53	4.338953e-02	4.969993e+00
5.303333e+01	4.470075e-02	4.976239e+00
5.306667e+01	4.601161e-02	4.982483e+00
5.310000e+01	4.730932e-02	4.988664e+00
5.313333e+01	4.851535e-02	4.994409e+00
5.316667e+01	4.945223e-02	4.998871e+00
5.320000e+01	4.994212e-02	5.001205e+00
5.323333e+01	4.998340e-02	5.001402e+00
5.326667e+01	4.978614e-02	5.000462e+00
5.330000e+01	4.960792e-02	4.999613e+00
5.333333e+01	4.957387e-02	4.999451e+00
5.336667e+01	4.964570e-02	4.999793e+00
5.340000e+01	4.972093e-02	5.000151e+00
5.343333e+01	4.973889e-02	5.000237e+00
5.346667e+01	4.970987e-02	5.000099e+00
5.350000e+01	4.967674e-02	4.999941e+00
5.353333e+01	4.966740e-02	4.999896e+00
5.356667e+01	4.967918e-02	4.999953e+00
5.360000e+01	4.947107e-02	4.998961e+00
5.363333e+01	4.799547e-02	4.991932e+00
5.366667e+01	4.368140e-02	4.971383e+00
5.370000e+01	3.652831e-02	4.937311e+00
5.373333e+01	2.957668e-02	4.904198e+00
5.376667e+01	2.724396e-02	4.893087e+00
5.380000e+01	3.166573e-02	4.914149e+00
5.383333e+01	3.986418e-02	4.953201e+00
5.386667e+01	4.519141e-02	4.978576e+00
5.390000e+01	4.344112e-02	4.970239e+00
5.393333e+01	3.698966e-02	4.939508e+00
5.396667e+01	3.181177e-02	4.914844e+00
54	3.162553e-02	4.913957e+00
5.403333e+01	3.566184e-02	4.933184e+00
5.406667e+01	4.078550e-02	4.957589e+00
5.410000e+01	4.462456e-02	4.975876e+00
5.413333e+01	4.691097e-02	4.986767e+00
5.416667e+01	4.872192e-02	4.995393e+00
5.420000e+01	5.104537e-02	5.006460e+00
5.423333e+01	5.404148e-02	5.020732e+00
5.426667e+01	5.727023e-02	5.036111e+00
5.430000e+01	6.029389e-02	5.050514e+00
5.433333e+01	6.302170e-02	5.063507e+00
5.436667e+01	6.582792e-02	5.076874e+00
5.440000e+01	6.999765e-02	5.096736e+00
5.443333e+01	7.780914e-02	5.133944e+00
5.446667e+01	9.061262e-02	5.194931e+00
5.450000e+01	1.065492e-01	5.270842e+00
5.453333e+01	1.214177e-01	5.341666e+00
5.456667e+01	1.316623e-01	5.390464e+00
5.460000e+01	1.361322e-01	5.411756e+00
5.463333e+01	1.361048e-01	5.411625e+00
5.466667e+01	1.340059e-01	5.401627e+00
5.470000e+01	1.311303e-01	5.387930e+00
5.473333e+01	1.265092e-01	5.365918e+00
5.476667e+01	1.183448e-01	5.327029e+00
5.480000e+01	1.059593e-01	5.268033e+00
5.483333e+01	9.074682e-02	5.195571e+00
5.486667e+01	7.644678e-02	5.127455e+00
5.490000e+01	6.750760e-02	5.084875e+00
5.493333e+01	6.565117e-02	5.076032e+00
5.496667e+01	6.843137e-02	5.089275e+00
55	7.162856e-02	5.104504e+00
5.503333e+01	7.264797e-02	5.109360e+00
5.506667e+01	7.167305e-02	5.104716e+00
5.510000e+01	7.033550e-02	5.098345e+00
5.513333e+01	7.006613e-02	5.097062e+00
5.516667e+01	7.192716e-02	5.105927e+00
5.520000e+01	7.704170e-02	5.130289e+00
5.523333e+01	8.590754e-02	5.172520e+00
5.526667e+01	9.746366e-02	5.227565e+00
5.530000e+01	1.096509e-01	5.285617e+00
5.533333e+01	1.207143e-01	5.338315e+00
5.536667e+01	1.296509e-01	5.380883e+00
5.540000e+01	1.364183e-01	5.413118e+00
5.543333e+01	1.422386e-01	5.440842e+00
5.546667e+01	1.482836e-01	5.469637e+00
5.550000e+01	1.537997e-01	5.495911e+00
5.553333e+01	1.568765e-01	5.510567e+00
5.556667e+01	1.568970e-01	5.510665e+00
5.560000e+01	1.552575e-01	5.502855e+00
5.563333e+01	1.539009e-01	5.496393e+00
5.566667e+01	1.537302e-01	5.495580e+00
5.570000e+01	1.543612e-01	5.498586e+00
5.573333e+01	1.549558e-01	5.501418e+00
5.576667e+01	1.550623e-01	5.501926e+00
5.580000e+01	1.548045e-01	5.500697e+00
5.583333e+01	1.545401e-01	5.499438e+00
5.586667e+01	1.544805e-01	5.499154e+00
5.590000e+01	1.545862e-01	5.499658e+00
5.593333e+01	1.547040e-01	5.500219e+00
5.596667e+01	1.547358e-01	5.500370e+00
56	1.546928e-01	5.500166e+00
5.603333e+01	1.546406e-01	5.499917e+00
5.606667e+01	1.544014e-01	5.498777e+00
5.610000e+01	1.529383e-01	5.491808e+00
5.613333e+01	1.486520e-01	5.471391e+00
5.616667e+01	1.412909e-01	5.436328e+00
5.620000e+01	1.326316e-01	5.395081e+00
5.623333e+01	1.244972e-01	5.356334e+00
5.626667e+01	1.174264e-01	5.322654e+00
5.630000e+01	1.108578e-01	5.291366e+00
5.633333e+01	1.029509e-01	5.253702e+00
5.636667e+01	9.163192e-02	5.199787e+00
5.640000e+01	7.722077e-02	5.131142e+00
5.643333e+01	6.286453e-02	5.062758e+00
5.646667e+01	5.241653e-02	5.012991e+00
5.650000e+01	4.879701e-02	4.995750e+00
5.653333e+01	5.309854e-02	5.016240e+00
5.656667e+01	6.404393e-02	5.068376e+00
5.660000e+01	7.938097e-02	5.141431e+00
5.663333e+01	9.828534e-02	5.231479e+00
5.666667e+01	1.213295e-01	5.341245e+00
5.670000e+01	1.482868e-01	5.469652e+00
5.673333e+01	1.772186e-01	5.607463e+00
5.676667e+01	2.058210e-01	5.743705e+00
5.680000e+01	2.330435e-01	5.873374e+00
5.683333e+01	2.593213e-01	5.998544e+00
5.686667e+01	2.856220e-01	6.123823e+00
5.690000e+01	3.124782e-01	6.251747e+00
5.693333e+01	3.397597e-01	6.381697e+00
5.696667e+01	3.670573e-01	6.511725e+00
57	3.939003e-01	6.639586e+00
5.703333e+01	4.190072e-01	6.759178e+00
5.706667e+01	4.393642e-01	6.856145e+00
5.710000e+01	4.514405e-01	6.913668e+00
5.713333e+01	4.546123e-01	6.928776e+00
5.716667e+01	4.531898e-01	6.922001e+00
5.720000e+01	4.537687e-01	6.924758e+00
5.723333e+01	4.595362e-01	6.952231e+00
5.726667e+01	4.676734e-01	6.990991e+00
5.730000e+01	4.730091e-01	7.016406e+00
5.733333e+01	4.733453e-01	7.018008e+00
5.736667e+01	4.706716e-01	7.005272e+00
5.740000e+01	4.683210e-01	6.994075e+00
5.743333e+01	4.639521e-01	6.973265e+00
5.746667e+01	4.381380e-01	6.850304e+00
5.750000e+01	3.601266e-01	6.478711e+00
5.753333e+01	2.273888e-01	5.846439e+00
5.756667e+01	9.071401e-02	5.195414e+00
5.760000e+01	1.441146e-02	4.831961e+00
5.763333e+01	1.570681e-02	4.838131e+00
5.766667e+01	5.617627e-02	5.030900e+00
5.770000e+01	8.485564e-02	5.167509e+00
5.773333e+01	8.067796e-02	5.147609e+00
5.776667e+01	5.849904e-02	5.041964e+00
5.780000e+01	4.477629e-02	4.976598e+00
5.783333e+01	5.263861e-02	5.014049e+00
5.786667e+01	7.733880e-02	5.131704e+00
5.790000e+01	1.077655e-01	5.276636e+00
5.793333e+01	1.371713e-01	5.416705e+00
5.796667e+01	1.649435e-01	5.548993e+00
58	1.929740e-01	5.682511e+00
5.803333e+01	2.223416e-01	5.822398e+00
5.806667e+01	2.525747e-01	5.966408e+00
5.810000e+01	2.826656e-01	6.109740e+00
5.813333e+01	3.121218e-01	6.250050e+00
5.816667e+01	3.411558e-01	6.388347e+00
5.820000e+01	3.702252e-01	6.526814e+00
5.823333e+01	3.995683e-01	6.666585e+00
5.826667e+01	4.291076e-01	6.807290e+00
5.830000e+01	4.585545e-01	6.947554e+00
5.833333e+01	4.872933e-01	7.084446e+00
5.836667e+01	5.142186e-01	7.212700e+00
5.840000e+01	5.380588e-01	7.326259e+00
5.843333e+01	5.575987e-01	7.419333e+00
5.846667e+01	5.713439e-01	7.484806e+00
5.850000e+01	5.780675e-01	7.516833e+00
5.853333e+01	5.785202e-01	7.518989e+00
5.856667e+01	5.758169e-01	7.506112e+00
5.860000e+01	5.692027e-01	7.474606e+00
5.863333e+01	5.401952e-01	7.336435e+00
5.866667e+01	4.563230e-01	6.936925e+00
5.870000e+01	3.129152e-01	6.253828e+00
5.873333e+01	1.625834e-01	5.537751e+00
5.876667e+01	7.536534e-02	5.122304e+00
5.880000e+01	7.282469e-02	5.110202e+00
5.883333e+01	1.158275e-01	5.315038e+00
5.886667e+01	1.499379e-01	5.477516e+00
5.890000e+01	1.517295e-01	5.486050e+00
5.893333e+01	1.344896e-01	5.403931e+00
5.896667e+01	1.219012e-01	5.343969e+00
59	1.246552e-01	5.357087e+00
5.903333e+01	1.380274e-01	5.420783e+00
5.906667e+01	1.518025e-01	5.486398e+00
5.910000e+01	1.592423e-01	5.521836e+00
5.913333e+01	1.602815e-01	5.526786e+00
5.916667e+01	1.593273e-01	5.522241e+00
5.920000e+01	1.605497e-01	5.528064e+00
5.923333e+01	1.648716e-01	5.548650e+00
5.926667e+01	1.705329e-01	5.575617e+00
5.930000e+01	1.755156e-01	5.599351e+00
5.933333e+01	1.791967e-01	5.616885e+00
5.936667e+01	1.822384e-01	5.631374e+00
5.940000e+01	1.855236e-01	5.647023e+00
5.943333e+01	1.893689e-01	5.665339e+00
5.946667e+01	1.935152e-01	5.685089e+00
5.950000e+01	1.975755e-01	5.704429e+00
5.953333e+01	2.013941e-01	5.722619e+00
5.956667e+01	2.050720e-01	5.740137e+00
5.960000e+01	2.087782e-01	5.757791e+00
5.963333e+01	2.125884e-01	5.775940e+00
5.966667e+01	2.164639e-01	5.794401e+00
5.970000e+01	2.203312e-01	5.812822e+00
5.973333e+01	2.241135e-01	5.830838e+00
5.976667e+01	2.275964e-01	5.847428e+00
5.980000e+01	2.301559e-01	5.859620e+00
5.983333e+01	2.306346e-01	5.861900e+00
5.986667e+01	2.280229e-01	5.849460e+00
5.990000e+01	2.229121e-01	5.825115e+00
5.993333e+01	2.178321e-01	5.800918e+00
5.996667e+01	2.153010e-01	5.788861e+00
60	2.154749e-01	5.789690e+00
6.003333e+01	2.156782e-01	5.790658e+00
6.006667e+01	2.125005e-01	5.775522e+00
6.010000e+01	2.053067e-01	5.741255e+00
6.013333e+01	1.972338e-01	5.702802e+00
6.016667e+01	1.914326e-01	5.675169e+00
6.020000e+01	1.874171e-01	5.656042e+00
6.023333e+01	1.828588e-01	5.634329e+00
6.026667e+01	1.776090e-01	5.609323e+00
6.030000e+01	1.738655e-01	5.591491e+00
6.033333e+01	1.731337e-01	5.588005e+00
6.036667e+01	1.745828e-01	5.594908e+00
6.040000e+01	1.761973e-01	5.602598e+00
6.043333e+01	1.766825e-01	5.604909e+00
6.046667e+01	1.761516e-01	5.602381e+00
6.050000e+01	1.754548e-01	5.599062e+00
6.053333e+01	1.752099e-01	5.597895e+00
6.056667e+01	1.754175e-01	5.598884e+00
6.060000e+01	1.759451e-01	5.601397e+00
6.063333e+01	1.775458e-01	5.609022e+00
6.066667e+01	1.817741e-01	5.629162e+00
6.070000e+01	1.887873e-01	5.662568e+00
6.073333e+01	1.959009e-01	5.696453e+00
6.076667e+01	1.999696e-01	5.715833e+00
6.080000e+01	2.012056e-01	5.721720e+00
6.083333e+01	2.032390e-01	5.731406e+00
6.086667e+01	2.086807e-01	5.757327e+00
6.090000e+01	2.157723e-01	5.791107e+00
6.093333e+01	2.204891e-01	5.813574e+00
6.096667e+01	2.209418e-01	5.815731e+00
61	2.187149e-01	5.805123e+00
6.103333e+01	2.166476e-01	5.795276e+00
6.106667e+01	2.162535e-01	5.793399e+00
6.110000e+01	2.173996e-01	5.798858e+00
6.113333e+01	2.204635e-01	5.813452e+00
6.116667e+01	2.282975e-01	5.850768e+00
6.120000e+01	2.446157e-01	5.928497e+00
6.123333e+01	2.699669e-01	6.049252e+00
6.126667e+01	3.004375e-01	6.194393e+00
6.130000e+01	3.307809e-01	6.338928e+00
6.133333e+01	3.582420e-01	6.469735e+00
6.136667e+01	3.834390e-01	6.589756e+00
6.140000e+01	4.084510e-01	6.708895e+00
6.143333e+01	4.346002e-01	6.833453e+00
6.146667e+01	4.617504e-01	6.962778e+00
6.150000e+01	4.890358e-01	7.092747e+00
6.153333e+01	5.158517e-01	7.220479e+00
6.156667e+01	5.422199e-01	7.346079e+00
6.160000e+01	5.682240e-01	7.469945e+00
6.163333e+01	5.927699e-01	7.586865e+00
6.166667e+01	6.133151e-01	7.684728e+00
6.170000e+01	6.276827e-01	7.753165e+00
6.173333e+01	6.357235e-01	7.791466e+00
6.176667e+01	6.388683e-01	7.806446e+00
6.180000e+01	6.387921e-01	7.806083e+00
6.183333e+01	6.360685e-01	7.793109e+00
6.186667e+01	6.292187e-01	7.760482e+00
6.190000e+01	6.159154e-01	7.697114e+00
6.193333e+01	5.959062e-01	7.601804e+00
6.196667e+01	5.718603e-01	7.487266e+00
62	5.466057e-01	7.366970e+00
6.203333e+01	5.208505e-01	7.244290e+00
6.206667e+01	4.954205e-01	7.123159e+00
6.210000e+01	4.742116e-01	7.022134e+00
6.213333e+01	4.614223e-01	6.961215e+00
6.216667e+01	4.563516e-01	6.937061e+00
6.220000e+01	4.541500e-01	6.926575e+00
6.223333e+01	4.513501e-01	6.913238e+00
6.226667e+01	4.482965e-01	6.898693e+00
6.230000e+01	4.467617e-01	6.891382e+00
6.233333e+01	4.474193e-01	6.894514e+00
6.236667e+01	4.501760e-01	6.907645e+00
6.240000e+01	4.553003e-01	6.932054e+00
6.243333e+01	4.624711e-01	6.966211e+00
6.246667e+01	4.695131e-01	6.999753e+00
6.250000e+01	4.738361e-01	7.020345e+00
6.253333e+01	4.749028e-01	7.025427e+00
6.256667e+01	4.744324e-01	7.023186e+00
6.260000e+01	4.744971e-01	7.023494e+00
6.263333e+01	4.758815e-01	7.030089e+00
6.266667e+01	4.780253e-01	7.040300e+00
6.270000e+01	4.800194e-01	7.049799e+00
6.273333e+01	4.814601e-01	7.056661e+00
6.276667e+01	4.825499e-01	7.061852e+00
6.280000e+01	4.836819e-01	7.067244e+00
6.283333e+01	4.850494e-01	7.073758e+00
6.286667e+01	4.865782e-01	7.081040e+00
6.290000e+01	4.880834e-01	7.088210e+00
6.293333e+01	4.893898e-01	7.094432e+00
6.296667e+01	4.903350e-01	7.098935e+00
63	4.908033e-01	7.101166e+00
6.303333e+01	4.908358e-01	7.101321e+00
6.306667e+01	4.906477e-01	7.100424e+00
6.310000e+01	4.904818e-01	7.099634e+00
6.313333e+01	4.904517e-01	7.099491e+00
6.316667e+01	4.905192e-01	7.099813e+00
6.320000e+01	4.905887e-01	7.100144e+00
6.323333e+01	4.906046e-01	7.100219e+00
6.326667e+01	4.905773e-01	7.100089e+00
6.330000e+01	4.903240e-01	7.098882e+00
6.333333e+01	4.888353e-01	7.091791e+00
6.336667e+01	4.845370e-01	7.071317e+00
6.340000e+01	4.774040e-01	7.037340e+00
6.343333e+01	4.702362e-01	7.003198e+00
6.346667e+01	4.661940e-01	6.983944e+00
6.350000e+01	4.650103e-01	6.978306e+00
6.353333e+01	4.630028e-01	6.968743e+00
6.356667e+01	4.575512e-01	6.942776e+00
6.360000e+01	4.504370e-01	6.908888e+00
6.363333e+01	4.457080e-01	6.886363e+00
6.366667e+01	4.454815e-01	6.885284e+00
6.370000e+01	4.491986e-01	6.902989e+00
6.373333e+01	4.555810e-01	6.933391e+00
6.376667e+01	4.631205e-01	6.969304e+00
6.380000e+01	4.694245e-01	6.999332e+00
6.383333e+01	4.725529e-01	7.014233e+00
6.386667e+01	4.735128e-01	7.018806e+00
6.390000e+01	4.758700e-01	7.030034e+00
6.393333e+01	4.817261e-01	7.057928e+00
6.396667e+01	4.889574e-01	7.092373e+00
64	4.886438e-01	7.090879e+00
6.403333e+01	4.563459e-01	6.937034e+00
6.406667e+01	3.592439e-01	6.474507e+00
6.410000e+01	2.000761e-01	5.716341e+00
6.413333e+01	4.254518e-02	4.965971e+00
6.416667e+01	-3.848177e-02	4.580014e+00
6.420000e+01	-2.655001e-02	4.636849e+00
6.423333e+01	3.109705e-02	4.911440e+00
6.426667e+01	7.603230e-02	5.125481e+00
6.430000e+01	8.479933e-02	5.167241e+00
6.433333e+01	7.174838e-02	5.105075e+00
6.436667e+01	6.198485e-02	5.058568e+00
6.440000e+01	6.730314e-02	5.083901e+00
6.443333e+01	8.262239e-02	5.156871e+00
6.446667e+01	9.714002e-02	5.226023e+00
6.450000e+01	1.052600e-01	5.264701e+00
6.453333e+01	1.087997e-01	5.281562e+00
6.456667e+01	1.124225e-01	5.298819e+00
6.460000e+01	1.189048e-01	5.329696e+00
6.463333e+01	1.282415e-01	5.374170e+00
6.466667e+01	1.390534e-01	5.425670e+00
6.470000e+01	1.491778e-01	5.473896e+00
6.473333e+01	1.559879e-01	5.506334e+00
6.476667e+01	1.580807e-01	5.516303e+00
6.480000e+01	1.566352e-01	5.509418e+00
6.483333e+01	1.543851e-01	5.498700e+00
6.486667e+01	1.533717e-01	5.493873e+00
6.490000e+01	1.538159e-01	5.495989e+00
6.493333e+01	1.547327e-01	5.500356e+00
6.496667e+01	1.549755e-01	5.501512e+00
65	1.531128e-01	5.492640e+00
6.503333e+01	1.469301e-01	5.463189e+00
6.506667e+01	1.352569e-01	5.407586e+00
6.510000e+01	1.205484e-01	5.337525e+00
6.513333e+01	1.067701e-01	5.271894e+00
6.516667e+01	9.474045e-02	5.214594e+00
6.520000e+01	8.303591e-02	5.158841e+00
6.523333e+01	7.261642e-02	5.109210e+00
6.526667e+01	6.668800e-02	5.080971e+00
6.530000e+01	6.666110e-02	5.080843e+00
6.533333e+01	7.111404e-02	5.102054e+00
6.536667e+01	7.837074e-02	5.136619e+00
6.540000e+01	8.866600e-02	5.185659e+00
6.543333e+01	1.043325e-01	5.260283e+00
6.546667e+01	1.280736e-01	5.373370e+00
6.550000e+01	1.600566e-01	5.525715e+00
6.553333e+01	1.968426e-01	5.700938e+00
6.556667e+01	2.337985e-01	5.876971e+00
6.560000e+01	2.683370e-01	6.041489e+00
6.563333e+01	3.008204e-01	6.196217e+00
6.566667e+01	3.330156e-01	6.349573e+00
6.570000e+01	3.661438e-01	6.507373e+00
6.573333e+01	4.001701e-01	6.669451e+00
6.576667e+01	4.343682e-01	6.832347e+00
6.580000e+01	4.681850e-01	6.993428e+00
6.583333e+01	5.016027e-01	7.152606e+00
6.586667e+01	5.345694e-01	7.309638e+00
6.590000e+01	5.653236e-01	7.456129e+00
6.593333e+01	5.893604e-01	7.570624e+00
6.596667e+01	6.020126e-01	7.630891e+00
66	6.031263e-01	7.636196e+00
6.603333e+01	5.980574e-01	7.612051e+00
6.606667e+01	5.934471e-01	7.590090e+00
6.610000e+01	5.925485e-01	7.585810e+00
6.613333e+01	5.941711e-01	7.593539e+00
6.616667e+01	5.946371e-01	7.595759e+00
6.620000e+01	5.905773e-01	7.576421e+00
6.623333e+01	5.809826e-01	7.530718e+00
6.626667e+01	5.669411e-01	7.463834e+00
6.630000e+01	5.497223e-01	7.381815e+00
6.633333e+01	5.299957e-01	7.287852e+00
6.636667e+01	5.085330e-01	7.185618e+00
6.640000e+01	4.865076e-01	7.080704e+00
6.643333e+01	4.649024e-01	6.977792e+00
6.646667e+01	4.439738e-01	6.878102e+00
6.650000e+01	4.233692e-01	6.779956e+00
6.653333e+01	4.026447e-01	6.681238e+00
6.656667e+01	3.816411e-01	6.581192e+00
6.660000e+01	3.604856e-01	6.480421e+00
6.663333e+01	3.393704e-01	6.379843e+00
6.666667e+01	3.183743e-01	6.279832e+00
6.670000e+01	2.956665e-01	6.171667e+00
6.673333e+01	2.631076e-01	6.016579e+00
6.676667e+01	2.093463e-01	5.760497e+00
6.680000e+01	1.371634e-01	5.416668e+00
6.683333e+01	7.192757e-02	5.105929e+00
6.686667e+01	4.074223e-02	4.957383e+00
6.690000e+01	4.632769e-02	4.983988e+00
6.693333e+01	6.762015e-02	5.085411e+00
6.696667e+01	8.193712e-02	5.153607e+00
67	8.270619e-02	5.157271e+00
6.703333e+01	7.848719e-02	5.137174e+00
6.706667e+01	7.936092e-02	5.141336e+00
6.710000e+01	8.667027e-02	5.176153e+00
6.713333e+01	9.476646e-02	5.214717e+00
6.716667e+01	9.886215e-02	5.234227e+00
6.720000e+01	9.913319e-02	5.235518e+00
6.723333e+01	9.877896e-02	5.233830e+00
6.726667e+01	1.002390e-01	5.240785e+00
6.730000e+01	1.035383e-01	5.256500e+00
6.733333e+01	1.072515e-01	5.274188e+00
6.736667e+01	1.102272e-01	5.288362e+00
6.740000e+01	1.123792e-01	5.298612e+00
6.743333e+01	1.143061e-01	5.307791e+00
6.746667e+01	1.165312e-01	5.318390e+00
6.750000e+01	1.191214e-01	5.330728e+00
6.753333e+01	1.218277e-01	5.343618e+00
6.756667e+01	1.243882e-01	5.355815e+00
6.760000e+01	1.266134e-01	5.366414e+00
6.763333e+01	1.276574e-01	5.371387e+00
6.766667e+01	1.244311e-01	5.356019e+00
6.770000e+01	1.126106e-01	5.299715e+00
6.773333e+01	9.252574e-02	5.204044e+00
6.776667e+01	7.238781e-02	5.108121e+00
6.780000e+01	6.177124e-02	5.057551e+00
6.783333e+01	6.272397e-02	5.062089e+00
6.786667e+01	6.922318e-02	5.093047e+00
6.790000e+01	7.394004e-02	5.115515e+00
6.793333e+01	7.404612e-02	5.116020e+00
6.796667e+01	7.145946e-02	5.103699e+00
68	6.914168e-02	5.092659e+00
6.803333e+01	6.749727e-02	5.084826e+00
6.806667e+01	6.426424e-02	5.069426e+00
6.810000e+01	5.805975e-02	5.039872e+00
6.813333e+01	5.100887e-02	5.006286e+00
6.816667e+01	4.674537e-02	4.985978e+00
6.820000e+01	4.662430e-02	4.985401e+00
6.823333e+01	4.885320e-02	4.996018e+00
6.826667e+01	5.073213e-02	5.004968e+00
6.830000e+01	5.097706e-02	5.006135e+00
6.833333e+01	5.010446e-02	5.001978e+00
6.836667e+01	4.927703e-02	4.998037e+00
6.840000e+01	4.912633e-02	4.997319e+00
6.843333e+01	4.948383e-02	4.999022e+00
6.846667e+01	5.017904e-02	5.002333e+00
6.850000e+01	5.276104e-02	5.014632e+00
6.853333e+01	6.143286e-02	5.055939e+00
6.856667e+01	8.056881e-02	5.147090e+00
6.860000e+01	1.103430e-01	5.288914e+00
6.863333e+01	1.458168e-01	5.457886e+00
6.866667e+01	1.808600e-01	5.624808e+00
6.870000e+01	2.124743e-01	5.775397e+00
6.873333e+01	2.415582e-01	5.913933e+00
6.876667e+01	2.705529e-01	6.052043e+00
6.880000e+01	3.009102e-01	6.196645e+00
6.883333e+01	3.323905e-01	6.346596e+00
6.886667e+01	3.639724e-01	6.497030e+00
6.890000e+01	3.949882e-01	6.644768e+00
6.893333e+01	4.252767e-01	6.789042e+00
6.896667e+01	4.541330e-01	6.926494e+00
69	4.794823e-01	7.047240e+00
6.903333e+01	4.985067e-01	7.137859e+00
6.906667e+01	5.048589e-01	7.168117e+00
6.910000e+01	4.795468e-01	7.047547e+00
6.913333e+01	3.971109e-01	6.654879e+00
6.916667e+01	2.616682e-01	6.009723e+00
6.920000e+01	1.258627e-01	5.362839e+00
6.923333e+01	4.966914e-02	4.999905e+00
6.926667e+01	4.549972e-02	4.980044e+00
6.930000e+01	7.555789e-02	5.123221e+00
6.933333e+01	9.426020e-02	5.212306e+00
6.936667e+01	8.445389e-02	5.165595e+00
6.940000e+01	5.927558e-02	5.045663e+00
6.943333e+01	4.033367e-02	4.955437e+00
6.946667e+01	3.730545e-02	4.941013e+00
6.950000e+01	4.376316e-02	4.971773e+00
6.953333e+01	4.723838e-02	4.988326e+00
6.956667e+01	4.171300e-02	4.962007e+00
6.960000e+01	3.137464e-02	4.912762e+00
6.963333e+01	2.414315e-02	4.878316e+00
6.966667e+01	2.358102e-02	4.875639e+00
6.970000e+01	2.717409e-02	4.892754e+00
6.973333e+01	3.038227e-02	4.908035e+00
6.976667e+01	3.088709e-02	4.910440e+00
6.980000e+01	2.945149e-02	4.903602e+00
6.983333e+01	2.802985e-02	4.896830e+00
6.986667e+01	2.773573e-02	4.895429e+00
6.990000e+01	2.832341e-02	4.898228e+00
6.993333e+01	2.895632e-02	4.901243e+00
6.996667e+01	2.911600e-02	4.902004e+00
70	2.887635e-02	4.900862e+00
7.003333e+01	2.859510e-02	4.899522e+00
7.006667e+01	2.851170e-02	4.899125e+00
7.010000e+01	2.860841e-02	4.899586e+00
7.013333e+01	2.873288e-02	4.900179e+00
7.016667e+01	2.877520e-02	4.900380e+00
7.020000e+01	2.873667e-02	4.900197e+00
7.023333e+01	2.868182e-02	4.899935e+00
7.026667e+01	2.866082e-02	4.899835e+00
7.030000e+01	2.845315e-02	4.898846e+00
7.033333e+01	2.699684e-02	4.891909e+00
7.036667e+01	2.247496e-02	4.870370e+00
7.040000e+01	1.406494e-02	4.830311e+00
7.043333e+01	4.053419e-03	4.782623e+00
7.046667e+01	-2.603722e-03	4.750913e+00
7.050000e+01	-2.324307e-03	4.752244e+00
7.053333e+01	3.341294e-03	4.779231e+00
7.056667e+01	9.154551e-03	4.806921e+00
7.060000e+01	1.155296e-02	4.818345e+00
7.063333e+01	1.264551e-02	4.823549e+00
7.066667e+01	1.950496e-02	4.856223e+00
7.070000e+01	3.871372e-02	4.947721e+00
7.073333e+01	7.053728e-02	5.099306e+00
7.076667e+01	1.087084e-01	5.281127e+00
7.080000e+01	1.458833e-01	5.458203e+00
7.083333e+01	1.788197e-01	5.615089e+00
7.086667e+01	2.089093e-01	5.758416e+00
7.090000e+01	2.391241e-01	5.902339e+00
7.093333e+01	2.710518e-01	6.054420e+00
7.096667e+01	3.042546e-01	6.212576e+00
71	3.374770e-01	6.370824e+00
7.103333e+01	3.696379e-01	6.524017e+00
7.106667e+01	3.989441e-01	6.663611e+00
7.110000e+01	4.215804e-01	6.771435e+00
7.113333e+01	4.335237e-01	6.828325e+00
7.116667e+01	4.346944e-01	6.833901e+00
7.120000e+01	4.300275e-01	6.811671e+00
7.123333e+01	4.257002e-01	6.791059e+00
7.126667e+01	4.247999e-01	6.786771e+00
7.130000e+01	4.264847e-01	6.794796e+00
7.133333e+01	4.283064e-01	6.803473e+00
7.136667e+01	4.287731e-01	6.805696e+00
7.140000e+01	4.278726e-01	6.801407e+00
7.143333e+01	4.255915e-01	6.790541e+00
7.146667e+01	4.210428e-01	6.768875e+00
7.150000e+01	4.141700e-01	6.736137e+00
7.153333e+01	4.073520e-01	6.703661e+00
7.156667e+01	4.036581e-01	6.686065e+00
7.160000e+01	4.038516e-01	6.686987e+00
7.163333e+01	4.059996e-01	6.697219e+00
7.166667e+01	4.076329e-01	6.704999e+00
7.170000e+01	4.077308e-01	6.705465e+00
7.173333e+01	4.068842e-01	6.701432e+00
7.176667e+01	4.061621e-01	6.697993e+00
7.180000e+01	4.060796e-01	6.697600e+00
7.183333e+01	4.064300e-01	6.699269e+00
7.186667e+01	4.067534e-01	6.700810e+00
7.190000e+01	4.068061e-01	6.701060e+00
7.193333e+01	4.066608e-01	6.700368e+00
7.196667e+01	4.067386e-01	6.700739e+00
72	4.081886e-01	6.707646e+00
7.203333e+01	4.125577e-01	6.728457e+00
7.206667e+01	4.197690e-01	6.762807e+00
7.210000e+01	4.267348e-01	6.795987e+00
7.213333e+01	4.290450e-01	6.806992e+00
7.216667e+01	4.244043e-01	6.784886e+00
7.220000e+01	4.149451e-01	6.739829e+00
7.223333e+01	4.060896e-01	6.697647e+00
7.226667e+01	4.022322e-01	6.679273e+00
7.230000e+01	4.034543e-01	6.685095e+00
7.233333e+01	4.065056e-01	6.699629e+00
7.236667e+01	4.044720e-01	6.689943e+00
7.240000e+01	3.789786e-01	6.568509e+00
7.243333e+01	3.044685e-01	6.213595e+00
7.246667e+01	1.822402e-01	5.631382e+00
7.250000e+01	6.108585e-02	5.054286e+00
7.253333e+01	6.953694e-05	4.763646e+00
7.256667e+01	1.510082e-02	4.835245e+00
7.260000e+01	7.282928e-02	5.110224e+00
7.263333e+01	1.281598e-01	5.373781e+00
7.266667e+01	1.594349e-01	5.522753e+00
7.270000e+01	1.734648e-01	5.589582e+00
7.273333e+01	1.876203e-01	5.657009e+00
7.276667e+01	2.116967e-01	5.771693e+00
7.280000e+01	2.434783e-01	5.923079e+00
7.283333e+01	2.756040e-01	6.076104e+00
7.286667e+01	3.035571e-01	6.209253e+00
7.290000e+01	3.280244e-01	6.325798e+00
7.293333e+01	3.521543e-01	6.440737e+00
7.296667e+01	3.777499e-01	6.562657e+00
73	4.030440e-01	6.683140e+00
7.303333e+01	4.231109e-01	6.778725e+00
7.306667e+01	4.333987e-01	6.827729e+00
7.310000e+01	4.338949e-01	6.830093e+00
7.313333e+01	4.294211e-01	6.808783e+00
7.316667e+01	4.256304e-01	6.790727e+00
7.320000e+01	4.250741e-01	6.788077e+00
7.323333e+01	4.267388e-01	6.796006e+00
7.326667e+01	4.283509e-01	6.803685e+00
7.330000e+01	4.266582e-01	6.795622e+00
7.333333e+01	4.104275e-01	6.718310e+00
7.336667e+01	3.561261e-01	6.459656e+00
7.340000e+01	2.485434e-01	5.947205e+00
7.343333e+01	1.128074e-01	5.300652e+00
7.346667e+01	7.069978e-03	4.796991e+00
7.350000e+01	-2.826613e-02	4.628674e+00
7.353333e+01	-4.616936e-03	4.741323e+00
7.356667e+01	3.352164e-02	4.922989e+00
7.360000e+01	5.069849e-02	5.004808e+00
7.363333e+01	4.168495e-02	4.961874e+00
7.366667e+01	2.183323e-02	4.867313e+00
7.370000e+01	7.128260e-03	4.797269e+00
7.373333e+01	3.333706e-03	4.779194e+00
7.376667e+01	7.033575e-03	4.796818e+00
7.380000e+01	1.203702e-02	4.820651e+00
7.383333e+01	1.467620e-02	4.833222e+00
7.386667e+01	1.503769e-02	4.834944e+00
7.390000e+01	1.502714e-02	4.834894e+00
7.393333e+01	1.601999e-02	4.839623e+00
7.396667e+01	1.799946e-02	4.849052e+00
74	2.016965e-02	4.859389e+00
7.403333e+01	2.191926e-02	4.867723e+00
7.406667e+01	2.322771e-02	4.873956e+00
7.410000e+01	2.443180e-02	4.879691e+00
7.413333e+01	2.579280e-02	4.886174e+00
7.416667e+01	2.724471e-02	4.893090e+00
7.420000e+01	2.844407e-02	4.898803e+00
7.423333e+01	2.906292e-02	4.901751e+00
7.426667e+01	2.908228e-02	4.901843e+00
7.430000e+01	2.880084e-02	4.900502e+00
7.433333e+01	2.856904e-02	4.899398e+00
7.436667e+01	2.854030e-02	4.899261e+00
7.440000e+01	2.886945e-02	4.900829e+00
7.443333e+01	3.044906e-02	4.908353e+00
7.446667e+01	3.477538e-02	4.928961e+00
7.450000e+01	4.187835e-02	4.962795e+00
7.453333e+01	4.878353e-02	4.995686e+00
7.456667e+01	5.110860e-02	5.006761e+00
7.460000e+01	4.651455e-02	4.984878e+00
7.463333e+01	3.708364e-02	4.939956e+00
7.466667e+01	2.822342e-02	4.897752e+00
7.470000e+01	2.434600e-02	4.879283e+00
7.473333e+01	2.555500e-02	4.885041e+00
7.476667e+01	2.883035e-02	4.900643e+00
7.480000e+01	3.207307e-02	4.916089e+00
7.483333e+01	3.606119e-02	4.935086e+00
7.486667e+01	4.195655e-02	4.963167e+00
7.490000e+01	4.832963e-02	4.993524e+00
7.493333e+01	5.223505e-02	5.012127e+00
7.496667e+01	5.246364e-02	5.013216e+00
75	5.052586e-02	5.003986e+00
7.503333e+01	4.881440e-02	4.995833e+00
7.506667e+01	4.854357e-02	4.994543e+00
7.510000e+01	4.936846e-02	4.998472e+00
7.513333e+01	5.039131e-02	5.003345e+00
7.516667e+01	5.115100e-02	5.006963e+00
7.520000e+01	5.177121e-02	5.009918e+00
7.523333e+01	5.253628e-02	5.013562e+00
7.526667e+01	5.353346e-02	5.018312e+00
7.530000e+01	5.463623e-02	5.023565e+00
7.533333e+01	5.568590e-02	5.028564e+00
7.536667e+01	5.663043e-02	5.033063e+00
7.540000e+01	5.752179e-02	5.037309e+00
7.543333e+01	5.843187e-02	5.041644e+00
7.546667e+01	5.938751e-02	5.046196e+00
7.550000e+01	6.036837e-02	5.050868e+00
7.553333e+01	6.134281e-02	5.055510e+00
7.556667e+01	6.229764e-02	5.060058e+00
7.560000e+01	6.324069e-02	5.064550e+00
7.563333e+01	6.418578e-02	5.069052e+00
7.566667e+01	6.513929e-02	5.073594e+00
7.570000e+01	6.609825e-02	5.078162e+00
7.573333e+01	6.705666e-02	5.082727e+00
7.576667e+01	6.801148e-02	5.087275e+00
7.580000e+01	6.895366e-02	5.091763e+00
7.583333e+01	6.982864e-02	5.095931e+00
7.586667e+01	7.073205e-02	5.100234e+00
7.590000e+01	7.256935e-02	5.108986e+00
7.593333e+01	7.690965e-02	5.129660e+00
7.596667e+01	8.391317e-02	5.163020e+00
76	9.095534e-02	5.196564e+00
7.603333e+01	9.474511e-02	5.214616e+00
7.606667e+01	9.449452e-02	5.213422e+00
7.610000e+01	9.224538e-02	5.202709e+00
7.613333e+01	9.056531e-02	5.194706e+00
7.616667e+01	9.048913e-02	5.194343e+00
7.620000e+01	9.138007e-02	5.198587e+00
7.623333e+01	9.212449e-02	5.202133e+00
7.626667e+01	9.219910e-02	5.202488e+00
7.630000e+01	9.182954e-02	5.200728e+00
7.633333e+01	9.127274e-02	5.198076e+00
7.636667e+01	8.974246e-02	5.190787e+00
7.640000e+01	8.558665e-02	5.170991e+00
7.643333e+01	7.858995e-02	5.137664e+00
7.646667e+01	7.144745e-02	5.103642e+00
7.650000e+01	6.756919e-02	5.085168e+00
7.653333e+01	6.780483e-02	5.086291e+00
7.656667e+01	7.009249e-02	5.097188e+00
7.660000e+01	7.181168e-02	5.105377e+00
7.663333e+01	7.189666e-02	5.105781e+00
7.666667e+01	7.099016e-02	5.101463e+00
7.670000e+01	7.022841e-02	5.097835e+00
7.673333e+01	7.037190e-02	5.098518e+00
7.676667e+01	7.222814e-02	5.107360e+00
7.680000e+01	7.687919e-02	5.129515e+00
7.683333e+01	8.407813e-02	5.163806e+00
7.686667e+01	9.109408e-02	5.197225e+00
7.690000e+01	9.475572e-02	5.214666e+00
7.693333e+01	9.442233e-02	5.213078e+00
7.696667e+01	9.218270e-02	5.202410e+00
77	9.055789e-02	5.194671e+00
7.703333e+01	9.051961e-02	5.194488e+00
7.706667e+01	9.140842e-02	5.198722e+00
7.710000e+01	9.214637e-02	5.202237e+00
7.713333e+01	9.233460e-02	5.203134e+00
7.716667e+01	9.242747e-02	5.203576e+00
7.720000e+01	9.311568e-02	5.206854e+00
7.723333e+01	9.463763e-02	5.214104e+00
7.726667e+01	9.664905e-02	5.223685e+00
7.730000e+01	9.862887e-02	5.233115e+00
7.733333e+01	1.003117e-01	5.241131e+00
7.736667e+01	1.017746e-01	5.248099e+00
7.740000e+01	1.032317e-01	5.255040e+00
7.743333e+01	1.048098e-01	5.262557e+00
7.746667e+01	1.064694e-01	5.270462e+00
7.750000e+01	1.080231e-01	5.277863e+00
7.753333e+01	1.090064e-01	5.282547e+00
7.756667e+01	1.083313e-01	5.279331e+00
7.760000e+01	1.047050e-01	5.262058e+00
7.763333e+01	9.840545e-02	5.232051e+00
7.766667e+01	9.212766e-02	5.202148e+00
7.770000e+01	8.887132e-02	5.186637e+00
7.773333e+01	8.922066e-02	5.188301e+00
7.776667e+01	9.125869e-02	5.198009e+00
7.780000e+01	9.270762e-02	5.204911e+00
7.783333e+01	9.271618e-02	5.204951e+00
7.786667e+01	9.190269e-02	5.201076e+00
7.790000e+01	9.125812e-02	5.198006e+00
7.793333e+01	9.121786e-02	5.197814e+00
7.796667e+01	9.155706e-02	5.199430e+00
78	9.184738e-02	5.200813e+00
7.803333e+01	9.188036e-02	5.200970e+00
7.806667e+01	9.173871e-02	5.200295e+00
7.810000e+01	9.160794e-02	5.199672e+00
7.813333e+01	9.158664e-02	5.199571e+00
7.816667e+01	9.164540e-02	5.199851e+00
7.820000e+01	9.170405e-02	5.200130e+00
7.823333e+01	9.171637e-02	5.200189e+00
7.826667e+01	9.169220e-02	5.200074e+00
7.830000e+01	9.166602e-02	5.199949e+00
7.833333e+01	9.165933e-02	5.199917e+00
7.836667e+01	9.144639e-02	5.198903e+00
7.840000e+01	8.997766e-02	5.191907e+00
7.843333e+01	8.567180e-02	5.171397e+00
7.846667e+01	7.852122e-02	5.137336e+00
7.850000e+01	7.134404e-02	5.103149e+00
7.853333e+01	6.752732e-02	5.084969e+00
7.856667e+01	6.805434e-02	5.087479e+00
7.860000e+01	7.184092e-02	5.105516e+00
7.863333e+01	7.784446e-02	5.134113e+00
7.866667e+01	8.504561e-02	5.168414e+00
7.870000e+01	9.130157e-02	5.198213e+00
7.873333e+01	9.436481e-02	5.212804e+00
7.876667e+01	9.399631e-02	5.211049e+00
7.880000e+01	9.207304e-02	5.201888e+00
7.883333e+01	9.071746e-02	5.195431e+00
7.886667e+01	9.070871e-02	5.195389e+00
7.890000e+01	9.146533e-02	5.198993e+00
7.893333e+01	9.206486e-02	5.201849e+00
7.896667e+01	9.210279e-02	5.202030e+00
79	9.177317e-02	5.200459e+00
7.903333e+01	9.139001e-02	5.198634e+00
7.906667e+01	9.095843e-02	5.196579e+00
7.910000e+01	9.021260e-02	5.193026e+00
7.913333e+01	8.897860e-02	5.187148e+00
7.916667e+01	8.738867e-02	5.179575e+00
7.920000e+01	8.574459e-02	5.171743e+00
7.923333e+01	8.425417e-02	5.164644e+00
7.926667e+01	8.291964e-02	5.158287e+00
7.930000e+01	8.162266e-02	5.152109e+00
7.933333e+01	8.026656e-02	5.145650e+00
7.936667e+01	7.884229e-02	5.138866e+00
7.940000e+01	7.739825e-02	5.131987e+00
7.943333e+01	7.597790e-02	5.125222e+00
7.946667e+01	7.458761e-02	5.118599e+00
7.950000e+01	7.322220e-02	5.112095e+00
7.953333e+01	7.194603e-02	5.106017e+00
7.956667e+01	7.094389e-02	5.101243e+00
7.960000e+01	7.041322e-02	5.098715e+00
7.963333e+01	7.036439e-02	5.098483e+00
7.966667e+01	7.057572e-02	5.099489e+00
7.970000e+01	7.076930e-02	5.100411e+00
7.973333e+01	7.080785e-02	5.100595e+00
7.976667e+01	7.073097e-02	5.100229e+00
7.980000e+01	7.064924e-02	5.099840e+00
7.983333e+01	7.062906e-02	5.099743e+00
7.986667e+01	7.066006e-02	5.099891e+00
7.990000e+01	7.069604e-02	5.100062e+00
7.993333e+01	7.070646e-02	5.100112e+00
7.996667e+01	7.069391e-02	5.100052e+00
80	7.045520e-02	5.098915e+00
8.003333e+01	6.896954e-02	5.091839e+00
8.006667e+01	6.466520e-02	5.071336e+00
8.010000e+01	5.752561e-02	5.037328e+00
8.013333e+01	5.035622e-02	5.003177e+00
8.016667e+01	4.653930e-02	4.984996e+00
8.020000e+01	4.683886e-02	4.986423e+00
8.023333e+01	4.914152e-02	4.997391e+00
8.026667e+01	5.083560e-02	5.005461e+00
8.030000e+01	5.089210e-02	5.005730e+00
8.033333e+01	4.997765e-02	5.001374e+00
8.036667e+01	4.922608e-02	4.997794e+00
8.040000e+01	4.915941e-02	4.997477e+00
8.043333e+01	4.953935e-02	4.999286e+00
8.046667e+01	4.987698e-02	5.000895e+00
8.050000e+01	4.992373e-02	5.001117e+00
8.053333e+01	4.976562e-02	5.000364e+00
8.056667e+01	4.961392e-02	4.999642e+00
8.060000e+01	4.958562e-02	4.999507e+00
8.063333e+01	4.965095e-02	4.999818e+00
8.066667e+01	4.971883e-02	5.000141e+00
8.070000e+01	4.973463e-02	5.000217e+00
8.073333e+01	4.970788e-02	5.000089e+00
8.076667e+01	4.967765e-02	4.999945e+00
8.080000e+01	4.966925e-02	4.999905e+00
8.083333e+01	4.990288e-02	5.001018e+00
8.086667e+01	5.139665e-02	5.008133e+00
8.090000e+01	5.571031e-02	5.028681e+00
8.093333e+01	6.313477e-02	5.064046e+00
8.096667e+01	7.245821e-02	5.108456e+00
81	8.388684e-02	5.162894e+00
8.103333e+01	1.002541e-01	5.240857e+00
8.106667e+01	1.237056e-01	5.352563e+00
8.110000e+01	1.525984e-01	5.490189e+00
8.113333e+01	1.827442e-01	5.633783e+00
8.116667e+01	2.109415e-01	5.768096e+00
8.120000e+01	2.368308e-01	5.891415e+00
8.123333e+01	2.619658e-01	6.011140e+00
8.126667e+01	2.878137e-01	6.134262e+00
8.130000e+01	3.146558e-01	6.262120e+00
8.133333e+01	3.418723e-01	6.391760e+00
8.136667e+01	3.688117e-01	6.520081e+00
8.140000e+01	3.953172e-01	6.646335e+00
8.143333e+01	4.213582e-01	6.770377e+00
8.146667e+01	4.456310e-01	6.885996e+00
8.150000e+01	4.648577e-01	6.977579e+00
8.153333e+01	4.763774e-01	7.032450e+00
8.156667e+01	4.816011e-01	7.057333e+00
8.160000e+01	4.847473e-01	7.072319e+00
8.163333e+01	4.882606e-01	7.089054e+00
8.166667e+01	4.915725e-01	7.104830e+00
0	0	0
0	0	0
0	0	0
