0	-2.975909e-03	5.501115e+00
3.333333e-02	-2.919783e-03	5.501425e+00
6.666667e-02	-1.772502e-03	5.507755e+00
1.000000e-01	1.923364e-03	5.528147e+00
1.333333e-01	8.149338e-03	5.562499e+00
1.666667e-01	1.420715e-02	5.595923e+00
2.000000e-01	1.623624e-02	5.607119e+00
2.333333e-01	1.223164e-02	5.585024e+00
2.666667e-01	4.040459e-03	5.539828e+00
3.000000e-01	-3.669290e-03	5.497290e+00
3.333333e-01	-7.174050e-03	5.477952e+00
3.666667e-01	-6.489911e-03	5.481727e+00
4.000000e-01	-4.433662e-03	5.493072e+00
4.333333e-01	-3.613354e-03	5.497598e+00
4.666667e-01	-4.585244e-03	5.492236e+00
5.000000e-01	-6.288311e-03	5.482839e+00
5.333333e-01	-7.546676e-03	5.475896e+00
5.666667e-01	-8.034384e-03	5.473205e+00
6.000000e-01	-8.170130e-03	5.472456e+00
6.333333e-01	-8.472461e-03	5.470788e+00
6.666667e-01	-9.109127e-03	5.467275e+00
7.000000e-01	-9.913220e-03	5.462838e+00
7.333333e-01	-1.065626e-02	5.458739e+00
7.666667e-01	-1.125443e-02	5.455438e+00
8.000000e-01	-1.177361e-02	5.452574e+00
8.333333e-01	-1.231417e-02	5.449591e+00
8.666667e-01	-1.291724e-02	5.446264e+00
9.000000e-01	-1.355726e-02	5.442732e+00
9.333333e-01	-1.419032e-02	5.439239e+00
9.666667e-01	-1.479654e-02	5.435895e+00
1	-1.538561e-02	5.432644e+00
1.033333e+00	-1.597665e-02	5.429383e+00
1.066667e+00	-1.657916e-02	5.426059e+00
1.100000e+00	-1.718958e-02	5.422691e+00
1.133333e+00	-1.779961e-02	5.419325e+00
1.166667e+00	-1.840477e-02	5.415986e+00
1.200000e+00	-1.899989e-02	5.412702e+00
1.233333e+00	-1.955878e-02	5.409619e+00
1.266667e+00	-2.003191e-02	5.407008e+00
1.300000e+00	-2.038886e-02	5.405039e+00
1.333333e+00	-2.065736e-02	5.403557e+00
1.366667e+00	-2.089736e-02	5.402233e+00
1.400000e+00	-2.113036e-02	5.400948e+00
1.433333e+00	-2.131181e-02	5.399946e+00
1.466667e+00	-2.138816e-02	5.399525e+00
1.500000e+00	-2.155784e-02	5.398589e+00
1.533333e+00	-2.277647e-02	5.391865e+00
1.566667e+00	-2.646110e-02	5.371535e+00
1.600000e+00	-3.263552e-02	5.337467e+00
1.633333e+00	-3.885100e-02	5.303173e+00
1.666667e+00	-4.216052e-02	5.284913e+00
1.700000e+00	-4.189820e-02	5.286360e+00
1.733333e+00	-4.009149e-02	5.296329e+00
1.766667e+00	-3.990034e-02	5.297383e+00
1.800000e+00	-4.357304e-02	5.277119e+00
1.833333e+00	-5.053698e-02	5.238695e+00
1.866667e+00	-5.738055e-02	5.200936e+00
1.900000e+00	-6.073124e-02	5.182448e+00
1.933333e+00	-6.013990e-02	5.185711e+00
1.966667e+00	-5.785800e-02	5.198301e+00
2	-5.635585e-02	5.206590e+00
2.033333e+00	-5.644561e-02	5.206094e+00
2.066667e+00	-5.736721e-02	5.201009e+00
2.100000e+00	-5.804023e-02	5.197296e+00
2.133333e+00	-5.804052e-02	5.197294e+00
2.166667e+00	-5.765336e-02	5.199431e+00
2.200000e+00	-5.715598e-02	5.202175e+00
2.233333e+00	-5.586108e-02	5.209320e+00
2.266667e+00	-5.230365e-02	5.228948e+00
2.300000e+00	-4.627214e-02	5.262227e+00
2.333333e+00	-4.009540e-02	5.296307e+00
2.366667e+00	-3.654152e-02	5.315916e+00
2.400000e+00	-3.546247e-02	5.321870e+00
2.433333e+00	-3.372137e-02	5.331476e+00
2.466667e+00	-2.884944e-02	5.358357e+00
2.500000e+00	-2.145536e-02	5.399154e+00
2.533333e+00	-1.365737e-02	5.442180e+00
2.566667e+00	-6.896390e-03	5.479484e+00
2.600000e+00	-1.153866e-03	5.511169e+00
2.633333e+00	5.350909e-03	5.547059e+00
2.666667e+00	1.482820e-02	5.599350e+00
2.700000e+00	2.722285e-02	5.667738e+00
2.733333e+00	3.974997e-02	5.736857e+00
2.766667e+00	4.928647e-02	5.789475e+00
2.800000e+00	5.499435e-02	5.820968e+00
2.833333e+00	5.885883e-02	5.842291e+00
2.866667e+00	6.283069e-02	5.864206e+00
2.900000e+00	6.501335e-02	5.876248e+00
2.933333e+00	6.070523e-02	5.852478e+00
2.966667e+00	4.877315e-02	5.786643e+00
3	3.500749e-02	5.710690e+00
3.033333e+00	2.705082e-02	5.666789e+00
3.066667e+00	2.725127e-02	5.667895e+00
3.100000e+00	3.175646e-02	5.692752e+00
3.133333e+00	3.529421e-02	5.712272e+00
3.166667e+00	3.559045e-02	5.713907e+00
3.200000e+00	3.383259e-02	5.704207e+00
3.233333e+00	3.228811e-02	5.695686e+00
3.266667e+00	3.207975e-02	5.694536e+00
3.300000e+00	3.279159e-02	5.698464e+00
3.333333e+00	3.345283e-02	5.702112e+00
3.366667e+00	3.354591e-02	5.702626e+00
3.400000e+00	3.322772e-02	5.700870e+00
3.433333e+00	3.291951e-02	5.699170e+00
3.466667e+00	3.285966e-02	5.698839e+00
3.500000e+00	3.299075e-02	5.699563e+00
3.533333e+00	3.312895e-02	5.700325e+00
3.566667e+00	3.316232e-02	5.700509e+00
3.600000e+00	3.310880e-02	5.700214e+00
3.633333e+00	3.304730e-02	5.699875e+00
3.666667e+00	3.302969e-02	5.699777e+00
3.700000e+00	3.305133e-02	5.699897e+00
3.733333e+00	3.307858e-02	5.700047e+00
3.766667e+00	3.308757e-02	5.700097e+00
3.800000e+00	3.307892e-02	5.700049e+00
3.833333e+00	3.306690e-02	5.699983e+00
3.866667e+00	3.306242e-02	5.699958e+00
3.900000e+00	3.306582e-02	5.699977e+00
3.933333e+00	3.307110e-02	5.700006e+00
3.966667e+00	3.307330e-02	5.700018e+00
4	3.307198e-02	5.700011e+00
4.033333e+00	3.306967e-02	5.699998e+00
4.066667e+00	3.306861e-02	5.699992e+00
4.100000e+00	3.306911e-02	5.699995e+00
4.133333e+00	3.307011e-02	5.700001e+00
4.166667e+00	3.307062e-02	5.700003e+00
4.200000e+00	3.307044e-02	5.700002e+00
4.233333e+00	3.307000e-02	5.700000e+00
4.266667e+00	3.306976e-02	5.699999e+00
4.300000e+00	3.306983e-02	5.699999e+00
4.333333e+00	3.287768e-02	5.698939e+00
4.366667e+00	3.159979e-02	5.691888e+00
4.400000e+00	2.768715e-02	5.670300e+00
4.433333e+00	1.985470e-02	5.627084e+00
4.466667e+00	7.002033e-03	5.556169e+00
4.500000e+00	-1.265004e-02	5.447738e+00
4.533333e+00	-3.963837e-02	5.298829e+00
4.566667e+00	-6.957812e-02	5.133635e+00
4.600000e+00	-9.446527e-02	4.996320e+00
4.633333e+00	-1.096830e-01	4.912355e+00
4.666667e+00	-1.176940e-01	4.868154e+00
4.700000e+00	-1.234933e-01	4.836156e+00
4.733333e+00	-1.290099e-01	4.805719e+00
4.766667e+00	-1.336633e-01	4.780043e+00
4.800000e+00	-1.377285e-01	4.757613e+00
4.833333e+00	-1.422802e-01	4.732499e+00
4.866667e+00	-1.469138e-01	4.706933e+00
4.900000e+00	-1.498581e-01	4.690688e+00
4.933333e+00	-1.502051e-01	4.688773e+00
4.966667e+00	-1.488978e-01	4.695986e+00
5	-1.476254e-01	4.703007e+00
5.033333e+00	-1.473352e-01	4.704608e+00
5.066667e+00	-1.478249e-01	4.701906e+00
5.100000e+00	-1.483767e-01	4.698861e+00
5.133333e+00	-1.485308e-01	4.698011e+00
5.166667e+00	-1.483213e-01	4.699167e+00
5.200000e+00	-1.479732e-01	4.701087e+00
5.233333e+00	-1.475377e-01	4.703490e+00
5.266667e+00	-1.468960e-01	4.707031e+00
5.300000e+00	-1.460152e-01	4.711891e+00
5.333333e+00	-1.450061e-01	4.717459e+00
5.366667e+00	-1.439471e-01	4.723302e+00
5.400000e+00	-1.428070e-01	4.729592e+00
5.433333e+00	-1.415453e-01	4.736554e+00
5.466667e+00	-1.401949e-01	4.744005e+00
5.500000e+00	-1.388342e-01	4.751512e+00
5.533333e+00	-1.375170e-01	4.758780e+00
5.566667e+00	-1.362416e-01	4.765817e+00
5.600000e+00	-1.349752e-01	4.772805e+00
5.633333e+00	-1.336918e-01	4.779886e+00
5.666667e+00	-1.324037e-01	4.786993e+00
5.700000e+00	-1.310096e-01	4.794685e+00
5.733333e+00	-1.288023e-01	4.806864e+00
5.766667e+00	-1.246017e-01	4.830041e+00
5.800000e+00	-1.183965e-01	4.864278e+00
5.833333e+00	-1.124018e-01	4.897354e+00
5.866667e+00	-1.092830e-01	4.914562e+00
5.900000e+00	-1.095756e-01	4.912948e+00
5.933333e+00	-1.114927e-01	4.902370e+00
5.966667e+00	-1.130730e-01	4.893651e+00
6	-1.143819e-01	4.886429e+00
6.033333e+00	-1.173414e-01	4.870100e+00
6.066667e+00	-1.228950e-01	4.839457e+00
6.100000e+00	-1.290384e-01	4.805561e+00
6.133333e+00	-1.326483e-01	4.785643e+00
6.166667e+00	-1.326640e-01	4.785557e+00
6.200000e+00	-1.309029e-01	4.795274e+00
6.233333e+00	-1.305872e-01	4.797016e+00
6.266667e+00	-1.341353e-01	4.777439e+00
6.300000e+00	-1.410730e-01	4.739160e+00
6.333333e+00	-1.479678e-01	4.701118e+00
6.366667e+00	-1.513741e-01	4.682323e+00
6.400000e+00	-1.507970e-01	4.685507e+00
6.433333e+00	-1.484942e-01	4.698213e+00
6.466667e+00	-1.467750e-01	4.707699e+00
6.500000e+00	-1.455281e-01	4.714579e+00
6.533333e+00	-1.423457e-01	4.732138e+00
6.566667e+00	-1.354758e-01	4.770043e+00
6.600000e+00	-1.262588e-01	4.820898e+00
6.633333e+00	-1.178943e-01	4.867049e+00
6.666667e+00	-1.122869e-01	4.897988e+00
6.700000e+00	-1.087680e-01	4.917404e+00
6.733333e+00	-1.054353e-01	4.935792e+00
6.766667e+00	-1.010544e-01	4.959964e+00
6.800000e+00	-9.572402e-02	4.989374e+00
6.833333e+00	-9.024000e-02	5.019633e+00
6.866667e+00	-8.517990e-02	5.047552e+00
6.900000e+00	-8.054289e-02	5.073137e+00
6.933333e+00	-7.599523e-02	5.098229e+00
6.966667e+00	-7.132526e-02	5.123995e+00
7	-6.675631e-02	5.149205e+00
7.033333e+00	-6.284154e-02	5.170805e+00
7.066667e+00	-5.999146e-02	5.186530e+00
7.100000e+00	-5.841537e-02	5.195226e+00
7.133333e+00	-5.882256e-02	5.192979e+00
7.166667e+00	-6.234670e-02	5.173535e+00
7.200000e+00	-6.870075e-02	5.138476e+00
7.233333e+00	-7.532722e-02	5.101914e+00
7.266667e+00	-7.999925e-02	5.076136e+00
7.300000e+00	-8.340867e-02	5.057325e+00
7.333333e+00	-8.749569e-02	5.034775e+00
7.366667e+00	-9.218029e-02	5.008927e+00
7.400000e+00	-9.544399e-02	4.990919e+00
7.433333e+00	-9.601252e-02	4.987783e+00
7.466667e+00	-9.469309e-02	4.995063e+00
7.500000e+00	-9.328184e-02	5.002849e+00
7.533333e+00	-9.288876e-02	5.005018e+00
7.566667e+00	-9.337753e-02	5.002321e+00
7.600000e+00	-9.398816e-02	4.998952e+00
7.633333e+00	-9.418924e-02	4.997843e+00
7.666667e+00	-9.399648e-02	4.998906e+00
7.700000e+00	-9.372877e-02	5.000383e+00
7.733333e+00	-9.362900e-02	5.000934e+00
7.766667e+00	-9.370492e-02	5.000515e+00
7.800000e+00	-9.382241e-02	4.999867e+00
7.833333e+00	-9.387121e-02	4.999597e+00
7.866667e+00	-9.384183e-02	4.999759e+00
7.900000e+00	-9.379046e-02	5.000043e+00
7.933333e+00	-9.376691e-02	5.000173e+00
7.966667e+00	-9.377801e-02	5.000112e+00
8	-9.380038e-02	4.999988e+00
8.033333e+00	-9.381161e-02	4.999926e+00
8.066667e+00	-9.380754e-02	4.999949e+00
8.100000e+00	-9.379785e-02	5.000002e+00
8.133333e+00	-9.379255e-02	5.000031e+00
8.166667e+00	-9.379397e-02	5.000024e+00
8.200000e+00	-9.379815e-02	5.000000e+00
8.233333e+00	-9.360830e-02	5.001048e+00
8.266667e+00	-9.232983e-02	5.008102e+00
8.300000e+00	-8.860775e-02	5.028639e+00
8.333333e+00	-8.243689e-02	5.062687e+00
8.366667e+00	-7.624537e-02	5.096848e+00
8.400000e+00	-7.295268e-02	5.115016e+00
8.433333e+00	-7.321449e-02	5.113572e+00
8.466667e+00	-7.520347e-02	5.102597e+00
8.500000e+00	-7.685732e-02	5.093472e+00
8.533333e+00	-7.818270e-02	5.086159e+00
8.566667e+00	-8.111300e-02	5.069991e+00
8.600000e+00	-8.663425e-02	5.039527e+00
8.633333e+00	-9.276896e-02	5.005679e+00
8.666667e+00	-9.639070e-02	4.985696e+00
8.700000e+00	-9.642075e-02	4.985530e+00
8.733333e+00	-9.447183e-02	4.996283e+00
8.766667e+00	-9.287335e-02	5.005103e+00
8.800000e+00	-9.269483e-02	5.006088e+00
8.833333e+00	-9.346051e-02	5.001863e+00
8.866667e+00	-9.415754e-02	4.998018e+00
8.900000e+00	-9.421190e-02	4.997718e+00
8.933333e+00	-9.368096e-02	5.000647e+00
8.966667e+00	-9.289310e-02	5.004994e+00
9	-9.209553e-02	5.009395e+00
9.033333e+00	-9.135637e-02	5.013473e+00
9.066667e+00	-9.063900e-02	5.017431e+00
9.100000e+00	-8.990011e-02	5.021508e+00
9.133333e+00	-8.913348e-02	5.025738e+00
9.166667e+00	-8.835923e-02	5.030010e+00
9.200000e+00	-8.759570e-02	5.034223e+00
9.233333e+00	-8.684511e-02	5.038364e+00
9.266667e+00	-8.609848e-02	5.042484e+00
9.300000e+00	-8.534741e-02	5.046628e+00
9.333333e+00	-8.459055e-02	5.050804e+00
9.366667e+00	-8.383167e-02	5.054991e+00
9.400000e+00	-8.307455e-02	5.059168e+00
9.433333e+00	-8.231998e-02	5.063332e+00
9.466667e+00	-8.156642e-02	5.067489e+00
9.500000e+00	-8.081217e-02	5.071651e+00
9.533333e+00	-8.005680e-02	5.075819e+00
9.566667e+00	-7.930094e-02	5.079989e+00
9.600000e+00	-7.854534e-02	5.084158e+00
9.633333e+00	-7.779024e-02	5.088325e+00
9.666667e+00	-7.704338e-02	5.092445e+00
9.700000e+00	-7.634967e-02	5.096273e+00
9.733333e+00	-7.581076e-02	5.099246e+00
9.766667e+00	-7.552882e-02	5.100802e+00
9.800000e+00	-7.550489e-02	5.100934e+00
9.833333e+00	-7.561828e-02	5.100308e+00
9.866667e+00	-7.572084e-02	5.099743e+00
9.900000e+00	-7.574051e-02	5.099634e+00
9.933333e+00	-7.569924e-02	5.099862e+00
9.966667e+00	-7.565595e-02	5.100101e+00
10	-7.564558e-02	5.100158e+00
1.003333e+01	-7.566226e-02	5.100066e+00
1.006667e+01	-7.568132e-02	5.099961e+00
1.010000e+01	-7.568670e-02	5.099931e+00
1.013333e+01	-7.567994e-02	5.099968e+00
1.016667e+01	-7.567150e-02	5.100015e+00
1.020000e+01	-7.566875e-02	5.100030e+00
1.023333e+01	-7.567146e-02	5.100015e+00
1.026667e+01	-7.567518e-02	5.099995e+00
1.030000e+01	-7.567656e-02	5.099987e+00
1.033333e+01	-7.567549e-02	5.099993e+00
1.036667e+01	-7.567385e-02	5.100002e+00
1.040000e+01	-7.567318e-02	5.100006e+00
1.043333e+01	-7.567359e-02	5.100003e+00
1.046667e+01	-7.567431e-02	5.099999e+00
1.050000e+01	-7.567463e-02	5.099998e+00
1.053333e+01	-7.567448e-02	5.099998e+00
1.056667e+01	-7.567416e-02	5.100000e+00
1.060000e+01	-7.567401e-02	5.100001e+00
1.063333e+01	-7.567407e-02	5.100001e+00
1.066667e+01	-7.586653e-02	5.098939e+00
1.070000e+01	-7.714461e-02	5.091887e+00
1.073333e+01	-8.086488e-02	5.071360e+00
1.076667e+01	-8.703452e-02	5.037319e+00
1.080000e+01	-9.322614e-02	5.003157e+00
1.083333e+01	-9.651961e-02	4.984985e+00
1.086667e+01	-9.625835e-02	4.986426e+00
1.090000e+01	-9.426936e-02	4.997401e+00
1.093333e+01	-9.280751e-02	5.005466e+00
1.096667e+01	-9.275989e-02	5.005729e+00
11	-9.354986e-02	5.001370e+00
1.103333e+01	-9.419845e-02	4.997792e+00
1.106667e+01	-9.425551e-02	4.997477e+00
1.110000e+01	-9.373492e-02	5.000349e+00
1.113333e+01	-9.216552e-02	5.009009e+00
1.116667e+01	-8.840510e-02	5.029757e+00
1.120000e+01	-8.237201e-02	5.063045e+00
1.123333e+01	-7.631129e-02	5.096485e+00
1.126667e+01	-7.304216e-02	5.114522e+00
1.130000e+01	-7.324699e-02	5.113392e+00
1.133333e+01	-7.517741e-02	5.102741e+00
1.136667e+01	-7.644614e-02	5.095741e+00
1.140000e+01	-7.532407e-02	5.101932e+00
1.143333e+01	-7.108792e-02	5.125305e+00
1.146667e+01	-6.470099e-02	5.160545e+00
1.150000e+01	-5.895372e-02	5.192256e+00
1.153333e+01	-5.654255e-02	5.205560e+00
1.156667e+01	-5.783144e-02	5.198448e+00
1.160000e+01	-6.090188e-02	5.181507e+00
1.163333e+01	-6.352445e-02	5.167037e+00
1.166667e+01	-6.481210e-02	5.159932e+00
1.170000e+01	-6.528864e-02	5.157303e+00
1.173333e+01	-6.587971e-02	5.154041e+00
1.176667e+01	-6.702319e-02	5.147732e+00
1.180000e+01	-6.853546e-02	5.139388e+00
1.183333e+01	-7.002024e-02	5.131196e+00
1.186667e+01	-7.127080e-02	5.124296e+00
1.190000e+01	-7.235270e-02	5.118326e+00
1.193333e+01	-7.342407e-02	5.112415e+00
1.196667e+01	-7.450947e-02	5.106426e+00
12	-7.542378e-02	5.101382e+00
1.203333e+01	-7.593015e-02	5.098588e+00
1.206667e+01	-7.598193e-02	5.098302e+00
1.210000e+01	-7.597156e-02	5.098359e+00
1.213333e+01	-7.706090e-02	5.092349e+00
1.216667e+01	-8.074260e-02	5.072035e+00
1.220000e+01	-8.698695e-02	5.037581e+00
1.223333e+01	-9.325875e-02	5.002977e+00
1.226667e+01	-9.676475e-02	4.983632e+00
1.230000e+01	-9.794370e-02	4.977127e+00
1.233333e+01	-1.009177e-01	4.960718e+00
1.236667e+01	-1.093354e-01	4.914273e+00
1.240000e+01	-1.216613e-01	4.846264e+00
1.243333e+01	-1.321444e-01	4.788424e+00
1.246667e+01	-1.371084e-01	4.761034e+00
1.250000e+01	-1.386306e-01	4.752636e+00
1.253333e+01	-1.410143e-01	4.739484e+00
1.256667e+01	-1.452102e-01	4.716333e+00
1.260000e+01	-1.479298e-01	4.701327e+00
1.263333e+01	-1.455412e-01	4.714506e+00
1.266667e+01	-1.383186e-01	4.754357e+00
1.270000e+01	-1.307185e-01	4.796291e+00
1.273333e+01	-1.272877e-01	4.815221e+00
1.276667e+01	-1.288238e-01	4.806745e+00
1.280000e+01	-1.326718e-01	4.785514e+00
1.283333e+01	-1.358120e-01	4.768188e+00
1.286667e+01	-1.371635e-01	4.760731e+00
1.290000e+01	-1.375281e-01	4.758719e+00
1.293333e+01	-1.381414e-01	4.755335e+00
1.296667e+01	-1.395158e-01	4.747752e+00
13	-1.413450e-01	4.737659e+00
1.303333e+01	-1.430932e-01	4.728013e+00
1.306667e+01	-1.445151e-01	4.720168e+00
1.310000e+01	-1.457117e-01	4.713566e+00
1.313333e+01	-1.468326e-01	4.707381e+00
1.316667e+01	-1.478067e-01	4.702006e+00
1.320000e+01	-1.484032e-01	4.698715e+00
1.323333e+01	-1.485193e-01	4.698075e+00
1.326667e+01	-1.483228e-01	4.699159e+00
1.330000e+01	-1.481020e-01	4.700377e+00
1.333333e+01	-1.480335e-01	4.700755e+00
1.336667e+01	-1.481025e-01	4.700374e+00
1.340000e+01	-1.483876e-01	4.698801e+00
1.343333e+01	-1.496991e-01	4.691565e+00
1.346667e+01	-1.533925e-01	4.671187e+00
1.350000e+01	-1.597141e-01	4.636307e+00
1.353333e+01	-1.671674e-01	4.595183e+00
1.356667e+01	-1.741917e-01	4.556426e+00
1.360000e+01	-1.801178e-01	4.523729e+00
1.363333e+01	-1.843146e-01	4.500573e+00
1.366667e+01	-1.860372e-01	4.491068e+00
1.370000e+01	-1.853635e-01	4.494785e+00
1.373333e+01	-1.834406e-01	4.505395e+00
1.376667e+01	-1.816408e-01	4.515325e+00
1.380000e+01	-1.806053e-01	4.521039e+00
1.383333e+01	-1.800408e-01	4.524154e+00
1.386667e+01	-1.793045e-01	4.528216e+00
1.390000e+01	-1.780775e-01	4.534986e+00
1.393333e+01	-1.765225e-01	4.543566e+00
1.396667e+01	-1.749810e-01	4.552071e+00
14	-1.736393e-01	4.559474e+00
1.403333e+01	-1.724490e-01	4.566042e+00
1.406667e+01	-1.712638e-01	4.572581e+00
1.410000e+01	-1.699954e-01	4.579579e+00
1.413333e+01	-1.686721e-01	4.586881e+00
1.416667e+01	-1.674339e-01	4.593712e+00
1.420000e+01	-1.664963e-01	4.598886e+00
1.423333e+01	-1.660304e-01	4.601456e+00
1.426667e+01	-1.660111e-01	4.601563e+00
1.430000e+01	-1.662125e-01	4.600452e+00
1.433333e+01	-1.663814e-01	4.599520e+00
1.436667e+01	-1.665978e-01	4.598326e+00
1.440000e+01	-1.678016e-01	4.591684e+00
1.443333e+01	-1.714504e-01	4.571551e+00
1.446667e+01	-1.776065e-01	4.537585e+00
1.450000e+01	-1.840208e-01	4.502194e+00
1.453333e+01	-1.886239e-01	4.476796e+00
1.456667e+01	-1.920903e-01	4.457670e+00
1.460000e+01	-1.962586e-01	4.434671e+00
1.463333e+01	-2.009743e-01	4.408652e+00
1.466667e+01	-2.042162e-01	4.390765e+00
1.470000e+01	-2.047500e-01	4.387820e+00
1.473333e+01	-2.034158e-01	4.395181e+00
1.476667e+01	-2.018207e-01	4.403982e+00
1.480000e+01	-2.001648e-01	4.413119e+00
1.483333e+01	-1.969403e-01	4.430910e+00
1.486667e+01	-1.913781e-01	4.461600e+00
1.490000e+01	-1.853809e-01	4.494689e+00
1.493333e+01	-1.818913e-01	4.513943e+00
1.496667e+01	-1.818712e-01	4.514054e+00
15	-1.836502e-01	4.504238e+00
1.503333e+01	-1.847903e-01	4.497948e+00
1.506667e+01	-1.840812e-01	4.501861e+00
1.510000e+01	-1.819886e-01	4.513407e+00
1.513333e+01	-1.797064e-01	4.525999e+00
1.516667e+01	-1.780147e-01	4.535333e+00
1.520000e+01	-1.768895e-01	4.541541e+00
1.523333e+01	-1.758744e-01	4.547142e+00
1.526667e+01	-1.746226e-01	4.554049e+00
1.530000e+01	-1.731219e-01	4.562329e+00
1.533333e+01	-1.715618e-01	4.570937e+00
1.536667e+01	-1.700985e-01	4.579011e+00
1.540000e+01	-1.687604e-01	4.586393e+00
1.543333e+01	-1.675520e-01	4.593061e+00
1.546667e+01	-1.665905e-01	4.598366e+00
1.550000e+01	-1.658622e-01	4.602384e+00
1.553333e+01	-1.645086e-01	4.609853e+00
1.556667e+01	-1.609818e-01	4.629312e+00
1.560000e+01	-1.550070e-01	4.662278e+00
1.563333e+01	-1.488653e-01	4.696166e+00
1.566667e+01	-1.456955e-01	4.713655e+00
1.570000e+01	-1.471529e-01	4.705614e+00
1.573333e+01	-1.528372e-01	4.674251e+00
1.576667e+01	-1.604960e-01	4.631993e+00
1.580000e+01	-1.667711e-01	4.597370e+00
1.583333e+01	-1.692870e-01	4.583488e+00
1.586667e+01	-1.683663e-01	4.588568e+00
1.590000e+01	-1.663045e-01	4.599944e+00
1.593333e+01	-1.651647e-01	4.606233e+00
1.596667e+01	-1.654128e-01	4.604864e+00
16	-1.662498e-01	4.600246e+00
1.603333e+01	-1.667647e-01	4.597405e+00
1.606667e+01	-1.666892e-01	4.597821e+00
1.610000e+01	-1.663336e-01	4.599783e+00
1.613333e+01	-1.660973e-01	4.601088e+00
1.616667e+01	-1.661163e-01	4.600982e+00
1.620000e+01	-1.662678e-01	4.600146e+00
1.623333e+01	-1.663763e-01	4.599548e+00
1.626667e+01	-1.663744e-01	4.599559e+00
1.630000e+01	-1.663101e-01	4.599913e+00
1.633333e+01	-1.662606e-01	4.600186e+00
1.636667e+01	-1.662586e-01	4.600197e+00
1.640000e+01	-1.662857e-01	4.600048e+00
1.643333e+01	-1.663082e-01	4.599924e+00
1.646667e+01	-1.661180e-01	4.600973e+00
1.650000e+01	-1.648286e-01	4.608087e+00
1.653333e+01	-1.610982e-01	4.628670e+00
1.656667e+01	-1.549270e-01	4.662720e+00
1.660000e+01	-1.487401e-01	4.696857e+00
1.663333e+01	-1.454512e-01	4.715003e+00
1.666667e+01	-1.457133e-01	4.713557e+00
1.670000e+01	-1.477004e-01	4.702593e+00
1.673333e+01	-1.491602e-01	4.694538e+00
1.676667e+01	-1.492073e-01	4.694278e+00
1.680000e+01	-1.486105e-01	4.697572e+00
1.683333e+01	-1.492408e-01	4.694094e+00
1.686667e+01	-1.529043e-01	4.673880e+00
1.690000e+01	-1.592096e-01	4.639091e+00
1.693333e+01	-1.644142e-01	4.610374e+00
1.696667e+01	-1.640274e-01	4.612508e+00
17	-1.574599e-01	4.648744e+00
1.703333e+01	-1.491485e-01	4.694603e+00
1.706667e+01	-1.443689e-01	4.720974e+00
1.710000e+01	-1.446390e-01	4.719484e+00
1.713333e+01	-1.474765e-01	4.703828e+00
1.716667e+01	-1.494082e-01	4.693170e+00
1.720000e+01	-1.482117e-01	4.699772e+00
1.723333e+01	-1.433471e-01	4.726612e+00
1.726667e+01	-1.362303e-01	4.765880e+00
1.730000e+01	-1.297584e-01	4.801588e+00
1.733333e+01	-1.256634e-01	4.824183e+00
1.736667e+01	-1.226304e-01	4.840917e+00
1.740000e+01	-1.185105e-01	4.863649e+00
1.743333e+01	-1.135825e-01	4.890840e+00
1.746667e+01	-1.101581e-01	4.909734e+00
1.750000e+01	-1.096909e-01	4.912311e+00
1.753333e+01	-1.114592e-01	4.902555e+00
1.756667e+01	-1.137070e-01	4.890153e+00
1.760000e+01	-1.152732e-01	4.881511e+00
1.763333e+01	-1.161309e-01	4.876779e+00
1.766667e+01	-1.168566e-01	4.872775e+00
1.770000e+01	-1.178919e-01	4.867063e+00
1.773333e+01	-1.192450e-01	4.859597e+00
1.776667e+01	-1.206680e-01	4.851745e+00
1.780000e+01	-1.219618e-01	4.844607e+00
1.783333e+01	-1.231132e-01	4.838253e+00
1.786667e+01	-1.242272e-01	4.832107e+00
1.790000e+01	-1.253939e-01	4.825670e+00
1.793333e+01	-1.266238e-01	4.818884e+00
1.796667e+01	-1.278604e-01	4.812061e+00
18	-1.289906e-01	4.805825e+00
1.803333e+01	-1.296524e-01	4.802173e+00
1.806667e+01	-1.288075e-01	4.806835e+00
1.810000e+01	-1.251159e-01	4.827204e+00
1.813333e+01	-1.187676e-01	4.862230e+00
1.816667e+01	-1.126120e-01	4.896194e+00
1.820000e+01	-1.105696e-01	4.907463e+00
1.823333e+01	-1.146162e-01	4.885136e+00
1.826667e+01	-1.228409e-01	4.839756e+00
1.830000e+01	-1.305089e-01	4.797448e+00
1.833333e+01	-1.338235e-01	4.779159e+00
1.836667e+01	-1.327432e-01	4.785120e+00
1.840000e+01	-1.302903e-01	4.798654e+00
1.843333e+01	-1.300602e-01	4.799923e+00
1.846667e+01	-1.340740e-01	4.777777e+00
1.850000e+01	-1.413290e-01	4.737747e+00
1.853333e+01	-1.482051e-01	4.699808e+00
1.856667e+01	-1.514133e-01	4.682107e+00
1.860000e+01	-1.508831e-01	4.685032e+00
1.863333e+01	-1.498581e-01	4.690688e+00
1.866667e+01	-1.523277e-01	4.677062e+00
1.870000e+01	-1.599240e-01	4.635149e+00
1.873333e+01	-1.707698e-01	4.575307e+00
1.876667e+01	-1.810483e-01	4.518594e+00
1.880000e+01	-1.880603e-01	4.479905e+00
1.883333e+01	-1.921952e-01	4.457091e+00
1.886667e+01	-1.955112e-01	4.438795e+00
1.890000e+01	-1.987374e-01	4.420994e+00
1.893333e+01	-2.007402e-01	4.409944e+00
1.896667e+01	-2.004916e-01	4.411316e+00
19	-1.984544e-01	4.422556e+00
1.903333e+01	-1.960483e-01	4.435832e+00
1.906667e+01	-1.943397e-01	4.445259e+00
1.910000e+01	-1.934087e-01	4.450396e+00
1.913333e+01	-1.927029e-01	4.454290e+00
1.916667e+01	-1.917315e-01	4.459650e+00
1.920000e+01	-1.904210e-01	4.466881e+00
1.923333e+01	-1.889959e-01	4.474744e+00
1.926667e+01	-1.876758e-01	4.482027e+00
1.930000e+01	-1.865174e-01	4.488418e+00
1.933333e+01	-1.855010e-01	4.494027e+00
1.936667e+01	-1.846913e-01	4.498494e+00
1.940000e+01	-1.842277e-01	4.501052e+00
1.943333e+01	-1.841491e-01	4.501486e+00
1.946667e+01	-1.843060e-01	4.500620e+00
1.950000e+01	-1.844740e-01	4.499693e+00
1.953333e+01	-1.845228e-01	4.499424e+00
1.956667e+01	-1.844681e-01	4.499726e+00
1.960000e+01	-1.843978e-01	4.500114e+00
1.963333e+01	-1.843739e-01	4.500246e+00
1.966667e+01	-1.845876e-01	4.499066e+00
1.970000e+01	-1.858963e-01	4.491846e+00
1.973333e+01	-1.896283e-01	4.471254e+00
1.976667e+01	-1.957896e-01	4.437259e+00
1.980000e+01	-2.019678e-01	4.403171e+00
1.983333e+01	-2.052555e-01	4.385030e+00
1.986667e+01	-2.049975e-01	4.386454e+00
1.990000e+01	-2.030144e-01	4.397396e+00
1.993333e+01	-2.017476e-01	4.404386e+00
1.996667e+01	-2.027844e-01	4.398665e+00
20	-2.062065e-01	4.379784e+00
2.003333e+01	-2.105812e-01	4.355646e+00
2.006667e+01	-2.143809e-01	4.334681e+00
2.010000e+01	-2.173253e-01	4.318435e+00
2.013333e+01	-2.196714e-01	4.305490e+00
2.016667e+01	-2.211969e-01	4.297074e+00
2.020000e+01	-2.215989e-01	4.294855e+00
2.023333e+01	-2.211547e-01	4.297306e+00
2.026667e+01	-2.205549e-01	4.300616e+00
2.030000e+01	-2.203096e-01	4.301969e+00
2.033333e+01	-2.204496e-01	4.301197e+00
2.036667e+01	-2.206891e-01	4.299875e+00
2.040000e+01	-2.207287e-01	4.299657e+00
2.043333e+01	-2.204045e-01	4.301445e+00
2.046667e+01	-2.196993e-01	4.305337e+00
2.050000e+01	-2.187203e-01	4.310738e+00
2.053333e+01	-2.176416e-01	4.316690e+00
2.056667e+01	-2.166047e-01	4.322411e+00
2.060000e+01	-2.156519e-01	4.327668e+00
2.063333e+01	-2.147438e-01	4.332678e+00
2.066667e+01	-2.138246e-01	4.337750e+00
2.070000e+01	-2.128716e-01	4.343008e+00
2.073333e+01	-2.118987e-01	4.348377e+00
2.076667e+01	-2.109293e-01	4.353725e+00
2.080000e+01	-2.099742e-01	4.358995e+00
2.083333e+01	-2.090283e-01	4.364214e+00
2.086667e+01	-2.080814e-01	4.369438e+00
2.090000e+01	-2.071284e-01	4.374697e+00
2.093333e+01	-2.061712e-01	4.379978e+00
2.096667e+01	-2.052141e-01	4.385259e+00
21	-2.042698e-01	4.390469e+00
2.103333e+01	-2.033947e-01	4.395298e+00
2.106667e+01	-2.025231e-01	4.400107e+00
2.110000e+01	-2.008894e-01	4.409121e+00
2.113333e+01	-1.971384e-01	4.429817e+00
2.116667e+01	-1.911113e-01	4.463072e+00
2.120000e+01	-1.850490e-01	4.496521e+00
2.123333e+01	-1.817806e-01	4.514554e+00
2.126667e+01	-1.820344e-01	4.513154e+00
2.130000e+01	-1.843081e-01	4.500609e+00
2.133333e+01	-1.869546e-01	4.486006e+00
2.136667e+01	-1.896448e-01	4.471163e+00
2.140000e+01	-1.929293e-01	4.453041e+00
2.143333e+01	-1.970980e-01	4.430040e+00
2.146667e+01	-2.017827e-01	4.404192e+00
2.150000e+01	-2.063915e-01	4.378763e+00
2.153333e+01	-2.106332e-01	4.355359e+00
2.156667e+01	-2.146196e-01	4.333364e+00
2.160000e+01	-2.186128e-01	4.311331e+00
2.163333e+01	-2.227141e-01	4.288702e+00
2.166667e+01	-2.266371e-01	4.267057e+00
2.170000e+01	-2.296023e-01	4.250696e+00
2.173333e+01	-2.304953e-01	4.245769e+00
2.176667e+01	-2.285915e-01	4.256274e+00
2.180000e+01	-2.246039e-01	4.278275e+00
2.183333e+01	-2.206915e-01	4.299862e+00
2.186667e+01	-2.187930e-01	4.310337e+00
2.190000e+01	-2.189527e-01	4.309456e+00
2.193333e+01	-2.194702e-01	4.306600e+00
2.196667e+01	-2.185617e-01	4.311613e+00
22	-2.157873e-01	4.326921e+00
2.203333e+01	-2.120467e-01	4.347560e+00
2.206667e+01	-2.085030e-01	4.367112e+00
2.210000e+01	-2.056522e-01	4.382842e+00
2.213333e+01	-2.032411e-01	4.396145e+00
2.216667e+01	-2.007838e-01	4.409703e+00
2.220000e+01	-1.980389e-01	4.424848e+00
2.223333e+01	-1.950942e-01	4.441096e+00
2.226667e+01	-1.921577e-01	4.457298e+00
2.230000e+01	-1.893726e-01	4.472665e+00
2.233333e+01	-1.868752e-01	4.486444e+00
2.236667e+01	-1.847595e-01	4.498118e+00
2.240000e+01	-1.824558e-01	4.510829e+00
2.243333e+01	-1.786209e-01	4.531988e+00
2.246667e+01	-1.728403e-01	4.563882e+00
2.250000e+01	-1.670192e-01	4.596001e+00
2.253333e+01	-1.638090e-01	4.613713e+00
2.256667e+01	-1.639310e-01	4.613040e+00
2.260000e+01	-1.659567e-01	4.601863e+00
2.263333e+01	-1.686540e-01	4.586981e+00
2.266667e+01	-1.724777e-01	4.565883e+00
2.270000e+01	-1.779257e-01	4.535824e+00
2.273333e+01	-1.834903e-01	4.505121e+00
2.276667e+01	-1.867043e-01	4.487388e+00
2.280000e+01	-1.867411e-01	4.487184e+00
2.283333e+01	-1.850327e-01	4.496611e+00
2.286667e+01	-1.836199e-01	4.504406e+00
2.290000e+01	-1.834489e-01	4.505349e+00
2.293333e+01	-1.841133e-01	4.501683e+00
2.296667e+01	-1.847341e-01	4.498258e+00
23	-1.848418e-01	4.497664e+00
2.303333e+01	-1.845695e-01	4.499166e+00
2.306667e+01	-1.842931e-01	4.500692e+00
2.310000e+01	-1.842027e-01	4.501190e+00
2.313333e+01	-1.840883e-01	4.501821e+00
2.316667e+01	-1.834130e-01	4.505548e+00
2.320000e+01	-1.816978e-01	4.515011e+00
2.323333e+01	-1.789521e-01	4.530161e+00
2.326667e+01	-1.756904e-01	4.548157e+00
2.330000e+01	-1.725067e-01	4.565723e+00
2.333333e+01	-1.696642e-01	4.581407e+00
2.336667e+01	-1.670525e-01	4.595817e+00
2.340000e+01	-1.644324e-01	4.610273e+00
2.343333e+01	-1.616750e-01	4.625487e+00
2.346667e+01	-1.588145e-01	4.641270e+00
2.350000e+01	-1.559516e-01	4.657066e+00
2.353333e+01	-1.531759e-01	4.672382e+00
2.356667e+01	-1.506434e-01	4.686355e+00
2.360000e+01	-1.486869e-01	4.697150e+00
2.363333e+01	-1.474630e-01	4.703903e+00
2.366667e+01	-1.460850e-01	4.711506e+00
2.370000e+01	-1.427686e-01	4.729804e+00
2.373333e+01	-1.369728e-01	4.761783e+00
2.376667e+01	-1.310507e-01	4.794458e+00
2.380000e+01	-1.288894e-01	4.806383e+00
2.383333e+01	-1.327135e-01	4.785283e+00
2.386667e+01	-1.408321e-01	4.740489e+00
2.390000e+01	-1.485443e-01	4.697936e+00
2.393333e+01	-1.519546e-01	4.679120e+00
2.396667e+01	-1.509239e-01	4.684807e+00
24	-1.482626e-01	4.699491e+00
2.403333e+01	-1.467131e-01	4.708040e+00
2.406667e+01	-1.469834e-01	4.706549e+00
2.410000e+01	-1.480742e-01	4.700531e+00
2.413333e+01	-1.487764e-01	4.696656e+00
2.416667e+01	-1.487020e-01	4.697067e+00
2.420000e+01	-1.482391e-01	4.699621e+00
2.423333e+01	-1.479175e-01	4.701395e+00
2.426667e+01	-1.479312e-01	4.701319e+00
2.430000e+01	-1.481279e-01	4.700234e+00
2.433333e+01	-1.482750e-01	4.699423e+00
2.436667e+01	-1.482774e-01	4.699409e+00
2.440000e+01	-1.481943e-01	4.699868e+00
2.443333e+01	-1.481274e-01	4.700237e+00
2.446667e+01	-1.481226e-01	4.700263e+00
2.450000e+01	-1.481575e-01	4.700071e+00
2.453333e+01	-1.481878e-01	4.699904e+00
2.456667e+01	-1.481915e-01	4.699883e+00
2.460000e+01	-1.481770e-01	4.699963e+00
2.463333e+01	-1.481633e-01	4.700039e+00
2.466667e+01	-1.481610e-01	4.700052e+00
2.470000e+01	-1.481670e-01	4.700018e+00
2.473333e+01	-1.481731e-01	4.699985e+00
2.476667e+01	-1.481745e-01	4.699977e+00
2.480000e+01	-1.481720e-01	4.699991e+00
2.483333e+01	-1.481693e-01	4.700006e+00
2.486667e+01	-1.481685e-01	4.700010e+00
2.490000e+01	-1.481695e-01	4.700004e+00
2.493333e+01	-1.481707e-01	4.699998e+00
2.496667e+01	-1.481711e-01	4.699996e+00
25	-1.481707e-01	4.699998e+00
2.503333e+01	-1.481702e-01	4.700001e+00
2.506667e+01	-1.481700e-01	4.700002e+00
2.510000e+01	-1.479778e-01	4.701062e+00
2.513333e+01	-1.467001e-01	4.708112e+00
2.516667e+01	-1.429799e-01	4.728639e+00
2.520000e+01	-1.368101e-01	4.762681e+00
2.523333e+01	-1.306183e-01	4.796844e+00
2.526667e+01	-1.273248e-01	4.815016e+00
2.530000e+01	-1.275861e-01	4.813574e+00
2.533333e+01	-1.295752e-01	4.802599e+00
2.536667e+01	-1.310371e-01	4.794533e+00
2.540000e+01	-1.310847e-01	4.794271e+00
2.543333e+01	-1.302947e-01	4.798630e+00
2.546667e+01	-1.296461e-01	4.802208e+00
2.550000e+01	-1.295890e-01	4.802523e+00
2.553333e+01	-1.299173e-01	4.800712e+00
2.556667e+01	-1.302087e-01	4.799104e+00
2.560000e+01	-1.302488e-01	4.798883e+00
2.563333e+01	-1.301122e-01	4.799636e+00
2.566667e+01	-1.299813e-01	4.800359e+00
2.570000e+01	-1.299569e-01	4.800493e+00
2.573333e+01	-1.300134e-01	4.800182e+00
2.576667e+01	-1.300720e-01	4.799858e+00
2.580000e+01	-1.300856e-01	4.799783e+00
2.583333e+01	-1.302548e-01	4.798850e+00
2.586667e+01	-1.315067e-01	4.791942e+00
2.590000e+01	-1.352197e-01	4.771455e+00
2.593333e+01	-1.413988e-01	4.737362e+00
2.596667e+01	-1.476020e-01	4.703136e+00
26	-1.508992e-01	4.684943e+00
2.603333e+01	-1.508265e-01	4.685344e+00
2.606667e+01	-1.501104e-01	4.689296e+00
2.610000e+01	-1.523670e-01	4.676845e+00
2.613333e+01	-1.584906e-01	4.643058e+00
2.616667e+01	-1.654744e-01	4.604524e+00
2.620000e+01	-1.694174e-01	4.582769e+00
2.623333e+01	-1.692126e-01	4.583899e+00
2.626667e+01	-1.668943e-01	4.596690e+00
2.630000e+01	-1.651407e-01	4.606366e+00
2.633333e+01	-1.650531e-01	4.606849e+00
2.636667e+01	-1.659802e-01	4.601734e+00
2.640000e+01	-1.667599e-01	4.597431e+00
2.643333e+01	-1.668412e-01	4.596983e+00
2.646667e+01	-1.664563e-01	4.599107e+00
2.650000e+01	-1.661062e-01	4.601038e+00
2.653333e+01	-1.660525e-01	4.601334e+00
2.656667e+01	-1.660200e-01	4.601514e+00
2.660000e+01	-1.648991e-01	4.607699e+00
2.663333e+01	-1.612103e-01	4.628051e+00
2.666667e+01	-1.549748e-01	4.662456e+00
2.670000e+01	-1.487129e-01	4.697006e+00
2.673333e+01	-1.454022e-01	4.715274e+00
2.676667e+01	-1.454980e-01	4.714745e+00
2.680000e+01	-1.462402e-01	4.710649e+00
2.683333e+01	-1.439909e-01	4.723060e+00
2.686667e+01	-1.378579e-01	4.756899e+00
2.690000e+01	-1.308625e-01	4.795497e+00
2.693333e+01	-1.269158e-01	4.817273e+00
2.696667e+01	-1.271243e-01	4.816122e+00
27	-1.294477e-01	4.803303e+00
2.703333e+01	-1.312032e-01	4.793617e+00
2.706667e+01	-1.312893e-01	4.793142e+00
2.710000e+01	-1.303600e-01	4.798269e+00
2.713333e+01	-1.295794e-01	4.802576e+00
2.716667e+01	-1.294730e-01	4.803163e+00
2.720000e+01	-1.296628e-01	4.802116e+00
2.723333e+01	-1.293213e-01	4.804000e+00
2.726667e+01	-1.278601e-01	4.812063e+00
2.730000e+01	-1.253595e-01	4.825859e+00
2.733333e+01	-1.224229e-01	4.842063e+00
2.736667e+01	-1.196468e-01	4.857379e+00
2.740000e+01	-1.172335e-01	4.870695e+00
2.743333e+01	-1.150194e-01	4.882912e+00
2.746667e+01	-1.127586e-01	4.895386e+00
2.750000e+01	-1.103482e-01	4.908685e+00
2.753333e+01	-1.078470e-01	4.922485e+00
2.756667e+01	-1.053604e-01	4.936205e+00
2.760000e+01	-1.029632e-01	4.949432e+00
2.763333e+01	-1.007782e-01	4.961488e+00
2.766667e+01	-9.922644e-02	4.970050e+00
2.770000e+01	-9.926625e-02	4.969830e+00
2.773333e+01	-1.019034e-01	4.955279e+00
2.776667e+01	-1.067765e-01	4.928392e+00
2.780000e+01	-1.116424e-01	4.901544e+00
2.783333e+01	-1.141265e-01	4.887838e+00
2.786667e+01	-1.138092e-01	4.889589e+00
2.790000e+01	-1.124059e-01	4.897331e+00
2.793333e+01	-1.125763e-01	4.896391e+00
2.796667e+01	-1.163122e-01	4.875778e+00
28	-1.231214e-01	4.838208e+00
2.803333e+01	-1.298069e-01	4.801321e+00
2.806667e+01	-1.331218e-01	4.783031e+00
2.810000e+01	-1.325932e-01	4.785947e+00
2.813333e+01	-1.303813e-01	4.798151e+00
2.816667e+01	-1.288982e-01	4.806335e+00
2.820000e+01	-1.289624e-01	4.805980e+00
2.823333e+01	-1.298530e-01	4.801067e+00
2.826667e+01	-1.305163e-01	4.797407e+00
2.830000e+01	-1.305268e-01	4.797349e+00
2.833333e+01	-1.301533e-01	4.799409e+00
2.836667e+01	-1.298532e-01	4.801066e+00
2.840000e+01	-1.298322e-01	4.801181e+00
2.843333e+01	-1.301814e-01	4.799255e+00
2.846667e+01	-1.315952e-01	4.791454e+00
2.850000e+01	-1.353319e-01	4.770836e+00
2.853333e+01	-1.414362e-01	4.737156e+00
2.856667e+01	-1.475667e-01	4.703331e+00
2.860000e+01	-1.508497e-01	4.685216e+00
2.863333e+01	-1.506156e-01	4.686508e+00
2.866667e+01	-1.486540e-01	4.697332e+00
2.870000e+01	-1.471981e-01	4.705364e+00
2.873333e+01	-1.471393e-01	4.705689e+00
2.876667e+01	-1.479171e-01	4.701397e+00
2.880000e+01	-1.485625e-01	4.697836e+00
2.883333e+01	-1.486241e-01	4.697497e+00
2.886667e+01	-1.483012e-01	4.699278e+00
2.890000e+01	-1.480115e-01	4.700876e+00
2.893333e+01	-1.479695e-01	4.701108e+00
2.896667e+01	-1.481038e-01	4.700367e+00
29	-1.482338e-01	4.699650e+00
2.903333e+01	-1.482589e-01	4.699511e+00
2.906667e+01	-1.482035e-01	4.699817e+00
2.910000e+01	-1.481453e-01	4.700138e+00
2.913333e+01	-1.481186e-01	4.700285e+00
2.916667e+01	-1.480433e-01	4.700701e+00
2.920000e+01	-1.477231e-01	4.702468e+00
2.923333e+01	-1.469731e-01	4.706606e+00
2.926667e+01	-1.457938e-01	4.713113e+00
2.930000e+01	-1.443926e-01	4.720844e+00
2.933333e+01	-1.430166e-01	4.728436e+00
2.936667e+01	-1.417806e-01	4.735256e+00
2.940000e+01	-1.406434e-01	4.741530e+00
2.943333e+01	-1.395063e-01	4.747804e+00
2.946667e+01	-1.383131e-01	4.754388e+00
2.950000e+01	-1.370759e-01	4.761214e+00
2.953333e+01	-1.358362e-01	4.768054e+00
2.956667e+01	-1.346199e-01	4.774765e+00
2.960000e+01	-1.334235e-01	4.781366e+00
2.963333e+01	-1.322420e-01	4.787885e+00
2.966667e+01	-1.311359e-01	4.793988e+00
2.970000e+01	-1.302689e-01	4.798772e+00
2.973333e+01	-1.298118e-01	4.801294e+00
2.976667e+01	-1.297716e-01	4.801516e+00
2.980000e+01	-1.299549e-01	4.800504e+00
2.983333e+01	-1.301216e-01	4.799584e+00
2.986667e+01	-1.301541e-01	4.799405e+00
2.990000e+01	-1.302796e-01	4.798713e+00
2.993333e+01	-1.314872e-01	4.792050e+00
2.996667e+01	-1.351904e-01	4.771617e+00
30	-1.413871e-01	4.737427e+00
3.003333e+01	-1.476226e-01	4.703022e+00
3.006667e+01	-1.510229e-01	4.684261e+00
3.010000e+01	-1.510967e-01	4.683853e+00
3.013333e+01	-1.498514e-01	4.690725e+00
3.016667e+01	-1.495551e-01	4.692359e+00
3.020000e+01	-1.509016e-01	4.684930e+00
3.023333e+01	-1.530699e-01	4.672966e+00
3.026667e+01	-1.549604e-01	4.662535e+00
3.030000e+01	-1.561580e-01	4.655928e+00
3.033333e+01	-1.569661e-01	4.651469e+00
3.036667e+01	-1.578653e-01	4.646508e+00
3.040000e+01	-1.590608e-01	4.639912e+00
3.043333e+01	-1.604373e-01	4.632316e+00
3.046667e+01	-1.617857e-01	4.624877e+00
3.050000e+01	-1.630072e-01	4.618137e+00
3.053333e+01	-1.641322e-01	4.611930e+00
3.056667e+01	-1.651792e-01	4.606153e+00
3.060000e+01	-1.660322e-01	4.601446e+00
3.063333e+01	-1.665125e-01	4.598797e+00
3.066667e+01	-1.665790e-01	4.598430e+00
3.070000e+01	-1.664031e-01	4.599400e+00
3.073333e+01	-1.662270e-01	4.600372e+00
3.076667e+01	-1.661829e-01	4.600615e+00
3.080000e+01	-1.664382e-01	4.599206e+00
3.083333e+01	-1.677904e-01	4.591746e+00
3.086667e+01	-1.715329e-01	4.571096e+00
3.090000e+01	-1.776775e-01	4.537193e+00
3.093333e+01	-1.838367e-01	4.503210e+00
3.096667e+01	-1.871190e-01	4.485099e+00
31	-1.868677e-01	4.486486e+00
3.103333e+01	-1.848930e-01	4.497381e+00
3.106667e+01	-1.836290e-01	4.504356e+00
3.110000e+01	-1.848555e-01	4.497588e+00
3.113333e+01	-1.893595e-01	4.472738e+00
3.116667e+01	-1.961751e-01	4.435132e+00
3.120000e+01	-2.024253e-01	4.400646e+00
3.123333e+01	-2.053932e-01	4.384271e+00
3.126667e+01	-2.048419e-01	4.387313e+00
3.130000e+01	-2.028121e-01	4.398512e+00
3.133333e+01	-2.014857e-01	4.405830e+00
3.136667e+01	-2.015684e-01	4.405374e+00
3.140000e+01	-2.023830e-01	4.400880e+00
3.143333e+01	-2.029756e-01	4.397610e+00
3.146667e+01	-2.029744e-01	4.397617e+00
3.150000e+01	-2.026324e-01	4.399504e+00
3.153333e+01	-2.023639e-01	4.400985e+00
3.156667e+01	-2.023498e-01	4.401063e+00
3.160000e+01	-2.024936e-01	4.400269e+00
3.163333e+01	-2.024229e-01	4.400659e+00
3.166667e+01	-2.011578e-01	4.407640e+00
3.170000e+01	-1.973773e-01	4.428499e+00
3.173333e+01	-1.911527e-01	4.462843e+00
3.176667e+01	-1.849526e-01	4.497053e+00
3.180000e+01	-1.816841e-01	4.515087e+00
3.183333e+01	-1.819700e-01	4.513509e+00
3.186667e+01	-1.839640e-01	4.502507e+00
3.190000e+01	-1.854155e-01	4.494498e+00
3.193333e+01	-1.854522e-01	4.494296e+00
3.196667e+01	-1.846594e-01	4.498670e+00
32	-1.840150e-01	4.502226e+00
3.203333e+01	-1.837706e-01	4.503575e+00
3.206667e+01	-1.828223e-01	4.508807e+00
3.210000e+01	-1.793917e-01	4.527735e+00
3.213333e+01	-1.732599e-01	4.561567e+00
3.216667e+01	-1.669309e-01	4.596488e+00
3.220000e+01	-1.635072e-01	4.615378e+00
3.223333e+01	-1.637451e-01	4.614066e+00
3.226667e+01	-1.657909e-01	4.602778e+00
3.230000e+01	-1.673111e-01	4.594390e+00
3.233333e+01	-1.673719e-01	4.594055e+00
3.236667e+01	-1.663663e-01	4.599603e+00
3.240000e+01	-1.644137e-01	4.610377e+00
3.243333e+01	-1.606293e-01	4.631257e+00
3.246667e+01	-1.547973e-01	4.663435e+00
3.250000e+01	-1.489086e-01	4.695927e+00
3.253333e+01	-1.456589e-01	4.713857e+00
3.256667e+01	-1.457798e-01	4.713190e+00
3.260000e+01	-1.476328e-01	4.702966e+00
3.263333e+01	-1.490684e-01	4.695045e+00
3.266667e+01	-1.491740e-01	4.694462e+00
3.270000e+01	-1.484449e-01	4.698485e+00
3.273333e+01	-1.478108e-01	4.701984e+00
3.276667e+01	-1.477044e-01	4.702571e+00
3.280000e+01	-1.478095e-01	4.701991e+00
3.283333e+01	-1.474012e-01	4.704244e+00
3.286667e+01	-1.459362e-01	4.712327e+00
3.290000e+01	-1.434713e-01	4.725927e+00
3.293333e+01	-1.405649e-01	4.741963e+00
3.296667e+01	-1.377922e-01	4.757262e+00
33	-1.353640e-01	4.770660e+00
3.303333e+01	-1.331362e-01	4.782952e+00
3.306667e+01	-1.308732e-01	4.795438e+00
3.310000e+01	-1.284690e-01	4.808703e+00
3.313333e+01	-1.259739e-01	4.822469e+00
3.316667e+01	-1.234886e-01	4.836182e+00
3.320000e+01	-1.210889e-01	4.849423e+00
3.323333e+01	-1.188755e-01	4.861635e+00
3.326667e+01	-1.169859e-01	4.872061e+00
3.330000e+01	-1.154231e-01	4.880684e+00
3.333333e+01	-1.140146e-01	4.888455e+00
3.336667e+01	-1.127154e-01	4.895624e+00
3.340000e+01	-1.117757e-01	4.900809e+00
3.343333e+01	-1.114398e-01	4.902662e+00
3.346667e+01	-1.116139e-01	4.901701e+00
3.350000e+01	-1.121295e-01	4.898856e+00
3.353333e+01	-1.135734e-01	4.890890e+00
3.356667e+01	-1.172454e-01	4.870630e+00
3.360000e+01	-1.232834e-01	4.837315e+00
3.363333e+01	-1.293990e-01	4.803571e+00
3.366667e+01	-1.329006e-01	4.784251e+00
3.370000e+01	-1.339733e-01	4.778332e+00
3.373333e+01	-1.357397e-01	4.768587e+00
3.376667e+01	-1.404428e-01	4.742637e+00
3.380000e+01	-1.465629e-01	4.708869e+00
3.383333e+01	-1.506302e-01	4.686428e+00
3.386667e+01	-1.510186e-01	4.684285e+00
3.390000e+01	-1.490968e-01	4.694888e+00
3.393333e+01	-1.473141e-01	4.704724e+00
3.396667e+01	-1.469751e-01	4.706595e+00
34	-1.477206e-01	4.702482e+00
3.403333e+01	-1.485024e-01	4.698168e+00
3.406667e+01	-1.486902e-01	4.697131e+00
3.410000e+01	-1.483881e-01	4.698798e+00
3.413333e+01	-1.480418e-01	4.700709e+00
3.416667e+01	-1.479284e-01	4.701335e+00
3.420000e+01	-1.479376e-01	4.701284e+00
3.423333e+01	-1.476917e-01	4.702641e+00
3.426667e+01	-1.468681e-01	4.707185e+00
3.430000e+01	-1.454691e-01	4.714904e+00
3.433333e+01	-1.437979e-01	4.724125e+00
3.436667e+01	-1.421894e-01	4.733000e+00
3.440000e+01	-1.407783e-01	4.740786e+00
3.443333e+01	-1.394901e-01	4.747894e+00
3.446667e+01	-1.381881e-01	4.755077e+00
3.450000e+01	-1.368056e-01	4.762705e+00
3.453333e+01	-1.353676e-01	4.770639e+00
3.456667e+01	-1.339472e-01	4.778477e+00
3.460000e+01	-1.326442e-01	4.785666e+00
3.463333e+01	-1.315692e-01	4.791598e+00
3.466667e+01	-1.307811e-01	4.795946e+00
3.470000e+01	-1.302666e-01	4.798785e+00
3.473333e+01	-1.299922e-01	4.800299e+00
3.476667e+01	-1.299198e-01	4.800698e+00
3.480000e+01	-1.301663e-01	4.799338e+00
3.483333e+01	-1.315242e-01	4.791846e+00
3.486667e+01	-1.352807e-01	4.771119e+00
3.490000e+01	-1.414361e-01	4.737157e+00
3.493333e+01	-1.477888e-01	4.702105e+00
3.496667e+01	-1.523440e-01	4.676972e+00
35	-1.558080e-01	4.657859e+00
3.503333e+01	-1.600019e-01	4.634719e+00
3.506667e+01	-1.647393e-01	4.608580e+00
3.510000e+01	-1.679834e-01	4.590681e+00
3.513333e+01	-1.685064e-01	4.587795e+00
3.516667e+01	-1.671625e-01	4.595210e+00
3.520000e+01	-1.659505e-01	4.601897e+00
3.523333e+01	-1.668551e-01	4.596906e+00
3.526667e+01	-1.710756e-01	4.573619e+00
3.530000e+01	-1.778536e-01	4.536221e+00
3.533333e+01	-1.842379e-01	4.500996e+00
3.536667e+01	-1.873333e-01	4.483917e+00
3.540000e+01	-1.866127e-01	4.487893e+00
3.543333e+01	-1.832495e-01	4.506450e+00
3.546667e+01	-1.781457e-01	4.534610e+00
3.550000e+01	-1.720458e-01	4.568267e+00
3.553333e+01	-1.666914e-01	4.597810e+00
3.556667e+01	-1.640160e-01	4.612571e+00
3.560000e+01	-1.642829e-01	4.611098e+00
3.563333e+01	-1.659208e-01	4.602061e+00
3.566667e+01	-1.671028e-01	4.595539e+00
3.570000e+01	-1.671327e-01	4.595374e+00
3.573333e+01	-1.664903e-01	4.598919e+00
3.576667e+01	-1.659684e-01	4.601799e+00
3.580000e+01	-1.659259e-01	4.602033e+00
3.583333e+01	-1.661926e-01	4.600562e+00
3.586667e+01	-1.664269e-01	4.599269e+00
3.590000e+01	-1.664576e-01	4.599099e+00
3.593333e+01	-1.663465e-01	4.599712e+00
3.596667e+01	-1.662412e-01	4.600293e+00
36	-1.664146e-01	4.599337e+00
3.603333e+01	-1.677386e-01	4.592032e+00
3.606667e+01	-1.715060e-01	4.571245e+00
3.610000e+01	-1.776864e-01	4.537144e+00
3.613333e+01	-1.838592e-01	4.503085e+00
3.616667e+01	-1.871316e-01	4.485030e+00
3.620000e+01	-1.868647e-01	4.486503e+00
3.623333e+01	-1.848833e-01	4.497435e+00
3.626667e+01	-1.834308e-01	4.505449e+00
3.630000e+01	-1.833861e-01	4.505696e+00
3.633333e+01	-1.841730e-01	4.501354e+00
3.636667e+01	-1.848175e-01	4.497798e+00
3.640000e+01	-1.848731e-01	4.497491e+00
3.643333e+01	-1.845460e-01	4.499296e+00
3.646667e+01	-1.842564e-01	4.500894e+00
3.650000e+01	-1.842170e-01	4.501111e+00
3.653333e+01	-1.843532e-01	4.500360e+00
3.656667e+01	-1.844833e-01	4.499642e+00
3.660000e+01	-1.845073e-01	4.499510e+00
3.663333e+01	-1.844510e-01	4.499820e+00
3.666667e+01	-1.843928e-01	4.500141e+00
3.670000e+01	-1.843793e-01	4.500216e+00
3.673333e+01	-1.844024e-01	4.500088e+00
3.676667e+01	-1.844283e-01	4.499945e+00
3.680000e+01	-1.844355e-01	4.499906e+00
3.683333e+01	-1.844261e-01	4.499957e+00
3.686667e+01	-1.844146e-01	4.500021e+00
3.690000e+01	-1.844110e-01	4.500041e+00
3.693333e+01	-1.844147e-01	4.500020e+00
3.696667e+01	-1.844198e-01	4.499992e+00
37	-1.844216e-01	4.499982e+00
3.703333e+01	-1.844202e-01	4.499990e+00
3.706667e+01	-1.844179e-01	4.500003e+00
3.710000e+01	-1.844170e-01	4.500008e+00
3.713333e+01	-1.844176e-01	4.500005e+00
3.716667e+01	-1.844186e-01	4.499999e+00
3.720000e+01	-1.844190e-01	4.499997e+00
3.723333e+01	-1.844188e-01	4.499998e+00
3.726667e+01	-1.844184e-01	4.500000e+00
3.730000e+01	-1.844182e-01	4.500001e+00
3.733333e+01	-1.844182e-01	4.500001e+00
3.736667e+01	-1.844184e-01	4.500000e+00
3.740000e+01	-1.844185e-01	4.499999e+00
3.743333e+01	-1.844185e-01	4.500000e+00
3.746667e+01	-1.844184e-01	4.500000e+00
3.750000e+01	-1.844184e-01	4.500000e+00
3.753333e+01	-1.844184e-01	4.500000e+00
3.756667e+01	-1.844184e-01	4.500000e+00
3.760000e+01	-1.844184e-01	4.500000e+00
3.763333e+01	-1.846108e-01	4.498939e+00
3.766667e+01	-1.858887e-01	4.491887e+00
3.770000e+01	-1.896090e-01	4.471361e+00
3.773333e+01	-1.957787e-01	4.437319e+00
3.776667e+01	-2.019704e-01	4.403156e+00
3.780000e+01	-2.052639e-01	4.384985e+00
3.783333e+01	-2.050026e-01	4.386426e+00
3.786667e+01	-2.032059e-01	4.396339e+00
3.790000e+01	-2.028297e-01	4.398415e+00
3.793333e+01	-2.052244e-01	4.385202e+00
3.796667e+01	-2.084638e-01	4.367329e+00
38	-2.091343e-01	4.363629e+00
3.803333e+01	-2.062932e-01	4.379305e+00
3.806667e+01	-2.024102e-01	4.400730e+00
3.810000e+01	-2.003911e-01	4.411870e+00
3.813333e+01	-2.008781e-01	4.409183e+00
3.816667e+01	-2.024289e-01	4.400626e+00
3.820000e+01	-2.033975e-01	4.395282e+00
3.823333e+01	-2.032804e-01	4.395928e+00
3.826667e+01	-2.026324e-01	4.399504e+00
3.830000e+01	-2.021885e-01	4.401953e+00
3.833333e+01	-2.022118e-01	4.401824e+00
3.836667e+01	-2.024861e-01	4.400311e+00
3.840000e+01	-2.026890e-01	4.399191e+00
3.843333e+01	-2.026906e-01	4.399183e+00
3.846667e+01	-2.025746e-01	4.399823e+00
3.850000e+01	-2.024822e-01	4.400332e+00
3.853333e+01	-2.024764e-01	4.400365e+00
3.856667e+01	-2.025251e-01	4.400096e+00
3.860000e+01	-2.023746e-01	4.400926e+00
3.863333e+01	-2.011014e-01	4.407951e+00
3.866667e+01	-1.973608e-01	4.428590e+00
3.870000e+01	-1.911723e-01	4.462735e+00
3.873333e+01	-1.849775e-01	4.496915e+00
3.876667e+01	-1.816796e-01	4.515111e+00
3.880000e+01	-1.818514e-01	4.514164e+00
3.883333e+01	-1.835089e-01	4.505018e+00
3.886667e+01	-1.842952e-01	4.500680e+00
3.890000e+01	-1.834169e-01	4.505526e+00
3.893333e+01	-1.816476e-01	4.515288e+00
3.896667e+01	-1.800409e-01	4.524153e+00
39	-1.789654e-01	4.530087e+00
3.903333e+01	-1.781345e-01	4.534672e+00
3.906667e+01	-1.771537e-01	4.540083e+00
3.910000e+01	-1.759039e-01	4.546979e+00
3.913333e+01	-1.745289e-01	4.554566e+00
3.916667e+01	-1.732121e-01	4.561831e+00
3.920000e+01	-1.720145e-01	4.568439e+00
3.923333e+01	-1.708774e-01	4.574713e+00
3.926667e+01	-1.697193e-01	4.581103e+00
3.930000e+01	-1.685223e-01	4.587708e+00
3.933333e+01	-1.673818e-01	4.594000e+00
3.936667e+01	-1.664967e-01	4.598884e+00
3.940000e+01	-1.660451e-01	4.601375e+00
3.943333e+01	-1.660197e-01	4.601515e+00
3.946667e+01	-1.662116e-01	4.600457e+00
3.950000e+01	-1.663764e-01	4.599547e+00
3.953333e+01	-1.664025e-01	4.599403e+00
3.956667e+01	-1.665241e-01	4.598733e+00
3.960000e+01	-1.677322e-01	4.592067e+00
3.963333e+01	-1.714382e-01	4.571619e+00
3.966667e+01	-1.776367e-01	4.537418e+00
3.970000e+01	-1.838592e-01	4.503085e+00
3.973333e+01	-1.871603e-01	4.484871e+00
3.976667e+01	-1.868873e-01	4.486378e+00
3.980000e+01	-1.848846e-01	4.497428e+00
3.983333e+01	-1.834187e-01	4.505516e+00
3.986667e+01	-1.833758e-01	4.505752e+00
3.990000e+01	-1.841719e-01	4.501360e+00
3.993333e+01	-1.848225e-01	4.497770e+00
3.996667e+01	-1.848777e-01	4.497466e+00
40	-1.845467e-01	4.499292e+00
4.003333e+01	-1.842543e-01	4.500905e+00
4.006667e+01	-1.842150e-01	4.501123e+00
4.010000e+01	-1.843528e-01	4.500362e+00
4.013333e+01	-1.844842e-01	4.499637e+00
4.016667e+01	-1.845082e-01	4.499504e+00
4.020000e+01	-1.844513e-01	4.499819e+00
4.023333e+01	-1.843924e-01	4.500143e+00
4.026667e+01	-1.843789e-01	4.500218e+00
4.030000e+01	-1.844023e-01	4.500089e+00
4.033333e+01	-1.844285e-01	4.499944e+00
4.036667e+01	-1.844357e-01	4.499905e+00
4.040000e+01	-1.844262e-01	4.499957e+00
4.043333e+01	-1.843850e-01	4.500184e+00
4.046667e+01	-1.841551e-01	4.501453e+00
4.050000e+01	-1.833603e-01	4.505838e+00
4.053333e+01	-1.816177e-01	4.515453e+00
4.056667e+01	-1.789193e-01	4.530342e+00
4.060000e+01	-1.757108e-01	4.548045e+00
4.063333e+01	-1.725417e-01	4.565530e+00
4.066667e+01	-1.696800e-01	4.581320e+00
4.070000e+01	-1.670447e-01	4.595860e+00
4.073333e+01	-1.644171e-01	4.610358e+00
4.076667e+01	-1.616675e-01	4.625529e+00
4.080000e+01	-1.588174e-01	4.641255e+00
4.083333e+01	-1.559583e-01	4.657030e+00
4.086667e+01	-1.531795e-01	4.672362e+00
4.090000e+01	-1.506424e-01	4.686360e+00
4.093333e+01	-1.486840e-01	4.697166e+00
4.096667e+01	-1.476537e-01	4.702851e+00
41	-1.473633e-01	4.704453e+00
4.103333e+01	-1.466825e-01	4.708209e+00
4.106667e+01	-1.446136e-01	4.719625e+00
4.110000e+01	-1.422406e-01	4.732718e+00
4.113333e+01	-1.420723e-01	4.733646e+00
4.116667e+01	-1.448133e-01	4.718523e+00
4.120000e+01	-1.483283e-01	4.699129e+00
4.123333e+01	-1.501149e-01	4.689271e+00
4.126667e+01	-1.496569e-01	4.691798e+00
4.130000e+01	-1.482631e-01	4.699488e+00
4.133333e+01	-1.474017e-01	4.704241e+00
4.136667e+01	-1.475125e-01	4.703630e+00
4.140000e+01	-1.480937e-01	4.700423e+00
4.143333e+01	-1.484885e-01	4.698245e+00
4.146667e+01	-1.484651e-01	4.698374e+00
4.150000e+01	-1.482190e-01	4.699732e+00
4.153333e+01	-1.480385e-01	4.700728e+00
4.156667e+01	-1.480383e-01	4.700729e+00
4.160000e+01	-1.481423e-01	4.700154e+00
4.163333e+01	-1.482246e-01	4.699701e+00
4.166667e+01	-1.482293e-01	4.699675e+00
4.170000e+01	-1.481855e-01	4.699916e+00
4.173333e+01	-1.481482e-01	4.700122e+00
4.176667e+01	-1.481441e-01	4.700145e+00
4.180000e+01	-1.481624e-01	4.700044e+00
4.183333e+01	-1.481792e-01	4.699951e+00
4.186667e+01	-1.481819e-01	4.699936e+00
4.190000e+01	-1.481743e-01	4.699978e+00
4.193333e+01	-1.481668e-01	4.700020e+00
4.196667e+01	-1.481652e-01	4.700028e+00
42	-1.481684e-01	4.700011e+00
4.203333e+01	-1.479794e-01	4.701054e+00
4.206667e+01	-1.467022e-01	4.708100e+00
4.210000e+01	-1.429807e-01	4.728634e+00
4.213333e+01	-1.368095e-01	4.762684e+00
4.216667e+01	-1.306174e-01	4.796849e+00
4.220000e+01	-1.273244e-01	4.815018e+00
4.223333e+01	-1.275864e-01	4.813573e+00
4.226667e+01	-1.295756e-01	4.802597e+00
4.230000e+01	-1.310372e-01	4.794532e+00
4.233333e+01	-1.310846e-01	4.794271e+00
4.236667e+01	-1.302945e-01	4.798631e+00
4.240000e+01	-1.296460e-01	4.802209e+00
4.243333e+01	-1.295890e-01	4.802523e+00
4.246667e+01	-1.299174e-01	4.800711e+00
4.250000e+01	-1.302087e-01	4.799104e+00
4.253333e+01	-1.302488e-01	4.798883e+00
4.256667e+01	-1.301122e-01	4.799637e+00
4.260000e+01	-1.299812e-01	4.800359e+00
4.263333e+01	-1.299569e-01	4.800493e+00
4.266667e+01	-1.300134e-01	4.800182e+00
4.270000e+01	-1.300720e-01	4.799858e+00
4.273333e+01	-1.300856e-01	4.799783e+00
4.276667e+01	-1.300624e-01	4.799911e+00
4.280000e+01	-1.300363e-01	4.800055e+00
4.283333e+01	-1.300291e-01	4.800095e+00
4.286667e+01	-1.300385e-01	4.800043e+00
4.290000e+01	-1.300501e-01	4.799979e+00
4.293333e+01	-1.300538e-01	4.799959e+00
4.296667e+01	-1.300500e-01	4.799979e+00
43	-1.300449e-01	4.800008e+00
4.303333e+01	-1.300431e-01	4.800018e+00
4.306667e+01	-1.300445e-01	4.800010e+00
4.310000e+01	-1.300468e-01	4.799997e+00
4.313333e+01	-1.300477e-01	4.799992e+00
4.316667e+01	-1.300471e-01	4.799995e+00
4.320000e+01	-1.300461e-01	4.800001e+00
4.323333e+01	-1.300457e-01	4.800003e+00
4.326667e+01	-1.300459e-01	4.800002e+00
4.330000e+01	-1.300463e-01	4.800000e+00
4.333333e+01	-1.300466e-01	4.799999e+00
4.336667e+01	-1.300465e-01	4.799999e+00
4.340000e+01	-1.300463e-01	4.800000e+00
4.343333e+01	-1.300462e-01	4.800001e+00
4.346667e+01	-1.300462e-01	4.800000e+00
4.350000e+01	-1.300463e-01	4.800000e+00
4.353333e+01	-1.302387e-01	4.798939e+00
4.356667e+01	-1.315167e-01	4.791887e+00
4.360000e+01	-1.352369e-01	4.771361e+00
4.363333e+01	-1.414066e-01	4.737319e+00
4.366667e+01	-1.475983e-01	4.703156e+00
4.370000e+01	-1.508917e-01	4.684985e+00
4.373333e+01	-1.506305e-01	4.686426e+00
4.376667e+01	-1.486415e-01	4.697401e+00
4.380000e+01	-1.471796e-01	4.705466e+00
4.383333e+01	-1.471320e-01	4.705729e+00
4.386667e+01	-1.479220e-01	4.701370e+00
4.390000e+01	-1.485706e-01	4.697792e+00
4.393333e+01	-1.484353e-01	4.698538e+00
4.396667e+01	-1.468290e-01	4.707401e+00
44	-1.428173e-01	4.729535e+00
4.403333e+01	-1.366075e-01	4.763798e+00
4.406667e+01	-1.305525e-01	4.797207e+00
4.410000e+01	-1.273899e-01	4.814657e+00
4.413333e+01	-1.276756e-01	4.813081e+00
4.416667e+01	-1.296081e-01	4.802418e+00
4.420000e+01	-1.308190e-01	4.795736e+00
4.423333e+01	-1.295750e-01	4.802600e+00
4.426667e+01	-1.250879e-01	4.827358e+00
4.430000e+01	-1.182957e-01	4.864834e+00
4.433333e+01	-1.120542e-01	4.899272e+00
4.436667e+01	-1.090797e-01	4.915684e+00
4.440000e+01	-1.094284e-01	4.913760e+00
4.443333e+01	-1.101758e-01	4.909636e+00
4.446667e+01	-1.077845e-01	4.922830e+00
4.450000e+01	-1.015366e-01	4.957303e+00
4.453333e+01	-9.453252e-02	4.995949e+00
4.456667e+01	-9.064543e-02	5.017396e+00
4.460000e+01	-9.071367e-02	5.017019e+00
4.463333e+01	-9.176563e-02	5.011215e+00
4.466667e+01	-8.977603e-02	5.022193e+00
4.470000e+01	-8.347664e-02	5.056950e+00
4.473333e+01	-7.507358e-02	5.103314e+00
4.476667e+01	-6.728947e-02	5.146263e+00
4.480000e+01	-6.131081e-02	5.179250e+00
4.483333e+01	-5.749639e-02	5.200297e+00
4.486667e+01	-5.601107e-02	5.208492e+00
4.490000e+01	-5.636879e-02	5.206518e+00
4.493333e+01	-5.740631e-02	5.200794e+00
4.496667e+01	-5.806399e-02	5.197165e+00
45	-5.802516e-02	5.197379e+00
4.503333e+01	-5.763013e-02	5.199559e+00
4.506667e+01	-5.734252e-02	5.201146e+00
4.510000e+01	-5.734198e-02	5.201149e+00
4.513333e+01	-5.750633e-02	5.200242e+00
4.516667e+01	-5.763579e-02	5.199528e+00
4.520000e+01	-5.764292e-02	5.199488e+00
4.523333e+01	-5.757381e-02	5.199870e+00
4.526667e+01	-5.751521e-02	5.200193e+00
4.530000e+01	-5.750893e-02	5.200228e+00
4.533333e+01	-5.753783e-02	5.200068e+00
4.536667e+01	-5.756426e-02	5.199922e+00
4.540000e+01	-5.756840e-02	5.199899e+00
4.543333e+01	-5.774874e-02	5.198904e+00
4.546667e+01	-5.901489e-02	5.191918e+00
4.550000e+01	-6.273274e-02	5.171405e+00
4.553333e+01	-6.890739e-02	5.137336e+00
4.556667e+01	-7.529667e-02	5.102083e+00
4.560000e+01	-7.986946e-02	5.076852e+00
4.563333e+01	-8.332645e-02	5.057778e+00
4.566667e+01	-8.750479e-02	5.034724e+00
4.570000e+01	-9.242624e-02	5.007570e+00
4.573333e+01	-9.695090e-02	4.982605e+00
4.576667e+01	-1.013933e-01	4.958094e+00
4.580000e+01	-1.076932e-01	4.923334e+00
4.583333e+01	-1.174781e-01	4.869346e+00
4.586667e+01	-1.302852e-01	4.798682e+00
4.590000e+01	-1.428837e-01	4.729169e+00
4.593333e+01	-1.511807e-01	4.683390e+00
4.596667e+01	-1.540306e-01	4.667666e+00
46	-1.539777e-01	4.667958e+00
4.603333e+01	-1.533068e-01	4.671659e+00
4.606667e+01	-1.510932e-01	4.683873e+00
4.610000e+01	-1.453521e-01	4.715549e+00
4.613333e+01	-1.368553e-01	4.762431e+00
4.616667e+01	-1.293977e-01	4.803579e+00
4.620000e+01	-1.262897e-01	4.820727e+00
4.623333e+01	-1.274308e-01	4.814431e+00
4.626667e+01	-1.300339e-01	4.800069e+00
4.630000e+01	-1.314867e-01	4.792053e+00
4.633333e+01	-1.311762e-01	4.793766e+00
4.636667e+01	-1.301086e-01	4.799656e+00
4.640000e+01	-1.294469e-01	4.803307e+00
4.643333e+01	-1.295395e-01	4.802796e+00
4.646667e+01	-1.298009e-01	4.801354e+00
4.650000e+01	-1.288268e-01	4.806729e+00
4.653333e+01	-1.250841e-01	4.827379e+00
4.656667e+01	-1.187212e-01	4.862487e+00
4.660000e+01	-1.123901e-01	4.897419e+00
4.663333e+01	-1.090983e-01	4.915581e+00
4.666667e+01	-1.094414e-01	4.913688e+00
4.670000e+01	-1.114941e-01	4.902363e+00
4.673333e+01	-1.129588e-01	4.894281e+00
4.676667e+01	-1.127796e-01	4.895269e+00
4.680000e+01	-1.106828e-01	4.906839e+00
4.683333e+01	-1.062962e-01	4.931042e+00
4.686667e+01	-9.997081e-02	4.965943e+00
4.690000e+01	-9.372118e-02	5.000425e+00
4.693333e+01	-8.984717e-02	5.021800e+00
4.696667e+01	-8.879245e-02	5.027620e+00
47	-8.903548e-02	5.026279e+00
4.703333e+01	-8.878185e-02	5.027678e+00
4.706667e+01	-8.737720e-02	5.035428e+00
4.710000e+01	-8.532834e-02	5.046733e+00
4.713333e+01	-8.342469e-02	5.057236e+00
4.716667e+01	-8.200518e-02	5.065069e+00
4.720000e+01	-8.088422e-02	5.071253e+00
4.723333e+01	-7.973464e-02	5.077596e+00
4.726667e+01	-7.846219e-02	5.084617e+00
4.730000e+01	-7.725475e-02	5.091279e+00
4.733333e+01	-7.634469e-02	5.096301e+00
4.736667e+01	-7.581037e-02	5.099249e+00
4.740000e+01	-7.559089e-02	5.100460e+00
4.743333e+01	-7.557331e-02	5.100557e+00
4.746667e+01	-7.563893e-02	5.100195e+00
4.750000e+01	-7.588849e-02	5.098818e+00
4.753333e+01	-7.717828e-02	5.091701e+00
4.756667e+01	-8.087802e-02	5.071288e+00
4.760000e+01	-8.702574e-02	5.037367e+00
4.763333e+01	-9.321192e-02	5.003235e+00
4.766667e+01	-9.652642e-02	4.984947e+00
4.770000e+01	-9.637270e-02	4.985795e+00
4.773333e+01	-9.473247e-02	4.994845e+00
4.776667e+01	-9.402463e-02	4.998751e+00
4.780000e+01	-9.514293e-02	4.992581e+00
4.783333e+01	-9.732122e-02	4.980562e+00
4.786667e+01	-9.934343e-02	4.969404e+00
4.790000e+01	-1.006420e-01	4.962239e+00
4.793333e+01	-1.014567e-01	4.957744e+00
4.796667e+01	-1.023038e-01	4.953070e+00
48	-1.034546e-01	4.946721e+00
4.803333e+01	-1.048258e-01	4.939155e+00
4.806667e+01	-1.061957e-01	4.931597e+00
4.810000e+01	-1.074372e-01	4.924746e+00
4.813333e+01	-1.085656e-01	4.918521e+00
4.816667e+01	-1.096165e-01	4.912722e+00
4.820000e+01	-1.105457e-01	4.907595e+00
4.823333e+01	-1.112721e-01	4.903588e+00
4.826667e+01	-1.117536e-01	4.900931e+00
4.830000e+01	-1.119944e-01	4.899602e+00
4.833333e+01	-1.120389e-01	4.899356e+00
4.836667e+01	-1.119759e-01	4.899704e+00
4.840000e+01	-1.119302e-01	4.899956e+00
4.843333e+01	-1.121024e-01	4.899006e+00
4.846667e+01	-1.128141e-01	4.895079e+00
4.850000e+01	-1.143572e-01	4.886565e+00
4.853333e+01	-1.167085e-01	4.873592e+00
4.856667e+01	-1.194804e-01	4.858298e+00
4.860000e+01	-1.222127e-01	4.843222e+00
4.863333e+01	-1.246868e-01	4.829571e+00
4.866667e+01	-1.269741e-01	4.816951e+00
4.870000e+01	-1.292576e-01	4.804352e+00
4.873333e+01	-1.316435e-01	4.791187e+00
4.876667e+01	-1.341123e-01	4.777566e+00
4.880000e+01	-1.365875e-01	4.763909e+00
4.883333e+01	-1.390200e-01	4.750487e+00
4.886667e+01	-1.414153e-01	4.737271e+00
4.890000e+01	-1.437802e-01	4.724223e+00
4.893333e+01	-1.459925e-01	4.712016e+00
4.896667e+01	-1.477255e-01	4.702454e+00
49	-1.486388e-01	4.697415e+00
4.903333e+01	-1.487192e-01	4.696972e+00
4.906667e+01	-1.483530e-01	4.698992e+00
4.910000e+01	-1.480199e-01	4.700830e+00
4.913333e+01	-1.481474e-01	4.700127e+00
4.916667e+01	-1.495588e-01	4.692339e+00
4.920000e+01	-1.536121e-01	4.669975e+00
4.923333e+01	-1.610939e-01	4.628694e+00
4.926667e+01	-1.711443e-01	4.573240e+00
4.930000e+01	-1.818235e-01	4.514317e+00
4.933333e+01	-1.916488e-01	4.460106e+00
4.936667e+01	-2.004228e-01	4.411695e+00
4.940000e+01	-2.086391e-01	4.366362e+00
4.943333e+01	-2.162670e-01	4.324275e+00
4.946667e+01	-2.227947e-01	4.288257e+00
4.950000e+01	-2.285759e-01	4.256360e+00
4.953333e+01	-2.349781e-01	4.221035e+00
4.956667e+01	-2.426971e-01	4.178445e+00
4.960000e+01	-2.504509e-01	4.135663e+00
4.963333e+01	-2.557223e-01	4.106578e+00
4.966667e+01	-2.569578e-01	4.099761e+00
4.970000e+01	-2.549443e-01	4.110871e+00
4.973333e+01	-2.519575e-01	4.127351e+00
4.976667e+01	-2.498359e-01	4.139056e+00
4.980000e+01	-2.489270e-01	4.144071e+00
4.983333e+01	-2.484937e-01	4.146462e+00
4.986667e+01	-2.477503e-01	4.150564e+00
4.990000e+01	-2.464928e-01	4.157502e+00
4.993333e+01	-2.450093e-01	4.165687e+00
4.996667e+01	-2.436438e-01	4.173222e+00
50	-2.425013e-01	4.179525e+00
5.003333e+01	-2.414666e-01	4.185235e+00
5.006667e+01	-2.403878e-01	4.191187e+00
5.010000e+01	-2.392123e-01	4.197673e+00
5.013333e+01	-2.379857e-01	4.204441e+00
5.016667e+01	-2.367748e-01	4.211122e+00
5.020000e+01	-2.356058e-01	4.217572e+00
5.023333e+01	-2.344608e-01	4.223889e+00
5.026667e+01	-2.333105e-01	4.230236e+00
5.030000e+01	-2.321421e-01	4.236683e+00
5.033333e+01	-2.309626e-01	4.243191e+00
5.036667e+01	-2.297847e-01	4.249690e+00
5.040000e+01	-2.286145e-01	4.256146e+00
5.043333e+01	-2.274495e-01	4.262574e+00
5.046667e+01	-2.262841e-01	4.269004e+00
5.050000e+01	-2.251154e-01	4.275453e+00
5.053333e+01	-2.239443e-01	4.281914e+00
5.056667e+01	-2.227857e-01	4.288307e+00
5.060000e+01	-2.217109e-01	4.294237e+00
5.063333e+01	-2.208773e-01	4.298837e+00
5.066667e+01	-2.204417e-01	4.301240e+00
5.070000e+01	-2.204050e-01	4.301443e+00
5.073333e+01	-2.205802e-01	4.300476e+00
5.076667e+01	-2.209309e-01	4.298541e+00
5.080000e+01	-2.222392e-01	4.291322e+00
5.083333e+01	-2.258957e-01	4.271147e+00
5.086667e+01	-2.319986e-01	4.237475e+00
5.090000e+01	-2.381743e-01	4.203400e+00
5.093333e+01	-2.414935e-01	4.185086e+00
5.096667e+01	-2.412617e-01	4.186365e+00
51	-2.392809e-01	4.197294e+00
5.103333e+01	-2.378086e-01	4.205417e+00
5.106667e+01	-2.377480e-01	4.205752e+00
5.110000e+01	-2.385337e-01	4.201417e+00
5.113333e+01	-2.391865e-01	4.197815e+00
5.116667e+01	-2.392493e-01	4.197469e+00
5.120000e+01	-2.389232e-01	4.199268e+00
5.123333e+01	-2.386301e-01	4.200885e+00
5.126667e+01	-2.385875e-01	4.201120e+00
5.130000e+01	-2.387231e-01	4.200372e+00
5.133333e+01	-2.388236e-01	4.199817e+00
5.136667e+01	-2.386119e-01	4.200986e+00
5.140000e+01	-2.377187e-01	4.205914e+00
5.143333e+01	-2.358276e-01	4.216348e+00
5.146667e+01	-2.329825e-01	4.232046e+00
5.150000e+01	-2.296433e-01	4.250470e+00
5.153333e+01	-2.263494e-01	4.268644e+00
5.156667e+01	-2.233576e-01	4.285151e+00
5.160000e+01	-2.205849e-01	4.300450e+00
5.163333e+01	-2.178176e-01	4.315719e+00
5.166667e+01	-2.149306e-01	4.331648e+00
5.170000e+01	-2.119465e-01	4.348113e+00
5.173333e+01	-2.089547e-01	4.364620e+00
5.176667e+01	-2.060125e-01	4.380854e+00
5.180000e+01	-2.031140e-01	4.396846e+00
5.183333e+01	-2.002212e-01	4.412808e+00
5.186667e+01	-1.973077e-01	4.428883e+00
5.190000e+01	-1.943745e-01	4.445067e+00
5.193333e+01	-1.914378e-01	4.461270e+00
5.196667e+01	-1.885098e-01	4.477426e+00
52	-1.855904e-01	4.493533e+00
5.203333e+01	-1.826731e-01	4.509630e+00
5.206667e+01	-1.797523e-01	4.525746e+00
5.210000e+01	-1.768275e-01	4.541883e+00
5.213333e+01	-1.739017e-01	4.558026e+00
5.216667e+01	-1.709773e-01	4.574162e+00
5.220000e+01	-1.680547e-01	4.590288e+00
5.223333e+01	-1.651326e-01	4.606410e+00
5.226667e+01	-1.622099e-01	4.622536e+00
5.230000e+01	-1.592864e-01	4.638667e+00
5.233333e+01	-1.563937e-01	4.654627e+00
5.236667e+01	-1.537074e-01	4.669449e+00
5.240000e+01	-1.517827e-01	4.680068e+00
5.243333e+01	-1.517639e-01	4.680172e+00
5.246667e+01	-1.549843e-01	4.662404e+00
5.250000e+01	-1.618759e-01	4.624379e+00
5.253333e+01	-1.711858e-01	4.573011e+00
5.256667e+01	-1.801937e-01	4.523310e+00
5.260000e+01	-1.860065e-01	4.491238e+00
5.263333e+01	-1.874643e-01	4.483194e+00
5.266667e+01	-1.861292e-01	4.490560e+00
5.270000e+01	-1.854428e-01	4.494348e+00
5.273333e+01	-1.884376e-01	4.477824e+00
5.276667e+01	-1.951245e-01	4.440929e+00
5.280000e+01	-2.021278e-01	4.402288e+00
5.283333e+01	-2.057618e-01	4.382237e+00
5.286667e+01	-2.053026e-01	4.384771e+00
5.290000e+01	-2.029621e-01	4.397684e+00
5.293333e+01	-2.015302e-01	4.405585e+00
5.296667e+01	-2.028356e-01	4.398382e+00
53	-2.074988e-01	4.372653e+00
5.303333e+01	-2.143943e-01	4.334607e+00
5.306667e+01	-2.206156e-01	4.300281e+00
5.310000e+01	-2.235145e-01	4.284286e+00
5.313333e+01	-2.229255e-01	4.287536e+00
5.316667e+01	-2.209058e-01	4.298679e+00
5.320000e+01	-2.196092e-01	4.305834e+00
5.323333e+01	-2.197095e-01	4.305280e+00
5.326667e+01	-2.205208e-01	4.300804e+00
5.330000e+01	-2.211007e-01	4.297604e+00
5.333333e+01	-2.210912e-01	4.297656e+00
5.336667e+01	-2.207502e-01	4.299538e+00
5.340000e+01	-2.204872e-01	4.300989e+00
5.343333e+01	-2.204768e-01	4.301047e+00
5.346667e+01	-2.206205e-01	4.300254e+00
5.350000e+01	-2.207398e-01	4.299595e+00
5.353333e+01	-2.207509e-01	4.299534e+00
5.356667e+01	-2.206907e-01	4.299866e+00
5.360000e+01	-2.206368e-01	4.300164e+00
5.363333e+01	-2.206291e-01	4.300206e+00
5.366667e+01	-2.206541e-01	4.300068e+00
5.370000e+01	-2.206783e-01	4.299935e+00
5.373333e+01	-2.206830e-01	4.299909e+00
5.376667e+01	-2.206726e-01	4.299966e+00
5.380000e+01	-2.206618e-01	4.300026e+00
5.383333e+01	-2.206592e-01	4.300040e+00
5.386667e+01	-2.206635e-01	4.300017e+00
5.390000e+01	-2.206683e-01	4.299990e+00
5.393333e+01	-2.206696e-01	4.299983e+00
5.396667e+01	-2.206679e-01	4.299992e+00
54	-2.206658e-01	4.300004e+00
5.403333e+01	-2.206651e-01	4.300008e+00
5.406667e+01	-2.206658e-01	4.300004e+00
5.410000e+01	-2.204744e-01	4.301060e+00
5.413333e+01	-2.191967e-01	4.308109e+00
5.416667e+01	-2.154762e-01	4.328638e+00
5.420000e+01	-2.093061e-01	4.362681e+00
5.423333e+01	-2.033066e-01	4.395784e+00
5.426667e+01	-2.012912e-01	4.406904e+00
5.430000e+01	-2.052730e-01	4.384934e+00
5.433333e+01	-2.134318e-01	4.339918e+00
5.436667e+01	-2.210852e-01	4.297690e+00
5.440000e+01	-2.244262e-01	4.279255e+00
5.443333e+01	-2.233749e-01	4.285056e+00
5.446667e+01	-2.207373e-01	4.299609e+00
5.450000e+01	-2.194108e-01	4.306928e+00
5.453333e+01	-2.209695e-01	4.298328e+00
5.456667e+01	-2.255788e-01	4.272896e+00
5.460000e+01	-2.311592e-01	4.242106e+00
5.463333e+01	-2.335510e-01	4.228909e+00
5.466667e+01	-2.302156e-01	4.247313e+00
5.470000e+01	-2.234469e-01	4.284659e+00
5.473333e+01	-2.181808e-01	4.313715e+00
5.476667e+01	-2.171754e-01	4.319262e+00
5.480000e+01	-2.192613e-01	4.307753e+00
5.483333e+01	-2.215144e-01	4.295322e+00
5.486667e+01	-2.221280e-01	4.291936e+00
5.490000e+01	-2.213293e-01	4.296343e+00
5.493333e+01	-2.203482e-01	4.301756e+00
5.496667e+01	-2.200344e-01	4.303487e+00
55	-2.203524e-01	4.301733e+00
5.503333e+01	-2.207839e-01	4.299352e+00
5.506667e+01	-2.209405e-01	4.298488e+00
5.510000e+01	-2.208147e-01	4.299182e+00
5.513333e+01	-2.206251e-01	4.300228e+00
5.516667e+01	-2.205482e-01	4.300653e+00
5.520000e+01	-2.205971e-01	4.300383e+00
5.523333e+01	-2.206801e-01	4.299925e+00
5.526667e+01	-2.207173e-01	4.299720e+00
5.530000e+01	-2.206987e-01	4.299822e+00
5.533333e+01	-2.206626e-01	4.300022e+00
5.536667e+01	-2.204524e-01	4.301181e+00
5.540000e+01	-2.191813e-01	4.308195e+00
5.543333e+01	-2.154767e-01	4.328635e+00
5.546667e+01	-2.093154e-01	4.362630e+00
5.550000e+01	-2.031213e-01	4.396806e+00
5.553333e+01	-1.998211e-01	4.415015e+00
5.556667e+01	-2.000784e-01	4.413595e+00
5.560000e+01	-2.020682e-01	4.402617e+00
5.563333e+01	-2.035330e-01	4.394535e+00
5.566667e+01	-2.035824e-01	4.394262e+00
5.570000e+01	-2.027922e-01	4.398622e+00
5.573333e+01	-2.021424e-01	4.402207e+00
5.576667e+01	-2.020845e-01	4.402527e+00
5.580000e+01	-2.024128e-01	4.400715e+00
5.583333e+01	-2.027047e-01	4.399105e+00
5.586667e+01	-2.025529e-01	4.399942e+00
5.590000e+01	-2.011383e-01	4.407748e+00
5.593333e+01	-1.972868e-01	4.428998e+00
5.596667e+01	-1.910926e-01	4.463175e+00
56	-1.849574e-01	4.497026e+00
5.603333e+01	-1.817226e-01	4.514874e+00
5.606667e+01	-1.819976e-01	4.513357e+00
5.610000e+01	-1.839635e-01	4.502510e+00
5.613333e+01	-1.853992e-01	4.494588e+00
5.616667e+01	-1.854396e-01	4.494366e+00
5.620000e+01	-1.846589e-01	4.498673e+00
5.623333e+01	-1.840219e-01	4.502188e+00
5.626667e+01	-1.839686e-01	4.502482e+00
5.630000e+01	-1.842931e-01	4.500691e+00
5.633333e+01	-1.845794e-01	4.499112e+00
5.636667e+01	-1.846177e-01	4.498901e+00
5.640000e+01	-1.844825e-01	4.499646e+00
5.643333e+01	-1.843539e-01	4.500356e+00
5.646667e+01	-1.843304e-01	4.500485e+00
5.650000e+01	-1.843863e-01	4.500177e+00
5.653333e+01	-1.844439e-01	4.499859e+00
5.656667e+01	-1.844571e-01	4.499787e+00
5.660000e+01	-1.844342e-01	4.499913e+00
5.663333e+01	-1.844085e-01	4.500055e+00
5.666667e+01	-1.844015e-01	4.500093e+00
5.670000e+01	-1.844108e-01	4.500042e+00
5.673333e+01	-1.844222e-01	4.499979e+00
5.676667e+01	-1.844258e-01	4.499959e+00
5.680000e+01	-1.844221e-01	4.499980e+00
5.683333e+01	-1.844170e-01	4.500008e+00
5.686667e+01	-1.844152e-01	4.500018e+00
5.690000e+01	-1.846090e-01	4.498948e+00
5.693333e+01	-1.858892e-01	4.491885e+00
5.696667e+01	-1.896104e-01	4.471353e+00
57	-1.957795e-01	4.437315e+00
5.703333e+01	-2.019702e-01	4.403157e+00
5.706667e+01	-2.052633e-01	4.384988e+00
5.710000e+01	-2.050022e-01	4.386428e+00
5.713333e+01	-2.030136e-01	4.397400e+00
5.716667e+01	-2.015520e-01	4.405465e+00
5.720000e+01	-2.015043e-01	4.405728e+00
5.723333e+01	-2.022941e-01	4.401370e+00
5.726667e+01	-2.029426e-01	4.397792e+00
5.730000e+01	-2.031920e-01	4.396416e+00
5.733333e+01	-2.041418e-01	4.391176e+00
5.736667e+01	-2.075707e-01	4.372256e+00
5.740000e+01	-2.137003e-01	4.338436e+00
5.743333e+01	-2.200285e-01	4.303520e+00
5.746667e+01	-2.234529e-01	4.284626e+00
5.750000e+01	-2.232160e-01	4.285933e+00
5.753333e+01	-2.211705e-01	4.297219e+00
5.756667e+01	-2.194578e-01	4.306669e+00
5.760000e+01	-2.183109e-01	4.312997e+00
5.763333e+01	-2.164894e-01	4.323047e+00
5.766667e+01	-2.134366e-01	4.339891e+00
5.770000e+01	-2.099510e-01	4.359123e+00
5.773333e+01	-2.076198e-01	4.371985e+00
5.776667e+01	-2.084003e-01	4.367679e+00
5.780000e+01	-2.129604e-01	4.342519e+00
5.783333e+01	-2.190265e-01	4.309048e+00
5.786667e+01	-2.230308e-01	4.286955e+00
5.790000e+01	-2.233650e-01	4.285111e+00
5.793333e+01	-2.211282e-01	4.297452e+00
5.796667e+01	-2.182391e-01	4.313393e+00
58	-2.157802e-01	4.326960e+00
5.803333e+01	-2.139194e-01	4.337227e+00
5.806667e+01	-2.124774e-01	4.345183e+00
5.810000e+01	-2.112424e-01	4.351997e+00
5.813333e+01	-2.100484e-01	4.358586e+00
5.816667e+01	-2.088044e-01	4.365449e+00
5.820000e+01	-2.075000e-01	4.372646e+00
5.823333e+01	-2.061722e-01	4.379973e+00
5.826667e+01	-2.048715e-01	4.387150e+00
5.830000e+01	-2.036852e-01	4.393695e+00
5.833333e+01	-2.027752e-01	4.398716e+00
5.836667e+01	-2.023009e-01	4.401333e+00
5.840000e+01	-2.022591e-01	4.401564e+00
5.843333e+01	-2.024475e-01	4.400524e+00
5.846667e+01	-2.026192e-01	4.399576e+00
5.850000e+01	-2.026530e-01	4.399390e+00
5.853333e+01	-2.025848e-01	4.399766e+00
5.856667e+01	-2.025125e-01	4.400165e+00
5.860000e+01	-2.024948e-01	4.400263e+00
5.863333e+01	-2.025223e-01	4.400111e+00
5.866667e+01	-2.025541e-01	4.399936e+00
5.870000e+01	-2.025633e-01	4.399885e+00
5.873333e+01	-2.025521e-01	4.399947e+00
5.876667e+01	-2.025380e-01	4.400024e+00
5.880000e+01	-2.025334e-01	4.400050e+00
5.883333e+01	-2.025378e-01	4.400025e+00
5.886667e+01	-2.025440e-01	4.399991e+00
5.890000e+01	-2.025464e-01	4.399978e+00
5.893333e+01	-2.025446e-01	4.399988e+00
5.896667e+01	-2.025419e-01	4.400003e+00
59	-2.025407e-01	4.400009e+00
5.903333e+01	-2.025414e-01	4.400006e+00
5.906667e+01	-2.025426e-01	4.399999e+00
5.910000e+01	-2.025432e-01	4.399996e+00
5.913333e+01	-2.025429e-01	4.399997e+00
5.916667e+01	-2.025424e-01	4.400000e+00
5.920000e+01	-2.023498e-01	4.401063e+00
5.923333e+01	-2.010719e-01	4.408114e+00
5.926667e+01	-1.973518e-01	4.428639e+00
5.930000e+01	-1.911822e-01	4.462680e+00
5.933333e+01	-1.849906e-01	4.496843e+00
5.936667e+01	-1.816970e-01	4.515015e+00
5.940000e+01	-1.819582e-01	4.513574e+00
5.943333e+01	-1.839472e-01	4.502600e+00
5.946667e+01	-1.854091e-01	4.494534e+00
5.950000e+01	-1.854568e-01	4.494271e+00
5.953333e+01	-1.846668e-01	4.498630e+00
5.956667e+01	-1.840182e-01	4.502208e+00
5.960000e+01	-1.839611e-01	4.502523e+00
5.963333e+01	-1.842894e-01	4.500712e+00
5.966667e+01	-1.845808e-01	4.499104e+00
5.970000e+01	-1.846209e-01	4.498883e+00
5.973333e+01	-1.842920e-01	4.500698e+00
5.976667e+01	-1.828830e-01	4.508472e+00
5.980000e+01	-1.791384e-01	4.529133e+00
5.983333e+01	-1.730252e-01	4.562863e+00
5.986667e+01	-1.668921e-01	4.596702e+00
5.990000e+01	-1.636122e-01	4.614799e+00
5.993333e+01	-1.638504e-01	4.613485e+00
5.996667e+01	-1.658133e-01	4.602654e+00
60	-1.672679e-01	4.594628e+00
6.003333e+01	-1.671326e-01	4.595375e+00
6.006667e+01	-1.650762e-01	4.606722e+00
6.010000e+01	-1.607110e-01	4.630806e+00
6.013333e+01	-1.544805e-01	4.665184e+00
6.016667e+01	-1.486120e-01	4.697563e+00
6.020000e+01	-1.458004e-01	4.713076e+00
6.023333e+01	-1.473813e-01	4.704354e+00
6.026667e+01	-1.529562e-01	4.673594e+00
6.030000e+01	-1.604578e-01	4.632204e+00
6.033333e+01	-1.666721e-01	4.597916e+00
6.036667e+01	-1.692311e-01	4.583797e+00
6.040000e+01	-1.683793e-01	4.588496e+00
6.043333e+01	-1.663471e-01	4.599709e+00
6.046667e+01	-1.651908e-01	4.606089e+00
6.050000e+01	-1.654087e-01	4.604887e+00
6.053333e+01	-1.662315e-01	4.600347e+00
6.056667e+01	-1.667527e-01	4.597471e+00
6.060000e+01	-1.666903e-01	4.597816e+00
6.063333e+01	-1.663414e-01	4.599740e+00
6.066667e+01	-1.661028e-01	4.601057e+00
6.070000e+01	-1.661162e-01	4.600983e+00
6.073333e+01	-1.662645e-01	4.600165e+00
6.076667e+01	-1.663738e-01	4.599562e+00
6.080000e+01	-1.663743e-01	4.599559e+00
6.083333e+01	-1.663115e-01	4.599905e+00
6.086667e+01	-1.662617e-01	4.600180e+00
6.090000e+01	-1.662587e-01	4.600197e+00
6.093333e+01	-1.662851e-01	4.600051e+00
6.096667e+01	-1.663077e-01	4.599927e+00
61	-1.663102e-01	4.599913e+00
6.103333e+01	-1.662992e-01	4.599973e+00
6.106667e+01	-1.662890e-01	4.600030e+00
6.110000e+01	-1.662874e-01	4.600039e+00
6.113333e+01	-1.662919e-01	4.600013e+00
6.116667e+01	-1.662965e-01	4.599988e+00
6.120000e+01	-1.662975e-01	4.599983e+00
6.123333e+01	-1.662956e-01	4.599993e+00
6.126667e+01	-1.662935e-01	4.600005e+00
6.130000e+01	-1.662930e-01	4.600007e+00
6.133333e+01	-1.664861e-01	4.598942e+00
6.136667e+01	-1.677650e-01	4.591886e+00
6.140000e+01	-1.714856e-01	4.571357e+00
6.143333e+01	-1.776550e-01	4.537317e+00
6.146667e+01	-1.840386e-01	4.502096e+00
6.150000e+01	-1.886099e-01	4.476873e+00
6.153333e+01	-1.920690e-01	4.457787e+00
6.156667e+01	-1.962499e-01	4.434719e+00
6.160000e+01	-2.009798e-01	4.408622e+00
6.163333e+01	-2.042256e-01	4.390713e+00
6.166667e+01	-2.047542e-01	4.387797e+00
6.170000e+01	-2.034137e-01	4.395193e+00
6.173333e+01	-2.022013e-01	4.401882e+00
6.176667e+01	-2.031035e-01	4.396905e+00
6.180000e+01	-2.073224e-01	4.373627e+00
6.183333e+01	-2.141005e-01	4.336228e+00
6.186667e+01	-2.204858e-01	4.300997e+00
6.190000e+01	-2.235819e-01	4.283914e+00
6.193333e+01	-2.230536e-01	4.286829e+00
6.196667e+01	-2.209680e-01	4.298336e+00
62	-2.195842e-01	4.305972e+00
6.203333e+01	-2.196539e-01	4.305587e+00
6.206667e+01	-2.206837e-01	4.299905e+00
6.210000e+01	-2.225799e-01	4.289443e+00
6.213333e+01	-2.264982e-01	4.267823e+00
6.216667e+01	-2.335947e-01	4.228668e+00
6.220000e+01	-2.432268e-01	4.175523e+00
6.223333e+01	-2.528645e-01	4.122346e+00
6.226667e+01	-2.602205e-01	4.081759e+00
6.230000e+01	-2.653719e-01	4.053336e+00
6.233333e+01	-2.698331e-01	4.028721e+00
6.236667e+01	-2.739265e-01	4.006136e+00
6.240000e+01	-2.764910e-01	3.991986e+00
6.243333e+01	-2.768213e-01	3.990164e+00
6.246667e+01	-2.757049e-01	3.996324e+00
6.250000e+01	-2.743966e-01	4.003542e+00
6.253333e+01	-2.728293e-01	4.012190e+00
6.256667e+01	-2.694220e-01	4.030989e+00
6.260000e+01	-2.633887e-01	4.064279e+00
6.263333e+01	-2.565846e-01	4.101821e+00
6.266667e+01	-2.519580e-01	4.127348e+00
6.270000e+01	-2.506177e-01	4.134743e+00
6.273333e+01	-2.511616e-01	4.131742e+00
6.276667e+01	-2.514486e-01	4.130159e+00
6.280000e+01	-2.504472e-01	4.135684e+00
6.283333e+01	-2.485542e-01	4.146128e+00
6.286667e+01	-2.466885e-01	4.156422e+00
6.290000e+01	-2.453556e-01	4.163777e+00
6.293333e+01	-2.444276e-01	4.168897e+00
6.296667e+01	-2.435119e-01	4.173950e+00
63	-2.423724e-01	4.180237e+00
6.303333e+01	-2.410623e-01	4.187465e+00
6.306667e+01	-2.398218e-01	4.194310e+00
6.310000e+01	-2.389232e-01	4.199268e+00
6.313333e+01	-2.385188e-01	4.201499e+00
6.316667e+01	-2.385383e-01	4.201391e+00
6.320000e+01	-2.387384e-01	4.200287e+00
6.323333e+01	-2.388838e-01	4.199485e+00
6.326667e+01	-2.390821e-01	4.198391e+00
6.330000e+01	-2.402847e-01	4.191756e+00
6.333333e+01	-2.439431e-01	4.171570e+00
6.336667e+01	-2.501075e-01	4.137558e+00
6.340000e+01	-2.563304e-01	4.103223e+00
6.343333e+01	-2.596515e-01	4.084899e+00
6.346667e+01	-2.593939e-01	4.086320e+00
6.350000e+01	-2.573919e-01	4.097366e+00
6.353333e+01	-2.559176e-01	4.105501e+00
6.356667e+01	-2.558677e-01	4.105776e+00
6.360000e+01	-2.566631e-01	4.101387e+00
6.363333e+01	-2.573172e-01	4.097778e+00
6.366667e+01	-2.573756e-01	4.097456e+00
6.370000e+01	-2.570451e-01	4.099280e+00
6.373333e+01	-2.567512e-01	4.100901e+00
6.376667e+01	-2.567104e-01	4.101126e+00
6.380000e+01	-2.566556e-01	4.101429e+00
6.383333e+01	-2.555096e-01	4.107752e+00
6.386667e+01	-2.518140e-01	4.128142e+00
6.390000e+01	-2.455875e-01	4.162497e+00
6.393333e+01	-2.393368e-01	4.196986e+00
6.396667e+01	-2.360295e-01	4.215234e+00
64	-2.363141e-01	4.213664e+00
6.403333e+01	-2.383294e-01	4.202544e+00
6.406667e+01	-2.397986e-01	4.194438e+00
6.410000e+01	-2.398367e-01	4.194227e+00
6.413333e+01	-2.390351e-01	4.198651e+00
6.416667e+01	-2.383827e-01	4.202250e+00
6.420000e+01	-2.383295e-01	4.202544e+00
6.423333e+01	-2.386629e-01	4.200704e+00
6.426667e+01	-2.389562e-01	4.199086e+00
6.430000e+01	-2.389948e-01	4.198873e+00
6.433333e+01	-2.388559e-01	4.199639e+00
6.436667e+01	-2.385317e-01	4.201428e+00
6.440000e+01	-2.372300e-01	4.208610e+00
6.443333e+01	-2.335671e-01	4.228820e+00
6.446667e+01	-2.274565e-01	4.262536e+00
6.450000e+01	-2.212782e-01	4.296625e+00
6.453333e+01	-2.181535e-01	4.313865e+00
6.456667e+01	-2.196665e-01	4.305518e+00
6.460000e+01	-2.253686e-01	4.274056e+00
6.463333e+01	-2.332021e-01	4.230834e+00
6.466667e+01	-2.407310e-01	4.189293e+00
6.470000e+01	-2.469585e-01	4.154933e+00
6.473333e+01	-2.522145e-01	4.125933e+00
6.476667e+01	-2.563549e-01	4.103088e+00
6.480000e+01	-2.585129e-01	4.091181e+00
6.483333e+01	-2.584969e-01	4.091269e+00
6.486667e+01	-2.573403e-01	4.097651e+00
6.490000e+01	-2.563914e-01	4.102887e+00
6.493333e+01	-2.562693e-01	4.103560e+00
6.496667e+01	-2.567057e-01	4.101153e+00
65	-2.571189e-01	4.098873e+00
6.503333e+01	-2.571946e-01	4.098455e+00
6.506667e+01	-2.570170e-01	4.099435e+00
6.510000e+01	-2.568336e-01	4.100446e+00
6.513333e+01	-2.569840e-01	4.099617e+00
6.516667e+01	-2.583347e-01	4.092164e+00
6.520000e+01	-2.621366e-01	4.071187e+00
6.523333e+01	-2.683287e-01	4.037022e+00
6.526667e+01	-2.744908e-01	4.003023e+00
6.530000e+01	-2.777480e-01	3.985050e+00
6.533333e+01	-2.774753e-01	3.986555e+00
6.536667e+01	-2.754981e-01	3.997465e+00
6.540000e+01	-2.740523e-01	4.005442e+00
6.543333e+01	-2.740104e-01	4.005673e+00
6.546667e+01	-2.747957e-01	4.001340e+00
6.550000e+01	-2.754373e-01	3.997800e+00
6.553333e+01	-2.754915e-01	3.997501e+00
6.556667e+01	-2.751650e-01	3.999302e+00
6.560000e+01	-2.748767e-01	4.000893e+00
6.563333e+01	-2.748380e-01	4.001107e+00
6.566667e+01	-2.749739e-01	4.000357e+00
6.570000e+01	-2.751035e-01	3.999642e+00
6.573333e+01	-2.751272e-01	3.999511e+00
6.576667e+01	-2.750710e-01	3.999821e+00
6.580000e+01	-2.750129e-01	4.000141e+00
6.583333e+01	-2.749997e-01	4.000215e+00
6.586667e+01	-2.750227e-01	4.000088e+00
6.590000e+01	-2.750485e-01	3.999945e+00
6.593333e+01	-2.750556e-01	3.999906e+00
6.596667e+01	-2.750463e-01	3.999958e+00
66	-2.750348e-01	4.000021e+00
6.603333e+01	-2.750312e-01	4.000041e+00
6.606667e+01	-2.750349e-01	4.000020e+00
6.610000e+01	-2.750400e-01	3.999992e+00
6.613333e+01	-2.750418e-01	3.999982e+00
6.616667e+01	-2.750403e-01	3.999990e+00
6.620000e+01	-2.750381e-01	4.000003e+00
6.623333e+01	-2.750372e-01	4.000008e+00
6.626667e+01	-2.750378e-01	4.000004e+00
6.630000e+01	-2.750387e-01	3.999999e+00
6.633333e+01	-2.750392e-01	3.999997e+00
6.636667e+01	-2.750313e-01	4.000040e+00
6.640000e+01	-2.749720e-01	4.000367e+00
6.643333e+01	-2.747642e-01	4.001514e+00
6.646667e+01	-2.743099e-01	4.004021e+00
6.650000e+01	-2.736080e-01	4.007893e+00
6.653333e+01	-2.727743e-01	4.012494e+00
6.656667e+01	-2.719509e-01	4.017037e+00
6.660000e+01	-2.712070e-01	4.021141e+00
6.663333e+01	-2.705216e-01	4.024923e+00
6.666667e+01	-2.698382e-01	4.028693e+00
6.670000e+01	-2.691232e-01	4.032638e+00
6.673333e+01	-2.683822e-01	4.036727e+00
6.676667e+01	-2.676390e-01	4.040828e+00
6.680000e+01	-2.669088e-01	4.044856e+00
6.683333e+01	-2.661904e-01	4.048820e+00
6.686667e+01	-2.654735e-01	4.052776e+00
6.690000e+01	-2.647512e-01	4.056761e+00
6.693333e+01	-2.640236e-01	4.060775e+00
6.696667e+01	-2.632951e-01	4.064795e+00
67	-2.625688e-01	4.068802e+00
6.703333e+01	-2.618449e-01	4.072797e+00
6.706667e+01	-2.611215e-01	4.076788e+00
6.710000e+01	-2.603972e-01	4.080785e+00
6.713333e+01	-2.596718e-01	4.084787e+00
6.716667e+01	-2.589462e-01	4.088791e+00
6.720000e+01	-2.582286e-01	4.092750e+00
6.723333e+01	-2.575626e-01	4.096424e+00
6.726667e+01	-2.570455e-01	4.099277e+00
6.730000e+01	-2.567751e-01	4.100769e+00
6.733333e+01	-2.567522e-01	4.100896e+00
6.736667e+01	-2.568609e-01	4.100296e+00
6.740000e+01	-2.569593e-01	4.099753e+00
6.743333e+01	-2.569781e-01	4.099649e+00
6.746667e+01	-2.571309e-01	4.098806e+00
6.750000e+01	-2.583674e-01	4.091984e+00
6.753333e+01	-2.620777e-01	4.071512e+00
6.756667e+01	-2.682634e-01	4.037382e+00
6.760000e+01	-2.744734e-01	4.003119e+00
6.763333e+01	-2.777720e-01	3.984918e+00
6.766667e+01	-2.775042e-01	3.986396e+00
6.770000e+01	-2.755071e-01	3.997415e+00
6.773333e+01	-2.742350e-01	4.004434e+00
6.776667e+01	-2.754680e-01	3.997631e+00
6.780000e+01	-2.799818e-01	3.972726e+00
6.783333e+01	-2.868014e-01	3.935098e+00
6.786667e+01	-2.930491e-01	3.900626e+00
6.790000e+01	-2.960127e-01	3.884275e+00
6.793333e+01	-2.954594e-01	3.887327e+00
6.796667e+01	-2.934306e-01	3.898521e+00
68	-2.921061e-01	3.905829e+00
6.803333e+01	-2.921897e-01	3.905368e+00
6.806667e+01	-2.930039e-01	3.900876e+00
6.810000e+01	-2.935957e-01	3.897610e+00
6.813333e+01	-2.934017e-01	3.898681e+00
6.816667e+01	-2.917819e-01	3.907618e+00
6.820000e+01	-2.877935e-01	3.929624e+00
6.823333e+01	-2.816098e-01	3.963743e+00
6.826667e+01	-2.755620e-01	3.997112e+00
6.830000e+01	-2.723900e-01	4.014614e+00
6.833333e+01	-2.726640e-01	4.013102e+00
6.836667e+01	-2.745929e-01	4.002459e+00
6.840000e+01	-2.759999e-01	3.994696e+00
6.843333e+01	-2.760391e-01	3.994480e+00
6.846667e+01	-2.752740e-01	3.998701e+00
6.850000e+01	-2.746501e-01	4.002144e+00
6.853333e+01	-2.744057e-01	4.003492e+00
6.856667e+01	-2.734456e-01	4.008789e+00
6.860000e+01	-2.700057e-01	4.027769e+00
6.863333e+01	-2.638734e-01	4.061604e+00
6.866667e+01	-2.575494e-01	4.096497e+00
6.870000e+01	-2.541299e-01	4.115365e+00
6.873333e+01	-2.543682e-01	4.114049e+00
6.876667e+01	-2.564120e-01	4.102773e+00
6.880000e+01	-2.579303e-01	4.094396e+00
6.883333e+01	-2.579908e-01	4.094062e+00
6.886667e+01	-2.571783e-01	4.098544e+00
6.890000e+01	-2.565046e-01	4.102262e+00
6.893333e+01	-2.562484e-01	4.103676e+00
6.896667e+01	-2.553077e-01	4.108866e+00
69	-2.518900e-01	4.127723e+00
6.903333e+01	-2.457640e-01	4.161524e+00
6.906667e+01	-2.394320e-01	4.196460e+00
6.910000e+01	-2.360027e-01	4.215382e+00
6.913333e+01	-2.362379e-01	4.214084e+00
6.916667e+01	-2.382848e-01	4.202790e+00
6.920000e+01	-2.398074e-01	4.194389e+00
6.923333e+01	-2.398695e-01	4.194047e+00
6.926667e+01	-2.388635e-01	4.199597e+00
6.930000e+01	-2.369098e-01	4.210377e+00
6.933333e+01	-2.331248e-01	4.231260e+00
6.936667e+01	-2.272930e-01	4.263438e+00
6.940000e+01	-2.214047e-01	4.295927e+00
6.943333e+01	-2.181553e-01	4.313855e+00
6.946667e+01	-2.182761e-01	4.313189e+00
6.950000e+01	-2.199366e-01	4.304027e+00
6.953333e+01	-2.200941e-01	4.303158e+00
6.956667e+01	-2.166718e-01	4.322041e+00
6.960000e+01	-2.110510e-01	4.353054e+00
6.963333e+01	-2.079456e-01	4.370188e+00
6.966667e+01	-2.107411e-01	4.354764e+00
6.970000e+01	-2.174952e-01	4.317498e+00
6.973333e+01	-2.230613e-01	4.286786e+00
6.976667e+01	-2.243116e-01	4.279888e+00
6.980000e+01	-2.222456e-01	4.291287e+00
6.983333e+01	-2.198668e-01	4.304412e+00
6.986667e+01	-2.191424e-01	4.308409e+00
6.990000e+01	-2.199265e-01	4.304083e+00
6.993333e+01	-2.209600e-01	4.298380e+00
6.996667e+01	-2.213236e-01	4.296375e+00
70	-2.210146e-01	4.298079e+00
7.003333e+01	-2.205615e-01	4.300579e+00
7.006667e+01	-2.203826e-01	4.301566e+00
7.010000e+01	-2.205033e-01	4.300901e+00
7.013333e+01	-2.207017e-01	4.299805e+00
7.016667e+01	-2.207886e-01	4.299326e+00
7.020000e+01	-2.207424e-01	4.299581e+00
7.023333e+01	-2.206558e-01	4.300059e+00
7.026667e+01	-2.204219e-01	4.301350e+00
7.030000e+01	-2.191610e-01	4.308306e+00
7.033333e+01	-2.154784e-01	4.328626e+00
7.036667e+01	-2.093284e-01	4.362558e+00
7.040000e+01	-2.031306e-01	4.396755e+00
7.043333e+01	-1.998209e-01	4.415016e+00
7.046667e+01	-2.000729e-01	4.413626e+00
7.050000e+01	-2.018716e-01	4.403701e+00
7.053333e+01	-2.020625e-01	4.402648e+00
7.056667e+01	-1.985865e-01	4.421827e+00
7.060000e+01	-1.929041e-01	4.453180e+00
7.063333e+01	-1.897812e-01	4.470411e+00
7.066667e+01	-1.925984e-01	4.454867e+00
7.070000e+01	-1.993797e-01	4.417450e+00
7.073333e+01	-2.049549e-01	4.386689e+00
7.076667e+01	-2.061965e-01	4.379839e+00
7.080000e+01	-2.041185e-01	4.391304e+00
7.083333e+01	-2.017352e-01	4.404454e+00
7.086667e+01	-2.008219e-01	4.409493e+00
7.090000e+01	-2.003332e-01	4.412189e+00
7.093333e+01	-1.976486e-01	4.427002e+00
7.096667e+01	-1.918412e-01	4.459045e+00
71	-1.853383e-01	4.494925e+00
7.103333e+01	-1.815906e-01	4.515602e+00
7.106667e+01	-1.816735e-01	4.515145e+00
7.110000e+01	-1.837842e-01	4.503499e+00
7.113333e+01	-1.854450e-01	4.494336e+00
7.116667e+01	-1.855793e-01	4.493595e+00
7.120000e+01	-1.847427e-01	4.498211e+00
7.123333e+01	-1.840073e-01	4.502268e+00
7.126667e+01	-1.837163e-01	4.503874e+00
7.130000e+01	-1.827840e-01	4.509018e+00
7.133333e+01	-1.793928e-01	4.527729e+00
7.136667e+01	-1.732829e-01	4.561440e+00
7.140000e+01	-1.669484e-01	4.596391e+00
7.143333e+01	-1.635077e-01	4.615375e+00
7.146667e+01	-1.639277e-01	4.613058e+00
7.150000e+01	-1.672533e-01	4.594709e+00
7.153333e+01	-1.725011e-01	4.565754e+00
7.156667e+01	-1.787363e-01	4.531351e+00
7.160000e+01	-1.841142e-01	4.501678e+00
7.163333e+01	-1.867300e-01	4.487246e+00
7.166667e+01	-1.864024e-01	4.489053e+00
7.170000e+01	-1.847512e-01	4.498164e+00
7.173333e+01	-1.835936e-01	4.504551e+00
7.176667e+01	-1.835908e-01	4.504567e+00
7.180000e+01	-1.842403e-01	4.500983e+00
7.183333e+01	-1.847523e-01	4.498157e+00
7.186667e+01	-1.847956e-01	4.497919e+00
7.190000e+01	-1.846233e-01	4.498870e+00
7.193333e+01	-1.847390e-01	4.498231e+00
7.196667e+01	-1.854709e-01	4.494193e+00
72	-1.867540e-01	4.487113e+00
7.203333e+01	-1.882474e-01	4.478873e+00
7.206667e+01	-1.896363e-01	4.471210e+00
7.210000e+01	-1.908291e-01	4.464629e+00
7.213333e+01	-1.919248e-01	4.458583e+00
7.216667e+01	-1.930542e-01	4.452352e+00
7.220000e+01	-1.942652e-01	4.445670e+00
7.223333e+01	-1.955209e-01	4.438741e+00
7.226667e+01	-1.967649e-01	4.431878e+00
7.230000e+01	-1.979611e-01	4.425278e+00
7.233333e+01	-1.990513e-01	4.419263e+00
7.236667e+01	-1.997306e-01	4.415514e+00
7.240000e+01	-1.990727e-01	4.419145e+00
7.243333e+01	-1.958950e-01	4.436678e+00
7.246667e+01	-1.903738e-01	4.467141e+00
7.250000e+01	-1.848447e-01	4.497648e+00
7.253333e+01	-1.819554e-01	4.513590e+00
7.256667e+01	-1.824369e-01	4.510933e+00
7.260000e+01	-1.855074e-01	4.493992e+00
7.263333e+01	-1.905126e-01	4.466375e+00
7.266667e+01	-1.966984e-01	4.432245e+00
7.270000e+01	-2.023676e-01	4.400965e+00
7.273333e+01	-2.063677e-01	4.378894e+00
7.276667e+01	-2.097874e-01	4.360025e+00
7.280000e+01	-2.144583e-01	4.334254e+00
7.283333e+01	-2.207233e-01	4.299687e+00
7.286667e+01	-2.279125e-01	4.260020e+00
7.290000e+01	-2.357646e-01	4.216695e+00
7.293333e+01	-2.442204e-01	4.170041e+00
7.296667e+01	-2.522592e-01	4.125686e+00
73	-2.576729e-01	4.095816e+00
7.303333e+01	-2.582498e-01	4.092633e+00
7.306667e+01	-2.534261e-01	4.119248e+00
7.310000e+01	-2.453922e-01	4.163575e+00
7.313333e+01	-2.383082e-01	4.202661e+00
7.316667e+01	-2.353427e-01	4.219024e+00
7.320000e+01	-2.363630e-01	4.213394e+00
7.323333e+01	-2.387606e-01	4.200165e+00
7.326667e+01	-2.401086e-01	4.192727e+00
7.330000e+01	-2.398318e-01	4.194255e+00
7.333333e+01	-2.388522e-01	4.199660e+00
7.336667e+01	-2.382414e-01	4.203030e+00
7.340000e+01	-2.383237e-01	4.202576e+00
7.343333e+01	-2.387400e-01	4.200279e+00
7.346667e+01	-2.392126e-01	4.197671e+00
7.350000e+01	-2.404712e-01	4.190727e+00
7.353333e+01	-2.440142e-01	4.171178e+00
7.356667e+01	-2.500554e-01	4.137846e+00
7.360000e+01	-2.562481e-01	4.103677e+00
7.363333e+01	-2.594243e-01	4.086152e+00
7.366667e+01	-2.579436e-01	4.094322e+00
7.370000e+01	-2.522372e-01	4.125807e+00
7.373333e+01	-2.445741e-01	4.168089e+00
7.376667e+01	-2.383082e-01	4.202661e+00
7.380000e+01	-2.358020e-01	4.216489e+00
7.383333e+01	-2.367251e-01	4.211396e+00
7.386667e+01	-2.387831e-01	4.200041e+00
7.390000e+01	-2.397262e-01	4.194837e+00
7.393333e+01	-2.381990e-01	4.203264e+00
7.396667e+01	-2.336432e-01	4.228401e+00
74	-2.269604e-01	4.265273e+00
7.403333e+01	-2.208449e-01	4.299016e+00
7.406667e+01	-2.179064e-01	4.315229e+00
7.410000e+01	-2.184033e-01	4.312487e+00
7.413333e+01	-2.203729e-01	4.301620e+00
7.416667e+01	-2.216834e-01	4.294389e+00
7.420000e+01	-2.216229e-01	4.294723e+00
7.423333e+01	-2.208351e-01	4.299070e+00
7.426667e+01	-2.202506e-01	4.302294e+00
7.430000e+01	-2.202430e-01	4.302337e+00
7.433333e+01	-2.205731e-01	4.300515e+00
7.436667e+01	-2.208375e-01	4.299057e+00
7.440000e+01	-2.208552e-01	4.298959e+00
7.443333e+01	-2.207165e-01	4.299724e+00
7.446667e+01	-2.205969e-01	4.300384e+00
7.450000e+01	-2.205827e-01	4.300462e+00
7.453333e+01	-2.206406e-01	4.300143e+00
7.456667e+01	-2.206945e-01	4.299846e+00
7.460000e+01	-2.207035e-01	4.299796e+00
7.463333e+01	-2.206795e-01	4.299928e+00
7.466667e+01	-2.206554e-01	4.300061e+00
7.470000e+01	-2.204578e-01	4.301151e+00
7.473333e+01	-2.191897e-01	4.308148e+00
7.476667e+01	-2.154802e-01	4.328616e+00
7.480000e+01	-2.093133e-01	4.362642e+00
7.483333e+01	-2.031176e-01	4.396826e+00
7.486667e+01	-1.998194e-01	4.415025e+00
7.490000e+01	-2.000792e-01	4.413591e+00
7.493333e+01	-2.018775e-01	4.403669e+00
7.496667e+01	-2.020634e-01	4.402643e+00
75	-1.983915e-01	4.422903e+00
7.503333e+01	-1.914312e-01	4.461307e+00
7.506667e+01	-1.845900e-01	4.499053e+00
7.510000e+01	-1.812391e-01	4.517542e+00
7.513333e+01	-1.816366e-01	4.515349e+00
7.516667e+01	-1.826394e-01	4.509816e+00
7.520000e+01	-1.804213e-01	4.522054e+00
7.523333e+01	-1.741625e-01	4.556588e+00
7.526667e+01	-1.670497e-01	4.595832e+00
7.530000e+01	-1.630833e-01	4.617717e+00
7.533333e+01	-1.633440e-01	4.616279e+00
7.536667e+01	-1.657199e-01	4.603170e+00
7.540000e+01	-1.674868e-01	4.593421e+00
7.543333e+01	-1.673591e-01	4.594125e+00
7.546667e+01	-1.651283e-01	4.606434e+00
7.550000e+01	-1.606213e-01	4.631301e+00
7.553333e+01	-1.543796e-01	4.665740e+00
7.556667e+01	-1.485842e-01	4.697716e+00
7.560000e+01	-1.456445e-01	4.713937e+00
7.563333e+01	-1.459261e-01	4.712382e+00
7.566667e+01	-1.475537e-01	4.703402e+00
7.570000e+01	-1.482547e-01	4.699535e+00
7.573333e+01	-1.470968e-01	4.705923e+00
7.576667e+01	-1.446238e-01	4.719568e+00
7.580000e+01	-1.417919e-01	4.735193e+00
7.583333e+01	-1.390914e-01	4.750093e+00
7.586667e+01	-1.364909e-01	4.764442e+00
7.590000e+01	-1.338087e-01	4.779241e+00
7.593333e+01	-1.309865e-01	4.794812e+00
7.596667e+01	-1.281037e-01	4.810718e+00
76	-1.252585e-01	4.826417e+00
7.603333e+01	-1.224798e-01	4.841748e+00
7.606667e+01	-1.197324e-01	4.856908e+00
7.610000e+01	-1.166159e-01	4.874103e+00
7.613333e+01	-1.113031e-01	4.903417e+00
7.616667e+01	-1.005773e-01	4.962596e+00
7.620000e+01	-8.346472e-02	5.057016e+00
7.623333e+01	-6.501631e-02	5.158805e+00
7.626667e+01	-5.413411e-02	5.218848e+00
7.630000e+01	-5.693796e-02	5.203378e+00
7.633333e+01	-7.241794e-02	5.117967e+00
7.636667e+01	-9.325675e-02	5.002988e+00
7.640000e+01	-1.103063e-01	4.908916e+00
7.643333e+01	-1.179594e-01	4.866690e+00
7.646667e+01	-1.169783e-01	4.872103e+00
7.650000e+01	-1.125749e-01	4.896399e+00
7.653333e+01	-1.098883e-01	4.911222e+00
7.656667e+01	-1.113323e-01	4.903255e+00
7.660000e+01	-1.167836e-01	4.873178e+00
7.663333e+01	-1.242056e-01	4.832226e+00
7.666667e+01	-1.303863e-01	4.798124e+00
7.670000e+01	-1.329516e-01	4.783970e+00
7.673333e+01	-1.321242e-01	4.788535e+00
7.676667e+01	-1.301099e-01	4.799649e+00
7.680000e+01	-1.287628e-01	4.807082e+00
7.683333e+01	-1.276939e-01	4.812980e+00
7.686667e+01	-1.247887e-01	4.829009e+00
7.690000e+01	-1.191390e-01	4.860182e+00
7.693333e+01	-1.128884e-01	4.894669e+00
7.696667e+01	-1.094419e-01	4.913686e+00
77	-1.107432e-01	4.906505e+00
7.703333e+01	-1.164645e-01	4.874938e+00
7.706667e+01	-1.242428e-01	4.832021e+00
7.710000e+01	-1.305910e-01	4.796995e+00
7.713333e+01	-1.330955e-01	4.783176e+00
7.716667e+01	-1.321236e-01	4.788539e+00
7.720000e+01	-1.300279e-01	4.800101e+00
7.723333e+01	-1.288911e-01	4.806374e+00
7.726667e+01	-1.291610e-01	4.804885e+00
7.730000e+01	-1.300136e-01	4.800181e+00
7.733333e+01	-1.305282e-01	4.797341e+00
7.736667e+01	-1.304434e-01	4.797809e+00
7.740000e+01	-1.300807e-01	4.799810e+00
7.743333e+01	-1.296517e-01	4.802177e+00
7.746667e+01	-1.283967e-01	4.809102e+00
7.750000e+01	-1.248312e-01	4.828775e+00
7.753333e+01	-1.187702e-01	4.862216e+00
7.756667e+01	-1.127673e-01	4.895338e+00
7.760000e+01	-1.106861e-01	4.906820e+00
7.763333e+01	-1.146179e-01	4.885126e+00
7.766667e+01	-1.227754e-01	4.840118e+00
7.770000e+01	-1.304566e-01	4.797736e+00
7.773333e+01	-1.340126e-01	4.778116e+00
7.776667e+01	-1.342412e-01	4.776854e+00
7.780000e+01	-1.353123e-01	4.770945e+00
7.783333e+01	-1.399528e-01	4.745340e+00
7.786667e+01	-1.464238e-01	4.709637e+00
7.790000e+01	-1.508035e-01	4.685472e+00
7.793333e+01	-1.512355e-01	4.683088e+00
7.796667e+01	-1.491678e-01	4.694497e+00
78	-1.472447e-01	4.705107e+00
7.803333e+01	-1.468793e-01	4.707123e+00
7.806667e+01	-1.476852e-01	4.702677e+00
7.810000e+01	-1.485298e-01	4.698017e+00
7.813333e+01	-1.487323e-01	4.696899e+00
7.816667e+01	-1.484055e-01	4.698703e+00
7.820000e+01	-1.480312e-01	4.700768e+00
7.823333e+01	-1.479248e-01	4.701355e+00
7.826667e+01	-1.480571e-01	4.700625e+00
7.830000e+01	-1.482229e-01	4.699710e+00
7.833333e+01	-1.482772e-01	4.699410e+00
7.836667e+01	-1.482243e-01	4.699702e+00
7.840000e+01	-1.481512e-01	4.700106e+00
7.843333e+01	-1.481240e-01	4.700255e+00
7.846667e+01	-1.481449e-01	4.700140e+00
7.850000e+01	-1.481770e-01	4.699963e+00
7.853333e+01	-1.481903e-01	4.699890e+00
7.856667e+01	-1.481822e-01	4.699934e+00
7.860000e+01	-1.481682e-01	4.700012e+00
7.863333e+01	-1.483541e-01	4.698986e+00
7.866667e+01	-1.496352e-01	4.691918e+00
7.870000e+01	-1.533616e-01	4.671357e+00
7.873333e+01	-1.595343e-01	4.637299e+00
7.876667e+01	-1.659172e-01	4.602081e+00
7.880000e+01	-1.704860e-01	4.576873e+00
7.883333e+01	-1.739436e-01	4.557795e+00
7.886667e+01	-1.781247e-01	4.534726e+00
7.890000e+01	-1.828556e-01	4.508623e+00
7.893333e+01	-1.862945e-01	4.489649e+00
7.896667e+01	-1.881010e-01	4.479681e+00
79	-1.904804e-01	4.466553e+00
7.903333e+01	-1.952450e-01	4.440264e+00
7.906667e+01	-2.012531e-01	4.407114e+00
7.910000e+01	-2.063234e-01	4.379138e+00
7.913333e+01	-2.103910e-01	4.356695e+00
7.916667e+01	-2.147654e-01	4.332559e+00
7.920000e+01	-2.194901e-01	4.306491e+00
7.923333e+01	-2.237468e-01	4.283004e+00
7.926667e+01	-2.278992e-01	4.260093e+00
7.930000e+01	-2.328066e-01	4.233017e+00
7.933333e+01	-2.377108e-01	4.205957e+00
7.936667e+01	-2.406758e-01	4.189598e+00
7.940000e+01	-2.408828e-01	4.188456e+00
7.943333e+01	-2.394509e-01	4.196357e+00
7.946667e+01	-2.381597e-01	4.203481e+00
7.950000e+01	-2.379263e-01	4.204768e+00
7.953333e+01	-2.384716e-01	4.201759e+00
7.956667e+01	-2.390346e-01	4.198653e+00
7.960000e+01	-2.391654e-01	4.197931e+00
7.963333e+01	-2.389448e-01	4.199149e+00
7.966667e+01	-2.386956e-01	4.200523e+00
7.970000e+01	-2.386267e-01	4.200904e+00
7.973333e+01	-2.387161e-01	4.200410e+00
7.976667e+01	-2.388265e-01	4.199801e+00
7.980000e+01	-2.388619e-01	4.199606e+00
7.983333e+01	-2.386337e-01	4.200865e+00
7.986667e+01	-2.373069e-01	4.208186e+00
7.990000e+01	-2.335689e-01	4.228810e+00
7.993333e+01	-2.274134e-01	4.262774e+00
7.996667e+01	-2.212432e-01	4.296818e+00
80	-2.179584e-01	4.314942e+00
8.003333e+01	-2.181867e-01	4.313682e+00
8.006667e+01	-2.199563e-01	4.303918e+00
8.010000e+01	-2.206724e-01	4.299967e+00
8.013333e+01	-2.190992e-01	4.308647e+00
8.016667e+01	-2.158059e-01	4.326818e+00
8.020000e+01	-2.121814e-01	4.346817e+00
8.023333e+01	-2.091830e-01	4.363361e+00
8.026667e+01	-2.068530e-01	4.376216e+00
8.030000e+01	-2.046959e-01	4.388118e+00
8.033333e+01	-2.022955e-01	4.401363e+00
8.036667e+01	-1.996059e-01	4.416202e+00
8.040000e+01	-1.968291e-01	4.431523e+00
8.043333e+01	-1.941502e-01	4.446304e+00
8.046667e+01	-1.915988e-01	4.460382e+00
8.050000e+01	-1.891187e-01	4.474066e+00
8.053333e+01	-1.867821e-01	4.486958e+00
8.056667e+01	-1.849209e-01	4.497227e+00
8.060000e+01	-1.839194e-01	4.502753e+00
8.063333e+01	-1.838177e-01	4.503315e+00
8.066667e+01	-1.842111e-01	4.501144e+00
8.070000e+01	-1.845777e-01	4.499121e+00
8.073333e+01	-1.848467e-01	4.497637e+00
8.076667e+01	-1.859817e-01	4.491374e+00
8.080000e+01	-1.895471e-01	4.471702e+00
8.083333e+01	-1.956771e-01	4.437880e+00
8.086667e+01	-2.021186e-01	4.402339e+00
8.090000e+01	-2.067581e-01	4.376740e+00
8.093333e+01	-2.102376e-01	4.357542e+00
8.096667e+01	-2.143950e-01	4.334603e+00
81	-2.190947e-01	4.308672e+00
8.103333e+01	-2.223302e-01	4.290820e+00
8.106667e+01	-2.228682e-01	4.287852e+00
8.110000e+01	-2.215411e-01	4.295174e+00
8.113333e+01	-2.201414e-01	4.302897e+00
8.116667e+01	-2.197619e-01	4.304991e+00
8.120000e+01	-2.202546e-01	4.302272e+00
8.123333e+01	-2.208606e-01	4.298929e+00
8.126667e+01	-2.210557e-01	4.297853e+00
8.130000e+01	-2.206685e-01	4.299989e+00
8.133333e+01	-2.191247e-01	4.308507e+00
8.136667e+01	-2.153073e-01	4.329570e+00
8.140000e+01	-2.092145e-01	4.363187e+00
8.143333e+01	-2.031396e-01	4.396705e+00
8.146667e+01	-1.998938e-01	4.414614e+00
8.150000e+01	-2.001252e-01	4.413337e+00
8.153333e+01	-2.020631e-01	4.402645e+00
8.156667e+01	-2.035019e-01	4.394706e+00
8.160000e+01	-2.035609e-01	4.394381e+00
8.163333e+01	-2.027932e-01	4.398617e+00
8.166667e+01	-2.021556e-01	4.402135e+00
0	0	0
0	0	0
0	0	0
