0	9.586491e-05	6.000000e+00
3.333333e-02	1.113813e-04	6.000093e+00
6.666667e-02	1.080966e-04	6.000073e+00
1.000000e-01	9.654051e-05	6.000004e+00
1.333333e-01	8.932189e-05	5.999961e+00
1.666667e-01	9.030394e-05	5.999967e+00
2.000000e-01	9.524932e-05	5.999996e+00
2.333333e-01	9.858325e-05	6.000016e+00
2.666667e-01	9.835607e-05	6.000015e+00
3.000000e-01	9.625062e-05	6.000002e+00
3.333333e-01	9.472093e-05	5.999993e+00
3.666667e-01	9.473063e-05	5.999993e+00
4.000000e-01	9.562209e-05	5.999999e+00
4.333333e-01	9.631974e-05	6.000003e+00
4.666667e-01	9.635505e-05	6.000003e+00
5.000000e-01	9.597983e-05	6.000001e+00
5.333333e-01	9.566342e-05	5.999999e+00
5.666667e-01	9.563060e-05	5.999999e+00
6.000000e-01	9.578752e-05	6.000000e+00
6.333333e-01	9.593027e-05	6.000000e+00
6.666667e-01	9.595223e-05	6.000001e+00
7.000000e-01	9.588707e-05	6.000000e+00
7.333333e-01	9.582298e-05	6.000000e+00
7.666667e-01	9.581007e-05	6.000000e+00
8.000000e-01	9.583691e-05	6.000000e+00
8.333333e-01	9.586555e-05	6.000000e+00
8.666667e-01	9.587263e-05	6.000000e+00
9.000000e-01	9.586167e-05	6.000000e+00
9.333333e-01	9.584894e-05	6.000000e+00
9.666667e-01	9.584522e-05	6.000000e+00
1	-8.103253e-05	5.998939e+00
1.033333e+00	-1.256382e-03	5.991887e+00
1.066667e+00	-4.677840e-03	5.971361e+00
1.100000e+00	-1.035198e-02	5.937319e+00
1.133333e+00	-1.604630e-02	5.903156e+00
1.166667e+00	-1.907523e-02	5.884985e+00
1.200000e+00	-1.883493e-02	5.886426e+00
1.233333e+00	-1.700569e-02	5.897401e+00
1.266667e+00	-1.566126e-02	5.905466e+00
1.300000e+00	-1.561747e-02	5.905729e+00
1.333333e+00	-1.634400e-02	5.901370e+00
1.366667e+00	-1.694049e-02	5.897792e+00
1.400000e+00	-1.699296e-02	5.897477e+00
1.433333e+00	-1.669106e-02	5.899288e+00
1.466667e+00	-1.642308e-02	5.900896e+00
1.500000e+00	-1.638616e-02	5.901117e+00
1.533333e+00	-1.651181e-02	5.900364e+00
1.566667e+00	-1.663223e-02	5.899641e+00
1.600000e+00	-1.665461e-02	5.899507e+00
1.633333e+00	-1.660269e-02	5.899818e+00
1.666667e+00	-1.654881e-02	5.900142e+00
1.700000e+00	-1.653629e-02	5.900217e+00
1.733333e+00	-1.655756e-02	5.900089e+00
1.766667e+00	-1.658156e-02	5.899945e+00
1.800000e+00	-1.658821e-02	5.899905e+00
1.833333e+00	-1.657959e-02	5.899957e+00
1.866667e+00	-1.656894e-02	5.900021e+00
1.900000e+00	-1.656553e-02	5.900041e+00
1.933333e+00	-1.656898e-02	5.900021e+00
1.966667e+00	-1.657368e-02	5.899992e+00
2	-1.657539e-02	5.899982e+00
2.033333e+00	-1.657403e-02	5.899990e+00
2.066667e+00	-1.657196e-02	5.900003e+00
2.100000e+00	-1.657112e-02	5.900008e+00
2.133333e+00	-1.657165e-02	5.900005e+00
2.166667e+00	-1.657256e-02	5.899999e+00
2.200000e+00	-1.657296e-02	5.899997e+00
2.233333e+00	-1.657276e-02	5.899998e+00
2.266667e+00	-1.657237e-02	5.900000e+00
2.300000e+00	-1.657217e-02	5.900001e+00
2.333333e+00	-1.657225e-02	5.900001e+00
2.366667e+00	-1.657242e-02	5.900000e+00
2.400000e+00	-1.657251e-02	5.899999e+00
2.433333e+00	-1.657248e-02	5.900000e+00
2.466667e+00	-1.657241e-02	5.900000e+00
2.500000e+00	-1.657237e-02	5.900000e+00
2.533333e+00	-1.657238e-02	5.900000e+00
2.566667e+00	-1.657241e-02	5.900000e+00
2.600000e+00	-1.657243e-02	5.900000e+00
2.633333e+00	-1.674931e-02	5.898939e+00
2.666667e+00	-1.792465e-02	5.891887e+00
2.700000e+00	-2.134610e-02	5.871361e+00
2.733333e+00	-2.684336e-02	5.838380e+00
2.766667e+00	-3.136233e-02	5.811269e+00
2.800000e+00	-3.096980e-02	5.813624e+00
2.833333e+00	-2.505536e-02	5.849107e+00
2.866667e+00	-1.753180e-02	5.894244e+00
2.900000e+00	-1.315844e-02	5.920482e+00
2.933333e+00	-1.335494e-02	5.919303e+00
2.966667e+00	-1.591072e-02	5.903970e+00
3	-1.785164e-02	5.892325e+00
3.033333e+00	-1.794790e-02	5.891748e+00
3.066667e+00	-1.691947e-02	5.897918e+00
3.100000e+00	-1.605500e-02	5.903104e+00
3.133333e+00	-1.596561e-02	5.903640e+00
3.166667e+00	-1.623987e-02	5.901995e+00
3.200000e+00	-1.560962e-02	5.905776e+00
3.233333e+00	-1.270365e-02	5.923210e+00
3.266667e+00	-7.620288e-03	5.953708e+00
3.300000e+00	-2.601062e-03	5.983820e+00
3.333333e+00	-2.593501e-04	5.997869e+00
3.366667e+00	-1.237306e-03	5.992002e+00
3.400000e+00	-3.976683e-03	5.975567e+00
3.433333e+00	-6.439087e-03	5.960794e+00
3.466667e+00	-7.709208e-03	5.953174e+00
3.500000e+00	-8.185005e-03	5.950320e+00
3.533333e+00	-8.708452e-03	5.947179e+00
3.566667e+00	-9.722610e-03	5.941095e+00
3.600000e+00	-1.109559e-02	5.932858e+00
3.633333e+00	-1.246872e-02	5.924620e+00
3.666667e+00	-1.362336e-02	5.917693e+00
3.700000e+00	-1.453668e-02	5.912213e+00
3.733333e+00	-1.522457e-02	5.908086e+00
3.766667e+00	-1.551083e-02	5.906369e+00
3.800000e+00	-1.464257e-02	5.911578e+00
3.833333e+00	-1.166135e-02	5.929464e+00
3.866667e+00	-7.406942e-03	5.954988e+00
3.900000e+00	-5.289418e-03	5.967691e+00
3.933333e+00	-7.956380e-03	5.951691e+00
3.966667e+00	-1.382481e-02	5.916484e+00
4	-1.879251e-02	5.886681e+00
4.033333e+00	-2.105466e-02	5.873109e+00
4.066667e+00	-2.271498e-02	5.863148e+00
4.100000e+00	-2.634725e-02	5.841357e+00
4.133333e+00	-3.141030e-02	5.810981e+00
4.166667e+00	-3.510367e-02	5.788823e+00
4.200000e+00	-3.574901e-02	5.784951e+00
4.233333e+00	-3.423570e-02	5.794030e+00
4.266667e+00	-3.263010e-02	5.803663e+00
4.300000e+00	-3.219829e-02	5.806254e+00
4.333333e+00	-3.276971e-02	5.802825e+00
4.366667e+00	-3.346799e-02	5.798636e+00
4.400000e+00	-3.369033e-02	5.797302e+00
4.433333e+00	-3.346362e-02	5.798662e+00
4.466667e+00	-3.315680e-02	5.800503e+00
4.500000e+00	-3.304581e-02	5.801169e+00
4.533333e+00	-3.313546e-02	5.800631e+00
4.566667e+00	-3.327027e-02	5.799822e+00
4.600000e+00	-3.332481e-02	5.799495e+00
4.633333e+00	-3.328994e-02	5.799704e+00
4.666667e+00	-3.323093e-02	5.800058e+00
4.700000e+00	-3.320452e-02	5.800217e+00
4.733333e+00	-3.321778e-02	5.800137e+00
4.766667e+00	-3.324351e-02	5.799983e+00
4.800000e+00	-3.325613e-02	5.799907e+00
4.833333e+00	-3.325123e-02	5.799937e+00
4.866667e+00	-3.324007e-02	5.800004e+00
4.900000e+00	-3.323410e-02	5.800039e+00
4.933333e+00	-3.323584e-02	5.800029e+00
4.966667e+00	-3.324066e-02	5.800000e+00
5	-3.324346e-02	5.799983e+00
5.033333e+00	-3.324288e-02	5.799987e+00
5.066667e+00	-3.324081e-02	5.799999e+00
5.100000e+00	-3.323951e-02	5.800007e+00
5.133333e+00	-3.323968e-02	5.800006e+00
5.166667e+00	-3.324056e-02	5.800001e+00
5.200000e+00	-3.324116e-02	5.799997e+00
5.233333e+00	-3.324113e-02	5.799997e+00
5.266667e+00	-3.324075e-02	5.800000e+00
5.300000e+00	-3.324047e-02	5.800001e+00
5.333333e+00	-3.324047e-02	5.800001e+00
5.366667e+00	-3.324063e-02	5.800000e+00
5.400000e+00	-3.324076e-02	5.800000e+00
5.433333e+00	-3.324077e-02	5.799999e+00
5.466667e+00	-3.324070e-02	5.800000e+00
5.500000e+00	-3.324064e-02	5.800000e+00
5.533333e+00	-3.324063e-02	5.800000e+00
5.566667e+00	-3.324066e-02	5.800000e+00
5.600000e+00	-3.324069e-02	5.800000e+00
5.633333e+00	-3.324069e-02	5.800000e+00
5.666667e+00	-3.324068e-02	5.800000e+00
5.700000e+00	-3.324067e-02	5.800000e+00
5.733333e+00	-3.324067e-02	5.800000e+00
5.766667e+00	-3.324067e-02	5.800000e+00
5.800000e+00	-3.324068e-02	5.800000e+00
5.833333e+00	-3.324068e-02	5.800000e+00
5.866667e+00	-3.324068e-02	5.800000e+00
5.900000e+00	-3.324067e-02	5.800000e+00
5.933333e+00	-3.324067e-02	5.800000e+00
5.966667e+00	-3.324067e-02	5.800000e+00
6	-3.324068e-02	5.800000e+00
6.033333e+00	-3.324068e-02	5.800000e+00
6.066667e+00	-3.324068e-02	5.800000e+00
6.100000e+00	-3.324067e-02	5.800000e+00
6.133333e+00	-3.324067e-02	5.800000e+00
6.166667e+00	-3.324067e-02	5.800000e+00
6.200000e+00	-3.324067e-02	5.800000e+00
6.233333e+00	-3.324068e-02	5.800000e+00
6.266667e+00	-3.324067e-02	5.800000e+00
6.300000e+00	-3.324067e-02	5.800000e+00
6.333333e+00	-3.324067e-02	5.800000e+00
6.366667e+00	-3.324067e-02	5.800000e+00
6.400000e+00	-3.341756e-02	5.798939e+00
6.433333e+00	-3.459291e-02	5.791887e+00
6.466667e+00	-3.801437e-02	5.771361e+00
6.500000e+00	-4.368851e-02	5.737319e+00
6.533333e+00	-4.938283e-02	5.703156e+00
6.566667e+00	-5.241175e-02	5.684985e+00
6.600000e+00	-5.217146e-02	5.686426e+00
6.633333e+00	-5.034222e-02	5.697401e+00
6.666667e+00	-4.899779e-02	5.705466e+00
6.700000e+00	-4.895400e-02	5.705729e+00
6.733333e+00	-4.968053e-02	5.701370e+00
6.766667e+00	-5.027702e-02	5.697792e+00
6.800000e+00	-5.032949e-02	5.697477e+00
6.833333e+00	-5.002759e-02	5.699288e+00
6.866667e+00	-4.958273e-02	5.701957e+00
6.900000e+00	-4.837045e-02	5.709230e+00
6.933333e+00	-4.507465e-02	5.729003e+00
6.966667e+00	-3.952092e-02	5.762322e+00
7	-3.384898e-02	5.796351e+00
7.033333e+00	-3.076814e-02	5.814834e+00
7.066667e+00	-3.095455e-02	5.813715e+00
7.100000e+00	-3.277128e-02	5.802816e+00
7.133333e+00	-3.413697e-02	5.794623e+00
7.166667e+00	-3.420477e-02	5.794216e+00
7.200000e+00	-3.348489e-02	5.798535e+00
7.233333e+00	-3.305665e-02	5.801104e+00
7.266667e+00	-3.416890e-02	5.794431e+00
7.300000e+00	-3.788884e-02	5.772114e+00
7.333333e+00	-4.383441e-02	5.736444e+00
7.366667e+00	-4.957035e-02	5.702031e+00
7.400000e+00	-5.247533e-02	5.684603e+00
7.433333e+00	-5.211326e-02	5.686775e+00
7.466667e+00	-5.025957e-02	5.697896e+00
7.500000e+00	-4.896622e-02	5.705656e+00
7.533333e+00	-4.897684e-02	5.705592e+00
7.566667e+00	-4.971679e-02	5.701153e+00
7.600000e+00	-5.029243e-02	5.697699e+00
7.633333e+00	-5.032069e-02	5.697530e+00
7.666667e+00	-5.001175e-02	5.699383e+00
7.700000e+00	-4.975220e-02	5.700940e+00
7.733333e+00	-4.972600e-02	5.701098e+00
7.766667e+00	-4.969014e-02	5.701313e+00
7.800000e+00	-4.871019e-02	5.707192e+00
7.833333e+00	-4.553449e-02	5.726244e+00
7.866667e+00	-4.019671e-02	5.758268e+00
7.900000e+00	-3.491960e-02	5.789927e+00
7.933333e+00	-3.240042e-02	5.805041e+00
7.966667e+00	-3.334335e-02	5.799384e+00
8	-3.615028e-02	5.782544e+00
8.033333e+00	-3.868889e-02	5.767314e+00
8.066667e+00	-3.998278e-02	5.759551e+00
8.100000e+00	-4.043433e-02	5.756842e+00
8.133333e+00	-4.092506e-02	5.753898e+00
8.166667e+00	-4.192730e-02	5.747885e+00
8.200000e+00	-4.330969e-02	5.739592e+00
8.233333e+00	-4.469710e-02	5.731268e+00
8.266667e+00	-4.586935e-02	5.724235e+00
8.300000e+00	-4.686916e-02	5.718237e+00
8.333333e+00	-4.784548e-02	5.712380e+00
8.366667e+00	-4.883382e-02	5.706450e+00
8.400000e+00	-4.967210e-02	5.701421e+00
8.433333e+00	-5.014145e-02	5.698605e+00
8.466667e+00	-5.019346e-02	5.698293e+00
8.500000e+00	-5.000839e-02	5.699403e+00
8.533333e+00	-4.983340e-02	5.700453e+00
8.566667e+00	-4.979598e-02	5.700678e+00
8.600000e+00	-4.986395e-02	5.700270e+00
8.633333e+00	-4.993825e-02	5.699824e+00
8.666667e+00	-4.995768e-02	5.699708e+00
8.700000e+00	-4.993033e-02	5.699872e+00
8.733333e+00	-4.989763e-02	5.700068e+00
8.766667e+00	-4.988768e-02	5.700128e+00
8.800000e+00	-4.989871e-02	5.700061e+00
8.833333e+00	-4.991316e-02	5.699975e+00
8.866667e+00	-5.009506e-02	5.698883e+00
8.900000e+00	-5.126603e-02	5.691858e+00
8.933333e+00	-5.468112e-02	5.671370e+00
8.966667e+00	-6.035278e-02	5.637343e+00
9	-6.622570e-02	5.602109e+00
9.033333e+00	-7.043277e-02	5.576869e+00
9.066667e+00	-7.361514e-02	5.557776e+00
9.100000e+00	-7.745938e-02	5.534713e+00
9.133333e+00	-8.180805e-02	5.508624e+00
9.166667e+00	-8.479260e-02	5.490718e+00
9.200000e+00	-8.527909e-02	5.487799e+00
9.233333e+00	-8.404686e-02	5.495192e+00
9.266667e+00	-8.275518e-02	5.502941e+00
9.300000e+00	-8.240940e-02	5.505016e+00
9.333333e+00	-8.286772e-02	5.502266e+00
9.366667e+00	-8.342717e-02	5.498910e+00
9.400000e+00	-8.360532e-02	5.497841e+00
9.433333e+00	-8.342393e-02	5.498929e+00
9.466667e+00	-8.317839e-02	5.500402e+00
9.500000e+00	-8.308955e-02	5.500935e+00
9.533333e+00	-8.316127e-02	5.500505e+00
9.566667e+00	-8.326914e-02	5.499858e+00
9.600000e+00	-8.331279e-02	5.499596e+00
9.633333e+00	-8.328489e-02	5.499763e+00
9.666667e+00	-8.323767e-02	5.500047e+00
9.700000e+00	-8.321654e-02	5.500174e+00
9.733333e+00	-8.322715e-02	5.500110e+00
9.766667e+00	-8.324773e-02	5.499986e+00
9.800000e+00	-8.325784e-02	5.499926e+00
9.833333e+00	-8.325392e-02	5.499949e+00
9.866667e+00	-8.324499e-02	5.500003e+00
9.900000e+00	-8.324021e-02	5.500032e+00
9.933333e+00	-8.324159e-02	5.500023e+00
9.966667e+00	-8.324545e-02	5.500000e+00
10	-8.342458e-02	5.498925e+00
1.003333e+01	-8.459947e-02	5.491877e+00
1.006667e+01	-8.801927e-02	5.471360e+00
1.010000e+01	-9.369237e-02	5.437325e+00
1.013333e+01	-9.938682e-02	5.403161e+00
1.016667e+01	-1.024165e-01	5.384985e+00
1.020000e+01	-1.021766e-01	5.386424e+00
1.023333e+01	-1.003474e-01	5.397398e+00
1.026667e+01	-9.900264e-02	5.405466e+00
1.030000e+01	-9.895863e-02	5.405730e+00
1.033333e+01	-9.968516e-02	5.401371e+00
1.036667e+01	-1.002818e-01	5.397792e+00
1.040000e+01	-1.003343e-01	5.397477e+00
1.043333e+01	-1.000325e-01	5.399288e+00
1.046667e+01	-9.976442e-02	5.400896e+00
1.050000e+01	-9.972746e-02	5.401118e+00
1.053333e+01	-9.985310e-02	5.400364e+00
1.056667e+01	-9.997354e-02	5.399641e+00
1.060000e+01	-9.999594e-02	5.399507e+00
1.063333e+01	-9.994403e-02	5.399818e+00
1.066667e+01	-9.989013e-02	5.400142e+00
1.070000e+01	-1.000545e-01	5.399156e+00
1.073333e+01	-1.012511e-01	5.391977e+00
1.076667e+01	-1.046966e-01	5.371306e+00
1.080000e+01	-1.102005e-01	5.338285e+00
1.083333e+01	-1.147108e-01	5.311226e+00
1.086667e+01	-1.143076e-01	5.313645e+00
1.090000e+01	-1.083898e-01	5.349148e+00
1.093333e+01	-1.008697e-01	5.394265e+00
1.096667e+01	-9.650104e-02	5.420474e+00
11	-9.669925e-02	5.419285e+00
1.103333e+01	-9.925366e-02	5.403960e+00
1.106667e+01	-1.011925e-01	5.392328e+00
1.110000e+01	-1.012879e-01	5.391756e+00
1.113333e+01	-1.002600e-01	5.397922e+00
1.116667e+01	-9.939647e-02	5.403103e+00
1.120000e+01	-9.930749e-02	5.403637e+00
1.123333e+01	-9.973484e-02	5.401073e+00
1.126667e+01	-1.001228e-01	5.398746e+00
1.130000e+01	-1.001819e-01	5.398391e+00
1.133333e+01	-1.000044e-01	5.399456e+00
1.136667e+01	-9.983032e-02	5.400500e+00
1.140000e+01	-9.979552e-02	5.400709e+00
1.143333e+01	-9.986867e-02	5.400270e+00
1.146667e+01	-9.994649e-02	5.399803e+00
1.150000e+01	-9.996561e-02	5.399689e+00
1.153333e+01	-9.993573e-02	5.399868e+00
1.156667e+01	-1.000780e-01	5.399015e+00
1.160000e+01	-1.012433e-01	5.392023e+00
1.163333e+01	-1.046768e-01	5.371424e+00
1.166667e+01	-1.103663e-01	5.337291e+00
1.170000e+01	-1.162426e-01	5.302036e+00
1.173333e+01	-1.204421e-01	5.276842e+00
1.176667e+01	-1.236165e-01	5.257797e+00
1.180000e+01	-1.274588e-01	5.234745e+00
1.183333e+01	-1.318106e-01	5.208637e+00
1.186667e+01	-1.347987e-01	5.190710e+00
1.190000e+01	-1.352862e-01	5.187785e+00
1.193333e+01	-1.340527e-01	5.195186e+00
1.196667e+01	-1.327595e-01	5.202944e+00
12	-1.324132e-01	5.205022e+00
1.203333e+01	-1.328720e-01	5.202269e+00
1.206667e+01	-1.334321e-01	5.198909e+00
1.210000e+01	-1.336106e-01	5.197838e+00
1.213333e+01	-1.334290e-01	5.198928e+00
1.216667e+01	-1.331831e-01	5.200403e+00
1.220000e+01	-1.330942e-01	5.200937e+00
1.223333e+01	-1.331660e-01	5.200506e+00
1.226667e+01	-1.332740e-01	5.199858e+00
1.230000e+01	-1.333177e-01	5.199596e+00
1.233333e+01	-1.332897e-01	5.199763e+00
1.236667e+01	-1.332425e-01	5.200047e+00
1.240000e+01	-1.330444e-01	5.201235e+00
1.243333e+01	-1.318797e-01	5.208223e+00
1.246667e+01	-1.284788e-01	5.228626e+00
1.250000e+01	-1.228148e-01	5.262607e+00
1.253333e+01	-1.171166e-01	5.296793e+00
1.256667e+01	-1.140787e-01	5.315018e+00
1.260000e+01	-1.143142e-01	5.313605e+00
1.263333e+01	-1.161448e-01	5.302623e+00
1.266667e+01	-1.176700e-01	5.293473e+00
1.270000e+01	-1.188914e-01	5.286145e+00
1.273333e+01	-1.215859e-01	5.269980e+00
1.276667e+01	-1.266619e-01	5.239527e+00
1.280000e+01	-1.323027e-01	5.205685e+00
1.283333e+01	-1.356336e-01	5.185701e+00
1.286667e+01	-1.356620e-01	5.185531e+00
1.290000e+01	-1.338702e-01	5.196281e+00
1.293333e+01	-1.324001e-01	5.205101e+00
1.296667e+01	-1.322356e-01	5.206088e+00
13	-1.329395e-01	5.201864e+00
1.303333e+01	-1.335879e-01	5.197974e+00
1.306667e+01	-1.335175e-01	5.198397e+00
1.310000e+01	-1.320529e-01	5.207184e+00
1.313333e+01	-1.283422e-01	5.229446e+00
1.316667e+01	-1.226070e-01	5.263853e+00
1.320000e+01	-1.170317e-01	5.297302e+00
1.323333e+01	-1.141318e-01	5.314700e+00
1.326667e+01	-1.144051e-01	5.313060e+00
1.330000e+01	-1.161859e-01	5.302376e+00
1.333333e+01	-1.174730e-01	5.294655e+00
1.336667e+01	-1.174996e-01	5.294495e+00
1.340000e+01	-1.167926e-01	5.298737e+00
1.343333e+01	-1.162214e-01	5.302163e+00
1.346667e+01	-1.161777e-01	5.302426e+00
1.350000e+01	-1.164718e-01	5.300661e+00
1.353333e+01	-1.167286e-01	5.299120e+00
1.356667e+01	-1.167612e-01	5.298925e+00
1.360000e+01	-1.166386e-01	5.299660e+00
1.363333e+01	-1.165231e-01	5.300353e+00
1.366667e+01	-1.165028e-01	5.300475e+00
1.370000e+01	-1.163767e-01	5.301232e+00
1.373333e+01	-1.152531e-01	5.307973e+00
1.376667e+01	-1.118431e-01	5.328431e+00
1.380000e+01	-1.061482e-01	5.362597e+00
1.383333e+01	-1.004308e-01	5.396898e+00
1.386667e+01	-9.739567e-02	5.415107e+00
1.390000e+01	-9.764443e-02	5.413615e+00
1.393333e+01	-9.948391e-02	5.402579e+00
1.396667e+01	-1.008315e-01	5.394494e+00
14	-1.006950e-01	5.395313e+00
1.403333e+01	-9.878863e-02	5.406750e+00
1.406667e+01	-9.476907e-02	5.430865e+00
1.410000e+01	-8.904381e-02	5.465213e+00
1.413333e+01	-8.365338e-02	5.497553e+00
1.416667e+01	-8.089323e-02	5.514112e+00
1.420000e+01	-8.116991e-02	5.512452e+00
1.423333e+01	-8.287264e-02	5.502237e+00
1.426667e+01	-8.409627e-02	5.494896e+00
1.430000e+01	-8.411788e-02	5.494766e+00
1.433333e+01	-8.344364e-02	5.498811e+00
1.436667e+01	-8.290122e-02	5.502065e+00
1.440000e+01	-8.254824e-02	5.504183e+00
1.443333e+01	-8.043629e-02	5.516853e+00
1.446667e+01	-7.223441e-02	5.566060e+00
1.450000e+01	-5.378007e-02	5.676775e+00
1.453333e+01	-2.510392e-02	5.848816e+00
1.456667e+01	8.923875e-03	6.052963e+00
1.460000e+01	4.243578e-02	6.254015e+00
1.463333e+01	7.264392e-02	6.435247e+00
1.466667e+01	1.004727e-01	6.602203e+00
1.470000e+01	1.282624e-01	6.768926e+00
1.473333e+01	1.573682e-01	6.943544e+00
1.476667e+01	1.875313e-01	7.124505e+00
1.480000e+01	2.177712e-01	7.305927e+00
1.483333e+01	2.471501e-01	7.482183e+00
1.486667e+01	2.739738e-01	7.643110e+00
1.490000e+01	2.946855e-01	7.767368e+00
1.493333e+01	3.055869e-01	7.832771e+00
1.496667e+01	3.066278e-01	7.839016e+00
15	3.023467e-01	7.813331e+00
1.503333e+01	2.983961e-01	7.789630e+00
1.506667e+01	2.975859e-01	7.784769e+00
1.510000e+01	2.991332e-01	7.794052e+00
1.513333e+01	3.006201e-01	7.802973e+00
1.516667e+01	2.998659e-01	7.798448e+00
1.520000e+01	2.958215e-01	7.774184e+00
1.523333e+01	2.865857e-01	7.718774e+00
1.526667e+01	2.606311e-01	7.563062e+00
1.530000e+01	1.948832e-01	7.168612e+00
1.533333e+01	8.071057e-02	6.483642e+00
1.536667e+01	-4.817866e-02	5.710381e+00
1.540000e+01	-1.352577e-01	5.187956e+00
1.543333e+01	-1.527143e-01	5.083227e+00
1.546667e+01	-1.223684e-01	5.265285e+00
1.550000e+01	-8.743452e-02	5.474868e+00
1.553333e+01	-7.389131e-02	5.556120e+00
1.556667e+01	-7.920665e-02	5.524231e+00
1.560000e+01	-8.788915e-02	5.472141e+00
1.563333e+01	-8.986560e-02	5.460283e+00
1.566667e+01	-8.578122e-02	5.484787e+00
1.570000e+01	-8.114733e-02	5.512588e+00
1.573333e+01	-7.886033e-02	5.526308e+00
1.576667e+01	-7.717665e-02	5.536409e+00
1.580000e+01	-7.353033e-02	5.558285e+00
1.583333e+01	-6.825623e-02	5.589927e+00
1.586667e+01	-6.334961e-02	5.619364e+00
1.590000e+01	-5.926806e-02	5.643851e+00
1.593333e+01	-5.511820e-02	5.668747e+00
1.596667e+01	-5.087100e-02	5.694228e+00
16	-4.710733e-02	5.716808e+00
1.603333e+01	-4.335118e-02	5.739343e+00
1.606667e+01	-3.880010e-02	5.766647e+00
1.610000e+01	-3.422364e-02	5.794103e+00
1.613333e+01	-3.146644e-02	5.810644e+00
1.616667e+01	-3.129042e-02	5.811700e+00
1.620000e+01	-3.263614e-02	5.803627e+00
1.623333e+01	-3.383804e-02	5.796416e+00
1.626667e+01	-3.404746e-02	5.795160e+00
1.630000e+01	-3.353345e-02	5.798243e+00
1.633333e+01	-3.300887e-02	5.801391e+00
1.636667e+01	-3.289038e-02	5.802102e+00
1.640000e+01	-3.309871e-02	5.800852e+00
1.643333e+01	-3.333102e-02	5.799458e+00
1.646667e+01	-3.339386e-02	5.799081e+00
1.650000e+01	-3.330927e-02	5.799588e+00
1.653333e+01	-3.320627e-02	5.800206e+00
1.656667e+01	-3.317390e-02	5.800401e+00
1.660000e+01	-3.320788e-02	5.800197e+00
1.663333e+01	-3.325338e-02	5.799924e+00
1.666667e+01	-3.326965e-02	5.799826e+00
1.670000e+01	-3.325619e-02	5.799907e+00
1.673333e+01	-3.323617e-02	5.800027e+00
1.676667e+01	-3.322816e-02	5.800075e+00
1.680000e+01	-3.323340e-02	5.800044e+00
1.683333e+01	-3.324217e-02	5.799991e+00
1.686667e+01	-3.324605e-02	5.799968e+00
1.690000e+01	-3.324406e-02	5.799980e+00
1.693333e+01	-3.324023e-02	5.800003e+00
1.696667e+01	-3.323837e-02	5.800014e+00
17	-3.323911e-02	5.800009e+00
1.703333e+01	-3.341766e-02	5.798938e+00
1.706667e+01	-3.459389e-02	5.791881e+00
1.710000e+01	-3.801509e-02	5.771356e+00
1.713333e+01	-4.368851e-02	5.737319e+00
1.716667e+01	-4.938242e-02	5.703159e+00
1.720000e+01	-5.241143e-02	5.684987e+00
1.723333e+01	-5.217144e-02	5.686426e+00
1.726667e+01	-5.034239e-02	5.697400e+00
1.730000e+01	-4.899794e-02	5.705465e+00
1.733333e+01	-4.895401e-02	5.705729e+00
1.736667e+01	-4.968045e-02	5.701371e+00
1.740000e+01	-5.027695e-02	5.697792e+00
1.743333e+01	-5.032948e-02	5.697477e+00
1.746667e+01	-5.002762e-02	5.699288e+00
1.750000e+01	-4.975964e-02	5.700896e+00
1.753333e+01	-4.972270e-02	5.701117e+00
1.756667e+01	-4.984833e-02	5.700364e+00
1.760000e+01	-4.996874e-02	5.699641e+00
1.763333e+01	-4.999113e-02	5.699507e+00
1.766667e+01	-4.993922e-02	5.699818e+00
1.770000e+01	-4.970846e-02	5.701203e+00
1.773333e+01	-4.852059e-02	5.708329e+00
1.776667e+01	-4.512039e-02	5.728729e+00
1.780000e+01	-3.947025e-02	5.762626e+00
1.783333e+01	-3.378258e-02	5.796749e+00
1.786667e+01	-3.074504e-02	5.814972e+00
1.790000e+01	-3.097469e-02	5.813595e+00
1.793333e+01	-3.280052e-02	5.802641e+00
1.796667e+01	-3.414840e-02	5.794554e+00
18	-3.402001e-02	5.795324e+00
1.803333e+01	-3.211983e-02	5.806724e+00
1.806667e+01	-2.810051e-02	5.830838e+00
1.810000e+01	-2.237184e-02	5.865207e+00
1.813333e+01	-1.697858e-02	5.897563e+00
1.816667e+01	-1.421817e-02	5.914124e+00
1.820000e+01	-1.449628e-02	5.912456e+00
1.823333e+01	-1.620028e-02	5.902233e+00
1.826667e+01	-1.742410e-02	5.894890e+00
1.830000e+01	-1.744511e-02	5.894764e+00
1.833333e+01	-1.677031e-02	5.898813e+00
1.836667e+01	-1.622777e-02	5.902068e+00
1.840000e+01	-1.618798e-02	5.902306e+00
1.843333e+01	-1.646871e-02	5.900622e+00
1.846667e+01	-1.671266e-02	5.899159e+00
1.850000e+01	-1.674286e-02	5.898977e+00
1.853333e+01	-1.662579e-02	5.899680e+00
1.856667e+01	-1.651603e-02	5.900338e+00
1.860000e+01	-1.649709e-02	5.900452e+00
1.863333e+01	-1.654557e-02	5.900161e+00
1.866667e+01	-1.677164e-02	5.898805e+00
1.870000e+01	-1.795778e-02	5.891689e+00
1.873333e+01	-2.135934e-02	5.871281e+00
1.876667e+01	-2.701154e-02	5.837371e+00
1.880000e+01	-3.270005e-02	5.803243e+00
1.883333e+01	-3.573707e-02	5.785023e+00
1.886667e+01	-3.568340e-02	5.785345e+00
1.890000e+01	-3.503252e-02	5.789250e+00
1.893333e+01	-3.710629e-02	5.776809e+00
1.896667e+01	-4.290922e-02	5.741994e+00
19	-5.050391e-02	5.696431e+00
1.903333e+01	-5.755208e-02	5.654146e+00
1.906667e+01	-6.304029e-02	5.621219e+00
1.910000e+01	-6.660421e-02	5.599838e+00
1.913333e+01	-6.802022e-02	5.591343e+00
1.916667e+01	-6.769839e-02	5.593274e+00
1.920000e+01	-6.672096e-02	5.599138e+00
1.923333e+01	-6.609363e-02	5.602901e+00
1.926667e+01	-6.612505e-02	5.602713e+00
1.930000e+01	-6.649794e-02	5.600476e+00
1.933333e+01	-6.677250e-02	5.598828e+00
1.936667e+01	-6.677538e-02	5.598811e+00
1.940000e+01	-6.662031e-02	5.599741e+00
1.943333e+01	-6.649677e-02	5.600483e+00
1.946667e+01	-6.648895e-02	5.600529e+00
1.950000e+01	-6.655410e-02	5.600139e+00
1.953333e+01	-6.660998e-02	5.599803e+00
1.956667e+01	-6.661640e-02	5.599765e+00
1.960000e+01	-6.658919e-02	5.599928e+00
1.963333e+01	-6.656401e-02	5.600079e+00
1.966667e+01	-6.655987e-02	5.600104e+00
1.970000e+01	-6.657115e-02	5.600036e+00
1.973333e+01	-6.658245e-02	5.599969e+00
1.976667e+01	-6.658483e-02	5.599954e+00
1.980000e+01	-6.658019e-02	5.599982e+00
1.983333e+01	-6.630983e-02	5.601604e+00
1.986667e+01	-6.428018e-02	5.613781e+00
1.990000e+01	-5.712152e-02	5.656729e+00
1.993333e+01	-4.145201e-02	5.750737e+00
1.996667e+01	-1.723945e-02	5.895998e+00
20	1.151793e-02	6.068526e+00
2.003333e+01	3.991510e-02	6.238893e+00
2.006667e+01	6.556775e-02	6.392794e+00
2.010000e+01	8.920312e-02	6.534592e+00
2.013333e+01	1.127727e-01	6.675996e+00
2.016667e+01	1.374323e-01	6.823940e+00
2.020000e+01	1.629869e-01	6.977253e+00
2.023333e+01	1.886203e-01	7.131038e+00
2.026667e+01	2.138008e-01	7.282107e+00
2.030000e+01	2.383138e-01	7.429171e+00
2.033333e+01	2.610084e-01	7.565325e+00
2.036667e+01	2.787593e-01	7.671821e+00
2.040000e+01	2.881797e-01	7.728337e+00
2.043333e+01	2.890922e-01	7.733812e+00
2.046667e+01	2.853834e-01	7.711561e+00
2.050000e+01	2.819542e-01	7.690988e+00
2.053333e+01	2.810732e-01	7.685703e+00
2.056667e+01	2.812423e-01	7.686717e+00
2.060000e+01	2.787363e-01	7.671683e+00
2.063333e+01	2.697256e-01	7.617623e+00
2.066667e+01	2.518733e-01	7.510520e+00
2.070000e+01	2.264122e-01	7.357768e+00
2.073333e+01	1.991103e-01	7.193972e+00
2.076667e+01	1.737441e-01	7.041789e+00
2.080000e+01	1.381862e-01	6.828463e+00
2.083333e+01	6.690093e-02	6.400792e+00
2.086667e+01	-4.432178e-02	5.733520e+00
2.090000e+01	-1.553833e-01	5.067215e+00
2.093333e+01	-2.150237e-01	4.709406e+00
2.096667e+01	-2.110095e-01	4.733489e+00
21	-1.755388e-01	4.946293e+00
2.103333e+01	-1.490601e-01	5.105150e+00
2.106667e+01	-1.476893e-01	5.113374e+00
2.110000e+01	-1.605606e-01	5.036154e+00
2.113333e+01	-1.686958e-01	4.987347e+00
2.116667e+01	-1.630208e-01	5.021394e+00
2.120000e+01	-1.480791e-01	5.111036e+00
2.123333e+01	-1.341113e-01	5.194834e+00
2.126667e+01	-1.280481e-01	5.231210e+00
2.130000e+01	-1.304443e-01	5.216834e+00
2.133333e+01	-1.378133e-01	5.172624e+00
2.136667e+01	-1.458257e-01	5.124554e+00
2.140000e+01	-1.511398e-01	5.092673e+00
2.143333e+01	-1.525598e-01	5.084154e+00
2.146667e+01	-1.512840e-01	5.091808e+00
2.150000e+01	-1.495681e-01	5.102103e+00
2.153333e+01	-1.489091e-01	5.106056e+00
2.156667e+01	-1.493392e-01	5.103475e+00
2.160000e+01	-1.500549e-01	5.099182e+00
2.163333e+01	-1.504499e-01	5.096812e+00
2.166667e+01	-1.506036e-01	5.095890e+00
2.170000e+01	-1.509957e-01	5.093538e+00
2.173333e+01	-1.519272e-01	5.087949e+00
2.176667e+01	-1.532671e-01	5.079911e+00
2.180000e+01	-1.546615e-01	5.071545e+00
2.183333e+01	-1.558702e-01	5.064294e+00
2.186667e+01	-1.568983e-01	5.058125e+00
2.190000e+01	-1.578886e-01	5.052184e+00
2.193333e+01	-1.589523e-01	5.045802e+00
2.196667e+01	-1.600957e-01	5.038943e+00
22	-1.612596e-01	5.031960e+00
2.203333e+01	-1.623938e-01	5.025156e+00
2.206667e+01	-1.634927e-01	5.018563e+00
2.210000e+01	-1.645691e-01	5.012105e+00
2.213333e+01	-1.655792e-01	5.006045e+00
2.216667e+01	-1.663768e-01	5.001260e+00
2.220000e+01	-1.666246e-01	4.999773e+00
2.223333e+01	-1.654895e-01	5.006583e+00
2.226667e+01	-1.618995e-01	5.028121e+00
2.230000e+01	-1.562471e-01	5.062032e+00
2.233333e+01	-1.516968e-01	5.089331e+00
2.236667e+01	-1.521507e-01	5.086608e+00
2.240000e+01	-1.581306e-01	5.050732e+00
2.243333e+01	-1.658474e-01	5.004436e+00
2.246667e+01	-1.713714e-01	4.971295e+00
2.250000e+01	-1.745675e-01	4.952120e+00
2.253333e+01	-1.776775e-01	4.933462e+00
2.256667e+01	-1.814409e-01	4.910884e+00
2.260000e+01	-1.843863e-01	4.893213e+00
2.263333e+01	-1.851787e-01	4.888459e+00
2.266667e+01	-1.842099e-01	4.894271e+00
2.270000e+01	-1.829493e-01	4.901834e+00
2.273333e+01	-1.824758e-01	4.904675e+00
2.276667e+01	-1.828155e-01	4.902637e+00
2.280000e+01	-1.833552e-01	4.899399e+00
2.283333e+01	-1.835863e-01	4.898013e+00
2.286667e+01	-1.834580e-01	4.898782e+00
2.290000e+01	-1.832239e-01	4.900187e+00
2.293333e+01	-1.829364e-01	4.901912e+00
2.296667e+01	-1.818090e-01	4.908675e+00
23	-1.784893e-01	4.928592e+00
2.303333e+01	-1.728677e-01	4.962318e+00
2.306667e+01	-1.671560e-01	4.996585e+00
2.310000e+01	-1.640830e-01	5.015021e+00
2.313333e+01	-1.642986e-01	5.013728e+00
2.316667e+01	-1.659569e-01	5.003779e+00
2.320000e+01	-1.661450e-01	5.002651e+00
2.323333e+01	-1.627788e-01	5.022846e+00
2.326667e+01	-1.563763e-01	5.061257e+00
2.330000e+01	-1.500774e-01	5.099047e+00
2.333333e+01	-1.469906e-01	5.117566e+00
2.336667e+01	-1.475333e-01	5.114310e+00
2.340000e+01	-1.496340e-01	5.101707e+00
2.343333e+01	-1.510178e-01	5.093405e+00
2.346667e+01	-1.509359e-01	5.093896e+00
2.350000e+01	-1.500875e-01	5.098986e+00
2.353333e+01	-1.494675e-01	5.102706e+00
2.356667e+01	-1.494669e-01	5.102710e+00
2.360000e+01	-1.498233e-01	5.100571e+00
2.363333e+01	-1.501043e-01	5.098886e+00
2.366667e+01	-1.501200e-01	5.098791e+00
2.370000e+01	-1.499701e-01	5.099691e+00
2.373333e+01	-1.498428e-01	5.100454e+00
2.376667e+01	-1.498290e-01	5.100537e+00
2.380000e+01	-1.498917e-01	5.100161e+00
2.383333e+01	-1.499491e-01	5.099817e+00
2.386667e+01	-1.499581e-01	5.099762e+00
2.390000e+01	-1.499321e-01	5.099918e+00
2.393333e+01	-1.499064e-01	5.100073e+00
2.396667e+01	-1.499011e-01	5.100105e+00
24	-1.499118e-01	5.100040e+00
2.403333e+01	-1.499233e-01	5.099971e+00
2.406667e+01	-1.497493e-01	5.101015e+00
2.410000e+01	-1.485696e-01	5.108093e+00
2.413333e+01	-1.451158e-01	5.128814e+00
2.416667e+01	-1.392321e-01	5.164112e+00
2.420000e+01	-1.328051e-01	5.202671e+00
2.423333e+01	-1.281711e-01	5.230472e+00
2.426667e+01	-1.259288e-01	5.243925e+00
2.430000e+01	-1.248079e-01	5.250649e+00
2.433333e+01	-1.232389e-01	5.260062e+00
2.436667e+01	-1.206513e-01	5.275586e+00
2.440000e+01	-1.175009e-01	5.294487e+00
2.443333e+01	-1.144874e-01	5.312566e+00
2.446667e+01	-1.119059e-01	5.328054e+00
2.450000e+01	-1.095867e-01	5.341968e+00
2.453333e+01	-1.072255e-01	5.356134e+00
2.456667e+01	-1.047069e-01	5.371244e+00
2.460000e+01	-1.022479e-01	5.385996e+00
2.463333e+01	-1.003263e-01	5.397525e+00
2.466667e+01	-9.935634e-02	5.403344e+00
2.470000e+01	-9.931810e-02	5.403573e+00
2.473333e+01	-9.992123e-02	5.399955e+00
2.476667e+01	-1.014525e-01	5.390768e+00
2.480000e+01	-1.049230e-01	5.369947e+00
2.483333e+01	-1.104385e-01	5.336857e+00
2.486667e+01	-1.159816e-01	5.303602e+00
2.490000e+01	-1.191594e-01	5.284537e+00
2.493333e+01	-1.201593e-01	5.278538e+00
2.496667e+01	-1.218186e-01	5.268584e+00
25	-1.261636e-01	5.242516e+00
2.503333e+01	-1.317875e-01	5.208776e+00
2.506667e+01	-1.355131e-01	5.186424e+00
2.510000e+01	-1.358612e-01	5.184336e+00
2.513333e+01	-1.340952e-01	5.194931e+00
2.516667e+01	-1.324621e-01	5.204728e+00
2.520000e+01	-1.321546e-01	5.206574e+00
2.523333e+01	-1.328398e-01	5.202462e+00
2.526667e+01	-1.335561e-01	5.198165e+00
2.530000e+01	-1.337269e-01	5.197140e+00
2.533333e+01	-1.336260e-01	5.197746e+00
2.536667e+01	-1.344840e-01	5.192598e+00
2.540000e+01	-1.378157e-01	5.172610e+00
2.543333e+01	-1.434254e-01	5.138955e+00
2.546667e+01	-1.480850e-01	5.111000e+00
2.550000e+01	-1.477383e-01	5.113080e+00
2.553333e+01	-1.417789e-01	5.148833e+00
2.556667e+01	-1.341933e-01	5.194342e+00
2.560000e+01	-1.297970e-01	5.220718e+00
2.563333e+01	-1.300113e-01	5.219432e+00
2.566667e+01	-1.324174e-01	5.204997e+00
2.570000e+01	-1.331942e-01	5.200336e+00
2.573333e+01	-1.298621e-01	5.220327e+00
2.576667e+01	-1.231476e-01	5.260610e+00
2.580000e+01	-1.165834e-01	5.299991e+00
2.583333e+01	-1.134677e-01	5.318684e+00
2.586667e+01	-1.141407e-01	5.314646e+00
2.590000e+01	-1.163610e-01	5.301326e+00
2.593333e+01	-1.177637e-01	5.292910e+00
2.596667e+01	-1.176277e-01	5.293726e+00
26	-1.167257e-01	5.299138e+00
2.603333e+01	-1.160946e-01	5.302924e+00
2.606667e+01	-1.161163e-01	5.302794e+00
2.610000e+01	-1.164967e-01	5.300512e+00
2.613333e+01	-1.167837e-01	5.298790e+00
2.616667e+01	-1.167903e-01	5.298750e+00
2.620000e+01	-1.166297e-01	5.299714e+00
2.623333e+01	-1.164993e-01	5.300496e+00
2.626667e+01	-1.164892e-01	5.300557e+00
2.630000e+01	-1.165566e-01	5.300153e+00
2.633333e+01	-1.166156e-01	5.299799e+00
2.636667e+01	-1.166232e-01	5.299753e+00
2.640000e+01	-1.165951e-01	5.299921e+00
2.643333e+01	-1.165685e-01	5.300081e+00
2.646667e+01	-1.165638e-01	5.300109e+00
2.650000e+01	-1.165754e-01	5.300039e+00
2.653333e+01	-1.165873e-01	5.299968e+00
2.656667e+01	-1.165900e-01	5.299952e+00
2.660000e+01	-1.165852e-01	5.299981e+00
2.663333e+01	-1.165799e-01	5.300012e+00
2.666667e+01	-1.165785e-01	5.300021e+00
2.670000e+01	-1.165804e-01	5.300009e+00
2.673333e+01	-1.165828e-01	5.299995e+00
2.676667e+01	-1.165835e-01	5.299991e+00
2.680000e+01	-1.165827e-01	5.299996e+00
2.683333e+01	-1.165817e-01	5.300002e+00
2.686667e+01	-1.165813e-01	5.300004e+00
2.690000e+01	-1.165816e-01	5.300002e+00
2.693333e+01	-1.165821e-01	5.299999e+00
2.696667e+01	-1.165823e-01	5.299998e+00
27	-1.165822e-01	5.299999e+00
2.703333e+01	-1.167588e-01	5.298939e+00
2.706667e+01	-1.179341e-01	5.291888e+00
2.710000e+01	-1.213556e-01	5.271361e+00
2.713333e+01	-1.270298e-01	5.237319e+00
2.716667e+01	-1.327242e-01	5.203156e+00
2.720000e+01	-1.359300e-01	5.183923e+00
2.723333e+01	-1.368650e-01	5.178314e+00
2.726667e+01	-1.384572e-01	5.168761e+00
2.730000e+01	-1.427869e-01	5.142785e+00
2.733333e+01	-1.484375e-01	5.108885e+00
2.736667e+01	-1.521929e-01	5.086355e+00
2.740000e+01	-1.525491e-01	5.084218e+00
2.743333e+01	-1.507724e-01	5.094878e+00
2.746667e+01	-1.491260e-01	5.104755e+00
2.750000e+01	-1.488143e-01	5.106625e+00
2.753333e+01	-1.495039e-01	5.102488e+00
2.756667e+01	-1.502260e-01	5.098155e+00
2.760000e+01	-1.503989e-01	5.097118e+00
2.763333e+01	-1.501194e-01	5.098795e+00
2.766667e+01	-1.497995e-01	5.100714e+00
2.770000e+01	-1.497087e-01	5.101259e+00
2.773333e+01	-1.498218e-01	5.100580e+00
2.776667e+01	-1.499635e-01	5.099730e+00
2.780000e+01	-1.500099e-01	5.099452e+00
2.783333e+01	-1.499646e-01	5.099724e+00
2.786667e+01	-1.499021e-01	5.100099e+00
2.790000e+01	-1.498789e-01	5.100237e+00
2.793333e+01	-1.498968e-01	5.100130e+00
2.796667e+01	-1.499242e-01	5.099966e+00
28	-1.499356e-01	5.099898e+00
2.803333e+01	-1.499287e-01	5.099939e+00
2.806667e+01	-1.499167e-01	5.100011e+00
2.810000e+01	-1.499112e-01	5.100044e+00
2.813333e+01	-1.499138e-01	5.100028e+00
2.816667e+01	-1.499190e-01	5.099997e+00
2.820000e+01	-1.499217e-01	5.099981e+00
2.823333e+01	-1.499207e-01	5.099987e+00
2.826667e+01	-1.499184e-01	5.100001e+00
2.830000e+01	-1.499172e-01	5.100008e+00
2.833333e+01	-1.499175e-01	5.100006e+00
2.836667e+01	-1.499185e-01	5.100000e+00
2.840000e+01	-1.499191e-01	5.099997e+00
2.843333e+01	-1.499190e-01	5.099997e+00
2.846667e+01	-1.499186e-01	5.100000e+00
2.850000e+01	-1.499183e-01	5.100001e+00
2.853333e+01	-1.499183e-01	5.100001e+00
2.856667e+01	-1.499185e-01	5.100000e+00
2.860000e+01	-1.499186e-01	5.099999e+00
2.863333e+01	-1.499050e-01	5.100081e+00
2.866667e+01	-1.498009e-01	5.100706e+00
2.870000e+01	-1.494337e-01	5.102909e+00
2.873333e+01	-1.486300e-01	5.107731e+00
2.876667e+01	-1.473883e-01	5.115180e+00
2.880000e+01	-1.459136e-01	5.124027e+00
2.883333e+01	-1.444574e-01	5.132764e+00
2.886667e+01	-1.431419e-01	5.140656e+00
2.890000e+01	-1.419298e-01	5.147928e+00
2.893333e+01	-1.407211e-01	5.155179e+00
2.896667e+01	-1.394565e-01	5.162766e+00
29	-1.381596e-01	5.170547e+00
2.903333e+01	-1.369491e-01	5.177809e+00
2.906667e+01	-1.360114e-01	5.183435e+00
2.910000e+01	-1.354404e-01	5.186861e+00
2.913333e+01	-1.350606e-01	5.189139e+00
2.916667e+01	-1.345582e-01	5.192153e+00
2.920000e+01	-1.338531e-01	5.196383e+00
2.923333e+01	-1.332091e-01	5.200247e+00
2.926667e+01	-1.329222e-01	5.201968e+00
2.930000e+01	-1.330097e-01	5.201443e+00
2.933333e+01	-1.334159e-01	5.199006e+00
2.936667e+01	-1.347275e-01	5.191137e+00
2.940000e+01	-1.381281e-01	5.170736e+00
2.943333e+01	-1.437084e-01	5.137257e+00
2.946667e+01	-1.495176e-01	5.102405e+00
2.950000e+01	-1.537270e-01	5.077151e+00
2.953333e+01	-1.569479e-01	5.057828e+00
2.956667e+01	-1.608211e-01	5.034591e+00
2.960000e+01	-1.651704e-01	5.008497e+00
2.963333e+01	-1.681387e-01	4.990689e+00
2.966667e+01	-1.686120e-01	4.987850e+00
2.970000e+01	-1.673788e-01	4.995248e+00
2.973333e+01	-1.660939e-01	5.002957e+00
2.976667e+01	-1.657541e-01	5.004996e+00
2.980000e+01	-1.662132e-01	5.002241e+00
2.983333e+01	-1.667698e-01	4.998902e+00
2.986667e+01	-1.669453e-01	4.997849e+00
2.990000e+01	-1.667634e-01	4.998940e+00
2.993333e+01	-1.665191e-01	5.000406e+00
2.996667e+01	-1.664314e-01	5.000932e+00
30	-1.665034e-01	5.000500e+00
3.003333e+01	-1.666108e-01	4.999856e+00
3.006667e+01	-1.666539e-01	4.999597e+00
3.010000e+01	-1.666259e-01	4.999766e+00
3.013333e+01	-1.665788e-01	5.000048e+00
3.016667e+01	-1.665579e-01	5.000173e+00
3.020000e+01	-1.665686e-01	5.000109e+00
3.023333e+01	-1.665891e-01	4.999986e+00
3.026667e+01	-1.665991e-01	4.999926e+00
3.030000e+01	-1.665952e-01	4.999950e+00
3.033333e+01	-1.665863e-01	5.000003e+00
3.036667e+01	-1.665815e-01	5.000032e+00
3.040000e+01	-1.665829e-01	5.000023e+00
3.043333e+01	-1.665868e-01	5.000000e+00
3.046667e+01	-1.665890e-01	4.999987e+00
3.050000e+01	-1.665885e-01	4.999989e+00
3.053333e+01	-1.665869e-01	4.999999e+00
3.056667e+01	-1.665859e-01	5.000006e+00
3.060000e+01	-1.665860e-01	5.000005e+00
3.063333e+01	-1.665867e-01	5.000001e+00
3.066667e+01	-1.665872e-01	4.999998e+00
3.070000e+01	-1.665871e-01	4.999998e+00
3.073333e+01	-1.665868e-01	5.000000e+00
3.076667e+01	-1.665866e-01	5.000001e+00
3.080000e+01	-1.665866e-01	5.000001e+00
3.083333e+01	-1.665868e-01	5.000000e+00
3.086667e+01	-1.665869e-01	5.000000e+00
3.090000e+01	-1.665869e-01	5.000000e+00
3.093333e+01	-1.665868e-01	5.000000e+00
3.096667e+01	-1.665868e-01	5.000000e+00
31	-1.665868e-01	5.000000e+00
3.103333e+01	-1.665868e-01	5.000000e+00
3.106667e+01	-1.665868e-01	5.000000e+00
3.110000e+01	-1.665868e-01	5.000000e+00
3.113333e+01	-1.665868e-01	5.000000e+00
3.116667e+01	-1.664099e-01	5.001061e+00
3.120000e+01	-1.652345e-01	5.008113e+00
3.123333e+01	-1.618131e-01	5.028639e+00
3.126667e+01	-1.561390e-01	5.062681e+00
3.130000e+01	-1.504446e-01	5.096844e+00
3.133333e+01	-1.474157e-01	5.115015e+00
3.136667e+01	-1.478329e-01	5.112513e+00
3.140000e+01	-1.508375e-01	5.094487e+00
3.143333e+01	-1.556034e-01	5.065894e+00
3.146667e+01	-1.613213e-01	5.031590e+00
3.150000e+01	-1.662891e-01	5.001786e+00
3.153333e+01	-1.687215e-01	4.987193e+00
3.156667e+01	-1.684288e-01	4.988949e+00
3.160000e+01	-1.669014e-01	4.998112e+00
3.163333e+01	-1.658250e-01	5.004570e+00
3.166667e+01	-1.658181e-01	5.004612e+00
3.170000e+01	-1.664190e-01	5.001007e+00
3.173333e+01	-1.668951e-01	4.998151e+00
3.176667e+01	-1.669251e-01	4.997970e+00
3.180000e+01	-1.666752e-01	4.999470e+00
3.183333e+01	-1.664339e-01	5.000918e+00
3.186667e+01	-1.662014e-01	5.002312e+00
3.190000e+01	-1.655986e-01	5.005929e+00
3.193333e+01	-1.642685e-01	5.013909e+00
3.196667e+01	-1.623272e-01	5.025555e+00
32	-1.602074e-01	5.038273e+00
3.203333e+01	-1.581278e-01	5.050749e+00
3.206667e+01	-1.559537e-01	5.063792e+00
3.210000e+01	-1.535104e-01	5.078451e+00
3.213333e+01	-1.508308e-01	5.094527e+00
3.216667e+01	-1.480997e-01	5.110912e+00
3.220000e+01	-1.454647e-01	5.126720e+00
3.223333e+01	-1.429661e-01	5.141711e+00
3.226667e+01	-1.406807e-01	5.155422e+00
3.230000e+01	-1.388575e-01	5.166360e+00
3.233333e+01	-1.376785e-01	5.173433e+00
3.236667e+01	-1.368598e-01	5.178345e+00
3.240000e+01	-1.358295e-01	5.184526e+00
3.243333e+01	-1.344336e-01	5.192901e+00
3.246667e+01	-1.331714e-01	5.200473e+00
3.250000e+01	-1.326097e-01	5.203843e+00
3.253333e+01	-1.329564e-01	5.201763e+00
3.256667e+01	-1.345792e-01	5.192027e+00
3.260000e+01	-1.382673e-01	5.169901e+00
3.263333e+01	-1.439016e-01	5.136098e+00
3.266667e+01	-1.494131e-01	5.103032e+00
3.270000e+01	-1.523208e-01	5.085587e+00
3.273333e+01	-1.522670e-01	5.085910e+00
3.276667e+01	-1.516904e-01	5.089369e+00
3.280000e+01	-1.538228e-01	5.076576e+00
3.283333e+01	-1.594522e-01	5.042803e+00
3.286667e+01	-1.658403e-01	5.004479e+00
3.290000e+01	-1.694405e-01	4.982880e+00
3.293333e+01	-1.692516e-01	4.984012e+00
3.296667e+01	-1.671343e-01	4.996715e+00
33	-1.655334e-01	5.006320e+00
3.303333e+01	-1.654537e-01	5.006798e+00
3.306667e+01	-1.663001e-01	5.001720e+00
3.310000e+01	-1.668350e-01	4.998511e+00
3.313333e+01	-1.657337e-01	5.005118e+00
3.316667e+01	-1.619608e-01	5.027753e+00
3.320000e+01	-1.559672e-01	5.063712e+00
3.323333e+01	-1.502239e-01	5.098168e+00
3.326667e+01	-1.473409e-01	5.115465e+00
3.330000e+01	-1.477245e-01	5.113163e+00
3.333333e+01	-1.495825e-01	5.102016e+00
3.336667e+01	-1.508668e-01	5.094311e+00
3.340000e+01	-1.508466e-01	5.094432e+00
3.343333e+01	-1.501042e-01	5.098886e+00
3.346667e+01	-1.493554e-01	5.103378e+00
3.350000e+01	-1.481561e-01	5.110574e+00
3.353333e+01	-1.450448e-01	5.129239e+00
3.356667e+01	-1.396287e-01	5.161733e+00
3.360000e+01	-1.339587e-01	5.195750e+00
3.363333e+01	-1.307999e-01	5.214701e+00
3.366667e+01	-1.309238e-01	5.213958e+00
3.370000e+01	-1.327362e-01	5.203084e+00
3.373333e+01	-1.341346e-01	5.194694e+00
3.376667e+01	-1.342426e-01	5.194047e+00
3.380000e+01	-1.336162e-01	5.197804e+00
3.383333e+01	-1.333157e-01	5.199607e+00
3.386667e+01	-1.339364e-01	5.195884e+00
3.390000e+01	-1.353088e-01	5.187650e+00
3.393333e+01	-1.368640e-01	5.178320e+00
3.396667e+01	-1.381734e-01	5.170464e+00
34	-1.391908e-01	5.164360e+00
3.403333e+01	-1.401171e-01	5.158803e+00
3.406667e+01	-1.411377e-01	5.152680e+00
3.410000e+01	-1.422841e-01	5.145802e+00
3.413333e+01	-1.434752e-01	5.138656e+00
3.416667e+01	-1.446290e-01	5.131734e+00
3.420000e+01	-1.457276e-01	5.125143e+00
3.423333e+01	-1.467925e-01	5.118754e+00
3.426667e+01	-1.477936e-01	5.112748e+00
3.430000e+01	-1.484257e-01	5.108956e+00
3.433333e+01	-1.477583e-01	5.112960e+00
3.436667e+01	-1.446093e-01	5.131852e+00
3.440000e+01	-1.391453e-01	5.164633e+00
3.443333e+01	-1.336734e-01	5.197461e+00
3.446667e+01	-1.308132e-01	5.214621e+00
3.450000e+01	-1.310986e-01	5.212909e+00
3.453333e+01	-1.330491e-01	5.201207e+00
3.456667e+01	-1.354964e-01	5.186524e+00
3.460000e+01	-1.389342e-01	5.165899e+00
3.463333e+01	-1.439011e-01	5.136101e+00
3.466667e+01	-1.490299e-01	5.105331e+00
3.470000e+01	-1.520197e-01	5.087394e+00
3.473333e+01	-1.522510e-01	5.086006e+00
3.476667e+01	-1.518517e-01	5.088402e+00
3.480000e+01	-1.539592e-01	5.075758e+00
3.483333e+01	-1.594666e-01	5.042717e+00
3.486667e+01	-1.657729e-01	5.004883e+00
3.490000e+01	-1.693789e-01	4.983249e+00
3.493333e+01	-1.692421e-01	4.984070e+00
3.496667e+01	-1.671623e-01	4.996547e+00
35	-1.655610e-01	5.006154e+00
3.503333e+01	-1.654593e-01	5.006764e+00
3.506667e+01	-1.662886e-01	5.001789e+00
3.510000e+01	-1.669995e-01	4.997524e+00
3.513333e+01	-1.669060e-01	4.998085e+00
3.516667e+01	-1.653870e-01	5.007198e+00
3.520000e+01	-1.616468e-01	5.029637e+00
3.523333e+01	-1.559198e-01	5.063996e+00
3.526667e+01	-1.503679e-01	5.097304e+00
3.530000e+01	-1.474818e-01	5.114619e+00
3.533333e+01	-1.477525e-01	5.112995e+00
3.536667e+01	-1.495232e-01	5.102372e+00
3.540000e+01	-1.509807e-01	5.093627e+00
3.543333e+01	-1.521834e-01	5.086412e+00
3.546667e+01	-1.549022e-01	5.070101e+00
3.550000e+01	-1.600082e-01	5.039468e+00
3.553333e+01	-1.656586e-01	5.005569e+00
3.556667e+01	-1.689798e-01	4.985643e+00
3.560000e+01	-1.689950e-01	4.985552e+00
3.563333e+01	-1.671983e-01	4.996331e+00
3.566667e+01	-1.657320e-01	5.005128e+00
3.570000e+01	-1.655734e-01	5.006080e+00
3.573333e+01	-1.662796e-01	5.001843e+00
3.576667e+01	-1.669266e-01	4.997962e+00
3.580000e+01	-1.670305e-01	4.997338e+00
3.583333e+01	-1.667401e-01	4.999080e+00
3.586667e+01	-1.664514e-01	5.000812e+00
3.590000e+01	-1.663915e-01	5.001171e+00
3.593333e+01	-1.665110e-01	5.000454e+00
3.596667e+01	-1.664630e-01	5.000743e+00
36	-1.653202e-01	5.007599e+00
3.603333e+01	-1.618500e-01	5.028418e+00
3.606667e+01	-1.561186e-01	5.062803e+00
3.610000e+01	-1.504072e-01	5.097068e+00
3.613333e+01	-1.473980e-01	5.115122e+00
3.616667e+01	-1.476636e-01	5.113528e+00
3.620000e+01	-1.495015e-01	5.102502e+00
3.623333e+01	-1.508381e-01	5.094483e+00
3.626667e+01	-1.508707e-01	5.094287e+00
3.630000e+01	-1.501399e-01	5.098672e+00
3.633333e+01	-1.495465e-01	5.102232e+00
3.636667e+01	-1.494989e-01	5.102517e+00
3.640000e+01	-1.498029e-01	5.100694e+00
3.643333e+01	-1.500697e-01	5.099093e+00
3.646667e+01	-1.501045e-01	5.098884e+00
3.650000e+01	-1.499778e-01	5.099644e+00
3.653333e+01	-1.498579e-01	5.100364e+00
3.656667e+01	-1.496595e-01	5.101554e+00
3.660000e+01	-1.485366e-01	5.108291e+00
3.663333e+01	-1.451688e-01	5.128495e+00
3.666667e+01	-1.395068e-01	5.162464e+00
3.670000e+01	-1.337910e-01	5.196756e+00
3.673333e+01	-1.307381e-01	5.215071e+00
3.676667e+01	-1.309719e-01	5.213669e+00
3.680000e+01	-1.328099e-01	5.202642e+00
3.683333e+01	-1.341650e-01	5.194512e+00
3.686667e+01	-1.342121e-01	5.194230e+00
3.690000e+01	-1.336589e-01	5.197548e+00
3.693333e+01	-1.342331e-01	5.194103e+00
3.696667e+01	-1.376004e-01	5.173902e+00
37	-1.435778e-01	5.138040e+00
3.703333e+01	-1.495422e-01	5.102258e+00
3.706667e+01	-1.526089e-01	5.083859e+00
3.710000e+01	-1.522424e-01	5.086058e+00
3.713333e+01	-1.504687e-01	5.096699e+00
3.716667e+01	-1.502769e-01	5.097850e+00
3.720000e+01	-1.537067e-01	5.077273e+00
3.723333e+01	-1.601616e-01	5.038547e+00
3.726667e+01	-1.664651e-01	5.000730e+00
3.730000e+01	-1.695252e-01	4.982371e+00
3.733333e+01	-1.689588e-01	4.985769e+00
3.736667e+01	-1.668548e-01	4.998392e+00
3.740000e+01	-1.654821e-01	5.006627e+00
3.743333e+01	-1.655747e-01	5.006072e+00
3.746667e+01	-1.664251e-01	5.000970e+00
3.750000e+01	-1.670405e-01	4.997278e+00
3.753333e+01	-1.670363e-01	4.997303e+00
3.756667e+01	-1.666788e-01	4.999448e+00
3.760000e+01	-1.663997e-01	5.001122e+00
3.763333e+01	-1.662093e-01	5.002265e+00
3.766667e+01	-1.651844e-01	5.008414e+00
3.770000e+01	-1.618895e-01	5.028181e+00
3.773333e+01	-1.562282e-01	5.062146e+00
3.776667e+01	-1.504845e-01	5.096604e+00
3.780000e+01	-1.475025e-01	5.114495e+00
3.783333e+01	-1.481013e-01	5.110902e+00
3.786667e+01	-1.507604e-01	5.094949e+00
3.790000e+01	-1.533722e-01	5.079280e+00
3.793333e+01	-1.548958e-01	5.070139e+00
3.796667e+01	-1.556147e-01	5.065826e+00
38	-1.563222e-01	5.061581e+00
3.803333e+01	-1.574791e-01	5.054641e+00
3.806667e+01	-1.589941e-01	5.045552e+00
3.810000e+01	-1.605318e-01	5.036327e+00
3.813333e+01	-1.618806e-01	5.028234e+00
3.816667e+01	-1.630541e-01	5.021194e+00
3.820000e+01	-1.641187e-01	5.014807e+00
3.823333e+01	-1.648358e-01	5.010505e+00
3.826667e+01	-1.642677e-01	5.013913e+00
3.830000e+01	-1.612001e-01	5.032317e+00
3.833333e+01	-1.557874e-01	5.064790e+00
3.836667e+01	-1.503418e-01	5.097460e+00
3.840000e+01	-1.474905e-01	5.114567e+00
3.843333e+01	-1.477737e-01	5.112868e+00
3.846667e+01	-1.495416e-01	5.102261e+00
3.850000e+01	-1.508099e-01	5.094652e+00
3.853333e+01	-1.508262e-01	5.094554e+00
3.856667e+01	-1.502978e-01	5.097724e+00
3.860000e+01	-1.509092e-01	5.094056e+00
3.863333e+01	-1.542917e-01	5.073763e+00
3.866667e+01	-1.602597e-01	5.037959e+00
3.870000e+01	-1.662079e-01	5.002273e+00
3.873333e+01	-1.692673e-01	4.983919e+00
3.876667e+01	-1.690812e-01	4.985035e+00
3.880000e+01	-1.683131e-01	4.989643e+00
3.883333e+01	-1.703708e-01	4.977298e+00
3.886667e+01	-1.760520e-01	4.943214e+00
3.890000e+01	-1.825240e-01	4.904386e+00
3.893333e+01	-1.861605e-01	4.882569e+00
3.896667e+01	-1.859518e-01	4.883821e+00
39	-1.837978e-01	4.896744e+00
3.903333e+01	-1.821794e-01	4.906453e+00
3.906667e+01	-1.821072e-01	4.906886e+00
3.910000e+01	-1.829696e-01	4.901713e+00
3.913333e+01	-1.836896e-01	4.897393e+00
3.916667e+01	-1.837610e-01	4.896965e+00
3.920000e+01	-1.834027e-01	4.899114e+00
3.923333e+01	-1.830793e-01	4.901055e+00
3.926667e+01	-1.830312e-01	4.901343e+00
3.930000e+01	-1.831801e-01	4.900450e+00
3.933333e+01	-1.833253e-01	4.899579e+00
3.936667e+01	-1.831769e-01	4.900469e+00
3.940000e+01	-1.819401e-01	4.907889e+00
3.943333e+01	-1.784538e-01	4.928805e+00
3.946667e+01	-1.727639e-01	4.962941e+00
3.950000e+01	-1.672715e-01	4.995892e+00
3.953333e+01	-1.654469e-01	5.006839e+00
3.956667e+01	-1.691169e-01	4.984821e+00
3.960000e+01	-1.766101e-01	4.939866e+00
3.963333e+01	-1.836361e-01	4.897714e+00
3.966667e+01	-1.867046e-01	4.879305e+00
3.970000e+01	-1.857418e-01	4.885081e+00
3.973333e+01	-1.833217e-01	4.899600e+00
3.976667e+01	-1.819269e-01	4.907968e+00
3.980000e+01	-1.821834e-01	4.906429e+00
3.983333e+01	-1.831755e-01	4.900477e+00
3.986667e+01	-1.838078e-01	4.896684e+00
3.990000e+01	-1.837353e-01	4.897119e+00
3.993333e+01	-1.833140e-01	4.899646e+00
3.996667e+01	-1.830242e-01	4.901385e+00
40	-1.830390e-01	4.901296e+00
4.003333e+01	-1.832180e-01	4.900222e+00
4.006667e+01	-1.833507e-01	4.899426e+00
4.010000e+01	-1.833519e-01	4.899419e+00
4.013333e+01	-1.830993e-01	4.900934e+00
4.016667e+01	-1.818635e-01	4.908348e+00
4.020000e+01	-1.784382e-01	4.928899e+00
4.023333e+01	-1.727958e-01	4.962749e+00
4.026667e+01	-1.671289e-01	4.996748e+00
4.030000e+01	-1.641032e-01	5.014900e+00
4.033333e+01	-1.645071e-01	5.012477e+00
4.036667e+01	-1.674993e-01	4.994525e+00
4.040000e+01	-1.722632e-01	4.965945e+00
4.043333e+01	-1.779866e-01	4.931608e+00
4.046667e+01	-1.829599e-01	4.901771e+00
4.050000e+01	-1.853935e-01	4.887170e+00
4.053333e+01	-1.850985e-01	4.888940e+00
4.056667e+01	-1.835687e-01	4.898118e+00
4.060000e+01	-1.824916e-01	4.904580e+00
4.063333e+01	-1.824856e-01	4.904616e+00
4.066667e+01	-1.830876e-01	4.901005e+00
4.070000e+01	-1.835640e-01	4.898146e+00
4.073333e+01	-1.835937e-01	4.897968e+00
4.076667e+01	-1.833433e-01	4.899471e+00
4.080000e+01	-1.831290e-01	4.900756e+00
4.083333e+01	-1.829279e-01	4.901963e+00
4.086667e+01	-1.818571e-01	4.908387e+00
4.090000e+01	-1.785322e-01	4.928335e+00
4.093333e+01	-1.728737e-01	4.962282e+00
4.096667e+01	-1.671360e-01	4.996705e+00
41	-1.640638e-01	5.015137e+00
4.103333e+01	-1.642950e-01	5.013749e+00
4.106667e+01	-1.661421e-01	5.002668e+00
4.110000e+01	-1.675058e-01	4.994486e+00
4.113333e+01	-1.675546e-01	4.994194e+00
4.116667e+01	-1.666439e-01	4.999658e+00
4.120000e+01	-1.648634e-01	5.010339e+00
4.123333e+01	-1.613869e-01	5.031196e+00
4.126667e+01	-1.560176e-01	5.063409e+00
4.130000e+01	-1.505951e-01	5.095941e+00
4.133333e+01	-1.476044e-01	5.113883e+00
4.136667e+01	-1.477179e-01	5.113203e+00
4.140000e+01	-1.492481e-01	5.104022e+00
4.143333e+01	-1.493942e-01	5.103146e+00
4.146667e+01	-1.460689e-01	5.123096e+00
4.150000e+01	-1.397228e-01	5.161168e+00
4.153333e+01	-1.334585e-01	5.198751e+00
4.156667e+01	-1.304597e-01	5.216742e+00
4.160000e+01	-1.313447e-01	5.211432e+00
4.163333e+01	-1.342388e-01	5.194069e+00
4.166667e+01	-1.368706e-01	5.178280e+00
4.170000e+01	-1.382742e-01	5.169859e+00
4.173333e+01	-1.388869e-01	5.166183e+00
4.176667e+01	-1.395801e-01	5.162025e+00
4.180000e+01	-1.407869e-01	5.154785e+00
4.183333e+01	-1.423496e-01	5.145409e+00
4.186667e+01	-1.438961e-01	5.136131e+00
4.190000e+01	-1.452243e-01	5.128162e+00
4.193333e+01	-1.463901e-01	5.121169e+00
4.196667e+01	-1.475402e-01	5.114269e+00
42	-1.486922e-01	5.107358e+00
4.203333e+01	-1.496549e-01	5.101581e+00
4.206667e+01	-1.501863e-01	5.098394e+00
4.210000e+01	-1.502408e-01	5.098067e+00
4.213333e+01	-1.500288e-01	5.099338e+00
4.216667e+01	-1.498313e-01	5.100523e+00
4.220000e+01	-1.497907e-01	5.100767e+00
4.223333e+01	-1.498686e-01	5.100299e+00
4.226667e+01	-1.501293e-01	5.098735e+00
4.230000e+01	-1.513259e-01	5.091556e+00
4.233333e+01	-1.547160e-01	5.071218e+00
4.236667e+01	-1.605301e-01	5.036337e+00
4.240000e+01	-1.673888e-01	4.995188e+00
4.243333e+01	-1.738519e-01	4.956413e+00
4.246667e+01	-1.793021e-01	4.923716e+00
4.250000e+01	-1.831727e-01	4.900494e+00
4.253333e+01	-1.848521e-01	4.890418e+00
4.256667e+01	-1.845608e-01	4.892166e+00
4.260000e+01	-1.834554e-01	4.898798e+00
4.263333e+01	-1.827094e-01	4.903273e+00
4.266667e+01	-1.827213e-01	4.903202e+00
4.270000e+01	-1.831472e-01	4.900647e+00
4.273333e+01	-1.834750e-01	4.898680e+00
4.276667e+01	-1.834892e-01	4.898595e+00
4.280000e+01	-1.833123e-01	4.899657e+00
4.283333e+01	-1.831650e-01	4.900540e+00
4.286667e+01	-1.831511e-01	4.900624e+00
4.290000e+01	-1.832251e-01	4.900180e+00
4.293333e+01	-1.832915e-01	4.899781e+00
4.296667e+01	-1.832907e-01	4.899786e+00
43	-1.831804e-01	4.900448e+00
4.303333e+01	-1.828697e-01	4.902312e+00
4.306667e+01	-1.822494e-01	4.906033e+00
4.310000e+01	-1.813126e-01	4.911654e+00
4.313333e+01	-1.801982e-01	4.918339e+00
4.316667e+01	-1.790878e-01	4.925001e+00
4.320000e+01	-1.780766e-01	4.931067e+00
4.323333e+01	-1.771438e-01	4.936664e+00
4.326667e+01	-1.762178e-01	4.942219e+00
4.330000e+01	-1.752529e-01	4.948008e+00
4.333333e+01	-1.742534e-01	4.954005e+00
4.336667e+01	-1.732490e-01	4.960031e+00
4.340000e+01	-1.722607e-01	4.965960e+00
4.343333e+01	-1.712878e-01	4.971796e+00
4.346667e+01	-1.703179e-01	4.977616e+00
4.350000e+01	-1.693413e-01	4.983475e+00
4.353333e+01	-1.683682e-01	4.989313e+00
4.356667e+01	-1.674626e-01	4.994745e+00
4.360000e+01	-1.665842e-01	5.000016e+00
4.363333e+01	-1.650441e-01	5.009255e+00
4.366667e+01	-1.615937e-01	5.029956e+00
4.370000e+01	-1.562446e-01	5.062047e+00
4.373333e+01	-1.518582e-01	5.088363e+00
4.376667e+01	-1.522754e-01	5.085860e+00
4.380000e+01	-1.581358e-01	5.050701e+00
4.383333e+01	-1.656033e-01	5.005900e+00
4.386667e+01	-1.699636e-01	4.979741e+00
4.390000e+01	-1.697890e-01	4.980789e+00
4.393333e+01	-1.674348e-01	4.994913e+00
4.396667e+01	-1.666760e-01	4.999465e+00
44	-1.699923e-01	4.979569e+00
4.403333e+01	-1.766840e-01	4.939423e+00
4.406667e+01	-1.832393e-01	4.900095e+00
4.410000e+01	-1.863612e-01	4.881365e+00
4.413333e+01	-1.856981e-01	4.885343e+00
4.416667e+01	-1.834823e-01	4.898637e+00
4.420000e+01	-1.820771e-01	4.907067e+00
4.423333e+01	-1.822088e-01	4.906277e+00
4.426667e+01	-1.831087e-01	4.900878e+00
4.430000e+01	-1.837407e-01	4.897087e+00
4.433333e+01	-1.837209e-01	4.897205e+00
4.436667e+01	-1.833415e-01	4.899481e+00
4.440000e+01	-1.830542e-01	4.901205e+00
4.443333e+01	-1.830467e-01	4.901250e+00
4.446667e+01	-1.832068e-01	4.900289e+00
4.450000e+01	-1.833374e-01	4.899506e+00
4.453333e+01	-1.833479e-01	4.899443e+00
4.456667e+01	-1.832807e-01	4.899846e+00
4.460000e+01	-1.832217e-01	4.900200e+00
4.463333e+01	-1.832139e-01	4.900247e+00
4.466667e+01	-1.832419e-01	4.900079e+00
4.470000e+01	-1.832684e-01	4.899920e+00
4.473333e+01	-1.832732e-01	4.899891e+00
4.476667e+01	-1.832617e-01	4.899960e+00
4.480000e+01	-1.832498e-01	4.900032e+00
4.483333e+01	-1.832471e-01	4.900048e+00
4.486667e+01	-1.832518e-01	4.900019e+00
4.490000e+01	-1.830802e-01	4.901049e+00
4.493333e+01	-1.819063e-01	4.908092e+00
4.496667e+01	-1.784829e-01	4.928630e+00
45	-1.728064e-01	4.962686e+00
4.503333e+01	-1.671114e-01	4.996853e+00
4.506667e+01	-1.640832e-01	5.015020e+00
4.510000e+01	-1.641477e-01	5.014633e+00
4.513333e+01	-1.648019e-01	5.010708e+00
4.516667e+01	-1.627246e-01	5.023171e+00
4.520000e+01	-1.570938e-01	5.056953e+00
4.523333e+01	-1.506728e-01	5.095475e+00
4.526667e+01	-1.470475e-01	5.117225e+00
4.530000e+01	-1.472355e-01	5.116097e+00
4.533333e+01	-1.493667e-01	5.103311e+00
4.536667e+01	-1.509791e-01	5.093637e+00
4.540000e+01	-1.510597e-01	5.093154e+00
4.543333e+01	-1.503844e-01	5.097205e+00
4.546667e+01	-1.508428e-01	5.094455e+00
4.550000e+01	-1.541895e-01	5.074377e+00
4.553333e+01	-1.602175e-01	5.038212e+00
4.556667e+01	-1.662336e-01	5.002119e+00
4.560000e+01	-1.693120e-01	4.983650e+00
4.563333e+01	-1.689248e-01	4.985974e+00
4.566667e+01	-1.669511e-01	4.997814e+00
4.570000e+01	-1.655776e-01	5.006054e+00
4.573333e+01	-1.655944e-01	5.005954e+00
4.576667e+01	-1.663737e-01	5.001279e+00
4.580000e+01	-1.668959e-01	4.998145e+00
4.583333e+01	-1.666054e-01	4.999888e+00
4.586667e+01	-1.655783e-01	5.006050e+00
4.590000e+01	-1.642258e-01	5.014164e+00
4.593333e+01	-1.629208e-01	5.021994e+00
4.596667e+01	-1.617971e-01	5.028735e+00
46	-1.607817e-01	5.034827e+00
4.603333e+01	-1.597496e-01	5.041019e+00
4.606667e+01	-1.586445e-01	5.047649e+00
4.610000e+01	-1.574925e-01	5.054560e+00
4.613333e+01	-1.563458e-01	5.061440e+00
4.616667e+01	-1.552303e-01	5.068132e+00
4.620000e+01	-1.541362e-01	5.074696e+00
4.623333e+01	-1.530410e-01	5.081267e+00
4.626667e+01	-1.519443e-01	5.087847e+00
4.630000e+01	-1.509161e-01	5.094015e+00
4.633333e+01	-1.501160e-01	5.098815e+00
4.636667e+01	-1.496997e-01	5.101313e+00
4.640000e+01	-1.496676e-01	5.101506e+00
4.643333e+01	-1.498376e-01	5.100485e+00
4.646667e+01	-1.499893e-01	5.099575e+00
4.650000e+01	-1.500170e-01	5.099409e+00
4.653333e+01	-1.499548e-01	5.099782e+00
4.656667e+01	-1.498907e-01	5.100167e+00
4.660000e+01	-1.500529e-01	5.099194e+00
4.663333e+01	-1.512534e-01	5.091992e+00
4.666667e+01	-1.547031e-01	5.071295e+00
4.670000e+01	-1.603850e-01	5.037207e+00
4.673333e+01	-1.660691e-01	5.003106e+00
4.676667e+01	-1.690855e-01	4.985009e+00
4.680000e+01	-1.688412e-01	4.986475e+00
4.683333e+01	-1.670161e-01	4.997425e+00
4.686667e+01	-1.656772e-01	5.005457e+00
4.690000e+01	-1.656354e-01	5.005708e+00
4.693333e+01	-1.663603e-01	5.001359e+00
4.696667e+01	-1.671312e-01	4.996734e+00
47	-1.683581e-01	4.989373e+00
4.703333e+01	-1.714783e-01	4.970654e+00
4.706667e+01	-1.768855e-01	4.938214e+00
4.710000e+01	-1.825434e-01	4.904270e+00
4.713333e+01	-1.856977e-01	4.885346e+00
4.716667e+01	-1.855773e-01	4.886068e+00
4.720000e+01	-1.837702e-01	4.896909e+00
4.723333e+01	-1.823740e-01	4.905286e+00
4.726667e+01	-1.822765e-01	4.905871e+00
4.730000e+01	-1.828138e-01	4.902647e+00
4.733333e+01	-1.824330e-01	4.904932e+00
4.736667e+01	-1.802633e-01	4.917949e+00
4.740000e+01	-1.777153e-01	4.933235e+00
4.743333e+01	-1.774185e-01	4.935016e+00
4.746667e+01	-1.800364e-01	4.919310e+00
4.750000e+01	-1.834279e-01	4.898963e+00
4.753333e+01	-1.851407e-01	4.888687e+00
4.756667e+01	-1.846830e-01	4.891433e+00
4.760000e+01	-1.833321e-01	4.899538e+00
4.763333e+01	-1.825065e-01	4.904491e+00
4.766667e+01	-1.826220e-01	4.903798e+00
4.770000e+01	-1.831864e-01	4.900412e+00
4.773333e+01	-1.835653e-01	4.898138e+00
4.776667e+01	-1.835390e-01	4.898297e+00
4.780000e+01	-1.832997e-01	4.899732e+00
4.783333e+01	-1.831263e-01	4.900773e+00
4.786667e+01	-1.831277e-01	4.900764e+00
4.790000e+01	-1.832290e-01	4.900156e+00
4.793333e+01	-1.833081e-01	4.899682e+00
4.796667e+01	-1.833119e-01	4.899659e+00
48	-1.832693e-01	4.899915e+00
4.803333e+01	-1.830565e-01	4.901191e+00
4.806667e+01	-1.818775e-01	4.908264e+00
4.810000e+01	-1.784739e-01	4.928684e+00
4.813333e+01	-1.728160e-01	4.962629e+00
4.816667e+01	-1.671241e-01	4.996776e+00
4.820000e+01	-1.640878e-01	5.014993e+00
4.823333e+01	-1.643208e-01	5.013595e+00
4.826667e+01	-1.661486e-01	5.002629e+00
4.830000e+01	-1.674961e-01	4.994545e+00
4.833333e+01	-1.675431e-01	4.994263e+00
4.836667e+01	-1.668174e-01	4.998617e+00
4.840000e+01	-1.662196e-01	5.002203e+00
4.843333e+01	-1.661657e-01	5.002526e+00
4.846667e+01	-1.664672e-01	5.000718e+00
4.850000e+01	-1.667357e-01	4.999107e+00
4.853333e+01	-1.667732e-01	4.998881e+00
4.856667e+01	-1.666478e-01	4.999634e+00
4.860000e+01	-1.663503e-01	5.001419e+00
4.863333e+01	-1.651523e-01	5.008606e+00
4.866667e+01	-1.617826e-01	5.028822e+00
4.870000e+01	-1.561625e-01	5.062540e+00
4.873333e+01	-1.504808e-01	5.096627e+00
4.876667e+01	-1.474306e-01	5.114926e+00
4.880000e+01	-1.476469e-01	5.113628e+00
4.883333e+01	-1.492926e-01	5.103755e+00
4.886667e+01	-1.494702e-01	5.102690e+00
4.890000e+01	-1.461032e-01	5.122890e+00
4.893333e+01	-1.397060e-01	5.161269e+00
4.896667e+01	-1.334117e-01	5.199031e+00
49	-1.303256e-01	5.217546e+00
4.903333e+01	-1.308661e-01	5.214304e+00
4.906667e+01	-1.329647e-01	5.201713e+00
4.910000e+01	-1.343481e-01	5.193414e+00
4.913333e+01	-1.305526e-01	5.216185e+00
4.916667e+01	-1.050226e-01	5.369350e+00
4.920000e+01	-3.255220e-02	5.804130e+00
4.923333e+01	8.306803e-02	6.497785e+00
4.926667e+01	1.786088e-01	7.070975e+00
4.930000e+01	1.723307e-01	7.033310e+00
4.933333e+01	5.036451e-02	6.301583e+00
4.936667e+01	-1.074605e-01	5.354724e+00
4.940000e+01	-2.018390e-01	4.788507e+00
4.943333e+01	-2.007910e-01	4.794795e+00
4.946667e+01	-1.475958e-01	5.113935e+00
4.950000e+01	-1.029876e-01	5.381559e+00
4.953333e+01	-9.400045e-02	5.435476e+00
4.956667e+01	-1.091069e-01	5.344846e+00
4.960000e+01	-1.243362e-01	5.253479e+00
4.963333e+01	-1.271692e-01	5.236483e+00
4.966667e+01	-1.215603e-01	5.270133e+00
4.970000e+01	-1.181475e-01	5.290608e+00
4.973333e+01	-1.223920e-01	5.265143e+00
4.976667e+01	-1.309218e-01	5.213969e+00
4.980000e+01	-1.370146e-01	5.177416e+00
4.983333e+01	-1.375511e-01	5.174198e+00
4.986667e+01	-1.345630e-01	5.192124e+00
4.990000e+01	-1.318552e-01	5.208370e+00
4.993333e+01	-1.312284e-01	5.212130e+00
4.996667e+01	-1.312470e-01	5.212018e+00
50	-1.290255e-01	5.225346e+00
5.003333e+01	-1.236098e-01	5.257837e+00
5.006667e+01	-1.174274e-01	5.294928e+00
5.010000e+01	-1.138647e-01	5.316302e+00
5.013333e+01	-1.137890e-01	5.316756e+00
5.016667e+01	-1.146415e-01	5.311642e+00
5.020000e+01	-1.128015e-01	5.322681e+00
5.023333e+01	-1.072434e-01	5.356026e+00
5.026667e+01	-1.007425e-01	5.395028e+00
5.030000e+01	-9.683542e-02	5.418468e+00
5.033333e+01	-9.581141e-02	5.424612e+00
5.036667e+01	-9.437601e-02	5.433223e+00
5.040000e+01	-8.918507e-02	5.464366e+00
5.043333e+01	-7.999116e-02	5.519524e+00
5.046667e+01	-6.924813e-02	5.583976e+00
5.050000e+01	-5.945862e-02	5.642707e+00
5.053333e+01	-5.132582e-02	5.691500e+00
5.056667e+01	-4.415334e-02	5.734530e+00
5.060000e+01	-3.765401e-02	5.773523e+00
5.063333e+01	-3.287153e-02	5.802215e+00
5.066667e+01	-3.097045e-02	5.813620e+00
5.070000e+01	-3.162792e-02	5.809676e+00
5.073333e+01	-3.317534e-02	5.800392e+00
5.076667e+01	-3.406992e-02	5.795025e+00
5.080000e+01	-3.409911e-02	5.794850e+00
5.083333e+01	-3.465466e-02	5.791517e+00
5.086667e+01	-3.767310e-02	5.773408e+00
5.090000e+01	-4.356218e-02	5.738077e+00
5.093333e+01	-5.069338e-02	5.695294e+00
5.096667e+01	-5.732765e-02	5.655492e+00
51	-6.275544e-02	5.622928e+00
5.103333e+01	-6.650957e-02	5.600406e+00
5.106667e+01	-6.811007e-02	5.590804e+00
5.110000e+01	-6.782385e-02	5.592521e+00
5.113333e+01	-6.676797e-02	5.598856e+00
5.116667e+01	-6.605822e-02	5.603114e+00
5.120000e+01	-6.606996e-02	5.603043e+00
5.123333e+01	-6.647494e-02	5.600614e+00
5.126667e+01	-6.678619e-02	5.598746e+00
5.130000e+01	-6.679947e-02	5.598667e+00
5.133333e+01	-6.663141e-02	5.599675e+00
5.136667e+01	-6.649161e-02	5.600514e+00
5.140000e+01	-6.647847e-02	5.600592e+00
5.143333e+01	-6.654882e-02	5.600170e+00
5.146667e+01	-6.661187e-02	5.599792e+00
5.150000e+01	-6.679783e-02	5.598676e+00
5.153333e+01	-6.794392e-02	5.591800e+00
5.156667e+01	-7.133705e-02	5.571444e+00
5.160000e+01	-7.700575e-02	5.537435e+00
5.163333e+01	-8.271214e-02	5.503200e+00
5.166667e+01	-8.593062e-02	5.483891e+00
5.170000e+01	-8.686870e-02	5.478263e+00
5.173333e+01	-8.845597e-02	5.468740e+00
5.176667e+01	-9.278004e-02	5.442798e+00
5.180000e+01	-9.842898e-02	5.408908e+00
5.183333e+01	-1.021864e-01	5.386365e+00
5.186667e+01	-1.025451e-01	5.384213e+00
5.190000e+01	-1.007692e-01	5.394868e+00
5.193333e+01	-9.912204e-02	5.404750e+00
5.196667e+01	-9.880917e-02	5.406627e+00
52	-9.949837e-02	5.402492e+00
5.203333e+01	-1.002208e-01	5.398158e+00
5.206667e+01	-1.002173e-01	5.398179e+00
5.210000e+01	-9.876264e-02	5.406906e+00
5.213333e+01	-9.502117e-02	5.429353e+00
5.216667e+01	-8.925601e-02	5.463940e+00
5.220000e+01	-8.367473e-02	5.497425e+00
5.223333e+01	-8.078753e-02	5.514746e+00
5.226667e+01	-8.107430e-02	5.513026e+00
5.230000e+01	-8.285833e-02	5.502323e+00
5.233333e+01	-8.414023e-02	5.494632e+00
5.236667e+01	-8.416083e-02	5.494508e+00
5.240000e+01	-8.345212e-02	5.498760e+00
5.243333e+01	-8.289488e-02	5.502103e+00
5.246667e+01	-8.294393e-02	5.501809e+00
5.250000e+01	-8.355718e-02	5.498130e+00
5.253333e+01	-8.450967e-02	5.492416e+00
5.256667e+01	-8.561724e-02	5.485771e+00
5.260000e+01	-8.677227e-02	5.478841e+00
5.263333e+01	-8.791914e-02	5.471961e+00
5.266667e+01	-8.903948e-02	5.465239e+00
5.270000e+01	-9.014092e-02	5.458631e+00
5.273333e+01	-9.124009e-02	5.452037e+00
5.276667e+01	-9.234735e-02	5.445394e+00
5.280000e+01	-9.346218e-02	5.438706e+00
5.283333e+01	-9.457841e-02	5.432009e+00
5.286667e+01	-9.569147e-02	5.425331e+00
5.290000e+01	-9.680124e-02	5.418673e+00
5.293333e+01	-9.789848e-02	5.412090e+00
5.296667e+01	-9.891865e-02	5.405970e+00
53	-9.953530e-02	5.402270e+00
5.303333e+01	-9.877560e-02	5.406828e+00
5.306667e+01	-9.538965e-02	5.427142e+00
5.310000e+01	-8.972533e-02	5.461125e+00
5.313333e+01	-8.505511e-02	5.489143e+00
5.316667e+01	-8.559543e-02	5.485902e+00
5.320000e+01	-9.309981e-02	5.440880e+00
5.323333e+01	-1.064594e-01	5.360730e+00
5.326667e+01	-1.235420e-01	5.258244e+00
5.330000e+01	-1.415389e-01	5.150273e+00
5.333333e+01	-1.569709e-01	5.057690e+00
5.336667e+01	-1.676891e-01	4.993387e+00
5.340000e+01	-1.744087e-01	4.953073e+00
5.343333e+01	-1.791497e-01	4.924629e+00
5.346667e+01	-1.827397e-01	4.903092e+00
5.350000e+01	-1.846637e-01	4.891549e+00
5.353333e+01	-1.845186e-01	4.892419e+00
5.356667e+01	-1.823252e-01	4.905578e+00
5.360000e+01	-1.780312e-01	4.931340e+00
5.363333e+01	-1.722180e-01	4.966216e+00
5.366667e+01	-1.667282e-01	4.999152e+00
5.370000e+01	-1.629046e-01	5.022091e+00
5.373333e+01	-1.598054e-01	5.040685e+00
5.376667e+01	-1.558065e-01	5.064675e+00
5.380000e+01	-1.512882e-01	5.091783e+00
5.383333e+01	-1.482592e-01	5.109955e+00
5.386667e+01	-1.478356e-01	5.112496e+00
5.390000e+01	-1.491430e-01	5.104652e+00
5.393333e+01	-1.504578e-01	5.096765e+00
5.396667e+01	-1.507782e-01	5.094842e+00
54	-1.502866e-01	5.097792e+00
5.403333e+01	-1.495387e-01	5.102279e+00
5.406667e+01	-1.481952e-01	5.110339e+00
5.410000e+01	-1.449698e-01	5.129689e+00
5.413333e+01	-1.395470e-01	5.162223e+00
5.416667e+01	-1.339375e-01	5.195877e+00
5.420000e+01	-1.308305e-01	5.214517e+00
5.423333e+01	-1.309601e-01	5.213740e+00
5.426667e+01	-1.325703e-01	5.204079e+00
5.430000e+01	-1.327701e-01	5.202881e+00
5.433333e+01	-1.294410e-01	5.222853e+00
5.436667e+01	-1.230609e-01	5.261130e+00
5.440000e+01	-1.167583e-01	5.298943e+00
5.443333e+01	-1.136556e-01	5.317556e+00
5.446667e+01	-1.141879e-01	5.314363e+00
5.450000e+01	-1.161127e-01	5.302815e+00
5.453333e+01	-1.163279e-01	5.301524e+00
5.456667e+01	-1.128293e-01	5.322514e+00
5.460000e+01	-1.063066e-01	5.361646e+00
5.463333e+01	-1.001663e-01	5.398485e+00
5.466667e+01	-9.830999e-02	5.409622e+00
5.470000e+01	-1.023281e-01	5.385515e+00
5.473333e+01	-1.101137e-01	5.338806e+00
5.476667e+01	-1.171691e-01	5.296478e+00
5.480000e+01	-1.200920e-01	5.278942e+00
5.483333e+01	-1.189974e-01	5.285509e+00
5.486667e+01	-1.165574e-01	5.300148e+00
5.490000e+01	-1.152231e-01	5.308153e+00
5.493333e+01	-1.155388e-01	5.306258e+00
5.496667e+01	-1.165426e-01	5.300236e+00
55	-1.171501e-01	5.296592e+00
5.503333e+01	-1.170510e-01	5.297186e+00
5.506667e+01	-1.166233e-01	5.299752e+00
5.510000e+01	-1.163437e-01	5.301430e+00
5.513333e+01	-1.163702e-01	5.301271e+00
5.516667e+01	-1.165527e-01	5.300176e+00
5.520000e+01	-1.166812e-01	5.299405e+00
5.523333e+01	-1.165003e-01	5.300490e+00
5.526667e+01	-1.152475e-01	5.308006e+00
5.530000e+01	-1.117673e-01	5.328885e+00
5.533333e+01	-1.060915e-01	5.362937e+00
5.536667e+01	-1.006068e-01	5.395842e+00
5.540000e+01	-9.877994e-02	5.406802e+00
5.543333e+01	-1.024439e-01	5.384821e+00
5.546667e+01	-1.101104e-01	5.338826e+00
5.550000e+01	-1.183125e-01	5.289618e+00
5.553333e+01	-1.248050e-01	5.250666e+00
5.556667e+01	-1.295181e-01	5.222391e+00
5.560000e+01	-1.329690e-01	5.201688e+00
5.563333e+01	-1.357773e-01	5.184839e+00
5.566667e+01	-1.392142e-01	5.164220e+00
5.570000e+01	-1.440512e-01	5.135201e+00
5.573333e+01	-1.490340e-01	5.105307e+00
5.576667e+01	-1.519469e-01	5.087831e+00
5.580000e+01	-1.520119e-01	5.087441e+00
5.583333e+01	-1.504891e-01	5.096577e+00
5.586667e+01	-1.492117e-01	5.104240e+00
5.590000e+01	-1.488682e-01	5.106301e+00
5.593333e+01	-1.482842e-01	5.109805e+00
5.596667e+01	-1.454236e-01	5.126967e+00
56	-1.398382e-01	5.160476e+00
5.603333e+01	-1.337979e-01	5.196714e+00
5.606667e+01	-1.301523e-01	5.218586e+00
5.610000e+01	-1.295319e-01	5.222308e+00
5.613333e+01	-1.302185e-01	5.218189e+00
5.616667e+01	-1.301994e-01	5.218303e+00
5.620000e+01	-1.288173e-01	5.226595e+00
5.623333e+01	-1.267350e-01	5.239088e+00
5.626667e+01	-1.248772e-01	5.250234e+00
5.630000e+01	-1.236004e-01	5.257894e+00
5.633333e+01	-1.226538e-01	5.263573e+00
5.636667e+01	-1.216331e-01	5.269697e+00
5.640000e+01	-1.203633e-01	5.277314e+00
5.643333e+01	-1.189536e-01	5.285772e+00
5.646667e+01	-1.176569e-01	5.293551e+00
5.650000e+01	-1.165531e-01	5.300173e+00
5.653333e+01	-1.149584e-01	5.309741e+00
5.656667e+01	-1.115499e-01	5.330190e+00
5.660000e+01	-1.060764e-01	5.363028e+00
5.663333e+01	-1.005315e-01	5.396294e+00
5.666667e+01	-9.768881e-02	5.413348e+00
5.670000e+01	-9.902960e-02	5.405304e+00
5.673333e+01	-1.042170e-01	5.374183e+00
5.676667e+01	-1.114056e-01	5.331056e+00
5.680000e+01	-1.183500e-01	5.289393e+00
5.683333e+01	-1.241020e-01	5.254884e+00
5.686667e+01	-1.289438e-01	5.225837e+00
5.690000e+01	-1.327435e-01	5.203040e+00
5.693333e+01	-1.347172e-01	5.191199e+00
5.696667e+01	-1.346986e-01	5.191311e+00
57	-1.336381e-01	5.197673e+00
5.703333e+01	-1.327702e-01	5.202880e+00
5.706667e+01	-1.326598e-01	5.203542e+00
5.710000e+01	-1.332368e-01	5.200081e+00
5.713333e+01	-1.347901e-01	5.190762e+00
5.716667e+01	-1.382802e-01	5.169823e+00
5.720000e+01	-1.436146e-01	5.137820e+00
5.723333e+01	-1.479659e-01	5.111715e+00
5.726667e+01	-1.475352e-01	5.114299e+00
5.730000e+01	-1.416875e-01	5.149382e+00
5.733333e+01	-1.342386e-01	5.194071e+00
5.736667e+01	-1.298855e-01	5.220186e+00
5.740000e+01	-1.300549e-01	5.219170e+00
5.743333e+01	-1.325776e-01	5.204036e+00
5.746667e+01	-1.345080e-01	5.192454e+00
5.750000e+01	-1.346152e-01	5.191811e+00
5.753333e+01	-1.336014e-01	5.197894e+00
5.756667e+01	-1.327422e-01	5.203048e+00
5.760000e+01	-1.328253e-01	5.202549e+00
5.763333e+01	-1.344218e-01	5.192971e+00
5.766667e+01	-1.382291e-01	5.170130e+00
5.770000e+01	-1.439642e-01	5.135723e+00
5.773333e+01	-1.494838e-01	5.102608e+00
5.776667e+01	-1.523396e-01	5.085475e+00
5.780000e+01	-1.520774e-01	5.087048e+00
5.783333e+01	-1.504242e-01	5.096967e+00
5.786667e+01	-1.495242e-01	5.102366e+00
5.790000e+01	-1.503035e-01	5.097690e+00
5.793333e+01	-1.522424e-01	5.086058e+00
5.796667e+01	-1.542792e-01	5.073838e+00
58	-1.557778e-01	5.064848e+00
5.803333e+01	-1.568032e-01	5.058696e+00
5.806667e+01	-1.577625e-01	5.052941e+00
5.810000e+01	-1.589395e-01	5.045880e+00
5.813333e+01	-1.603250e-01	5.037567e+00
5.816667e+01	-1.617492e-01	5.029023e+00
5.820000e+01	-1.630835e-01	5.021017e+00
5.823333e+01	-1.643112e-01	5.013652e+00
5.826667e+01	-1.654269e-01	5.006959e+00
5.830000e+01	-1.663163e-01	5.001623e+00
5.833333e+01	-1.666338e-01	4.999718e+00
5.836667e+01	-1.653493e-01	5.007424e+00
5.840000e+01	-1.605724e-01	5.036083e+00
5.843333e+01	-1.512967e-01	5.091732e+00
5.846667e+01	-1.398830e-01	5.160207e+00
5.850000e+01	-1.312240e-01	5.212157e+00
5.853333e+01	-1.286879e-01	5.227372e+00
5.856667e+01	-1.319555e-01	5.207768e+00
5.860000e+01	-1.385251e-01	5.168354e+00
5.863333e+01	-1.455543e-01	5.126183e+00
5.866667e+01	-1.505546e-01	5.096184e+00
5.870000e+01	-1.524475e-01	5.084827e+00
5.873333e+01	-1.527482e-01	5.083024e+00
5.876667e+01	-1.545955e-01	5.071941e+00
5.880000e+01	-1.594911e-01	5.042570e+00
5.883333e+01	-1.654401e-01	5.006879e+00
5.886667e+01	-1.691041e-01	4.984898e+00
5.890000e+01	-1.692158e-01	4.984228e+00
5.893333e+01	-1.672990e-01	4.995727e+00
5.896667e+01	-1.655066e-01	5.006480e+00
59	-1.641247e-01	5.014771e+00
5.903333e+01	-1.614581e-01	5.030769e+00
5.906667e+01	-1.564967e-01	5.060535e+00
5.910000e+01	-1.509302e-01	5.093931e+00
5.913333e+01	-1.475916e-01	5.113960e+00
5.916667e+01	-1.475143e-01	5.114424e+00
5.920000e+01	-1.492719e-01	5.103879e+00
5.923333e+01	-1.507433e-01	5.095052e+00
5.926667e+01	-1.509286e-01	5.093940e+00
5.930000e+01	-1.502403e-01	5.098069e+00
5.933333e+01	-1.495923e-01	5.101957e+00
5.936667e+01	-1.494770e-01	5.102649e+00
5.940000e+01	-1.497592e-01	5.100956e+00
5.943333e+01	-1.498710e-01	5.100285e+00
5.946667e+01	-1.487603e-01	5.106949e+00
5.950000e+01	-1.452231e-01	5.128170e+00
5.953333e+01	-1.395972e-01	5.161922e+00
5.956667e+01	-1.350437e-01	5.189241e+00
5.960000e+01	-1.354832e-01	5.186603e+00
5.963333e+01	-1.414547e-01	5.150778e+00
5.966667e+01	-1.489962e-01	5.105534e+00
5.970000e+01	-1.533506e-01	5.079409e+00
5.973333e+01	-1.531289e-01	5.080740e+00
5.976667e+01	-1.505641e-01	5.096127e+00
5.980000e+01	-1.486307e-01	5.107726e+00
5.983333e+01	-1.485455e-01	5.108237e+00
5.986667e+01	-1.495784e-01	5.102041e+00
5.990000e+01	-1.504400e-01	5.096872e+00
5.993333e+01	-1.505381e-01	5.096283e+00
5.996667e+01	-1.502124e-01	5.098237e+00
60	-1.501923e-01	5.098357e+00
6.003333e+01	-1.509388e-01	5.093879e+00
6.006667e+01	-1.523591e-01	5.085358e+00
6.010000e+01	-1.540077e-01	5.075467e+00
6.013333e+01	-1.554979e-01	5.066527e+00
6.016667e+01	-1.567397e-01	5.059077e+00
6.020000e+01	-1.578741e-01	5.052271e+00
6.023333e+01	-1.590640e-01	5.045132e+00
6.026667e+01	-1.603588e-01	5.037365e+00
6.030000e+01	-1.617038e-01	5.029295e+00
6.033333e+01	-1.630147e-01	5.021431e+00
6.036667e+01	-1.641898e-01	5.014381e+00
6.040000e+01	-1.649146e-01	5.010032e+00
6.043333e+01	-1.642888e-01	5.013787e+00
6.046667e+01	-1.611712e-01	5.032490e+00
6.050000e+01	-1.557524e-01	5.065000e+00
6.053333e+01	-1.503309e-01	5.097526e+00
6.056667e+01	-1.475020e-01	5.114497e+00
6.060000e+01	-1.477892e-01	5.112775e+00
6.063333e+01	-1.495471e-01	5.102228e+00
6.066667e+01	-1.509822e-01	5.093619e+00
6.070000e+01	-1.521717e-01	5.086482e+00
6.073333e+01	-1.548919e-01	5.070162e+00
6.076667e+01	-1.600066e-01	5.039477e+00
6.080000e+01	-1.658400e-01	5.004480e+00
6.083333e+01	-1.703365e-01	4.977504e+00
6.086667e+01	-1.737695e-01	4.956908e+00
6.090000e+01	-1.774674e-01	4.934723e+00
6.093333e+01	-1.805200e-01	4.916409e+00
6.096667e+01	-1.799702e-01	4.919707e+00
61	-1.747634e-01	4.950945e+00
6.103333e+01	-1.678868e-01	4.992200e+00
6.106667e+01	-1.636168e-01	5.017818e+00
6.110000e+01	-1.635341e-01	5.018314e+00
6.113333e+01	-1.658913e-01	5.004173e+00
6.116667e+01	-1.680908e-01	4.990977e+00
6.120000e+01	-1.690034e-01	4.985502e+00
6.123333e+01	-1.691799e-01	4.984443e+00
6.126667e+01	-1.696260e-01	4.981766e+00
6.130000e+01	-1.707498e-01	4.975024e+00
6.133333e+01	-1.722602e-01	4.965963e+00
6.136667e+01	-1.736821e-01	4.957432e+00
6.140000e+01	-1.748086e-01	4.950674e+00
6.143333e+01	-1.757524e-01	4.945011e+00
6.146667e+01	-1.767225e-01	4.939192e+00
6.150000e+01	-1.778190e-01	4.932613e+00
6.153333e+01	-1.790001e-01	4.925527e+00
6.156667e+01	-1.801632e-01	4.918549e+00
6.160000e+01	-1.811941e-01	4.912364e+00
6.163333e+01	-1.817930e-01	4.908772e+00
6.166667e+01	-1.810821e-01	4.913037e+00
6.170000e+01	-1.779180e-01	4.932019e+00
6.173333e+01	-1.724673e-01	4.964721e+00
6.176667e+01	-1.670145e-01	4.997434e+00
6.180000e+01	-1.641618e-01	5.014549e+00
6.183333e+01	-1.646188e-01	5.011807e+00
6.186667e+01	-1.675594e-01	4.994165e+00
6.190000e+01	-1.722493e-01	4.966028e+00
6.193333e+01	-1.779417e-01	4.931877e+00
6.196667e+01	-1.829324e-01	4.901936e+00
62	-1.853975e-01	4.887146e+00
6.203333e+01	-1.852943e-01	4.887766e+00
6.206667e+01	-1.849335e-01	4.889930e+00
6.210000e+01	-1.872643e-01	4.875947e+00
6.213333e+01	-1.927485e-01	4.843045e+00
6.216667e+01	-1.978718e-01	4.812308e+00
6.220000e+01	-1.979615e-01	4.811770e+00
6.223333e+01	-1.920801e-01	4.847055e+00
6.226667e+01	-1.843053e-01	4.893699e+00
6.230000e+01	-1.797152e-01	4.921237e+00
6.233333e+01	-1.798859e-01	4.920213e+00
6.236667e+01	-1.825465e-01	4.904251e+00
6.240000e+01	-1.845850e-01	4.892021e+00
6.243333e+01	-1.846976e-01	4.891345e+00
6.246667e+01	-1.836257e-01	4.897776e+00
6.250000e+01	-1.827057e-01	4.903296e+00
6.253333e+01	-1.825168e-01	4.904429e+00
6.256667e+01	-1.826557e-01	4.903596e+00
6.260000e+01	-1.824455e-01	4.904857e+00
6.263333e+01	-1.816618e-01	4.909558e+00
6.266667e+01	-1.805772e-01	4.916066e+00
6.270000e+01	-1.795118e-01	4.922457e+00
6.273333e+01	-1.785361e-01	4.928311e+00
6.276667e+01	-1.775457e-01	4.934253e+00
6.280000e+01	-1.764579e-01	4.940779e+00
6.283333e+01	-1.752928e-01	4.947769e+00
6.286667e+01	-1.741231e-01	4.954787e+00
6.290000e+01	-1.729959e-01	4.961549e+00
6.293333e+01	-1.719058e-01	4.968089e+00
6.296667e+01	-1.708206e-01	4.974600e+00
63	-1.697178e-01	4.981216e+00
6.303333e+01	-1.686099e-01	4.987862e+00
6.306667e+01	-1.674006e-01	4.995118e+00
6.310000e+01	-1.654280e-01	5.006952e+00
6.313333e+01	-1.615952e-01	5.029947e+00
6.316667e+01	-1.558910e-01	5.064169e+00
6.320000e+01	-1.503656e-01	5.097318e+00
6.323333e+01	-1.474862e-01	5.114592e+00
6.326667e+01	-1.477532e-01	5.112991e+00
6.330000e+01	-1.496976e-01	5.101325e+00
6.333333e+01	-1.521542e-01	5.086587e+00
6.336667e+01	-1.556052e-01	5.065883e+00
6.340000e+01	-1.605778e-01	5.036050e+00
6.343333e+01	-1.657035e-01	5.005299e+00
6.346667e+01	-1.688643e-01	4.986336e+00
6.350000e+01	-1.700911e-01	4.978976e+00
6.353333e+01	-1.719389e-01	4.967890e+00
6.356667e+01	-1.763017e-01	4.941716e+00
6.360000e+01	-1.818307e-01	4.908545e+00
6.363333e+01	-1.854712e-01	4.886705e+00
6.366667e+01	-1.858069e-01	4.884690e+00
6.370000e+01	-1.840805e-01	4.895048e+00
6.373333e+01	-1.824856e-01	4.904616e+00
6.376667e+01	-1.821854e-01	4.906417e+00
6.380000e+01	-1.828544e-01	4.902404e+00
6.383333e+01	-1.835536e-01	4.898209e+00
6.386667e+01	-1.837203e-01	4.897209e+00
6.390000e+01	-1.834491e-01	4.898836e+00
6.393333e+01	-1.831394e-01	4.900694e+00
6.396667e+01	-1.828749e-01	4.902281e+00
64	-1.818093e-01	4.908673e+00
6.403333e+01	-1.785251e-01	4.928377e+00
6.406667e+01	-1.728957e-01	4.962150e+00
6.410000e+01	-1.671574e-01	4.996576e+00
6.413333e+01	-1.640680e-01	5.015111e+00
6.416667e+01	-1.642859e-01	5.013804e+00
6.420000e+01	-1.661325e-01	5.002725e+00
6.423333e+01	-1.675035e-01	4.994500e+00
6.426667e+01	-1.675583e-01	4.994172e+00
6.430000e+01	-1.668250e-01	4.998571e+00
6.433333e+01	-1.662169e-01	5.002219e+00
6.436667e+01	-1.661591e-01	5.002566e+00
6.440000e+01	-1.664636e-01	5.000739e+00
6.443333e+01	-1.667366e-01	4.999101e+00
6.446667e+01	-1.667761e-01	4.998864e+00
6.450000e+01	-1.666495e-01	4.999624e+00
6.453333e+01	-1.665269e-01	5.000359e+00
6.456667e+01	-1.665033e-01	5.000501e+00
6.460000e+01	-1.665555e-01	5.000187e+00
6.463333e+01	-1.666104e-01	4.999858e+00
6.466667e+01	-1.666234e-01	4.999780e+00
6.470000e+01	-1.666021e-01	4.999908e+00
6.473333e+01	-1.665777e-01	5.000055e+00
6.476667e+01	-1.665708e-01	5.000096e+00
6.480000e+01	-1.665794e-01	5.000044e+00
6.483333e+01	-1.664133e-01	5.001041e+00
6.486667e+01	-1.652415e-01	5.008071e+00
6.490000e+01	-1.618166e-01	5.028618e+00
6.493333e+01	-1.563146e-01	5.061627e+00
6.496667e+01	-1.517938e-01	5.088749e+00
65	-1.523646e-01	5.085325e+00
6.503333e+01	-1.594565e-01	5.042778e+00
6.506667e+01	-1.704024e-01	4.977108e+00
6.510000e+01	-1.804494e-01	4.916833e+00
6.513333e+01	-1.859463e-01	4.883854e+00
6.516667e+01	-1.865959e-01	4.879957e+00
6.520000e+01	-1.855902e-01	4.885990e+00
6.523333e+01	-1.870866e-01	4.877013e+00
6.526667e+01	-1.924449e-01	4.844866e+00
6.530000e+01	-1.989598e-01	4.805780e+00
6.533333e+01	-2.028045e-01	4.782714e+00
6.536667e+01	-2.027331e-01	4.783143e+00
6.540000e+01	-2.005679e-01	4.796133e+00
6.543333e+01	-1.988624e-01	4.806365e+00
6.546667e+01	-1.987282e-01	4.807170e+00
6.550000e+01	-1.994152e-01	4.803048e+00
6.553333e+01	-1.989969e-01	4.805558e+00
6.556667e+01	-1.956751e-01	4.825487e+00
6.560000e+01	-1.896436e-01	4.861673e+00
6.563333e+01	-1.836102e-01	4.897869e+00
6.566667e+01	-1.805204e-01	4.916407e+00
6.570000e+01	-1.809084e-01	4.914078e+00
6.573333e+01	-1.828894e-01	4.902194e+00
6.576667e+01	-1.842682e-01	4.893922e+00
6.580000e+01	-1.842513e-01	4.894023e+00
6.583333e+01	-1.834572e-01	4.898787e+00
6.586667e+01	-1.828423e-01	4.902476e+00
6.590000e+01	-1.828145e-01	4.902643e+00
6.593333e+01	-1.831464e-01	4.900652e+00
6.596667e+01	-1.834238e-01	4.898987e+00
66	-1.834509e-01	4.898825e+00
6.603333e+01	-1.833120e-01	4.899659e+00
6.606667e+01	-1.831868e-01	4.900409e+00
6.610000e+01	-1.831683e-01	4.900520e+00
6.613333e+01	-1.832261e-01	4.900174e+00
6.616667e+01	-1.832823e-01	4.899837e+00
6.620000e+01	-1.832933e-01	4.899771e+00
6.623333e+01	-1.832695e-01	4.899913e+00
6.626667e+01	-1.832443e-01	4.900064e+00
6.630000e+01	-1.832383e-01	4.900101e+00
6.633333e+01	-1.832480e-01	4.900042e+00
6.636667e+01	-1.830823e-01	4.901036e+00
6.640000e+01	-1.819102e-01	4.908069e+00
6.643333e+01	-1.784848e-01	4.928619e+00
6.646667e+01	-1.728057e-01	4.962690e+00
6.650000e+01	-1.671097e-01	4.996863e+00
6.653333e+01	-1.640824e-01	5.015025e+00
6.656667e+01	-1.643248e-01	5.013570e+00
6.660000e+01	-1.661549e-01	5.002591e+00
6.663333e+01	-1.674987e-01	4.994529e+00
6.666667e+01	-1.675415e-01	4.994272e+00
6.670000e+01	-1.668146e-01	4.998633e+00
6.673333e+01	-1.662184e-01	5.002210e+00
6.676667e+01	-1.661663e-01	5.002523e+00
6.680000e+01	-1.664684e-01	5.000710e+00
6.683333e+01	-1.667363e-01	4.999103e+00
6.686667e+01	-1.669499e-01	4.997822e+00
6.690000e+01	-1.679995e-01	4.991524e+00
6.693333e+01	-1.713006e-01	4.971720e+00
6.696667e+01	-1.769524e-01	4.937812e+00
67	-1.825218e-01	4.904399e+00
6.703333e+01	-1.844293e-01	4.892955e+00
6.706667e+01	-1.807800e-01	4.914849e+00
6.710000e+01	-1.732553e-01	4.959993e+00
6.713333e+01	-1.661926e-01	5.002365e+00
6.716667e+01	-1.631132e-01	5.020839e+00
6.720000e+01	-1.640887e-01	5.014987e+00
6.723333e+01	-1.665251e-01	5.000370e+00
6.726667e+01	-1.679254e-01	4.991969e+00
6.730000e+01	-1.676638e-01	4.993539e+00
6.733333e+01	-1.666646e-01	4.999533e+00
6.736667e+01	-1.660295e-01	5.003344e+00
6.740000e+01	-1.661040e-01	5.002896e+00
6.743333e+01	-1.665284e-01	5.000350e+00
6.746667e+01	-1.668196e-01	4.998603e+00
6.750000e+01	-1.668041e-01	4.998696e+00
6.753333e+01	-1.666236e-01	4.999779e+00
6.756667e+01	-1.664903e-01	5.000579e+00
6.760000e+01	-1.664894e-01	5.000584e+00
6.763333e+01	-1.665657e-01	5.000127e+00
6.766667e+01	-1.666264e-01	4.999762e+00
6.770000e+01	-1.666302e-01	4.999739e+00
6.773333e+01	-1.665982e-01	4.999932e+00
6.776667e+01	-1.665707e-01	5.000097e+00
6.780000e+01	-1.663906e-01	5.001177e+00
6.783333e+01	-1.652286e-01	5.008148e+00
6.786667e+01	-1.618196e-01	5.028600e+00
6.790000e+01	-1.561475e-01	5.062630e+00
6.793333e+01	-1.504476e-01	5.096826e+00
6.796667e+01	-1.475900e-01	5.113970e+00
68	-1.490045e-01	5.105484e+00
6.803333e+01	-1.542575e-01	5.073969e+00
6.806667e+01	-1.612785e-01	5.031847e+00
6.810000e+01	-1.670173e-01	4.997417e+00
6.813333e+01	-1.693187e-01	4.983610e+00
6.816667e+01	-1.686577e-01	4.987576e+00
6.820000e+01	-1.679510e-01	4.991815e+00
6.823333e+01	-1.701535e-01	4.978602e+00
6.826667e+01	-1.748769e-01	4.950264e+00
6.830000e+01	-1.779134e-01	4.932047e+00
6.833333e+01	-1.757389e-01	4.945093e+00
6.836667e+01	-1.695592e-01	4.982167e+00
6.840000e+01	-1.632013e-01	5.020311e+00
6.843333e+01	-1.584597e-01	5.048758e+00
6.846667e+01	-1.545881e-01	5.071985e+00
6.850000e+01	-1.511030e-01	5.092894e+00
6.853333e+01	-1.488134e-01	5.106630e+00
6.856667e+01	-1.483780e-01	5.109242e+00
6.860000e+01	-1.492503e-01	5.104009e+00
6.863333e+01	-1.502290e-01	5.098137e+00
6.866667e+01	-1.505359e-01	5.096296e+00
6.870000e+01	-1.500508e-01	5.099206e+00
6.873333e+01	-1.484569e-01	5.108769e+00
6.876667e+01	-1.448816e-01	5.130219e+00
6.880000e+01	-1.391498e-01	5.164606e+00
6.883333e+01	-1.324626e-01	5.204726e+00
6.886667e+01	-1.260872e-01	5.242974e+00
6.890000e+01	-1.206071e-01	5.275852e+00
6.893333e+01	-1.166623e-01	5.299518e+00
6.896667e+01	-1.151185e-01	5.308780e+00
69	-1.165955e-01	5.299919e+00
6.903333e+01	-1.211544e-01	5.272568e+00
6.906667e+01	-1.275937e-01	5.233936e+00
6.910000e+01	-1.332729e-01	5.199864e+00
6.913333e+01	-1.358622e-01	5.184330e+00
6.916667e+01	-1.352852e-01	5.187792e+00
6.920000e+01	-1.334427e-01	5.198846e+00
6.923333e+01	-1.322810e-01	5.205815e+00
6.926667e+01	-1.323886e-01	5.205170e+00
6.930000e+01	-1.331289e-01	5.200728e+00
6.933333e+01	-1.336489e-01	5.197609e+00
6.936667e+01	-1.336330e-01	5.197704e+00
6.940000e+01	-1.333215e-01	5.199573e+00
6.943333e+01	-1.330853e-01	5.200989e+00
6.946667e+01	-1.330791e-01	5.201027e+00
6.950000e+01	-1.332106e-01	5.200238e+00
6.953333e+01	-1.333179e-01	5.199594e+00
6.956667e+01	-1.333265e-01	5.199543e+00
6.960000e+01	-1.332713e-01	5.199873e+00
6.963333e+01	-1.332228e-01	5.200164e+00
6.966667e+01	-1.332164e-01	5.200203e+00
6.970000e+01	-1.332394e-01	5.200065e+00
6.973333e+01	-1.332612e-01	5.199934e+00
6.976667e+01	-1.332652e-01	5.199910e+00
6.980000e+01	-1.332557e-01	5.199967e+00
6.983333e+01	-1.332459e-01	5.200026e+00
6.986667e+01	-1.332437e-01	5.200039e+00
6.990000e+01	-1.332476e-01	5.200016e+00
6.993333e+01	-1.332519e-01	5.199990e+00
6.996667e+01	-1.332531e-01	5.199983e+00
70	-1.334284e-01	5.198931e+00
7.003333e+01	-1.346019e-01	5.191891e+00
7.006667e+01	-1.380227e-01	5.171368e+00
7.010000e+01	-1.436975e-01	5.137323e+00
7.013333e+01	-1.493927e-01	5.103155e+00
7.016667e+01	-1.524219e-01	5.084981e+00
7.020000e+01	-1.521813e-01	5.086424e+00
7.023333e+01	-1.503517e-01	5.097401e+00
7.026667e+01	-1.490071e-01	5.105468e+00
7.030000e+01	-1.489634e-01	5.105730e+00
7.033333e+01	-1.496901e-01	5.101370e+00
7.036667e+01	-1.502867e-01	5.097791e+00
7.040000e+01	-1.503391e-01	5.097477e+00
7.043333e+01	-1.500372e-01	5.099288e+00
7.046667e+01	-1.497692e-01	5.100896e+00
7.050000e+01	-1.497322e-01	5.101118e+00
7.053333e+01	-1.498579e-01	5.100364e+00
7.056667e+01	-1.499784e-01	5.099641e+00
7.060000e+01	-1.500007e-01	5.099507e+00
7.063333e+01	-1.499488e-01	5.099818e+00
7.066667e+01	-1.498949e-01	5.100142e+00
7.070000e+01	-1.498960e-01	5.100135e+00
7.073333e+01	-1.500213e-01	5.099383e+00
7.076667e+01	-1.504125e-01	5.097036e+00
7.080000e+01	-1.512228e-01	5.092175e+00
7.083333e+01	-1.524559e-01	5.084777e+00
7.086667e+01	-1.539200e-01	5.075994e+00
7.090000e+01	-1.553728e-01	5.067278e+00
7.093333e+01	-1.566917e-01	5.059365e+00
7.096667e+01	-1.579085e-01	5.052065e+00
71	-1.591189e-01	5.044803e+00
7.103333e+01	-1.603822e-01	5.037224e+00
7.106667e+01	-1.616906e-01	5.029374e+00
7.110000e+01	-1.630043e-01	5.021493e+00
7.113333e+01	-1.642825e-01	5.013824e+00
7.116667e+01	-1.654501e-01	5.006820e+00
7.120000e+01	-1.663511e-01	5.001414e+00
7.123333e+01	-1.666479e-01	4.999633e+00
7.126667e+01	-1.655172e-01	5.006417e+00
7.130000e+01	-1.620862e-01	5.027001e+00
7.133333e+01	-1.574158e-01	5.055021e+00
7.136667e+01	-1.552849e-01	5.067805e+00
7.140000e+01	-1.591728e-01	5.044479e+00
7.143333e+01	-1.686012e-01	4.987915e+00
7.146667e+01	-1.793286e-01	4.923557e+00
7.150000e+01	-1.872753e-01	4.875881e+00
7.153333e+01	-1.920853e-01	4.847024e+00
7.156667e+01	-1.966142e-01	4.819853e+00
7.160000e+01	-2.034483e-01	4.778852e+00
7.163333e+01	-2.124935e-01	4.724586e+00
7.166667e+01	-2.210530e-01	4.673234e+00
7.170000e+01	-2.255479e-01	4.646267e+00
7.173333e+01	-2.243087e-01	4.653702e+00
7.176667e+01	-2.194267e-01	4.682991e+00
7.180000e+01	-2.150821e-01	4.709056e+00
7.183333e+01	-2.138839e-01	4.716245e+00
7.186667e+01	-2.152843e-01	4.707843e+00
7.190000e+01	-2.170807e-01	4.697065e+00
7.193333e+01	-2.177154e-01	4.693258e+00
7.196667e+01	-2.170163e-01	4.697452e+00
72	-2.150664e-01	4.709150e+00
7.203333e+01	-2.113353e-01	4.731534e+00
7.206667e+01	-2.058635e-01	4.764362e+00
7.210000e+01	-2.005072e-01	4.796497e+00
7.213333e+01	-1.976279e-01	4.813771e+00
7.216667e+01	-1.977910e-01	4.812793e+00
7.220000e+01	-1.994729e-01	4.802702e+00
7.223333e+01	-2.007457e-01	4.795066e+00
7.226667e+01	-2.008181e-01	4.794632e+00
7.230000e+01	-2.001556e-01	4.798606e+00
7.233333e+01	-1.995930e-01	4.801982e+00
7.236667e+01	-1.995303e-01	4.802358e+00
7.240000e+01	-1.998046e-01	4.800712e+00
7.243333e+01	-2.000567e-01	4.799200e+00
7.246667e+01	-2.000970e-01	4.798958e+00
7.250000e+01	-1.999832e-01	4.799641e+00
7.253333e+01	-1.998702e-01	4.800319e+00
7.256667e+01	-1.998468e-01	4.800459e+00
7.260000e+01	-1.997168e-01	4.801239e+00
7.263333e+01	-1.985919e-01	4.807988e+00
7.266667e+01	-1.951832e-01	4.828438e+00
7.270000e+01	-1.894899e-01	4.862594e+00
7.273333e+01	-1.837732e-01	4.896892e+00
7.276667e+01	-1.807376e-01	4.915103e+00
7.280000e+01	-1.809856e-01	4.913615e+00
7.283333e+01	-1.828248e-01	4.902581e+00
7.286667e+01	-1.841726e-01	4.894495e+00
7.290000e+01	-1.842133e-01	4.894251e+00
7.293333e+01	-1.834824e-01	4.898636e+00
7.296667e+01	-1.828842e-01	4.902225e+00
73	-1.828330e-01	4.902532e+00
7.303333e+01	-1.831368e-01	4.900710e+00
7.306667e+01	-1.835824e-01	4.898036e+00
7.310000e+01	-1.847943e-01	4.890766e+00
7.313333e+01	-1.880892e-01	4.870998e+00
7.316667e+01	-1.936426e-01	4.837681e+00
7.320000e+01	-1.993147e-01	4.803651e+00
7.323333e+01	-2.023959e-01	4.785166e+00
7.326667e+01	-2.022097e-01	4.786283e+00
7.330000e+01	-2.003929e-01	4.797183e+00
7.333333e+01	-1.990270e-01	4.805377e+00
7.336667e+01	-1.989591e-01	4.805785e+00
7.340000e+01	-1.996790e-01	4.801466e+00
7.343333e+01	-2.002842e-01	4.797835e+00
7.346667e+01	-2.003474e-01	4.797456e+00
7.350000e+01	-2.000489e-01	4.799247e+00
7.353333e+01	-1.997774e-01	4.800875e+00
7.356667e+01	-1.997358e-01	4.801125e+00
7.360000e+01	-1.998597e-01	4.800382e+00
7.363333e+01	-1.998046e-01	4.800712e+00
7.366667e+01	-1.986537e-01	4.807617e+00
7.370000e+01	-1.951812e-01	4.828450e+00
7.373333e+01	-1.894526e-01	4.862818e+00
7.376667e+01	-1.837449e-01	4.897061e+00
7.380000e+01	-1.807368e-01	4.915108e+00
7.383333e+01	-1.810013e-01	4.913521e+00
7.386667e+01	-1.830145e-01	4.901443e+00
7.390000e+01	-1.855259e-01	4.886376e+00
7.393333e+01	-1.889804e-01	4.865651e+00
7.396667e+01	-1.939244e-01	4.835990e+00
74	-1.990256e-01	4.805386e+00
7.403333e+01	-2.020068e-01	4.787500e+00
7.406667e+01	-2.020702e-01	4.787120e+00
7.410000e+01	-2.005076e-01	4.796495e+00
7.413333e+01	-1.991980e-01	4.804351e+00
7.416667e+01	-1.990277e-01	4.805373e+00
7.420000e+01	-1.996343e-01	4.801734e+00
7.423333e+01	-2.003862e-01	4.797223e+00
7.426667e+01	-2.016664e-01	4.789543e+00
7.430000e+01	-2.048396e-01	4.770505e+00
7.433333e+01	-2.102579e-01	4.737998e+00
7.436667e+01	-2.157170e-01	4.705247e+00
7.440000e+01	-2.176722e-01	4.693517e+00
7.443333e+01	-2.141244e-01	4.714801e+00
7.446667e+01	-2.066521e-01	4.759631e+00
7.450000e+01	-1.995721e-01	4.802107e+00
7.453333e+01	-1.964488e-01	4.820845e+00
7.456667e+01	-1.973997e-01	4.815141e+00
7.460000e+01	-1.998420e-01	4.800488e+00
7.463333e+01	-2.012612e-01	4.791974e+00
7.466667e+01	-2.010111e-01	4.793474e+00
7.470000e+01	-2.000100e-01	4.799480e+00
7.473333e+01	-1.993668e-01	4.803339e+00
7.476667e+01	-1.994360e-01	4.802923e+00
7.480000e+01	-1.998609e-01	4.800374e+00
7.483333e+01	-2.001556e-01	4.798607e+00
7.486667e+01	-2.001425e-01	4.798685e+00
7.490000e+01	-1.999620e-01	4.799768e+00
7.493333e+01	-1.998272e-01	4.800577e+00
7.496667e+01	-1.998251e-01	4.800589e+00
75	-1.999014e-01	4.800131e+00
7.503333e+01	-1.999628e-01	4.799763e+00
7.506667e+01	-1.999671e-01	4.799737e+00
7.510000e+01	-1.999351e-01	4.799930e+00
7.513333e+01	-1.999073e-01	4.800096e+00
7.516667e+01	-1.999039e-01	4.800117e+00
7.520000e+01	-1.999173e-01	4.800036e+00
7.523333e+01	-1.999298e-01	4.799961e+00
7.526667e+01	-1.999319e-01	4.799948e+00
7.530000e+01	-1.999264e-01	4.799982e+00
7.533333e+01	-1.999208e-01	4.800015e+00
7.536667e+01	-1.999195e-01	4.800023e+00
7.540000e+01	-1.999218e-01	4.800009e+00
7.543333e+01	-1.999243e-01	4.799994e+00
7.546667e+01	-1.999250e-01	4.799990e+00
7.550000e+01	-1.999240e-01	4.799996e+00
7.553333e+01	-1.999229e-01	4.800002e+00
7.556667e+01	-1.999226e-01	4.800004e+00
7.560000e+01	-1.999230e-01	4.800002e+00
7.563333e+01	-1.999235e-01	4.799999e+00
7.566667e+01	-1.999236e-01	4.799998e+00
7.570000e+01	-1.999235e-01	4.799999e+00
7.573333e+01	-1.999233e-01	4.800000e+00
7.576667e+01	-1.999232e-01	4.800001e+00
7.580000e+01	-1.999232e-01	4.800000e+00
7.583333e+01	-1.999233e-01	4.800000e+00
7.586667e+01	-1.999234e-01	4.800000e+00
7.590000e+01	-1.999234e-01	4.800000e+00
7.593333e+01	-1.999233e-01	4.800000e+00
7.596667e+01	-1.999233e-01	4.800000e+00
76	-1.999233e-01	4.800000e+00
7.603333e+01	-1.999233e-01	4.800000e+00
7.606667e+01	-1.999233e-01	4.800000e+00
7.610000e+01	-1.999233e-01	4.800000e+00
7.613333e+01	-1.999233e-01	4.800000e+00
7.616667e+01	-1.999233e-01	4.800000e+00
7.620000e+01	-1.999233e-01	4.800000e+00
7.623333e+01	-1.999233e-01	4.800000e+00
7.626667e+01	-1.999233e-01	4.800000e+00
7.630000e+01	-1.999233e-01	4.800000e+00
7.633333e+01	-1.999233e-01	4.800000e+00
7.636667e+01	-1.999233e-01	4.800000e+00
7.640000e+01	-1.999233e-01	4.800000e+00
7.643333e+01	-1.999233e-01	4.800000e+00
7.646667e+01	-1.999233e-01	4.800000e+00
7.650000e+01	-1.999233e-01	4.800000e+00
7.653333e+01	-1.999233e-01	4.800000e+00
7.656667e+01	-1.999233e-01	4.800000e+00
7.660000e+01	-1.999233e-01	4.800000e+00
7.663333e+01	-1.999233e-01	4.800000e+00
7.666667e+01	-1.999233e-01	4.800000e+00
7.670000e+01	-1.999233e-01	4.800000e+00
7.673333e+01	-1.997464e-01	4.801061e+00
7.676667e+01	-1.985711e-01	4.808113e+00
7.680000e+01	-1.951360e-01	4.828721e+00
7.683333e+01	-1.893579e-01	4.863387e+00
7.686667e+01	-1.832963e-01	4.899752e+00
7.690000e+01	-1.794637e-01	4.922746e+00
7.693333e+01	-1.784623e-01	4.928754e+00
7.696667e+01	-1.788169e-01	4.926627e+00
77	-1.787051e-01	4.927297e+00
7.703333e+01	-1.774334e-01	4.934927e+00
7.706667e+01	-1.754947e-01	4.946557e+00
7.710000e+01	-1.736895e-01	4.957388e+00
7.713333e+01	-1.723725e-01	4.965289e+00
7.716667e+01	-1.713639e-01	4.971340e+00
7.720000e+01	-1.703173e-01	4.977619e+00
7.723333e+01	-1.688997e-01	4.986124e+00
7.726667e+01	-1.664320e-01	5.000929e+00
7.730000e+01	-1.619895e-01	5.027581e+00
7.733333e+01	-1.558191e-01	5.064600e+00
7.736667e+01	-1.503085e-01	5.097660e+00
7.740000e+01	-1.488719e-01	5.106279e+00
7.743333e+01	-1.538933e-01	5.076154e+00
7.746667e+01	-1.648320e-01	5.010528e+00
7.750000e+01	-1.774536e-01	4.934806e+00
7.753333e+01	-1.861416e-01	4.882682e+00
7.756667e+01	-1.881941e-01	4.870369e+00
7.760000e+01	-1.855658e-01	4.886137e+00
7.763333e+01	-1.823749e-01	4.905281e+00
7.766667e+01	-1.814714e-01	4.910701e+00
7.770000e+01	-1.835818e-01	4.898040e+00
7.773333e+01	-1.883474e-01	4.869449e+00
7.776667e+01	-1.945415e-01	4.832288e+00
7.780000e+01	-2.002262e-01	4.798183e+00
7.783333e+01	-2.050206e-01	4.769419e+00
7.786667e+01	-2.113720e-01	4.731314e+00
7.790000e+01	-2.210311e-01	4.673366e+00
7.793333e+01	-2.313307e-01	4.611574e+00
7.796667e+01	-2.374654e-01	4.574769e+00
78	-2.376588e-01	4.573609e+00
7.803333e+01	-2.344858e-01	4.592645e+00
7.806667e+01	-2.317921e-01	4.608806e+00
7.810000e+01	-2.314216e-01	4.611029e+00
7.813333e+01	-2.326547e-01	4.603630e+00
7.816667e+01	-2.338378e-01	4.596533e+00
7.820000e+01	-2.340618e-01	4.595189e+00
7.823333e+01	-2.335577e-01	4.598213e+00
7.826667e+01	-2.330316e-01	4.601369e+00
7.830000e+01	-2.329079e-01	4.602112e+00
7.833333e+01	-2.331142e-01	4.600874e+00
7.836667e+01	-2.333483e-01	4.599469e+00
7.840000e+01	-2.334138e-01	4.599076e+00
7.843333e+01	-2.333302e-01	4.599578e+00
7.846667e+01	-2.332264e-01	4.600201e+00
7.850000e+01	-2.331928e-01	4.600402e+00
7.853333e+01	-2.332263e-01	4.600201e+00
7.856667e+01	-2.332721e-01	4.599926e+00
7.860000e+01	-2.332889e-01	4.599826e+00
7.863333e+01	-2.332757e-01	4.599905e+00
7.866667e+01	-2.332556e-01	4.600026e+00
7.870000e+01	-2.332609e-01	4.599994e+00
7.873333e+01	-2.333701e-01	4.599339e+00
7.876667e+01	-2.337461e-01	4.597083e+00
7.880000e+01	-2.345537e-01	4.592237e+00
7.883333e+01	-2.357935e-01	4.584800e+00
7.886667e+01	-2.372644e-01	4.575975e+00
7.890000e+01	-2.387187e-01	4.567250e+00
7.893333e+01	-2.400349e-01	4.559354e+00
7.896667e+01	-2.412486e-01	4.552072e+00
79	-2.424583e-01	4.544815e+00
7.903333e+01	-2.437226e-01	4.537229e+00
7.906667e+01	-2.450188e-01	4.529453e+00
7.910000e+01	-2.462289e-01	4.522193e+00
7.913333e+01	-2.470034e-01	4.517547e+00
7.916667e+01	-2.464762e-01	4.520710e+00
7.920000e+01	-2.436074e-01	4.537921e+00
7.923333e+01	-2.384321e-01	4.568969e+00
7.926667e+01	-2.322689e-01	4.605945e+00
7.930000e+01	-2.262574e-01	4.642010e+00
7.933333e+01	-2.208590e-01	4.674398e+00
7.936667e+01	-2.169611e-01	4.697783e+00
7.940000e+01	-2.162600e-01	4.701989e+00
7.943333e+01	-2.199293e-01	4.679975e+00
7.946667e+01	-2.267863e-01	4.638838e+00
7.950000e+01	-2.333124e-01	4.599685e+00
7.953333e+01	-2.363527e-01	4.581444e+00
7.956667e+01	-2.356554e-01	4.585628e+00
7.960000e+01	-2.334606e-01	4.598796e+00
7.963333e+01	-2.320901e-01	4.607018e+00
7.966667e+01	-2.322356e-01	4.606145e+00
7.970000e+01	-2.331261e-01	4.600802e+00
7.973333e+01	-2.337426e-01	4.597104e+00
7.976667e+01	-2.337161e-01	4.597263e+00
7.980000e+01	-2.333404e-01	4.599517e+00
7.983333e+01	-2.330599e-01	4.601200e+00
7.986667e+01	-2.330557e-01	4.601225e+00
7.990000e+01	-2.332144e-01	4.600273e+00
7.993333e+01	-2.333420e-01	4.599507e+00
7.996667e+01	-2.333509e-01	4.599454e+00
80	-2.332842e-01	4.599854e+00
8.003333e+01	-2.332265e-01	4.600200e+00
8.006667e+01	-2.332194e-01	4.600242e+00
8.010000e+01	-2.332472e-01	4.600076e+00
8.013333e+01	-2.330964e-01	4.600981e+00
8.016667e+01	-2.319255e-01	4.608006e+00
8.020000e+01	-2.284925e-01	4.628601e+00
8.023333e+01	-2.228067e-01	4.662713e+00
8.026667e+01	-2.171098e-01	4.696891e+00
8.030000e+01	-2.140856e-01	4.715034e+00
8.033333e+01	-2.143311e-01	4.713561e+00
8.036667e+01	-2.161617e-01	4.702579e+00
8.040000e+01	-2.175042e-01	4.694525e+00
8.043333e+01	-2.175457e-01	4.694276e+00
8.046667e+01	-2.168185e-01	4.698639e+00
8.050000e+01	-2.162228e-01	4.702213e+00
8.053333e+01	-2.161713e-01	4.702521e+00
8.056667e+01	-2.164736e-01	4.700708e+00
8.060000e+01	-2.167413e-01	4.699102e+00
8.063333e+01	-2.166008e-01	4.699944e+00
8.066667e+01	-2.152997e-01	4.707751e+00
8.070000e+01	-2.117579e-01	4.728999e+00
8.073333e+01	-2.060498e-01	4.763245e+00
8.076667e+01	-2.003173e-01	4.797636e+00
8.080000e+01	-1.970240e-01	4.817394e+00
8.083333e+01	-1.965802e-01	4.820057e+00
8.086667e+01	-1.973120e-01	4.815666e+00
8.090000e+01	-1.973544e-01	4.815412e+00
8.093333e+01	-1.961295e-01	4.822761e+00
8.096667e+01	-1.942715e-01	4.833908e+00
81	-1.926352e-01	4.843725e+00
8.103333e+01	-1.915385e-01	4.850304e+00
8.106667e+01	-1.907410e-01	4.855089e+00
8.110000e+01	-1.898685e-01	4.860323e+00
8.113333e+01	-1.887645e-01	4.866947e+00
8.116667e+01	-1.875211e-01	4.874406e+00
8.120000e+01	-1.863014e-01	4.881723e+00
8.123333e+01	-1.851929e-01	4.888374e+00
8.126667e+01	-1.842273e-01	4.894167e+00
8.130000e+01	-1.834833e-01	4.898631e+00
8.133333e+01	-1.830752e-01	4.901079e+00
8.136667e+01	-1.830171e-01	4.901428e+00
8.140000e+01	-1.831619e-01	4.900559e+00
8.143333e+01	-1.834855e-01	4.898617e+00
8.146667e+01	-1.846993e-01	4.891335e+00
8.150000e+01	-1.880699e-01	4.871114e+00
8.153333e+01	-1.936826e-01	4.837440e+00
8.156667e+01	-1.993578e-01	4.803393e+00
8.160000e+01	-2.024069e-01	4.785100e+00
8.163333e+01	-2.021934e-01	4.786381e+00
8.166667e+01	-2.005506e-01	4.796237e+00
0	0	0
0	0	0
0	0	0
