0	-5.340882e-03	5.699299e+00
3.333333e-02	-5.061623e-03	5.700899e+00
6.666667e-02	-5.024137e-03	5.701114e+00
1.000000e-01	-5.155855e-03	5.700359e+00
1.333333e-01	-5.281379e-03	5.699640e+00
1.666667e-01	-5.304286e-03	5.699508e+00
2.000000e-01	-5.249831e-03	5.699820e+00
2.333333e-01	-5.193640e-03	5.700142e+00
2.666667e-01	-5.180775e-03	5.700216e+00
3.000000e-01	-5.017890e-03	5.701149e+00
3.333333e-01	-3.812286e-03	5.708057e+00
3.666667e-01	-2.367459e-04	5.728545e+00
4.000000e-01	5.713349e-03	5.762638e+00
4.333333e-01	1.168663e-02	5.796865e+00
4.666667e-01	1.486155e-02	5.815057e+00
5.000000e-01	1.460633e-02	5.813594e+00
5.333333e-01	1.268613e-02	5.802592e+00
5.666667e-01	1.127669e-02	5.794516e+00
6.000000e-01	1.123228e-02	5.794261e+00
6.333333e-01	1.199514e-02	5.798632e+00
6.666667e-01	1.262056e-02	5.802216e+00
7.000000e-01	1.267494e-02	5.802528e+00
7.333333e-01	1.235790e-02	5.800711e+00
7.666667e-01	1.207689e-02	5.799101e+00
8.000000e-01	1.203845e-02	5.798881e+00
8.333333e-01	1.217042e-02	5.799637e+00
8.666667e-01	1.229670e-02	5.800360e+00
9.000000e-01	1.232005e-02	5.800494e+00
9.333333e-01	1.226552e-02	5.800182e+00
9.666667e-01	1.220900e-02	5.799858e+00
1	1.219593e-02	5.799783e+00
1.033333e+00	1.221827e-02	5.799911e+00
1.066667e+00	1.227194e-02	5.800218e+00
1.100000e+00	1.249671e-02	5.801506e+00
1.133333e+00	1.325661e-02	5.805861e+00
1.166667e+00	1.492841e-02	5.815440e+00
1.200000e+00	1.752506e-02	5.830318e+00
1.233333e+00	2.061683e-02	5.848034e+00
1.266667e+00	2.367118e-02	5.865535e+00
1.300000e+00	2.642774e-02	5.881330e+00
1.333333e+00	2.896450e-02	5.895865e+00
1.366667e+00	3.149348e-02	5.910356e+00
1.400000e+00	3.414077e-02	5.925525e+00
1.433333e+00	3.688559e-02	5.941252e+00
1.466667e+00	3.963926e-02	5.957030e+00
1.500000e+00	4.250048e-02	5.973425e+00
1.533333e+00	4.617400e-02	5.994474e+00
1.566667e+00	5.164199e-02	6.025805e+00
1.600000e+00	5.857507e-02	6.065531e+00
1.633333e+00	6.463170e-02	6.100235e+00
1.666667e+00	6.741336e-02	6.116173e+00
1.700000e+00	6.680229e-02	6.112672e+00
1.733333e+00	6.481337e-02	6.101276e+00
1.766667e+00	6.354658e-02	6.094017e+00
1.800000e+00	6.365212e-02	6.094622e+00
1.833333e+00	6.445110e-02	6.099200e+00
1.866667e+00	6.501894e-02	6.102454e+00
1.900000e+00	6.500731e-02	6.102387e+00
1.933333e+00	6.467153e-02	6.100463e+00
1.966667e+00	6.441388e-02	6.098987e+00
2	6.440466e-02	6.098934e+00
2.033333e+00	6.454619e-02	6.099745e+00
2.066667e+00	6.466312e-02	6.100415e+00
2.100000e+00	6.467358e-02	6.100475e+00
2.133333e+00	6.461427e-02	6.100135e+00
2.166667e+00	6.456144e-02	6.099832e+00
2.200000e+00	6.455403e-02	6.099790e+00
2.233333e+00	6.457871e-02	6.099931e+00
2.266667e+00	6.460246e-02	6.100067e+00
2.300000e+00	6.460694e-02	6.100093e+00
2.333333e+00	6.461099e-02	6.100116e+00
2.366667e+00	6.470928e-02	6.100679e+00
2.400000e+00	6.507702e-02	6.102786e+00
2.433333e+00	6.581376e-02	6.107008e+00
2.466667e+00	6.674837e-02	6.112363e+00
2.500000e+00	6.756119e-02	6.117020e+00
2.533333e+00	6.816858e-02	6.120501e+00
2.566667e+00	6.884128e-02	6.124355e+00
2.600000e+00	6.988510e-02	6.130336e+00
2.633333e+00	7.131804e-02	6.138547e+00
2.666667e+00	7.289866e-02	6.147604e+00
2.700000e+00	7.438294e-02	6.156108e+00
2.733333e+00	7.570404e-02	6.163678e+00
2.766667e+00	7.694912e-02	6.170812e+00
2.800000e+00	7.822714e-02	6.178135e+00
2.833333e+00	7.956057e-02	6.185776e+00
2.866667e+00	8.102055e-02	6.194141e+00
2.900000e+00	8.323865e-02	6.206851e+00
2.933333e+00	8.732148e-02	6.230245e+00
2.966667e+00	9.328744e-02	6.264429e+00
3	9.903459e-02	6.297360e+00
3.033333e+00	1.020232e-01	6.314485e+00
3.066667e+00	1.017441e-01	6.312885e+00
3.100000e+00	9.990831e-02	6.302366e+00
3.133333e+00	9.857812e-02	6.294744e+00
3.166667e+00	9.836238e-02	6.293508e+00
3.200000e+00	9.786004e-02	6.290630e+00
3.233333e+00	9.486793e-02	6.273485e+00
3.266667e+00	8.878835e-02	6.238650e+00
3.300000e+00	8.129270e-02	6.195701e+00
3.333333e+00	7.427356e-02	6.155482e+00
3.366667e+00	6.854981e-02	6.122685e+00
3.400000e+00	6.462912e-02	6.100220e+00
3.433333e+00	6.298471e-02	6.090798e+00
3.466667e+00	6.330337e-02	6.092623e+00
3.500000e+00	6.422054e-02	6.097879e+00
3.533333e+00	6.371957e-02	6.095008e+00
3.566667e+00	6.011610e-02	6.074361e+00
3.600000e+00	5.375187e-02	6.037894e+00
3.633333e+00	4.746956e-02	6.001897e+00
3.666667e+00	4.428830e-02	5.983669e+00
3.700000e+00	4.471573e-02	5.986118e+00
3.733333e+00	4.677496e-02	5.997917e+00
3.766667e+00	4.819453e-02	6.006051e+00
3.800000e+00	4.816668e-02	6.005892e+00
3.833333e+00	4.734098e-02	6.001161e+00
3.866667e+00	4.670777e-02	5.997532e+00
3.900000e+00	4.668354e-02	5.997394e+00
3.933333e+00	4.702887e-02	5.999372e+00
3.966667e+00	4.731477e-02	6.001010e+00
4	4.752594e-02	6.002220e+00
4.033333e+00	4.861193e-02	6.008443e+00
4.066667e+00	5.206526e-02	6.028230e+00
4.100000e+00	5.798807e-02	6.062167e+00
4.133333e+00	6.401043e-02	6.096675e+00
4.166667e+00	6.723984e-02	6.115179e+00
4.200000e+00	6.699924e-02	6.113800e+00
4.233333e+00	6.505910e-02	6.102684e+00
4.266667e+00	6.362548e-02	6.094469e+00
4.300000e+00	6.357351e-02	6.094171e+00
4.333333e+00	6.434439e-02	6.098588e+00
4.366667e+00	6.498049e-02	6.102233e+00
4.400000e+00	6.485347e-02	6.101505e+00
4.433333e+00	6.330261e-02	6.092619e+00
4.466667e+00	5.943450e-02	6.070455e+00
4.500000e+00	5.345315e-02	6.036183e+00
4.533333e+00	4.762419e-02	6.002783e+00
4.566667e+00	4.458113e-02	5.985347e+00
4.600000e+00	4.485698e-02	5.986928e+00
4.633333e+00	4.671727e-02	5.997587e+00
4.666667e+00	4.806752e-02	6.005324e+00
4.700000e+00	4.809986e-02	6.005509e+00
4.733333e+00	4.736167e-02	6.001279e+00
4.766667e+00	4.676269e-02	5.997847e+00
4.800000e+00	4.671491e-02	5.997573e+00
4.833333e+00	4.702189e-02	5.999332e+00
4.866667e+00	4.729114e-02	6.000875e+00
4.900000e+00	4.732612e-02	6.001075e+00
4.933333e+00	4.719822e-02	6.000343e+00
4.966667e+00	4.707714e-02	5.999649e+00
5	4.705554e-02	5.999525e+00
5.033333e+00	4.710846e-02	5.999828e+00
5.066667e+00	4.716268e-02	6.000139e+00
5.100000e+00	4.717488e-02	6.000209e+00
5.133333e+00	4.715318e-02	6.000084e+00
5.166667e+00	4.712901e-02	5.999946e+00
5.200000e+00	4.712248e-02	5.999909e+00
5.233333e+00	4.713130e-02	5.999959e+00
5.266667e+00	4.714202e-02	6.000021e+00
5.300000e+00	4.714970e-02	6.000065e+00
5.333333e+00	4.717908e-02	6.000233e+00
5.366667e+00	4.729058e-02	6.000872e+00
5.400000e+00	4.754329e-02	6.002320e+00
5.433333e+00	4.793775e-02	6.004580e+00
5.466667e+00	4.840665e-02	6.007267e+00
5.500000e+00	4.886844e-02	6.009913e+00
5.533333e+00	4.928431e-02	6.012296e+00
5.566667e+00	4.966708e-02	6.014489e+00
5.600000e+00	5.004929e-02	6.016679e+00
5.633333e+00	5.044980e-02	6.018974e+00
5.666667e+00	5.086503e-02	6.021353e+00
5.700000e+00	5.128133e-02	6.023738e+00
5.733333e+00	5.169001e-02	6.026080e+00
5.766667e+00	5.209207e-02	6.028384e+00
5.800000e+00	5.249331e-02	6.030683e+00
5.833333e+00	5.289773e-02	6.033000e+00
5.866667e+00	5.330513e-02	6.035335e+00
5.900000e+00	5.371304e-02	6.037672e+00
5.933333e+00	5.411964e-02	6.040002e+00
5.966667e+00	5.452490e-02	6.042324e+00
6	5.492987e-02	6.044644e+00
6.033333e+00	5.533538e-02	6.046968e+00
6.066667e+00	5.574148e-02	6.049295e+00
6.100000e+00	5.614774e-02	6.051622e+00
6.133333e+00	5.655378e-02	6.053949e+00
6.166667e+00	5.695956e-02	6.056274e+00
6.200000e+00	5.736526e-02	6.058599e+00
6.233333e+00	5.777104e-02	6.060924e+00
6.266667e+00	5.817694e-02	6.063250e+00
6.300000e+00	5.858288e-02	6.065576e+00
6.333333e+00	5.898879e-02	6.067901e+00
6.366667e+00	5.939465e-02	6.070227e+00
6.400000e+00	5.980048e-02	6.072552e+00
6.433333e+00	6.020633e-02	6.074878e+00
6.466667e+00	6.061220e-02	6.077203e+00
6.500000e+00	6.101809e-02	6.079529e+00
6.533333e+00	6.142396e-02	6.081855e+00
6.566667e+00	6.182983e-02	6.084180e+00
6.600000e+00	6.223569e-02	6.086506e+00
6.633333e+00	6.264155e-02	6.088831e+00
6.666667e+00	6.304311e-02	6.091132e+00
6.700000e+00	6.342036e-02	6.093294e+00
6.733333e+00	6.374292e-02	6.095142e+00
6.766667e+00	6.400632e-02	6.096651e+00
6.800000e+00	6.424060e-02	6.097994e+00
6.833333e+00	6.445648e-02	6.099231e+00
6.866667e+00	6.461380e-02	6.100132e+00
6.900000e+00	6.467115e-02	6.100461e+00
6.933333e+00	6.464294e-02	6.100299e+00
6.966667e+00	6.458892e-02	6.099990e+00
7	6.456068e-02	6.099828e+00
7.033333e+00	6.456834e-02	6.099872e+00
7.066667e+00	6.459031e-02	6.099998e+00
7.100000e+00	6.441802e-02	6.099010e+00
7.133333e+00	6.318494e-02	6.091945e+00
7.166667e+00	5.959320e-02	6.071365e+00
7.200000e+00	5.364622e-02	6.037289e+00
7.233333e+00	4.768475e-02	6.003130e+00
7.266667e+00	4.451734e-02	5.984981e+00
7.300000e+00	4.477168e-02	5.986439e+00
7.333333e+00	4.668682e-02	5.997412e+00
7.366667e+00	4.809279e-02	6.005468e+00
7.400000e+00	4.813739e-02	6.005724e+00
7.433333e+00	4.737667e-02	6.001365e+00
7.466667e+00	4.675284e-02	5.997791e+00
7.500000e+00	4.669848e-02	5.997479e+00
7.533333e+00	4.701461e-02	5.999291e+00
7.566667e+00	4.729489e-02	6.000896e+00
7.600000e+00	4.733329e-02	6.001117e+00
7.633333e+00	4.720170e-02	6.000362e+00
7.666667e+00	4.707575e-02	5.999641e+00
7.700000e+00	4.705243e-02	5.999507e+00
7.733333e+00	4.710681e-02	5.999819e+00
7.766667e+00	4.716318e-02	6.000142e+00
7.800000e+00	4.716500e-02	6.000152e+00
7.833333e+00	4.705692e-02	5.999533e+00
7.866667e+00	4.672889e-02	5.997653e+00
7.900000e+00	4.605896e-02	5.993815e+00
7.933333e+00	4.504366e-02	5.987997e+00
7.966667e+00	4.383826e-02	5.981090e+00
8	4.264054e-02	5.974227e+00
8.033333e+00	4.155171e-02	5.967989e+00
8.066667e+00	4.054689e-02	5.962231e+00
8.100000e+00	3.954799e-02	5.956507e+00
8.133333e+00	3.850620e-02	5.950538e+00
8.166667e+00	3.742729e-02	5.944356e+00
8.200000e+00	3.634376e-02	5.938148e+00
8.233333e+00	3.527796e-02	5.932041e+00
8.266667e+00	3.422878e-02	5.926029e+00
8.300000e+00	3.318245e-02	5.920034e+00
8.333333e+00	3.212880e-02	5.913996e+00
8.366667e+00	3.106770e-02	5.907916e+00
8.400000e+00	3.000497e-02	5.901827e+00
8.433333e+00	2.894525e-02	5.895755e+00
8.466667e+00	2.788886e-02	5.889702e+00
8.500000e+00	2.683334e-02	5.883654e+00
8.533333e+00	2.577659e-02	5.877599e+00
8.566667e+00	2.471837e-02	5.871535e+00
8.600000e+00	2.365970e-02	5.865469e+00
8.633333e+00	2.260152e-02	5.859406e+00
8.666667e+00	2.154399e-02	5.853346e+00
8.700000e+00	2.048669e-02	5.847288e+00
8.733333e+00	1.942919e-02	5.841229e+00
8.766667e+00	1.837141e-02	5.835168e+00
8.800000e+00	1.731352e-02	5.829106e+00
8.833333e+00	1.625570e-02	5.823045e+00
8.866667e+00	1.520923e-02	5.817049e+00
8.900000e+00	1.423740e-02	5.811480e+00
8.933333e+00	1.365663e-02	5.808153e+00
8.966667e+00	1.441796e-02	5.812515e+00
9	1.774982e-02	5.831606e+00
9.033333e+00	2.348960e-02	5.864494e+00
9.066667e+00	2.923400e-02	5.897409e+00
9.100000e+00	3.224070e-02	5.914637e+00
9.133333e+00	3.194654e-02	5.912952e+00
9.166667e+00	3.008673e-02	5.902295e+00
9.200000e+00	2.874988e-02	5.894635e+00
9.233333e+00	2.873016e-02	5.894522e+00
9.266667e+00	2.928624e-02	5.897709e+00
9.300000e+00	2.864983e-02	5.894062e+00
9.333333e+00	2.510957e-02	5.873777e+00
9.366667e+00	1.885977e-02	5.837966e+00
9.400000e+00	1.263017e-02	5.802271e+00
9.433333e+00	9.426257e-03	5.783913e+00
9.466667e+00	9.806657e-03	5.786093e+00
9.500000e+00	1.184230e-02	5.797757e+00
9.533333e+00	1.327049e-02	5.805940e+00
9.566667e+00	1.326298e-02	5.805897e+00
9.600000e+00	1.244833e-02	5.801229e+00
9.633333e+00	1.181206e-02	5.797583e+00
9.666667e+00	1.177904e-02	5.797394e+00
9.700000e+00	1.211920e-02	5.799343e+00
9.733333e+00	1.240611e-02	5.800987e+00
9.766667e+00	1.243584e-02	5.801158e+00
9.800000e+00	1.247880e-02	5.801404e+00
9.833333e+00	1.358009e-02	5.807714e+00
9.866667e+00	1.714264e-02	5.828127e+00
9.900000e+00	2.314276e-02	5.862507e+00
9.933333e+00	2.916301e-02	5.897003e+00
9.966667e+00	3.234608e-02	5.915241e+00
10	3.207014e-02	5.913660e+00
1.003333e+01	3.012890e-02	5.902537e+00
1.006667e+01	2.871483e-02	5.894435e+00
1.010000e+01	2.867892e-02	5.894229e+00
1.013333e+01	2.945116e-02	5.898654e+00
1.016667e+01	3.007908e-02	5.902252e+00
1.020000e+01	3.031520e-02	5.903605e+00
1.023333e+01	3.122463e-02	5.908815e+00
1.026667e+01	3.452473e-02	5.927725e+00
1.030000e+01	4.042872e-02	5.961554e+00
1.033333e+01	4.652470e-02	5.996483e+00
1.036667e+01	4.982303e-02	6.015382e+00
1.040000e+01	4.959424e-02	6.014072e+00
1.043333e+01	4.762360e-02	6.002780e+00
1.046667e+01	4.615910e-02	5.994388e+00
1.050000e+01	4.610039e-02	5.994052e+00
1.053333e+01	4.688379e-02	5.998541e+00
1.056667e+01	4.753367e-02	6.002265e+00
1.060000e+01	4.759548e-02	6.002619e+00
1.063333e+01	4.727017e-02	6.000755e+00
1.066667e+01	4.697834e-02	5.999083e+00
1.070000e+01	4.693614e-02	5.998841e+00
1.073333e+01	4.707140e-02	5.999616e+00
1.076667e+01	4.720245e-02	6.000367e+00
1.080000e+01	4.722766e-02	6.000511e+00
1.083333e+01	4.717183e-02	6.000191e+00
1.086667e+01	4.711323e-02	5.999856e+00
1.090000e+01	4.709926e-02	5.999776e+00
1.093333e+01	4.712209e-02	5.999906e+00
1.096667e+01	4.714818e-02	6.000056e+00
11	4.715556e-02	6.000098e+00
1.103333e+01	4.714632e-02	6.000045e+00
1.106667e+01	4.713476e-02	5.999979e+00
1.110000e+01	4.713098e-02	5.999957e+00
1.113333e+01	4.713468e-02	5.999978e+00
1.116667e+01	4.713978e-02	6.000008e+00
1.120000e+01	4.714167e-02	6.000019e+00
1.123333e+01	4.714021e-02	6.000010e+00
1.126667e+01	4.713797e-02	5.999997e+00
1.130000e+01	4.713704e-02	5.999992e+00
1.133333e+01	4.713761e-02	5.999995e+00
1.136667e+01	4.713859e-02	6.000001e+00
1.140000e+01	4.713903e-02	6.000003e+00
1.143333e+01	4.713882e-02	6.000002e+00
1.146667e+01	4.713839e-02	6.000000e+00
1.150000e+01	4.709544e-02	5.999754e+00
1.153333e+01	4.676879e-02	5.997882e+00
1.156667e+01	4.561553e-02	5.991274e+00
1.160000e+01	4.309118e-02	5.976810e+00
1.163333e+01	3.919082e-02	5.954461e+00
1.166667e+01	3.455854e-02	5.927918e+00
1.170000e+01	2.998436e-02	5.901709e+00
1.173333e+01	2.585222e-02	5.878032e+00
1.176667e+01	2.204496e-02	5.856217e+00
1.180000e+01	1.824826e-02	5.834462e+00
1.183333e+01	1.427599e-02	5.811701e+00
1.186667e+01	1.020232e-02	5.788360e+00
1.190000e+01	6.357238e-03	5.766328e+00
1.193333e+01	3.127822e-03	5.747824e+00
1.196667e+01	5.502017e-04	5.733054e+00
12	-1.544426e-03	5.721052e+00
1.203333e+01	-2.441297e-03	5.715913e+00
1.206667e+01	-4.344207e-04	5.727412e+00
1.210000e+01	4.917645e-03	5.758079e+00
1.213333e+01	1.096719e-02	5.792742e+00
1.216667e+01	1.344975e-02	5.806967e+00
1.220000e+01	9.904721e-03	5.786654e+00
1.223333e+01	1.975952e-03	5.741223e+00
1.226667e+01	-5.614154e-03	5.697733e+00
1.230000e+01	-8.963358e-03	5.678542e+00
1.233333e+01	-7.928605e-03	5.684471e+00
1.236667e+01	-5.295230e-03	5.699560e+00
1.240000e+01	-3.771935e-03	5.708289e+00
1.243333e+01	-4.048343e-03	5.706705e+00
1.246667e+01	-5.129534e-03	5.700510e+00
1.250000e+01	-5.820648e-03	5.696550e+00
1.253333e+01	-5.742981e-03	5.696995e+00
1.256667e+01	-5.283858e-03	5.699625e+00
1.260000e+01	-4.967076e-03	5.701441e+00
1.263333e+01	-4.982500e-03	5.701352e+00
1.266667e+01	-5.177636e-03	5.700234e+00
1.270000e+01	-5.322619e-03	5.699403e+00
1.273333e+01	-5.324234e-03	5.699394e+00
1.276667e+01	-5.056539e-03	5.700928e+00
1.280000e+01	-3.759889e-03	5.708358e+00
1.283333e+01	-1.730797e-04	5.728910e+00
1.286667e+01	5.733301e-03	5.762753e+00
1.290000e+01	1.166558e-02	5.796744e+00
1.293333e+01	1.483342e-02	5.814895e+00
1.296667e+01	1.459629e-02	5.813537e+00
13	1.250927e-02	5.801578e+00
1.303333e+01	9.873223e-03	5.786474e+00
1.306667e+01	6.238980e-03	5.765650e+00
1.310000e+01	1.052609e-03	5.735933e+00
1.313333e+01	-4.286308e-03	5.705341e+00
1.316667e+01	-7.400307e-03	5.687498e+00
1.320000e+01	-7.462119e-03	5.687144e+00
1.323333e+01	-5.826711e-03	5.696515e+00
1.326667e+01	-4.458702e-03	5.704353e+00
1.330000e+01	-4.282486e-03	5.705363e+00
1.333333e+01	-4.917479e-03	5.701725e+00
1.336667e+01	-5.518194e-03	5.698283e+00
1.340000e+01	-5.626961e-03	5.697659e+00
1.343333e+01	-5.367095e-03	5.699148e+00
1.346667e+01	-5.099772e-03	5.700680e+00
1.350000e+01	-5.039086e-03	5.701028e+00
1.353333e+01	-5.145607e-03	5.700418e+00
1.356667e+01	-5.264658e-03	5.699735e+00
1.360000e+01	-5.297015e-03	5.699550e+00
1.363333e+01	-5.253757e-03	5.699798e+00
1.366667e+01	-5.200938e-03	5.700101e+00
1.370000e+01	-5.184264e-03	5.700196e+00
1.373333e+01	-5.201628e-03	5.700097e+00
1.376667e+01	-5.410162e-03	5.698902e+00
1.380000e+01	-6.649177e-03	5.691802e+00
1.383333e+01	-1.022470e-02	5.671315e+00
1.386667e+01	-1.615548e-02	5.637332e+00
1.390000e+01	-2.211353e-02	5.603193e+00
1.393333e+01	-2.528760e-02	5.585006e+00
1.396667e+01	-2.504050e-02	5.586422e+00
14	-2.312721e-02	5.597385e+00
1.403333e+01	-2.171852e-02	5.605456e+00
1.406667e+01	-2.167071e-02	5.605730e+00
1.410000e+01	-2.243046e-02	5.601377e+00
1.413333e+01	-2.305539e-02	5.597796e+00
1.416667e+01	-2.311118e-02	5.597477e+00
1.420000e+01	-2.279553e-02	5.599285e+00
1.423333e+01	-2.251481e-02	5.600894e+00
1.426667e+01	-2.247579e-02	5.601117e+00
1.430000e+01	-2.260714e-02	5.600365e+00
1.433333e+01	-2.273326e-02	5.599642e+00
1.436667e+01	-2.275685e-02	5.599507e+00
1.440000e+01	-2.270259e-02	5.599818e+00
1.443333e+01	-2.264615e-02	5.600141e+00
1.446667e+01	-2.263299e-02	5.600217e+00
1.450000e+01	-2.266945e-02	5.600008e+00
1.453333e+01	-2.280350e-02	5.599240e+00
1.456667e+01	-2.319497e-02	5.596997e+00
1.460000e+01	-2.402745e-02	5.592227e+00
1.463333e+01	-2.531641e-02	5.584841e+00
1.466667e+01	-2.685689e-02	5.576014e+00
1.470000e+01	-2.838521e-02	5.567257e+00
1.473333e+01	-2.976751e-02	5.559337e+00
1.476667e+01	-3.103841e-02	5.552054e+00
1.480000e+01	-3.230255e-02	5.544811e+00
1.483333e+01	-3.362448e-02	5.537236e+00
1.486667e+01	-3.499573e-02	5.529379e+00
1.490000e+01	-3.637264e-02	5.521490e+00
1.493333e+01	-3.771138e-02	5.513819e+00
1.496667e+01	-3.893336e-02	5.506817e+00
15	-3.987615e-02	5.501415e+00
1.503333e+01	-4.037186e-02	5.498575e+00
1.506667e+01	-4.041885e-02	5.498305e+00
1.510000e+01	-4.022396e-02	5.499422e+00
1.513333e+01	-4.004435e-02	5.500451e+00
1.516667e+01	-4.000765e-02	5.500662e+00
1.520000e+01	-4.007810e-02	5.500258e+00
1.523333e+01	-4.015374e-02	5.499824e+00
1.526667e+01	-4.017283e-02	5.499715e+00
1.530000e+01	-4.032967e-02	5.498816e+00
1.533333e+01	-4.152705e-02	5.491956e+00
1.536667e+01	-4.509963e-02	5.471485e+00
1.540000e+01	-5.105214e-02	5.437378e+00
1.543333e+01	-5.702902e-02	5.403131e+00
1.546667e+01	-6.020539e-02	5.384930e+00
1.550000e+01	-5.976402e-02	5.387459e+00
1.553333e+01	-5.661160e-02	5.405523e+00
1.556667e+01	-5.161907e-02	5.434129e+00
1.560000e+01	-4.563398e-02	5.468423e+00
1.563333e+01	-4.043536e-02	5.498211e+00
1.566667e+01	-3.807492e-02	5.511736e+00
1.570000e+01	-3.961140e-02	5.502932e+00
1.573333e+01	-4.460654e-02	5.474310e+00
1.576667e+01	-5.044344e-02	5.440865e+00
1.580000e+01	-5.283067e-02	5.427187e+00
1.583333e+01	-4.943242e-02	5.446658e+00
1.586667e+01	-4.272046e-02	5.485117e+00
1.590000e+01	-3.760217e-02	5.514445e+00
1.593333e+01	-3.670761e-02	5.519570e+00
1.596667e+01	-3.880108e-02	5.507575e+00
16	-4.099504e-02	5.495004e+00
1.603333e+01	-4.155625e-02	5.491788e+00
1.606667e+01	-4.074960e-02	5.496410e+00
1.610000e+01	-3.979246e-02	5.501895e+00
1.613333e+01	-3.950223e-02	5.503558e+00
1.616667e+01	-3.963972e-02	5.502770e+00
1.620000e+01	-3.883075e-02	5.507405e+00
1.623333e+01	-3.539446e-02	5.527095e+00
1.626667e+01	-2.932509e-02	5.561872e+00
1.630000e+01	-2.317731e-02	5.597098e+00
1.633333e+01	-1.993365e-02	5.615684e+00
1.636667e+01	-2.005028e-02	5.615015e+00
1.640000e+01	-2.081631e-02	5.610626e+00
1.643333e+01	-1.867675e-02	5.622885e+00
1.646667e+01	-1.276229e-02	5.656775e+00
1.650000e+01	-6.003891e-03	5.695500e+00
1.653333e+01	-2.005849e-03	5.718408e+00
1.656667e+01	-9.790654e-04	5.724291e+00
1.660000e+01	7.269084e-04	5.734067e+00
1.663333e+01	7.432961e-03	5.772492e+00
1.666667e+01	2.047802e-02	5.847238e+00
1.670000e+01	3.643044e-02	5.938644e+00
1.673333e+01	4.904278e-02	6.010912e+00
1.676667e+01	5.477842e-02	6.043776e+00
1.680000e+01	5.607662e-02	6.051215e+00
1.683333e+01	5.780247e-02	6.061104e+00
1.686667e+01	6.165853e-02	6.083199e+00
1.690000e+01	6.551783e-02	6.105312e+00
1.693333e+01	6.680940e-02	6.112713e+00
1.696667e+01	6.462680e-02	6.100207e+00
17	5.940211e-02	6.070270e+00
1.703333e+01	5.267643e-02	6.031732e+00
1.706667e+01	4.684349e-02	5.998310e+00
1.710000e+01	4.314087e-02	5.977094e+00
1.713333e+01	4.018178e-02	5.960139e+00
1.716667e+01	3.604648e-02	5.936444e+00
1.720000e+01	3.119129e-02	5.908624e+00
1.723333e+01	2.789189e-02	5.889719e+00
1.726667e+01	2.741930e-02	5.887011e+00
1.730000e+01	2.883926e-02	5.895148e+00
1.733333e+01	3.027281e-02	5.903362e+00
1.736667e+01	3.062386e-02	5.905373e+00
1.740000e+01	3.008845e-02	5.902305e+00
1.743333e+01	2.946523e-02	5.898734e+00
1.746667e+01	2.928124e-02	5.897680e+00
1.750000e+01	2.949480e-02	5.898904e+00
1.753333e+01	2.976907e-02	5.900475e+00
1.756667e+01	2.986200e-02	5.901008e+00
1.760000e+01	2.977689e-02	5.900520e+00
1.763333e+01	2.965610e-02	5.899828e+00
1.766667e+01	2.961001e-02	5.899564e+00
1.770000e+01	2.964343e-02	5.899755e+00
1.773333e+01	2.969642e-02	5.900059e+00
1.776667e+01	2.990412e-02	5.901249e+00
1.780000e+01	3.112189e-02	5.908227e+00
1.783333e+01	3.468114e-02	5.928621e+00
1.786667e+01	4.061135e-02	5.962600e+00
1.790000e+01	4.657836e-02	5.996791e+00
1.793333e+01	4.975982e-02	6.015020e+00
1.796667e+01	4.951338e-02	6.013608e+00
18	4.778154e-02	6.003685e+00
1.803333e+01	4.760015e-02	6.002646e+00
1.806667e+01	5.113427e-02	6.022896e+00
1.810000e+01	5.783662e-02	6.061300e+00
1.813333e+01	6.442522e-02	6.099052e+00
1.816667e+01	6.765269e-02	6.117545e+00
1.820000e+01	6.689960e-02	6.113230e+00
1.823333e+01	6.347228e-02	6.093591e+00
1.826667e+01	5.844303e-02	6.064774e+00
1.830000e+01	5.258776e-02	6.031224e+00
1.833333e+01	4.751271e-02	6.002145e+00
1.836667e+01	4.498954e-02	5.987687e+00
1.840000e+01	4.524170e-02	5.989132e+00
1.843333e+01	4.678433e-02	5.997971e+00
1.846667e+01	4.789820e-02	6.004353e+00
1.850000e+01	4.792766e-02	6.004522e+00
1.853333e+01	4.732371e-02	6.001062e+00
1.856667e+01	4.683224e-02	5.998246e+00
1.860000e+01	4.679172e-02	5.998013e+00
1.863333e+01	4.704229e-02	5.999449e+00
1.866667e+01	4.726285e-02	6.000713e+00
1.870000e+01	4.729202e-02	6.000880e+00
1.873333e+01	4.718766e-02	6.000282e+00
1.876667e+01	4.708851e-02	5.999714e+00
1.880000e+01	4.725582e-02	6.000673e+00
1.883333e+01	4.852962e-02	6.007971e+00
1.886667e+01	5.215641e-02	6.028753e+00
1.890000e+01	5.810753e-02	6.062852e+00
1.893333e+01	6.386680e-02	6.095852e+00
1.896667e+01	6.578777e-02	6.106859e+00
19	6.194840e-02	6.084860e+00
1.903333e+01	5.409925e-02	6.039885e+00
1.906667e+01	4.673819e-02	5.997707e+00
1.910000e+01	4.352372e-02	5.979288e+00
1.913333e+01	4.453314e-02	5.985072e+00
1.916667e+01	4.706910e-02	5.999603e+00
1.920000e+01	4.853031e-02	6.007975e+00
1.923333e+01	4.826120e-02	6.006433e+00
1.926667e+01	4.722162e-02	6.000477e+00
1.930000e+01	4.655910e-02	5.996680e+00
1.933333e+01	4.663528e-02	5.997117e+00
1.936667e+01	4.707671e-02	5.999646e+00
1.940000e+01	4.738039e-02	6.001386e+00
1.943333e+01	4.736486e-02	6.001297e+00
1.946667e+01	4.717720e-02	6.000222e+00
1.950000e+01	4.703819e-02	5.999426e+00
1.953333e+01	4.703695e-02	5.999419e+00
1.956667e+01	4.711630e-02	5.999873e+00
1.960000e+01	4.717961e-02	6.000236e+00
1.963333e+01	4.718370e-02	6.000259e+00
1.966667e+01	4.715036e-02	6.000068e+00
1.970000e+01	4.712169e-02	5.999904e+00
1.973333e+01	4.711833e-02	5.999885e+00
1.976667e+01	4.713225e-02	5.999965e+00
1.980000e+01	4.714517e-02	6.000039e+00
1.983333e+01	4.714732e-02	6.000051e+00
1.986667e+01	4.714155e-02	6.000018e+00
1.990000e+01	4.713576e-02	5.999985e+00
1.993333e+01	4.713452e-02	5.999978e+00
1.996667e+01	4.713690e-02	5.999991e+00
20	4.713948e-02	6.000006e+00
2.003333e+01	4.714015e-02	6.000010e+00
2.006667e+01	4.713918e-02	6.000004e+00
2.010000e+01	4.713804e-02	5.999998e+00
2.013333e+01	4.713769e-02	5.999996e+00
2.016667e+01	4.713808e-02	5.999998e+00
2.020000e+01	4.713858e-02	6.000001e+00
2.023333e+01	4.713876e-02	6.000002e+00
2.026667e+01	4.713861e-02	6.000001e+00
2.030000e+01	4.713838e-02	6.000000e+00
2.033333e+01	4.713829e-02	5.999999e+00
2.036667e+01	4.713836e-02	6.000000e+00
2.040000e+01	4.713845e-02	6.000000e+00
2.043333e+01	4.713850e-02	6.000000e+00
2.046667e+01	4.713847e-02	6.000000e+00
2.050000e+01	4.713843e-02	6.000000e+00
2.053333e+01	4.713841e-02	6.000000e+00
2.056667e+01	4.713842e-02	6.000000e+00
2.060000e+01	4.695323e-02	5.998939e+00
2.063333e+01	4.572260e-02	5.991887e+00
2.066667e+01	4.214020e-02	5.971361e+00
2.070000e+01	3.619915e-02	5.937319e+00
2.073333e+01	3.017999e-02	5.902830e+00
2.076667e+01	2.657295e-02	5.882162e+00
2.080000e+01	2.528663e-02	5.874791e+00
2.083333e+01	2.383599e-02	5.866479e+00
2.086667e+01	2.004321e-02	5.844747e+00
2.090000e+01	1.391280e-02	5.809620e+00
2.093333e+01	7.053244e-03	5.770316e+00
2.096667e+01	9.191651e-04	5.735168e+00
21	-4.212171e-03	5.705766e+00
2.103333e+01	-8.958361e-03	5.678571e+00
2.106667e+01	-1.397413e-02	5.649831e+00
2.110000e+01	-1.942400e-02	5.618604e+00
2.113333e+01	-2.506099e-02	5.586304e+00
2.116667e+01	-3.053825e-02	5.554920e+00
2.120000e+01	-3.544787e-02	5.526789e+00
2.123333e+01	-3.898032e-02	5.506548e+00
2.126667e+01	-3.967775e-02	5.502552e+00
2.130000e+01	-3.627101e-02	5.522072e+00
2.133333e+01	-2.957240e-02	5.560454e+00
2.136667e+01	-2.291621e-02	5.598594e+00
2.140000e+01	-1.960458e-02	5.617569e+00
2.143333e+01	-2.012906e-02	5.614564e+00
2.146667e+01	-2.252127e-02	5.600857e+00
2.150000e+01	-2.541774e-02	5.584260e+00
2.153333e+01	-3.016675e-02	5.557049e+00
2.156667e+01	-3.880123e-02	5.507574e+00
2.160000e+01	-5.004234e-02	5.443164e+00
2.163333e+01	-5.916543e-02	5.390889e+00
2.166667e+01	-6.245807e-02	5.372023e+00
2.170000e+01	-6.059082e-02	5.382722e+00
2.173333e+01	-5.728876e-02	5.401642e+00
2.176667e+01	-5.549347e-02	5.411929e+00
2.180000e+01	-5.484213e-02	5.415661e+00
2.183333e+01	-5.262854e-02	5.428345e+00
2.186667e+01	-4.743232e-02	5.458119e+00
2.190000e+01	-4.127004e-02	5.493428e+00
2.193333e+01	-3.751236e-02	5.514959e+00
2.196667e+01	-3.741766e-02	5.515502e+00
22	-3.939849e-02	5.504152e+00
2.203333e+01	-4.105785e-02	5.494644e+00
2.206667e+01	-4.126432e-02	5.493461e+00
2.210000e+01	-4.048490e-02	5.497927e+00
2.213333e+01	-3.975278e-02	5.502122e+00
2.216667e+01	-3.962380e-02	5.502861e+00
2.220000e+01	-3.994364e-02	5.501028e+00
2.223333e+01	-4.026996e-02	5.499159e+00
2.226667e+01	-4.034253e-02	5.498743e+00
2.230000e+01	-4.021130e-02	5.499495e+00
2.233333e+01	-4.006589e-02	5.500328e+00
2.236667e+01	-4.002701e-02	5.500551e+00
2.240000e+01	-4.008036e-02	5.500245e+00
2.243333e+01	-4.014490e-02	5.499875e+00
2.246667e+01	-4.016499e-02	5.499760e+00
2.250000e+01	-4.014355e-02	5.499883e+00
2.253333e+01	-4.011503e-02	5.500046e+00
2.256667e+01	-4.010492e-02	5.500104e+00
2.260000e+01	-4.011342e-02	5.500055e+00
2.263333e+01	-4.012597e-02	5.499984e+00
2.266667e+01	-4.013096e-02	5.499955e+00
2.270000e+01	-4.012764e-02	5.499974e+00
2.273333e+01	-4.012214e-02	5.500005e+00
2.276667e+01	-4.011972e-02	5.500019e+00
2.280000e+01	-4.012099e-02	5.500012e+00
2.283333e+01	-4.012339e-02	5.499998e+00
2.286667e+01	-4.012455e-02	5.499992e+00
2.290000e+01	-4.012408e-02	5.499994e+00
2.293333e+01	-4.012304e-02	5.500000e+00
2.296667e+01	-4.012249e-02	5.500004e+00
23	-4.012265e-02	5.500003e+00
2.303333e+01	-4.012310e-02	5.500000e+00
2.306667e+01	-4.012336e-02	5.499999e+00
2.310000e+01	-4.012331e-02	5.499999e+00
2.313333e+01	-4.012311e-02	5.500000e+00
2.316667e+01	-4.012299e-02	5.500001e+00
2.320000e+01	-4.012301e-02	5.500001e+00
2.323333e+01	-4.012309e-02	5.500000e+00
2.326667e+01	-4.012315e-02	5.500000e+00
2.330000e+01	-4.012314e-02	5.500000e+00
2.333333e+01	-4.012311e-02	5.500000e+00
2.336667e+01	-4.012308e-02	5.500000e+00
2.340000e+01	-4.012308e-02	5.500000e+00
2.343333e+01	-4.012310e-02	5.500000e+00
2.346667e+01	-4.012311e-02	5.500000e+00
2.350000e+01	-4.012311e-02	5.500000e+00
2.353333e+01	-4.012310e-02	5.500000e+00
2.356667e+01	-4.012310e-02	5.500000e+00
2.360000e+01	-4.012310e-02	5.500000e+00
2.363333e+01	-4.012310e-02	5.500000e+00
2.366667e+01	-4.012310e-02	5.500000e+00
2.370000e+01	-4.012310e-02	5.500000e+00
2.373333e+01	-4.012310e-02	5.500000e+00
2.376667e+01	-3.993790e-02	5.501061e+00
2.380000e+01	-3.870726e-02	5.508113e+00
2.383333e+01	-3.512486e-02	5.528639e+00
2.386667e+01	-2.918382e-02	5.562681e+00
2.390000e+01	-2.322165e-02	5.596844e+00
2.393333e+01	-2.005025e-02	5.615015e+00
2.396667e+01	-2.030185e-02	5.613574e+00
24	-2.221714e-02	5.602599e+00
2.403333e+01	-2.362480e-02	5.594534e+00
2.406667e+01	-2.367065e-02	5.594271e+00
2.410000e+01	-2.290995e-02	5.598630e+00
2.413333e+01	-2.228540e-02	5.602208e+00
2.416667e+01	-2.223046e-02	5.602523e+00
2.420000e+01	-2.254656e-02	5.600712e+00
2.423333e+01	-2.282715e-02	5.599104e+00
2.426667e+01	-2.286580e-02	5.598883e+00
2.430000e+01	-2.273424e-02	5.599636e+00
2.433333e+01	-2.260816e-02	5.600359e+00
2.436667e+01	-2.258473e-02	5.600493e+00
2.440000e+01	-2.263909e-02	5.600182e+00
2.443333e+01	-2.269551e-02	5.599858e+00
2.446667e+01	-2.270861e-02	5.599783e+00
2.450000e+01	-2.250114e-02	5.600972e+00
2.453333e+01	-2.124537e-02	5.608168e+00
2.456667e+01	-1.765601e-02	5.628734e+00
2.460000e+01	-1.172400e-02	5.662724e+00
2.463333e+01	-5.772971e-03	5.696823e+00
2.466667e+01	-2.605149e-03	5.714974e+00
2.470000e+01	-2.853127e-03	5.713553e+00
2.473333e+01	-4.763497e-03	5.702607e+00
2.476667e+01	-6.169372e-03	5.694552e+00
2.480000e+01	-6.216653e-03	5.694281e+00
2.483333e+01	-5.643313e-03	5.697566e+00
2.486667e+01	-6.250283e-03	5.694088e+00
2.490000e+01	-9.777190e-03	5.673879e+00
2.493333e+01	-1.603338e-02	5.638032e+00
2.496667e+01	-2.227571e-02	5.602264e+00
25	-2.548598e-02	5.583869e+00
2.503333e+01	-2.510323e-02	5.586062e+00
2.506667e+01	-2.306207e-02	5.597758e+00
2.510000e+01	-2.163089e-02	5.605959e+00
2.513333e+01	-2.163922e-02	5.605911e+00
2.516667e+01	-2.245625e-02	5.601229e+00
2.520000e+01	-2.309393e-02	5.597575e+00
2.523333e+01	-2.312668e-02	5.597388e+00
2.526667e+01	-2.278549e-02	5.599343e+00
2.530000e+01	-2.249793e-02	5.600990e+00
2.533333e+01	-2.246827e-02	5.601160e+00
2.536667e+01	-2.261096e-02	5.600343e+00
2.540000e+01	-2.274061e-02	5.599600e+00
2.543333e+01	-2.276044e-02	5.599486e+00
2.546667e+01	-2.270117e-02	5.599826e+00
2.550000e+01	-2.264296e-02	5.600159e+00
2.553333e+01	-2.263129e-02	5.600226e+00
2.556667e+01	-2.265571e-02	5.600086e+00
2.560000e+01	-2.268172e-02	5.599937e+00
2.563333e+01	-2.268813e-02	5.599901e+00
2.566667e+01	-2.266391e-02	5.600039e+00
2.570000e+01	-2.254343e-02	5.600730e+00
2.573333e+01	-2.215558e-02	5.602952e+00
2.576667e+01	-2.131813e-02	5.607751e+00
2.580000e+01	-2.002314e-02	5.615171e+00
2.583333e+01	-1.848079e-02	5.624008e+00
2.586667e+01	-1.695447e-02	5.632754e+00
2.590000e+01	-1.557483e-02	5.640659e+00
2.593333e+01	-1.430488e-02	5.647936e+00
2.596667e+01	-1.303994e-02	5.655184e+00
26	-1.171684e-02	5.662765e+00
2.603333e+01	-1.034512e-02	5.670625e+00
2.606667e+01	-8.968524e-03	5.678513e+00
2.610000e+01	-7.630295e-03	5.686181e+00
2.613333e+01	-6.408547e-03	5.693181e+00
2.616667e+01	-5.465635e-03	5.698584e+00
2.620000e+01	-4.969702e-03	5.701426e+00
2.623333e+01	-4.922606e-03	5.701695e+00
2.626667e+01	-5.117533e-03	5.700578e+00
2.630000e+01	-5.297239e-03	5.699549e+00
2.633333e+01	-5.333992e-03	5.699338e+00
2.636667e+01	-5.263527e-03	5.699742e+00
2.640000e+01	-5.187846e-03	5.700176e+00
2.643333e+01	-5.168734e-03	5.700285e+00
2.646667e+01	-5.197103e-03	5.700123e+00
2.650000e+01	-5.230382e-03	5.699932e+00
2.653333e+01	-5.240207e-03	5.699876e+00
2.656667e+01	-5.228735e-03	5.699941e+00
2.660000e+01	-5.214017e-03	5.700026e+00
2.663333e+01	-5.209039e-03	5.700054e+00
2.666667e+01	-5.028414e-03	5.701089e+00
2.670000e+01	-3.804259e-03	5.708103e+00
2.673333e+01	-2.243332e-04	5.728616e+00
2.676667e+01	5.718503e-03	5.762668e+00
2.680000e+01	1.168352e-02	5.796847e+00
2.683333e+01	1.485613e-02	5.815026e+00
2.686667e+01	1.478904e-02	5.814641e+00
2.690000e+01	1.410315e-02	5.810711e+00
2.693333e+01	1.627730e-02	5.823169e+00
2.696667e+01	2.217275e-02	5.856949e+00
27	2.889616e-02	5.895474e+00
2.703333e+01	3.269239e-02	5.917226e+00
2.706667e+01	3.249564e-02	5.916098e+00
2.710000e+01	3.026401e-02	5.903311e+00
2.713333e+01	2.857563e-02	5.893637e+00
2.716667e+01	2.849116e-02	5.893153e+00
2.720000e+01	2.938352e-02	5.898266e+00
2.723333e+01	3.013421e-02	5.902567e+00
2.726667e+01	3.021257e-02	5.903016e+00
2.730000e+01	2.984207e-02	5.900894e+00
2.733333e+01	2.950504e-02	5.898962e+00
2.736667e+01	2.945328e-02	5.898666e+00
2.740000e+01	2.960713e-02	5.899547e+00
2.743333e+01	2.975835e-02	5.900414e+00
2.746667e+01	2.978874e-02	5.900588e+00
2.750000e+01	2.972535e-02	5.900225e+00
2.753333e+01	2.965778e-02	5.899838e+00
2.756667e+01	2.964110e-02	5.899742e+00
2.760000e+01	2.966699e-02	5.899890e+00
2.763333e+01	2.969704e-02	5.900063e+00
2.766667e+01	2.970580e-02	5.900113e+00
2.770000e+01	2.969534e-02	5.900053e+00
2.773333e+01	2.968203e-02	5.899977e+00
2.776667e+01	2.967757e-02	5.899951e+00
2.780000e+01	2.968175e-02	5.899975e+00
2.783333e+01	2.968761e-02	5.900009e+00
2.786667e+01	2.968983e-02	5.900021e+00
2.790000e+01	2.968819e-02	5.900012e+00
2.793333e+01	2.968562e-02	5.899997e+00
2.796667e+01	2.968453e-02	5.899991e+00
28	2.968516e-02	5.899994e+00
2.803333e+01	2.968629e-02	5.900001e+00
2.806667e+01	2.968681e-02	5.900004e+00
2.810000e+01	2.968657e-02	5.900003e+00
2.813333e+01	2.968608e-02	5.900000e+00
2.816667e+01	2.968584e-02	5.899998e+00
2.820000e+01	2.968592e-02	5.899999e+00
2.823333e+01	2.968613e-02	5.900000e+00
2.826667e+01	2.968625e-02	5.900001e+00
2.830000e+01	2.968622e-02	5.900001e+00
2.833333e+01	2.968613e-02	5.900000e+00
2.836667e+01	2.968608e-02	5.900000e+00
2.840000e+01	2.968609e-02	5.900000e+00
2.843333e+01	2.968612e-02	5.900000e+00
2.846667e+01	2.968615e-02	5.900000e+00
2.850000e+01	2.968615e-02	5.900000e+00
2.853333e+01	2.968613e-02	5.900000e+00
2.856667e+01	2.968612e-02	5.900000e+00
2.860000e+01	2.968612e-02	5.900000e+00
2.863333e+01	2.968613e-02	5.900000e+00
2.866667e+01	2.968613e-02	5.900000e+00
2.870000e+01	2.968613e-02	5.900000e+00
2.873333e+01	2.968613e-02	5.900000e+00
2.876667e+01	2.968613e-02	5.900000e+00
2.880000e+01	2.950092e-02	5.898939e+00
2.883333e+01	2.827028e-02	5.891887e+00
2.886667e+01	2.468789e-02	5.871361e+00
2.890000e+01	1.874685e-02	5.837319e+00
2.893333e+01	1.278468e-02	5.803156e+00
2.896667e+01	9.613278e-03	5.784985e+00
29	9.622686e-03	5.785038e+00
2.903333e+01	9.914429e-03	5.786710e+00
2.906667e+01	6.528509e-03	5.767309e+00
2.910000e+01	-1.579171e-03	5.720853e+00
2.913333e+01	-1.097804e-02	5.666998e+00
2.916667e+01	-1.704992e-02	5.632207e+00
2.920000e+01	-1.831991e-02	5.624930e+00
2.923333e+01	-1.702391e-02	5.632356e+00
2.926667e+01	-1.627992e-02	5.636619e+00
2.930000e+01	-1.745040e-02	5.629912e+00
2.933333e+01	-1.982806e-02	5.616289e+00
2.936667e+01	-2.198603e-02	5.603924e+00
2.940000e+01	-2.306896e-02	5.597719e+00
2.943333e+01	-2.313611e-02	5.597334e+00
2.946667e+01	-2.276470e-02	5.599462e+00
2.950000e+01	-2.267265e-02	5.599989e+00
2.953333e+01	-2.408557e-02	5.591893e+00
2.956667e+01	-2.904883e-02	5.563454e+00
2.960000e+01	-3.887328e-02	5.507161e+00
2.963333e+01	-5.201055e-02	5.431886e+00
2.966667e+01	-6.466243e-02	5.359392e+00
2.970000e+01	-7.347102e-02	5.308920e+00
2.973333e+01	-7.726225e-02	5.287196e+00
2.976667e+01	-7.713773e-02	5.287910e+00
2.980000e+01	-7.545628e-02	5.297544e+00
2.983333e+01	-7.425888e-02	5.304405e+00
2.986667e+01	-7.422519e-02	5.304598e+00
2.990000e+01	-7.484817e-02	5.301029e+00
2.993333e+01	-7.534583e-02	5.298177e+00
2.996667e+01	-7.537836e-02	5.297991e+00
30	-7.511883e-02	5.299478e+00
3.003333e+01	-7.489670e-02	5.300751e+00
3.006667e+01	-7.487184e-02	5.300893e+00
3.010000e+01	-7.498057e-02	5.300270e+00
3.013333e+01	-7.508063e-02	5.299697e+00
3.016667e+01	-7.509671e-02	5.299605e+00
3.020000e+01	-7.505157e-02	5.299863e+00
3.023333e+01	-7.500666e-02	5.300121e+00
3.026667e+01	-7.499733e-02	5.300174e+00
3.030000e+01	-7.501591e-02	5.300068e+00
3.033333e+01	-7.503596e-02	5.299953e+00
3.036667e+01	-7.504104e-02	5.299924e+00
3.040000e+01	-7.503347e-02	5.299967e+00
3.043333e+01	-7.502455e-02	5.300018e+00
3.046667e+01	-7.502190e-02	5.300033e+00
3.050000e+01	-7.502495e-02	5.300016e+00
3.053333e+01	-7.502890e-02	5.299993e+00
3.056667e+01	-7.503024e-02	5.299986e+00
3.060000e+01	-7.502903e-02	5.299992e+00
3.063333e+01	-7.502729e-02	5.300002e+00
3.066667e+01	-7.502662e-02	5.300006e+00
3.070000e+01	-7.502710e-02	5.300004e+00
3.073333e+01	-7.502786e-02	5.299999e+00
3.076667e+01	-7.502819e-02	5.299997e+00
3.080000e+01	-7.502800e-02	5.299998e+00
3.083333e+01	-7.502767e-02	5.300000e+00
3.086667e+01	-7.502751e-02	5.300001e+00
3.090000e+01	-7.502758e-02	5.300001e+00
3.093333e+01	-7.502773e-02	5.300000e+00
3.096667e+01	-7.502780e-02	5.300000e+00
31	-7.502778e-02	5.300000e+00
3.103333e+01	-7.502771e-02	5.300000e+00
3.106667e+01	-7.502768e-02	5.300000e+00
3.110000e+01	-7.502769e-02	5.300000e+00
3.113333e+01	-7.502771e-02	5.300000e+00
3.116667e+01	-7.502773e-02	5.300000e+00
3.120000e+01	-7.502773e-02	5.300000e+00
3.123333e+01	-7.502772e-02	5.300000e+00
3.126667e+01	-7.502771e-02	5.300000e+00
3.130000e+01	-7.502771e-02	5.300000e+00
3.133333e+01	-7.502771e-02	5.300000e+00
3.136667e+01	-7.502772e-02	5.300000e+00
3.140000e+01	-7.502772e-02	5.300000e+00
3.143333e+01	-7.502772e-02	5.300000e+00
3.146667e+01	-7.484251e-02	5.301061e+00
3.150000e+01	-7.361187e-02	5.308113e+00
3.153333e+01	-7.002947e-02	5.328639e+00
3.156667e+01	-6.408843e-02	5.362681e+00
3.160000e+01	-5.812626e-02	5.396844e+00
3.163333e+01	-5.495487e-02	5.415015e+00
3.166667e+01	-5.520646e-02	5.413574e+00
3.170000e+01	-5.712175e-02	5.402599e+00
3.173333e+01	-5.852942e-02	5.394534e+00
3.176667e+01	-5.857527e-02	5.394271e+00
3.180000e+01	-5.781456e-02	5.398630e+00
3.183333e+01	-5.719001e-02	5.402208e+00
3.186667e+01	-5.713508e-02	5.402523e+00
3.190000e+01	-5.745118e-02	5.400712e+00
3.193333e+01	-5.773176e-02	5.399104e+00
3.196667e+01	-5.777042e-02	5.398883e+00
32	-5.763885e-02	5.399636e+00
3.203333e+01	-5.751278e-02	5.400359e+00
3.206667e+01	-5.748935e-02	5.400493e+00
3.210000e+01	-5.754370e-02	5.400182e+00
3.213333e+01	-5.760012e-02	5.399858e+00
3.216667e+01	-5.761322e-02	5.399783e+00
3.220000e+01	-5.759096e-02	5.399911e+00
3.223333e+01	-5.756583e-02	5.400055e+00
3.226667e+01	-5.737366e-02	5.401156e+00
3.230000e+01	-5.615205e-02	5.408156e+00
3.233333e+01	-5.258079e-02	5.428619e+00
3.236667e+01	-4.664333e-02	5.462640e+00
3.240000e+01	-4.067754e-02	5.496823e+00
3.243333e+01	-3.750123e-02	5.515023e+00
3.246667e+01	-3.775103e-02	5.513592e+00
3.250000e+01	-3.966775e-02	5.502609e+00
3.253333e+01	-4.107758e-02	5.494531e+00
3.256667e+01	-4.130951e-02	5.493202e+00
3.260000e+01	-4.177889e-02	5.490512e+00
3.263333e+01	-4.473579e-02	5.473570e+00
3.266667e+01	-5.062147e-02	5.439845e+00
3.270000e+01	-5.689995e-02	5.403870e+00
3.273333e+01	-6.035235e-02	5.384088e+00
3.276667e+01	-6.013961e-02	5.385307e+00
3.280000e+01	-5.809268e-02	5.397036e+00
3.283333e+01	-5.655876e-02	5.405825e+00
3.286667e+01	-5.648938e-02	5.406223e+00
3.290000e+01	-5.730447e-02	5.401552e+00
3.293333e+01	-5.780032e-02	5.398711e+00
3.296667e+01	-5.663776e-02	5.405373e+00
33	-5.271699e-02	5.427838e+00
3.303333e+01	-4.647020e-02	5.463632e+00
3.306667e+01	-4.046239e-02	5.498056e+00
3.310000e+01	-3.743158e-02	5.515422e+00
3.313333e+01	-3.782041e-02	5.513194e+00
3.316667e+01	-3.976272e-02	5.502065e+00
3.320000e+01	-4.111241e-02	5.494331e+00
3.323333e+01	-4.109692e-02	5.494420e+00
3.326667e+01	-4.032131e-02	5.498864e+00
3.330000e+01	-3.953525e-02	5.503368e+00
3.333333e+01	-3.827697e-02	5.510578e+00
3.336667e+01	-3.501852e-02	5.529249e+00
3.340000e+01	-2.934848e-02	5.561738e+00
3.343333e+01	-2.341287e-02	5.595748e+00
3.346667e+01	-2.029111e-02	5.613635e+00
3.350000e+01	-2.165110e-02	5.605843e+00
3.353333e+01	-2.713069e-02	5.574445e+00
3.356667e+01	-3.453575e-02	5.532015e+00
3.360000e+01	-4.059869e-02	5.497275e+00
3.363333e+01	-4.283493e-02	5.484461e+00
3.366667e+01	-4.070491e-02	5.496666e+00
3.370000e+01	-3.512773e-02	5.528623e+00
3.373333e+01	-2.808919e-02	5.568953e+00
3.376667e+01	-2.237125e-02	5.601716e+00
3.380000e+01	-2.001014e-02	5.615245e+00
3.383333e+01	-2.075785e-02	5.610961e+00
3.386667e+01	-2.259816e-02	5.600416e+00
3.390000e+01	-2.366145e-02	5.594324e+00
3.393333e+01	-2.347948e-02	5.595366e+00
3.396667e+01	-2.258137e-02	5.600512e+00
34	-2.106230e-02	5.609217e+00
3.403333e+01	-1.808071e-02	5.626301e+00
3.406667e+01	-1.338172e-02	5.653225e+00
3.410000e+01	-8.664044e-03	5.680257e+00
3.413333e+01	-6.355907e-03	5.693483e+00
3.416667e+01	-7.276995e-03	5.688205e+00
3.420000e+01	-1.009791e-02	5.672041e+00
3.423333e+01	-1.283135e-02	5.656379e+00
3.426667e+01	-1.445117e-02	5.647098e+00
3.430000e+01	-1.523030e-02	5.642633e+00
3.433333e+01	-1.597423e-02	5.638371e+00
3.436667e+01	-1.716967e-02	5.631521e+00
3.440000e+01	-1.874067e-02	5.622519e+00
3.443333e+01	-2.051862e-02	5.612332e+00
3.446667e+01	-2.305928e-02	5.597774e+00
3.450000e+01	-2.750717e-02	5.572288e+00
3.453333e+01	-3.383211e-02	5.536047e+00
3.456667e+01	-3.979775e-02	5.501864e+00
3.460000e+01	-4.280453e-02	5.484636e+00
3.463333e+01	-4.242235e-02	5.486826e+00
3.466667e+01	-4.049155e-02	5.497889e+00
3.470000e+01	-3.932792e-02	5.504556e+00
3.473333e+01	-4.056695e-02	5.497457e+00
3.476667e+01	-4.491896e-02	5.472520e+00
3.480000e+01	-5.146053e-02	5.435038e+00
3.483333e+01	-5.745368e-02	5.400698e+00
3.486667e+01	-6.030399e-02	5.384365e+00
3.490000e+01	-5.978172e-02	5.387358e+00
3.493333e+01	-5.783846e-02	5.398493e+00
3.496667e+01	-5.656506e-02	5.405789e+00
35	-5.664124e-02	5.405353e+00
3.503333e+01	-5.723542e-02	5.401948e+00
3.506667e+01	-5.657356e-02	5.405740e+00
3.510000e+01	-5.299131e-02	5.426266e+00
3.513333e+01	-4.672318e-02	5.462182e+00
3.516667e+01	-4.050340e-02	5.497821e+00
3.520000e+01	-3.731783e-02	5.516074e+00
3.523333e+01	-3.770702e-02	5.513844e+00
3.526667e+01	-3.973901e-02	5.502201e+00
3.530000e+01	-4.097401e-02	5.495124e+00
3.533333e+01	-3.973169e-02	5.502243e+00
3.536667e+01	-3.533596e-02	5.527430e+00
3.540000e+01	-2.876209e-02	5.565097e+00
3.543333e+01	-2.276886e-02	5.599438e+00
3.546667e+01	-1.993719e-02	5.615663e+00
3.550000e+01	-2.047420e-02	5.612586e+00
3.553333e+01	-2.241832e-02	5.601447e+00
3.556667e+01	-2.368387e-02	5.594195e+00
3.560000e+01	-2.378621e-02	5.593609e+00
3.563333e+01	-2.423672e-02	5.591027e+00
3.566667e+01	-2.725362e-02	5.573741e+00
3.570000e+01	-3.319752e-02	5.539683e+00
3.573333e+01	-3.949962e-02	5.503572e+00
3.576667e+01	-4.302165e-02	5.483392e+00
3.580000e+01	-4.311610e-02	5.482850e+00
3.583333e+01	-4.179221e-02	5.490436e+00
3.586667e+01	-4.139517e-02	5.492711e+00
3.590000e+01	-4.267557e-02	5.485375e+00
3.593333e+01	-4.481538e-02	5.473114e+00
3.596667e+01	-4.668606e-02	5.462395e+00
36	-4.784889e-02	5.455732e+00
3.603333e+01	-4.860567e-02	5.451396e+00
3.606667e+01	-4.944910e-02	5.446563e+00
3.610000e+01	-5.059490e-02	5.439998e+00
3.613333e+01	-5.192918e-02	5.432352e+00
3.616667e+01	-5.323754e-02	5.424856e+00
3.620000e+01	-5.441663e-02	5.418100e+00
3.623333e+01	-5.549638e-02	5.411913e+00
3.626667e+01	-5.650015e-02	5.406161e+00
3.630000e+01	-5.732013e-02	5.401463e+00
3.633333e+01	-5.778396e-02	5.398805e+00
3.636667e+01	-5.785000e-02	5.398427e+00
3.640000e+01	-5.768131e-02	5.399393e+00
3.643333e+01	-5.751118e-02	5.400368e+00
3.646667e+01	-5.765305e-02	5.399555e+00
3.650000e+01	-5.894401e-02	5.392158e+00
3.653333e+01	-6.259804e-02	5.371221e+00
3.656667e+01	-6.856084e-02	5.337055e+00
3.660000e+01	-7.449904e-02	5.303029e+00
3.663333e+01	-7.782427e-02	5.283976e+00
3.666667e+01	-7.879246e-02	5.278428e+00
3.670000e+01	-8.046912e-02	5.268821e+00
3.673333e+01	-8.501629e-02	5.242766e+00
3.676667e+01	-9.093798e-02	5.208836e+00
3.680000e+01	-9.486634e-02	5.186327e+00
3.683333e+01	-9.523324e-02	5.184224e+00
3.686667e+01	-9.337028e-02	5.194899e+00
3.690000e+01	-9.164795e-02	5.204768e+00
3.693333e+01	-9.132415e-02	5.206623e+00
3.696667e+01	-9.204746e-02	5.202479e+00
37	-9.280303e-02	5.198149e+00
3.703333e+01	-9.298290e-02	5.197119e+00
3.706667e+01	-9.268964e-02	5.198799e+00
3.710000e+01	-9.235489e-02	5.200717e+00
3.713333e+01	-9.226031e-02	5.201259e+00
3.716667e+01	-9.237905e-02	5.200579e+00
3.720000e+01	-9.252732e-02	5.199729e+00
3.723333e+01	-9.257567e-02	5.199452e+00
3.726667e+01	-9.252815e-02	5.199724e+00
3.730000e+01	-9.246272e-02	5.200099e+00
3.733333e+01	-9.243857e-02	5.200238e+00
3.736667e+01	-9.245732e-02	5.200130e+00
3.740000e+01	-9.248606e-02	5.199965e+00
3.743333e+01	-9.249790e-02	5.199898e+00
3.746667e+01	-9.249064e-02	5.199939e+00
3.750000e+01	-9.247807e-02	5.200011e+00
3.753333e+01	-9.247235e-02	5.200044e+00
3.756667e+01	-9.247510e-02	5.200028e+00
3.760000e+01	-9.248057e-02	5.199997e+00
3.763333e+01	-9.248330e-02	5.199981e+00
3.766667e+01	-9.248229e-02	5.199987e+00
3.770000e+01	-9.247992e-02	5.200001e+00
3.773333e+01	-9.247863e-02	5.200008e+00
3.776667e+01	-9.247898e-02	5.200006e+00
3.780000e+01	-9.248001e-02	5.200000e+00
3.783333e+01	-9.248061e-02	5.199997e+00
3.786667e+01	-9.248050e-02	5.199997e+00
3.790000e+01	-9.248006e-02	5.200000e+00
3.793333e+01	-9.247978e-02	5.200001e+00
3.796667e+01	-9.247981e-02	5.200001e+00
38	-9.248000e-02	5.200000e+00
3.803333e+01	-9.248013e-02	5.199999e+00
3.806667e+01	-9.248012e-02	5.199999e+00
3.810000e+01	-9.248004e-02	5.200000e+00
3.813333e+01	-9.247998e-02	5.200000e+00
3.816667e+01	-9.229478e-02	5.201061e+00
3.820000e+01	-9.106417e-02	5.208113e+00
3.823333e+01	-8.748180e-02	5.228639e+00
3.826667e+01	-8.154076e-02	5.262681e+00
3.830000e+01	-7.557858e-02	5.296844e+00
3.833333e+01	-7.222196e-02	5.316077e+00
3.836667e+01	-7.124292e-02	5.321687e+00
3.840000e+01	-6.957581e-02	5.331239e+00
3.843333e+01	-6.504245e-02	5.357215e+00
3.846667e+01	-5.912613e-02	5.391115e+00
3.850000e+01	-5.519402e-02	5.413645e+00
3.853333e+01	-5.482106e-02	5.415782e+00
3.856667e+01	-5.668142e-02	5.405122e+00
3.860000e+01	-5.839094e-02	5.395327e+00
3.863333e+01	-5.860846e-02	5.394081e+00
3.866667e+01	-5.750193e-02	5.400421e+00
3.870000e+01	-5.590434e-02	5.409575e+00
3.873333e+01	-5.442321e-02	5.418062e+00
3.876667e+01	-5.317181e-02	5.425232e+00
3.880000e+01	-5.198205e-02	5.432049e+00
3.883333e+01	-5.069974e-02	5.439397e+00
3.886667e+01	-4.931218e-02	5.447347e+00
3.890000e+01	-4.789827e-02	5.455449e+00
3.893333e+01	-4.652561e-02	5.463314e+00
3.896667e+01	-4.520088e-02	5.470905e+00
39	-4.388997e-02	5.478416e+00
3.903333e+01	-4.239121e-02	5.487004e+00
3.906667e+01	-3.973514e-02	5.502223e+00
3.910000e+01	-3.395034e-02	5.535369e+00
3.913333e+01	-2.373370e-02	5.593910e+00
3.916667e+01	-1.055989e-02	5.669394e+00
3.920000e+01	1.948542e-03	5.741066e+00
3.923333e+01	1.062386e-02	5.790775e+00
3.926667e+01	1.419988e-02	5.811265e+00
3.930000e+01	1.289363e-02	5.803781e+00
3.933333e+01	7.684572e-03	5.773933e+00
3.936667e+01	3.760233e-04	5.732056e+00
3.940000e+01	-6.869945e-03	5.690537e+00
3.943333e+01	-1.302469e-02	5.655271e+00
3.946667e+01	-1.822408e-02	5.625479e+00
3.950000e+01	-2.223059e-02	5.602522e+00
3.953333e+01	-2.424330e-02	5.590990e+00
3.956667e+01	-2.416418e-02	5.591443e+00
3.960000e+01	-2.303755e-02	5.597898e+00
3.963333e+01	-2.215036e-02	5.602982e+00
3.966667e+01	-2.206125e-02	5.603493e+00
3.970000e+01	-2.230337e-02	5.602105e+00
3.973333e+01	-2.145980e-02	5.606939e+00
3.976667e+01	-1.793768e-02	5.627120e+00
3.980000e+01	-1.182190e-02	5.662163e+00
3.983333e+01	-5.687530e-03	5.697312e+00
3.986667e+01	-2.481292e-03	5.715684e+00
3.990000e+01	-2.804836e-03	5.713830e+00
3.993333e+01	-4.796973e-03	5.702415e+00
3.996667e+01	-6.223679e-03	5.694240e+00
40	-6.240150e-03	5.694146e+00
4.003333e+01	-5.445268e-03	5.698701e+00
4.006667e+01	-4.810732e-03	5.702336e+00
4.010000e+01	-4.767665e-03	5.702583e+00
4.013333e+01	-5.098898e-03	5.700685e+00
4.016667e+01	-5.384562e-03	5.699048e+00
4.020000e+01	-5.290265e-03	5.699589e+00
4.023333e+01	-4.300050e-03	5.705263e+00
4.026667e+01	-1.691325e-03	5.720210e+00
4.030000e+01	2.414781e-03	5.743738e+00
4.033333e+01	6.267329e-03	5.765813e+00
4.036667e+01	7.636298e-03	5.773657e+00
4.040000e+01	5.766767e-03	5.762944e+00
4.043333e+01	1.864116e-03	5.740583e+00
4.046667e+01	-2.172826e-03	5.717451e+00
4.050000e+01	-5.247300e-03	5.699835e+00
4.053333e+01	-7.485006e-03	5.687013e+00
4.056667e+01	-9.602251e-03	5.674881e+00
4.060000e+01	-1.207035e-02	5.660740e+00
4.063333e+01	-1.471568e-02	5.645582e+00
4.066667e+01	-1.675197e-02	5.633914e+00
4.070000e+01	-1.699473e-02	5.632523e+00
4.073333e+01	-1.452892e-02	5.646652e+00
4.076667e+01	-9.903624e-03	5.673155e+00
4.080000e+01	-5.366160e-03	5.699154e+00
4.083333e+01	-3.128056e-03	5.711978e+00
4.086667e+01	-3.496727e-03	5.709866e+00
4.090000e+01	-4.998409e-03	5.701261e+00
4.093333e+01	-6.184638e-03	5.694464e+00
4.096667e+01	-7.366956e-03	5.687689e+00
41	-1.034453e-02	5.670628e+00
4.103333e+01	-1.583785e-02	5.639152e+00
4.106667e+01	-2.179504e-02	5.605018e+00
4.110000e+01	-2.522021e-02	5.585392e+00
4.113333e+01	-2.517131e-02	5.585672e+00
4.116667e+01	-2.326926e-02	5.596571e+00
4.120000e+01	-2.175497e-02	5.605248e+00
4.123333e+01	-2.161738e-02	5.606036e+00
4.126667e+01	-2.236733e-02	5.601739e+00
4.130000e+01	-2.303640e-02	5.597905e+00
4.133333e+01	-2.313267e-02	5.597353e+00
4.136667e+01	-2.282345e-02	5.599125e+00
4.140000e+01	-2.252442e-02	5.600839e+00
4.143333e+01	-2.246723e-02	5.601166e+00
4.146667e+01	-2.240963e-02	5.601496e+00
4.150000e+01	-2.131265e-02	5.607782e+00
4.153333e+01	-1.776195e-02	5.628127e+00
4.156667e+01	-1.176870e-02	5.662468e+00
4.160000e+01	-5.747023e-03	5.696972e+00
4.163333e+01	-2.558850e-03	5.715239e+00
4.166667e+01	-2.831595e-03	5.713677e+00
4.170000e+01	-4.773260e-03	5.702551e+00
4.173333e+01	-6.189515e-03	5.694436e+00
4.176667e+01	-6.412105e-03	5.693161e+00
4.180000e+01	-6.870402e-03	5.690535e+00
4.183333e+01	-9.823958e-03	5.673611e+00
4.186667e+01	-1.571340e-02	5.639865e+00
4.190000e+01	-2.199678e-02	5.603862e+00
4.193333e+01	-2.545087e-02	5.584070e+00
4.196667e+01	-2.523664e-02	5.585298e+00
42	-2.318755e-02	5.597039e+00
4.203333e+01	-2.165279e-02	5.605833e+00
4.206667e+01	-2.158399e-02	5.606227e+00
4.210000e+01	-2.240003e-02	5.601551e+00
4.213333e+01	-2.308149e-02	5.597647e+00
4.216667e+01	-2.333455e-02	5.596197e+00
4.220000e+01	-2.422640e-02	5.591087e+00
4.223333e+01	-2.750286e-02	5.572313e+00
4.226667e+01	-3.339834e-02	5.538532e+00
4.230000e+01	-3.950128e-02	5.503563e+00
4.233333e+01	-4.281001e-02	5.484604e+00
4.236667e+01	-4.258540e-02	5.485891e+00
4.240000e+01	-4.061206e-02	5.497198e+00
4.243333e+01	-3.914300e-02	5.505616e+00
4.246667e+01	-3.908226e-02	5.505964e+00
4.250000e+01	-3.968149e-02	5.502530e+00
4.253333e+01	-3.910272e-02	5.505847e+00
4.256667e+01	-3.558310e-02	5.526014e+00
4.260000e+01	-2.931636e-02	5.561922e+00
4.263333e+01	-2.306151e-02	5.597761e+00
4.266667e+01	-1.981896e-02	5.616341e+00
4.270000e+01	-1.998813e-02	5.615371e+00
4.273333e+01	-2.126587e-02	5.608050e+00
4.276667e+01	-2.101600e-02	5.609482e+00
4.280000e+01	-1.840576e-02	5.624438e+00
4.283333e+01	-1.449816e-02	5.646828e+00
4.286667e+01	-1.081011e-02	5.667961e+00
4.290000e+01	-8.023254e-03	5.683929e+00
4.293333e+01	-5.827311e-03	5.696511e+00
4.296667e+01	-3.584184e-03	5.709364e+00
43	-9.654151e-04	5.724370e+00
4.303333e+01	1.921999e-03	5.740914e+00
4.306667e+01	4.804590e-03	5.757431e+00
4.310000e+01	7.499914e-03	5.772875e+00
4.313333e+01	9.883536e-03	5.786533e+00
4.316667e+01	1.171123e-02	5.797006e+00
4.320000e+01	1.269183e-02	5.802624e+00
4.323333e+01	1.281072e-02	5.803306e+00
4.326667e+01	1.244686e-02	5.801221e+00
4.330000e+01	1.209369e-02	5.799197e+00
4.333333e+01	1.201008e-02	5.798718e+00
4.336667e+01	1.213944e-02	5.799459e+00
4.340000e+01	1.210231e-02	5.799246e+00
4.343333e+01	1.091398e-02	5.792437e+00
4.346667e+01	7.279966e-03	5.771615e+00
4.350000e+01	1.274053e-03	5.737202e+00
4.353333e+01	-4.709403e-03	5.702917e+00
4.356667e+01	-7.860119e-03	5.684864e+00
4.360000e+01	-7.579927e-03	5.686469e+00
4.363333e+01	-5.654035e-03	5.697504e+00
4.366667e+01	-4.254530e-03	5.705523e+00
4.370000e+01	-4.221242e-03	5.705714e+00
4.373333e+01	-4.987142e-03	5.701326e+00
4.376667e+01	-5.608533e-03	5.697765e+00
4.380000e+01	-5.657975e-03	5.697482e+00
4.383333e+01	-5.339366e-03	5.699307e+00
4.386667e+01	-5.059977e-03	5.700908e+00
4.390000e+01	-5.023714e-03	5.701116e+00
4.393333e+01	-5.156472e-03	5.700355e+00
4.396667e+01	-5.282111e-03	5.699635e+00
44	-5.304506e-03	5.699507e+00
4.403333e+01	-5.249582e-03	5.699822e+00
4.406667e+01	-5.193317e-03	5.700144e+00
4.410000e+01	-5.180664e-03	5.700217e+00
4.413333e+01	-5.203191e-03	5.700088e+00
4.416667e+01	-5.228273e-03	5.699944e+00
4.420000e+01	-5.235044e-03	5.699905e+00
4.423333e+01	-5.225894e-03	5.699958e+00
4.426667e+01	-5.214764e-03	5.700021e+00
4.430000e+01	-5.211270e-03	5.700041e+00
4.433333e+01	-5.214944e-03	5.700020e+00
4.436667e+01	-5.219861e-03	5.699992e+00
4.440000e+01	-5.221618e-03	5.699982e+00
4.443333e+01	-5.220162e-03	5.699990e+00
4.446667e+01	-5.205652e-03	5.700074e+00
4.450000e+01	-5.110397e-03	5.700619e+00
4.453333e+01	-4.777748e-03	5.702525e+00
4.456667e+01	-4.049410e-03	5.706699e+00
4.460000e+01	-2.923066e-03	5.713153e+00
4.463333e+01	-1.584660e-03	5.720821e+00
4.466667e+01	-2.628301e-04	5.728395e+00
4.470000e+01	9.311017e-04	5.735237e+00
4.473333e+01	2.030908e-03	5.741538e+00
4.476667e+01	3.127559e-03	5.747822e+00
4.480000e+01	4.275007e-03	5.754397e+00
4.483333e+01	5.464216e-03	5.761211e+00
4.486667e+01	6.657136e-03	5.768046e+00
4.490000e+01	7.828950e-03	5.774761e+00
4.493333e+01	8.982004e-03	5.781367e+00
4.496667e+01	1.012011e-02	5.787889e+00
45	1.118496e-02	5.793990e+00
4.503333e+01	1.201941e-02	5.798771e+00
4.506667e+01	1.264456e-02	5.802354e+00
4.510000e+01	1.391405e-02	5.809628e+00
4.513333e+01	1.732010e-02	5.829144e+00
4.516667e+01	2.310068e-02	5.862266e+00
4.520000e+01	2.903157e-02	5.896249e+00
4.523333e+01	3.208200e-02	5.913728e+00
4.526667e+01	3.066753e-02	5.905623e+00
4.530000e+01	2.518628e-02	5.874216e+00
4.533333e+01	1.781164e-02	5.831960e+00
4.536667e+01	1.177379e-02	5.797364e+00
4.540000e+01	9.169368e-03	5.782441e+00
4.543333e+01	8.825385e-03	5.780470e+00
4.546667e+01	7.226423e-03	5.771308e+00
4.550000e+01	2.381293e-03	5.743546e+00
4.553333e+01	-3.819816e-03	5.708014e+00
4.556667e+01	-7.796403e-03	5.685229e+00
4.560000e+01	-8.039964e-03	5.683833e+00
4.563333e+01	-5.866674e-03	5.696286e+00
4.566667e+01	-2.886273e-03	5.713363e+00
4.570000e+01	9.692643e-04	5.735455e+00
4.573333e+01	6.131193e-03	5.765033e+00
4.576667e+01	1.132303e-02	5.794781e+00
4.580000e+01	1.433517e-02	5.812040e+00
4.583333e+01	1.440161e-02	5.812421e+00
4.586667e+01	1.282872e-02	5.803409e+00
4.590000e+01	1.169254e-02	5.796899e+00
4.593333e+01	1.274764e-02	5.802944e+00
4.596667e+01	1.693862e-02	5.826958e+00
46	2.345914e-02	5.864320e+00
4.603333e+01	2.952860e-02	5.899097e+00
4.606667e+01	3.263643e-02	5.916905e+00
4.610000e+01	3.335776e-02	5.921038e+00
4.613333e+01	3.496535e-02	5.930249e+00
4.616667e+01	3.960062e-02	5.956809e+00
4.620000e+01	4.563166e-02	5.991366e+00
4.623333e+01	4.959538e-02	6.014078e+00
4.626667e+01	4.991275e-02	6.015897e+00
4.630000e+01	4.789260e-02	6.004321e+00
4.633333e+01	4.576811e-02	5.992148e+00
4.636667e+01	4.461676e-02	5.985551e+00
4.640000e+01	4.406117e-02	5.982368e+00
4.643333e+01	4.328136e-02	5.977899e+00
4.646667e+01	4.193111e-02	5.970163e+00
4.650000e+01	4.025118e-02	5.960537e+00
4.653333e+01	3.864313e-02	5.951323e+00
4.656667e+01	3.728503e-02	5.943541e+00
4.660000e+01	3.608373e-02	5.936658e+00
4.663333e+01	3.486188e-02	5.929657e+00
4.666667e+01	3.353312e-02	5.922043e+00
4.670000e+01	3.214604e-02	5.914095e+00
4.673333e+01	3.085812e-02	5.906715e+00
4.676667e+01	2.989123e-02	5.901175e+00
4.680000e+01	2.941461e-02	5.898444e+00
4.683333e+01	2.939661e-02	5.898341e+00
4.686667e+01	2.960333e-02	5.899526e+00
4.690000e+01	2.959032e-02	5.899451e+00
4.693333e+01	2.838370e-02	5.892537e+00
4.696667e+01	2.472513e-02	5.871574e+00
47	1.871126e-02	5.837115e+00
4.703333e+01	1.273553e-02	5.802875e+00
4.706667e+01	9.410027e-03	5.783820e+00
4.710000e+01	8.092801e-03	5.776272e+00
4.713333e+01	3.971827e-03	5.752660e+00
4.716667e+01	-7.739106e-03	5.685557e+00
4.720000e+01	-2.573705e-02	5.582431e+00
4.723333e+01	-4.282807e-02	5.484501e+00
4.726667e+01	-5.312104e-02	5.425523e+00
4.730000e+01	-5.669217e-02	5.405061e+00
4.733333e+01	-5.709797e-02	5.402736e+00
4.736667e+01	-5.712968e-02	5.402554e+00
4.740000e+01	-5.732604e-02	5.401429e+00
4.743333e+01	-5.645865e-02	5.406399e+00
4.746667e+01	-5.289787e-02	5.426802e+00
4.750000e+01	-4.672695e-02	5.462161e+00
4.753333e+01	-4.055785e-02	5.497509e+00
4.756667e+01	-3.735508e-02	5.515861e+00
4.760000e+01	-3.770330e-02	5.513865e+00
4.763333e+01	-3.971419e-02	5.502343e+00
4.766667e+01	-4.114187e-02	5.494163e+00
4.770000e+01	-4.096310e-02	5.495187e+00
4.773333e+01	-3.892903e-02	5.506842e+00
4.776667e+01	-3.471112e-02	5.531010e+00
4.780000e+01	-2.873117e-02	5.565275e+00
4.783333e+01	-2.310407e-02	5.597517e+00
4.786667e+01	-2.021897e-02	5.614049e+00
4.790000e+01	-2.050276e-02	5.612423e+00
4.793333e+01	-2.227810e-02	5.602250e+00
4.796667e+01	-2.355680e-02	5.594923e+00
48	-2.358179e-02	5.594780e+00
4.803333e+01	-2.269393e-02	5.599867e+00
4.806667e+01	-2.089659e-02	5.610166e+00
4.810000e+01	-1.727135e-02	5.630938e+00
4.813333e+01	-1.162253e-02	5.663305e+00
4.816667e+01	-5.915114e-03	5.696008e+00
4.820000e+01	-2.775795e-03	5.713996e+00
4.823333e+01	-2.905563e-03	5.713253e+00
4.826667e+01	-4.706257e-03	5.702935e+00
4.830000e+01	-6.093922e-03	5.694984e+00
4.833333e+01	-6.005004e-03	5.695493e+00
4.836667e+01	-4.064997e-03	5.706609e+00
4.840000e+01	1.305914e-04	5.730650e+00
4.843333e+01	6.147268e-03	5.765125e+00
4.846667e+01	1.181623e-02	5.797607e+00
4.850000e+01	1.471315e-02	5.814206e+00
4.853333e+01	1.459968e-02	5.813556e+00
4.856667e+01	1.403643e-02	5.810329e+00
4.860000e+01	1.633409e-02	5.823494e+00
4.863333e+01	2.225609e-02	5.857427e+00
4.866667e+01	2.892910e-02	5.895662e+00
4.870000e+01	3.267022e-02	5.917099e+00
4.873333e+01	3.245912e-02	5.915889e+00
4.876667e+01	3.024801e-02	5.903220e+00
4.880000e+01	2.858411e-02	5.893686e+00
4.883333e+01	2.850709e-02	5.893244e+00
4.886667e+01	2.939119e-02	5.898310e+00
4.890000e+01	3.013106e-02	5.902549e+00
4.893333e+01	3.020565e-02	5.902977e+00
4.896667e+01	2.983843e-02	5.900873e+00
49	2.950617e-02	5.898969e+00
4.903333e+01	2.945628e-02	5.898683e+00
4.906667e+01	2.960883e-02	5.899557e+00
4.910000e+01	2.975797e-02	5.900412e+00
4.913333e+01	2.978746e-02	5.900581e+00
4.916667e+01	2.972455e-02	5.900220e+00
4.920000e+01	2.965790e-02	5.899838e+00
4.923333e+01	2.964166e-02	5.899745e+00
4.926667e+01	2.966736e-02	5.899892e+00
4.930000e+01	2.969701e-02	5.900062e+00
4.933333e+01	2.970556e-02	5.900111e+00
4.936667e+01	2.969517e-02	5.900052e+00
4.940000e+01	2.949683e-02	5.898915e+00
4.943333e+01	2.826183e-02	5.891839e+00
4.946667e+01	2.468358e-02	5.871336e+00
4.950000e+01	1.874834e-02	5.837328e+00
4.953333e+01	1.278834e-02	5.803177e+00
4.956667e+01	9.615306e-03	5.784996e+00
4.960000e+01	9.864358e-03	5.786423e+00
4.963333e+01	1.177859e-02	5.797392e+00
4.966667e+01	1.318688e-02	5.805461e+00
4.970000e+01	1.323385e-02	5.805730e+00
4.973333e+01	1.247365e-02	5.801374e+00
4.976667e+01	1.166366e-02	5.796733e+00
4.980000e+01	1.037760e-02	5.789364e+00
4.983333e+01	7.111057e-03	5.770647e+00
4.986667e+01	1.450689e-03	5.738214e+00
4.990000e+01	-4.472616e-03	5.704274e+00
4.993333e+01	-7.775460e-03	5.685349e+00
4.996667e+01	-7.649972e-03	5.686068e+00
50	-5.758204e-03	5.696907e+00
5.003333e+01	-4.296233e-03	5.705284e+00
5.006667e+01	-4.193953e-03	5.705870e+00
5.010000e+01	-4.941519e-03	5.701587e+00
5.013333e+01	-5.588308e-03	5.697881e+00
5.016667e+01	-5.668380e-03	5.697422e+00
5.020000e+01	-5.544461e-03	5.698132e+00
5.023333e+01	-6.485503e-03	5.692740e+00
5.026667e+01	-1.003133e-02	5.672423e+00
5.030000e+01	-1.620148e-02	5.637069e+00
5.033333e+01	-2.265036e-02	5.600117e+00
5.036667e+01	-2.663148e-02	5.577306e+00
5.040000e+01	-2.753457e-02	5.572131e+00
5.043333e+01	-2.699521e-02	5.575222e+00
5.046667e+01	-2.698808e-02	5.575262e+00
5.050000e+01	-2.824261e-02	5.568074e+00
5.053333e+01	-3.020745e-02	5.556816e+00
5.056667e+01	-3.201509e-02	5.546458e+00
5.060000e+01	-3.329093e-02	5.539148e+00
5.063333e+01	-3.423760e-02	5.533723e+00
5.066667e+01	-3.523107e-02	5.528031e+00
5.070000e+01	-3.645130e-02	5.521039e+00
5.073333e+01	-3.781005e-02	5.513254e+00
5.076667e+01	-3.906963e-02	5.506036e+00
5.080000e+01	-3.997678e-02	5.500838e+00
5.083333e+01	-4.038992e-02	5.498471e+00
5.086667e+01	-4.037804e-02	5.498539e+00
5.090000e+01	-4.018053e-02	5.499671e+00
5.093333e+01	-4.003277e-02	5.500518e+00
5.096667e+01	-4.002326e-02	5.500572e+00
51	-4.009706e-02	5.500149e+00
5.103333e+01	-4.015972e-02	5.499790e+00
5.106667e+01	-4.016663e-02	5.499751e+00
5.110000e+01	-4.032133e-02	5.498864e+00
5.113333e+01	-4.152406e-02	5.491973e+00
5.116667e+01	-4.510209e-02	5.471471e+00
5.120000e+01	-5.105581e-02	5.437357e+00
5.123333e+01	-5.703050e-02	5.403122e+00
5.126667e+01	-6.020444e-02	5.384936e+00
5.130000e+01	-5.994762e-02	5.386407e+00
5.133333e+01	-5.802673e-02	5.397414e+00
5.136667e+01	-5.661768e-02	5.405488e+00
5.140000e+01	-5.657396e-02	5.405738e+00
5.143333e+01	-5.733715e-02	5.401365e+00
5.146667e+01	-5.796243e-02	5.397782e+00
5.150000e+01	-5.801651e-02	5.397473e+00
5.153333e+01	-5.769930e-02	5.399290e+00
5.156667e+01	-5.741835e-02	5.400900e+00
5.160000e+01	-5.738004e-02	5.401119e+00
5.163333e+01	-5.751208e-02	5.400363e+00
5.166667e+01	-5.763834e-02	5.399639e+00
5.170000e+01	-5.766164e-02	5.399506e+00
5.173333e+01	-5.760707e-02	5.399819e+00
5.176667e+01	-5.755056e-02	5.400142e+00
5.180000e+01	-5.753751e-02	5.400217e+00
5.183333e+01	-5.755987e-02	5.400089e+00
5.186667e+01	-5.758504e-02	5.399945e+00
5.190000e+01	-5.759199e-02	5.399905e+00
5.193333e+01	-5.758292e-02	5.399957e+00
5.196667e+01	-5.757176e-02	5.400021e+00
52	-5.775339e-02	5.398980e+00
5.203333e+01	-5.898767e-02	5.391908e+00
5.206667e+01	-6.257499e-02	5.371353e+00
5.210000e+01	-6.851782e-02	5.337301e+00
5.213333e+01	-7.447855e-02	5.303147e+00
5.216667e+01	-7.764779e-02	5.284987e+00
5.220000e+01	-7.739531e-02	5.286434e+00
5.223333e+01	-7.548058e-02	5.297405e+00
5.226667e+01	-7.407386e-02	5.305465e+00
5.230000e+01	-7.402844e-02	5.305726e+00
5.233333e+01	-7.478893e-02	5.301368e+00
5.236667e+01	-7.541307e-02	5.297792e+00
5.240000e+01	-7.546780e-02	5.297478e+00
5.243333e+01	-7.515178e-02	5.299289e+00
5.246667e+01	-7.487137e-02	5.300896e+00
5.250000e+01	-7.483281e-02	5.301117e+00
5.253333e+01	-7.496435e-02	5.300363e+00
5.256667e+01	-7.509035e-02	5.299641e+00
5.260000e+01	-7.511373e-02	5.299507e+00
5.263333e+01	-7.487418e-02	5.300880e+00
5.266667e+01	-7.358715e-02	5.308254e+00
5.270000e+01	-6.999168e-02	5.328856e+00
5.273333e+01	-6.407290e-02	5.362770e+00
5.276667e+01	-5.813584e-02	5.396789e+00
5.280000e+01	-5.497140e-02	5.414921e+00
5.283333e+01	-5.521397e-02	5.413531e+00
5.286667e+01	-5.711812e-02	5.402620e+00
5.290000e+01	-5.852222e-02	5.394575e+00
5.293333e+01	-5.857169e-02	5.394291e+00
5.296667e+01	-5.800110e-02	5.397561e+00
53	-5.860898e-02	5.394078e+00
5.303333e+01	-6.194981e-02	5.374935e+00
5.306667e+01	-6.697415e-02	5.346146e+00
5.310000e+01	-6.963362e-02	5.330908e+00
5.313333e+01	-6.688894e-02	5.346634e+00
5.316667e+01	-6.043565e-02	5.383611e+00
5.320000e+01	-5.483883e-02	5.415680e+00
5.323333e+01	-5.281764e-02	5.427262e+00
5.326667e+01	-5.344091e-02	5.423690e+00
5.330000e+01	-5.412143e-02	5.419791e+00
5.333333e+01	-5.328030e-02	5.424611e+00
5.336667e+01	-5.117507e-02	5.436673e+00
5.340000e+01	-4.894028e-02	5.449478e+00
5.343333e+01	-4.733219e-02	5.458693e+00
5.346667e+01	-4.629450e-02	5.464638e+00
5.350000e+01	-4.534561e-02	5.470076e+00
5.353333e+01	-4.413758e-02	5.476997e+00
5.356667e+01	-4.268807e-02	5.485303e+00
5.360000e+01	-4.109598e-02	5.494425e+00
5.363333e+01	-3.884069e-02	5.507348e+00
5.366667e+01	-3.480484e-02	5.530473e+00
5.370000e+01	-2.889745e-02	5.564322e+00
5.373333e+01	-2.316935e-02	5.597143e+00
5.376667e+01	-2.016189e-02	5.614376e+00
5.380000e+01	-2.041519e-02	5.612924e+00
5.383333e+01	-2.242667e-02	5.601399e+00
5.386667e+01	-2.499492e-02	5.586683e+00
5.390000e+01	-2.861921e-02	5.565916e+00
5.393333e+01	-3.383662e-02	5.536021e+00
5.396667e+01	-3.920562e-02	5.505257e+00
54	-4.232539e-02	5.487381e+00
5.403333e+01	-4.237438e-02	5.487100e+00
5.406667e+01	-4.072552e-02	5.496548e+00
5.410000e+01	-3.916912e-02	5.505466e+00
5.413333e+01	-3.776751e-02	5.513497e+00
5.416667e+01	-3.482610e-02	5.530351e+00
5.420000e+01	-2.948746e-02	5.560941e+00
5.423333e+01	-2.363193e-02	5.594493e+00
5.426667e+01	-2.019801e-02	5.614169e+00
5.430000e+01	-2.018142e-02	5.614264e+00
5.433333e+01	-2.203688e-02	5.603632e+00
5.436667e+01	-2.336703e-02	5.596011e+00
5.440000e+01	-2.230172e-02	5.602115e+00
5.443333e+01	-1.799064e-02	5.626817e+00
5.446667e+01	-1.138128e-02	5.664688e+00
5.450000e+01	-5.125938e-03	5.700530e+00
5.453333e+01	-1.023455e-03	5.724037e+00
5.456667e+01	2.009174e-03	5.741414e+00
5.460000e+01	5.972834e-03	5.764125e+00
5.463333e+01	1.065057e-02	5.790928e+00
5.466667e+01	1.390917e-02	5.809600e+00
5.470000e+01	1.445202e-02	5.812710e+00
5.473333e+01	1.292583e-02	5.803965e+00
5.476667e+01	1.028332e-02	5.788824e+00
5.480000e+01	6.321352e-03	5.766122e+00
5.483333e+01	8.807042e-04	5.734948e+00
5.486667e+01	-4.469400e-03	5.704292e+00
5.490000e+01	-7.445367e-03	5.687240e+00
5.493333e+01	-7.391868e-03	5.687547e+00
5.496667e+01	-5.745259e-03	5.696982e+00
55	-4.435039e-03	5.704489e+00
5.503333e+01	-4.310879e-03	5.705201e+00
5.506667e+01	-4.953550e-03	5.701518e+00
5.510000e+01	-5.530246e-03	5.698214e+00
5.513333e+01	-5.615627e-03	5.697724e+00
5.516667e+01	-5.351191e-03	5.699240e+00
5.520000e+01	-5.093774e-03	5.700715e+00
5.523333e+01	-5.043543e-03	5.701002e+00
5.526667e+01	-5.152589e-03	5.700378e+00
5.530000e+01	-5.267590e-03	5.699719e+00
5.533333e+01	-5.295295e-03	5.699560e+00
5.536667e+01	-5.250705e-03	5.699815e+00
5.540000e+01	-5.199524e-03	5.700109e+00
5.543333e+01	-5.184912e-03	5.700192e+00
5.546667e+01	-5.202956e-03	5.700089e+00
5.550000e+01	-5.237980e-03	5.699888e+00
5.553333e+01	-5.339834e-03	5.699305e+00
5.556667e+01	-5.665836e-03	5.697437e+00
5.560000e+01	-6.385118e-03	5.693315e+00
5.563333e+01	-7.508158e-03	5.686880e+00
5.566667e+01	-8.849190e-03	5.679196e+00
5.570000e+01	-1.017500e-02	5.671600e+00
5.573333e+01	-1.137056e-02	5.664749e+00
5.576667e+01	-1.246934e-02	5.658453e+00
5.580000e+01	-1.356425e-02	5.652180e+00
5.583333e+01	-1.471091e-02	5.645609e+00
5.586667e+01	-1.590051e-02	5.638793e+00
5.590000e+01	-1.709419e-02	5.631953e+00
5.593333e+01	-1.826638e-02	5.625237e+00
5.596667e+01	-1.941929e-02	5.618631e+00
56	-2.055707e-02	5.612111e+00
5.603333e+01	-2.162174e-02	5.606011e+00
5.606667e+01	-2.245624e-02	5.601229e+00
5.610000e+01	-2.289633e-02	5.598708e+00
5.613333e+01	-2.293526e-02	5.598485e+00
5.616667e+01	-2.275889e-02	5.599495e+00
5.620000e+01	-2.259838e-02	5.600415e+00
5.623333e+01	-2.256705e-02	5.600594e+00
5.626667e+01	-2.281650e-02	5.599165e+00
5.630000e+01	-2.411493e-02	5.591725e+00
5.633333e+01	-2.771379e-02	5.571104e+00
5.636667e+01	-3.362890e-02	5.537211e+00
5.640000e+01	-3.956122e-02	5.503220e+00
5.643333e+01	-4.272409e-02	5.485097e+00
5.646667e+01	-4.248300e-02	5.486478e+00
5.650000e+01	-4.058093e-02	5.497377e+00
5.653333e+01	-3.917761e-02	5.505418e+00
5.656667e+01	-3.912755e-02	5.505704e+00
5.660000e+01	-3.988242e-02	5.501379e+00
5.663333e+01	-4.050481e-02	5.497813e+00
5.666667e+01	-4.056140e-02	5.497489e+00
5.670000e+01	-4.024786e-02	5.499285e+00
5.673333e+01	-3.978314e-02	5.501948e+00
5.676667e+01	-3.851320e-02	5.509225e+00
5.680000e+01	-3.506124e-02	5.529004e+00
5.683333e+01	-2.924577e-02	5.562326e+00
5.686667e+01	-2.330727e-02	5.596353e+00
5.690000e+01	-2.008200e-02	5.614834e+00
5.693333e+01	-2.027742e-02	5.613714e+00
5.696667e+01	-2.199432e-02	5.603876e+00
57	-2.219340e-02	5.602735e+00
5.703333e+01	-1.868187e-02	5.622856e+00
5.706667e+01	-1.198712e-02	5.661216e+00
5.710000e+01	-5.206258e-03	5.700070e+00
5.713333e+01	-7.381904e-04	5.725672e+00
5.716667e+01	2.280098e-03	5.742966e+00
5.720000e+01	6.021684e-03	5.764405e+00
5.723333e+01	1.053264e-02	5.790252e+00
5.726667e+01	1.397315e-02	5.809966e+00
5.730000e+01	1.584039e-02	5.820665e+00
5.733333e+01	1.797244e-02	5.832882e+00
5.736667e+01	2.127663e-02	5.851814e+00
5.740000e+01	2.323748e-02	5.863050e+00
5.743333e+01	2.093392e-02	5.849851e+00
5.746667e+01	1.514268e-02	5.816667e+00
5.750000e+01	9.037189e-03	5.781684e+00
5.753333e+01	4.116069e-03	5.753486e+00
5.756667e+01	-2.215065e-04	5.728632e+00
5.760000e+01	-4.119540e-03	5.706297e+00
5.763333e+01	-6.549147e-03	5.692375e+00
5.766667e+01	-6.886821e-03	5.690441e+00
5.770000e+01	-5.861541e-03	5.696315e+00
5.773333e+01	-4.816755e-03	5.702302e+00
5.776667e+01	-4.544299e-03	5.703863e+00
5.780000e+01	-4.917157e-03	5.701727e+00
5.783333e+01	-5.366771e-03	5.699150e+00
5.786667e+01	-5.507747e-03	5.698343e+00
5.790000e+01	-5.360552e-03	5.699186e+00
5.793333e+01	-5.163486e-03	5.700315e+00
5.796667e+01	-4.907925e-03	5.701779e+00
58	-3.735581e-03	5.708497e+00
5.803333e+01	-4.249839e-04	5.727466e+00
5.806667e+01	4.250795e-03	5.754258e+00
5.810000e+01	6.653291e-03	5.768024e+00
5.813333e+01	3.921577e-03	5.752372e+00
5.816667e+01	-2.275399e-03	5.716864e+00
5.820000e+01	-7.370756e-03	5.687668e+00
5.823333e+01	-8.543366e-03	5.680949e+00
5.826667e+01	-6.681966e-03	5.691614e+00
5.830000e+01	-4.510380e-03	5.704057e+00
5.833333e+01	-3.832797e-03	5.707940e+00
5.836667e+01	-4.534758e-03	5.703918e+00
5.840000e+01	-5.476555e-03	5.698521e+00
5.843333e+01	-5.815180e-03	5.696581e+00
5.846667e+01	-5.539521e-03	5.698161e+00
5.850000e+01	-5.126991e-03	5.700524e+00
5.853333e+01	-4.960925e-03	5.701476e+00
5.856667e+01	-5.068222e-03	5.700861e+00
5.860000e+01	-5.248773e-03	5.699826e+00
5.863333e+01	-5.329196e-03	5.699366e+00
5.866667e+01	-5.288322e-03	5.699600e+00
5.870000e+01	-5.209612e-03	5.700051e+00
5.873333e+01	-5.171137e-03	5.700271e+00
5.876667e+01	-5.186261e-03	5.700185e+00
5.880000e+01	-5.220421e-03	5.699989e+00
5.883333e+01	-5.238632e-03	5.699885e+00
5.886667e+01	-5.233261e-03	5.699915e+00
5.890000e+01	-5.403705e-03	5.698939e+00
5.893333e+01	-6.625807e-03	5.691936e+00
5.896667e+01	-1.021000e-02	5.671399e+00
59	-1.615738e-02	5.637321e+00
5.903333e+01	-2.212352e-02	5.603136e+00
5.906667e+01	-2.529439e-02	5.584967e+00
5.910000e+01	-2.504008e-02	5.586424e+00
5.913333e+01	-2.312295e-02	5.597409e+00
5.916667e+01	-2.171541e-02	5.605474e+00
5.920000e+01	-2.167071e-02	5.605730e+00
5.923333e+01	-2.224706e-02	5.602428e+00
5.926667e+01	-2.164096e-02	5.605901e+00
5.930000e+01	-1.811301e-02	5.626116e+00
5.933333e+01	-1.185549e-02	5.661971e+00
5.936667e+01	-5.612714e-03	5.697741e+00
5.940000e+01	-2.402867e-03	5.716133e+00
5.943333e+01	-2.786197e-03	5.713937e+00
5.946667e+01	-4.827583e-03	5.702240e+00
5.950000e+01	-6.258595e-03	5.694040e+00
5.953333e+01	-6.250010e-03	5.694089e+00
5.956667e+01	-5.432873e-03	5.698772e+00
5.960000e+01	-4.795257e-03	5.702425e+00
5.963333e+01	-4.762618e-03	5.702612e+00
5.966667e+01	-5.103858e-03	5.700657e+00
5.970000e+01	-5.391390e-03	5.699009e+00
5.973333e+01	-5.421003e-03	5.698840e+00
5.976667e+01	-5.278293e-03	5.699657e+00
5.980000e+01	-5.148646e-03	5.700400e+00
5.983333e+01	-5.128839e-03	5.700514e+00
5.986667e+01	-5.188120e-03	5.700174e+00
5.990000e+01	-5.246328e-03	5.699840e+00
5.993333e+01	-5.257995e-03	5.699774e+00
5.996667e+01	-5.233568e-03	5.699914e+00
60	-5.207558e-03	5.700063e+00
6.003333e+01	-5.201151e-03	5.700099e+00
6.006667e+01	-5.211125e-03	5.700042e+00
6.010000e+01	-5.222695e-03	5.699976e+00
6.013333e+01	-5.040857e-03	5.701018e+00
6.016667e+01	-3.806185e-03	5.708092e+00
6.020000e+01	-2.186630e-04	5.728648e+00
6.023333e+01	5.724089e-03	5.762700e+00
6.026667e+01	1.168465e-02	5.796853e+00
6.030000e+01	1.485379e-02	5.815012e+00
6.033333e+01	1.460134e-02	5.813566e+00
6.036667e+01	1.268668e-02	5.802595e+00
6.040000e+01	1.128001e-02	5.794535e+00
6.043333e+01	1.123457e-02	5.794274e+00
6.046667e+01	1.199504e-02	5.798632e+00
6.050000e+01	1.261915e-02	5.802208e+00
6.053333e+01	1.267389e-02	5.802522e+00
6.056667e+01	1.235788e-02	5.800711e+00
6.060000e+01	1.207749e-02	5.799104e+00
6.063333e+01	1.203893e-02	5.798883e+00
6.066667e+01	1.217045e-02	5.799637e+00
6.070000e+01	1.229645e-02	5.800359e+00
6.073333e+01	1.231984e-02	5.800493e+00
6.076667e+01	1.226549e-02	5.800181e+00
6.080000e+01	1.239431e-02	5.800920e+00
6.083333e+01	1.361187e-02	5.807896e+00
6.086667e+01	1.721653e-02	5.828550e+00
6.090000e+01	2.318268e-02	5.862736e+00
6.093333e+01	2.915181e-02	5.896938e+00
6.096667e+01	3.231418e-02	5.915058e+00
61	3.205145e-02	5.913553e+00
6.103333e+01	3.013258e-02	5.902558e+00
6.106667e+01	2.872853e-02	5.894513e+00
6.110000e+01	2.868760e-02	5.894279e+00
6.113333e+01	2.945009e-02	5.898648e+00
6.116667e+01	3.007322e-02	5.902218e+00
6.120000e+01	3.012599e-02	5.902520e+00
6.123333e+01	2.980901e-02	5.900704e+00
6.126667e+01	2.952898e-02	5.899100e+00
6.130000e+01	2.949127e-02	5.898884e+00
6.133333e+01	2.962326e-02	5.899640e+00
6.136667e+01	2.974913e-02	5.900361e+00
6.140000e+01	2.977215e-02	5.900493e+00
6.143333e+01	2.971758e-02	5.900180e+00
6.146667e+01	2.966124e-02	5.899857e+00
6.150000e+01	2.964832e-02	5.899783e+00
6.153333e+01	2.967068e-02	5.899911e+00
6.156667e+01	2.969579e-02	5.900055e+00
6.160000e+01	2.970267e-02	5.900095e+00
6.163333e+01	2.969360e-02	5.900043e+00
6.166667e+01	2.968246e-02	5.899979e+00
6.170000e+01	2.967892e-02	5.899959e+00
6.173333e+01	2.968256e-02	5.899980e+00
6.176667e+01	2.968748e-02	5.900008e+00
6.180000e+01	2.968925e-02	5.900018e+00
6.183333e+01	2.968781e-02	5.900010e+00
6.186667e+01	2.968565e-02	5.899997e+00
6.190000e+01	2.968478e-02	5.899992e+00
6.193333e+01	2.987054e-02	5.901057e+00
6.196667e+01	3.110213e-02	5.908114e+00
62	3.468495e-02	5.928643e+00
6.203333e+01	4.062578e-02	5.962683e+00
6.206667e+01	4.658753e-02	5.996843e+00
6.210000e+01	4.975873e-02	6.015014e+00
6.213333e+01	4.950721e-02	6.013573e+00
6.216667e+01	4.754936e-02	6.002355e+00
6.220000e+01	4.581506e-02	5.992417e+00
6.223333e+01	4.465848e-02	5.985790e+00
6.226667e+01	4.317865e-02	5.977311e+00
6.230000e+01	4.072953e-02	5.963278e+00
6.233333e+01	3.752329e-02	5.944906e+00
6.236667e+01	3.400897e-02	5.924769e+00
6.240000e+01	3.032812e-02	5.903679e+00
6.243333e+01	2.642411e-02	5.881309e+00
6.246667e+01	2.231694e-02	5.857775e+00
6.250000e+01	1.814590e-02	5.833876e+00
6.253333e+01	1.404236e-02	5.810363e+00
6.256667e+01	1.003448e-02	5.787398e+00
6.260000e+01	6.066070e-03	5.764659e+00
6.263333e+01	2.117012e-03	5.742032e+00
6.266667e+01	-1.589394e-03	5.720794e+00
6.270000e+01	-4.488388e-03	5.704183e+00
6.273333e+01	-6.007805e-03	5.695477e+00
6.276667e+01	-6.133452e-03	5.694757e+00
6.280000e+01	-5.518076e-03	5.698283e+00
6.283333e+01	-5.149064e-03	5.700398e+00
6.286667e+01	-6.460418e-03	5.692884e+00
6.290000e+01	-1.168333e-02	5.662957e+00
6.293333e+01	-2.267159e-02	5.599995e+00
6.296667e+01	-3.821249e-02	5.510948e+00
63	-5.319626e-02	5.425092e+00
6.303333e+01	-6.197505e-02	5.374790e+00
6.306667e+01	-6.295076e-02	5.369200e+00
6.310000e+01	-5.941309e-02	5.389470e+00
6.313333e+01	-5.608999e-02	5.408511e+00
6.316667e+01	-5.522671e-02	5.413458e+00
6.320000e+01	-5.532069e-02	5.412919e+00
6.323333e+01	-5.315831e-02	5.425310e+00
6.326667e+01	-4.757328e-02	5.457311e+00
6.330000e+01	-4.107520e-02	5.494545e+00
6.333333e+01	-3.727733e-02	5.516306e+00
6.336667e+01	-3.734487e-02	5.515919e+00
6.340000e+01	-3.947688e-02	5.503703e+00
6.343333e+01	-4.116174e-02	5.494049e+00
6.346667e+01	-4.130099e-02	5.493251e+00
6.350000e+01	-4.026859e-02	5.499166e+00
6.353333e+01	-3.829121e-02	5.510497e+00
6.356667e+01	-3.460746e-02	5.531604e+00
6.360000e+01	-2.901650e-02	5.563640e+00
6.363333e+01	-2.338854e-02	5.595887e+00
6.366667e+01	-2.027847e-02	5.613708e+00
6.370000e+01	-2.038540e-02	5.613095e+00
6.373333e+01	-2.215119e-02	5.602977e+00
6.376667e+01	-2.352450e-02	5.595108e+00
6.380000e+01	-2.362964e-02	5.594506e+00
6.383333e+01	-2.293554e-02	5.598483e+00
6.386667e+01	-2.232929e-02	5.601957e+00
6.390000e+01	-2.225030e-02	5.602409e+00
6.393333e+01	-2.235165e-02	5.601829e+00
6.396667e+01	-2.139218e-02	5.607326e+00
64	-1.785808e-02	5.627576e+00
6.403333e+01	-1.179853e-02	5.662297e+00
6.406667e+01	-5.715004e-03	5.697155e+00
6.410000e+01	-2.516358e-03	5.715483e+00
6.413333e+01	-2.828923e-03	5.713692e+00
6.416667e+01	-4.892701e-03	5.701867e+00
6.420000e+01	-6.648167e-03	5.691808e+00
6.423333e+01	-7.403552e-03	5.687480e+00
6.426667e+01	-7.745603e-03	5.685520e+00
6.430000e+01	-8.451714e-03	5.681474e+00
6.433333e+01	-9.726126e-03	5.674172e+00
6.436667e+01	-1.124656e-02	5.665460e+00
6.440000e+01	-1.263082e-02	5.657528e+00
6.443333e+01	-1.376316e-02	5.651040e+00
6.446667e+01	-1.477448e-02	5.645245e+00
6.450000e+01	-1.583572e-02	5.639164e+00
6.453333e+01	-1.700635e-02	5.632457e+00
6.456667e+01	-1.823452e-02	5.625419e+00
6.460000e+01	-1.944491e-02	5.618484e+00
6.463333e+01	-2.059568e-02	5.611890e+00
6.466667e+01	-2.163740e-02	5.605921e+00
6.470000e+01	-2.244628e-02	5.601286e+00
6.473333e+01	-2.287943e-02	5.598805e+00
6.476667e+01	-2.292768e-02	5.598528e+00
6.480000e+01	-2.276268e-02	5.599474e+00
6.483333e+01	-2.260574e-02	5.600373e+00
6.486667e+01	-2.257068e-02	5.600574e+00
6.490000e+01	-2.262990e-02	5.600234e+00
6.493333e+01	-2.269589e-02	5.599856e+00
6.496667e+01	-2.271384e-02	5.599753e+00
65	-2.269011e-02	5.599889e+00
6.503333e+01	-2.266115e-02	5.600055e+00
6.506667e+01	-2.265204e-02	5.600107e+00
6.510000e+01	-2.266158e-02	5.600053e+00
6.513333e+01	-2.267437e-02	5.599980e+00
6.516667e+01	-2.267894e-02	5.599953e+00
6.520000e+01	-2.267515e-02	5.599975e+00
6.523333e+01	-2.266953e-02	5.600007e+00
6.526667e+01	-2.248207e-02	5.601081e+00
6.530000e+01	-2.125291e-02	5.608124e+00
6.533333e+01	-1.767297e-02	5.628637e+00
6.536667e+01	-1.173302e-02	5.662672e+00
6.540000e+01	-5.770291e-03	5.696838e+00
6.543333e+01	-2.597819e-03	5.715016e+00
6.546667e+01	-2.848892e-03	5.713578e+00
6.550000e+01	-4.764391e-03	5.702602e+00
6.553333e+01	-6.172524e-03	5.694533e+00
6.556667e+01	-6.218623e-03	5.694269e+00
6.560000e+01	-5.457843e-03	5.698629e+00
6.563333e+01	-4.833090e-03	5.702208e+00
6.566667e+01	-4.778037e-03	5.702524e+00
6.570000e+01	-5.094163e-03	5.700712e+00
6.573333e+01	-5.374834e-03	5.699104e+00
6.576667e+01	-5.413543e-03	5.698882e+00
6.580000e+01	-5.281974e-03	5.699636e+00
6.583333e+01	-5.155860e-03	5.700359e+00
6.586667e+01	-5.132403e-03	5.700493e+00
6.590000e+01	-5.371966e-03	5.699121e+00
6.593333e+01	-6.659043e-03	5.691746e+00
6.596667e+01	-1.025455e-02	5.671144e+00
66	-1.617333e-02	5.637230e+00
6.603333e+01	-2.211036e-02	5.603211e+00
6.606667e+01	-2.527479e-02	5.585079e+00
6.610000e+01	-2.503222e-02	5.586469e+00
6.613333e+01	-2.312808e-02	5.597380e+00
6.616667e+01	-2.172399e-02	5.605425e+00
6.620000e+01	-2.167452e-02	5.605709e+00
6.623333e+01	-2.243031e-02	5.601378e+00
6.626667e+01	-2.305306e-02	5.597810e+00
6.630000e+01	-2.310943e-02	5.597487e+00
6.633333e+01	-2.279549e-02	5.599285e+00
6.636667e+01	-2.251579e-02	5.600888e+00
6.640000e+01	-2.247658e-02	5.601113e+00
6.643333e+01	-2.260719e-02	5.600364e+00
6.646667e+01	-2.273284e-02	5.599644e+00
6.650000e+01	-2.275649e-02	5.599509e+00
6.653333e+01	-2.270254e-02	5.599818e+00
6.656667e+01	-2.264633e-02	5.600140e+00
6.660000e+01	-2.263315e-02	5.600216e+00
6.663333e+01	-2.265523e-02	5.600089e+00
6.666667e+01	-2.268027e-02	5.599946e+00
6.670000e+01	-2.268726e-02	5.599906e+00
6.673333e+01	-2.267831e-02	5.599957e+00
6.676667e+01	-2.266721e-02	5.600021e+00
6.680000e+01	-2.266362e-02	5.600041e+00
6.683333e+01	-2.266721e-02	5.600021e+00
6.686667e+01	-2.267211e-02	5.599992e+00
6.690000e+01	-2.267390e-02	5.599982e+00
6.693333e+01	-2.267249e-02	5.599990e+00
6.696667e+01	-2.267033e-02	5.600003e+00
67	-2.248425e-02	5.601069e+00
6.703333e+01	-2.125416e-02	5.608117e+00
6.706667e+01	-1.785790e-02	5.627577e+00
6.710000e+01	-1.314793e-02	5.654565e+00
6.713333e+01	-1.076795e-02	5.668202e+00
6.716667e+01	-1.353718e-02	5.652335e+00
6.720000e+01	-1.975075e-02	5.616732e+00
6.723333e+01	-2.502271e-02	5.586524e+00
6.726667e+01	-2.740960e-02	5.572847e+00
6.730000e+01	-2.912266e-02	5.563031e+00
6.733333e+01	-3.289530e-02	5.541415e+00
6.736667e+01	-3.818699e-02	5.511094e+00
6.740000e+01	-4.206411e-02	5.488878e+00
6.743333e+01	-4.275318e-02	5.484930e+00
6.746667e+01	-4.117344e-02	5.493982e+00
6.750000e+01	-3.948835e-02	5.503637e+00
6.753333e+01	-3.903035e-02	5.506261e+00
6.756667e+01	-3.962631e-02	5.502847e+00
6.760000e+01	-4.035898e-02	5.498648e+00
6.763333e+01	-4.059435e-02	5.497300e+00
6.766667e+01	-4.035811e-02	5.498653e+00
6.770000e+01	-4.003627e-02	5.500498e+00
6.773333e+01	-3.991893e-02	5.501170e+00
6.776667e+01	-4.001226e-02	5.500635e+00
6.780000e+01	-4.033884e-02	5.498764e+00
6.783333e+01	-4.162707e-02	5.491382e+00
6.786667e+01	-4.517322e-02	5.471063e+00
6.790000e+01	-5.105239e-02	5.437376e+00
6.793333e+01	-5.698670e-02	5.403373e+00
6.796667e+01	-6.017186e-02	5.385123e+00
68	-5.994722e-02	5.386410e+00
6.803333e+01	-5.804525e-02	5.397308e+00
6.806667e+01	-5.663251e-02	5.405403e+00
6.810000e+01	-5.657496e-02	5.405732e+00
6.813333e+01	-5.732937e-02	5.401410e+00
6.816667e+01	-5.795572e-02	5.397821e+00
6.820000e+01	-5.801570e-02	5.397477e+00
6.823333e+01	-5.770255e-02	5.399271e+00
6.826667e+01	-5.742137e-02	5.400883e+00
6.830000e+01	-5.738055e-02	5.401117e+00
6.833333e+01	-5.751074e-02	5.400371e+00
6.836667e+01	-5.763699e-02	5.399647e+00
6.840000e+01	-5.766135e-02	5.399508e+00
6.843333e+01	-5.760762e-02	5.399815e+00
6.846667e+01	-5.755117e-02	5.400139e+00
6.850000e+01	-5.753767e-02	5.400216e+00
6.853333e+01	-5.755964e-02	5.400090e+00
6.856667e+01	-5.758478e-02	5.399946e+00
6.860000e+01	-5.759191e-02	5.399905e+00
6.863333e+01	-5.758301e-02	5.399956e+00
6.866667e+01	-5.757187e-02	5.400020e+00
6.870000e+01	-5.756823e-02	5.400041e+00
6.873333e+01	-5.757179e-02	5.400021e+00
6.876667e+01	-5.739150e-02	5.401054e+00
6.880000e+01	-5.616268e-02	5.408095e+00
6.883333e+01	-5.257887e-02	5.428630e+00
6.886667e+01	-4.663568e-02	5.462684e+00
6.890000e+01	-4.067261e-02	5.496851e+00
6.893333e+01	-3.750176e-02	5.515020e+00
6.896667e+01	-3.775430e-02	5.513573e+00
69	-3.967002e-02	5.502596e+00
6.903333e+01	-4.107748e-02	5.494531e+00
6.906667e+01	-4.112292e-02	5.494271e+00
6.910000e+01	-4.036201e-02	5.498631e+00
6.913333e+01	-3.973753e-02	5.502209e+00
6.916667e+01	-3.968278e-02	5.502523e+00
6.920000e+01	-3.999897e-02	5.500711e+00
6.923333e+01	-4.027953e-02	5.499104e+00
6.926667e+01	-4.031811e-02	5.498883e+00
6.930000e+01	-4.018650e-02	5.499637e+00
6.933333e+01	-4.006043e-02	5.500359e+00
6.936667e+01	-4.003704e-02	5.500493e+00
6.940000e+01	-4.009142e-02	5.500182e+00
6.943333e+01	-4.033303e-02	5.498797e+00
6.946667e+01	-4.157676e-02	5.491671e+00
6.950000e+01	-4.513689e-02	5.471271e+00
6.953333e+01	-5.123800e-02	5.436313e+00
6.956667e+01	-5.842385e-02	5.395138e+00
6.960000e+01	-6.518668e-02	5.356388e+00
6.963333e+01	-7.088727e-02	5.323724e+00
6.966667e+01	-7.493772e-02	5.300516e+00
6.970000e+01	-7.669783e-02	5.290430e+00
6.973333e+01	-7.639547e-02	5.292163e+00
6.976667e+01	-7.523909e-02	5.298789e+00
6.980000e+01	-7.447165e-02	5.303186e+00
6.983333e+01	-7.459181e-02	5.302498e+00
6.986667e+01	-7.542178e-02	5.297742e+00
6.990000e+01	-7.660667e-02	5.290953e+00
6.993333e+01	-7.792212e-02	5.283415e+00
6.996667e+01	-7.928122e-02	5.275628e+00
70	-8.065164e-02	5.267775e+00
7.003333e+01	-8.201421e-02	5.259968e+00
7.006667e+01	-8.336071e-02	5.252253e+00
7.010000e+01	-8.469587e-02	5.244602e+00
7.013333e+01	-8.603011e-02	5.236957e+00
7.016667e+01	-8.735580e-02	5.229361e+00
7.020000e+01	-8.859199e-02	5.222278e+00
7.023333e+01	-8.939678e-02	5.217667e+00
7.026667e+01	-8.885772e-02	5.220755e+00
7.030000e+01	-8.586781e-02	5.237887e+00
7.033333e+01	-8.063767e-02	5.267856e+00
7.036667e+01	-7.540992e-02	5.297810e+00
7.040000e+01	-7.269193e-02	5.313384e+00
7.043333e+01	-7.297887e-02	5.311740e+00
7.046667e+01	-7.467671e-02	5.302011e+00
7.050000e+01	-7.588606e-02	5.295082e+00
7.053333e+01	-7.589492e-02	5.295031e+00
7.056667e+01	-7.521723e-02	5.298914e+00
7.060000e+01	-7.467926e-02	5.301997e+00
7.063333e+01	-7.464493e-02	5.302193e+00
7.066667e+01	-7.492747e-02	5.300574e+00
7.070000e+01	-7.516975e-02	5.299186e+00
7.073333e+01	-7.519758e-02	5.299027e+00
7.076667e+01	-7.507961e-02	5.299703e+00
7.080000e+01	-7.497050e-02	5.300328e+00
7.083333e+01	-7.476739e-02	5.301492e+00
7.086667e+01	-7.358567e-02	5.308263e+00
7.090000e+01	-7.005221e-02	5.328509e+00
7.093333e+01	-6.412151e-02	5.362492e+00
7.096667e+01	-5.813922e-02	5.396769e+00
71	-5.494598e-02	5.415066e+00
7.103333e+01	-5.519196e-02	5.413657e+00
7.106667e+01	-5.711545e-02	5.402636e+00
7.110000e+01	-5.853282e-02	5.394514e+00
7.113333e+01	-5.858160e-02	5.394235e+00
7.116667e+01	-5.763239e-02	5.399674e+00
7.120000e+01	-5.577290e-02	5.410328e+00
7.123333e+01	-5.213408e-02	5.431178e+00
7.126667e+01	-4.651046e-02	5.463401e+00
7.130000e+01	-4.083076e-02	5.495945e+00
7.133333e+01	-3.769875e-02	5.513891e+00
7.136667e+01	-3.797878e-02	5.512287e+00
7.140000e+01	-4.083372e-02	5.495928e+00
7.143333e+01	-4.532235e-02	5.470209e+00
7.146667e+01	-5.055931e-02	5.440202e+00
7.150000e+01	-5.492821e-02	5.415168e+00
7.153333e+01	-5.673226e-02	5.404831e+00
7.156667e+01	-5.570765e-02	5.410702e+00
7.160000e+01	-5.321178e-02	5.425003e+00
7.163333e+01	-5.092715e-02	5.438094e+00
7.166667e+01	-4.961370e-02	5.445620e+00
7.170000e+01	-4.895890e-02	5.449372e+00
7.173333e+01	-4.827783e-02	5.453274e+00
7.176667e+01	-4.720155e-02	5.459441e+00
7.180000e+01	-4.582947e-02	5.467303e+00
7.183333e+01	-4.445172e-02	5.475197e+00
7.186667e+01	-4.323991e-02	5.482141e+00
7.190000e+01	-4.217442e-02	5.488246e+00
7.193333e+01	-4.120077e-02	5.493825e+00
7.196667e+01	-4.039629e-02	5.498435e+00
72	-3.992728e-02	5.501122e+00
7.203333e+01	-3.984820e-02	5.501575e+00
7.206667e+01	-4.000960e-02	5.500650e+00
7.210000e+01	-4.018151e-02	5.499665e+00
7.213333e+01	-4.023046e-02	5.499385e+00
7.216667e+01	-4.035875e-02	5.498650e+00
7.220000e+01	-4.151720e-02	5.492012e+00
7.223333e+01	-4.507542e-02	5.471624e+00
7.226667e+01	-5.103886e-02	5.437454e+00
7.230000e+01	-5.703254e-02	5.403111e+00
7.233333e+01	-6.040103e-02	5.383809e+00
7.236667e+01	-6.137125e-02	5.378250e+00
7.240000e+01	-6.302454e-02	5.368777e+00
7.243333e+01	-6.755211e-02	5.342834e+00
7.246667e+01	-7.328664e-02	5.309976e+00
7.250000e+01	-7.599414e-02	5.294462e+00
7.253333e+01	-7.278749e-02	5.312836e+00
7.256667e+01	-6.498481e-02	5.357545e+00
7.260000e+01	-5.729625e-02	5.401600e+00
7.263333e+01	-5.379708e-02	5.421649e+00
7.266667e+01	-5.477120e-02	5.416068e+00
7.270000e+01	-5.744374e-02	5.400754e+00
7.273333e+01	-5.903305e-02	5.391648e+00
7.276667e+01	-5.878607e-02	5.393063e+00
7.280000e+01	-5.768993e-02	5.399344e+00
7.283333e+01	-5.697001e-02	5.403469e+00
7.286667e+01	-5.703359e-02	5.403105e+00
7.290000e+01	-5.749824e-02	5.400442e+00
7.293333e+01	-5.782752e-02	5.398555e+00
7.296667e+01	-5.780642e-02	5.398676e+00
73	-5.752728e-02	5.400276e+00
7.303333e+01	-5.713807e-02	5.402506e+00
7.306667e+01	-5.672491e-02	5.404873e+00
7.310000e+01	-5.631619e-02	5.407215e+00
7.313333e+01	-5.583988e-02	5.409944e+00
7.316667e+01	-5.513323e-02	5.413993e+00
7.320000e+01	-5.409930e-02	5.419918e+00
7.323333e+01	-5.282407e-02	5.427225e+00
7.326667e+01	-5.150148e-02	5.434803e+00
7.330000e+01	-5.027155e-02	5.441850e+00
7.333333e+01	-4.914391e-02	5.448312e+00
7.336667e+01	-4.804599e-02	5.454603e+00
7.340000e+01	-4.691353e-02	5.461092e+00
7.343333e+01	-4.573684e-02	5.467834e+00
7.346667e+01	-4.454513e-02	5.474662e+00
7.350000e+01	-4.336705e-02	5.481413e+00
7.353333e+01	-4.222069e-02	5.487981e+00
7.356667e+01	-4.116380e-02	5.494037e+00
7.360000e+01	-4.034039e-02	5.498755e+00
7.363333e+01	-3.990454e-02	5.501252e+00
7.366667e+01	-3.986256e-02	5.501493e+00
7.370000e+01	-4.003407e-02	5.500510e+00
7.373333e+01	-4.019251e-02	5.499602e+00
7.376667e+01	-4.022501e-02	5.499416e+00
7.380000e+01	-4.016289e-02	5.499772e+00
7.383333e+01	-4.009610e-02	5.500155e+00
7.386667e+01	-4.007919e-02	5.500252e+00
7.390000e+01	-4.010421e-02	5.500108e+00
7.393333e+01	-4.013358e-02	5.499940e+00
7.396667e+01	-4.014227e-02	5.499890e+00
74	-4.013216e-02	5.499948e+00
7.403333e+01	-4.011917e-02	5.500023e+00
7.406667e+01	-3.992956e-02	5.501109e+00
7.410000e+01	-3.870295e-02	5.508137e+00
7.413333e+01	-3.512628e-02	5.528631e+00
7.416667e+01	-2.918743e-02	5.562660e+00
7.420000e+01	-2.322367e-02	5.596832e+00
7.423333e+01	-2.004976e-02	5.615018e+00
7.426667e+01	-2.030029e-02	5.613583e+00
7.430000e+01	-2.221619e-02	5.602605e+00
7.433333e+01	-2.362496e-02	5.594533e+00
7.436667e+01	-2.367132e-02	5.594267e+00
7.440000e+01	-2.291039e-02	5.598627e+00
7.443333e+01	-2.228536e-02	5.602209e+00
7.446667e+01	-2.223018e-02	5.602525e+00
7.450000e+01	-2.254636e-02	5.600713e+00
7.453333e+01	-2.282715e-02	5.599104e+00
7.456667e+01	-2.286592e-02	5.598882e+00
7.460000e+01	-2.273433e-02	5.599636e+00
7.463333e+01	-2.260817e-02	5.600359e+00
7.466667e+01	-2.258468e-02	5.600493e+00
7.470000e+01	-2.245385e-02	5.601243e+00
7.473333e+01	-2.127966e-02	5.607971e+00
7.476667e+01	-1.771039e-02	5.628423e+00
7.480000e+01	-1.174708e-02	5.662592e+00
7.483333e+01	-5.759765e-03	5.696899e+00
7.486667e+01	-2.581392e-03	5.715110e+00
7.490000e+01	-2.842015e-03	5.713617e+00
7.493333e+01	-4.768457e-03	5.702579e+00
7.496667e+01	-6.179705e-03	5.694492e+00
75	-6.221938e-03	5.694250e+00
7.503333e+01	-5.456310e-03	5.698637e+00
7.506667e+01	-4.644763e-03	5.703287e+00
7.510000e+01	-3.360613e-03	5.710645e+00
7.513333e+01	-9.647930e-05	5.729349e+00
7.516667e+01	5.563094e-03	5.761777e+00
7.520000e+01	1.165812e-02	5.796701e+00
7.523333e+01	1.609800e-02	5.822141e+00
7.526667e+01	1.927974e-02	5.840372e+00
7.530000e+01	2.285746e-02	5.860872e+00
7.533333e+01	2.678965e-02	5.883403e+00
7.536667e+01	2.923014e-02	5.897387e+00
7.540000e+01	2.890410e-02	5.895519e+00
7.543333e+01	2.648302e-02	5.881647e+00
7.546667e+01	2.371974e-02	5.865813e+00
7.550000e+01	2.184354e-02	5.855063e+00
7.553333e+01	2.087866e-02	5.849534e+00
7.556667e+01	2.013622e-02	5.845280e+00
7.560000e+01	1.904935e-02	5.839052e+00
7.563333e+01	1.756321e-02	5.830537e+00
7.566667e+01	1.596045e-02	5.821353e+00
7.570000e+01	1.451009e-02	5.813043e+00
7.573333e+01	1.333053e-02	5.806284e+00
7.576667e+01	1.267086e-02	5.802504e+00
7.580000e+01	1.345852e-02	5.807017e+00
7.583333e+01	1.697894e-02	5.827189e+00
7.586667e+01	2.307258e-02	5.862105e+00
7.590000e+01	2.918966e-02	5.897155e+00
7.593333e+01	3.240271e-02	5.915566e+00
7.596667e+01	3.191363e-02	5.912763e+00
76	2.870354e-02	5.894370e+00
7.603333e+01	2.369294e-02	5.865660e+00
7.606667e+01	1.772664e-02	5.831473e+00
7.610000e+01	1.255314e-02	5.801830e+00
7.613333e+01	1.001642e-02	5.787295e+00
7.616667e+01	1.031479e-02	5.789004e+00
7.620000e+01	1.190170e-02	5.798097e+00
7.623333e+01	1.302381e-02	5.804527e+00
7.626667e+01	1.303419e-02	5.804586e+00
7.630000e+01	1.241042e-02	5.801012e+00
7.633333e+01	1.191435e-02	5.798169e+00
7.636667e+01	1.188164e-02	5.797982e+00
7.640000e+01	1.214103e-02	5.799468e+00
7.643333e+01	1.236405e-02	5.800746e+00
7.646667e+01	1.239005e-02	5.800895e+00
7.650000e+01	1.228177e-02	5.800275e+00
7.653333e+01	1.218137e-02	5.799699e+00
7.656667e+01	1.216474e-02	5.799604e+00
7.660000e+01	1.239484e-02	5.800923e+00
7.663333e+01	1.367050e-02	5.808232e+00
7.666667e+01	1.726247e-02	5.828814e+00
7.670000e+01	2.318506e-02	5.862749e+00
7.673333e+01	2.912713e-02	5.896797e+00
7.676667e+01	3.229334e-02	5.914939e+00
7.680000e+01	3.204926e-02	5.913541e+00
7.683333e+01	3.014290e-02	5.902617e+00
7.686667e+01	2.873793e-02	5.894567e+00
7.690000e+01	2.868905e-02	5.894287e+00
7.693333e+01	2.944581e-02	5.898623e+00
7.696667e+01	3.006900e-02	5.902194e+00
77	3.012514e-02	5.902515e+00
7.703333e+01	2.981078e-02	5.900714e+00
7.706667e+01	2.953087e-02	5.899110e+00
7.710000e+01	2.949174e-02	5.898886e+00
7.713333e+01	2.962254e-02	5.899636e+00
7.716667e+01	2.974829e-02	5.900356e+00
7.720000e+01	2.977190e-02	5.900491e+00
7.723333e+01	2.971788e-02	5.900182e+00
7.726667e+01	2.966161e-02	5.899860e+00
7.730000e+01	2.964845e-02	5.899784e+00
7.733333e+01	2.967057e-02	5.899911e+00
7.736667e+01	2.969562e-02	5.900054e+00
7.740000e+01	2.970261e-02	5.900094e+00
7.743333e+01	2.969364e-02	5.900043e+00
7.746667e+01	2.968254e-02	5.899979e+00
7.750000e+01	2.967895e-02	5.899959e+00
7.753333e+01	2.968254e-02	5.899979e+00
7.756667e+01	2.968745e-02	5.900008e+00
7.760000e+01	2.968924e-02	5.900018e+00
7.763333e+01	2.968782e-02	5.900010e+00
7.766667e+01	2.968567e-02	5.899997e+00
7.770000e+01	2.968479e-02	5.899992e+00
7.773333e+01	2.968534e-02	5.899995e+00
7.776667e+01	2.968628e-02	5.900001e+00
7.780000e+01	2.968670e-02	5.900003e+00
7.783333e+01	2.968650e-02	5.900002e+00
7.786667e+01	2.968609e-02	5.900000e+00
7.790000e+01	2.968588e-02	5.899999e+00
7.793333e+01	2.967171e-02	5.899917e+00
7.796667e+01	2.956298e-02	5.899294e+00
78	2.917860e-02	5.897092e+00
7.803333e+01	2.833708e-02	5.892270e+00
7.806667e+01	2.703690e-02	5.884820e+00
7.810000e+01	2.549279e-02	5.875973e+00
7.813333e+01	2.396808e-02	5.867236e+00
7.816667e+01	2.259073e-02	5.859344e+00
7.820000e+01	2.132166e-02	5.852072e+00
7.823333e+01	2.005608e-02	5.844821e+00
7.826667e+01	1.873198e-02	5.837234e+00
7.830000e+01	1.737408e-02	5.829453e+00
7.833333e+01	1.609239e-02	5.822109e+00
7.836667e+01	1.501592e-02	5.815941e+00
7.840000e+01	1.415672e-02	5.811018e+00
7.843333e+01	1.339678e-02	5.806664e+00
7.846667e+01	1.268760e-02	5.802600e+00
7.850000e+01	1.216243e-02	5.799591e+00
7.853333e+01	1.196610e-02	5.798466e+00
7.856667e+01	1.205696e-02	5.798987e+00
7.860000e+01	1.223757e-02	5.800021e+00
7.863333e+01	1.233389e-02	5.800573e+00
7.866667e+01	1.230974e-02	5.800435e+00
7.870000e+01	1.205111e-02	5.798953e+00
7.873333e+01	1.077649e-02	5.791650e+00
7.876667e+01	7.201573e-03	5.771166e+00
7.880000e+01	1.291711e-03	5.737303e+00
7.883333e+01	-4.650228e-03	5.703256e+00
7.886667e+01	-7.823679e-03	5.685073e+00
7.890000e+01	-7.585384e-03	5.686438e+00
7.893333e+01	-5.679396e-03	5.697359e+00
7.896667e+01	-4.271382e-03	5.705427e+00
79	-4.219882e-03	5.705722e+00
7.903333e+01	-4.976332e-03	5.701388e+00
7.906667e+01	-5.600791e-03	5.697809e+00
7.910000e+01	-5.658113e-03	5.697481e+00
7.913333e+01	-5.343948e-03	5.699281e+00
7.916667e+01	-5.063512e-03	5.700888e+00
7.920000e+01	-5.023856e-03	5.701115e+00
7.923333e+01	-5.154542e-03	5.700366e+00
7.926667e+01	-5.280506e-03	5.699645e+00
7.930000e+01	-5.304356e-03	5.699508e+00
7.933333e+01	-5.250391e-03	5.699817e+00
7.936667e+01	-5.194041e-03	5.700140e+00
7.940000e+01	-5.180769e-03	5.700216e+00
7.943333e+01	-5.202855e-03	5.700090e+00
7.946667e+01	-5.227947e-03	5.699946e+00
7.950000e+01	-5.234981e-03	5.699905e+00
7.953333e+01	-5.226033e-03	5.699957e+00
7.956667e+01	-5.029707e-03	5.701082e+00
7.960000e+01	-3.795461e-03	5.708154e+00
7.963333e+01	-2.166448e-04	5.728660e+00
7.966667e+01	5.719485e-03	5.762673e+00
7.970000e+01	1.167985e-02	5.796826e+00
7.973333e+01	1.485266e-02	5.815006e+00
7.976667e+01	1.459088e-02	5.813506e+00
7.980000e+01	1.258208e-02	5.801996e+00
7.983333e+01	1.084065e-02	5.792017e+00
7.986667e+01	1.006457e-02	5.787570e+00
7.990000e+01	9.698087e-03	5.785470e+00
7.993333e+01	8.984656e-03	5.781383e+00
7.996667e+01	7.718587e-03	5.774128e+00
80	6.208960e-03	5.765478e+00
8.003333e+01	4.828413e-03	5.757568e+00
8.006667e+01	3.692749e-03	5.751061e+00
8.010000e+01	2.676671e-03	5.745238e+00
8.013333e+01	1.613594e-03	5.739147e+00
8.016667e+01	4.442609e-04	5.732447e+00
8.020000e+01	-7.818219e-04	5.725422e+00
8.023333e+01	-1.991314e-03	5.718491e+00
8.026667e+01	-3.142587e-03	5.711895e+00
8.030000e+01	-4.185213e-03	5.705921e+00
8.033333e+01	-4.994525e-03	5.701283e+00
8.036667e+01	-5.427487e-03	5.698802e+00
8.040000e+01	-5.475341e-03	5.698528e+00
8.043333e+01	-5.495338e-03	5.698414e+00
8.046667e+01	-6.569111e-03	5.692261e+00
8.050000e+01	-1.011662e-02	5.671934e+00
8.053333e+01	-1.611697e-02	5.637553e+00
8.056667e+01	-2.214511e-02	5.603012e+00
8.060000e+01	-2.533438e-02	5.584738e+00
8.063333e+01	-2.505901e-02	5.586316e+00
8.066667e+01	-2.311477e-02	5.597456e+00
8.070000e+01	-2.169803e-02	5.605574e+00
8.073333e+01	-2.166174e-02	5.605782e+00
8.076667e+01	-2.243523e-02	5.601350e+00
8.080000e+01	-2.306433e-02	5.597745e+00
8.083333e+01	-2.311548e-02	5.597452e+00
8.086667e+01	-2.260855e-02	5.600357e+00
8.090000e+01	-2.109508e-02	5.609029e+00
8.093333e+01	-1.747550e-02	5.629768e+00
8.096667e+01	-1.166849e-02	5.663042e+00
81	-5.833485e-03	5.696476e+00
8.103333e+01	-2.684955e-03	5.714517e+00
8.106667e+01	-2.881118e-03	5.713393e+00
8.110000e+01	-4.739468e-03	5.702745e+00
8.113333e+01	-6.134243e-03	5.694753e+00
8.116667e+01	-6.202824e-03	5.694360e+00
8.120000e+01	-5.467497e-03	5.698573e+00
8.123333e+01	-4.849834e-03	5.702112e+00
8.126667e+01	-4.785669e-03	5.702480e+00
8.130000e+01	-4.905306e-03	5.701794e+00
8.133333e+01	-3.951698e-03	5.707259e+00
8.136667e+01	-4.116592e-04	5.727543e+00
8.140000e+01	5.655967e-03	5.762310e+00
8.143333e+01	1.174243e-02	5.797184e+00
8.146667e+01	1.493873e-02	5.815499e+00
8.150000e+01	1.463496e-02	5.813758e+00
8.153333e+01	1.266413e-02	5.802466e+00
8.156667e+01	1.124279e-02	5.794322e+00
8.160000e+01	1.121825e-02	5.794181e+00
8.163333e+01	1.200366e-02	5.798681e+00
8.166667e+01	1.263539e-02	5.802301e+00
0	0	0
0	0	0
0	0	0
