0	-5.390780e-03	4.100960e+00
3.333333e-02	-5.330370e-03	4.101209e+00
6.666667e-02	-5.526953e-03	4.100399e+00
1.000000e-01	-5.716876e-03	4.099616e+00
1.333333e-01	-5.753102e-03	4.099466e+00
1.666667e-01	-5.671948e-03	4.099801e+00
2.000000e-01	-5.586999e-03	4.100151e+00
2.333333e-01	-5.566874e-03	4.100234e+00
2.666667e-01	-5.600079e-03	4.100097e+00
3.000000e-01	-5.637901e-03	4.099941e+00
3.333333e-01	-5.648554e-03	4.099898e+00
3.666667e-01	-5.635105e-03	4.099953e+00
4.000000e-01	-5.618341e-03	4.100022e+00
4.333333e-01	-5.612886e-03	4.100045e+00
4.666667e-01	-5.618269e-03	4.100022e+00
5.000000e-01	-5.625667e-03	4.099992e+00
5.333333e-01	-5.628393e-03	4.099981e+00
5.666667e-01	-5.626269e-03	4.099989e+00
6.000000e-01	-5.623019e-03	4.100003e+00
6.333333e-01	-5.621682e-03	4.100008e+00
6.666667e-01	-5.622505e-03	4.100005e+00
7.000000e-01	-5.623927e-03	4.099999e+00
7.333333e-01	-5.624573e-03	4.099996e+00
7.666667e-01	-5.624261e-03	4.099998e+00
8.000000e-01	-5.623642e-03	4.100000e+00
8.333333e-01	-5.623333e-03	4.100002e+00
8.666667e-01	-5.623448e-03	4.100001e+00
9.000000e-01	-5.366345e-03	4.101061e+00
9.333333e-01	-3.656295e-03	4.108112e+00
9.666667e-01	1.322124e-03	4.128639e+00
1	9.578369e-03	4.162681e+00
1.033333e+00	1.760656e-02	4.195783e+00
1.066667e+00	2.030357e-02	4.206903e+00
1.100000e+00	1.497551e-02	4.184934e+00
1.133333e+00	4.057710e-03	4.139918e+00
1.166667e+00	-6.183983e-03	4.097690e+00
1.200000e+00	-1.065490e-02	4.079255e+00
1.233333e+00	-9.248115e-03	4.085056e+00
1.266667e+00	-5.718554e-03	4.099609e+00
1.300000e+00	-3.686016e-03	4.107989e+00
1.333333e+00	-4.061582e-03	4.106441e+00
1.366667e+00	-5.766011e-03	4.099413e+00
1.400000e+00	-8.397846e-03	4.088562e+00
1.433333e+00	-1.326974e-02	4.068474e+00
1.466667e+00	-2.091138e-02	4.036966e+00
1.500000e+00	-2.877439e-02	4.004545e+00
1.533333e+00	-3.320344e-02	3.986284e+00
1.566667e+00	-3.311503e-02	3.986648e+00
1.600000e+00	-3.064681e-02	3.996825e+00
1.633333e+00	-2.869223e-02	4.004884e+00
1.666667e+00	-2.851805e-02	4.005602e+00
1.700000e+00	-2.948710e-02	4.001607e+00
1.733333e+00	-3.034937e-02	3.998051e+00
1.766667e+00	-3.072951e-02	3.996484e+00
1.800000e+00	-3.204032e-02	3.991079e+00
1.833333e+00	-3.663343e-02	3.972141e+00
1.866667e+00	-4.481645e-02	3.938401e+00
1.900000e+00	-5.326680e-02	3.903559e+00
1.933333e+00	-5.784624e-02	3.884677e+00
1.966667e+00	-5.775498e-02	3.885053e+00
2	-5.647295e-02	3.890339e+00
2.033333e+00	-5.865254e-02	3.881352e+00
2.066667e+00	-6.553347e-02	3.852981e+00
2.100000e+00	-7.347740e-02	3.820227e+00
2.133333e+00	-7.757420e-02	3.803335e+00
2.166667e+00	-7.619633e-02	3.809016e+00
2.200000e+00	-7.168721e-02	3.827608e+00
2.233333e+00	-6.748129e-02	3.844950e+00
2.266667e+00	-6.524928e-02	3.854153e+00
2.300000e+00	-6.441681e-02	3.857585e+00
2.333333e+00	-6.356937e-02	3.861079e+00
2.366667e+00	-6.191050e-02	3.867919e+00
2.400000e+00	-5.962153e-02	3.877357e+00
2.433333e+00	-5.732329e-02	3.886833e+00
2.466667e+00	-5.549698e-02	3.894363e+00
2.500000e+00	-5.433866e-02	3.899139e+00
2.533333e+00	-5.384357e-02	3.901180e+00
2.566667e+00	-5.384339e-02	3.901181e+00
2.600000e+00	-5.405360e-02	3.900314e+00
2.633333e+00	-5.421777e-02	3.899638e+00
2.666667e+00	-5.423639e-02	3.899561e+00
2.700000e+00	-5.390494e-02	3.900927e+00
2.733333e+00	-5.212713e-02	3.908258e+00
2.766667e+00	-4.713804e-02	3.928829e+00
2.800000e+00	-3.891214e-02	3.962746e+00
2.833333e+00	-3.065649e-02	3.996785e+00
2.866667e+00	-2.625528e-02	4.014932e+00
2.900000e+00	-2.659244e-02	4.013542e+00
2.933333e+00	-2.924076e-02	4.002622e+00
2.966667e+00	-3.119368e-02	3.994570e+00
3	-3.126250e-02	3.994286e+00
3.033333e+00	-3.021129e-02	3.998621e+00
3.066667e+00	-2.908771e-02	4.003253e+00
3.100000e+00	-2.729911e-02	4.010628e+00
3.133333e+00	-2.250002e-02	4.030416e+00
3.166667e+00	-1.292274e-02	4.069905e+00
3.200000e+00	5.439673e-04	4.125430e+00
3.233333e+00	1.509918e-02	4.185444e+00
3.266667e+00	2.818819e-02	4.239413e+00
3.300000e+00	3.822279e-02	4.280787e+00
3.333333e+00	4.412741e-02	4.305133e+00
3.366667e+00	4.573109e-02	4.311745e+00
3.400000e+00	4.472142e-02	4.307582e+00
3.433333e+00	4.460491e-02	4.307102e+00
3.466667e+00	4.879539e-02	4.324380e+00
3.500000e+00	5.742617e-02	4.359966e+00
3.533333e+00	6.644277e-02	4.397144e+00
3.566667e+00	7.120948e-02	4.416798e+00
3.600000e+00	7.072411e-02	4.414796e+00
3.633333e+00	6.774967e-02	4.402532e+00
3.666667e+00	6.562575e-02	4.393775e+00
3.700000e+00	6.561047e-02	4.393712e+00
3.733333e+00	6.680263e-02	4.398627e+00
3.766667e+00	6.774902e-02	4.402529e+00
3.800000e+00	6.780923e-02	4.402778e+00
3.833333e+00	6.731190e-02	4.400727e+00
3.866667e+00	6.688550e-02	4.398969e+00
3.900000e+00	6.683655e-02	4.398767e+00
3.933333e+00	6.704421e-02	4.399623e+00
3.966667e+00	6.723626e-02	4.400415e+00
4	6.726776e-02	4.400545e+00
4.033333e+00	6.718164e-02	4.400190e+00
4.066667e+00	6.735289e-02	4.400896e+00
4.100000e+00	6.904489e-02	4.407873e+00
4.133333e+00	7.405868e-02	4.428545e+00
4.166667e+00	8.235326e-02	4.462746e+00
4.200000e+00	9.064862e-02	4.496949e+00
4.233333e+00	9.504142e-02	4.515061e+00
4.266667e+00	9.467470e-02	4.513549e+00
4.300000e+00	9.226529e-02	4.503615e+00
4.333333e+00	9.202510e-02	4.502624e+00
4.366667e+00	9.694731e-02	4.522920e+00
4.400000e+00	1.062632e-01	4.561331e+00
4.433333e+00	1.154143e-01	4.599062e+00
4.466667e+00	1.198945e-01	4.617535e+00
4.500000e+00	1.191043e-01	4.614277e+00
4.533333e+00	1.160537e-01	4.601699e+00
4.566667e+00	1.140452e-01	4.593417e+00
4.600000e+00	1.141649e-01	4.593911e+00
4.633333e+00	1.153969e-01	4.598991e+00
4.666667e+00	1.162968e-01	4.602701e+00
4.700000e+00	1.162973e-01	4.602703e+00
4.733333e+00	1.157797e-01	4.600569e+00
4.766667e+00	1.153719e-01	4.598888e+00
4.800000e+00	1.153493e-01	4.598794e+00
4.833333e+00	1.155670e-01	4.599692e+00
4.866667e+00	1.157517e-01	4.600454e+00
4.900000e+00	1.157717e-01	4.600536e+00
4.933333e+00	1.156807e-01	4.600161e+00
4.966667e+00	1.155973e-01	4.599817e+00
5	1.155842e-01	4.599763e+00
5.033333e+00	1.156220e-01	4.599919e+00
5.066667e+00	1.156594e-01	4.600073e+00
5.100000e+00	1.154097e-01	4.599043e+00
5.133333e+00	1.136839e-01	4.591928e+00
5.166667e+00	1.086888e-01	4.571332e+00
5.200000e+00	1.004285e-01	4.537273e+00
5.233333e+00	9.214936e-02	4.503137e+00
5.266667e+00	8.749219e-02	4.483934e+00
5.300000e+00	8.613383e-02	4.478334e+00
5.333333e+00	8.381453e-02	4.468771e+00
5.366667e+00	7.699657e-02	4.440659e+00
5.400000e+00	6.535329e-02	4.392651e+00
5.433333e+00	4.991604e-02	4.329001e+00
5.466667e+00	3.275577e-02	4.258246e+00
5.500000e+00	1.830756e-02	4.198673e+00
5.533333e+00	1.087473e-02	4.168026e+00
5.566667e+00	1.046117e-02	4.166321e+00
5.600000e+00	1.292110e-02	4.176464e+00
5.633333e+00	1.394656e-02	4.180692e+00
5.666667e+00	1.216383e-02	4.173341e+00
5.700000e+00	8.927914e-03	4.159999e+00
5.733333e+00	6.133229e-03	4.148476e+00
5.766667e+00	4.517826e-03	4.141815e+00
5.800000e+00	3.579120e-03	4.137945e+00
5.833333e+00	2.495174e-03	4.133476e+00
5.866667e+00	9.067931e-04	4.126926e+00
5.900000e+00	-9.953559e-04	4.119084e+00
5.933333e+00	-2.836473e-03	4.111492e+00
5.966667e+00	-4.347753e-03	4.105261e+00
6	-5.124893e-03	4.102057e+00
6.033333e+00	-3.909213e-03	4.107069e+00
6.066667e+00	1.035101e-03	4.127456e+00
6.100000e+00	9.484486e-03	4.162294e+00
6.133333e+00	1.794058e-02	4.197160e+00
6.166667e+00	2.237989e-02	4.215464e+00
6.200000e+00	2.196226e-02	4.213742e+00
6.233333e+00	1.922982e-02	4.202476e+00
6.266667e+00	1.725691e-02	4.194341e+00
6.300000e+00	1.722057e-02	4.194191e+00
6.333333e+00	1.830879e-02	4.198678e+00
6.366667e+00	1.918537e-02	4.202292e+00
6.400000e+00	1.925059e-02	4.202561e+00
6.433333e+00	1.879755e-02	4.200693e+00
6.466667e+00	1.840320e-02	4.199067e+00
6.500000e+00	1.835394e-02	4.198864e+00
6.533333e+00	1.854285e-02	4.199643e+00
6.566667e+00	1.872027e-02	4.200375e+00
6.600000e+00	1.875107e-02	4.200502e+00
6.633333e+00	1.867286e-02	4.200179e+00
6.666667e+00	1.859336e-02	4.199852e+00
6.700000e+00	1.857584e-02	4.199779e+00
6.733333e+00	1.860795e-02	4.199912e+00
6.766667e+00	1.864340e-02	4.200058e+00
6.800000e+00	1.865282e-02	4.200097e+00
6.833333e+00	1.863977e-02	4.200043e+00
6.866667e+00	1.888140e-02	4.201039e+00
6.900000e+00	2.058672e-02	4.208070e+00
6.933333e+00	2.557035e-02	4.228619e+00
6.966667e+00	3.383343e-02	4.262689e+00
7	4.212138e-02	4.296862e+00
7.033333e+00	4.652652e-02	4.315025e+00
7.066667e+00	4.617382e-02	4.313571e+00
7.100000e+00	4.351098e-02	4.302592e+00
7.133333e+00	4.155559e-02	4.294529e+00
7.166667e+00	4.149321e-02	4.294272e+00
7.200000e+00	4.255093e-02	4.298633e+00
7.233333e+00	4.341855e-02	4.302210e+00
7.266667e+00	4.349431e-02	4.302523e+00
7.300000e+00	4.305475e-02	4.300710e+00
7.333333e+00	4.266494e-02	4.299103e+00
7.366667e+00	4.259168e-02	4.298801e+00
7.400000e+00	4.262329e-02	4.298931e+00
7.433333e+00	4.226415e-02	4.297451e+00
7.466667e+00	4.112721e-02	4.292763e+00
7.500000e+00	3.924487e-02	4.285002e+00
7.533333e+00	3.702073e-02	4.275831e+00
7.566667e+00	3.488371e-02	4.267020e+00
7.600000e+00	3.300056e-02	4.259255e+00
7.633333e+00	3.127185e-02	4.252127e+00
7.666667e+00	2.952276e-02	4.244915e+00
7.700000e+00	2.767015e-02	4.237277e+00
7.733333e+00	2.574784e-02	4.229351e+00
7.766667e+00	2.383019e-02	4.221444e+00
7.800000e+00	2.197612e-02	4.213799e+00
7.833333e+00	2.028540e-02	4.206828e+00
7.866667e+00	1.897741e-02	4.201435e+00
7.900000e+00	1.828597e-02	4.198584e+00
7.933333e+00	1.821739e-02	4.198301e+00
7.966667e+00	1.848710e-02	4.199413e+00
8	1.873772e-02	4.200447e+00
8.033333e+00	1.879017e-02	4.200663e+00
8.066667e+00	1.869282e-02	4.200262e+00
8.100000e+00	1.858731e-02	4.199827e+00
8.133333e+00	1.830277e-02	4.198653e+00
8.166667e+00	1.663173e-02	4.191763e+00
8.200000e+00	1.169972e-02	4.171428e+00
8.233333e+00	3.457511e-03	4.137444e+00
8.266667e+00	-4.843793e-03	4.103216e+00
8.300000e+00	-9.271515e-03	4.084959e+00
8.333333e+00	-8.928910e-03	4.086372e+00
8.366667e+00	-6.260976e-03	4.097372e+00
8.400000e+00	-4.295742e-03	4.105475e+00
8.433333e+00	-4.228538e-03	4.105753e+00
8.466667e+00	-5.288142e-03	4.101384e+00
8.500000e+00	-6.160028e-03	4.097789e+00
8.533333e+00	-6.238072e-03	4.097467e+00
8.566667e+00	-5.797845e-03	4.099282e+00
8.600000e+00	-5.406193e-03	4.100897e+00
8.633333e+00	-5.351658e-03	4.101122e+00
8.666667e+00	-5.534842e-03	4.100366e+00
8.700000e+00	-5.710800e-03	4.099641e+00
8.733333e+00	-5.743751e-03	4.099505e+00
8.766667e+00	-5.668082e-03	4.099817e+00
8.800000e+00	-5.589352e-03	4.100142e+00
8.833333e+00	-5.570964e-03	4.100217e+00
8.866667e+00	-5.601946e-03	4.100090e+00
8.900000e+00	-5.894383e-03	4.098884e+00
8.933333e+00	-7.614340e-03	4.091792e+00
8.966667e+00	-1.258016e-02	4.071317e+00
9	-2.082074e-02	4.037340e+00
9.033333e+00	-2.910123e-02	4.003198e+00
9.066667e+00	-3.351348e-02	3.985005e+00
9.100000e+00	-3.317071e-02	3.986419e+00
9.133333e+00	-3.051158e-02	3.997383e+00
9.166667e+00	-2.855339e-02	4.005457e+00
9.200000e+00	-2.848665e-02	4.005732e+00
9.233333e+00	-2.954256e-02	4.001378e+00
9.266667e+00	-3.041125e-02	3.997796e+00
9.300000e+00	-3.048892e-02	3.997476e+00
9.333333e+00	-2.979286e-02	4.000346e+00
9.366667e+00	-2.769245e-02	4.009006e+00
9.400000e+00	-2.265978e-02	4.029757e+00
9.433333e+00	-1.458619e-02	4.063046e+00
9.466667e+00	-6.476015e-03	4.096486e+00
9.500000e+00	-2.101607e-03	4.114522e+00
9.533333e+00	-2.375837e-03	4.113392e+00
9.566667e+00	-4.959031e-03	4.102741e+00
9.600000e+00	-6.639548e-03	4.095811e+00
9.633333e+00	-5.023947e-03	4.102473e+00
9.666667e+00	9.766293e-04	4.127214e+00
9.700000e+00	1.009096e-02	4.164795e+00
9.733333e+00	1.846532e-02	4.199324e+00
9.766667e+00	2.244875e-02	4.215748e+00
9.800000e+00	2.145681e-02	4.211658e+00
9.833333e+00	1.702624e-02	4.193390e+00
9.866667e+00	1.026765e-02	4.165523e+00
9.900000e+00	2.120513e-03	4.131931e+00
9.933333e+00	-5.073302e-03	4.102269e+00
9.966667e+00	-8.685133e-03	4.087377e+00
10	-8.336329e-03	4.088815e+00
1.003333e+01	-6.132945e-03	4.097900e+00
1.006667e+01	-4.537042e-03	4.104481e+00
1.010000e+01	-4.492710e-03	4.104663e+00
1.013333e+01	-5.357048e-03	4.101099e+00
1.016667e+01	-6.061739e-03	4.098194e+00
1.020000e+01	-6.120724e-03	4.097951e+00
1.023333e+01	-5.762065e-03	4.099430e+00
1.026667e+01	-5.445768e-03	4.100734e+00
1.030000e+01	-5.403552e-03	4.100908e+00
1.033333e+01	-5.552914e-03	4.100292e+00
1.036667e+01	-5.695074e-03	4.099706e+00
1.040000e+01	-5.720904e-03	4.099599e+00
1.043333e+01	-5.659143e-03	4.099854e+00
1.046667e+01	-5.595501e-03	4.100116e+00
1.050000e+01	-5.580979e-03	4.100176e+00
1.053333e+01	-5.606294e-03	4.100072e+00
1.056667e+01	-5.634655e-03	4.099955e+00
1.060000e+01	-5.642402e-03	4.099923e+00
1.063333e+01	-5.632128e-03	4.099965e+00
1.066667e+01	-5.619546e-03	4.100017e+00
1.070000e+01	-5.615557e-03	4.100034e+00
1.073333e+01	-5.619680e-03	4.100017e+00
1.076667e+01	-5.625236e-03	4.099994e+00
1.080000e+01	-5.627238e-03	4.099985e+00
1.083333e+01	-5.625607e-03	4.099992e+00
1.086667e+01	-5.623164e-03	4.100002e+00
1.090000e+01	-5.622178e-03	4.100006e+00
1.093333e+01	-5.622813e-03	4.100004e+00
1.096667e+01	-5.623883e-03	4.099999e+00
11	-5.624360e-03	4.099997e+00
1.103333e+01	-5.624119e-03	4.099998e+00
1.106667e+01	-5.623652e-03	4.100000e+00
1.110000e+01	-5.623424e-03	4.100001e+00
1.113333e+01	-5.623513e-03	4.100001e+00
1.116667e+01	-5.623716e-03	4.100000e+00
1.120000e+01	-5.623824e-03	4.100000e+00
1.123333e+01	-5.623792e-03	4.100000e+00
1.126667e+01	-5.623704e-03	4.100000e+00
1.130000e+01	-5.623654e-03	4.100000e+00
1.133333e+01	-5.623664e-03	4.100000e+00
1.136667e+01	-5.623702e-03	4.100000e+00
1.140000e+01	-5.623726e-03	4.100000e+00
1.143333e+01	-5.623722e-03	4.100000e+00
1.146667e+01	-5.623706e-03	4.100000e+00
1.150000e+01	-5.623695e-03	4.100000e+00
1.153333e+01	-5.623696e-03	4.100000e+00
1.156667e+01	-5.623703e-03	4.100000e+00
1.160000e+01	-5.623708e-03	4.100000e+00
1.163333e+01	-5.623708e-03	4.100000e+00
1.166667e+01	-5.623705e-03	4.100000e+00
1.170000e+01	-5.623703e-03	4.100000e+00
1.173333e+01	-5.623703e-03	4.100000e+00
1.176667e+01	-5.623704e-03	4.100000e+00
1.180000e+01	-5.623705e-03	4.100000e+00
1.183333e+01	-5.623705e-03	4.100000e+00
1.186667e+01	-5.623705e-03	4.100000e+00
1.190000e+01	-5.623704e-03	4.100000e+00
1.193333e+01	-5.881076e-03	4.098939e+00
1.196667e+01	-7.591271e-03	4.091887e+00
12	-1.256965e-02	4.071361e+00
1.203333e+01	-2.082578e-02	4.037319e+00
1.206667e+01	-2.911127e-02	4.003156e+00
1.210000e+01	-3.351849e-02	3.984985e+00
1.213333e+01	-3.342623e-02	3.985365e+00
1.216667e+01	-3.247479e-02	3.989288e+00
1.220000e+01	-3.549697e-02	3.976827e+00
1.223333e+01	-4.368938e-02	3.943048e+00
1.226667e+01	-5.303200e-02	3.904527e+00
1.230000e+01	-5.830715e-02	3.882776e+00
1.233333e+01	-5.803386e-02	3.883903e+00
1.236667e+01	-5.493294e-02	3.896689e+00
1.240000e+01	-5.258682e-02	3.906362e+00
1.243333e+01	-5.246938e-02	3.906846e+00
1.246667e+01	-5.370935e-02	3.901734e+00
1.250000e+01	-5.475248e-02	3.897433e+00
1.253333e+01	-5.486139e-02	3.896984e+00
1.256667e+01	-5.434657e-02	3.899106e+00
1.260000e+01	-5.387824e-02	3.901037e+00
1.263333e+01	-5.380632e-02	3.901334e+00
1.266667e+01	-5.402008e-02	3.900453e+00
1.270000e+01	-5.423021e-02	3.899586e+00
1.273333e+01	-5.427245e-02	3.899412e+00
1.276667e+01	-5.392700e-02	3.900836e+00
1.280000e+01	-5.212291e-02	3.908275e+00
1.283333e+01	-4.712136e-02	3.928897e+00
1.286667e+01	-3.890119e-02	3.962791e+00
1.290000e+01	-3.065746e-02	3.996781e+00
1.293333e+01	-2.626241e-02	4.014903e+00
1.296667e+01	-2.659751e-02	4.013521e+00
13	-2.924065e-02	4.002623e+00
1.303333e+01	-3.119066e-02	3.994583e+00
1.306667e+01	-3.126018e-02	3.994296e+00
1.310000e+01	-3.021120e-02	3.998621e+00
1.313333e+01	-2.934636e-02	4.002187e+00
1.316667e+01	-2.926773e-02	4.002511e+00
1.320000e+01	-2.944606e-02	4.001776e+00
1.323333e+01	-2.812428e-02	4.007226e+00
1.326667e+01	-2.320050e-02	4.027528e+00
1.330000e+01	-1.476310e-02	4.062317e+00
1.333333e+01	-6.303131e-03	4.097199e+00
1.336667e+01	-1.863015e-03	4.115506e+00
1.340000e+01	-2.287512e-03	4.113756e+00
1.343333e+01	-5.027208e-03	4.102459e+00
1.346667e+01	-7.001735e-03	4.094318e+00
1.350000e+01	-7.034811e-03	4.094182e+00
1.353333e+01	-6.200285e-03	4.097623e+00
1.356667e+01	-7.032837e-03	4.094190e+00
1.360000e+01	-1.194729e-02	4.073927e+00
1.363333e+01	-2.065811e-02	4.038010e+00
1.366667e+01	-2.933851e-02	4.002219e+00
1.370000e+01	-3.379447e-02	3.983847e+00
1.373333e+01	-3.325521e-02	3.986070e+00
1.376667e+01	-3.041587e-02	3.997777e+00
1.380000e+01	-2.842907e-02	4.005969e+00
1.383333e+01	-2.844388e-02	4.005908e+00
1.386667e+01	-2.958064e-02	4.001221e+00
1.390000e+01	-3.046601e-02	3.997571e+00
1.393333e+01	-3.051011e-02	3.997389e+00
1.396667e+01	-3.003532e-02	3.999346e+00
14	-2.963601e-02	4.000993e+00
1.403333e+01	-2.959540e-02	4.001160e+00
1.406667e+01	-2.979400e-02	4.000341e+00
1.410000e+01	-2.997407e-02	3.999599e+00
1.413333e+01	-3.000136e-02	3.999486e+00
1.416667e+01	-2.991885e-02	3.999827e+00
1.420000e+01	-2.983799e-02	4.000160e+00
1.423333e+01	-2.982188e-02	4.000226e+00
1.426667e+01	-2.985588e-02	4.000086e+00
1.430000e+01	-2.989202e-02	3.999937e+00
1.433333e+01	-2.990088e-02	3.999901e+00
1.436667e+01	-2.988699e-02	3.999958e+00
1.440000e+01	-2.987091e-02	4.000024e+00
1.443333e+01	-2.986626e-02	4.000043e+00
1.446667e+01	-2.987187e-02	4.000020e+00
1.450000e+01	-2.987899e-02	3.999991e+00
1.453333e+01	-2.988136e-02	3.999981e+00
1.456667e+01	-2.987912e-02	3.999990e+00
1.460000e+01	-2.987598e-02	4.000003e+00
1.463333e+01	-2.987480e-02	4.000008e+00
1.466667e+01	-2.987568e-02	4.000005e+00
1.470000e+01	-2.987706e-02	3.999999e+00
1.473333e+01	-2.987764e-02	3.999996e+00
1.476667e+01	-2.987730e-02	3.999998e+00
1.480000e+01	-2.987670e-02	4.000000e+00
1.483333e+01	-2.987642e-02	4.000002e+00
1.486667e+01	-2.987655e-02	4.000001e+00
1.490000e+01	-2.987681e-02	4.000000e+00
1.493333e+01	-2.987694e-02	3.999999e+00
1.496667e+01	-2.963932e-02	4.000979e+00
15	-2.806057e-02	4.007489e+00
1.503333e+01	-2.346508e-02	4.026437e+00
1.506667e+01	-1.586385e-02	4.057778e+00
1.510000e+01	-8.367100e-03	4.088688e+00
1.513333e+01	-4.833229e-03	4.103259e+00
1.516667e+01	-6.325355e-03	4.097107e+00
1.520000e+01	-1.058897e-02	4.079527e+00
1.523333e+01	-1.454043e-02	4.063235e+00
1.526667e+01	-1.671811e-02	4.054256e+00
1.530000e+01	-1.765642e-02	4.050387e+00
1.533333e+01	-1.861890e-02	4.046418e+00
1.536667e+01	-2.030717e-02	4.039457e+00
1.540000e+01	-2.255270e-02	4.030199e+00
1.543333e+01	-2.481945e-02	4.020852e+00
1.546667e+01	-2.676193e-02	4.012843e+00
1.550000e+01	-2.832072e-02	4.006416e+00
1.553333e+01	-2.947360e-02	4.001662e+00
1.556667e+01	-2.986155e-02	4.000063e+00
1.560000e+01	-2.827319e-02	4.006612e+00
1.563333e+01	-2.309375e-02	4.027968e+00
1.566667e+01	-1.461038e-02	4.062946e+00
1.570000e+01	-6.508598e-03	4.096351e+00
1.573333e+01	-3.878674e-03	4.107195e+00
1.576667e+01	-9.300599e-03	4.084839e+00
1.580000e+01	-2.025385e-02	4.039677e+00
1.583333e+01	-3.072704e-02	3.996494e+00
1.586667e+01	-3.686746e-02	3.971176e+00
1.590000e+01	-4.042195e-02	3.956520e+00
1.593333e+01	-4.515853e-02	3.936991e+00
1.596667e+01	-5.168662e-02	3.910074e+00
16	-5.818783e-02	3.883268e+00
1.603333e+01	-6.425985e-02	3.858232e+00
1.606667e+01	-7.076825e-02	3.831397e+00
1.610000e+01	-7.698714e-02	3.805755e+00
1.613333e+01	-8.071754e-02	3.790374e+00
1.616667e+01	-8.100590e-02	3.789185e+00
1.620000e+01	-7.923586e-02	3.796483e+00
1.623333e+01	-7.761676e-02	3.803159e+00
1.626667e+01	-7.730573e-02	3.804442e+00
1.630000e+01	-7.797370e-02	3.801687e+00
1.633333e+01	-7.867760e-02	3.798785e+00
1.636667e+01	-7.884931e-02	3.798077e+00
1.640000e+01	-7.857998e-02	3.799188e+00
1.643333e+01	-7.801163e-02	3.801531e+00
1.646667e+01	-7.621180e-02	3.808952e+00
1.650000e+01	-7.134231e-02	3.829030e+00
1.653333e+01	-6.322381e-02	3.862504e+00
1.656667e+01	-5.498395e-02	3.896478e+00
1.660000e+01	-5.053322e-02	3.914830e+00
1.663333e+01	-5.082216e-02	3.913638e+00
1.666667e+01	-5.346106e-02	3.902758e+00
1.670000e+01	-5.543439e-02	3.894621e+00
1.673333e+01	-5.552476e-02	3.894249e+00
1.676667e+01	-5.447876e-02	3.898561e+00
1.680000e+01	-5.360421e-02	3.902167e+00
1.683333e+01	-5.351621e-02	3.902530e+00
1.686667e+01	-5.395013e-02	3.900741e+00
1.690000e+01	-5.434255e-02	3.899123e+00
1.693333e+01	-5.440134e-02	3.898881e+00
1.696667e+01	-5.422106e-02	3.899624e+00
17	-5.404495e-02	3.900350e+00
1.703333e+01	-5.401018e-02	3.900493e+00
1.706667e+01	-5.408452e-02	3.900187e+00
1.710000e+01	-5.416324e-02	3.899862e+00
1.713333e+01	-5.418240e-02	3.899783e+00
1.716667e+01	-5.415202e-02	3.899909e+00
1.720000e+01	-5.411699e-02	3.900053e+00
1.723333e+01	-5.410691e-02	3.900095e+00
1.726667e+01	-5.411919e-02	3.900044e+00
1.730000e+01	-5.413471e-02	3.899980e+00
1.733333e+01	-5.413985e-02	3.899959e+00
1.736667e+01	-5.413495e-02	3.899979e+00
1.740000e+01	-5.412810e-02	3.900007e+00
1.743333e+01	-5.412554e-02	3.900018e+00
1.746667e+01	-5.412747e-02	3.900010e+00
1.750000e+01	-5.413048e-02	3.899997e+00
1.753333e+01	-5.413173e-02	3.899992e+00
1.756667e+01	-5.413098e-02	3.899995e+00
1.760000e+01	-5.412967e-02	3.900001e+00
1.763333e+01	-5.412906e-02	3.900003e+00
1.766667e+01	-5.412935e-02	3.900002e+00
1.770000e+01	-5.412992e-02	3.900000e+00
1.773333e+01	-5.413021e-02	3.899999e+00
1.776667e+01	-5.413010e-02	3.899999e+00
1.780000e+01	-5.412986e-02	3.900000e+00
1.783333e+01	-5.412972e-02	3.900001e+00
1.786667e+01	-5.412976e-02	3.900000e+00
1.790000e+01	-5.412986e-02	3.900000e+00
1.793333e+01	-5.412993e-02	3.900000e+00
1.796667e+01	-5.412991e-02	3.900000e+00
18	-5.412987e-02	3.900000e+00
1.803333e+01	-5.412984e-02	3.900000e+00
1.806667e+01	-5.412984e-02	3.900000e+00
1.810000e+01	-5.412986e-02	3.900000e+00
1.813333e+01	-5.412988e-02	3.900000e+00
1.816667e+01	-5.412988e-02	3.900000e+00
1.820000e+01	-5.412987e-02	3.900000e+00
1.823333e+01	-5.412986e-02	3.900000e+00
1.826667e+01	-5.412986e-02	3.900000e+00
1.830000e+01	-5.412986e-02	3.900000e+00
1.833333e+01	-5.412987e-02	3.900000e+00
1.836667e+01	-5.412987e-02	3.900000e+00
1.840000e+01	-5.412987e-02	3.900000e+00
1.843333e+01	-5.412986e-02	3.900000e+00
1.846667e+01	-5.412986e-02	3.900000e+00
1.850000e+01	-5.412986e-02	3.900000e+00
1.853333e+01	-5.412987e-02	3.900000e+00
1.856667e+01	-5.412987e-02	3.900000e+00
1.860000e+01	-5.412987e-02	3.900000e+00
1.863333e+01	-5.412986e-02	3.900000e+00
1.866667e+01	-5.412986e-02	3.900000e+00
1.870000e+01	-5.412987e-02	3.900000e+00
1.873333e+01	-5.412987e-02	3.900000e+00
1.876667e+01	-5.412987e-02	3.900000e+00
1.880000e+01	-5.412987e-02	3.900000e+00
1.883333e+01	-5.412987e-02	3.900000e+00
1.886667e+01	-5.412987e-02	3.900000e+00
1.890000e+01	-5.412987e-02	3.900000e+00
1.893333e+01	-5.412987e-02	3.900000e+00
1.896667e+01	-5.412987e-02	3.900000e+00
19	-5.412987e-02	3.900000e+00
1.903333e+01	-5.412987e-02	3.900000e+00
1.906667e+01	-5.412987e-02	3.900000e+00
1.910000e+01	-5.412987e-02	3.900000e+00
1.913333e+01	-5.412987e-02	3.900000e+00
1.916667e+01	-5.412987e-02	3.900000e+00
1.920000e+01	-5.412987e-02	3.900000e+00
1.923333e+01	-5.412987e-02	3.900000e+00
1.926667e+01	-5.412987e-02	3.900000e+00
1.930000e+01	-5.412987e-02	3.900000e+00
1.933333e+01	-5.412987e-02	3.900000e+00
1.936667e+01	-5.412987e-02	3.900000e+00
1.940000e+01	-5.412987e-02	3.900000e+00
1.943333e+01	-5.412987e-02	3.900000e+00
1.946667e+01	-5.412987e-02	3.900000e+00
1.950000e+01	-5.412987e-02	3.900000e+00
1.953333e+01	-5.412987e-02	3.900000e+00
1.956667e+01	-5.412987e-02	3.900000e+00
1.960000e+01	-5.412987e-02	3.900000e+00
1.963333e+01	-5.412987e-02	3.900000e+00
1.966667e+01	-5.412987e-02	3.900000e+00
1.970000e+01	-5.387249e-02	3.901061e+00
1.973333e+01	-5.216230e-02	3.908113e+00
1.976667e+01	-4.718392e-02	3.928639e+00
1.980000e+01	-3.892779e-02	3.962681e+00
1.983333e+01	-3.064230e-02	3.996844e+00
1.986667e+01	-2.623508e-02	4.015015e+00
1.990000e+01	-2.632734e-02	4.014635e+00
1.993333e+01	-2.727878e-02	4.010712e+00
1.996667e+01	-2.425660e-02	4.023173e+00
20	-1.606419e-02	4.056952e+00
2.003333e+01	-6.721565e-03	4.095473e+00
2.006667e+01	-1.446419e-03	4.117224e+00
2.010000e+01	-1.462339e-03	4.117158e+00
2.013333e+01	-2.853058e-03	4.111424e+00
2.016667e+01	-2.208030e-04	4.122277e+00
2.020000e+01	7.917889e-03	4.155835e+00
2.023333e+01	1.744335e-02	4.195110e+00
2.026667e+01	2.315107e-02	4.218644e+00
2.030000e+01	2.462054e-02	4.224703e+00
2.033333e+01	2.642246e-02	4.232132e+00
2.036667e+01	3.225406e-02	4.256177e+00
2.040000e+01	4.066128e-02	4.290842e+00
2.043333e+01	4.804960e-02	4.321305e+00
2.046667e+01	5.401377e-02	4.345896e+00
2.050000e+01	6.143704e-02	4.376504e+00
2.053333e+01	7.221735e-02	4.420953e+00
2.056667e+01	8.459054e-02	4.471970e+00
2.060000e+01	9.521683e-02	4.515784e+00
2.063333e+01	1.030275e-01	4.547989e+00
2.066667e+01	1.092711e-01	4.573733e+00
2.070000e+01	1.141793e-01	4.593970e+00
2.073333e+01	1.154973e-01	4.599405e+00
2.076667e+01	1.108229e-01	4.580131e+00
2.080000e+01	1.009397e-01	4.539381e+00
2.083333e+01	8.937098e-02	4.491681e+00
2.086667e+01	7.797353e-02	4.444687e+00
2.090000e+01	6.559001e-02	4.393628e+00
2.093333e+01	5.227763e-02	4.338738e+00
2.096667e+01	4.170168e-02	4.295131e+00
21	3.750839e-02	4.277842e+00
2.103333e+01	3.921310e-02	4.284871e+00
2.106667e+01	4.288153e-02	4.299996e+00
2.110000e+01	4.490486e-02	4.308339e+00
2.113333e+01	4.446066e-02	4.306507e+00
2.116667e+01	4.296615e-02	4.300345e+00
2.120000e+01	4.204413e-02	4.296543e+00
2.123333e+01	4.217594e-02	4.297087e+00
2.126667e+01	4.281002e-02	4.299701e+00
2.130000e+01	4.323328e-02	4.301447e+00
2.133333e+01	4.320084e-02	4.301313e+00
2.136667e+01	4.318820e-02	4.301261e+00
2.140000e+01	4.470422e-02	4.307511e+00
2.143333e+01	4.968544e-02	4.328050e+00
2.146667e+01	5.805600e-02	4.362563e+00
2.150000e+01	6.643012e-02	4.397091e+00
2.153333e+01	7.084114e-02	4.415279e+00
2.156667e+01	7.044329e-02	4.413639e+00
2.160000e+01	6.774143e-02	4.402498e+00
2.163333e+01	6.578135e-02	4.394416e+00
2.166667e+01	6.573781e-02	4.394237e+00
2.170000e+01	6.707048e-02	4.399732e+00
2.173333e+01	6.965127e-02	4.410373e+00
2.176667e+01	7.469760e-02	4.431180e+00
2.180000e+01	8.250629e-02	4.463377e+00
2.183333e+01	9.040028e-02	4.495925e+00
2.186667e+01	9.475724e-02	4.513889e+00
2.190000e+01	9.459408e-02	4.513217e+00
2.193333e+01	9.210853e-02	4.502968e+00
2.196667e+01	9.018347e-02	4.495031e+00
22	9.004259e-02	4.494450e+00
2.203333e+01	9.102086e-02	4.498484e+00
2.206667e+01	9.187115e-02	4.501990e+00
2.210000e+01	9.172178e-02	4.501374e+00
2.213333e+01	8.960747e-02	4.492656e+00
2.216667e+01	8.424862e-02	4.470560e+00
2.220000e+01	7.592591e-02	4.436244e+00
2.223333e+01	6.780763e-02	4.402771e+00
2.226667e+01	6.357074e-02	4.385302e+00
2.230000e+01	6.395811e-02	4.386899e+00
2.233333e+01	6.655110e-02	4.397590e+00
2.236667e+01	6.843135e-02	4.405343e+00
2.240000e+01	6.847482e-02	4.405522e+00
2.243333e+01	6.744559e-02	4.401278e+00
2.246667e+01	6.661138e-02	4.397839e+00
2.250000e+01	6.654551e-02	4.397567e+00
2.253333e+01	6.697357e-02	4.399332e+00
2.256667e+01	6.734859e-02	4.400878e+00
2.260000e+01	6.739703e-02	4.401078e+00
2.263333e+01	6.721865e-02	4.400343e+00
2.266667e+01	6.705000e-02	4.399647e+00
2.270000e+01	6.702004e-02	4.399524e+00
2.273333e+01	6.709385e-02	4.399828e+00
2.276667e+01	6.716938e-02	4.400140e+00
2.280000e+01	6.718632e-02	4.400209e+00
2.283333e+01	6.715605e-02	4.400085e+00
2.286667e+01	6.712237e-02	4.399946e+00
2.290000e+01	6.711330e-02	4.399908e+00
2.293333e+01	6.712560e-02	4.399959e+00
2.296667e+01	6.714055e-02	4.400021e+00
23	6.714523e-02	4.400040e+00
2.303333e+01	6.714029e-02	4.400020e+00
2.306667e+01	6.715084e-02	4.400063e+00
2.310000e+01	6.727966e-02	4.400594e+00
2.313333e+01	6.774468e-02	4.402512e+00
2.316667e+01	6.876106e-02	4.406702e+00
2.320000e+01	7.032806e-02	4.413163e+00
2.323333e+01	7.218695e-02	4.420828e+00
2.326667e+01	7.402202e-02	4.428394e+00
2.330000e+01	7.568036e-02	4.435232e+00
2.333333e+01	7.720913e-02	4.441535e+00
2.336667e+01	7.873393e-02	4.447822e+00
2.340000e+01	8.032891e-02	4.454399e+00
2.343333e+01	8.198138e-02	4.461212e+00
2.346667e+01	8.363881e-02	4.468046e+00
2.350000e+01	8.526706e-02	4.474760e+00
2.353333e+01	8.686949e-02	4.481367e+00
2.356667e+01	8.845124e-02	4.487889e+00
2.360000e+01	8.993112e-02	4.493990e+00
2.363333e+01	9.109072e-02	4.498772e+00
2.366667e+01	9.170205e-02	4.501292e+00
2.370000e+01	9.175599e-02	4.501515e+00
2.373333e+01	9.151093e-02	4.500504e+00
2.376667e+01	9.103060e-02	4.498524e+00
2.380000e+01	8.927695e-02	4.491293e+00
2.383333e+01	8.438784e-02	4.471134e+00
2.386667e+01	7.596849e-02	4.436420e+00
2.390000e+01	6.599565e-02	4.395300e+00
2.393333e+01	5.631664e-02	4.355392e+00
2.396667e+01	4.640112e-02	4.314508e+00
24	3.407685e-02	4.263693e+00
2.403333e+01	1.814856e-02	4.198018e+00
2.406667e+01	3.284519e-04	4.124542e+00
2.410000e+01	-1.573211e-02	4.058321e+00
2.413333e+01	-2.722076e-02	4.010951e+00
2.416667e+01	-3.422590e-02	3.982068e+00
2.420000e+01	-3.961453e-02	3.959849e+00
2.423333e+01	-4.597680e-02	3.933617e+00
2.426667e+01	-5.261314e-02	3.906254e+00
2.430000e+01	-5.673130e-02	3.889274e+00
2.433333e+01	-5.704839e-02	3.887966e+00
2.436667e+01	-5.506135e-02	3.896159e+00
2.440000e+01	-5.325188e-02	3.903620e+00
2.443333e+01	-5.291733e-02	3.905000e+00
2.446667e+01	-5.367797e-02	3.901863e+00
2.450000e+01	-5.446907e-02	3.898601e+00
2.453333e+01	-5.465611e-02	3.897830e+00
2.456667e+01	-5.434845e-02	3.899099e+00
2.460000e+01	-5.374097e-02	3.901603e+00
2.463333e+01	-5.193240e-02	3.909061e+00
2.466667e+01	-4.707862e-02	3.929074e+00
2.470000e+01	-3.897757e-02	3.962476e+00
2.473333e+01	-3.074240e-02	3.996431e+00
2.476667e+01	-2.628528e-02	4.014808e+00
2.480000e+01	-2.656648e-02	4.013649e+00
2.483333e+01	-2.920296e-02	4.002778e+00
2.486667e+01	-3.092148e-02	3.995693e+00
2.490000e+01	-2.930508e-02	4.002357e+00
2.493333e+01	-2.328191e-02	4.027192e+00
2.496667e+01	-1.415022e-02	4.064844e+00
25	-5.775223e-03	4.099375e+00
2.503333e+01	-1.801314e-03	4.115760e+00
2.506667e+01	-2.543766e-03	4.112699e+00
2.510000e+01	-5.264851e-03	4.101480e+00
2.513333e+01	-7.041074e-03	4.094156e+00
2.516667e+01	-6.928523e-03	4.094620e+00
2.520000e+01	-5.836340e-03	4.099123e+00
2.523333e+01	-5.042610e-03	4.102396e+00
2.526667e+01	-5.045044e-03	4.102386e+00
2.530000e+01	-5.503599e-03	4.100495e+00
2.533333e+01	-5.863213e-03	4.099012e+00
2.536667e+01	-5.881884e-03	4.098935e+00
2.540000e+01	-5.946290e-03	4.098670e+00
2.543333e+01	-7.493532e-03	4.092290e+00
2.546667e+01	-1.245487e-02	4.071834e+00
2.550000e+01	-2.079171e-02	4.037459e+00
2.553333e+01	-2.915071e-02	4.002994e+00
2.556667e+01	-3.356929e-02	3.984775e+00
2.560000e+01	-3.318615e-02	3.986355e+00
2.563333e+01	-3.049151e-02	3.997465e+00
2.566667e+01	-2.852864e-02	4.005559e+00
2.570000e+01	-2.847872e-02	4.005764e+00
2.573333e+01	-2.929323e-02	4.002406e+00
2.576667e+01	-2.845461e-02	4.005864e+00
2.580000e+01	-2.354694e-02	4.026099e+00
2.583333e+01	-1.484498e-02	4.061979e+00
2.586667e+01	-6.167647e-03	4.097757e+00
2.590000e+01	-1.708984e-03	4.116141e+00
2.593333e+01	-2.244352e-03	4.113934e+00
2.596667e+01	-5.082169e-03	4.102233e+00
26	-6.812655e-03	4.095098e+00
2.603333e+01	-5.089358e-03	4.102203e+00
2.606667e+01	1.282417e-03	4.128475e+00
2.610000e+01	1.213452e-02	4.173220e+00
2.613333e+01	2.570060e-02	4.229156e+00
2.616667e+01	3.959971e-02	4.286465e+00
2.620000e+01	5.211449e-02	4.338065e+00
2.623333e+01	6.207527e-02	4.379136e+00
2.626667e+01	6.825336e-02	4.404609e+00
2.630000e+01	7.011534e-02	4.412286e+00
2.633333e+01	6.889407e-02	4.407251e+00
2.636667e+01	6.695421e-02	4.399252e+00
2.640000e+01	6.605061e-02	4.395527e+00
2.643333e+01	6.639937e-02	4.396965e+00
2.646667e+01	6.717689e-02	4.400171e+00
2.650000e+01	6.758796e-02	4.401865e+00
2.653333e+01	6.746610e-02	4.401363e+00
2.656667e+01	6.713444e-02	4.399995e+00
2.660000e+01	6.694383e-02	4.399210e+00
2.663333e+01	6.698511e-02	4.399380e+00
2.666667e+01	6.710790e-02	4.399886e+00
2.670000e+01	6.704513e-02	4.399627e+00
2.673333e+01	6.649830e-02	4.397373e+00
2.676667e+01	6.526785e-02	4.392299e+00
2.680000e+01	6.342019e-02	4.384681e+00
2.683333e+01	6.127743e-02	4.375846e+00
2.686667e+01	5.918458e-02	4.367217e+00
2.690000e+01	5.728925e-02	4.359402e+00
2.693333e+01	5.552541e-02	4.352129e+00
2.696667e+01	5.375565e-02	4.344832e+00
27	5.190702e-02	4.337210e+00
2.703333e+01	4.999980e-02	4.329346e+00
2.706667e+01	4.809175e-02	4.321479e+00
2.710000e+01	4.623654e-02	4.313830e+00
2.713333e+01	4.453937e-02	4.306832e+00
2.716667e+01	4.322696e-02	4.301420e+00
2.720000e+01	4.253575e-02	4.298570e+00
2.723333e+01	4.246991e-02	4.298299e+00
2.726667e+01	4.274164e-02	4.299419e+00
2.730000e+01	4.299228e-02	4.300453e+00
2.733333e+01	4.304357e-02	4.300664e+00
2.736667e+01	4.294530e-02	4.300259e+00
2.740000e+01	4.283973e-02	4.299824e+00
2.743333e+01	4.255568e-02	4.298653e+00
2.746667e+01	4.088505e-02	4.291764e+00
2.750000e+01	3.595310e-02	4.271429e+00
2.753333e+01	2.771068e-02	4.237444e+00
2.756667e+01	1.940919e-02	4.203215e+00
2.760000e+01	1.498144e-02	4.184959e+00
2.763333e+01	1.532412e-02	4.186372e+00
2.766667e+01	1.799214e-02	4.197373e+00
2.770000e+01	1.995740e-02	4.205476e+00
2.773333e+01	2.002456e-02	4.205753e+00
2.776667e+01	1.896492e-02	4.201384e+00
2.780000e+01	1.809303e-02	4.197789e+00
2.783333e+01	1.801500e-02	4.197467e+00
2.786667e+01	1.845524e-02	4.199282e+00
2.790000e+01	1.910427e-02	4.201958e+00
2.793333e+01	2.086899e-02	4.209234e+00
2.796667e+01	2.566418e-02	4.229006e+00
28	3.374435e-02	4.262322e+00
2.803333e+01	4.199690e-02	4.296349e+00
2.806667e+01	4.647979e-02	4.314832e+00
2.810000e+01	4.620888e-02	4.313715e+00
2.813333e+01	4.356563e-02	4.302817e+00
2.816667e+01	4.157845e-02	4.294623e+00
2.820000e+01	4.147966e-02	4.294216e+00
2.823333e+01	4.252704e-02	4.298535e+00
2.826667e+01	4.340752e-02	4.302165e+00
2.830000e+01	4.349941e-02	4.302544e+00
2.833333e+01	4.306515e-02	4.300753e+00
2.836667e+01	4.267019e-02	4.299125e+00
2.840000e+01	4.260961e-02	4.298875e+00
2.843333e+01	4.278993e-02	4.299619e+00
2.846667e+01	4.296712e-02	4.300349e+00
2.850000e+01	4.300270e-02	4.300496e+00
2.853333e+01	4.292839e-02	4.300189e+00
2.856667e+01	4.259185e-02	4.298802e+00
2.860000e+01	4.086213e-02	4.291670e+00
2.863333e+01	3.591409e-02	4.271268e+00
2.866667e+01	2.769318e-02	4.237372e+00
2.870000e+01	1.941794e-02	4.203251e+00
2.873333e+01	1.525583e-02	4.186090e+00
2.876667e+01	1.730006e-02	4.194519e+00
2.880000e+01	2.493486e-02	4.225999e+00
2.883333e+01	3.515208e-02	4.268126e+00
2.886667e+01	4.350817e-02	4.302580e+00
2.890000e+01	4.686086e-02	4.316404e+00
2.893333e+01	4.564137e-02	4.311376e+00
2.896667e+01	4.290037e-02	4.300074e+00
29	4.138218e-02	4.293814e+00
2.903333e+01	4.170912e-02	4.295162e+00
2.906667e+01	4.282130e-02	4.299748e+00
2.910000e+01	4.350700e-02	4.302575e+00
2.913333e+01	4.340786e-02	4.302166e+00
2.916667e+01	4.293545e-02	4.300218e+00
2.920000e+01	4.262078e-02	4.298921e+00
2.923333e+01	4.264556e-02	4.299023e+00
2.926667e+01	4.284685e-02	4.299853e+00
2.930000e+01	4.299125e-02	4.300449e+00
2.933333e+01	4.298885e-02	4.300439e+00
2.936667e+01	4.290353e-02	4.300087e+00
2.940000e+01	4.283761e-02	4.299815e+00
2.943333e+01	4.283490e-02	4.299804e+00
2.946667e+01	4.287085e-02	4.299952e+00
2.950000e+01	4.290078e-02	4.300076e+00
2.953333e+01	4.290362e-02	4.300087e+00
2.956667e+01	4.288856e-02	4.300025e+00
2.960000e+01	4.287505e-02	4.299969e+00
2.963333e+01	4.287308e-02	4.299961e+00
2.966667e+01	4.313671e-02	4.301048e+00
2.970000e+01	4.485298e-02	4.308125e+00
2.973333e+01	4.983254e-02	4.328656e+00
2.976667e+01	5.808608e-02	4.362687e+00
2.980000e+01	6.636886e-02	4.396839e+00
2.983333e+01	7.077543e-02	4.415008e+00
2.986667e+01	7.042685e-02	4.413571e+00
2.990000e+01	6.776642e-02	4.402601e+00
2.993333e+01	6.581056e-02	4.394537e+00
2.996667e+01	6.574642e-02	4.394272e+00
30	6.680302e-02	4.398629e+00
3.003333e+01	6.767077e-02	4.402207e+00
3.006667e+01	6.774728e-02	4.402522e+00
3.010000e+01	6.730824e-02	4.400712e+00
3.013333e+01	6.691841e-02	4.399105e+00
3.016667e+01	6.686462e-02	4.398883e+00
3.020000e+01	6.704735e-02	4.399636e+00
3.023333e+01	6.722251e-02	4.400359e+00
3.026667e+01	6.725510e-02	4.400493e+00
3.030000e+01	6.717960e-02	4.400182e+00
3.033333e+01	6.710122e-02	4.399859e+00
3.036667e+01	6.708300e-02	4.399783e+00
3.040000e+01	6.711392e-02	4.399911e+00
3.043333e+01	6.714884e-02	4.400055e+00
3.046667e+01	6.715852e-02	4.400095e+00
3.050000e+01	6.714598e-02	4.400043e+00
3.053333e+01	6.713050e-02	4.399979e+00
3.056667e+01	6.712553e-02	4.399959e+00
3.060000e+01	6.713055e-02	4.399979e+00
3.063333e+01	6.713739e-02	4.400008e+00
3.066667e+01	6.713988e-02	4.400018e+00
3.070000e+01	6.713789e-02	4.400010e+00
3.073333e+01	6.713489e-02	4.399997e+00
3.076667e+01	6.713366e-02	4.399992e+00
3.080000e+01	6.713443e-02	4.399995e+00
3.083333e+01	6.713575e-02	4.400001e+00
3.086667e+01	6.713634e-02	4.400003e+00
3.090000e+01	6.713605e-02	4.400002e+00
3.093333e+01	6.713548e-02	4.400000e+00
3.096667e+01	6.713519e-02	4.399999e+00
31	6.687793e-02	4.398938e+00
3.103333e+01	6.516798e-02	4.391887e+00
3.106667e+01	6.018974e-02	4.371361e+00
3.110000e+01	5.167620e-02	4.336258e+00
3.113333e+01	4.168040e-02	4.295044e+00
3.116667e+01	3.229474e-02	4.256345e+00
3.120000e+01	2.413089e-02	4.222684e+00
3.123333e+01	1.679688e-02	4.192444e+00
3.126667e+01	9.367512e-03	4.161812e+00
3.130000e+01	1.267363e-03	4.128413e+00
3.133333e+01	-7.123844e-03	4.093815e+00
3.136667e+01	-1.567855e-02	4.058542e+00
3.140000e+01	-2.530787e-02	4.018839e+00
3.143333e+01	-3.652795e-02	3.972576e+00
3.146667e+01	-4.771310e-02	3.926458e+00
3.150000e+01	-5.560786e-02	3.893906e+00
3.153333e+01	-5.815413e-02	3.883407e+00
3.156667e+01	-5.650151e-02	3.890221e+00
3.160000e+01	-5.357397e-02	3.902292e+00
3.163333e+01	-5.063272e-02	3.914419e+00
3.166667e+01	-4.616542e-02	3.932839e+00
3.170000e+01	-3.900341e-02	3.962369e+00
3.173333e+01	-3.128479e-02	3.994195e+00
3.176667e+01	-2.669572e-02	4.013116e+00
3.180000e+01	-2.657640e-02	4.013608e+00
3.183333e+01	-2.871642e-02	4.004784e+00
3.186667e+01	-2.902495e-02	4.003512e+00
3.190000e+01	-2.431218e-02	4.022944e+00
3.193333e+01	-1.512200e-02	4.060837e+00
3.196667e+01	-5.949016e-03	4.098659e+00
32	-1.378900e-03	4.117502e+00
3.203333e+01	-2.110844e-03	4.114484e+00
3.206667e+01	-5.167467e-03	4.101881e+00
3.210000e+01	-7.214299e-03	4.093442e+00
3.213333e+01	-7.121382e-03	4.093825e+00
3.216667e+01	-5.888378e-03	4.098909e+00
3.220000e+01	-4.972233e-03	4.102686e+00
3.223333e+01	-4.959461e-03	4.102739e+00
3.226667e+01	-5.476748e-03	4.100606e+00
3.230000e+01	-5.891478e-03	4.098896e+00
3.233333e+01	-5.919695e-03	4.098780e+00
3.236667e+01	-5.702417e-03	4.099675e+00
3.240000e+01	-5.514767e-03	4.100449e+00
3.243333e+01	-5.492291e-03	4.100542e+00
3.246667e+01	-5.582980e-03	4.100168e+00
3.250000e+01	-5.667506e-03	4.099819e+00
3.253333e+01	-5.681788e-03	4.099761e+00
3.256667e+01	-5.644219e-03	4.099915e+00
3.260000e+01	-5.348957e-03	4.101133e+00
3.263333e+01	-3.630578e-03	4.108218e+00
3.266667e+01	1.332366e-03	4.128681e+00
3.270000e+01	9.571590e-03	4.162653e+00
3.273333e+01	1.785267e-02	4.196797e+00
3.276667e+01	2.226617e-02	4.214995e+00
3.280000e+01	2.192404e-02	4.213585e+00
3.283333e+01	1.926470e-02	4.202620e+00
3.286667e+01	1.730597e-02	4.194543e+00
3.290000e+01	1.723893e-02	4.194267e+00
3.293333e+01	1.829491e-02	4.198621e+00
3.296667e+01	1.890646e-02	4.201142e+00
33	1.727407e-02	4.194412e+00
3.303333e+01	1.185699e-02	4.172076e+00
3.306667e+01	3.210546e-03	4.136425e+00
3.310000e+01	-5.129307e-03	4.102038e+00
3.313333e+01	-9.353978e-03	4.084619e+00
3.316667e+01	-8.828985e-03	4.086784e+00
3.320000e+01	-6.134506e-03	4.097894e+00
3.323333e+01	-4.253711e-03	4.105649e+00
3.326667e+01	-4.268453e-03	4.105588e+00
3.330000e+01	-5.343914e-03	4.101154e+00
3.333333e+01	-6.180965e-03	4.097702e+00
3.336667e+01	-6.222364e-03	4.097532e+00
3.340000e+01	-5.773357e-03	4.099383e+00
3.343333e+01	-5.395950e-03	4.100939e+00
3.346667e+01	-5.100354e-03	4.102158e+00
3.350000e+01	-3.577979e-03	4.108435e+00
3.353333e+01	1.230207e-03	4.128260e+00
3.356667e+01	9.460612e-03	4.162195e+00
3.360000e+01	1.782415e-02	4.196680e+00
3.363333e+01	2.230779e-02	4.215167e+00
3.366667e+01	2.197335e-02	4.213788e+00
3.370000e+01	1.927955e-02	4.202681e+00
3.373333e+01	1.728919e-02	4.194474e+00
3.376667e+01	1.721711e-02	4.194177e+00
3.380000e+01	1.828739e-02	4.198590e+00
3.383333e+01	1.917051e-02	4.202231e+00
3.386667e+01	1.925125e-02	4.202564e+00
3.390000e+01	1.880666e-02	4.200731e+00
3.393333e+01	1.841001e-02	4.199096e+00
3.396667e+01	1.835405e-02	4.198865e+00
34	1.853900e-02	4.199627e+00
3.403333e+01	1.871717e-02	4.200362e+00
3.406667e+01	1.875085e-02	4.200501e+00
3.410000e+01	1.841710e-02	4.199125e+00
3.413333e+01	1.662720e-02	4.191745e+00
3.416667e+01	1.163007e-02	4.171141e+00
3.420000e+01	3.405203e-03	4.137228e+00
3.423333e+01	-4.844797e-03	4.103212e+00
3.426667e+01	-9.242078e-03	4.085081e+00
3.430000e+01	-8.905108e-03	4.086470e+00
3.433333e+01	-6.259207e-03	4.097380e+00
3.436667e+01	-4.308099e-03	4.105424e+00
3.440000e+01	-4.239309e-03	4.105708e+00
3.443333e+01	-5.289499e-03	4.101378e+00
3.446667e+01	-6.412247e-03	4.096749e+00
3.450000e+01	-8.200790e-03	4.089374e+00
3.453333e+01	-1.274294e-02	4.070646e+00
3.456667e+01	-2.061040e-02	4.038207e+00
3.460000e+01	-2.884140e-02	4.004269e+00
3.463333e+01	-3.343011e-02	3.985349e+00
3.466667e+01	-3.325508e-02	3.986071e+00
3.470000e+01	-3.062630e-02	3.996910e+00
3.473333e+01	-2.859514e-02	4.005284e+00
3.476667e+01	-2.845330e-02	4.005869e+00
3.480000e+01	-2.949212e-02	4.001586e+00
3.483333e+01	-3.039074e-02	3.997881e+00
3.486667e+01	-3.050187e-02	3.997423e+00
3.490000e+01	-3.007231e-02	3.999194e+00
3.493333e+01	-2.966995e-02	4.000853e+00
3.496667e+01	-2.960081e-02	4.001138e+00
35	-2.977865e-02	4.000405e+00
3.503333e+01	-2.995884e-02	3.999662e+00
3.506667e+01	-2.999821e-02	3.999499e+00
3.510000e+01	-2.992516e-02	3.999801e+00
3.513333e+01	-2.984479e-02	4.000132e+00
3.516667e+01	-2.982359e-02	4.000219e+00
3.520000e+01	-2.985331e-02	4.000097e+00
3.523333e+01	-2.988900e-02	3.999950e+00
3.526667e+01	-2.989998e-02	3.999904e+00
3.530000e+01	-2.988803e-02	3.999954e+00
3.533333e+01	-2.987225e-02	4.000019e+00
3.536667e+01	-2.986671e-02	4.000042e+00
3.540000e+01	-2.961409e-02	4.001083e+00
3.543333e+01	-2.791083e-02	4.008106e+00
3.546667e+01	-2.293519e-02	4.028621e+00
3.550000e+01	-1.467721e-02	4.062671e+00
3.553333e+01	-6.388673e-03	4.096846e+00
3.556667e+01	-1.980122e-03	4.115023e+00
3.560000e+01	-2.330468e-03	4.113579e+00
3.563333e+01	-4.993432e-03	4.102599e+00
3.566667e+01	-6.950272e-03	4.094530e+00
3.570000e+01	-7.013726e-03	4.094269e+00
3.573333e+01	-5.956015e-03	4.098630e+00
3.576667e+01	-5.087787e-03	4.102210e+00
3.580000e+01	-5.011537e-03	4.102524e+00
3.583333e+01	-5.451064e-03	4.100712e+00
3.586667e+01	-5.841128e-03	4.099104e+00
3.590000e+01	-5.894815e-03	4.098882e+00
3.593333e+01	-5.711879e-03	4.099636e+00
3.596667e+01	-5.536607e-03	4.100359e+00
36	-5.504053e-03	4.100493e+00
3.603333e+01	-5.579640e-03	4.100182e+00
3.606667e+01	-5.658076e-03	4.099858e+00
3.610000e+01	-5.676278e-03	4.099783e+00
3.613333e+01	-5.645320e-03	4.099911e+00
3.616667e+01	-5.610381e-03	4.100055e+00
3.620000e+01	-5.600705e-03	4.100095e+00
3.623333e+01	-5.613258e-03	4.100043e+00
3.626667e+01	-5.628752e-03	4.099979e+00
3.630000e+01	-5.633722e-03	4.099959e+00
3.633333e+01	-5.628691e-03	4.099979e+00
3.636667e+01	-5.621850e-03	4.100008e+00
3.640000e+01	-5.619361e-03	4.100018e+00
3.643333e+01	-5.621349e-03	4.100010e+00
3.646667e+01	-5.624356e-03	4.099997e+00
3.650000e+01	-5.625579e-03	4.099992e+00
3.653333e+01	-5.624807e-03	4.099995e+00
3.656667e+01	-5.623491e-03	4.100001e+00
3.660000e+01	-5.622899e-03	4.100003e+00
3.663333e+01	-5.623192e-03	4.100002e+00
3.666667e+01	-5.623766e-03	4.100000e+00
3.670000e+01	-5.624049e-03	4.099999e+00
3.673333e+01	-5.623940e-03	4.099999e+00
3.676667e+01	-5.623692e-03	4.100000e+00
3.680000e+01	-5.623558e-03	4.100001e+00
3.683333e+01	-5.623596e-03	4.100000e+00
3.686667e+01	-5.623704e-03	4.100000e+00
3.690000e+01	-5.623766e-03	4.100000e+00
3.693333e+01	-5.623754e-03	4.100000e+00
3.696667e+01	-5.623707e-03	4.100000e+00
37	-5.623678e-03	4.100000e+00
3.703333e+01	-5.366310e-03	4.101061e+00
3.706667e+01	-3.656135e-03	4.108113e+00
3.710000e+01	1.322231e-03	4.128639e+00
3.713333e+01	9.578361e-03	4.162681e+00
3.716667e+01	1.786386e-02	4.196844e+00
3.720000e+01	2.227109e-02	4.215015e+00
3.723333e+01	2.217882e-02	4.214635e+00
3.726667e+01	2.122738e-02	4.210712e+00
3.730000e+01	2.424955e-02	4.223173e+00
3.733333e+01	3.244196e-02	4.256952e+00
3.736667e+01	4.178460e-02	4.295473e+00
3.740000e+01	4.705974e-02	4.317224e+00
3.743333e+01	4.678645e-02	4.316097e+00
3.746667e+01	4.368554e-02	4.303311e+00
3.750000e+01	4.133941e-02	4.293638e+00
3.753333e+01	4.122197e-02	4.293154e+00
3.756667e+01	4.246194e-02	4.298266e+00
3.760000e+01	4.350507e-02	4.302567e+00
3.763333e+01	4.361398e-02	4.303016e+00
3.766667e+01	4.309916e-02	4.300894e+00
3.770000e+01	4.263083e-02	4.298963e+00
3.773333e+01	4.255891e-02	4.298666e+00
3.776667e+01	4.277267e-02	4.299547e+00
3.780000e+01	4.298281e-02	4.300414e+00
3.783333e+01	4.302505e-02	4.300588e+00
3.786667e+01	4.293696e-02	4.300225e+00
3.790000e+01	4.284307e-02	4.299838e+00
3.793333e+01	4.281989e-02	4.299742e+00
3.796667e+01	4.285586e-02	4.299890e+00
38	4.289762e-02	4.300063e+00
3.803333e+01	4.290979e-02	4.300113e+00
3.806667e+01	4.315263e-02	4.301114e+00
3.810000e+01	4.484433e-02	4.308089e+00
3.813333e+01	4.981652e-02	4.328590e+00
3.816667e+01	5.807844e-02	4.362656e+00
3.820000e+01	6.637209e-02	4.396852e+00
3.823333e+01	7.078239e-02	4.415037e+00
3.826667e+01	7.043048e-02	4.413586e+00
3.830000e+01	6.776526e-02	4.402596e+00
3.833333e+01	6.580755e-02	4.394524e+00
3.836667e+01	6.574471e-02	4.394265e+00
3.840000e+01	6.680341e-02	4.398631e+00
3.843333e+01	6.767206e-02	4.402212e+00
3.846667e+01	6.749071e-02	4.401464e+00
3.850000e+01	6.534055e-02	4.392599e+00
3.853333e+01	5.997191e-02	4.370463e+00
3.856667e+01	5.166218e-02	4.336200e+00
3.860000e+01	4.330244e-02	4.301732e+00
3.863333e+01	3.736039e-02	4.277231e+00
3.866667e+01	3.276417e-02	4.258280e+00
3.870000e+01	2.709401e-02	4.234901e+00
3.873333e+01	2.068623e-02	4.208481e+00
3.876667e+01	1.632454e-02	4.190497e+00
3.880000e+01	1.564804e-02	4.187707e+00
3.883333e+01	1.747671e-02	4.195247e+00
3.886667e+01	1.936624e-02	4.203038e+00
3.890000e+01	1.985667e-02	4.205060e+00
3.893333e+01	1.917395e-02	4.202245e+00
3.896667e+01	1.835477e-02	4.198868e+00
39	1.810064e-02	4.197820e+00
3.903333e+01	1.837155e-02	4.198937e+00
3.906667e+01	1.847403e-02	4.199359e+00
3.910000e+01	1.689110e-02	4.192833e+00
3.913333e+01	1.180529e-02	4.171863e+00
3.916667e+01	3.390939e-03	4.137169e+00
3.920000e+01	-4.957283e-03	4.102748e+00
3.923333e+01	-9.322571e-03	4.084749e+00
3.926667e+01	-8.903614e-03	4.086476e+00
3.930000e+01	-6.211522e-03	4.097576e+00
3.933333e+01	-4.271345e-03	4.105576e+00
3.936667e+01	-4.237864e-03	4.105714e+00
3.940000e+01	-5.309595e-03	4.101295e+00
3.943333e+01	-6.171564e-03	4.097741e+00
3.946667e+01	-6.234777e-03	4.097480e+00
3.950000e+01	-5.788581e-03	4.099320e+00
3.953333e+01	-5.400789e-03	4.100919e+00
3.956667e+01	-5.352747e-03	4.101117e+00
3.960000e+01	-5.538823e-03	4.100350e+00
3.963333e+01	-5.713311e-03	4.099631e+00
3.966667e+01	-5.743432e-03	4.099506e+00
3.970000e+01	-5.666379e-03	4.099824e+00
3.973333e+01	-5.588192e-03	4.100146e+00
3.976667e+01	-5.571033e-03	4.100217e+00
3.980000e+01	-5.602671e-03	4.100087e+00
3.983333e+01	-5.637543e-03	4.099943e+00
3.986667e+01	-5.646774e-03	4.099905e+00
3.990000e+01	-5.633908e-03	4.099958e+00
3.993333e+01	-5.618425e-03	4.100022e+00
3.996667e+01	-5.613644e-03	4.100041e+00
40	-5.618818e-03	4.100020e+00
4.003333e+01	-5.625662e-03	4.099992e+00
4.006667e+01	-5.885443e-03	4.098921e+00
4.010000e+01	-7.593585e-03	4.091878e+00
4.013333e+01	-1.256895e-02	4.071363e+00
4.016667e+01	-2.056652e-02	4.038388e+00
4.020000e+01	-2.714262e-02	4.011273e+00
4.023333e+01	-2.657278e-02	4.013623e+00
4.026667e+01	-1.796759e-02	4.049104e+00
4.030000e+01	-7.020158e-03	4.094242e+00
4.033333e+01	-6.561590e-04	4.120482e+00
4.036667e+01	-9.417997e-04	4.119304e+00
4.040000e+01	-4.660685e-03	4.103971e+00
4.043333e+01	-7.485062e-03	4.092325e+00
4.046667e+01	-7.625257e-03	4.091747e+00
4.050000e+01	-6.128804e-03	4.097917e+00
4.053333e+01	-4.870848e-03	4.103104e+00
4.056667e+01	-4.740723e-03	4.103641e+00
4.060000e+01	-5.362843e-03	4.101076e+00
4.063333e+01	-5.928017e-03	4.098745e+00
4.066667e+01	-6.014328e-03	4.098389e+00
4.070000e+01	-5.755955e-03	4.099455e+00
4.073333e+01	-5.502324e-03	4.100500e+00
4.076667e+01	-5.194171e-03	4.101771e+00
4.080000e+01	-3.590456e-03	4.108383e+00
4.083333e+01	1.274585e-03	4.128443e+00
4.086667e+01	9.502826e-03	4.162370e+00
4.090000e+01	1.783180e-02	4.196711e+00
4.093333e+01	2.228944e-02	4.215091e+00
4.096667e+01	2.195445e-02	4.213710e+00
41	1.927524e-02	4.202663e+00
4.103333e+01	1.755409e-02	4.195566e+00
4.106667e+01	1.919310e-02	4.202324e+00
4.110000e+01	2.523563e-02	4.227239e+00
4.113333e+01	3.436953e-02	4.264900e+00
4.116667e+01	4.273508e-02	4.299392e+00
4.120000e+01	4.670027e-02	4.315742e+00
4.123333e+01	4.595639e-02	4.312674e+00
4.126667e+01	4.323922e-02	4.301471e+00
4.130000e+01	4.146691e-02	4.294163e+00
4.133333e+01	4.158028e-02	4.294631e+00
4.136667e+01	4.267086e-02	4.299128e+00
4.140000e+01	4.346284e-02	4.302393e+00
4.143333e+01	4.345996e-02	4.302381e+00
4.146667e+01	4.300206e-02	4.300493e+00
4.150000e+01	4.264322e-02	4.299014e+00
4.153333e+01	4.262478e-02	4.298938e+00
4.156667e+01	4.281748e-02	4.299732e+00
4.160000e+01	4.298009e-02	4.300403e+00
4.163333e+01	4.299702e-02	4.300472e+00
4.166667e+01	4.291641e-02	4.300140e+00
4.170000e+01	4.284305e-02	4.299838e+00
4.173333e+01	4.283175e-02	4.299791e+00
4.176667e+01	4.286522e-02	4.299929e+00
4.180000e+01	4.289816e-02	4.300065e+00
4.183333e+01	4.290480e-02	4.300092e+00
4.186667e+01	4.289101e-02	4.300035e+00
4.190000e+01	4.313367e-02	4.301036e+00
4.193333e+01	4.484022e-02	4.308072e+00
4.196667e+01	4.982423e-02	4.328622e+00
42	5.808690e-02	4.362691e+00
4.203333e+01	6.637431e-02	4.396861e+00
4.206667e+01	7.077925e-02	4.415024e+00
4.210000e+01	7.042672e-02	4.413570e+00
4.213333e+01	6.776411e-02	4.402592e+00
4.216667e+01	6.580882e-02	4.394530e+00
4.220000e+01	6.574638e-02	4.394272e+00
4.223333e+01	6.680399e-02	4.398633e+00
4.226667e+01	6.767156e-02	4.402210e+00
4.230000e+01	6.800472e-02	4.403584e+00
4.233333e+01	6.927540e-02	4.408823e+00
4.236667e+01	7.386399e-02	4.427743e+00
4.240000e+01	8.206665e-02	4.461564e+00
4.243333e+01	9.053509e-02	4.496481e+00
4.246667e+01	9.511746e-02	4.515375e+00
4.250000e+01	9.480028e-02	4.514067e+00
4.253333e+01	9.206305e-02	4.502781e+00
4.256667e+01	9.002846e-02	4.494392e+00
4.260000e+01	8.968921e-02	4.492993e+00
4.263333e+01	8.906712e-02	4.490428e+00
4.266667e+01	8.499158e-02	4.473624e+00
4.270000e+01	7.682145e-02	4.439937e+00
4.273333e+01	6.808412e-02	4.403911e+00
4.276667e+01	6.327150e-02	4.384068e+00
4.280000e+01	6.356245e-02	4.385268e+00
4.283333e+01	6.641195e-02	4.397017e+00
4.286667e+01	6.855020e-02	4.405833e+00
4.290000e+01	6.864896e-02	4.406240e+00
4.293333e+01	6.751430e-02	4.401562e+00
4.296667e+01	6.630759e-02	4.396586e+00
43	6.450162e-02	4.389140e+00
4.303333e+01	5.999423e-02	4.370555e+00
4.306667e+01	5.216427e-02	4.338271e+00
4.310000e+01	4.368539e-02	4.303311e+00
4.313333e+01	3.737231e-02	4.277281e+00
4.316667e+01	3.255230e-02	4.257407e+00
4.320000e+01	2.717736e-02	4.235245e+00
4.323333e+01	2.263894e-02	4.216532e+00
4.326667e+01	2.335931e-02	4.219502e+00
4.330000e+01	3.092877e-02	4.250713e+00
4.333333e+01	4.097501e-02	4.292135e+00
4.336667e+01	4.722405e-02	4.317901e+00
4.340000e+01	4.736645e-02	4.318488e+00
4.343333e+01	4.405093e-02	4.304818e+00
4.346667e+01	4.129737e-02	4.293464e+00
4.350000e+01	4.098006e-02	4.292156e+00
4.353333e+01	4.229595e-02	4.297582e+00
4.356667e+01	4.351380e-02	4.302603e+00
4.360000e+01	4.371662e-02	4.303439e+00
4.363333e+01	4.317501e-02	4.301206e+00
4.366667e+01	4.263135e-02	4.298965e+00
4.370000e+01	4.251550e-02	4.298487e+00
4.373333e+01	4.273813e-02	4.299405e+00
4.376667e+01	4.298064e-02	4.300405e+00
4.380000e+01	4.304329e-02	4.300663e+00
4.383333e+01	4.295261e-02	4.300289e+00
4.386667e+01	4.284487e-02	4.299845e+00
4.390000e+01	4.281227e-02	4.299711e+00
4.393333e+01	4.284881e-02	4.299861e+00
4.396667e+01	4.315383e-02	4.301119e+00
44	4.488051e-02	4.308238e+00
4.403333e+01	4.984436e-02	4.328705e+00
4.406667e+01	5.807951e-02	4.362660e+00
4.410000e+01	6.635684e-02	4.396789e+00
4.413333e+01	7.102712e-02	4.416046e+00
4.416667e+01	7.239688e-02	4.421693e+00
4.420000e+01	7.471759e-02	4.431262e+00
4.423333e+01	8.101534e-02	4.457229e+00
4.426667e+01	8.923310e-02	4.491112e+00
4.430000e+01	9.469555e-02	4.513635e+00
4.433333e+01	9.495728e-02	4.514714e+00
4.436667e+01	9.066354e-02	4.497010e+00
4.440000e+01	8.329058e-02	4.466610e+00
4.443333e+01	7.458052e-02	4.430697e+00
4.446667e+01	6.704032e-02	4.399607e+00
4.450000e+01	6.197323e-02	4.378715e+00
4.453333e+01	5.759614e-02	4.360667e+00
4.456667e+01	5.159525e-02	4.335924e+00
4.460000e+01	4.480070e-02	4.307909e+00
4.463333e+01	4.032504e-02	4.289455e+00
4.466667e+01	3.952466e-02	4.286155e+00
4.470000e+01	3.981422e-02	4.287349e+00
4.473333e+01	3.678320e-02	4.274852e+00
4.476667e+01	2.896426e-02	4.242613e+00
4.480000e+01	1.992065e-02	4.205324e+00
4.483333e+01	1.466553e-02	4.183656e+00
4.486667e+01	1.478193e-02	4.184136e+00
4.490000e+01	1.774757e-02	4.196364e+00
4.493333e+01	2.007765e-02	4.205971e+00
4.496667e+01	2.026058e-02	4.206726e+00
45	1.908156e-02	4.201864e+00
4.503333e+01	1.804866e-02	4.197606e+00
4.506667e+01	1.791261e-02	4.197045e+00
4.510000e+01	1.840011e-02	4.199055e+00
4.513333e+01	1.886256e-02	4.200961e+00
4.516667e+01	1.920301e-02	4.202365e+00
4.520000e+01	2.071163e-02	4.208586e+00
4.523333e+01	2.548305e-02	4.228259e+00
4.526667e+01	3.367260e-02	4.262026e+00
4.530000e+01	4.188942e-02	4.295906e+00
4.533333e+01	4.585458e-02	4.312255e+00
4.536667e+01	4.436055e-02	4.306094e+00
4.540000e+01	3.985861e-02	4.287532e+00
4.543333e+01	3.571572e-02	4.270450e+00
4.546667e+01	3.352026e-02	4.261398e+00
4.550000e+01	3.267675e-02	4.257920e+00
4.553333e+01	3.179912e-02	4.254301e+00
4.556667e+01	3.012320e-02	4.247391e+00
4.560000e+01	2.783853e-02	4.237971e+00
4.563333e+01	2.553384e-02	4.228468e+00
4.566667e+01	2.356424e-02	4.220347e+00
4.570000e+01	2.189004e-02	4.213444e+00
4.573333e+01	2.037117e-02	4.207182e+00
4.576667e+01	1.909481e-02	4.201919e+00
4.580000e+01	1.832903e-02	4.198762e+00
4.583333e+01	1.818352e-02	4.198162e+00
4.586667e+01	1.843551e-02	4.199201e+00
4.590000e+01	1.871659e-02	4.200360e+00
4.593333e+01	1.880331e-02	4.200717e+00
4.596667e+01	1.871540e-02	4.200355e+00
46	1.859753e-02	4.199869e+00
4.603333e+01	1.829779e-02	4.198633e+00
4.606667e+01	1.662189e-02	4.191723e+00
4.610000e+01	1.143747e-02	4.170346e+00
4.613333e+01	1.491776e-03	4.129338e+00
4.616667e+01	-1.178547e-02	4.074594e+00
4.620000e+01	-2.472866e-02	4.021227e+00
4.623333e+01	-3.464206e-02	3.980352e+00
4.626667e+01	-4.307112e-02	3.945597e+00
4.630000e+01	-5.399000e-02	3.900577e+00
4.633333e+01	-6.805886e-02	3.842568e+00
4.636667e+01	-8.156459e-02	3.786881e+00
4.640000e+01	-9.140901e-02	3.746291e+00
4.643333e+01	-9.778961e-02	3.719983e+00
4.646667e+01	-1.018852e-01	3.703096e+00
4.650000e+01	-1.039571e-01	3.694553e+00
4.653333e+01	-1.041068e-01	3.693936e+00
4.656667e+01	-1.031634e-01	3.697826e+00
4.660000e+01	-1.022737e-01	3.701494e+00
4.663333e+01	-1.020630e-01	3.702363e+00
4.666667e+01	-1.023905e-01	3.701012e+00
4.670000e+01	-1.027686e-01	3.699453e+00
4.673333e+01	-1.028801e-01	3.698994e+00
4.676667e+01	-1.027514e-01	3.699524e+00
4.680000e+01	-1.025861e-01	3.700206e+00
4.683333e+01	-1.025301e-01	3.700437e+00
4.686667e+01	-1.025814e-01	3.700225e+00
4.690000e+01	-1.026541e-01	3.699925e+00
4.693333e+01	-1.026819e-01	3.699811e+00
4.696667e+01	-1.026617e-01	3.699894e+00
47	-1.026298e-01	3.700026e+00
4.703333e+01	-1.026163e-01	3.700081e+00
4.706667e+01	-1.023667e-01	3.701111e+00
4.710000e+01	-1.006704e-01	3.708105e+00
4.713333e+01	-9.569855e-02	3.728605e+00
4.716667e+01	-8.743950e-02	3.762658e+00
4.720000e+01	-7.914794e-02	3.796846e+00
4.723333e+01	-7.473762e-02	3.815030e+00
4.726667e+01	-7.508832e-02	3.813584e+00
4.730000e+01	-7.749521e-02	3.803660e+00
4.733333e+01	-7.774268e-02	3.802640e+00
4.736667e+01	-7.282765e-02	3.822906e+00
4.740000e+01	-6.351326e-02	3.861311e+00
4.743333e+01	-5.435915e-02	3.899055e+00
4.746667e+01	-4.987570e-02	3.917541e+00
4.750000e+01	-5.066510e-02	3.914286e+00
4.753333e+01	-5.371698e-02	3.901702e+00
4.756667e+01	-5.572687e-02	3.893415e+00
4.760000e+01	-5.560755e-02	3.893907e+00
4.763333e+01	-5.437507e-02	3.898989e+00
4.766667e+01	-5.347458e-02	3.902702e+00
4.770000e+01	-5.347387e-02	3.902705e+00
4.773333e+01	-5.399161e-02	3.900570e+00
4.776667e+01	-5.439974e-02	3.898887e+00
4.780000e+01	-5.442249e-02	3.898793e+00
4.783333e+01	-5.420470e-02	3.899691e+00
4.786667e+01	-5.401982e-02	3.900454e+00
4.790000e+01	-5.399982e-02	3.900536e+00
4.793333e+01	-5.409086e-02	3.900161e+00
4.796667e+01	-5.417423e-02	3.899817e+00
48	-5.418740e-02	3.899763e+00
4.803333e+01	-5.414962e-02	3.899919e+00
4.806667e+01	-5.411221e-02	3.900073e+00
4.810000e+01	-5.410452e-02	3.900105e+00
4.813333e+01	-5.412007e-02	3.900040e+00
4.816667e+01	-5.413678e-02	3.899971e+00
4.820000e+01	-5.414098e-02	3.899954e+00
4.823333e+01	-5.413464e-02	3.899980e+00
4.826667e+01	-5.386984e-02	3.901072e+00
4.830000e+01	-5.215744e-02	3.908133e+00
4.833333e+01	-4.718163e-02	3.928649e+00
4.836667e+01	-3.892879e-02	3.962677e+00
4.840000e+01	-3.064441e-02	3.996835e+00
4.843333e+01	-2.623616e-02	4.015011e+00
4.846667e+01	-2.658435e-02	4.013575e+00
4.850000e+01	-2.924543e-02	4.002603e+00
4.853333e+01	-3.120204e-02	3.994536e+00
4.856667e+01	-3.126639e-02	3.994270e+00
4.860000e+01	-3.020953e-02	3.998628e+00
4.863333e+01	-2.934145e-02	4.002207e+00
4.866667e+01	-2.926483e-02	4.002523e+00
4.870000e+01	-2.970397e-02	4.000713e+00
4.873333e+01	-3.009395e-02	3.999105e+00
4.876667e+01	-3.014779e-02	3.998883e+00
4.880000e+01	-2.996503e-02	3.999636e+00
4.883333e+01	-2.978980e-02	4.000359e+00
4.886667e+01	-2.971429e-02	4.000670e+00
4.890000e+01	-2.946187e-02	4.001711e+00
4.893333e+01	-2.838263e-02	4.006161e+00
4.896667e+01	-2.586717e-02	4.016532e+00
49	-2.192166e-02	4.032800e+00
4.903333e+01	-1.723760e-02	4.052114e+00
4.906667e+01	-1.263705e-02	4.071083e+00
4.910000e+01	-8.502337e-03	4.088131e+00
4.913333e+01	-4.696606e-03	4.103823e+00
4.916667e+01	-8.909801e-04	4.119514e+00
4.920000e+01	3.057938e-03	4.135796e+00
4.923333e+01	6.911185e-03	4.151684e+00
4.926667e+01	1.022811e-02	4.165360e+00
4.930000e+01	1.287816e-02	4.176287e+00
4.933333e+01	1.517228e-02	4.185746e+00
4.936667e+01	1.753325e-02	4.195480e+00
4.940000e+01	2.079629e-02	4.208935e+00
4.943333e+01	2.636169e-02	4.231882e+00
4.946667e+01	3.435742e-02	4.264850e+00
4.950000e+01	4.185454e-02	4.295762e+00
4.953333e+01	4.426400e-02	4.305696e+00
4.956667e+01	3.900325e-02	4.284005e+00
4.960000e+01	2.830085e-02	4.239877e+00
4.963333e+01	1.819023e-02	4.198189e+00
4.966667e+01	1.369898e-02	4.179671e+00
4.970000e+01	1.501442e-02	4.185095e+00
4.973333e+01	1.848378e-02	4.199400e+00
4.976667e+01	2.052161e-02	4.207802e+00
4.980000e+01	2.018497e-02	4.206414e+00
4.983333e+01	1.876556e-02	4.200562e+00
4.986667e+01	1.784323e-02	4.196759e+00
4.990000e+01	1.793320e-02	4.197130e+00
4.993333e+01	1.879243e-02	4.200672e+00
4.996667e+01	2.092469e-02	4.209464e+00
50	2.588821e-02	4.229930e+00
5.003333e+01	3.388884e-02	4.262918e+00
5.006667e+01	4.198142e-02	4.296285e+00
5.010000e+01	4.638410e-02	4.314438e+00
5.013333e+01	4.614234e-02	4.313441e+00
5.016667e+01	4.356843e-02	4.302828e+00
5.020000e+01	4.161910e-02	4.294791e+00
5.023333e+01	4.151012e-02	4.294342e+00
5.026667e+01	4.252758e-02	4.298537e+00
5.030000e+01	4.364772e-02	4.303155e+00
5.033333e+01	4.545312e-02	4.310599e+00
5.036667e+01	5.001008e-02	4.329389e+00
5.040000e+01	5.813685e-02	4.362897e+00
5.043333e+01	6.807102e-02	4.403857e+00
5.046667e+01	7.788882e-02	4.444338e+00
5.050000e+01	8.767891e-02	4.484704e+00
5.053333e+01	9.831691e-02	4.528567e+00
5.056667e+01	1.089521e-01	4.572417e+00
5.060000e+01	1.167468e-01	4.604556e+00
5.063333e+01	1.197874e-01	4.617093e+00
5.066667e+01	1.200890e-01	4.618337e+00
5.070000e+01	1.224528e-01	4.628083e+00
5.073333e+01	1.293808e-01	4.656649e+00
5.076667e+01	1.380687e-01	4.692471e+00
5.080000e+01	1.435405e-01	4.715032e+00
5.083333e+01	1.437971e-01	4.716090e+00
5.086667e+01	1.412592e-01	4.705626e+00
5.090000e+01	1.403021e-01	4.701680e+00
5.093333e+01	1.432265e-01	4.713737e+00
5.096667e+01	1.478600e-01	4.732842e+00
51	1.504044e-01	4.743333e+00
5.103333e+01	1.500000e-01	4.741666e+00
5.106667e+01	1.480714e-01	4.733714e+00
5.110000e+01	1.453160e-01	4.722353e+00
5.113333e+01	1.420301e-01	4.708804e+00
5.116667e+01	1.393495e-01	4.697752e+00
5.120000e+01	1.383686e-01	4.693707e+00
5.123333e+01	1.389445e-01	4.696082e+00
5.126667e+01	1.399710e-01	4.700314e+00
5.130000e+01	1.404831e-01	4.702426e+00
5.133333e+01	1.403127e-01	4.701723e+00
5.136667e+01	1.398871e-01	4.699968e+00
5.140000e+01	1.396491e-01	4.698987e+00
5.143333e+01	1.397061e-01	4.699222e+00
5.146667e+01	1.398879e-01	4.699972e+00
5.150000e+01	1.399983e-01	4.700427e+00
5.153333e+01	1.399804e-01	4.700353e+00
5.156667e+01	1.399025e-01	4.700032e+00
5.160000e+01	1.398514e-01	4.699821e+00
5.163333e+01	1.398561e-01	4.699841e+00
5.166667e+01	1.398894e-01	4.699978e+00
5.170000e+01	1.399128e-01	4.700074e+00
5.173333e+01	1.399122e-01	4.700072e+00
5.176667e+01	1.398981e-01	4.700014e+00
5.180000e+01	1.398873e-01	4.699969e+00
5.183333e+01	1.398870e-01	4.699968e+00
5.186667e+01	1.398930e-01	4.699992e+00
5.190000e+01	1.396405e-01	4.698951e+00
5.193333e+01	1.379307e-01	4.691902e+00
5.196667e+01	1.329498e-01	4.671365e+00
52	1.246915e-01	4.637314e+00
5.203333e+01	1.164057e-01	4.603150e+00
5.206667e+01	1.119995e-01	4.584983e+00
5.210000e+01	1.123501e-01	4.586428e+00
5.213333e+01	1.150119e-01	4.597403e+00
5.216667e+01	1.169677e-01	4.605467e+00
5.220000e+01	1.167736e-01	4.604667e+00
5.223333e+01	1.140062e-01	4.593256e+00
5.226667e+01	1.081601e-01	4.569152e+00
5.230000e+01	9.982778e-02	4.534796e+00
5.233333e+01	9.198162e-02	4.502445e+00
5.236667e+01	8.796425e-02	4.485881e+00
5.240000e+01	8.836751e-02	4.487543e+00
5.243333e+01	9.084629e-02	4.497764e+00
5.246667e+01	9.262732e-02	4.505107e+00
5.250000e+01	9.265851e-02	4.505236e+00
5.253333e+01	9.167693e-02	4.501189e+00
5.256667e+01	9.088740e-02	4.497933e+00
5.260000e+01	9.082924e-02	4.497694e+00
5.263333e+01	9.123758e-02	4.499377e+00
5.266667e+01	9.159258e-02	4.500841e+00
5.270000e+01	9.163663e-02	4.501023e+00
5.273333e+01	9.146635e-02	4.500320e+00
5.276667e+01	9.130663e-02	4.499662e+00
5.280000e+01	9.127903e-02	4.499548e+00
5.283333e+01	9.134954e-02	4.499839e+00
5.286667e+01	9.142111e-02	4.500134e+00
5.290000e+01	9.143683e-02	4.500199e+00
5.293333e+01	9.140788e-02	4.500079e+00
5.296667e+01	9.137596e-02	4.499948e+00
53	9.136750e-02	4.499913e+00
5.303333e+01	9.163665e-02	4.501023e+00
5.306667e+01	9.336101e-02	4.508133e+00
5.310000e+01	9.834377e-02	4.528677e+00
5.313333e+01	1.065952e-01	4.562699e+00
5.316667e+01	1.148744e-01	4.596836e+00
5.320000e+01	1.192794e-01	4.614999e+00
5.323333e+01	1.186743e-01	4.612504e+00
5.326667e+01	1.143052e-01	4.594489e+00
5.330000e+01	1.073717e-01	4.565901e+00
5.333333e+01	9.905113e-02	4.531594e+00
5.336667e+01	9.182157e-02	4.501785e+00
5.340000e+01	8.828174e-02	4.487190e+00
5.343333e+01	8.870800e-02	4.488947e+00
5.346667e+01	9.093089e-02	4.498113e+00
5.350000e+01	9.249742e-02	4.504572e+00
5.353333e+01	9.250732e-02	4.504613e+00
5.356667e+01	9.163278e-02	4.501007e+00
5.360000e+01	9.068257e-02	4.497089e+00
5.363333e+01	8.892863e-02	4.489857e+00
5.366667e+01	8.431409e-02	4.470830e+00
5.370000e+01	7.636953e-02	4.438073e+00
5.373333e+01	6.837691e-02	4.405118e+00
5.376667e+01	6.552795e-02	4.393372e+00
5.380000e+01	7.071566e-02	4.414762e+00
5.383333e+01	8.161054e-02	4.459683e+00
5.386667e+01	9.191525e-02	4.502171e+00
5.390000e+01	9.644912e-02	4.520865e+00
5.393333e+01	9.505559e-02	4.515120e+00
5.396667e+01	9.150011e-02	4.500460e+00
54	8.943947e-02	4.491963e+00
5.403333e+01	8.980784e-02	4.493482e+00
5.406667e+01	9.126546e-02	4.499492e+00
5.410000e+01	9.219958e-02	4.503344e+00
5.413333e+01	9.209685e-02	4.502920e+00
5.416667e+01	9.147811e-02	4.500369e+00
5.420000e+01	9.105010e-02	4.498604e+00
5.423333e+01	9.132740e-02	4.499748e+00
5.426667e+01	9.330052e-02	4.507883e+00
5.430000e+01	9.847474e-02	4.529217e+00
5.433333e+01	1.067334e-01	4.563270e+00
5.436667e+01	1.149078e-01	4.596974e+00
5.440000e+01	1.192259e-01	4.614778e+00
5.443333e+01	1.188701e-01	4.613311e+00
5.446667e+01	1.162552e-01	4.602529e+00
5.450000e+01	1.143393e-01	4.594630e+00
5.453333e+01	1.142805e-01	4.594387e+00
5.456667e+01	1.153181e-01	4.598666e+00
5.460000e+01	1.161679e-01	4.602170e+00
5.463333e+01	1.162411e-01	4.602472e+00
5.466667e+01	1.158099e-01	4.600694e+00
5.470000e+01	1.151708e-01	4.598058e+00
5.473333e+01	1.134086e-01	4.590793e+00
5.476667e+01	1.086098e-01	4.571006e+00
5.480000e+01	1.005252e-01	4.537672e+00
5.483333e+01	9.227132e-02	4.503640e+00
5.486667e+01	8.778991e-02	4.485162e+00
5.490000e+01	8.806275e-02	4.486287e+00
5.493333e+01	9.070668e-02	4.497188e+00
5.496667e+01	9.269328e-02	4.505379e+00
55	9.279121e-02	4.505783e+00
5.503333e+01	9.174350e-02	4.501463e+00
5.506667e+01	9.086325e-02	4.497834e+00
5.510000e+01	9.077173e-02	4.497456e+00
5.513333e+01	9.120616e-02	4.499248e+00
5.516667e+01	9.160102e-02	4.500876e+00
5.520000e+01	9.166144e-02	4.501125e+00
5.523333e+01	9.148104e-02	4.500381e+00
5.526667e+01	9.104651e-02	4.498589e+00
5.530000e+01	8.930081e-02	4.491392e+00
5.533333e+01	8.439678e-02	4.471171e+00
5.536667e+01	7.621981e-02	4.437456e+00
5.540000e+01	6.795381e-02	4.403374e+00
5.543333e+01	6.351623e-02	4.385077e+00
5.546667e+01	6.383065e-02	4.386373e+00
5.550000e+01	6.648205e-02	4.397306e+00
5.553333e+01	6.845052e-02	4.405422e+00
5.556667e+01	6.852983e-02	4.405749e+00
5.560000e+01	6.747791e-02	4.401412e+00
5.563333e+01	6.660509e-02	4.397813e+00
5.566667e+01	6.650471e-02	4.397399e+00
5.570000e+01	6.681022e-02	4.398659e+00
5.573333e+01	6.673901e-02	4.398365e+00
5.576667e+01	6.578227e-02	4.394420e+00
5.580000e+01	6.403488e-02	4.387215e+00
5.583333e+01	6.199927e-02	4.378822e+00
5.586667e+01	6.012905e-02	4.371111e+00
5.590000e+01	5.854508e-02	4.364580e+00
5.593333e+01	5.709527e-02	4.358602e+00
5.596667e+01	5.558981e-02	4.352395e+00
56	5.396445e-02	4.345693e+00
5.603333e+01	5.227685e-02	4.338735e+00
5.606667e+01	5.060925e-02	4.331859e+00
5.610000e+01	4.899328e-02	4.325196e+00
5.613333e+01	4.740642e-02	4.318653e+00
5.616667e+01	4.582985e-02	4.312153e+00
5.620000e+01	4.434506e-02	4.306031e+00
5.623333e+01	4.343597e-02	4.302282e+00
5.626667e+01	4.453226e-02	4.306802e+00
5.630000e+01	4.945862e-02	4.327115e+00
5.633333e+01	5.796283e-02	4.362179e+00
5.636667e+01	6.647254e-02	4.397266e+00
5.640000e+01	7.092247e-02	4.415614e+00
5.643333e+01	7.048225e-02	4.413799e+00
5.646667e+01	6.746848e-02	4.401373e+00
5.650000e+01	6.377951e-02	4.386162e+00
5.653333e+01	5.877403e-02	4.365524e+00
5.656667e+01	5.161678e-02	4.336013e+00
5.660000e+01	4.421095e-02	4.305478e+00
5.663333e+01	3.960785e-02	4.286498e+00
5.666667e+01	3.778952e-02	4.279001e+00
5.670000e+01	3.507686e-02	4.267816e+00
5.673333e+01	2.872916e-02	4.241643e+00
5.676667e+01	2.069838e-02	4.208531e+00
5.680000e+01	1.541223e-02	4.186735e+00
5.683333e+01	1.492415e-02	4.184723e+00
5.686667e+01	1.743032e-02	4.195056e+00
5.690000e+01	1.974592e-02	4.204604e+00
5.693333e+01	2.018227e-02	4.206403e+00
5.696667e+01	1.921136e-02	4.202400e+00
57	1.819624e-02	4.198214e+00
5.703333e+01	1.795402e-02	4.197215e+00
5.706667e+01	1.834751e-02	4.198838e+00
5.710000e+01	1.879714e-02	4.200692e+00
5.713333e+01	1.892442e-02	4.201217e+00
5.716667e+01	1.876513e-02	4.200560e+00
5.720000e+01	1.882335e-02	4.200800e+00
5.723333e+01	2.046850e-02	4.207583e+00
5.726667e+01	2.551063e-02	4.228373e+00
5.730000e+01	3.385463e-02	4.262777e+00
5.733333e+01	4.217261e-02	4.297073e+00
5.736667e+01	4.655468e-02	4.315141e+00
5.740000e+01	4.616645e-02	4.313541e+00
5.743333e+01	4.348888e-02	4.302500e+00
5.746667e+01	4.154242e-02	4.294475e+00
5.750000e+01	4.149559e-02	4.294282e+00
5.753333e+01	4.256041e-02	4.298672e+00
5.756667e+01	4.342465e-02	4.302236e+00
5.760000e+01	4.375102e-02	4.303581e+00
5.763333e+01	4.501826e-02	4.308806e+00
5.766667e+01	4.960807e-02	4.327731e+00
5.770000e+01	5.781367e-02	4.361564e+00
5.773333e+01	6.602635e-02	4.395427e+00
5.776667e+01	6.889811e-02	4.407267e+00
5.780000e+01	6.360128e-02	4.385428e+00
5.783333e+01	5.260717e-02	4.340097e+00
5.786667e+01	4.228722e-02	4.297546e+00
5.790000e+01	3.779867e-02	4.279039e+00
5.793333e+01	3.923675e-02	4.284968e+00
5.796667e+01	4.280120e-02	4.299665e+00
58	4.484317e-02	4.308084e+00
5.803333e+01	4.445489e-02	4.306483e+00
5.806667e+01	4.324973e-02	4.301514e+00
5.810000e+01	4.403342e-02	4.304746e+00
5.813333e+01	4.912338e-02	4.325733e+00
5.816667e+01	5.800084e-02	4.362336e+00
5.820000e+01	6.671126e-02	4.398251e+00
5.823333e+01	7.109463e-02	4.416324e+00
5.826667e+01	7.048076e-02	4.413793e+00
5.830000e+01	6.762451e-02	4.402016e+00
5.833333e+01	6.566747e-02	4.393947e+00
5.836667e+01	6.571553e-02	4.394145e+00
5.840000e+01	6.686133e-02	4.398869e+00
5.843333e+01	6.773462e-02	4.402470e+00
5.846667e+01	6.776396e-02	4.402591e+00
5.850000e+01	6.728451e-02	4.400614e+00
5.853333e+01	6.689005e-02	4.398988e+00
5.856667e+01	6.685596e-02	4.398847e+00
5.860000e+01	6.705690e-02	4.399676e+00
5.863333e+01	6.723505e-02	4.400410e+00
5.866667e+01	6.725947e-02	4.400511e+00
5.870000e+01	6.717581e-02	4.400166e+00
5.873333e+01	6.709570e-02	4.399836e+00
5.876667e+01	6.708084e-02	4.399774e+00
5.880000e+01	6.711541e-02	4.399917e+00
5.883333e+01	6.715126e-02	4.400065e+00
5.886667e+01	6.715957e-02	4.400099e+00
5.890000e+01	6.714541e-02	4.400041e+00
5.893333e+01	6.712944e-02	4.399975e+00
5.896667e+01	6.712502e-02	4.399957e+00
59	6.738814e-02	4.401042e+00
5.903333e+01	6.910541e-02	4.408122e+00
5.906667e+01	7.408606e-02	4.428658e+00
5.910000e+01	8.233989e-02	4.462690e+00
5.913333e+01	9.062226e-02	4.496840e+00
5.916667e+01	9.502834e-02	4.515007e+00
5.920000e+01	9.467961e-02	4.513569e+00
5.923333e+01	9.201935e-02	4.502601e+00
5.926667e+01	9.006371e-02	4.494537e+00
5.930000e+01	8.999964e-02	4.494273e+00
5.933333e+01	9.105617e-02	4.498629e+00
5.936667e+01	9.166645e-02	4.501146e+00
5.940000e+01	9.003274e-02	4.494409e+00
5.943333e+01	8.461534e-02	4.472073e+00
5.946667e+01	7.596942e-02	4.436424e+00
5.950000e+01	6.763016e-02	4.402039e+00
5.953333e+01	6.340565e-02	4.384621e+00
5.956667e+01	6.393043e-02	4.386785e+00
5.960000e+01	6.662465e-02	4.397894e+00
5.963333e+01	6.850536e-02	4.405648e+00
5.966667e+01	6.849070e-02	4.405588e+00
5.970000e+01	6.741536e-02	4.401154e+00
5.973333e+01	6.657835e-02	4.397703e+00
5.976667e+01	6.653692e-02	4.397532e+00
5.980000e+01	6.698587e-02	4.399383e+00
5.983333e+01	6.736326e-02	4.400939e+00
5.986667e+01	6.740150e-02	4.401097e+00
5.990000e+01	6.721370e-02	4.400322e+00
5.993333e+01	6.704352e-02	4.399621e+00
5.996667e+01	6.701779e-02	4.399514e+00
60	6.709582e-02	4.399836e+00
6.003333e+01	6.717224e-02	4.400151e+00
6.006667e+01	6.718744e-02	4.400214e+00
6.010000e+01	6.715528e-02	4.400081e+00
6.013333e+01	6.712112e-02	4.399941e+00
6.016667e+01	6.685539e-02	4.398845e+00
6.020000e+01	6.515833e-02	4.391848e+00
6.023333e+01	6.019515e-02	4.371383e+00
6.026667e+01	5.194341e-02	4.337360e+00
6.030000e+01	4.365261e-02	4.303175e+00
6.033333e+01	3.923866e-02	4.284976e+00
6.036667e+01	3.958605e-02	4.286408e+00
6.040000e+01	4.224981e-02	4.297391e+00
6.043333e+01	4.420898e-02	4.305470e+00
6.046667e+01	4.427382e-02	4.305737e+00
6.050000e+01	4.321585e-02	4.301375e+00
6.053333e+01	4.208925e-02	4.296729e+00
6.056667e+01	4.030216e-02	4.289361e+00
6.060000e+01	3.576338e-02	4.270647e+00
6.063333e+01	2.789774e-02	4.238215e+00
6.066667e+01	1.966623e-02	4.204275e+00
6.070000e+01	1.507606e-02	4.185349e+00
6.073333e+01	1.523309e-02	4.185996e+00
6.076667e+01	1.773086e-02	4.196295e+00
6.080000e+01	1.929959e-02	4.202763e+00
6.083333e+01	1.842835e-02	4.199171e+00
6.086667e+01	1.582364e-02	4.188431e+00
6.090000e+01	1.306511e-02	4.177057e+00
6.093333e+01	1.111745e-02	4.169027e+00
6.096667e+01	9.888119e-03	4.163958e+00
61	8.762103e-03	4.159315e+00
6.103333e+01	7.307088e-03	4.153316e+00
6.106667e+01	5.534527e-03	4.146007e+00
6.110000e+01	3.701716e-03	4.138450e+00
6.113333e+01	2.004639e-03	4.131453e+00
6.116667e+01	4.493039e-04	4.125040e+00
6.120000e+01	-1.072691e-03	4.118765e+00
6.123333e+01	-2.633125e-03	4.112331e+00
6.126667e+01	-4.142660e-03	4.106107e+00
6.130000e+01	-5.337968e-03	4.101178e+00
6.133333e+01	-5.702963e-03	4.099673e+00
6.136667e+01	-4.034788e-03	4.106551e+00
6.140000e+01	1.204442e-03	4.128154e+00
6.143333e+01	9.689089e-03	4.163138e+00
6.146667e+01	1.801331e-02	4.197460e+00
6.150000e+01	2.232431e-02	4.215235e+00
6.153333e+01	2.187777e-02	4.213394e+00
6.156667e+01	1.919514e-02	4.202333e+00
6.160000e+01	1.727802e-02	4.194428e+00
6.163333e+01	1.725709e-02	4.194342e+00
6.166667e+01	1.806799e-02	4.197685e+00
6.170000e+01	1.720978e-02	4.194147e+00
6.173333e+01	1.228875e-02	4.173856e+00
6.176667e+01	3.587577e-03	4.137980e+00
6.180000e+01	-5.081417e-03	4.102236e+00
6.183333e+01	-9.533955e-03	4.083877e+00
6.186667e+01	-8.998574e-03	4.086085e+00
6.190000e+01	-6.164286e-03	4.097771e+00
6.193333e+01	-4.179219e-03	4.105956e+00
6.196667e+01	-4.192484e-03	4.105901e+00
62	-5.327025e-03	4.101223e+00
6.203333e+01	-6.211533e-03	4.097576e+00
6.206667e+01	-6.256238e-03	4.097392e+00
6.210000e+01	-5.782418e-03	4.099346e+00
6.213333e+01	-5.383527e-03	4.100990e+00
6.216667e+01	-5.342691e-03	4.101159e+00
6.220000e+01	-5.540863e-03	4.100342e+00
6.223333e+01	-5.720731e-03	4.099600e+00
6.226667e+01	-5.748107e-03	4.099487e+00
6.230000e+01	-5.665780e-03	4.099827e+00
6.233333e+01	-5.585019e-03	4.100160e+00
6.236667e+01	-5.568876e-03	4.100226e+00
6.240000e+01	-5.602802e-03	4.100086e+00
6.243333e+01	-5.638893e-03	4.099937e+00
6.246667e+01	-5.647763e-03	4.099901e+00
6.250000e+01	-5.633908e-03	4.099958e+00
6.253333e+01	-5.617854e-03	4.100024e+00
6.256667e+01	-5.613193e-03	4.100043e+00
6.260000e+01	-5.618793e-03	4.100020e+00
6.263333e+01	-5.368531e-03	4.101052e+00
6.266667e+01	-3.660709e-03	4.108094e+00
6.270000e+01	1.319905e-03	4.128630e+00
6.273333e+01	9.579169e-03	4.162684e+00
6.276667e+01	1.786584e-02	4.196852e+00
6.280000e+01	2.252956e-02	4.216081e+00
6.283333e+01	2.388874e-02	4.221685e+00
6.286667e+01	2.620491e-02	4.231235e+00
6.290000e+01	3.250517e-02	4.257213e+00
6.293333e+01	4.072755e-02	4.291115e+00
6.296667e+01	4.619218e-02	4.313647e+00
63	4.671034e-02	4.315783e+00
6.303333e+01	4.412479e-02	4.305122e+00
6.306667e+01	4.172918e-02	4.295245e+00
6.310000e+01	4.127558e-02	4.293375e+00
6.313333e+01	4.227911e-02	4.297512e+00
6.316667e+01	4.332993e-02	4.301845e+00
6.320000e+01	4.358146e-02	4.302882e+00
6.323333e+01	4.317470e-02	4.301205e+00
6.326667e+01	4.270921e-02	4.299286e+00
6.330000e+01	4.257709e-02	4.298741e+00
6.333333e+01	4.274173e-02	4.299420e+00
6.336667e+01	4.294789e-02	4.300270e+00
6.340000e+01	4.301538e-02	4.300548e+00
6.343333e+01	4.294951e-02	4.300276e+00
6.346667e+01	4.285855e-02	4.299901e+00
6.350000e+01	4.282486e-02	4.299763e+00
6.353333e+01	4.285083e-02	4.299870e+00
6.356667e+01	4.314816e-02	4.301096e+00
6.360000e+01	4.487487e-02	4.308215e+00
6.363333e+01	4.984319e-02	4.328700e+00
6.366667e+01	5.808184e-02	4.362670e+00
6.370000e+01	6.635936e-02	4.396800e+00
6.373333e+01	7.077039e-02	4.414987e+00
6.376667e+01	7.042836e-02	4.413577e+00
6.380000e+01	6.777053e-02	4.402618e+00
6.383333e+01	6.581293e-02	4.394547e+00
6.386667e+01	6.574591e-02	4.394270e+00
6.390000e+01	6.680125e-02	4.398622e+00
6.393333e+01	6.766967e-02	4.402202e+00
6.396667e+01	6.749006e-02	4.401462e+00
64	6.534143e-02	4.392603e+00
6.403333e+01	5.997297e-02	4.370467e+00
6.406667e+01	5.166251e-02	4.336202e+00
6.410000e+01	4.355945e-02	4.302791e+00
6.413333e+01	3.932749e-02	4.285342e+00
6.416667e+01	3.970995e-02	4.286919e+00
6.420000e+01	4.229622e-02	4.297583e+00
6.423333e+01	4.417401e-02	4.305325e+00
6.426667e+01	4.421941e-02	4.305513e+00
6.430000e+01	4.319313e-02	4.301281e+00
6.433333e+01	4.236013e-02	4.297846e+00
6.436667e+01	4.229351e-02	4.297572e+00
6.440000e+01	4.272028e-02	4.299331e+00
6.443333e+01	4.309472e-02	4.300875e+00
6.446667e+01	4.314345e-02	4.301076e+00
6.450000e+01	4.296563e-02	4.300343e+00
6.453333e+01	4.279726e-02	4.299649e+00
6.456667e+01	4.276719e-02	4.299525e+00
6.460000e+01	4.284076e-02	4.299828e+00
6.463333e+01	4.291616e-02	4.300139e+00
6.466667e+01	4.293314e-02	4.300209e+00
6.470000e+01	4.290297e-02	4.300085e+00
6.473333e+01	4.286935e-02	4.299946e+00
6.476667e+01	4.286027e-02	4.299909e+00
6.480000e+01	4.287252e-02	4.299959e+00
6.483333e+01	4.288744e-02	4.300021e+00
6.486667e+01	4.289213e-02	4.300040e+00
6.490000e+01	4.288721e-02	4.300020e+00
6.493333e+01	4.262324e-02	4.298931e+00
6.496667e+01	4.091069e-02	4.291870e+00
65	3.593426e-02	4.271351e+00
6.503333e+01	2.768103e-02	4.237322e+00
6.506667e+01	1.939670e-02	4.203164e+00
6.510000e+01	1.498872e-02	4.184989e+00
6.513333e+01	1.533709e-02	4.186425e+00
6.516667e+01	1.799816e-02	4.197397e+00
6.520000e+01	1.995465e-02	4.205464e+00
6.523333e+01	2.001892e-02	4.205729e+00
6.526667e+01	1.896206e-02	4.201372e+00
6.530000e+01	1.809403e-02	4.197793e+00
6.533333e+01	1.801744e-02	4.197477e+00
6.536667e+01	1.845659e-02	4.199288e+00
6.540000e+01	1.858918e-02	4.199834e+00
6.543333e+01	1.693281e-02	4.193005e+00
6.546667e+01	1.177166e-02	4.171724e+00
6.550000e+01	3.340312e-03	4.136960e+00
6.553333e+01	-4.977790e-03	4.102663e+00
6.556667e+01	-9.309498e-03	4.084803e+00
6.560000e+01	-8.881453e-03	4.086568e+00
6.563333e+01	-6.201592e-03	4.097617e+00
6.566667e+01	-4.276316e-03	4.105556e+00
6.570000e+01	-4.247523e-03	4.105674e+00
6.573333e+01	-5.314342e-03	4.101276e+00
6.576667e+01	-6.169729e-03	4.097749e+00
6.580000e+01	-6.230586e-03	4.097498e+00
6.583333e+01	-5.786335e-03	4.099329e+00
6.586667e+01	-5.401438e-03	4.100916e+00
6.590000e+01	-5.611929e-03	4.100049e+00
6.593333e+01	-7.507442e-03	4.092233e+00
6.596667e+01	-1.265904e-02	4.070992e+00
66	-2.094473e-02	4.036829e+00
6.603333e+01	-2.915346e-02	4.002982e+00
6.606667e+01	-3.348305e-02	3.985131e+00
6.610000e+01	-3.311652e-02	3.986642e+00
6.613333e+01	-3.048641e-02	3.997486e+00
6.616667e+01	-2.856484e-02	4.005409e+00
6.620000e+01	-2.851023e-02	4.005635e+00
6.623333e+01	-2.955454e-02	4.001329e+00
6.626667e+01	-3.040708e-02	3.997813e+00
6.630000e+01	-3.047871e-02	3.997518e+00
6.633333e+01	-3.004459e-02	3.999308e+00
6.636667e+01	-2.966147e-02	4.000888e+00
6.640000e+01	-2.961013e-02	4.001099e+00
6.643333e+01	-2.953354e-02	4.001415e+00
6.646667e+01	-2.799555e-02	4.007757e+00
6.650000e+01	-2.304856e-02	4.028154e+00
6.653333e+01	-1.471769e-02	4.062504e+00
6.656667e+01	-6.355105e-03	4.096984e+00
6.660000e+01	-1.930252e-03	4.115229e+00
6.663333e+01	-2.310520e-03	4.113661e+00
6.666667e+01	-5.006509e-03	4.102545e+00
6.670000e+01	-6.972113e-03	4.094440e+00
6.673333e+01	-7.023401e-03	4.094229e+00
6.676667e+01	-5.951028e-03	4.098650e+00
6.680000e+01	-5.078263e-03	4.102249e+00
6.683333e+01	-5.006905e-03	4.102543e+00
6.686667e+01	-5.452913e-03	4.100704e+00
6.690000e+01	-5.845262e-03	4.099086e+00
6.693333e+01	-5.897008e-03	4.098873e+00
6.696667e+01	-5.711221e-03	4.099639e+00
67	-5.534820e-03	4.100366e+00
6.703333e+01	-5.503024e-03	4.100498e+00
6.706667e+01	-5.579861e-03	4.100181e+00
6.710000e+01	-5.658844e-03	4.099855e+00
6.713333e+01	-5.676757e-03	4.099781e+00
6.716667e+01	-5.645254e-03	4.099911e+00
6.720000e+01	-5.610052e-03	4.100056e+00
6.723333e+01	-5.600484e-03	4.100096e+00
6.726667e+01	-5.355902e-03	4.101104e+00
6.730000e+01	-3.661325e-03	4.108091e+00
6.733333e+01	1.312123e-03	4.128598e+00
6.736667e+01	9.573385e-03	4.162660e+00
6.740000e+01	1.786578e-02	4.196852e+00
6.743333e+01	2.227548e-02	4.215034e+00
6.746667e+01	2.192381e-02	4.213584e+00
6.750000e+01	1.925914e-02	4.202597e+00
6.753333e+01	1.730171e-02	4.194526e+00
6.756667e+01	1.723879e-02	4.194266e+00
6.760000e+01	1.829725e-02	4.198631e+00
6.763333e+01	1.916577e-02	4.202212e+00
6.766667e+01	1.924181e-02	4.202525e+00
6.770000e+01	1.878216e-02	4.200630e+00
6.773333e+01	1.824060e-02	4.198397e+00
6.776667e+01	1.765269e-02	4.195973e+00
6.780000e+01	1.666638e-02	4.191906e+00
6.783333e+01	1.503498e-02	4.185180e+00
6.786667e+01	1.292175e-02	4.176466e+00
6.790000e+01	1.072724e-02	4.167418e+00
6.793333e+01	8.734661e-03	4.159202e+00
6.796667e+01	6.952829e-03	4.151855e+00
68	5.225076e-03	4.144732e+00
6.803333e+01	3.419974e-03	4.137289e+00
6.806667e+01	1.522827e-03	4.129466e+00
6.810000e+01	-4.024302e-04	4.121528e+00
6.813333e+01	-2.277035e-03	4.113799e+00
6.816667e+01	-3.979560e-03	4.106779e+00
6.820000e+01	-5.027624e-03	4.102458e+00
6.823333e+01	-4.000035e-03	4.106695e+00
6.826667e+01	9.152531e-04	4.126961e+00
6.830000e+01	9.440323e-03	4.162112e+00
6.833333e+01	1.797266e-02	4.197292e+00
6.836667e+01	2.242979e-02	4.215670e+00
6.840000e+01	2.198299e-02	4.213828e+00
6.843333e+01	1.896008e-02	4.201364e+00
6.846667e+01	1.526768e-02	4.186139e+00
6.850000e+01	1.026472e-02	4.165511e+00
6.853333e+01	3.111419e-03	4.136017e+00
6.856667e+01	-4.292765e-03	4.105488e+00
6.860000e+01	-8.639476e-03	4.087565e+00
6.863333e+01	-8.749331e-03	4.087112e+00
6.866667e+01	-6.484408e-03	4.096451e+00
6.870000e+01	-4.318230e-03	4.105383e+00
6.873333e+01	-2.352576e-03	4.113487e+00
6.876667e+01	1.747250e-03	4.130392e+00
6.880000e+01	9.165533e-03	4.160979e+00
6.883333e+01	1.729523e-02	4.194499e+00
6.886667e+01	2.206167e-02	4.214152e+00
6.890000e+01	2.208471e-02	4.214247e+00
6.893333e+01	1.950944e-02	4.203629e+00
6.896667e+01	1.740613e-02	4.194956e+00
69	1.717652e-02	4.194010e+00
6.903333e+01	1.818781e-02	4.198179e+00
6.906667e+01	1.911541e-02	4.202004e+00
6.910000e+01	1.926532e-02	4.202622e+00
6.913333e+01	1.884959e-02	4.200908e+00
6.916667e+01	1.843575e-02	4.199202e+00
6.920000e+01	1.834955e-02	4.198846e+00
6.923333e+01	1.852058e-02	4.199551e+00
6.926667e+01	1.870524e-02	4.200313e+00
6.930000e+01	1.875208e-02	4.200506e+00
6.933333e+01	1.868234e-02	4.200218e+00
6.936667e+01	1.860026e-02	4.199880e+00
6.940000e+01	1.857581e-02	4.199779e+00
6.943333e+01	1.860394e-02	4.199895e+00
6.946667e+01	1.864026e-02	4.200045e+00
6.950000e+01	1.865266e-02	4.200096e+00
6.953333e+01	1.864146e-02	4.200050e+00
6.956667e+01	1.862545e-02	4.199984e+00
6.960000e+01	1.861930e-02	4.199958e+00
6.963333e+01	1.862370e-02	4.199977e+00
6.966667e+01	1.863071e-02	4.200006e+00
6.970000e+01	1.863371e-02	4.200018e+00
6.973333e+01	1.863202e-02	4.200011e+00
6.976667e+01	1.862896e-02	4.199998e+00
6.980000e+01	1.862752e-02	4.199992e+00
6.983333e+01	1.862815e-02	4.199995e+00
6.986667e+01	1.862948e-02	4.200000e+00
6.990000e+01	1.863017e-02	4.200003e+00
6.993333e+01	1.862994e-02	4.200002e+00
6.996667e+01	1.862936e-02	4.200000e+00
70	1.862904e-02	4.199999e+00
7.003333e+01	1.861073e-02	4.199923e+00
7.006667e+01	1.847044e-02	4.199345e+00
7.010000e+01	1.797445e-02	4.197300e+00
7.013333e+01	1.688857e-02	4.192822e+00
7.016667e+01	1.521078e-02	4.185904e+00
7.020000e+01	1.321822e-02	4.177689e+00
7.023333e+01	1.125072e-02	4.169576e+00
7.026667e+01	9.473370e-03	4.162248e+00
7.030000e+01	7.835736e-03	4.155496e+00
7.033333e+01	6.202621e-03	4.148762e+00
7.036667e+01	4.493978e-03	4.141717e+00
7.040000e+01	2.723345e-03	4.134416e+00
7.043333e+01	9.472735e-04	4.127093e+00
7.046667e+01	-7.974129e-04	4.119900e+00
7.050000e+01	-2.495865e-03	4.112897e+00
7.053333e+01	-4.068330e-03	4.106413e+00
7.056667e+01	-5.298260e-03	4.101342e+00
7.060000e+01	-5.950980e-03	4.098651e+00
7.063333e+01	-6.014203e-03	4.098390e+00
7.066667e+01	-5.757226e-03	4.099449e+00
7.070000e+01	-5.262252e-03	4.101490e+00
7.073333e+01	-3.503272e-03	4.108743e+00
7.076667e+01	1.381953e-03	4.128886e+00
7.080000e+01	9.537882e-03	4.162514e+00
7.083333e+01	1.779799e-02	4.196572e+00
7.086667e+01	2.224272e-02	4.214899e+00
7.090000e+01	2.193716e-02	4.213639e+00
7.093333e+01	1.928857e-02	4.202718e+00
7.096667e+01	1.731720e-02	4.194590e+00
71	1.697662e-02	4.193185e+00
7.103333e+01	1.631695e-02	4.190465e+00
7.106667e+01	1.221255e-02	4.173542e+00
7.110000e+01	4.041354e-03	4.139851e+00
7.113333e+01	-4.680137e-03	4.103891e+00
7.116667e+01	-9.479654e-03	4.084101e+00
7.120000e+01	-9.187505e-03	4.085306e+00
7.123333e+01	-6.344642e-03	4.097027e+00
7.126667e+01	-4.212320e-03	4.105819e+00
7.130000e+01	-4.114391e-03	4.106223e+00
7.133333e+01	-5.246297e-03	4.101556e+00
7.136667e+01	-6.192970e-03	4.097653e+00
7.140000e+01	-6.288236e-03	4.097260e+00
7.143333e+01	-5.818386e-03	4.099197e+00
7.146667e+01	-5.650786e-03	4.099888e+00
7.150000e+01	-7.297276e-03	4.093100e+00
7.153333e+01	-1.247086e-02	4.071768e+00
7.156667e+01	-2.091772e-02	4.036940e+00
7.160000e+01	-2.924088e-02	4.002622e+00
7.163333e+01	-3.356761e-02	3.984782e+00
7.166667e+01	-3.313272e-02	3.986575e+00
7.170000e+01	-3.045033e-02	3.997635e+00
7.173333e+01	-2.852702e-02	4.005565e+00
7.176667e+01	-2.850124e-02	4.005672e+00
7.180000e+01	-2.956929e-02	4.001268e+00
7.183333e+01	-3.042392e-02	3.997744e+00
7.186667e+01	-3.048346e-02	3.997499e+00
7.190000e+01	-3.003861e-02	3.999333e+00
7.193333e+01	-2.965400e-02	4.000919e+00
7.196667e+01	-2.960769e-02	4.001110e+00
72	-2.979330e-02	4.000344e+00
7.203333e+01	-2.996641e-02	3.999630e+00
7.206667e+01	-2.999572e-02	3.999510e+00
7.210000e+01	-2.991882e-02	3.999827e+00
7.213333e+01	-2.984123e-02	4.000147e+00
7.216667e+01	-2.982444e-02	4.000216e+00
7.220000e+01	-2.985604e-02	4.000086e+00
7.223333e+01	-2.989066e-02	3.999943e+00
7.226667e+01	-2.989972e-02	3.999905e+00
7.230000e+01	-2.988686e-02	3.999958e+00
7.233333e+01	-2.987148e-02	4.000022e+00
7.236667e+01	-2.986678e-02	4.000041e+00
7.240000e+01	-2.987196e-02	4.000020e+00
7.243333e+01	-2.987876e-02	3.999992e+00
7.246667e+01	-2.988113e-02	3.999982e+00
7.250000e+01	-2.987907e-02	3.999991e+00
7.253333e+01	-2.987608e-02	4.000003e+00
7.256667e+01	-2.987491e-02	4.000008e+00
7.260000e+01	-2.987571e-02	4.000004e+00
7.263333e+01	-2.987702e-02	3.999999e+00
7.266667e+01	-2.987759e-02	3.999997e+00
7.270000e+01	-2.987728e-02	3.999998e+00
7.273333e+01	-2.987671e-02	4.000000e+00
7.276667e+01	-2.987644e-02	4.000001e+00
7.280000e+01	-2.987655e-02	4.000001e+00
7.283333e+01	-2.987680e-02	4.000000e+00
7.286667e+01	-2.987693e-02	3.999999e+00
7.290000e+01	-2.987689e-02	4.000000e+00
7.293333e+01	-2.987678e-02	4.000000e+00
7.296667e+01	-2.987672e-02	4.000000e+00
73	-2.987674e-02	4.000000e+00
7.303333e+01	-2.987678e-02	4.000000e+00
7.306667e+01	-2.987681e-02	4.000000e+00
7.310000e+01	-2.987681e-02	4.000000e+00
7.313333e+01	-2.987679e-02	4.000000e+00
7.316667e+01	-2.987677e-02	4.000000e+00
7.320000e+01	-2.987677e-02	4.000000e+00
7.323333e+01	-2.987678e-02	4.000000e+00
7.326667e+01	-2.987679e-02	4.000000e+00
7.330000e+01	-2.987679e-02	4.000000e+00
7.333333e+01	-2.987679e-02	4.000000e+00
7.336667e+01	-2.987678e-02	4.000000e+00
7.340000e+01	-3.013415e-02	3.998939e+00
7.343333e+01	-3.184435e-02	3.991887e+00
7.346667e+01	-3.682273e-02	3.971361e+00
7.350000e+01	-4.507886e-02	3.937319e+00
7.353333e+01	-5.336435e-02	3.903156e+00
7.356667e+01	-5.777157e-02	3.884985e+00
7.360000e+01	-5.742194e-02	3.886426e+00
7.363333e+01	-5.476030e-02	3.897401e+00
7.366667e+01	-5.280410e-02	3.905466e+00
7.370000e+01	-5.274038e-02	3.905729e+00
7.373333e+01	-5.354014e-02	3.902432e+00
7.376667e+01	-5.269787e-02	3.905904e+00
7.380000e+01	-4.779584e-02	3.926116e+00
7.383333e+01	-3.910043e-02	3.961969e+00
7.386667e+01	-3.042502e-02	3.997740e+00
7.390000e+01	-2.596408e-02	4.016133e+00
7.393333e+01	-2.649654e-02	4.013937e+00
7.396667e+01	-2.907601e-02	4.003302e+00
74	-2.935458e-02	4.002153e+00
7.403333e+01	-2.436438e-02	4.022729e+00
7.406667e+01	-1.497271e-02	4.061452e+00
7.410000e+01	-5.801089e-03	4.099269e+00
7.413333e+01	-1.091090e-03	4.118689e+00
7.416667e+01	-2.047343e-04	4.122343e+00
7.420000e+01	1.712410e-03	4.130248e+00
7.423333e+01	8.228535e-03	4.157115e+00
7.426667e+01	1.835882e-02	4.198884e+00
7.430000e+01	2.898173e-02	4.242685e+00
7.433333e+01	3.778368e-02	4.278977e+00
7.436667e+01	4.340151e-02	4.302140e+00
7.440000e+01	4.533236e-02	4.310101e+00
7.443333e+01	4.451286e-02	4.306722e+00
7.446667e+01	4.288858e-02	4.300025e+00
7.450000e+01	4.201928e-02	4.296441e+00
7.453333e+01	4.221602e-02	4.297252e+00
7.456667e+01	4.285258e-02	4.299877e+00
7.460000e+01	4.323896e-02	4.301470e+00
7.463333e+01	4.343588e-02	4.302282e+00
7.466667e+01	4.487702e-02	4.308224e+00
7.470000e+01	4.967874e-02	4.328022e+00
7.473333e+01	5.795102e-02	4.362131e+00
7.476667e+01	6.635125e-02	4.396766e+00
7.480000e+01	7.083958e-02	4.415272e+00
7.483333e+01	7.048763e-02	4.413821e+00
7.486667e+01	6.777730e-02	4.402646e+00
7.490000e+01	6.578403e-02	4.394427e+00
7.493333e+01	6.571920e-02	4.394160e+00
7.496667e+01	6.679688e-02	4.398604e+00
75	6.768165e-02	4.402252e+00
7.503333e+01	6.775942e-02	4.402572e+00
7.506667e+01	6.731153e-02	4.400726e+00
7.510000e+01	6.665662e-02	4.398025e+00
7.513333e+01	6.489167e-02	4.390748e+00
7.516667e+01	6.009971e-02	4.370990e+00
7.520000e+01	5.202221e-02	4.337685e+00
7.523333e+01	4.376991e-02	4.303659e+00
7.526667e+01	3.928566e-02	4.285170e+00
7.530000e+01	3.955536e-02	4.286282e+00
7.533333e+01	4.219844e-02	4.297180e+00
7.536667e+01	4.418619e-02	4.305376e+00
7.540000e+01	4.428551e-02	4.305785e+00
7.543333e+01	4.323824e-02	4.301467e+00
7.546667e+01	4.235753e-02	4.297836e+00
7.550000e+01	4.226539e-02	4.297456e+00
7.553333e+01	4.269961e-02	4.299246e+00
7.556667e+01	4.335202e-02	4.301936e+00
7.560000e+01	4.512291e-02	4.309238e+00
7.563333e+01	4.992100e-02	4.329021e+00
7.566667e+01	5.799990e-02	4.362332e+00
7.570000e+01	6.624976e-02	4.396348e+00
7.573333e+01	7.073128e-02	4.414826e+00
7.576667e+01	7.046083e-02	4.413711e+00
7.580000e+01	6.781874e-02	4.402817e+00
7.583333e+01	6.583220e-02	4.394626e+00
7.586667e+01	6.573326e-02	4.394218e+00
7.590000e+01	6.678014e-02	4.398535e+00
7.593333e+01	6.766032e-02	4.402164e+00
7.596667e+01	6.775226e-02	4.402543e+00
76	6.731821e-02	4.400753e+00
7.603333e+01	6.692339e-02	4.399125e+00
7.606667e+01	6.686280e-02	4.398875e+00
7.610000e+01	6.704303e-02	4.399619e+00
7.613333e+01	6.722016e-02	4.400349e+00
7.616667e+01	6.725574e-02	4.400496e+00
7.620000e+01	6.692409e-02	4.399128e+00
7.623333e+01	6.513475e-02	4.391750e+00
7.626667e+01	6.013685e-02	4.371143e+00
7.630000e+01	5.191105e-02	4.337227e+00
7.633333e+01	4.366076e-02	4.303209e+00
7.636667e+01	3.926379e-02	4.285080e+00
7.640000e+01	3.960117e-02	4.286471e+00
7.643333e+01	4.224722e-02	4.297381e+00
7.646667e+01	4.419820e-02	4.305425e+00
7.650000e+01	4.426681e-02	4.305708e+00
7.653333e+01	4.321655e-02	4.301378e+00
7.656667e+01	4.235122e-02	4.297810e+00
7.660000e+01	4.227295e-02	4.297487e+00
7.663333e+01	4.270921e-02	4.299286e+00
7.666667e+01	4.309787e-02	4.300888e+00
7.670000e+01	4.315233e-02	4.301113e+00
7.673333e+01	4.297082e-02	4.300364e+00
7.676667e+01	4.279622e-02	4.299644e+00
7.680000e+01	4.276338e-02	4.299509e+00
7.683333e+01	4.283835e-02	4.299818e+00
7.686667e+01	4.291646e-02	4.300140e+00
7.690000e+01	4.293477e-02	4.300216e+00
7.693333e+01	4.290408e-02	4.300089e+00
7.696667e+01	4.286929e-02	4.299946e+00
77	4.285958e-02	4.299906e+00
7.703333e+01	4.287202e-02	4.299957e+00
7.706667e+01	4.288744e-02	4.300021e+00
7.710000e+01	4.289242e-02	4.300041e+00
7.713333e+01	4.288744e-02	4.300021e+00
7.716667e+01	4.288063e-02	4.299992e+00
7.720000e+01	4.287814e-02	4.299982e+00
7.723333e+01	4.313748e-02	4.301051e+00
7.726667e+01	4.485066e-02	4.308115e+00
7.730000e+01	4.983027e-02	4.328647e+00
7.733333e+01	5.808563e-02	4.362686e+00
7.736667e+01	6.636982e-02	4.396843e+00
7.740000e+01	7.077645e-02	4.415012e+00
7.743333e+01	7.042710e-02	4.413572e+00
7.746667e+01	6.776603e-02	4.402600e+00
7.750000e+01	6.581011e-02	4.394535e+00
7.753333e+01	6.574629e-02	4.394272e+00
7.756667e+01	6.680318e-02	4.398630e+00
7.760000e+01	6.767097e-02	4.402208e+00
7.763333e+01	6.774735e-02	4.402523e+00
7.766667e+01	6.730818e-02	4.400712e+00
7.770000e+01	6.691832e-02	4.399104e+00
7.773333e+01	6.686459e-02	4.398883e+00
7.776667e+01	6.704737e-02	4.399636e+00
7.780000e+01	6.722255e-02	4.400359e+00
7.783333e+01	6.725511e-02	4.400493e+00
7.786667e+01	6.717959e-02	4.400182e+00
7.790000e+01	6.710120e-02	4.399858e+00
7.793333e+01	6.708300e-02	4.399783e+00
7.796667e+01	6.711393e-02	4.399911e+00
78	6.714884e-02	4.400055e+00
7.803333e+01	6.715852e-02	4.400095e+00
7.806667e+01	6.714598e-02	4.400043e+00
7.810000e+01	6.713050e-02	4.399979e+00
7.813333e+01	6.712553e-02	4.399959e+00
7.816667e+01	6.713055e-02	4.399979e+00
7.820000e+01	6.713739e-02	4.400008e+00
7.823333e+01	6.713988e-02	4.400018e+00
7.826667e+01	6.713789e-02	4.400010e+00
7.830000e+01	6.713489e-02	4.399997e+00
7.833333e+01	6.713366e-02	4.399992e+00
7.836667e+01	6.713443e-02	4.399995e+00
7.840000e+01	6.713575e-02	4.400001e+00
7.843333e+01	6.713634e-02	4.400003e+00
7.846667e+01	6.713605e-02	4.400002e+00
7.850000e+01	6.713548e-02	4.400000e+00
7.853333e+01	6.713519e-02	4.399999e+00
7.856667e+01	6.713530e-02	4.399999e+00
7.860000e+01	6.713555e-02	4.400000e+00
7.863333e+01	6.713568e-02	4.400001e+00
7.866667e+01	6.687827e-02	4.398939e+00
7.870000e+01	6.516797e-02	4.391887e+00
7.873333e+01	6.018953e-02	4.371360e+00
7.876667e+01	5.193341e-02	4.337319e+00
7.880000e+01	4.364796e-02	4.303156e+00
7.883333e+01	3.924077e-02	4.284985e+00
7.886667e+01	3.959041e-02	4.286426e+00
7.890000e+01	4.225202e-02	4.297401e+00
7.893333e+01	4.420821e-02	4.305466e+00
7.896667e+01	4.427193e-02	4.305729e+00
79	4.321480e-02	4.301370e+00
7.903333e+01	4.234689e-02	4.297792e+00
7.906667e+01	4.227054e-02	4.297477e+00
7.910000e+01	4.270981e-02	4.299288e+00
7.913333e+01	4.309973e-02	4.300896e+00
7.916667e+01	4.315345e-02	4.301117e+00
7.920000e+01	4.297063e-02	4.300364e+00
7.923333e+01	4.279542e-02	4.299641e+00
7.926667e+01	4.276286e-02	4.299507e+00
7.930000e+01	4.283840e-02	4.299818e+00
7.933333e+01	4.291680e-02	4.300142e+00
7.936667e+01	4.293501e-02	4.300217e+00
7.940000e+01	4.290407e-02	4.300089e+00
7.943333e+01	4.286914e-02	4.299945e+00
7.946667e+01	4.260210e-02	4.298844e+00
7.950000e+01	4.090445e-02	4.291844e+00
7.953333e+01	3.594155e-02	4.271381e+00
7.956667e+01	2.769039e-02	4.237360e+00
7.960000e+01	1.939987e-02	4.203177e+00
7.963333e+01	1.498581e-02	4.184977e+00
7.966667e+01	1.533296e-02	4.186408e+00
7.970000e+01	1.799658e-02	4.197391e+00
7.973333e+01	1.995579e-02	4.205469e+00
7.976667e+01	2.002073e-02	4.205737e+00
7.980000e+01	1.896283e-02	4.201375e+00
7.983333e+01	1.809359e-02	4.197791e+00
7.986667e+01	1.775928e-02	4.196412e+00
7.990000e+01	1.648865e-02	4.191173e+00
7.993333e+01	1.190077e-02	4.172257e+00
7.996667e+01	3.698643e-03	4.138438e+00
80	-4.769787e-03	4.103521e+00
8.003333e+01	-9.352463e-03	4.084626e+00
8.006667e+01	-8.778152e-03	4.086994e+00
8.010000e+01	-4.330741e-03	4.105331e+00
8.013333e+01	2.682352e-03	4.134247e+00
8.016667e+01	1.102047e-02	4.168627e+00
8.020000e+01	1.821788e-02	4.198303e+00
8.023333e+01	2.172220e-02	4.212752e+00
8.026667e+01	2.128651e-02	4.210956e+00
8.030000e+01	1.907670e-02	4.201844e+00
8.033333e+01	1.752593e-02	4.195450e+00
8.036667e+01	1.752091e-02	4.195430e+00
8.040000e+01	1.839019e-02	4.199014e+00
8.043333e+01	1.933344e-02	4.202903e+00
8.046667e+01	2.108492e-02	4.210125e+00
8.050000e+01	2.570155e-02	4.229160e+00
8.053333e+01	3.364917e-02	4.261929e+00
8.056667e+01	4.190037e-02	4.295951e+00
8.060000e+01	4.645871e-02	4.314746e+00
8.063333e+01	4.624804e-02	4.313877e+00
8.066667e+01	4.360870e-02	4.302994e+00
8.070000e+01	4.158979e-02	4.294670e+00
8.073333e+01	4.146373e-02	4.294150e+00
8.076667e+01	4.250791e-02	4.298456e+00
8.080000e+01	4.340164e-02	4.302141e+00
8.083333e+01	4.350582e-02	4.302570e+00
8.086667e+01	4.307360e-02	4.300788e+00
8.090000e+01	4.267316e-02	4.299137e+00
8.093333e+01	4.260707e-02	4.298865e+00
8.096667e+01	4.252884e-02	4.298542e+00
81	4.099809e-02	4.292230e+00
8.103333e+01	3.605775e-02	4.271860e+00
8.106667e+01	2.772795e-02	4.237515e+00
8.110000e+01	1.936236e-02	4.203022e+00
8.113333e+01	1.493452e-02	4.184765e+00
8.116667e+01	1.531417e-02	4.186331e+00
8.120000e+01	1.775402e-02	4.196391e+00
8.123333e+01	1.801077e-02	4.197449e+00
8.126667e+01	1.308401e-02	4.177135e+00
8.130000e+01	3.755007e-03	4.138670e+00
8.133333e+01	-5.403844e-03	4.100907e+00
8.136667e+01	-9.882600e-03	4.082440e+00
8.140000e+01	-9.086752e-03	4.085721e+00
8.143333e+01	-6.032504e-03	4.098314e+00
8.146667e+01	-4.024467e-03	4.106594e+00
8.150000e+01	-4.403988e-03	4.105029e+00
8.153333e+01	-7.347834e-03	4.092891e+00
8.156667e+01	-1.322598e-02	4.068654e+00
8.160000e+01	-2.148158e-02	4.034615e+00
8.163333e+01	-2.924877e-02	4.002589e+00
8.166667e+01	-3.324813e-02	3.986099e+00
0	0	0
0	0	0
0	0	0
