0	3.139199e-02	4.908497e+00
3.333333e-02	2.401805e-02	4.873403e+00
6.666667e-02	1.644606e-02	4.837368e+00
1.000000e-01	1.156432e-02	4.814135e+00
1.333333e-01	1.096013e-02	4.811259e+00
1.666667e-01	1.417803e-02	4.826574e+00
2.000000e-01	1.919268e-02	4.850439e+00
2.333333e-01	2.395458e-02	4.873101e+00
2.666667e-01	2.761602e-02	4.890527e+00
3.000000e-01	3.055226e-02	4.904500e+00
3.333333e-01	3.352921e-02	4.918668e+00
3.666667e-01	3.694509e-02	4.934924e+00
4.000000e-01	4.068081e-02	4.952703e+00
4.333333e-01	4.441575e-02	4.970478e+00
4.666667e-01	4.796609e-02	4.987375e+00
5.000000e-01	5.137165e-02	5.003582e+00
5.333333e-01	5.476975e-02	5.019754e+00
5.666667e-01	5.824559e-02	5.036296e+00
6.000000e-01	6.178705e-02	5.053150e+00
6.333333e-01	6.533534e-02	5.070036e+00
6.666667e-01	6.885111e-02	5.086768e+00
7.000000e-01	7.233728e-02	5.103359e+00
7.333333e-01	7.581888e-02	5.119929e+00
7.666667e-01	7.931399e-02	5.136562e+00
8.000000e-01	8.282238e-02	5.153259e+00
8.333333e-01	8.633346e-02	5.169969e+00
8.666667e-01	8.983898e-02	5.186652e+00
9.000000e-01	9.333856e-02	5.203307e+00
9.333333e-01	9.683667e-02	5.219954e+00
9.666667e-01	1.003370e-01	5.236613e+00
1	1.038401e-01	5.253284e+00
1.033333e+00	1.075297e-01	5.270844e+00
1.066667e+00	1.122301e-01	5.293213e+00
1.100000e+00	1.190420e-01	5.325632e+00
1.133333e+00	1.275011e-01	5.365890e+00
1.166667e+00	1.345667e-01	5.399515e+00
1.200000e+00	1.363776e-01	5.408134e+00
1.233333e+00	1.310635e-01	5.382843e+00
1.266667e+00	1.198091e-01	5.329282e+00
1.300000e+00	1.051094e-01	5.259325e+00
1.333333e+00	8.848862e-02	5.180225e+00
1.366667e+00	7.111083e-02	5.097523e+00
1.400000e+00	5.594179e-02	5.025332e+00
1.433333e+00	4.692065e-02	4.982399e+00
1.466667e+00	4.537583e-02	4.975047e+00
1.500000e+00	4.857086e-02	4.990253e+00
1.533333e+00	5.226867e-02	5.007851e+00
1.566667e+00	5.408583e-02	5.016499e+00
1.600000e+00	5.434962e-02	5.017754e+00
1.633333e+00	5.457558e-02	5.018830e+00
1.666667e+00	5.570378e-02	5.024199e+00
1.700000e+00	5.757191e-02	5.033090e+00
1.733333e+00	5.950112e-02	5.042271e+00
1.766667e+00	6.104936e-02	5.049639e+00
1.800000e+00	6.226112e-02	5.055406e+00
1.833333e+00	6.342747e-02	5.060957e+00
1.866667e+00	6.475247e-02	5.067263e+00
1.900000e+00	6.622894e-02	5.074289e+00
1.933333e+00	6.773325e-02	5.081448e+00
1.966667e+00	6.938012e-02	5.089286e+00
2	7.234211e-02	5.103382e+00
2.033333e+00	7.931410e-02	5.136563e+00
2.066667e+00	9.276604e-02	5.200582e+00
2.100000e+00	1.116893e-01	5.290640e+00
2.133333e+00	1.313532e-01	5.384222e+00
2.166667e+00	1.476607e-01	5.461831e+00
2.200000e+00	1.602954e-01	5.521961e+00
2.233333e+00	1.703909e-01	5.570006e+00
2.266667e+00	1.774076e-01	5.603399e+00
2.300000e+00	1.801097e-01	5.616259e+00
2.333333e+00	1.790862e-01	5.611388e+00
2.366667e+00	1.767861e-01	5.600442e+00
2.400000e+00	1.754630e-01	5.594145e+00
2.433333e+00	1.756824e-01	5.595189e+00
2.466667e+00	1.766000e-01	5.599556e+00
2.500000e+00	1.771974e-01	5.602399e+00
2.533333e+00	1.771423e-01	5.602137e+00
2.566667e+00	1.767558e-01	5.600298e+00
2.600000e+00	1.764834e-01	5.599001e+00
2.633333e+00	1.767148e-01	5.600102e+00
2.666667e+00	1.783603e-01	5.607934e+00
2.700000e+00	1.827979e-01	5.629052e+00
2.733333e+00	1.899542e-01	5.663110e+00
2.766667e+00	1.968405e-01	5.695882e+00
2.800000e+00	1.991206e-01	5.706734e+00
2.833333e+00	1.944999e-01	5.684743e+00
2.866667e+00	1.848470e-01	5.638804e+00
2.900000e+00	1.745176e-01	5.589646e+00
2.933333e+00	1.663343e-01	5.550701e+00
2.966667e+00	1.603881e-01	5.522402e+00
3	1.562562e-01	5.502738e+00
3.033333e+00	1.541967e-01	5.492937e+00
3.066667e+00	1.541792e-01	5.492853e+00
3.100000e+00	1.552367e-01	5.497886e+00
3.133333e+00	1.561342e-01	5.502157e+00
3.166667e+00	1.562796e-01	5.502849e+00
3.200000e+00	1.558938e-01	5.501013e+00
3.233333e+00	1.555072e-01	5.499174e+00
3.266667e+00	1.554230e-01	5.498773e+00
3.300000e+00	1.555783e-01	5.499512e+00
3.333333e+00	1.557489e-01	5.500323e+00
3.366667e+00	1.557937e-01	5.500537e+00
3.400000e+00	1.557305e-01	5.500236e+00
3.433333e+00	1.556549e-01	5.499876e+00
3.466667e+00	1.558547e-01	5.500827e+00
3.500000e+00	1.573618e-01	5.508000e+00
3.533333e+00	1.617084e-01	5.528685e+00
3.566667e+00	1.688730e-01	5.562783e+00
3.600000e+00	1.760413e-01	5.596897e+00
3.633333e+00	1.798449e-01	5.614999e+00
3.666667e+00	1.795362e-01	5.613530e+00
3.700000e+00	1.772342e-01	5.602574e+00
3.733333e+00	1.755458e-01	5.594539e+00
3.766667e+00	1.754934e-01	5.594290e+00
3.800000e+00	1.764078e-01	5.598641e+00
3.833333e+00	1.771569e-01	5.602207e+00
3.866667e+00	1.772217e-01	5.602515e+00
3.900000e+00	1.768417e-01	5.600706e+00
3.933333e+00	1.765051e-01	5.599105e+00
3.966667e+00	1.764592e-01	5.598886e+00
4	1.766174e-01	5.599639e+00
4.033333e+00	1.767687e-01	5.600359e+00
4.066667e+00	1.765736e-01	5.599430e+00
4.100000e+00	1.750266e-01	5.592068e+00
4.133333e+00	1.706457e-01	5.571219e+00
4.166667e+00	1.634771e-01	5.537103e+00
4.200000e+00	1.563255e-01	5.503068e+00
4.233333e+00	1.525373e-01	5.485039e+00
4.266667e+00	1.528486e-01	5.486521e+00
4.300000e+00	1.551437e-01	5.497443e+00
4.333333e+00	1.568251e-01	5.505446e+00
4.366667e+00	1.568761e-01	5.505688e+00
4.400000e+00	1.559646e-01	5.501350e+00
4.433333e+00	1.552185e-01	5.497799e+00
4.466667e+00	1.551545e-01	5.497495e+00
4.500000e+00	1.553104e-01	5.498237e+00
4.533333e+00	1.541639e-01	5.492781e+00
4.566667e+00	1.498962e-01	5.472470e+00
4.600000e+00	1.425856e-01	5.437678e+00
4.633333e+00	1.352565e-01	5.402798e+00
4.666667e+00	1.314105e-01	5.384495e+00
4.700000e+00	1.317786e-01	5.386247e+00
4.733333e+00	1.339291e-01	5.396481e+00
4.766667e+00	1.341577e-01	5.397569e+00
4.800000e+00	1.298730e-01	5.377178e+00
4.833333e+00	1.215512e-01	5.337573e+00
4.866667e+00	1.121309e-01	5.292741e+00
4.900000e+00	1.039441e-01	5.253779e+00
4.933333e+00	9.748799e-02	5.223054e+00
4.966667e+00	9.295766e-02	5.201494e+00
5	9.065336e-02	5.190527e+00
5.033333e+00	8.936552e-02	5.184399e+00
5.066667e+00	8.628854e-02	5.169755e+00
5.100000e+00	8.005196e-02	5.140074e+00
5.133333e+00	7.293067e-02	5.106183e+00
5.166667e+00	6.864602e-02	5.085792e+00
5.200000e+00	6.854991e-02	5.085335e+00
5.233333e+00	7.080836e-02	5.096083e+00
5.266667e+00	7.269459e-02	5.105060e+00
5.300000e+00	7.292769e-02	5.106169e+00
5.333333e+00	7.204150e-02	5.101952e+00
5.366667e+00	7.121026e-02	5.097996e+00
5.400000e+00	7.106446e-02	5.097302e+00
5.433333e+00	7.142803e-02	5.099032e+00
5.466667e+00	7.179846e-02	5.100795e+00
5.500000e+00	7.188054e-02	5.101186e+00
5.533333e+00	7.150836e-02	5.099415e+00
5.566667e+00	6.986161e-02	5.091577e+00
5.600000e+00	6.528146e-02	5.069780e+00
5.633333e+00	5.670750e-02	5.028976e+00
5.666667e+00	4.528922e-02	4.974635e+00
5.700000e+00	3.434071e-02	4.922530e+00
5.733333e+00	2.721788e-02	4.888632e+00
5.766667e+00	2.419147e-02	4.874229e+00
5.800000e+00	2.186458e-02	4.863155e+00
5.833333e+00	1.708250e-02	4.840396e+00
5.866667e+00	1.069730e-02	4.810009e+00
5.900000e+00	6.187875e-03	4.788548e+00
5.933333e+00	5.504996e-03	4.785298e+00
5.966667e+00	7.433370e-03	4.794475e+00
6	9.397116e-03	4.803821e+00
6.033333e+00	1.010387e-02	4.807184e+00
6.066667e+00	1.085181e-02	4.810744e+00
6.100000e+00	1.430908e-02	4.827197e+00
6.133333e+00	2.120874e-02	4.860034e+00
6.166667e+00	2.868017e-02	4.895591e+00
6.200000e+00	3.287541e-02	4.915556e+00
6.233333e+00	3.270045e-02	4.914724e+00
6.266667e+00	3.029256e-02	4.903264e+00
6.300000e+00	2.854540e-02	4.894950e+00
6.333333e+00	2.882792e-02	4.896294e+00
6.366667e+00	3.066769e-02	4.905050e+00
6.400000e+00	3.284908e-02	4.915431e+00
6.433333e+00	3.455736e-02	4.923561e+00
6.466667e+00	3.575010e-02	4.929237e+00
6.500000e+00	3.681770e-02	4.934318e+00
6.533333e+00	3.808051e-02	4.940328e+00
6.566667e+00	3.956611e-02	4.947398e+00
6.600000e+00	4.111337e-02	4.954762e+00
6.633333e+00	4.258043e-02	4.961744e+00
6.666667e+00	4.394875e-02	4.968256e+00
6.700000e+00	4.528562e-02	4.974618e+00
6.733333e+00	4.665479e-02	4.981134e+00
6.766667e+00	4.805273e-02	4.987787e+00
6.800000e+00	4.959064e-02	4.995106e+00
6.833333e+00	5.208692e-02	5.006986e+00
6.866667e+00	5.691864e-02	5.029981e+00
6.900000e+00	6.410382e-02	5.064176e+00
6.933333e+00	7.106485e-02	5.097304e+00
6.966667e+00	7.469443e-02	5.114577e+00
7	7.413726e-02	5.111926e+00
7.033333e+00	7.042943e-02	5.094280e+00
7.066667e+00	6.427831e-02	5.065006e+00
7.100000e+00	5.560548e-02	5.023731e+00
7.133333e+00	4.477439e-02	4.972185e+00
7.166667e+00	3.303814e-02	4.916331e+00
7.200000e+00	2.168363e-02	4.862294e+00
7.233333e+00	1.094634e-02	4.811194e+00
7.266667e+00	-3.513207e-04	4.757427e+00
7.300000e+00	-1.331641e-02	4.695725e+00
7.333333e+00	-2.641283e-02	4.633398e+00
7.366667e+00	-3.565543e-02	4.589411e+00
7.400000e+00	-3.865520e-02	4.575135e+00
7.433333e+00	-3.768448e-02	4.579755e+00
7.466667e+00	-3.722425e-02	4.581945e+00
7.500000e+00	-3.865343e-02	4.575144e+00
7.533333e+00	-3.940030e-02	4.571589e+00
7.566667e+00	-3.740382e-02	4.581091e+00
7.600000e+00	-3.394166e-02	4.597567e+00
7.633333e+00	-3.189749e-02	4.607296e+00
7.666667e+00	-3.340345e-02	4.600129e+00
7.700000e+00	-3.904647e-02	4.573273e+00
7.733333e+00	-4.704223e-02	4.535220e+00
7.766667e+00	-5.282857e-02	4.507683e+00
7.800000e+00	-5.179316e-02	4.512610e+00
7.833333e+00	-4.363566e-02	4.551433e+00
7.866667e+00	-3.260325e-02	4.603937e+00
7.900000e+00	-2.300061e-02	4.649637e+00
7.933333e+00	-1.608703e-02	4.682539e+00
7.966667e+00	-1.068895e-02	4.708229e+00
8	-4.688916e-03	4.736784e+00
8.033333e+00	3.617439e-03	4.776315e+00
8.066667e+00	1.389887e-02	4.825245e+00
8.100000e+00	2.274561e-02	4.867348e+00
8.133333e+00	2.532263e-02	4.879612e+00
8.166667e+00	2.004704e-02	4.854505e+00
8.200000e+00	1.114859e-02	4.812156e+00
8.233333e+00	4.979420e-03	4.782797e+00
8.266667e+00	4.352769e-03	4.779814e+00
8.300000e+00	7.231267e-03	4.793513e+00
8.333333e+00	9.897181e-03	4.806201e+00
8.366667e+00	1.038685e-02	4.808531e+00
8.400000e+00	9.032345e-03	4.802085e+00
8.433333e+00	6.379326e-03	4.789459e+00
8.466667e+00	1.794319e-03	4.767638e+00
8.500000e+00	-5.120965e-03	4.734728e+00
8.533333e+00	-1.326129e-02	4.695987e+00
8.566667e+00	-2.124904e-02	4.657973e+00
8.600000e+00	-2.828591e-02	4.624484e+00
8.633333e+00	-3.361168e-02	4.599138e+00
8.666667e+00	-3.729065e-02	4.581629e+00
8.700000e+00	-4.117078e-02	4.563163e+00
8.733333e+00	-4.683190e-02	4.536221e+00
8.766667e+00	-5.303046e-02	4.506722e+00
8.800000e+00	-5.711232e-02	4.487296e+00
8.833333e+00	-5.887109e-02	4.478926e+00
8.866667e+00	-6.131057e-02	4.467316e+00
8.900000e+00	-6.677680e-02	4.441302e+00
8.933333e+00	-7.388121e-02	4.407491e+00
8.966667e+00	-7.990228e-02	4.378836e+00
9	-8.465052e-02	4.356239e+00
9.033333e+00	-8.966510e-02	4.332374e+00
9.066667e+00	-9.485616e-02	4.307669e+00
9.100000e+00	-9.829229e-02	4.291316e+00
9.133333e+00	-9.881637e-02	4.288822e+00
9.166667e+00	-9.760406e-02	4.294592e+00
9.200000e+00	-9.760204e-02	4.294601e+00
9.233333e+00	-1.015252e-01	4.275931e+00
9.266667e+00	-1.092085e-01	4.239365e+00
9.300000e+00	-1.170283e-01	4.202150e+00
9.333333e+00	-1.210482e-01	4.183019e+00
9.366667e+00	-1.205353e-01	4.185460e+00
9.400000e+00	-1.179479e-01	4.197773e+00
9.433333e+00	-1.161524e-01	4.206318e+00
9.466667e+00	-1.161803e-01	4.206185e+00
9.500000e+00	-1.172199e-01	4.201238e+00
9.533333e+00	-1.180214e-01	4.197424e+00
9.566667e+00	-1.180551e-01	4.197263e+00
9.600000e+00	-1.176204e-01	4.199332e+00
9.633333e+00	-1.172585e-01	4.201054e+00
9.666667e+00	-1.172244e-01	4.201217e+00
9.700000e+00	-1.171834e-01	4.201412e+00
9.733333e+00	-1.156420e-01	4.208747e+00
9.766667e+00	-1.098708e-01	4.236213e+00
9.800000e+00	-9.832900e-02	4.291142e+00
9.833333e+00	-8.392430e-02	4.359695e+00
9.866667e+00	-7.291344e-02	4.412097e+00
9.900000e+00	-6.942927e-02	4.428678e+00
9.933333e+00	-7.207099e-02	4.416106e+00
9.966667e+00	-7.607963e-02	4.397029e+00
10	-7.781687e-02	4.388761e+00
1.003333e+01	-7.694159e-02	4.392926e+00
1.006667e+01	-7.526961e-02	4.400884e+00
1.010000e+01	-7.445669e-02	4.404752e+00
1.013333e+01	-7.477760e-02	4.403225e+00
1.016667e+01	-7.549812e-02	4.399796e+00
1.020000e+01	-7.588041e-02	4.397977e+00
1.023333e+01	-7.576570e-02	4.398523e+00
1.026667e+01	-7.545445e-02	4.400004e+00
1.030000e+01	-7.527526e-02	4.400857e+00
1.033333e+01	-7.531375e-02	4.400674e+00
1.036667e+01	-7.544764e-02	4.400036e+00
1.040000e+01	-7.553102e-02	4.399639e+00
1.043333e+01	-7.551944e-02	4.399695e+00
1.046667e+01	-7.546213e-02	4.399967e+00
1.050000e+01	-7.542361e-02	4.400151e+00
1.053333e+01	-7.542633e-02	4.400138e+00
1.056667e+01	-7.545074e-02	4.400022e+00
1.060000e+01	-7.546842e-02	4.399937e+00
1.063333e+01	-7.546826e-02	4.399938e+00
1.066667e+01	-7.545793e-02	4.399987e+00
1.070000e+01	-7.544986e-02	4.400026e+00
1.073333e+01	-7.544947e-02	4.400028e+00
1.076667e+01	-7.523084e-02	4.401068e+00
1.080000e+01	-7.375282e-02	4.408102e+00
1.083333e+01	-6.944003e-02	4.428627e+00
1.086667e+01	-6.228526e-02	4.462677e+00
1.090000e+01	-5.510523e-02	4.496848e+00
1.093333e+01	-5.128665e-02	4.515021e+00
1.096667e+01	-5.136734e-02	4.514637e+00
11	-5.219239e-02	4.510710e+00
1.103333e+01	-4.957419e-02	4.523171e+00
1.106667e+01	-4.225315e-02	4.558012e+00
1.110000e+01	-3.245390e-02	4.604648e+00
1.113333e+01	-2.208869e-02	4.653977e+00
1.116667e+01	-1.085948e-02	4.707418e+00
1.120000e+01	7.851319e-04	4.762836e+00
1.123333e+01	9.749167e-03	4.805496e+00
1.126667e+01	1.293990e-02	4.820681e+00
1.130000e+01	9.923660e-03	4.806327e+00
1.133333e+01	2.513460e-03	4.771061e+00
1.136667e+01	-6.295167e-03	4.729140e+00
1.140000e+01	-1.305893e-02	4.696950e+00
1.143333e+01	-1.561519e-02	4.684785e+00
1.146667e+01	-1.455648e-02	4.689823e+00
1.150000e+01	-1.237971e-02	4.700183e+00
1.153333e+01	-1.122124e-02	4.705696e+00
1.156667e+01	-1.151381e-02	4.704304e+00
1.160000e+01	-1.239415e-02	4.700114e+00
1.163333e+01	-1.291726e-02	4.697625e+00
1.166667e+01	-1.282347e-02	4.698071e+00
1.170000e+01	-1.244896e-02	4.699853e+00
1.173333e+01	-1.220833e-02	4.700998e+00
1.176667e+01	-1.223495e-02	4.700872e+00
1.180000e+01	-1.239491e-02	4.700111e+00
1.183333e+01	-1.250567e-02	4.699583e+00
1.186667e+01	-1.227762e-02	4.700669e+00
1.190000e+01	-1.072795e-02	4.708044e+00
1.193333e+01	-6.364081e-03	4.728812e+00
1.196667e+01	7.895816e-04	4.762857e+00
12	7.939237e-03	4.796883e+00
1.203333e+01	1.173448e-02	4.814945e+00
1.206667e+01	1.142996e-02	4.813495e+00
1.210000e+01	9.136037e-03	4.802578e+00
1.213333e+01	7.451671e-03	4.794562e+00
1.216667e+01	7.397737e-03	4.794306e+00
1.220000e+01	8.308583e-03	4.798641e+00
1.223333e+01	9.055831e-03	4.802197e+00
1.226667e+01	8.898189e-03	4.801446e+00
1.230000e+01	7.038014e-03	4.792594e+00
1.233333e+01	2.389135e-03	4.770469e+00
1.236667e+01	-4.809891e-03	4.736208e+00
1.240000e+01	-1.183073e-02	4.702795e+00
1.243333e+01	-1.549821e-02	4.685342e+00
1.246667e+01	-1.494434e-02	4.687978e+00
1.250000e+01	-1.122177e-02	4.705694e+00
1.253333e+01	-5.281303e-03	4.733965e+00
1.256667e+01	1.688220e-03	4.767134e+00
1.260000e+01	6.495710e-03	4.790013e+00
1.263333e+01	5.278990e-03	4.784222e+00
1.266667e+01	-2.234696e-03	4.748464e+00
1.270000e+01	-1.134930e-02	4.705087e+00
1.273333e+01	-1.653796e-02	4.680393e+00
1.276667e+01	-1.624798e-02	4.681773e+00
1.280000e+01	-1.318017e-02	4.696373e+00
1.283333e+01	-1.087931e-02	4.707323e+00
1.286667e+01	-1.078404e-02	4.707777e+00
1.290000e+01	-1.201676e-02	4.701910e+00
1.293333e+01	-1.304120e-02	4.697035e+00
1.296667e+01	-1.336214e-02	4.695507e+00
13	-1.433098e-02	4.690897e+00
1.303333e+01	-1.818366e-02	4.672561e+00
1.306667e+01	-2.526972e-02	4.638838e+00
1.310000e+01	-3.266134e-02	4.603661e+00
1.313333e+01	-3.668646e-02	4.584505e+00
1.316667e+01	-3.642347e-02	4.585756e+00
1.320000e+01	-3.402949e-02	4.597149e+00
1.323333e+01	-3.224220e-02	4.605655e+00
1.326667e+01	-3.216488e-02	4.606023e+00
1.330000e+01	-3.311675e-02	4.601493e+00
1.333333e+01	-3.390986e-02	4.597719e+00
1.336667e+01	-3.376471e-02	4.598410e+00
1.340000e+01	-3.188788e-02	4.607342e+00
1.343333e+01	-2.721865e-02	4.629563e+00
1.346667e+01	-2.001319e-02	4.663854e+00
1.350000e+01	-1.299903e-02	4.697235e+00
1.353333e+01	-9.340550e-03	4.714647e+00
1.356667e+01	-9.674663e-03	4.713056e+00
1.360000e+01	-1.191291e-02	4.702404e+00
1.363333e+01	-1.353626e-02	4.694679e+00
1.366667e+01	-1.357423e-02	4.694498e+00
1.370000e+01	-1.268604e-02	4.698725e+00
1.373333e+01	-1.196589e-02	4.702152e+00
1.376667e+01	-1.190884e-02	4.702424e+00
1.380000e+01	-1.227822e-02	4.700666e+00
1.383333e+01	-1.260194e-02	4.699125e+00
1.386667e+01	-1.264384e-02	4.698926e+00
1.390000e+01	-1.248992e-02	4.699658e+00
1.393333e+01	-1.234434e-02	4.700351e+00
1.396667e+01	-1.254143e-02	4.699413e+00
14	-1.408679e-02	4.692059e+00
1.403333e+01	-1.846516e-02	4.671222e+00
1.406667e+01	-2.563274e-02	4.637110e+00
1.410000e+01	-3.278500e-02	4.603072e+00
1.413333e+01	-3.657426e-02	4.585039e+00
1.416667e+01	-3.626351e-02	4.586517e+00
1.420000e+01	-3.396813e-02	4.597441e+00
1.423333e+01	-3.228622e-02	4.605446e+00
1.426667e+01	-3.223506e-02	4.605689e+00
1.430000e+01	-3.314668e-02	4.601351e+00
1.433333e+01	-3.389293e-02	4.597799e+00
1.436667e+01	-3.395704e-02	4.597494e+00
1.440000e+01	-3.357815e-02	4.599297e+00
1.443333e+01	-3.324283e-02	4.600893e+00
1.446667e+01	-3.319729e-02	4.601110e+00
1.450000e+01	-3.335504e-02	4.600359e+00
1.453333e+01	-3.350573e-02	4.599642e+00
1.456667e+01	-3.353346e-02	4.599510e+00
1.460000e+01	-3.346826e-02	4.599820e+00
1.463333e+01	-3.340081e-02	4.600141e+00
1.466667e+01	-3.338527e-02	4.600215e+00
1.470000e+01	-3.341198e-02	4.600088e+00
1.473333e+01	-3.344204e-02	4.599945e+00
1.476667e+01	-3.345031e-02	4.599906e+00
1.480000e+01	-3.343947e-02	4.599957e+00
1.483333e+01	-3.342615e-02	4.600021e+00
1.486667e+01	-3.342189e-02	4.600041e+00
1.490000e+01	-3.342624e-02	4.600020e+00
1.493333e+01	-3.343212e-02	4.599992e+00
1.496667e+01	-3.343425e-02	4.599982e+00
15	-3.343254e-02	4.599990e+00
1.503333e+01	-3.342995e-02	4.600003e+00
1.506667e+01	-3.342890e-02	4.600008e+00
1.510000e+01	-3.342957e-02	4.600005e+00
1.513333e+01	-3.343070e-02	4.599999e+00
1.516667e+01	-3.343121e-02	4.599997e+00
1.520000e+01	-3.343095e-02	4.599998e+00
1.523333e+01	-3.343046e-02	4.600000e+00
1.526667e+01	-3.343022e-02	4.600001e+00
1.530000e+01	-3.343031e-02	4.600001e+00
1.533333e+01	-3.343053e-02	4.600000e+00
1.536667e+01	-3.343064e-02	4.599999e+00
1.540000e+01	-3.343061e-02	4.600000e+00
1.543333e+01	-3.343051e-02	4.600000e+00
1.546667e+01	-3.343046e-02	4.600000e+00
1.550000e+01	-3.343047e-02	4.600000e+00
1.553333e+01	-3.343051e-02	4.600000e+00
1.556667e+01	-3.343054e-02	4.600000e+00
1.560000e+01	-3.343053e-02	4.600000e+00
1.563333e+01	-3.343052e-02	4.600000e+00
1.566667e+01	-3.343050e-02	4.600000e+00
1.570000e+01	-3.343051e-02	4.600000e+00
1.573333e+01	-3.343051e-02	4.600000e+00
1.576667e+01	-3.365350e-02	4.598939e+00
1.580000e+01	-3.513518e-02	4.591887e+00
1.583333e+01	-3.944834e-02	4.571361e+00
1.586667e+01	-4.660128e-02	4.537319e+00
1.590000e+01	-5.377967e-02	4.503156e+00
1.593333e+01	-5.759800e-02	4.484985e+00
1.596667e+01	-5.729508e-02	4.486426e+00
16	-5.498909e-02	4.497401e+00
1.603333e+01	-5.329428e-02	4.505466e+00
1.606667e+01	-5.323907e-02	4.505729e+00
1.610000e+01	-5.415495e-02	4.501370e+00
1.613333e+01	-5.490691e-02	4.497792e+00
1.616667e+01	-5.497305e-02	4.497477e+00
1.620000e+01	-5.459247e-02	4.499288e+00
1.623333e+01	-5.425465e-02	4.500896e+00
1.626667e+01	-5.420811e-02	4.501117e+00
1.630000e+01	-5.436651e-02	4.500364e+00
1.633333e+01	-5.429532e-02	4.500702e+00
1.636667e+01	-5.284185e-02	4.507620e+00
1.640000e+01	-4.846324e-02	4.528458e+00
1.643333e+01	-4.124237e-02	4.562823e+00
1.646667e+01	-3.382523e-02	4.598122e+00
1.650000e+01	-2.832904e-02	4.624278e+00
1.653333e+01	-2.286737e-02	4.650271e+00
1.656667e+01	-1.371563e-02	4.693825e+00
1.660000e+01	-1.068251e-03	4.754015e+00
1.663333e+01	9.886674e-03	4.806151e+00
1.666667e+01	1.432227e-02	4.827260e+00
1.670000e+01	1.246096e-02	4.818402e+00
1.673333e+01	8.297397e-03	4.798587e+00
1.676667e+01	4.682961e-03	4.781386e+00
1.680000e+01	8.943702e-04	4.763356e+00
1.683333e+01	-4.857659e-03	4.735981e+00
1.686667e+01	-1.254017e-02	4.699419e+00
1.690000e+01	-2.083497e-02	4.659943e+00
1.693333e+01	-2.837633e-02	4.624053e+00
1.696667e+01	-3.369905e-02	4.598722e+00
17	-3.577838e-02	4.588826e+00
1.703333e+01	-3.512534e-02	4.591934e+00
1.706667e+01	-3.352817e-02	4.599535e+00
1.710000e+01	-3.281536e-02	4.602928e+00
1.713333e+01	-3.443319e-02	4.595228e+00
1.716667e+01	-3.937634e-02	4.571703e+00
1.720000e+01	-4.694577e-02	4.535680e+00
1.723333e+01	-5.386792e-02	4.502736e+00
1.726667e+01	-5.593934e-02	4.492878e+00
1.730000e+01	-5.113380e-02	4.515748e+00
1.733333e+01	-4.167871e-02	4.560746e+00
1.736667e+01	-3.291793e-02	4.602439e+00
1.740000e+01	-2.913082e-02	4.620463e+00
1.743333e+01	-3.057580e-02	4.613586e+00
1.746667e+01	-3.506802e-02	4.592207e+00
1.750000e+01	-4.110290e-02	4.563486e+00
1.753333e+01	-4.792689e-02	4.531010e+00
1.756667e+01	-5.387144e-02	4.502720e+00
1.760000e+01	-5.690900e-02	4.488264e+00
1.763333e+01	-5.670085e-02	4.489254e+00
1.766667e+01	-5.491897e-02	4.497734e+00
1.770000e+01	-5.358222e-02	4.504096e+00
1.773333e+01	-5.350660e-02	4.504456e+00
1.776667e+01	-5.442255e-02	4.500097e+00
1.780000e+01	-5.649217e-02	4.490247e+00
1.783333e+01	-6.087092e-02	4.469408e+00
1.786667e+01	-6.773759e-02	4.436729e+00
1.790000e+01	-7.465288e-02	4.403819e+00
1.793333e+01	-7.842913e-02	4.385847e+00
1.796667e+01	-7.824495e-02	4.386724e+00
18	-7.627988e-02	4.396076e+00
1.803333e+01	-7.609115e-02	4.396974e+00
1.806667e+01	-8.030024e-02	4.376942e+00
1.810000e+01	-8.831640e-02	4.338793e+00
1.813333e+01	-9.601045e-02	4.302176e+00
1.816667e+01	-9.843318e-02	4.290646e+00
1.820000e+01	-9.345992e-02	4.314314e+00
1.823333e+01	-8.367012e-02	4.360905e+00
1.826667e+01	-7.474234e-02	4.403393e+00
1.830000e+01	-7.101684e-02	4.421123e+00
1.833333e+01	-7.238391e-02	4.414617e+00
1.836667e+01	-7.547327e-02	4.399914e+00
1.840000e+01	-7.717334e-02	4.391824e+00
1.843333e+01	-7.678179e-02	4.393687e+00
1.846667e+01	-7.551106e-02	4.399735e+00
1.850000e+01	-7.473737e-02	4.403417e+00
1.853333e+01	-7.485903e-02	4.402838e+00
1.856667e+01	-7.540027e-02	4.400262e+00
1.860000e+01	-7.575631e-02	4.398567e+00
1.863333e+01	-7.572439e-02	4.398719e+00
1.866667e+01	-7.549358e-02	4.399818e+00
1.870000e+01	-7.532999e-02	4.400596e+00
1.873333e+01	-7.533431e-02	4.400576e+00
1.876667e+01	-7.543224e-02	4.400110e+00
1.880000e+01	-7.550699e-02	4.399754e+00
1.883333e+01	-7.550938e-02	4.399742e+00
1.886667e+01	-7.546808e-02	4.399939e+00
1.890000e+01	-7.543411e-02	4.400101e+00
1.893333e+01	-7.543118e-02	4.400115e+00
1.896667e+01	-7.522551e-02	4.401093e+00
19	-7.375919e-02	4.408072e+00
1.903333e+01	-6.967111e-02	4.427527e+00
1.906667e+01	-6.399264e-02	4.454552e+00
1.910000e+01	-6.112051e-02	4.468221e+00
1.913333e+01	-6.445385e-02	4.452357e+00
1.916667e+01	-7.193813e-02	4.416738e+00
1.920000e+01	-7.784255e-02	4.388639e+00
1.923333e+01	-7.775349e-02	4.389063e+00
1.926667e+01	-7.118832e-02	4.420307e+00
1.930000e+01	-6.142330e-02	4.466780e+00
1.933333e+01	-5.343738e-02	4.504785e+00
1.936667e+01	-5.046928e-02	4.518911e+00
1.940000e+01	-5.190535e-02	4.512076e+00
1.943333e+01	-5.461549e-02	4.499179e+00
1.946667e+01	-5.597607e-02	4.492703e+00
1.950000e+01	-5.553478e-02	4.494804e+00
1.953333e+01	-5.442047e-02	4.500107e+00
1.956667e+01	-5.379878e-02	4.503065e+00
1.960000e+01	-5.395000e-02	4.502346e+00
1.963333e+01	-5.442677e-02	4.500077e+00
1.966667e+01	-5.471488e-02	4.498706e+00
1.970000e+01	-5.466664e-02	4.498935e+00
1.973333e+01	-5.423921e-02	4.500969e+00
1.976667e+01	-5.262417e-02	4.508656e+00
1.980000e+01	-4.832394e-02	4.529121e+00
1.983333e+01	-4.125825e-02	4.562747e+00
1.986667e+01	-3.414123e-02	4.596618e+00
1.990000e+01	-3.032089e-02	4.614799e+00
1.993333e+01	-3.058677e-02	4.613534e+00
1.996667e+01	-3.308768e-02	4.601632e+00
20	-3.626344e-02	4.586518e+00
2.003333e+01	-4.064744e-02	4.565654e+00
2.006667e+01	-4.667428e-02	4.536972e+00
2.010000e+01	-5.162006e-02	4.513434e+00
2.013333e+01	-5.105252e-02	4.516135e+00
2.016667e+01	-4.397148e-02	4.549835e+00
2.020000e+01	-3.460118e-02	4.594429e+00
2.023333e+01	-2.765563e-02	4.627483e+00
2.026667e+01	-2.343437e-02	4.647573e+00
2.030000e+01	-1.890601e-02	4.669124e+00
2.033333e+01	-1.118169e-02	4.705884e+00
2.036667e+01	1.077336e-03	4.764226e+00
2.040000e+01	1.630910e-02	4.836716e+00
2.043333e+01	2.965640e-02	4.900237e+00
2.046667e+01	3.721889e-02	4.936228e+00
2.050000e+01	4.013918e-02	4.950125e+00
2.053333e+01	4.163330e-02	4.957236e+00
2.056667e+01	4.177545e-02	4.957913e+00
2.060000e+01	3.860707e-02	4.942834e+00
2.063333e+01	3.256931e-02	4.914100e+00
2.066667e+01	2.617764e-02	4.883681e+00
2.070000e+01	2.047196e-02	4.856527e+00
2.073333e+01	1.487103e-02	4.829872e+00
2.076667e+01	9.753663e-03	4.805518e+00
2.080000e+01	6.712712e-03	4.791046e+00
2.083333e+01	6.459847e-03	4.789842e+00
2.086667e+01	7.882301e-03	4.796612e+00
2.090000e+01	8.976728e-03	4.801820e+00
2.093333e+01	7.761380e-03	4.796036e+00
2.096667e+01	2.916246e-03	4.772978e+00
21	-4.807892e-03	4.736218e+00
2.103333e+01	-1.235457e-02	4.700303e+00
2.106667e+01	-1.744083e-02	4.676096e+00
2.110000e+01	-2.119911e-02	4.658210e+00
2.113333e+01	-2.597086e-02	4.635501e+00
2.116667e+01	-3.154061e-02	4.608994e+00
2.120000e+01	-3.541513e-02	4.590555e+00
2.123333e+01	-3.628913e-02	4.586396e+00
2.126667e+01	-3.618244e-02	4.586903e+00
2.130000e+01	-3.904085e-02	4.573300e+00
2.133333e+01	-4.722081e-02	4.534371e+00
2.136667e+01	-5.952687e-02	4.475805e+00
2.140000e+01	-7.270675e-02	4.413080e+00
2.143333e+01	-8.412913e-02	4.358720e+00
2.146667e+01	-9.256045e-02	4.318595e+00
2.150000e+01	-9.742210e-02	4.295458e+00
2.153333e+01	-9.876282e-02	4.289077e+00
2.156667e+01	-9.777338e-02	4.293786e+00
2.160000e+01	-9.630425e-02	4.300778e+00
2.163333e+01	-9.564858e-02	4.303898e+00
2.166667e+01	-9.592885e-02	4.302564e+00
2.170000e+01	-9.651174e-02	4.299790e+00
2.173333e+01	-9.680894e-02	4.298376e+00
2.176667e+01	-9.670929e-02	4.298850e+00
2.180000e+01	-9.646068e-02	4.300033e+00
2.183333e+01	-9.632267e-02	4.300690e+00
2.186667e+01	-9.635746e-02	4.300524e+00
2.190000e+01	-9.646455e-02	4.300015e+00
2.193333e+01	-9.652889e-02	4.299709e+00
2.196667e+01	-9.651775e-02	4.299762e+00
22	-9.669477e-02	4.298919e+00
2.203333e+01	-9.814663e-02	4.292010e+00
2.206667e+01	-1.024628e-01	4.271468e+00
2.210000e+01	-1.096354e-01	4.237333e+00
2.213333e+01	-1.168275e-01	4.203105e+00
2.216667e+01	-1.206453e-01	4.184936e+00
2.220000e+01	-1.203341e-01	4.186417e+00
2.223333e+01	-1.180218e-01	4.197422e+00
2.226667e+01	-1.163269e-01	4.205488e+00
2.230000e+01	-1.162306e-01	4.205946e+00
2.233333e+01	-1.168084e-01	4.203196e+00
2.236667e+01	-1.163570e-01	4.205345e+00
2.240000e+01	-1.137875e-01	4.217573e+00
2.243333e+01	-1.093358e-01	4.238759e+00
2.246667e+01	-1.041643e-01	4.263371e+00
2.250000e+01	-9.934547e-02	4.286304e+00
2.253333e+01	-9.519274e-02	4.306067e+00
2.256667e+01	-9.137188e-02	4.324251e+00
2.260000e+01	-8.743813e-02	4.342972e+00
2.263333e+01	-8.322753e-02	4.363011e+00
2.266667e+01	-7.886427e-02	4.383776e+00
2.270000e+01	-7.454009e-02	4.404355e+00
2.273333e+01	-7.033462e-02	4.424370e+00
2.276667e+01	-6.620008e-02	4.444046e+00
2.280000e+01	-6.209750e-02	4.463571e+00
2.283333e+01	-5.801734e-02	4.482989e+00
2.286667e+01	-5.328525e-02	4.505509e+00
2.290000e+01	-4.589707e-02	4.540670e+00
2.293333e+01	-3.407208e-02	4.596947e+00
2.296667e+01	-1.890197e-02	4.669143e+00
23	-4.173785e-03	4.739236e+00
2.303333e+01	6.160333e-03	4.788417e+00
2.306667e+01	9.482771e-03	4.804229e+00
2.310000e+01	5.009952e-03	4.782942e+00
2.313333e+01	-5.618882e-03	4.732358e+00
2.316667e+01	-1.887355e-02	4.669278e+00
2.320000e+01	-3.168474e-02	4.608308e+00
2.323333e+01	-4.362268e-02	4.551494e+00
2.326667e+01	-5.596122e-02	4.492774e+00
2.330000e+01	-6.821331e-02	4.434465e+00
2.333333e+01	-7.715146e-02	4.391928e+00
2.336667e+01	-8.017207e-02	4.377552e+00
2.340000e+01	-7.830870e-02	4.386420e+00
2.343333e+01	-7.516425e-02	4.401385e+00
2.346667e+01	-7.365836e-02	4.408552e+00
2.350000e+01	-7.399665e-02	4.406942e+00
2.353333e+01	-7.380735e-02	4.407843e+00
2.356667e+01	-6.996665e-02	4.426121e+00
2.360000e+01	-6.091480e-02	4.469200e+00
2.363333e+01	-4.738875e-02	4.533571e+00
2.366667e+01	-3.155811e-02	4.608911e+00
2.370000e+01	-1.611241e-02	4.682419e+00
2.373333e+01	-3.345954e-03	4.743175e+00
2.376667e+01	5.700536e-03	4.786229e+00
2.380000e+01	1.171533e-02	4.814854e+00
2.383333e+01	1.686345e-02	4.839354e+00
2.386667e+01	2.278463e-02	4.867533e+00
2.390000e+01	2.880276e-02	4.896174e+00
2.393333e+01	3.365200e-02	4.919252e+00
2.396667e+01	3.805559e-02	4.940209e+00
24	4.345738e-02	4.965917e+00
2.403333e+01	4.915117e-02	4.993014e+00
2.406667e+01	5.276233e-02	5.010200e+00
2.410000e+01	5.291265e-02	5.010916e+00
2.413333e+01	4.977618e-02	4.995989e+00
2.416667e+01	4.389332e-02	4.967992e+00
2.420000e+01	3.640926e-02	4.932374e+00
2.423333e+01	2.985737e-02	4.901193e+00
2.426667e+01	2.672218e-02	4.886273e+00
2.430000e+01	2.720408e-02	4.888566e+00
2.433333e+01	2.925821e-02	4.898342e+00
2.436667e+01	3.065155e-02	4.904973e+00
2.440000e+01	3.061450e-02	4.904797e+00
2.443333e+01	2.979997e-02	4.900920e+00
2.446667e+01	2.918121e-02	4.897975e+00
2.450000e+01	2.916157e-02	4.897882e+00
2.453333e+01	2.972487e-02	4.900563e+00
2.456667e+01	3.148573e-02	4.908943e+00
2.460000e+01	3.582245e-02	4.929582e+00
2.463333e+01	4.283274e-02	4.962944e+00
2.466667e+01	4.988503e-02	4.996507e+00
2.470000e+01	5.368632e-02	5.014598e+00
2.473333e+01	5.344282e-02	5.013439e+00
2.476667e+01	5.097056e-02	5.001673e+00
2.480000e+01	4.780448e-02	4.986605e+00
2.483333e+01	4.341155e-02	4.965699e+00
2.486667e+01	3.692612e-02	4.934834e+00
2.490000e+01	2.901217e-02	4.897171e+00
2.493333e+01	2.095688e-02	4.858835e+00
2.496667e+01	1.373759e-02	4.824478e+00
25	8.530477e-03	4.799697e+00
2.503333e+01	6.133360e-03	4.788288e+00
2.506667e+01	5.163186e-03	4.783671e+00
2.510000e+01	2.390322e-03	4.770475e+00
2.513333e+01	-3.789911e-03	4.741063e+00
2.516667e+01	-1.104247e-02	4.706547e+00
2.520000e+01	-1.546322e-02	4.685508e+00
2.523333e+01	-1.559085e-02	4.684901e+00
2.526667e+01	-1.327864e-02	4.695905e+00
2.530000e+01	-1.133178e-02	4.705170e+00
2.533333e+01	-1.108191e-02	4.706359e+00
2.536667e+01	-1.198991e-02	4.702038e+00
2.540000e+01	-1.284804e-02	4.697954e+00
2.543333e+01	-1.300245e-02	4.697219e+00
2.546667e+01	-1.263014e-02	4.698991e+00
2.550000e+01	-1.224784e-02	4.700810e+00
2.553333e+01	-1.216144e-02	4.701222e+00
2.556667e+01	-1.231409e-02	4.700495e+00
2.560000e+01	-1.248438e-02	4.699685e+00
2.563333e+01	-1.253051e-02	4.699465e+00
2.566667e+01	-1.224552e-02	4.700821e+00
2.570000e+01	-1.068828e-02	4.708233e+00
2.573333e+01	-6.351332e-03	4.728873e+00
2.576667e+01	7.767181e-04	4.762796e+00
2.580000e+01	7.921723e-03	4.796799e+00
2.583333e+01	1.172810e-02	4.814914e+00
2.586667e+01	1.143504e-02	4.813520e+00
2.590000e+01	9.143735e-03	4.802615e+00
2.593333e+01	7.454807e-03	4.794577e+00
2.596667e+01	7.172782e-03	4.793235e+00
26	6.600554e-03	4.790512e+00
2.603333e+01	3.036486e-03	4.773550e+00
2.606667e+01	-4.048851e-03	4.739830e+00
2.610000e+01	-1.182800e-02	4.702809e+00
2.613333e+01	-1.746446e-02	4.675984e+00
2.616667e+01	-2.152179e-02	4.656675e+00
2.620000e+01	-2.621156e-02	4.634356e+00
2.623333e+01	-3.154399e-02	4.608978e+00
2.626667e+01	-3.527870e-02	4.591204e+00
2.630000e+01	-3.595659e-02	4.587978e+00
2.633333e+01	-3.447018e-02	4.595052e+00
2.636667e+01	-3.285734e-02	4.602728e+00
2.640000e+01	-3.239498e-02	4.604928e+00
2.643333e+01	-3.294292e-02	4.602321e+00
2.646667e+01	-3.363993e-02	4.599003e+00
2.650000e+01	-3.387524e-02	4.597883e+00
2.653333e+01	-3.365981e-02	4.598909e+00
2.656667e+01	-3.335451e-02	4.600362e+00
2.660000e+01	-3.323821e-02	4.600915e+00
2.663333e+01	-3.309981e-02	4.601574e+00
2.666667e+01	-3.175199e-02	4.607988e+00
2.670000e+01	-2.749555e-02	4.628245e+00
2.673333e+01	-2.031000e-02	4.662442e+00
2.676667e+01	-1.307313e-02	4.696883e+00
2.680000e+01	-9.227502e-03	4.715185e+00
2.683333e+01	-9.542674e-03	4.713685e+00
2.686667e+01	-1.187410e-02	4.702589e+00
2.690000e+01	-1.358191e-02	4.694461e+00
2.693333e+01	-1.363266e-02	4.694220e+00
2.696667e+01	-1.270576e-02	4.698631e+00
27	-1.194769e-02	4.702239e+00
2.703333e+01	-1.188309e-02	4.702546e+00
2.706667e+01	-1.226842e-02	4.700713e+00
2.710000e+01	-1.260909e-02	4.699091e+00
2.713333e+01	-1.265514e-02	4.698872e+00
2.716667e+01	-1.249471e-02	4.699636e+00
2.720000e+01	-1.234159e-02	4.700364e+00
2.723333e+01	-1.253649e-02	4.699437e+00
2.726667e+01	-1.408449e-02	4.692070e+00
2.730000e+01	-1.846619e-02	4.671217e+00
2.733333e+01	-2.563489e-02	4.637100e+00
2.736667e+01	-3.278610e-02	4.603067e+00
2.740000e+01	-3.657389e-02	4.585040e+00
2.743333e+01	-3.626258e-02	4.586522e+00
2.746667e+01	-3.396762e-02	4.597444e+00
2.750000e+01	-3.228635e-02	4.605445e+00
2.753333e+01	-3.223546e-02	4.605687e+00
2.756667e+01	-3.314692e-02	4.601350e+00
2.760000e+01	-3.389289e-02	4.597800e+00
2.763333e+01	-3.395687e-02	4.597495e+00
2.766667e+01	-3.357804e-02	4.599298e+00
2.770000e+01	-3.324284e-02	4.600893e+00
2.773333e+01	-3.319737e-02	4.601110e+00
2.776667e+01	-3.357807e-02	4.599298e+00
2.780000e+01	-3.521039e-02	4.591529e+00
2.783333e+01	-3.955126e-02	4.570871e+00
2.786667e+01	-4.663901e-02	4.537139e+00
2.790000e+01	-5.374997e-02	4.503298e+00
2.793333e+01	-5.755277e-02	4.485200e+00
2.796667e+01	-5.727656e-02	4.486514e+00
28	-5.500061e-02	4.497346e+00
2.803333e+01	-5.331407e-02	4.505372e+00
2.806667e+01	-5.302505e-02	4.506748e+00
2.810000e+01	-5.244592e-02	4.509504e+00
2.813333e+01	-4.888046e-02	4.526472e+00
2.816667e+01	-4.179800e-02	4.560178e+00
2.820000e+01	-3.424492e-02	4.596124e+00
2.823333e+01	-3.009090e-02	4.615894e+00
2.826667e+01	-3.034556e-02	4.614682e+00
2.830000e+01	-3.280736e-02	4.602966e+00
2.833333e+01	-3.465292e-02	4.594182e+00
2.836667e+01	-3.473701e-02	4.593782e+00
2.840000e+01	-3.375681e-02	4.598447e+00
2.843333e+01	-3.293744e-02	4.602347e+00
2.846667e+01	-3.263229e-02	4.603799e+00
2.850000e+01	-3.155750e-02	4.608914e+00
2.853333e+01	-2.761217e-02	4.627690e+00
2.856667e+01	-2.051424e-02	4.661470e+00
2.860000e+01	-1.316681e-02	4.696437e+00
2.863333e+01	-9.183381e-03	4.715395e+00
2.866667e+01	-9.230766e-03	4.715169e+00
2.870000e+01	-1.012479e-02	4.710914e+00
2.873333e+01	-7.580231e-03	4.723024e+00
2.876667e+01	-5.004317e-04	4.756718e+00
2.880000e+01	7.622319e-03	4.795375e+00
2.883333e+01	1.222544e-02	4.817281e+00
2.886667e+01	1.199811e-02	4.816199e+00
2.890000e+01	9.300019e-03	4.803359e+00
2.893333e+01	7.252839e-03	4.793616e+00
2.896667e+01	7.146275e-03	4.793109e+00
29	8.225156e-03	4.798243e+00
2.903333e+01	9.135319e-03	4.802575e+00
2.906667e+01	9.232076e-03	4.803035e+00
2.910000e+01	8.784236e-03	4.800904e+00
2.913333e+01	8.375670e-03	4.798960e+00
2.916667e+01	8.312182e-03	4.798658e+00
2.920000e+01	8.498085e-03	4.799542e+00
2.923333e+01	8.681369e-03	4.800415e+00
2.926667e+01	8.718532e-03	4.800591e+00
2.930000e+01	8.641952e-03	4.800227e+00
2.933333e+01	8.560070e-03	4.799837e+00
2.936667e+01	8.539722e-03	4.799741e+00
2.940000e+01	8.570979e-03	4.799889e+00
2.943333e+01	8.607393e-03	4.800063e+00
2.946667e+01	8.618061e-03	4.800113e+00
2.950000e+01	8.605437e-03	4.800053e+00
2.953333e+01	8.589315e-03	4.799977e+00
2.956667e+01	8.583891e-03	4.799951e+00
2.960000e+01	8.588926e-03	4.799975e+00
2.963333e+01	8.596032e-03	4.800008e+00
2.966667e+01	8.375747e-03	4.798960e+00
2.970000e+01	6.892090e-03	4.791899e+00
2.973333e+01	2.798786e-03	4.772419e+00
2.976667e+01	-2.873797e-03	4.745422e+00
2.980000e+01	-5.738252e-03	4.731790e+00
2.983333e+01	-2.402272e-03	4.747666e+00
2.986667e+01	5.079665e-03	4.783274e+00
2.990000e+01	1.120369e-02	4.812419e+00
2.993333e+01	1.237202e-02	4.817979e+00
2.996667e+01	8.639251e-03	4.800214e+00
30	1.715494e-03	4.767263e+00
3.003333e+01	-6.244351e-03	4.729382e+00
3.006667e+01	-1.257286e-02	4.699264e+00
3.010000e+01	-1.525869e-02	4.686482e+00
3.013333e+01	-1.455191e-02	4.689845e+00
3.016667e+01	-1.258003e-02	4.699230e+00
3.020000e+01	-1.138143e-02	4.704934e+00
3.023333e+01	-1.152451e-02	4.704253e+00
3.026667e+01	-1.231017e-02	4.700514e+00
3.030000e+01	-1.283177e-02	4.698031e+00
3.033333e+01	-1.270152e-02	4.698651e+00
3.036667e+01	-1.201664e-02	4.701911e+00
3.040000e+01	-1.099880e-02	4.706755e+00
3.043333e+01	-9.801271e-03	4.712454e+00
3.046667e+01	-8.519625e-03	4.718553e+00
3.050000e+01	-7.226495e-03	4.724708e+00
3.053333e+01	-5.964758e-03	4.730712e+00
3.056667e+01	-4.737420e-03	4.736553e+00
3.060000e+01	-3.522056e-03	4.742337e+00
3.063333e+01	-2.297427e-03	4.748165e+00
3.066667e+01	-1.058714e-03	4.754061e+00
3.070000e+01	1.858812e-04	4.759984e+00
3.073333e+01	1.427078e-03	4.765891e+00
3.076667e+01	2.662234e-03	4.771769e+00
3.080000e+01	3.894590e-03	4.777634e+00
3.083333e+01	5.128226e-03	4.783505e+00
3.086667e+01	6.351368e-03	4.789326e+00
3.090000e+01	7.488681e-03	4.794739e+00
3.093333e+01	8.371811e-03	4.798941e+00
3.096667e+01	8.833044e-03	4.801136e+00
31	8.871393e-03	4.801319e+00
3.103333e+01	8.685297e-03	4.800433e+00
3.106667e+01	8.517509e-03	4.799635e+00
3.110000e+01	8.485660e-03	4.799483e+00
3.113333e+01	8.330472e-03	4.798745e+00
3.116667e+01	6.919625e-03	4.792030e+00
3.120000e+01	2.623277e-03	4.771584e+00
3.123333e+01	-4.557065e-03	4.737412e+00
3.126667e+01	-1.176665e-02	4.703100e+00
3.130000e+01	-1.581671e-02	4.683826e+00
3.133333e+01	-1.698435e-02	4.678269e+00
3.136667e+01	-1.897771e-02	4.668782e+00
3.140000e+01	-2.443136e-02	4.642828e+00
3.143333e+01	-3.155900e-02	4.608907e+00
3.146667e+01	-3.607633e-02	4.587408e+00
3.150000e+01	-3.504592e-02	4.592312e+00
3.153333e+01	-2.849115e-02	4.623507e+00
3.156667e+01	-1.926013e-02	4.667438e+00
3.160000e+01	-1.168762e-02	4.703477e+00
3.163333e+01	-8.739316e-03	4.717508e+00
3.166667e+01	-9.730777e-03	4.712789e+00
3.170000e+01	-1.077356e-02	4.707827e+00
3.173333e+01	-7.802574e-03	4.721966e+00
3.176667e+01	-3.010562e-04	4.757666e+00
3.180000e+01	7.907931e-03	4.796734e+00
3.183333e+01	1.233549e-02	4.817805e+00
3.186667e+01	1.191990e-02	4.815827e+00
3.190000e+01	9.174735e-03	4.802763e+00
3.193333e+01	7.199198e-03	4.793361e+00
3.196667e+01	7.176345e-03	4.793252e+00
32	8.279870e-03	4.798504e+00
3.203333e+01	9.161108e-03	4.802698e+00
3.206667e+01	9.220809e-03	4.802982e+00
3.210000e+01	8.760447e-03	4.800791e+00
3.213333e+01	8.140432e-03	4.797840e+00
3.216667e+01	6.611597e-03	4.790564e+00
3.220000e+01	2.490554e-03	4.770952e+00
3.223333e+01	-4.483634e-03	4.737761e+00
3.226667e+01	-1.163202e-02	4.703741e+00
3.230000e+01	-1.552997e-02	4.685190e+00
3.233333e+01	-1.530719e-02	4.686251e+00
3.236667e+01	-1.301842e-02	4.697143e+00
3.240000e+01	-1.129088e-02	4.705365e+00
3.243333e+01	-1.119992e-02	4.705798e+00
3.246667e+01	-1.210649e-02	4.701483e+00
3.250000e+01	-1.287177e-02	4.697841e+00
3.253333e+01	-1.295379e-02	4.697451e+00
3.256667e+01	-1.257805e-02	4.699239e+00
3.260000e+01	-1.201188e-02	4.701933e+00
3.263333e+01	-1.047664e-02	4.709240e+00
3.266667e+01	-6.319427e-03	4.729024e+00
3.270000e+01	6.795904e-04	4.762333e+00
3.273333e+01	7.826670e-03	4.796347e+00
3.276667e+01	1.170924e-02	4.814825e+00
3.280000e+01	1.147508e-02	4.813710e+00
3.283333e+01	9.409202e-03	4.803878e+00
3.286667e+01	9.169850e-03	4.802739e+00
3.290000e+01	1.339724e-02	4.822858e+00
3.293333e+01	2.145708e-02	4.861216e+00
3.296667e+01	2.939801e-02	4.899007e+00
33	3.307303e-02	4.916497e+00
3.303333e+01	3.091242e-02	4.906214e+00
3.306667e+01	2.395122e-02	4.873085e+00
3.310000e+01	1.505096e-02	4.830728e+00
3.313333e+01	7.973497e-03	4.797046e+00
3.316667e+01	5.224504e-03	4.783963e+00
3.320000e+01	6.310205e-03	4.789130e+00
3.323333e+01	8.617997e-03	4.800113e+00
3.326667e+01	9.863663e-03	4.806041e+00
3.330000e+01	9.564130e-03	4.804616e+00
3.333333e+01	8.627980e-03	4.800161e+00
3.336667e+01	8.064924e-03	4.797481e+00
3.340000e+01	8.159457e-03	4.797931e+00
3.343333e+01	8.334655e-03	4.798765e+00
3.346667e+01	7.111844e-03	4.792945e+00
3.350000e+01	2.772768e-03	4.772295e+00
3.353333e+01	-4.550111e-03	4.737445e+00
3.356667e+01	-1.184753e-02	4.702716e+00
3.360000e+01	-1.566156e-02	4.684564e+00
3.363333e+01	-1.528648e-02	4.686349e+00
3.366667e+01	-1.292605e-02	4.697583e+00
3.370000e+01	-1.122998e-02	4.705655e+00
3.373333e+01	-1.120524e-02	4.705772e+00
3.376667e+01	-1.214588e-02	4.701296e+00
3.380000e+01	-1.289976e-02	4.697708e+00
3.383333e+01	-1.295312e-02	4.697454e+00
3.386667e+01	-1.256134e-02	4.699318e+00
3.390000e+01	-1.222207e-02	4.700933e+00
3.393333e+01	-1.218086e-02	4.701129e+00
3.396667e+01	-1.256728e-02	4.699290e+00
34	-1.420165e-02	4.691512e+00
3.403333e+01	-1.854083e-02	4.670861e+00
3.406667e+01	-2.562607e-02	4.637142e+00
3.410000e+01	-3.273602e-02	4.603305e+00
3.413333e+01	-3.653948e-02	4.585204e+00
3.416667e+01	-3.626437e-02	4.586513e+00
3.420000e+01	-3.398891e-02	4.597343e+00
3.423333e+01	-3.230211e-02	4.605370e+00
3.426667e+01	-3.223559e-02	4.605687e+00
3.430000e+01	-3.313791e-02	4.601393e+00
3.433333e+01	-3.388571e-02	4.597834e+00
3.436667e+01	-3.373342e-02	4.598558e+00
3.440000e+01	-3.187716e-02	4.607393e+00
3.443333e+01	-2.745125e-02	4.628456e+00
3.446667e+01	-2.150866e-02	4.656737e+00
3.450000e+01	-1.754050e-02	4.675622e+00
3.453333e+01	-1.819439e-02	4.672510e+00
3.456667e+01	-2.265672e-02	4.651274e+00
3.460000e+01	-2.730840e-02	4.629136e+00
3.463333e+01	-2.798217e-02	4.625929e+00
3.466667e+01	-2.325929e-02	4.648406e+00
3.470000e+01	-1.628055e-02	4.681618e+00
3.473333e+01	-1.191897e-02	4.702376e+00
3.476667e+01	-1.230005e-02	4.700562e+00
3.480000e+01	-1.573571e-02	4.684211e+00
3.483333e+01	-1.920854e-02	4.667684e+00
3.486667e+01	-2.106493e-02	4.658849e+00
3.490000e+01	-2.164285e-02	4.656099e+00
3.493333e+01	-2.213936e-02	4.653736e+00
3.496667e+01	-2.330401e-02	4.648193e+00
35	-2.504055e-02	4.639929e+00
3.503333e+01	-2.684205e-02	4.631355e+00
3.506667e+01	-2.834985e-02	4.624179e+00
3.510000e+01	-2.950160e-02	4.618698e+00
3.513333e+01	-3.013076e-02	4.615704e+00
3.516667e+01	-2.930787e-02	4.619620e+00
3.520000e+01	-2.566786e-02	4.636943e+00
3.523333e+01	-1.911336e-02	4.668137e+00
3.526667e+01	-1.125072e-02	4.705556e+00
3.530000e+01	-3.570855e-03	4.742105e+00
3.533333e+01	3.277200e-03	4.774696e+00
3.536667e+01	8.391627e-03	4.799036e+00
3.540000e+01	1.071384e-02	4.810087e+00
3.543333e+01	1.037908e-02	4.808494e+00
3.546667e+01	8.672101e-03	4.800371e+00
3.550000e+01	6.160289e-03	4.788417e+00
3.553333e+01	1.843181e-03	4.767871e+00
3.556667e+01	-4.735995e-03	4.736560e+00
3.560000e+01	-1.146138e-02	4.704553e+00
3.563333e+01	-1.547466e-02	4.685454e+00
3.566667e+01	-1.689141e-02	4.678711e+00
3.570000e+01	-1.910194e-02	4.668191e+00
3.573333e+01	-2.458293e-02	4.642107e+00
3.576667e+01	-3.160673e-02	4.608680e+00
3.580000e+01	-3.624938e-02	4.586585e+00
3.583333e+01	-3.668362e-02	4.584518e+00
3.586667e+01	-3.448500e-02	4.594982e+00
3.590000e+01	-3.245068e-02	4.604663e+00
3.593333e+01	-3.206623e-02	4.606493e+00
3.596667e+01	-3.291861e-02	4.602436e+00
36	-3.403360e-02	4.597130e+00
3.603333e+01	-3.572855e-02	4.589063e+00
3.606667e+01	-3.969627e-02	4.570181e+00
3.610000e+01	-4.645409e-02	4.538019e+00
3.613333e+01	-5.352044e-02	4.504390e+00
3.616667e+01	-5.747861e-02	4.485553e+00
3.620000e+01	-5.735068e-02	4.486162e+00
3.623333e+01	-5.510193e-02	4.496864e+00
3.626667e+01	-5.335117e-02	4.505196e+00
3.630000e+01	-5.321875e-02	4.505826e+00
3.633333e+01	-5.410606e-02	4.501603e+00
3.636667e+01	-5.488007e-02	4.497919e+00
3.640000e+01	-5.498013e-02	4.497443e+00
3.643333e+01	-5.461356e-02	4.499188e+00
3.646667e+01	-5.426719e-02	4.500836e+00
3.650000e+01	-5.420582e-02	4.501128e+00
3.653333e+01	-5.435745e-02	4.500407e+00
3.656667e+01	-5.451248e-02	4.499669e+00
3.660000e+01	-5.454715e-02	4.499504e+00
3.663333e+01	-5.448493e-02	4.499800e+00
3.666667e+01	-5.441582e-02	4.500129e+00
3.670000e+01	-5.439725e-02	4.500217e+00
3.673333e+01	-5.442253e-02	4.500097e+00
3.676667e+01	-5.445320e-02	4.499951e+00
3.680000e+01	-5.446279e-02	4.499905e+00
3.683333e+01	-5.445264e-02	4.499954e+00
3.686667e+01	-5.443908e-02	4.500018e+00
3.690000e+01	-5.443426e-02	4.500041e+00
3.693333e+01	-5.443828e-02	4.500022e+00
3.696667e+01	-5.444425e-02	4.499994e+00
37	-5.444662e-02	4.499982e+00
3.703333e+01	-5.444506e-02	4.499990e+00
3.706667e+01	-5.421946e-02	4.501063e+00
3.710000e+01	-5.273663e-02	4.508120e+00
3.713333e+01	-4.842406e-02	4.528644e+00
3.716667e+01	-4.127226e-02	4.562680e+00
3.720000e+01	-3.409442e-02	4.596840e+00
3.723333e+01	-3.049886e-02	4.613952e+00
3.726667e+01	-3.228296e-02	4.605461e+00
3.730000e+01	-3.890185e-02	4.573961e+00
3.733333e+01	-4.774969e-02	4.531854e+00
3.736667e+01	-5.498349e-02	4.497427e+00
3.740000e+01	-5.788606e-02	4.483614e+00
3.743333e+01	-5.683116e-02	4.488634e+00
3.746667e+01	-5.445894e-02	4.499924e+00
3.750000e+01	-5.314465e-02	4.506178e+00
3.753333e+01	-5.320429e-02	4.505895e+00
3.756667e+01	-5.268508e-02	4.508366e+00
3.760000e+01	-4.896549e-02	4.526068e+00
3.763333e+01	-4.172689e-02	4.560517e+00
3.766667e+01	-3.413970e-02	4.596625e+00
3.770000e+01	-3.004898e-02	4.616093e+00
3.773333e+01	-3.037329e-02	4.614550e+00
3.776667e+01	-3.285346e-02	4.602746e+00
3.780000e+01	-3.467327e-02	4.594086e+00
3.783333e+01	-3.472642e-02	4.593833e+00
3.786667e+01	-3.373671e-02	4.598543e+00
3.790000e+01	-3.292770e-02	4.602393e+00
3.793333e+01	-3.285920e-02	4.602719e+00
3.796667e+01	-3.327089e-02	4.600760e+00
38	-3.363461e-02	4.599029e+00
3.803333e+01	-3.368361e-02	4.598795e+00
3.806667e+01	-3.351219e-02	4.599611e+00
3.810000e+01	-3.334870e-02	4.600389e+00
3.813333e+01	-3.331878e-02	4.600532e+00
3.816667e+01	-3.316667e-02	4.601256e+00
3.820000e+01	-3.175817e-02	4.607959e+00
3.823333e+01	-2.746179e-02	4.628406e+00
3.826667e+01	-2.027981e-02	4.662586e+00
3.830000e+01	-1.306882e-02	4.696903e+00
3.833333e+01	-9.241543e-03	4.715118e+00
3.836667e+01	-9.556243e-03	4.713620e+00
3.840000e+01	-1.187669e-02	4.702577e+00
3.843333e+01	-1.379909e-02	4.693428e+00
3.846667e+01	-1.533125e-02	4.686136e+00
3.850000e+01	-1.872215e-02	4.669999e+00
3.853333e+01	-2.512083e-02	4.639547e+00
3.856667e+01	-3.245793e-02	4.604629e+00
3.860000e+01	-3.814132e-02	4.577581e+00
3.863333e+01	-4.249053e-02	4.556883e+00
3.866667e+01	-4.738330e-02	4.533597e+00
3.870000e+01	-5.270724e-02	4.508260e+00
3.873333e+01	-5.631802e-02	4.491076e+00
3.876667e+01	-5.690304e-02	4.488292e+00
3.880000e+01	-5.541499e-02	4.495374e+00
3.883333e+01	-5.385451e-02	4.502800e+00
3.886667e+01	-5.343440e-02	4.504800e+00
3.890000e+01	-5.398542e-02	4.502177e+00
3.893333e+01	-5.466045e-02	4.498965e+00
3.896667e+01	-5.487664e-02	4.497936e+00
39	-5.465883e-02	4.498972e+00
3.903333e+01	-5.436269e-02	4.500382e+00
3.906667e+01	-5.425500e-02	4.500894e+00
3.910000e+01	-5.434107e-02	4.500485e+00
3.913333e+01	-5.447114e-02	4.499866e+00
3.916667e+01	-5.452401e-02	4.499614e+00
3.920000e+01	-5.449056e-02	4.499773e+00
3.923333e+01	-5.443363e-02	4.500044e+00
3.926667e+01	-5.440805e-02	4.500166e+00
3.930000e+01	-5.442076e-02	4.500105e+00
3.933333e+01	-5.444556e-02	4.499987e+00
3.936667e+01	-5.445779e-02	4.499929e+00
3.940000e+01	-5.445310e-02	4.499951e+00
3.943333e+01	-5.444234e-02	4.500003e+00
3.946667e+01	-5.443656e-02	4.500030e+00
3.950000e+01	-5.443822e-02	4.500022e+00
3.953333e+01	-5.444286e-02	4.500000e+00
3.956667e+01	-5.444557e-02	4.499987e+00
3.960000e+01	-5.444502e-02	4.499990e+00
3.963333e+01	-5.444303e-02	4.499999e+00
3.966667e+01	-5.444177e-02	4.500005e+00
3.970000e+01	-5.444193e-02	4.500005e+00
3.973333e+01	-5.444278e-02	4.500001e+00
3.976667e+01	-5.444336e-02	4.499998e+00
3.980000e+01	-5.444333e-02	4.499998e+00
3.983333e+01	-5.444297e-02	4.500000e+00
3.986667e+01	-5.444270e-02	4.500001e+00
3.990000e+01	-5.444270e-02	4.500001e+00
3.993333e+01	-5.444285e-02	4.500000e+00
3.996667e+01	-5.444297e-02	4.500000e+00
40	-5.444298e-02	4.500000e+00
4.003333e+01	-5.444292e-02	4.500000e+00
4.006667e+01	-5.443047e-02	4.500059e+00
4.010000e+01	-5.433576e-02	4.500510e+00
4.013333e+01	-5.400147e-02	4.502101e+00
4.016667e+01	-5.326978e-02	4.505583e+00
4.020000e+01	-5.213928e-02	4.510963e+00
4.023333e+01	-5.079663e-02	4.517353e+00
4.026667e+01	-4.947081e-02	4.523663e+00
4.030000e+01	-4.827311e-02	4.529363e+00
4.033333e+01	-4.716957e-02	4.534614e+00
4.036667e+01	-4.606910e-02	4.539852e+00
4.040000e+01	-4.491774e-02	4.545331e+00
4.043333e+01	-4.372461e-02	4.551009e+00
4.046667e+01	-4.252780e-02	4.556705e+00
4.050000e+01	-4.135213e-02	4.562300e+00
4.053333e+01	-4.019524e-02	4.567806e+00
4.056667e+01	-3.904093e-02	4.573299e+00
4.060000e+01	-3.787782e-02	4.578835e+00
4.063333e+01	-3.670627e-02	4.584410e+00
4.066667e+01	-3.532257e-02	4.590996e+00
4.070000e+01	-3.276612e-02	4.603162e+00
4.073333e+01	-2.739859e-02	4.628707e+00
4.076667e+01	-1.833085e-02	4.671861e+00
4.080000e+01	-7.026478e-03	4.725659e+00
4.083333e+01	2.288472e-03	4.769990e+00
4.086667e+01	4.470442e-03	4.780374e+00
4.090000e+01	-2.681683e-03	4.746337e+00
4.093333e+01	-1.610740e-02	4.682442e+00
4.096667e+01	-2.959645e-02	4.618247e+00
41	-3.871677e-02	4.574842e+00
4.103333e+01	-4.387122e-02	4.550312e+00
4.106667e+01	-4.807365e-02	4.530312e+00
4.110000e+01	-5.252767e-02	4.509115e+00
4.113333e+01	-5.582831e-02	4.493407e+00
4.116667e+01	-5.663631e-02	4.489561e+00
4.120000e+01	-5.548758e-02	4.495028e+00
4.123333e+01	-5.406306e-02	4.501808e+00
4.126667e+01	-5.355528e-02	4.504224e+00
4.130000e+01	-5.395979e-02	4.502299e+00
4.133333e+01	-5.457039e-02	4.499393e+00
4.136667e+01	-5.482049e-02	4.498203e+00
4.140000e+01	-5.466662e-02	4.498935e+00
4.143333e+01	-5.440130e-02	4.500198e+00
4.146667e+01	-5.428095e-02	4.500771e+00
4.150000e+01	-5.433924e-02	4.500493e+00
4.153333e+01	-5.445470e-02	4.499944e+00
4.156667e+01	-5.451209e-02	4.499671e+00
4.160000e+01	-5.449066e-02	4.499773e+00
4.163333e+01	-5.444059e-02	4.500011e+00
4.166667e+01	-5.441348e-02	4.500140e+00
4.170000e+01	-5.442102e-02	4.500104e+00
4.173333e+01	-5.444263e-02	4.500001e+00
4.176667e+01	-5.445533e-02	4.499941e+00
4.180000e+01	-5.445285e-02	4.499953e+00
4.183333e+01	-5.444357e-02	4.499997e+00
4.186667e+01	-5.421469e-02	4.501086e+00
4.190000e+01	-5.273373e-02	4.508134e+00
4.193333e+01	-4.842453e-02	4.528642e+00
4.196667e+01	-4.127430e-02	4.562671e+00
42	-3.409577e-02	4.596834e+00
4.203333e+01	-3.027575e-02	4.615014e+00
4.206667e+01	-3.057743e-02	4.613578e+00
4.210000e+01	-3.288341e-02	4.602604e+00
4.213333e+01	-3.457893e-02	4.594535e+00
4.216667e+01	-3.441172e-02	4.595330e+00
4.220000e+01	-3.201420e-02	4.606740e+00
4.223333e+01	-2.694878e-02	4.630847e+00
4.226667e+01	-1.972944e-02	4.665205e+00
4.230000e+01	-1.293160e-02	4.697556e+00
4.233333e+01	-9.451222e-03	4.714120e+00
4.236667e+01	-9.800796e-03	4.712456e+00
4.240000e+01	-1.194840e-02	4.702235e+00
4.243333e+01	-1.349137e-02	4.694892e+00
4.246667e+01	-1.351831e-02	4.694764e+00
4.250000e+01	-1.266787e-02	4.698811e+00
4.253333e+01	-1.220685e-02	4.701006e+00
4.256667e+01	-1.363818e-02	4.694194e+00
4.260000e+01	-1.830513e-02	4.671983e+00
4.263333e+01	-2.576562e-02	4.636478e+00
4.266667e+01	-3.298216e-02	4.602134e+00
4.270000e+01	-3.665295e-02	4.584664e+00
4.273333e+01	-3.621166e-02	4.586764e+00
4.276667e+01	-3.388177e-02	4.597852e+00
4.280000e+01	-3.224805e-02	4.605627e+00
4.283333e+01	-3.225485e-02	4.605595e+00
4.286667e+01	-3.318434e-02	4.601172e+00
4.290000e+01	-3.391121e-02	4.597712e+00
4.293333e+01	-3.394970e-02	4.597529e+00
4.296667e+01	-3.356179e-02	4.599375e+00
43	-3.323417e-02	4.600934e+00
4.303333e+01	-3.319991e-02	4.601097e+00
4.306667e+01	-3.336210e-02	4.600326e+00
4.310000e+01	-3.350980e-02	4.599623e+00
4.313333e+01	-3.330960e-02	4.600575e+00
4.316667e+01	-3.176056e-02	4.607947e+00
4.320000e+01	-2.738109e-02	4.628790e+00
4.323333e+01	-2.043775e-02	4.661834e+00
4.326667e+01	-1.476879e-02	4.688813e+00
4.330000e+01	-1.529325e-02	4.686317e+00
4.333333e+01	-2.275645e-02	4.650799e+00
4.336667e+01	-3.222950e-02	4.605716e+00
4.340000e+01	-3.772946e-02	4.579541e+00
4.343333e+01	-3.747790e-02	4.580738e+00
4.346667e+01	-3.426061e-02	4.596049e+00
4.350000e+01	-3.181968e-02	4.607666e+00
4.353333e+01	-3.192327e-02	4.607173e+00
4.356667e+01	-3.469958e-02	4.593960e+00
4.360000e+01	-4.009995e-02	4.568259e+00
4.363333e+01	-4.736461e-02	4.533686e+00
4.366667e+01	-5.400473e-02	4.502085e+00
4.370000e+01	-5.733457e-02	4.486238e+00
4.373333e+01	-5.695737e-02	4.488033e+00
4.376667e+01	-5.487495e-02	4.497944e+00
4.380000e+01	-5.339937e-02	4.504966e+00
4.383333e+01	-5.338792e-02	4.505021e+00
4.386667e+01	-5.421165e-02	4.501100e+00
4.390000e+01	-5.486564e-02	4.497988e+00
4.393333e+01	-5.490773e-02	4.497788e+00
4.396667e+01	-5.456479e-02	4.499420e+00
44	-5.427055e-02	4.500820e+00
4.403333e+01	-5.423664e-02	4.500982e+00
4.406667e+01	-5.437983e-02	4.500300e+00
4.410000e+01	-5.451233e-02	4.499670e+00
4.413333e+01	-5.453410e-02	4.499566e+00
4.416667e+01	-5.447473e-02	4.499849e+00
4.420000e+01	-5.441531e-02	4.500131e+00
4.423333e+01	-5.440274e-02	4.500191e+00
4.426667e+01	-5.442716e-02	4.500075e+00
4.430000e+01	-5.445368e-02	4.499949e+00
4.433333e+01	-5.446049e-02	4.499916e+00
4.436667e+01	-5.445055e-02	4.499964e+00
4.440000e+01	-5.443876e-02	4.500020e+00
4.443333e+01	-5.421223e-02	4.501098e+00
4.446667e+01	-5.273456e-02	4.508130e+00
4.450000e+01	-4.842661e-02	4.528632e+00
4.453333e+01	-4.127546e-02	4.562665e+00
4.456667e+01	-3.409548e-02	4.596835e+00
4.460000e+01	-3.027486e-02	4.615018e+00
4.463333e+01	-3.074041e-02	4.612802e+00
4.466667e+01	-3.413358e-02	4.596654e+00
4.470000e+01	-3.899239e-02	4.573530e+00
4.473333e+01	-4.426379e-02	4.548443e+00
4.476667e+01	-4.838453e-02	4.528832e+00
4.480000e+01	-4.962987e-02	4.522906e+00
4.483333e+01	-4.758527e-02	4.532636e+00
4.486667e+01	-4.356167e-02	4.551785e+00
4.490000e+01	-3.943448e-02	4.571427e+00
4.493333e+01	-3.625870e-02	4.586540e+00
4.496667e+01	-3.389744e-02	4.597778e+00
45	-3.164849e-02	4.608481e+00
4.503333e+01	-2.902759e-02	4.620954e+00
4.506667e+01	-2.605070e-02	4.635121e+00
4.510000e+01	-2.300741e-02	4.649605e+00
4.513333e+01	-2.011674e-02	4.663362e+00
4.516667e+01	-1.741422e-02	4.676223e+00
4.520000e+01	-1.494600e-02	4.687970e+00
4.523333e+01	-1.254437e-02	4.699399e+00
4.526667e+01	-8.508522e-03	4.718606e+00
4.530000e+01	2.526859e-04	4.760302e+00
4.533333e+01	1.415897e-02	4.826483e+00
4.536667e+01	2.812523e-02	4.892950e+00
4.540000e+01	3.544585e-02	4.927789e+00
4.543333e+01	3.327844e-02	4.917475e+00
4.546667e+01	2.281290e-02	4.867668e+00
4.550000e+01	6.522647e-03	4.790141e+00
4.553333e+01	-1.228937e-02	4.700613e+00
4.556667e+01	-2.867928e-02	4.622612e+00
4.560000e+01	-3.811588e-02	4.577702e+00
4.563333e+01	-4.065181e-02	4.565633e+00
4.566667e+01	-4.139069e-02	4.562117e+00
4.570000e+01	-4.515145e-02	4.544219e+00
4.573333e+01	-5.159780e-02	4.513540e+00
4.576667e+01	-5.672590e-02	4.489135e+00
4.580000e+01	-5.785916e-02	4.483742e+00
4.583333e+01	-5.593077e-02	4.492919e+00
4.586667e+01	-5.370849e-02	4.503495e+00
4.590000e+01	-5.302141e-02	4.506765e+00
4.593333e+01	-5.374419e-02	4.503325e+00
4.596667e+01	-5.470884e-02	4.498734e+00
46	-5.505421e-02	4.497091e+00
4.603333e+01	-5.477094e-02	4.498439e+00
4.606667e+01	-5.434854e-02	4.500449e+00
4.610000e+01	-5.440204e-02	4.500194e+00
4.613333e+01	-5.599400e-02	4.492618e+00
4.616667e+01	-6.049204e-02	4.471212e+00
4.620000e+01	-6.750410e-02	4.437840e+00
4.623333e+01	-7.315877e-02	4.410929e+00
4.626667e+01	-7.258333e-02	4.413668e+00
4.630000e+01	-6.508817e-02	4.449338e+00
4.633333e+01	-5.561937e-02	4.494401e+00
4.636667e+01	-5.014122e-02	4.520472e+00
4.640000e+01	-5.040753e-02	4.519205e+00
4.643333e+01	-5.362386e-02	4.503898e+00
4.646667e+01	-5.605551e-02	4.492325e+00
4.650000e+01	-5.616813e-02	4.491789e+00
4.653333e+01	-5.487352e-02	4.497951e+00
4.656667e+01	-5.379025e-02	4.503106e+00
4.660000e+01	-5.368163e-02	4.503623e+00
4.663333e+01	-5.422005e-02	4.501061e+00
4.666667e+01	-5.470689e-02	4.498744e+00
4.670000e+01	-5.477976e-02	4.498397e+00
4.673333e+01	-5.455605e-02	4.499461e+00
4.676667e+01	-5.411453e-02	4.501563e+00
4.680000e+01	-5.258972e-02	4.508819e+00
4.683333e+01	-4.836880e-02	4.528907e+00
4.686667e+01	-4.131354e-02	4.562484e+00
4.690000e+01	-3.393594e-02	4.597595e+00
4.693333e+01	-2.837526e-02	4.624058e+00
4.696667e+01	-2.283987e-02	4.650402e+00
47	-1.366723e-02	4.694055e+00
4.703333e+01	-1.045960e-03	4.754121e+00
4.706667e+01	1.009928e-02	4.807163e+00
4.710000e+01	1.600586e-02	4.835273e+00
4.713333e+01	1.846817e-02	4.846991e+00
4.716667e+01	2.169494e-02	4.862348e+00
4.720000e+01	2.674591e-02	4.886386e+00
4.723333e+01	3.108469e-02	4.907034e+00
4.726667e+01	3.239934e-02	4.913291e+00
4.730000e+01	3.106829e-02	4.906956e+00
4.733333e+01	2.921176e-02	4.898121e+00
4.736667e+01	2.846799e-02	4.894581e+00
4.740000e+01	2.893482e-02	4.896803e+00
4.743333e+01	2.973035e-02	4.900589e+00
4.746667e+01	3.009020e-02	4.902301e+00
4.750000e+01	2.991608e-02	4.901473e+00
4.753333e+01	2.957141e-02	4.899832e+00
4.756667e+01	2.940018e-02	4.899018e+00
4.760000e+01	2.946418e-02	4.899322e+00
4.763333e+01	2.939056e-02	4.898972e+00
4.766667e+01	2.798972e-02	4.892305e+00
4.770000e+01	2.365403e-02	4.871671e+00
4.773333e+01	1.643661e-02	4.837323e+00
4.776667e+01	9.220377e-03	4.802980e+00
4.780000e+01	5.409446e-03	4.784843e+00
4.783333e+01	5.740065e-03	4.786417e+00
4.786667e+01	8.063632e-03	4.797475e+00
4.790000e+01	9.533328e-03	4.804469e+00
4.793333e+01	8.095011e-03	4.797624e+00
4.796667e+01	2.857856e-03	4.772700e+00
48	-4.823613e-03	4.736143e+00
4.803333e+01	-1.058143e-02	4.708741e+00
4.806667e+01	-9.702290e-03	4.712925e+00
4.810000e+01	-1.908586e-03	4.750016e+00
4.813333e+01	7.620197e-03	4.795364e+00
4.816667e+01	1.275027e-02	4.819779e+00
4.820000e+01	1.086897e-02	4.810826e+00
4.823333e+01	3.306622e-03	4.774836e+00
4.826667e+01	-6.226875e-03	4.729465e+00
4.830000e+01	-1.345859e-02	4.695048e+00
4.833333e+01	-1.596506e-02	4.683120e+00
4.836667e+01	-1.459952e-02	4.689619e+00
4.840000e+01	-1.221116e-02	4.700985e+00
4.843333e+01	-1.106355e-02	4.706447e+00
4.846667e+01	-1.148694e-02	4.704432e+00
4.850000e+01	-1.246413e-02	4.699781e+00
4.853333e+01	-1.298799e-02	4.697288e+00
4.856667e+01	-1.283884e-02	4.697998e+00
4.860000e+01	-1.242021e-02	4.699990e+00
4.863333e+01	-1.217677e-02	4.701149e+00
4.866667e+01	-1.222667e-02	4.700911e+00
4.870000e+01	-1.240661e-02	4.700055e+00
4.873333e+01	-1.251968e-02	4.699517e+00
4.876667e+01	-1.250490e-02	4.699587e+00
4.880000e+01	-1.242791e-02	4.699953e+00
4.883333e+01	-1.237571e-02	4.700202e+00
4.886667e+01	-1.237902e-02	4.700186e+00
4.890000e+01	-1.241179e-02	4.700030e+00
4.893333e+01	-1.243573e-02	4.699916e+00
4.896667e+01	-1.243568e-02	4.699917e+00
49	-1.242181e-02	4.699983e+00
4.903333e+01	-1.241090e-02	4.700034e+00
4.906667e+01	-1.241030e-02	4.700037e+00
4.910000e+01	-1.241614e-02	4.700010e+00
4.913333e+01	-1.242108e-02	4.699986e+00
4.916667e+01	-1.242161e-02	4.699983e+00
4.920000e+01	-1.241918e-02	4.699995e+00
4.923333e+01	-1.241694e-02	4.700006e+00
4.926667e+01	-1.241659e-02	4.700007e+00
4.930000e+01	-1.241761e-02	4.700003e+00
4.933333e+01	-1.241861e-02	4.699998e+00
4.936667e+01	-1.241881e-02	4.699997e+00
4.940000e+01	-1.241840e-02	4.699999e+00
4.943333e+01	-1.241795e-02	4.700001e+00
4.946667e+01	-1.241784e-02	4.700001e+00
4.950000e+01	-1.241801e-02	4.700001e+00
4.953333e+01	-1.241821e-02	4.700000e+00
4.956667e+01	-1.241826e-02	4.699999e+00
4.960000e+01	-1.241820e-02	4.700000e+00
4.963333e+01	-1.241811e-02	4.700000e+00
4.966667e+01	-1.241808e-02	4.700000e+00
4.970000e+01	-1.241810e-02	4.700000e+00
4.973333e+01	-1.241814e-02	4.700000e+00
4.976667e+01	-1.241816e-02	4.700000e+00
4.980000e+01	-1.241815e-02	4.700000e+00
4.983333e+01	-1.241813e-02	4.700000e+00
4.986667e+01	-1.241812e-02	4.700000e+00
4.990000e+01	-1.241813e-02	4.700000e+00
4.993333e+01	-1.241814e-02	4.700000e+00
4.996667e+01	-1.219516e-02	4.701061e+00
50	-1.071348e-02	4.708113e+00
5.003333e+01	-6.400306e-03	4.728639e+00
5.006667e+01	7.526394e-04	4.762681e+00
5.010000e+01	7.931024e-03	4.796844e+00
5.013333e+01	1.174935e-02	4.815015e+00
5.016667e+01	1.144643e-02	4.813574e+00
5.020000e+01	9.140443e-03	4.802599e+00
5.023333e+01	7.445630e-03	4.794534e+00
5.026667e+01	7.390425e-03	4.794271e+00
5.030000e+01	8.306306e-03	4.798630e+00
5.033333e+01	9.058258e-03	4.802208e+00
5.036667e+01	9.124402e-03	4.802523e+00
5.040000e+01	8.743820e-03	4.800712e+00
5.043333e+01	8.406000e-03	4.799104e+00
5.046667e+01	8.359459e-03	4.798883e+00
5.050000e+01	8.517858e-03	4.799636e+00
5.053333e+01	8.669653e-03	4.800359e+00
5.056667e+01	8.697865e-03	4.800493e+00
5.060000e+01	8.632418e-03	4.800182e+00
5.063333e+01	8.564490e-03	4.799858e+00
5.066667e+01	8.548717e-03	4.799783e+00
5.070000e+01	8.798503e-03	4.800972e+00
5.073333e+01	1.031044e-02	4.808168e+00
5.076667e+01	1.463199e-02	4.828734e+00
5.080000e+01	2.177407e-02	4.862724e+00
5.083333e+01	2.893903e-02	4.896823e+00
5.086667e+01	3.275306e-02	4.914974e+00
5.090000e+01	3.223151e-02	4.912492e+00
5.093333e+01	2.844977e-02	4.894494e+00
5.096667e+01	2.244394e-02	4.865912e+00
51	1.545706e-02	4.832661e+00
5.103333e+01	1.045064e-02	4.808835e+00
5.106667e+01	1.021470e-02	4.807712e+00
5.110000e+01	1.342421e-02	4.822986e+00
5.113333e+01	1.537619e-02	4.832276e+00
5.116667e+01	1.337364e-02	4.822746e+00
5.120000e+01	9.260806e-03	4.803172e+00
5.123333e+01	6.499758e-03	4.790032e+00
5.126667e+01	6.510528e-03	4.790083e+00
5.130000e+01	8.112300e-03	4.797706e+00
5.133333e+01	9.398735e-03	4.803829e+00
5.136667e+01	9.504816e-03	4.804333e+00
5.140000e+01	8.849741e-03	4.801216e+00
5.143333e+01	8.271329e-03	4.798463e+00
5.146667e+01	8.192499e-03	4.798088e+00
5.150000e+01	8.463961e-03	4.799380e+00
5.153333e+01	8.723519e-03	4.800615e+00
5.156667e+01	8.771451e-03	4.800843e+00
5.160000e+01	8.659332e-03	4.800310e+00
5.163333e+01	8.543207e-03	4.799757e+00
5.166667e+01	8.516380e-03	4.799629e+00
5.170000e+01	8.562309e-03	4.799848e+00
5.173333e+01	8.614040e-03	4.800094e+00
5.176667e+01	8.628314e-03	4.800162e+00
5.180000e+01	8.609685e-03	4.800073e+00
5.183333e+01	8.586742e-03	4.799964e+00
5.186667e+01	8.579407e-03	4.799929e+00
5.190000e+01	8.586875e-03	4.799965e+00
5.193333e+01	8.597005e-03	4.800013e+00
5.196667e+01	8.600681e-03	4.800031e+00
52	8.597729e-03	4.800017e+00
5.203333e+01	8.593276e-03	4.799995e+00
5.206667e+01	8.591468e-03	4.799987e+00
5.210000e+01	8.815597e-03	4.801053e+00
5.213333e+01	1.029923e-02	4.808114e+00
5.216667e+01	1.461327e-02	4.828645e+00
5.220000e+01	2.176578e-02	4.862685e+00
5.223333e+01	2.894331e-02	4.896843e+00
5.226667e+01	3.276122e-02	4.915013e+00
5.230000e+01	3.245846e-02	4.913572e+00
5.233333e+01	2.992986e-02	4.901538e+00
5.236667e+01	2.675357e-02	4.886422e+00
5.240000e+01	2.238514e-02	4.865632e+00
5.243333e+01	1.592493e-02	4.834887e+00
5.246667e+01	8.016730e-03	4.797252e+00
5.250000e+01	-4.860231e-05	4.758868e+00
5.253333e+01	-7.279141e-03	4.724457e+00
5.256667e+01	-1.248932e-02	4.699661e+00
5.260000e+01	-1.488236e-02	4.688273e+00
5.263333e+01	-1.584754e-02	4.683679e+00
5.266667e+01	-1.861883e-02	4.670490e+00
5.270000e+01	-2.480070e-02	4.641070e+00
5.273333e+01	-3.205546e-02	4.606544e+00
5.276667e+01	-3.647700e-02	4.585501e+00
5.280000e+01	-3.660399e-02	4.584897e+00
5.283333e+01	-3.429080e-02	4.595906e+00
5.286667e+01	-3.234355e-02	4.605173e+00
5.290000e+01	-3.209394e-02	4.606361e+00
5.293333e+01	-3.300236e-02	4.602038e+00
5.296667e+01	-3.386068e-02	4.597953e+00
53	-3.379201e-02	4.598280e+00
5.303333e+01	-3.193784e-02	4.607104e+00
5.306667e+01	-2.724228e-02	4.629450e+00
5.310000e+01	-2.000297e-02	4.663903e+00
5.313333e+01	-1.275434e-02	4.698400e+00
5.316667e+01	-7.624664e-03	4.722813e+00
5.320000e+01	-3.660527e-03	4.741678e+00
5.323333e+01	1.248466e-03	4.765041e+00
5.326667e+01	6.807617e-03	4.791497e+00
5.330000e+01	1.059452e-02	4.809519e+00
5.333333e+01	1.118257e-02	4.812318e+00
5.336667e+01	9.595148e-03	4.804763e+00
5.340000e+01	7.954529e-03	4.796956e+00
5.343333e+01	7.528608e-03	4.794929e+00
5.346667e+01	8.121354e-03	4.797749e+00
5.350000e+01	8.832652e-03	4.801135e+00
5.353333e+01	9.053352e-03	4.802185e+00
5.356667e+01	8.818134e-03	4.801066e+00
5.360000e+01	8.505672e-03	4.799578e+00
5.363333e+01	8.618130e-03	4.800114e+00
5.366667e+01	1.019308e-02	4.807609e+00
5.370000e+01	1.464364e-02	4.828790e+00
5.373333e+01	2.185106e-02	4.863090e+00
5.376667e+01	2.877005e-02	4.896019e+00
5.380000e+01	3.104651e-02	4.906853e+00
5.383333e+01	2.640398e-02	4.884758e+00
5.386667e+01	1.695896e-02	4.839808e+00
5.390000e+01	8.112016e-03	4.797705e+00
5.393333e+01	4.251159e-03	4.779331e+00
5.396667e+01	5.464786e-03	4.785107e+00
54	8.511325e-03	4.799605e+00
5.403333e+01	1.026628e-02	4.807957e+00
5.406667e+01	9.942747e-03	4.806418e+00
5.410000e+01	8.693975e-03	4.800475e+00
5.413333e+01	7.898303e-03	4.796688e+00
5.416667e+01	7.989934e-03	4.797124e+00
5.420000e+01	8.520190e-03	4.799648e+00
5.423333e+01	8.884909e-03	4.801383e+00
5.426667e+01	8.851327e-03	4.801223e+00
5.430000e+01	8.512264e-03	4.799610e+00
5.433333e+01	7.944115e-03	4.796906e+00
5.436667e+01	7.064610e-03	4.792720e+00
5.440000e+01	5.803318e-03	4.786718e+00
5.443333e+01	4.268186e-03	4.779412e+00
5.446667e+01	2.682122e-03	4.771864e+00
5.450000e+01	1.204826e-03	4.764833e+00
5.453333e+01	-1.538620e-04	4.758367e+00
5.456667e+01	-1.478455e-03	4.752063e+00
5.460000e+01	-2.843361e-03	4.745567e+00
5.463333e+01	-4.259604e-03	4.738827e+00
5.466667e+01	-5.693194e-03	4.732005e+00
5.470000e+01	-7.096056e-03	4.725328e+00
5.473333e+01	-8.392511e-03	4.719158e+00
5.476667e+01	-9.476758e-03	4.713998e+00
5.480000e+01	-1.007102e-02	4.711170e+00
5.483333e+01	-9.211119e-03	4.715263e+00
5.486667e+01	-5.459819e-03	4.733115e+00
5.490000e+01	1.148148e-03	4.764563e+00
5.493333e+01	7.905186e-03	4.796721e+00
5.496667e+01	1.132575e-02	4.813000e+00
55	9.595798e-03	4.804766e+00
5.503333e+01	3.114701e-03	4.773922e+00
5.506667e+01	-5.874292e-03	4.731143e+00
5.510000e+01	-1.460146e-02	4.689609e+00
5.513333e+01	-2.187254e-02	4.655006e+00
5.516667e+01	-2.800745e-02	4.625809e+00
5.520000e+01	-3.303387e-02	4.601888e+00
5.523333e+01	-3.699625e-02	4.583030e+00
5.526667e+01	-4.127232e-02	4.562680e+00
5.530000e+01	-4.730495e-02	4.533970e+00
5.533333e+01	-5.487367e-02	4.497950e+00
5.536667e+01	-6.287196e-02	4.459885e+00
5.540000e+01	-7.022939e-02	4.424871e+00
5.543333e+01	-7.557719e-02	4.399420e+00
5.546667e+01	-7.778476e-02	4.388914e+00
5.550000e+01	-7.699691e-02	4.392663e+00
5.553333e+01	-7.391405e-02	4.407335e+00
5.556667e+01	-6.861100e-02	4.432573e+00
5.560000e+01	-6.155379e-02	4.466159e+00
5.563333e+01	-5.500471e-02	4.497326e+00
5.566667e+01	-5.162567e-02	4.513407e+00
5.570000e+01	-5.169074e-02	4.513098e+00
5.573333e+01	-5.225114e-02	4.510431e+00
5.576667e+01	-4.943376e-02	4.523839e+00
5.580000e+01	-4.233155e-02	4.557639e+00
5.583333e+01	-3.434867e-02	4.595630e+00
5.586667e+01	-2.964582e-02	4.618012e+00
5.590000e+01	-2.840786e-02	4.623903e+00
5.593333e+01	-2.673451e-02	4.631867e+00
5.596667e+01	-2.157330e-02	4.656430e+00
56	-1.449142e-02	4.690133e+00
5.603333e+01	-9.618301e-03	4.713325e+00
5.606667e+01	-9.035878e-03	4.716096e+00
5.610000e+01	-1.125077e-02	4.705556e+00
5.613333e+01	-1.338355e-02	4.695405e+00
5.616667e+01	-1.383626e-02	4.693251e+00
5.620000e+01	-1.298085e-02	4.697322e+00
5.623333e+01	-1.204700e-02	4.701766e+00
5.626667e+01	-1.180248e-02	4.702930e+00
5.630000e+01	-1.237043e-02	4.700227e+00
5.633333e+01	-1.426490e-02	4.691211e+00
5.636667e+01	-1.870433e-02	4.670083e+00
5.640000e+01	-2.571844e-02	4.636703e+00
5.643333e+01	-3.271441e-02	4.603408e+00
5.646667e+01	-3.646906e-02	4.585539e+00
5.650000e+01	-3.622131e-02	4.586718e+00
5.653333e+01	-3.399562e-02	4.597311e+00
5.656667e+01	-3.233229e-02	4.605227e+00
5.660000e+01	-3.225552e-02	4.605592e+00
5.663333e+01	-3.313620e-02	4.601401e+00
5.666667e+01	-3.387284e-02	4.597895e+00
5.670000e+01	-3.394725e-02	4.597541e+00
5.673333e+01	-3.358203e-02	4.599279e+00
5.676667e+01	-3.325155e-02	4.600852e+00
5.680000e+01	-3.320193e-02	4.601088e+00
5.683333e+01	-3.335366e-02	4.600366e+00
5.686667e+01	-3.350197e-02	4.599660e+00
5.690000e+01	-3.353128e-02	4.599520e+00
5.693333e+01	-3.346872e-02	4.599818e+00
5.696667e+01	-3.340243e-02	4.600134e+00
57	-3.338629e-02	4.600210e+00
5.703333e+01	-3.341185e-02	4.600089e+00
5.706667e+01	-3.344134e-02	4.599948e+00
5.710000e+01	-3.344984e-02	4.599908e+00
5.713333e+01	-3.343951e-02	4.599957e+00
5.716667e+01	-3.342644e-02	4.600019e+00
5.720000e+01	-3.342211e-02	4.600040e+00
5.723333e+01	-3.342623e-02	4.600020e+00
5.726667e+01	-3.343200e-02	4.599993e+00
5.730000e+01	-3.343416e-02	4.599983e+00
5.733333e+01	-3.343253e-02	4.599990e+00
5.736667e+01	-3.343000e-02	4.600002e+00
5.740000e+01	-3.339921e-02	4.600149e+00
5.743333e+01	-3.317255e-02	4.601228e+00
5.746667e+01	-3.237128e-02	4.605041e+00
5.750000e+01	-3.061569e-02	4.613396e+00
5.753333e+01	-2.790223e-02	4.626310e+00
5.756667e+01	-2.467942e-02	4.641647e+00
5.760000e+01	-2.149723e-02	4.656792e+00
5.763333e+01	-1.862284e-02	4.670471e+00
5.766667e+01	-1.597455e-02	4.683075e+00
5.770000e+01	-1.333352e-02	4.695644e+00
5.773333e+01	-1.057023e-02	4.708794e+00
5.776667e+01	-7.706626e-03	4.722423e+00
5.780000e+01	-4.834234e-03	4.736093e+00
5.783333e+01	-2.012650e-03	4.749521e+00
5.786667e+01	7.638628e-04	4.762734e+00
5.790000e+01	3.504453e-03	4.775777e+00
5.793333e+01	6.068633e-03	4.787980e+00
5.796667e+01	8.300959e-03	4.798604e+00
58	1.084201e-02	4.810697e+00
5.803333e+01	1.524870e-02	4.831669e+00
5.806667e+01	2.197699e-02	4.863690e+00
5.810000e+01	2.876901e-02	4.896014e+00
5.813333e+01	3.251201e-02	4.913827e+00
5.816667e+01	3.236378e-02	4.913122e+00
5.820000e+01	3.022096e-02	4.902924e+00
5.823333e+01	2.834276e-02	4.893985e+00
5.826667e+01	2.674343e-02	4.886374e+00
5.830000e+01	2.327430e-02	4.869864e+00
5.833333e+01	1.685279e-02	4.839303e+00
5.836667e+01	9.765859e-03	4.805576e+00
5.840000e+01	5.598757e-03	4.785744e+00
5.843333e+01	5.574312e-03	4.785628e+00
5.846667e+01	7.823630e-03	4.796333e+00
5.850000e+01	9.439828e-03	4.804024e+00
5.853333e+01	8.159932e-03	4.797933e+00
5.856667e+01	2.963089e-03	4.773201e+00
5.860000e+01	-5.001091e-03	4.735298e+00
5.863333e+01	-1.231099e-02	4.700510e+00
5.866667e+01	-1.576606e-02	4.684067e+00
5.870000e+01	-1.510121e-02	4.687231e+00
5.873333e+01	-1.249667e-02	4.699626e+00
5.876667e+01	-9.469611e-03	4.714032e+00
5.880000e+01	-5.262729e-03	4.734053e+00
5.883333e+01	9.332923e-04	4.763541e+00
5.886667e+01	7.420652e-03	4.794415e+00
5.890000e+01	1.146759e-02	4.813675e+00
5.893333e+01	1.304835e-02	4.821198e+00
5.896667e+01	1.536878e-02	4.832241e+00
59	2.106467e-02	4.859348e+00
5.903333e+01	2.950028e-02	4.899494e+00
5.906667e+01	3.840564e-02	4.941875e+00
5.910000e+01	4.599340e-02	4.977986e+00
5.913333e+01	5.100277e-02	5.001826e+00
5.916667e+01	5.280979e-02	5.010426e+00
5.920000e+01	5.212349e-02	5.007160e+00
5.923333e+01	5.065741e-02	5.000183e+00
5.926667e+01	4.984416e-02	4.996312e+00
5.930000e+01	5.000119e-02	4.997060e+00
5.933333e+01	5.057684e-02	4.999799e+00
5.936667e+01	5.093839e-02	5.001520e+00
5.940000e+01	5.089320e-02	5.001305e+00
5.943333e+01	5.065029e-02	5.000149e+00
5.946667e+01	5.048534e-02	4.999364e+00
5.950000e+01	5.049562e-02	4.999413e+00
5.953333e+01	5.037598e-02	4.998843e+00
5.956667e+01	4.919282e-02	4.993213e+00
5.960000e+01	4.636119e-02	4.979737e+00
5.963333e+01	4.347767e-02	4.966014e+00
5.966667e+01	4.341779e-02	4.965729e+00
5.970000e+01	4.677597e-02	4.981711e+00
5.973333e+01	5.113860e-02	5.002473e+00
5.976667e+01	5.463896e-02	5.019131e+00
5.980000e+01	5.834263e-02	5.036757e+00
5.983333e+01	6.384827e-02	5.062959e+00
5.986667e+01	7.004853e-02	5.092467e+00
5.990000e+01	7.402968e-02	5.111414e+00
5.993333e+01	7.441576e-02	5.113251e+00
5.996667e+01	7.255966e-02	5.104418e+00
60	7.082273e-02	5.096152e+00
6.003333e+01	7.047493e-02	5.094496e+00
6.006667e+01	7.096148e-02	5.096812e+00
6.010000e+01	7.023800e-02	5.093369e+00
6.013333e+01	6.611510e-02	5.073747e+00
6.016667e+01	5.867586e-02	5.038343e+00
6.020000e+01	5.071636e-02	5.000463e+00
6.023333e+01	4.383576e-02	4.967718e+00
6.026667e+01	3.562789e-02	4.928656e+00
6.030000e+01	2.377624e-02	4.872253e+00
6.033333e+01	1.116445e-02	4.812232e+00
6.036667e+01	3.536931e-03	4.775932e+00
6.040000e+01	3.161554e-03	4.774145e+00
6.043333e+01	7.024531e-03	4.792530e+00
6.046667e+01	1.057919e-02	4.809447e+00
6.050000e+01	1.185107e-02	4.815500e+00
6.053333e+01	1.201564e-02	4.816283e+00
6.056667e+01	1.309496e-02	4.821419e+00
6.060000e+01	1.581268e-02	4.834353e+00
6.063333e+01	1.939927e-02	4.851422e+00
6.066667e+01	2.274413e-02	4.867341e+00
6.070000e+01	2.539108e-02	4.879938e+00
6.073333e+01	2.762107e-02	4.890551e+00
6.076667e+01	2.992285e-02	4.901505e+00
6.080000e+01	3.252182e-02	4.913874e+00
6.083333e+01	3.531396e-02	4.927162e+00
6.086667e+01	3.808700e-02	4.940359e+00
6.090000e+01	4.073345e-02	4.952954e+00
6.093333e+01	4.329107e-02	4.965126e+00
6.096667e+01	4.582388e-02	4.977180e+00
61	4.844819e-02	4.989669e+00
6.103333e+01	5.183267e-02	5.005776e+00
6.106667e+01	5.715552e-02	5.031108e+00
6.110000e+01	6.462115e-02	5.066638e+00
6.113333e+01	7.287516e-02	5.105919e+00
6.116667e+01	8.019103e-02	5.140736e+00
6.120000e+01	8.400581e-02	5.158891e+00
6.123333e+01	8.040018e-02	5.141732e+00
6.126667e+01	6.837411e-02	5.084498e+00
6.130000e+01	5.369707e-02	5.014649e+00
6.133333e+01	4.461040e-02	4.971404e+00
6.136667e+01	4.398156e-02	4.968412e+00
6.140000e+01	4.710316e-02	4.983268e+00
6.143333e+01	4.673920e-02	4.981536e+00
6.146667e+01	4.014128e-02	4.950135e+00
6.150000e+01	3.116075e-02	4.907396e+00
6.153333e+01	2.560661e-02	4.880964e+00
6.156667e+01	2.557777e-02	4.880826e+00
6.160000e+01	2.862160e-02	4.895312e+00
6.163333e+01	3.108884e-02	4.907054e+00
6.166667e+01	3.132690e-02	4.908187e+00
6.170000e+01	3.010911e-02	4.902391e+00
6.173333e+01	2.901344e-02	4.897177e+00
6.176667e+01	2.885062e-02	4.896402e+00
6.180000e+01	2.935352e-02	4.898795e+00
6.183333e+01	2.984369e-02	4.901128e+00
6.186667e+01	3.016273e-02	4.902647e+00
6.190000e+01	3.143704e-02	4.908711e+00
6.193333e+01	3.553118e-02	4.928196e+00
6.196667e+01	4.285414e-02	4.963046e+00
62	5.159897e-02	5.004664e+00
6.203333e+01	6.005092e-02	5.044887e+00
6.206667e+01	6.841054e-02	5.084672e+00
6.210000e+01	7.756181e-02	5.128223e+00
6.213333e+01	8.679508e-02	5.172166e+00
6.216667e+01	9.360110e-02	5.204556e+00
6.220000e+01	9.604302e-02	5.216177e+00
6.223333e+01	9.481629e-02	5.210339e+00
6.226667e+01	9.252835e-02	5.199451e+00
6.230000e+01	9.136343e-02	5.193907e+00
6.233333e+01	9.171400e-02	5.195575e+00
6.236667e+01	9.264600e-02	5.200011e+00
6.240000e+01	9.317786e-02	5.202542e+00
6.243333e+01	9.306163e-02	5.201989e+00
6.246667e+01	9.266440e-02	5.200098e+00
6.250000e+01	9.219576e-02	5.197868e+00
6.253333e+01	9.074982e-02	5.190987e+00
6.256667e+01	8.660669e-02	5.171269e+00
6.260000e+01	7.956719e-02	5.137767e+00
6.263333e+01	7.238003e-02	5.103563e+00
6.266667e+01	6.848925e-02	5.085046e+00
6.270000e+01	6.874007e-02	5.086240e+00
6.273333e+01	7.126981e-02	5.098279e+00
6.276667e+01	7.447701e-02	5.113543e+00
6.280000e+01	7.886916e-02	5.134445e+00
6.283333e+01	8.510724e-02	5.164133e+00
6.286667e+01	9.152074e-02	5.194655e+00
6.290000e+01	9.526213e-02	5.212461e+00
6.293333e+01	9.556173e-02	5.213887e+00
6.296667e+01	9.508066e-02	5.211597e+00
63	9.775043e-02	5.224303e+00
6.303333e+01	1.046905e-01	5.257332e+00
6.306667e+01	1.126307e-01	5.295120e+00
6.310000e+01	1.171706e-01	5.316726e+00
6.313333e+01	1.169988e-01	5.315908e+00
6.316667e+01	1.146041e-01	5.304511e+00
6.320000e+01	1.140699e-01	5.301969e+00
6.323333e+01	1.182547e-01	5.321885e+00
6.326667e+01	1.264513e-01	5.360894e+00
6.330000e+01	1.345246e-01	5.399315e+00
6.333333e+01	1.384481e-01	5.417987e+00
6.336667e+01	1.377127e-01	5.414487e+00
6.340000e+01	1.347825e-01	5.400542e+00
6.343333e+01	1.315394e-01	5.385108e+00
6.346667e+01	1.271272e-01	5.364110e+00
6.350000e+01	1.195883e-01	5.328232e+00
6.353333e+01	1.088870e-01	5.277303e+00
6.356667e+01	9.790818e-02	5.225054e+00
6.360000e+01	9.057188e-02	5.190140e+00
6.363333e+01	8.870099e-02	5.181236e+00
6.366667e+01	9.045921e-02	5.189604e+00
6.370000e+01	9.153278e-02	5.194713e+00
6.373333e+01	8.816113e-02	5.178667e+00
6.376667e+01	8.032756e-02	5.141386e+00
6.380000e+01	7.208593e-02	5.102163e+00
6.383333e+01	6.782285e-02	5.081875e+00
6.386667e+01	6.838648e-02	5.084557e+00
6.390000e+01	7.115334e-02	5.097725e+00
6.393333e+01	7.306053e-02	5.106801e+00
6.396667e+01	7.301699e-02	5.106594e+00
64	7.190058e-02	5.101281e+00
6.403333e+01	7.104755e-02	5.097221e+00
6.406667e+01	7.101754e-02	5.097079e+00
6.410000e+01	7.148502e-02	5.099303e+00
6.413333e+01	7.187052e-02	5.101138e+00
6.416667e+01	7.190446e-02	5.101300e+00
6.420000e+01	7.170858e-02	5.100367e+00
6.423333e+01	7.153449e-02	5.099539e+00
6.426667e+01	7.128737e-02	5.098363e+00
6.430000e+01	6.988723e-02	5.091699e+00
6.433333e+01	6.565233e-02	5.071545e+00
6.436667e+01	5.851402e-02	5.037573e+00
6.440000e+01	5.130196e-02	5.003250e+00
6.443333e+01	4.722563e-02	4.983851e+00
6.446667e+01	4.626168e-02	4.979263e+00
6.450000e+01	4.574997e-02	4.976828e+00
6.453333e+01	4.462060e-02	4.971453e+00
6.456667e+01	4.487769e-02	4.972676e+00
6.460000e+01	4.879795e-02	4.991333e+00
6.463333e+01	5.647350e-02	5.027862e+00
6.466667e+01	6.556114e-02	5.071111e+00
6.470000e+01	7.251117e-02	5.104187e+00
6.473333e+01	7.503076e-02	5.116178e+00
6.476667e+01	7.380442e-02	5.110342e+00
6.480000e+01	7.150307e-02	5.099389e+00
6.483333e+01	7.034093e-02	5.093859e+00
6.486667e+01	7.070369e-02	5.095585e+00
6.490000e+01	7.164260e-02	5.100053e+00
6.493333e+01	7.217179e-02	5.102572e+00
6.496667e+01	7.204903e-02	5.101988e+00
65	7.164812e-02	5.100080e+00
6.503333e+01	7.140337e-02	5.098915e+00
6.506667e+01	7.144198e-02	5.099099e+00
6.510000e+01	7.161377e-02	5.099916e+00
6.513333e+01	7.172694e-02	5.100455e+00
6.516667e+01	7.171694e-02	5.100407e+00
6.520000e+01	7.164367e-02	5.100058e+00
6.523333e+01	7.159164e-02	5.099811e+00
6.526667e+01	7.203890e-02	5.101939e+00
6.530000e+01	7.503334e-02	5.116190e+00
6.533333e+01	8.368344e-02	5.157357e+00
6.536667e+01	9.776714e-02	5.224383e+00
6.540000e+01	1.106291e-01	5.285594e+00
6.543333e+01	1.137188e-01	5.300298e+00
6.546667e+01	1.044774e-01	5.256318e+00
6.550000e+01	8.837939e-02	5.179705e+00
6.553333e+01	7.380039e-02	5.110323e+00
6.556667e+01	6.533351e-02	5.070028e+00
6.560000e+01	6.133748e-02	5.051010e+00
6.563333e+01	5.768398e-02	5.033623e+00
6.566667e+01	5.299867e-02	5.011325e+00
6.570000e+01	4.919906e-02	4.993242e+00
6.573333e+01	4.813057e-02	4.988157e+00
6.576667e+01	4.936168e-02	4.994016e+00
6.580000e+01	5.100153e-02	5.001820e+00
6.583333e+01	5.163157e-02	5.004819e+00
6.586667e+01	5.119911e-02	5.002761e+00
6.590000e+01	5.049584e-02	4.999414e+00
6.593333e+01	5.018878e-02	4.997953e+00
6.596667e+01	5.057425e-02	4.999787e+00
66	5.236095e-02	5.008290e+00
6.603333e+01	5.682080e-02	5.029515e+00
6.606667e+01	6.391330e-02	5.063269e+00
6.610000e+01	7.095931e-02	5.096801e+00
6.613333e+01	7.470814e-02	5.114643e+00
6.616667e+01	7.442688e-02	5.113304e+00
6.620000e+01	7.217813e-02	5.102602e+00
6.623333e+01	7.051596e-02	5.094692e+00
6.626667e+01	7.045343e-02	5.094394e+00
6.630000e+01	7.156766e-02	5.099697e+00
6.633333e+01	7.378608e-02	5.110254e+00
6.636667e+01	7.816764e-02	5.131107e+00
6.640000e+01	8.495055e-02	5.163387e+00
6.643333e+01	9.179814e-02	5.195976e+00
6.646667e+01	9.534640e-02	5.212862e+00
6.650000e+01	9.371570e-02	5.205101e+00
6.653333e+01	8.724511e-02	5.174307e+00
6.656667e+01	7.820264e-02	5.131273e+00
6.660000e+01	6.942383e-02	5.089494e+00
6.663333e+01	6.214176e-02	5.054838e+00
6.666667e+01	5.602798e-02	5.025742e+00
6.670000e+01	5.124772e-02	5.002992e+00
6.673333e+01	4.877322e-02	4.991216e+00
6.676667e+01	4.880184e-02	4.991352e+00
6.680000e+01	5.013487e-02	4.997696e+00
6.683333e+01	5.122302e-02	5.002875e+00
6.686667e+01	5.135961e-02	5.003525e+00
6.690000e+01	5.107972e-02	5.002193e+00
6.693333e+01	5.208761e-02	5.006989e+00
6.696667e+01	5.631538e-02	5.027110e+00
67	6.367307e-02	5.062126e+00
6.703333e+01	7.106174e-02	5.097289e+00
6.706667e+01	7.515059e-02	5.116748e+00
6.710000e+01	7.624543e-02	5.121959e+00
6.713333e+01	7.815898e-02	5.131065e+00
6.716667e+01	8.381474e-02	5.157982e+00
6.720000e+01	9.245370e-02	5.199095e+00
6.723333e+01	1.013196e-01	5.241289e+00
6.726667e+01	1.072300e-01	5.269417e+00
6.730000e+01	1.063600e-01	5.265277e+00
6.733333e+01	9.661849e-02	5.218916e+00
6.736667e+01	8.158465e-02	5.147369e+00
6.740000e+01	6.915672e-02	5.088223e+00
6.743333e+01	6.486492e-02	5.067798e+00
6.746667e+01	6.763979e-02	5.081004e+00
6.750000e+01	7.220199e-02	5.102716e+00
6.753333e+01	7.429716e-02	5.112687e+00
6.756667e+01	7.316361e-02	5.107292e+00
6.760000e+01	6.977695e-02	5.091175e+00
6.763333e+01	6.448800e-02	5.066004e+00
6.766667e+01	5.766218e-02	5.033519e+00
6.770000e+01	5.130323e-02	5.003256e+00
6.773333e+01	4.794160e-02	4.987258e+00
6.776667e+01	4.813132e-02	4.988161e+00
6.780000e+01	5.008427e-02	4.997455e+00
6.783333e+01	5.156606e-02	5.004507e+00
6.786667e+01	5.165720e-02	5.004941e+00
6.790000e+01	5.089275e-02	5.001303e+00
6.793333e+01	5.023949e-02	4.998194e+00
6.796667e+01	4.994073e-02	4.996772e+00
68	4.877501e-02	4.991224e+00
6.803333e+01	4.475425e-02	4.972089e+00
6.806667e+01	3.764936e-02	4.938276e+00
6.810000e+01	3.034000e-02	4.903490e+00
6.813333e+01	2.639065e-02	4.884695e+00
6.816667e+01	2.666589e-02	4.886005e+00
6.820000e+01	2.902575e-02	4.897236e+00
6.823333e+01	3.077905e-02	4.905580e+00
6.826667e+01	3.084926e-02	4.905914e+00
6.830000e+01	2.991144e-02	4.901451e+00
6.833333e+01	2.913349e-02	4.897748e+00
6.836667e+01	2.905953e-02	4.897396e+00
6.840000e+01	2.944896e-02	4.899250e+00
6.843333e+01	2.979827e-02	4.900912e+00
6.846667e+01	2.984877e-02	4.901152e+00
6.850000e+01	2.968686e-02	4.900382e+00
6.853333e+01	2.953000e-02	4.899635e+00
6.856667e+01	2.949982e-02	4.899492e+00
6.860000e+01	2.956665e-02	4.899810e+00
6.863333e+01	2.963680e-02	4.900144e+00
6.866667e+01	2.965353e-02	4.900223e+00
6.870000e+01	2.962619e-02	4.900093e+00
6.873333e+01	2.959496e-02	4.899945e+00
6.876667e+01	2.958612e-02	4.899902e+00
6.880000e+01	2.959719e-02	4.899955e+00
6.883333e+01	2.961103e-02	4.900021e+00
6.886667e+01	2.961555e-02	4.900042e+00
6.890000e+01	2.961112e-02	4.900021e+00
6.893333e+01	2.960502e-02	4.899992e+00
6.896667e+01	2.960276e-02	4.899982e+00
69	2.960450e-02	4.899990e+00
6.903333e+01	2.960719e-02	4.900003e+00
6.906667e+01	2.960829e-02	4.900008e+00
6.910000e+01	2.960762e-02	4.900005e+00
6.913333e+01	2.960645e-02	4.899999e+00
6.916667e+01	2.960591e-02	4.899997e+00
6.920000e+01	2.960617e-02	4.899998e+00
6.923333e+01	2.960668e-02	4.900000e+00
6.926667e+01	2.960693e-02	4.900001e+00
6.930000e+01	2.963307e-02	4.900126e+00
6.933333e+01	2.983340e-02	4.901079e+00
6.936667e+01	3.054126e-02	4.904448e+00
6.940000e+01	3.209079e-02	4.911822e+00
6.943333e+01	3.448491e-02	4.923216e+00
6.946667e+01	3.732820e-02	4.936748e+00
6.950000e+01	4.013578e-02	4.950109e+00
6.953333e+01	4.267204e-02	4.962180e+00
6.956667e+01	4.500893e-02	4.973301e+00
6.960000e+01	4.733935e-02	4.984392e+00
6.963333e+01	4.977754e-02	4.995995e+00
6.966667e+01	5.230419e-02	5.008020e+00
6.970000e+01	5.483860e-02	5.020081e+00
6.973333e+01	5.732824e-02	5.031930e+00
6.976667e+01	5.977813e-02	5.043589e+00
6.980000e+01	6.222255e-02	5.055222e+00
6.983333e+01	6.468561e-02	5.066944e+00
6.986667e+01	6.714030e-02	5.078626e+00
6.990000e+01	6.942398e-02	5.089495e+00
6.993333e+01	7.119254e-02	5.097911e+00
6.996667e+01	7.211158e-02	5.102285e+00
70	7.218425e-02	5.102631e+00
7.003333e+01	7.158788e-02	5.099793e+00
7.006667e+01	6.977200e-02	5.091151e+00
7.010000e+01	6.539692e-02	5.070330e+00
7.013333e+01	5.815719e-02	5.035875e+00
7.016667e+01	4.963824e-02	4.995332e+00
7.020000e+01	4.153960e-02	4.956790e+00
7.023333e+01	3.418851e-02	4.921806e+00
7.026667e+01	2.629058e-02	4.884219e+00
7.030000e+01	1.530059e-02	4.831916e+00
7.033333e+01	-3.294458e-04	4.757531e+00
7.036667e+01	-1.906340e-02	4.668375e+00
7.040000e+01	-3.721451e-02	4.581992e+00
7.043333e+01	-5.095992e-02	4.516576e+00
7.046667e+01	-5.789213e-02	4.483585e+00
7.050000e+01	-5.843645e-02	4.480994e+00
7.053333e+01	-5.573318e-02	4.493859e+00
7.056667e+01	-5.333661e-02	4.505265e+00
7.060000e+01	-5.290230e-02	4.507332e+00
7.063333e+01	-5.387832e-02	4.502687e+00
7.066667e+01	-5.488028e-02	4.497918e+00
7.070000e+01	-5.510765e-02	4.496836e+00
7.073333e+01	-5.471205e-02	4.498719e+00
7.076667e+01	-5.449376e-02	4.499758e+00
7.080000e+01	-5.585650e-02	4.493273e+00
7.083333e+01	-6.033075e-02	4.471979e+00
7.086667e+01	-6.767937e-02	4.437006e+00
7.090000e+01	-7.491899e-02	4.402552e+00
7.093333e+01	-7.867255e-02	4.384689e+00
7.096667e+01	-7.806017e-02	4.387603e+00
71	-7.424172e-02	4.405775e+00
7.103333e+01	-6.825941e-02	4.434246e+00
7.106667e+01	-6.108930e-02	4.468369e+00
7.110000e+01	-5.484198e-02	4.498101e+00
7.113333e+01	-5.176560e-02	4.512742e+00
7.116667e+01	-5.211800e-02	4.511064e+00
7.120000e+01	-5.403604e-02	4.501936e+00
7.123333e+01	-5.539685e-02	4.495460e+00
7.126667e+01	-5.541278e-02	4.495384e+00
7.130000e+01	-5.465882e-02	4.498972e+00
7.133333e+01	-5.405725e-02	4.501835e+00
7.136667e+01	-5.379318e-02	4.503092e+00
7.140000e+01	-5.262497e-02	4.508652e+00
7.143333e+01	-4.858220e-02	4.527892e+00
7.146667e+01	-4.146139e-02	4.561780e+00
7.150000e+01	-3.415219e-02	4.596565e+00
7.153333e+01	-3.021216e-02	4.615316e+00
7.156667e+01	-3.071764e-02	4.612911e+00
7.160000e+01	-3.455952e-02	4.594627e+00
7.163333e+01	-4.062206e-02	4.565775e+00
7.166667e+01	-4.784193e-02	4.531415e+00
7.170000e+01	-5.408216e-02	4.501717e+00
7.173333e+01	-5.712418e-02	4.487239e+00
7.176667e+01	-5.652581e-02	4.490087e+00
7.180000e+01	-5.312779e-02	4.506259e+00
7.183333e+01	-4.746844e-02	4.533192e+00
7.186667e+01	-4.031013e-02	4.567259e+00
7.190000e+01	-3.388557e-02	4.597834e+00
7.193333e+01	-3.066262e-02	4.613173e+00
7.196667e+01	-3.077883e-02	4.612620e+00
72	-3.128945e-02	4.610190e+00
7.203333e+01	-2.840331e-02	4.623925e+00
7.206667e+01	-2.127563e-02	4.657846e+00
7.210000e+01	-1.331239e-02	4.695744e+00
7.213333e+01	-8.862722e-03	4.716921e+00
7.216667e+01	-9.118926e-03	4.715701e+00
7.220000e+01	-1.197412e-02	4.702113e+00
7.223333e+01	-1.543432e-02	4.685646e+00
7.226667e+01	-1.983796e-02	4.664688e+00
7.230000e+01	-2.593899e-02	4.635653e+00
7.233333e+01	-3.223779e-02	4.605676e+00
7.236667e+01	-3.596790e-02	4.587924e+00
7.240000e+01	-3.610189e-02	4.587287e+00
7.243333e+01	-3.419091e-02	4.596381e+00
7.246667e+01	-3.239169e-02	4.604944e+00
7.250000e+01	-3.106839e-02	4.611242e+00
7.253333e+01	-2.864398e-02	4.622780e+00
7.256667e+01	-2.414520e-02	4.644190e+00
7.260000e+01	-1.924933e-02	4.667490e+00
7.263333e+01	-1.695028e-02	4.678431e+00
7.266667e+01	-1.860997e-02	4.670532e+00
7.270000e+01	-2.293712e-02	4.649939e+00
7.273333e+01	-2.752545e-02	4.628103e+00
7.276667e+01	-3.088953e-02	4.612093e+00
7.280000e+01	-3.313294e-02	4.601416e+00
7.283333e+01	-3.518018e-02	4.591673e+00
7.286667e+01	-3.771007e-02	4.579633e+00
7.290000e+01	-4.073170e-02	4.565253e+00
7.293333e+01	-4.386287e-02	4.550351e+00
7.296667e+01	-4.676729e-02	4.536529e+00
73	-4.925576e-02	4.524686e+00
7.303333e+01	-5.091753e-02	4.516778e+00
7.306667e+01	-5.061480e-02	4.518218e+00
7.310000e+01	-4.677493e-02	4.536493e+00
7.313333e+01	-3.873625e-02	4.574749e+00
7.316667e+01	-2.785222e-02	4.626548e+00
7.320000e+01	-1.730511e-02	4.676742e+00
7.323333e+01	-1.051510e-02	4.709057e+00
7.326667e+01	-9.064254e-03	4.715961e+00
7.330000e+01	-1.258337e-02	4.699214e+00
7.333333e+01	-2.068198e-02	4.660672e+00
7.336667e+01	-3.320825e-02	4.601058e+00
7.340000e+01	-4.840339e-02	4.528743e+00
7.343333e+01	-6.298307e-02	4.459356e+00
7.346667e+01	-7.473912e-02	4.403408e+00
7.350000e+01	-8.408200e-02	4.358945e+00
7.353333e+01	-9.294718e-02	4.316754e+00
7.356667e+01	-1.025740e-01	4.270939e+00
7.360000e+01	-1.120097e-01	4.226034e+00
7.363333e+01	-1.186784e-01	4.194297e+00
7.366667e+01	-1.208640e-01	4.183895e+00
7.370000e+01	-1.195008e-01	4.190383e+00
7.373333e+01	-1.172512e-01	4.201089e+00
7.376667e+01	-1.161964e-01	4.206109e+00
7.380000e+01	-1.166128e-01	4.204127e+00
7.383333e+01	-1.175335e-01	4.199746e+00
7.386667e+01	-1.180185e-01	4.197437e+00
7.390000e+01	-1.180948e-01	4.197074e+00
7.393333e+01	-1.191822e-01	4.191899e+00
7.396667e+01	-1.232697e-01	4.172446e+00
74	-1.304724e-01	4.138168e+00
7.403333e+01	-1.378203e-01	4.103199e+00
7.406667e+01	-1.415206e-01	4.085588e+00
7.410000e+01	-1.397209e-01	4.094154e+00
7.413333e+01	-1.330291e-01	4.126000e+00
7.416667e+01	-1.239098e-01	4.169400e+00
7.420000e+01	-1.149753e-01	4.211920e+00
7.423333e+01	-1.063089e-01	4.253164e+00
7.426667e+01	-9.591996e-02	4.302607e+00
7.430000e+01	-8.373748e-02	4.360584e+00
7.433333e+01	-7.256021e-02	4.413778e+00
7.436667e+01	-6.443885e-02	4.452428e+00
7.440000e+01	-5.870897e-02	4.479697e+00
7.443333e+01	-5.346167e-02	4.504670e+00
7.446667e+01	-4.717046e-02	4.534610e+00
7.450000e+01	-3.986900e-02	4.569359e+00
7.453333e+01	-3.359883e-02	4.599199e+00
7.456667e+01	-3.063375e-02	4.613310e+00
7.460000e+01	-3.113184e-02	4.610940e+00
7.463333e+01	-3.311632e-02	4.601495e+00
7.466667e+01	-3.444652e-02	4.595165e+00
7.470000e+01	-3.439774e-02	4.595397e+00
7.473333e+01	-3.360891e-02	4.599151e+00
7.476667e+01	-3.279372e-02	4.603031e+00
7.480000e+01	-3.129847e-02	4.610147e+00
7.483333e+01	-2.709213e-02	4.630165e+00
7.486667e+01	-1.872496e-02	4.669985e+00
7.490000e+01	-7.253787e-03	4.724578e+00
7.493333e+01	3.855867e-03	4.777450e+00
7.496667e+01	1.085222e-02	4.810746e+00
75	1.260294e-02	4.819078e+00
7.503333e+01	1.202919e-02	4.816347e+00
7.506667e+01	1.392675e-02	4.825378e+00
7.510000e+01	2.029117e-02	4.855667e+00
7.513333e+01	2.819018e-02	4.893259e+00
7.516667e+01	3.301491e-02	4.916220e+00
7.520000e+01	3.308879e-02	4.916572e+00
7.523333e+01	3.050133e-02	4.904258e+00
7.526667e+01	2.836853e-02	4.894108e+00
7.530000e+01	2.813099e-02	4.892977e+00
7.533333e+01	2.915611e-02	4.897856e+00
7.536667e+01	3.009949e-02	4.902346e+00
7.540000e+01	3.047647e-02	4.904140e+00
7.543333e+01	3.153625e-02	4.909183e+00
7.546667e+01	3.542825e-02	4.927706e+00
7.550000e+01	4.226979e-02	4.960265e+00
7.553333e+01	4.814001e-02	4.988202e+00
7.556667e+01	4.783309e-02	4.986742e+00
7.560000e+01	4.042521e-02	4.951487e+00
7.563333e+01	3.087011e-02	4.906013e+00
7.566667e+01	2.527345e-02	4.879378e+00
7.570000e+01	2.549615e-02	4.880438e+00
7.573333e+01	2.852355e-02	4.894846e+00
7.576667e+01	2.930261e-02	4.898553e+00
7.580000e+01	2.364179e-02	4.871613e+00
7.583333e+01	1.064488e-02	4.809759e+00
7.586667e+01	-6.274178e-03	4.729240e+00
7.590000e+01	-2.192601e-02	4.654751e+00
7.593333e+01	-3.353261e-02	4.599514e+00
7.596667e+01	-4.191850e-02	4.559605e+00
76	-4.881116e-02	4.526802e+00
7.603333e+01	-5.416216e-02	4.501336e+00
7.606667e+01	-5.698100e-02	4.487921e+00
7.610000e+01	-5.817823e-02	4.482223e+00
7.613333e+01	-6.085541e-02	4.469482e+00
7.616667e+01	-6.681544e-02	4.441118e+00
7.620000e+01	-7.394732e-02	4.407177e+00
7.623333e+01	-7.840121e-02	4.385980e+00
7.626667e+01	-7.862579e-02	4.384911e+00
7.630000e+01	-7.637133e-02	4.395640e+00
7.633333e+01	-7.441410e-02	4.404955e+00
7.636667e+01	-7.412264e-02	4.406342e+00
7.640000e+01	-7.500379e-02	4.402149e+00
7.643333e+01	-7.586475e-02	4.398051e+00
7.646667e+01	-7.603691e-02	4.397232e+00
7.650000e+01	-7.567696e-02	4.398945e+00
7.653333e+01	-7.529417e-02	4.400767e+00
7.656667e+01	-7.520023e-02	4.401214e+00
7.660000e+01	-7.512424e-02	4.401575e+00
7.663333e+01	-7.381275e-02	4.407817e+00
7.666667e+01	-6.954889e-02	4.428109e+00
7.670000e+01	-6.233651e-02	4.462433e+00
7.673333e+01	-5.508276e-02	4.496955e+00
7.676667e+01	-5.123931e-02	4.515246e+00
7.680000e+01	-5.156596e-02	4.513692e+00
7.683333e+01	-5.390518e-02	4.502559e+00
7.686667e+01	-5.561250e-02	4.494434e+00
7.690000e+01	-5.565837e-02	4.494215e+00
7.693333e+01	-5.472790e-02	4.498644e+00
7.696667e+01	-5.396983e-02	4.502251e+00
77	-5.390729e-02	4.502549e+00
7.703333e+01	-5.429425e-02	4.500707e+00
7.706667e+01	-5.441204e-02	4.500147e+00
7.710000e+01	-5.297554e-02	4.506983e+00
7.713333e+01	-4.850120e-02	4.528277e+00
7.716667e+01	-4.119506e-02	4.563048e+00
7.720000e+01	-3.398896e-02	4.597342e+00
7.723333e+01	-3.023728e-02	4.615197e+00
7.726667e+01	-3.060879e-02	4.613429e+00
7.730000e+01	-3.293038e-02	4.602380e+00
7.733333e+01	-3.459787e-02	4.594444e+00
7.736667e+01	-3.462250e-02	4.594327e+00
7.740000e+01	-3.369830e-02	4.598726e+00
7.743333e+01	-3.295743e-02	4.602251e+00
7.746667e+01	-3.290485e-02	4.602502e+00
7.750000e+01	-3.328972e-02	4.600670e+00
7.753333e+01	-3.340011e-02	4.600145e+00
7.756667e+01	-3.173600e-02	4.608064e+00
7.760000e+01	-2.578060e-02	4.636407e+00
7.763333e+01	-1.416446e-02	4.691689e+00
7.766667e+01	1.924475e-04	4.760015e+00
7.770000e+01	1.112265e-02	4.812033e+00
7.773333e+01	1.457082e-02	4.828443e+00
7.776667e+01	1.194729e-02	4.815957e+00
7.780000e+01	7.973810e-03	4.797047e+00
7.783333e+01	6.253788e-03	4.788862e+00
7.786667e+01	7.122345e-03	4.792995e+00
7.790000e+01	8.779064e-03	4.800880e+00
7.793333e+01	9.583839e-03	4.804710e+00
7.796667e+01	9.265314e-03	4.803194e+00
78	8.551384e-03	4.799796e+00
7.803333e+01	8.172912e-03	4.797995e+00
7.806667e+01	8.286832e-03	4.798537e+00
7.810000e+01	8.595250e-03	4.800005e+00
7.813333e+01	8.772665e-03	4.800849e+00
7.816667e+01	8.511429e-03	4.799606e+00
7.820000e+01	6.897069e-03	4.791923e+00
7.823333e+01	2.501337e-03	4.771003e+00
7.826667e+01	-4.640080e-03	4.737017e+00
7.830000e+01	-1.176167e-02	4.703124e+00
7.833333e+01	-1.554185e-02	4.685134e+00
7.836667e+01	-1.546463e-02	4.685501e+00
7.840000e+01	-1.466451e-02	4.689309e+00
7.843333e+01	-1.730037e-02	4.676765e+00
7.846667e+01	-2.439795e-02	4.642987e+00
7.850000e+01	-3.248197e-02	4.604514e+00
7.853333e+01	-3.726725e-02	4.581741e+00
7.856667e+01	-3.851177e-02	4.575818e+00
7.860000e+01	-4.036566e-02	4.566995e+00
7.863333e+01	-4.697127e-02	4.535558e+00
7.866667e+01	-5.836145e-02	4.481351e+00
7.870000e+01	-7.040519e-02	4.424034e+00
7.873333e+01	-7.818277e-02	4.387020e+00
7.876667e+01	-7.978922e-02	4.379374e+00
7.880000e+01	-7.734621e-02	4.391001e+00
7.883333e+01	-7.458000e-02	4.404166e+00
7.886667e+01	-7.373890e-02	4.408168e+00
7.890000e+01	-7.462054e-02	4.403973e+00
7.893333e+01	-7.578429e-02	4.398434e+00
7.896667e+01	-7.619218e-02	4.396493e+00
79	-7.584431e-02	4.398149e+00
7.903333e+01	-7.533599e-02	4.400568e+00
7.906667e+01	-7.535951e-02	4.400456e+00
7.910000e+01	-7.697756e-02	4.392755e+00
7.913333e+01	-8.151345e-02	4.371169e+00
7.916667e+01	-8.876326e-02	4.336666e+00
7.920000e+01	-9.566638e-02	4.303813e+00
7.923333e+01	-9.790581e-02	4.293156e+00
7.926667e+01	-9.302027e-02	4.316406e+00
7.930000e+01	-8.209916e-02	4.368381e+00
7.933333e+01	-6.895503e-02	4.430935e+00
7.936667e+01	-5.795061e-02	4.483306e+00
7.940000e+01	-5.198402e-02	4.511702e+00
7.943333e+01	-5.120536e-02	4.515408e+00
7.946667e+01	-5.325887e-02	4.505635e+00
7.950000e+01	-5.524186e-02	4.496198e+00
7.953333e+01	-5.569084e-02	4.494061e+00
7.956667e+01	-5.495238e-02	4.497575e+00
7.960000e+01	-5.412802e-02	4.501498e+00
7.963333e+01	-5.390508e-02	4.502560e+00
7.966667e+01	-5.420273e-02	4.501143e+00
7.970000e+01	-5.456459e-02	4.499421e+00
7.973333e+01	-5.467752e-02	4.498883e+00
7.976667e+01	-5.455752e-02	4.499454e+00
7.980000e+01	-5.439770e-02	4.500215e+00
7.983333e+01	-5.434100e-02	4.500485e+00
7.986667e+01	-5.438863e-02	4.500258e+00
7.990000e+01	-5.445896e-02	4.499924e+00
7.993333e+01	-5.448692e-02	4.499790e+00
7.996667e+01	-5.446835e-02	4.499879e+00
80	-5.443753e-02	4.500026e+00
8.003333e+01	-5.442396e-02	4.500090e+00
8.006667e+01	-5.443105e-02	4.500056e+00
8.010000e+01	-5.444449e-02	4.499992e+00
8.013333e+01	-5.445100e-02	4.499961e+00
8.016667e+01	-5.444836e-02	4.499974e+00
8.020000e+01	-5.444253e-02	4.500002e+00
8.023333e+01	-5.443944e-02	4.500016e+00
8.026667e+01	-5.444039e-02	4.500012e+00
8.030000e+01	-5.444291e-02	4.500000e+00
8.033333e+01	-5.444435e-02	4.499993e+00
8.036667e+01	-5.444404e-02	4.499995e+00
8.040000e+01	-5.444295e-02	4.500000e+00
8.043333e+01	-5.444228e-02	4.500003e+00
8.046667e+01	-5.444238e-02	4.500002e+00
8.050000e+01	-5.444284e-02	4.500000e+00
8.053333e+01	-5.444315e-02	4.499999e+00
8.056667e+01	-5.466611e-02	4.498938e+00
8.060000e+01	-5.614759e-02	4.491887e+00
8.063333e+01	-6.046062e-02	4.471361e+00
8.066667e+01	-6.761356e-02	4.437319e+00
8.070000e+01	-7.479203e-02	4.403156e+00
8.073333e+01	-7.861042e-02	4.384984e+00
8.076667e+01	-7.830751e-02	4.386426e+00
8.080000e+01	-7.600148e-02	4.397401e+00
8.083333e+01	-7.430664e-02	4.405466e+00
8.086667e+01	-7.425143e-02	4.405729e+00
8.090000e+01	-7.516733e-02	4.401370e+00
8.093333e+01	-7.591929e-02	4.397792e+00
8.096667e+01	-7.598544e-02	4.397477e+00
81	-7.560485e-02	4.399288e+00
8.103333e+01	-7.526703e-02	4.400896e+00
8.106667e+01	-7.522048e-02	4.401117e+00
8.110000e+01	-7.537888e-02	4.400364e+00
8.113333e+01	-7.553068e-02	4.399641e+00
8.116667e+01	-7.555890e-02	4.399507e+00
8.120000e+01	-7.549345e-02	4.399818e+00
8.123333e+01	-7.542552e-02	4.400142e+00
8.126667e+01	-7.540974e-02	4.400217e+00
8.130000e+01	-7.543655e-02	4.400089e+00
8.133333e+01	-7.546681e-02	4.399945e+00
8.136667e+01	-7.547519e-02	4.399905e+00
8.140000e+01	-7.568730e-02	4.398896e+00
8.143333e+01	-7.715557e-02	4.391908e+00
8.146667e+01	-8.146443e-02	4.371402e+00
8.150000e+01	-8.862173e-02	4.337340e+00
8.153333e+01	-9.580604e-02	4.303149e+00
8.156667e+01	-9.962652e-02	4.284967e+00
8.160000e+01	-9.932188e-02	4.286416e+00
8.163333e+01	-9.701329e-02	4.297403e+00
8.166667e+01	-9.531741e-02	4.305474e+00
0	0	0
0	0	0
0	0	0
