0	3.893484e-04	3.336964e+00
3.333333e-02	1.040622e-03	3.339136e+00
6.666667e-02	1.729382e-03	3.341434e+00
1.000000e-01	2.711996e-03	3.344711e+00
1.333333e-01	3.904743e-03	3.348690e+00
1.666667e-01	5.093472e-03	3.352655e+00
2.000000e-01	6.157625e-03	3.356205e+00
2.333333e-01	7.125825e-03	3.359434e+00
2.666667e-01	8.090305e-03	3.362652e+00
3.000000e-01	9.107289e-03	3.366044e+00
3.333333e-01	1.016784e-02	3.369582e+00
3.666667e-01	1.123243e-02	3.373133e+00
4.000000e-01	1.227503e-02	3.376610e+00
4.333333e-01	1.329795e-02	3.380023e+00
4.666667e-01	1.431805e-02	3.383425e+00
5.000000e-01	1.534730e-02	3.386859e+00
5.333333e-01	1.638539e-02	3.390321e+00
5.666667e-01	1.741421e-02	3.393753e+00
6.000000e-01	1.868449e-02	3.397990e+00
6.333333e-01	2.153443e-02	3.407497e+00
6.666667e-01	2.807131e-02	3.429302e+00
7.000000e-01	3.862630e-02	3.464509e+00
7.333333e-01	5.082733e-02	3.505208e+00
7.666667e-01	6.228962e-02	3.543442e+00
8.000000e-01	7.203643e-02	3.575954e+00
8.333333e-01	7.872616e-02	3.598269e+00
8.666667e-01	7.970061e-02	3.601520e+00
9.000000e-01	7.304984e-02	3.579335e+00
9.333333e-01	6.083846e-02	3.538602e+00
9.666667e-01	4.922576e-02	3.499866e+00
1	4.378640e-02	3.481722e+00
1.033333e+00	4.499154e-02	3.485742e+00
1.066667e+00	4.888388e-02	3.498725e+00
1.100000e+00	5.133359e-02	3.506897e+00
1.133333e+00	5.109166e-02	3.506090e+00
1.166667e+00	4.824194e-02	3.496584e+00
1.200000e+00	3.868527e-02	3.464706e+00
1.233333e+00	1.442819e-02	3.383793e+00
1.266667e+00	-2.361432e-02	3.256896e+00
1.300000e+00	-5.792647e-02	3.142442e+00
1.333333e+00	-6.950135e-02	3.103832e+00
1.366667e+00	-5.781170e-02	3.142825e+00
1.400000e+00	-3.943142e-02	3.204135e+00
1.433333e+00	-3.020872e-02	3.234899e+00
1.466667e+00	-3.274774e-02	3.226430e+00
1.500000e+00	-3.785761e-02	3.209385e+00
1.533333e+00	-3.426502e-02	3.221368e+00
1.566667e+00	-1.913979e-02	3.271821e+00
1.600000e+00	-2.284385e-03	3.328045e+00
1.633333e+00	9.858364e-04	3.338953e+00
1.666667e+00	-1.680477e-02	3.279610e+00
1.700000e+00	-4.647803e-02	3.180630e+00
1.733333e+00	-6.470939e-02	3.119816e+00
1.766667e+00	-5.014005e-02	3.168415e+00
1.800000e+00	-4.227543e-03	3.321563e+00
1.833333e+00	4.620277e-02	3.489782e+00
1.866667e+00	7.269029e-02	3.578136e+00
1.900000e+00	6.935185e-02	3.567000e+00
1.933333e+00	5.226507e-02	3.510004e+00
1.966667e+00	4.043087e-02	3.470529e+00
2	4.035390e-02	3.470272e+00
2.033333e+00	4.514963e-02	3.486269e+00
2.066667e+00	4.429163e-02	3.483407e+00
2.100000e+00	3.428368e-02	3.450024e+00
2.133333e+00	2.114794e-02	3.406208e+00
2.166667e+00	1.457935e-02	3.384297e+00
2.200000e+00	2.325184e-02	3.413225e+00
2.233333e+00	5.236921e-02	3.510351e+00
2.266667e+00	9.668926e-02	3.658188e+00
2.300000e+00	1.378865e-01	3.795608e+00
2.333333e+00	1.578661e-01	3.862254e+00
2.366667e+00	1.548969e-01	3.852349e+00
2.400000e+00	1.436647e-01	3.814882e+00
2.433333e+00	1.408975e-01	3.805652e+00
2.466667e+00	1.514871e-01	3.840975e+00
2.500000e+00	1.670731e-01	3.892965e+00
2.533333e+00	1.755465e-01	3.921229e+00
2.566667e+00	1.688366e-01	3.898847e+00
2.600000e+00	1.448461e-01	3.818823e+00
2.633333e+00	1.100120e-01	3.702628e+00
2.666667e+00	7.908261e-02	3.599458e+00
2.700000e+00	6.498649e-02	3.552438e+00
2.733333e+00	6.817008e-02	3.563058e+00
2.766667e+00	7.823343e-02	3.596626e+00
2.800000e+00	8.487030e-02	3.618764e+00
2.833333e+00	8.637187e-02	3.623773e+00
2.866667e+00	8.847651e-02	3.630793e+00
2.900000e+00	9.585185e-02	3.655395e+00
2.933333e+00	1.065094e-01	3.690945e+00
2.966667e+00	1.157761e-01	3.721855e+00
3	1.227834e-01	3.745230e+00
3.033333e+00	1.297277e-01	3.768393e+00
3.066667e+00	1.368316e-01	3.792089e+00
3.100000e+00	1.412981e-01	3.806988e+00
3.133333e+00	1.400136e-01	3.802704e+00
3.166667e+00	1.322629e-01	3.776850e+00
3.200000e+00	1.221122e-01	3.742990e+00
3.233333e+00	1.174365e-01	3.727394e+00
3.266667e+00	1.228929e-01	3.745595e+00
3.300000e+00	1.344542e-01	3.784159e+00
3.333333e+00	1.434912e-01	3.814304e+00
3.366667e+00	1.452028e-01	3.820013e+00
3.400000e+00	1.416031e-01	3.808005e+00
3.433333e+00	1.377305e-01	3.795088e+00
3.466667e+00	1.366866e-01	3.791606e+00
3.500000e+00	1.380692e-01	3.796218e+00
3.533333e+00	1.397572e-01	3.801848e+00
3.566667e+00	1.402920e-01	3.803632e+00
3.600000e+00	1.397410e-01	3.801794e+00
3.633333e+00	1.389983e-01	3.799317e+00
3.666667e+00	1.390491e-01	3.799486e+00
3.700000e+00	1.413811e-01	3.807265e+00
3.733333e+00	1.478613e-01	3.828881e+00
3.766667e+00	1.581982e-01	3.863361e+00
3.800000e+00	1.680368e-01	3.896179e+00
3.833333e+00	1.712276e-01	3.906823e+00
3.866667e+00	1.645780e-01	3.884642e+00
3.900000e+00	1.507968e-01	3.838673e+00
3.933333e+00	1.360855e-01	3.789601e+00
3.966667e+00	1.244357e-01	3.750741e+00
4	1.159573e-01	3.722460e+00
4.033333e+00	1.100515e-01	3.702760e+00
4.066667e+00	1.071018e-01	3.692921e+00
4.100000e+00	1.070740e-01	3.692828e+00
4.133333e+00	1.085870e-01	3.697875e+00
4.166667e+00	1.098481e-01	3.702082e+00
4.200000e+00	1.098700e-01	3.702155e+00
4.233333e+00	1.086818e-01	3.698191e+00
4.266667e+00	1.068697e-01	3.692147e+00
4.300000e+00	1.051515e-01	3.686415e+00
4.333333e+00	1.039797e-01	3.682507e+00
4.366667e+00	1.031778e-01	3.679832e+00
4.400000e+00	1.020830e-01	3.676180e+00
4.433333e+00	1.001984e-01	3.669893e+00
4.466667e+00	9.762977e-02	3.661325e+00
4.500000e+00	9.488296e-02	3.652163e+00
4.533333e+00	9.237027e-02	3.643781e+00
4.566667e+00	9.014837e-02	3.636370e+00
4.600000e+00	8.802569e-02	3.629289e+00
4.633333e+00	8.581561e-02	3.621917e+00
4.666667e+00	8.350417e-02	3.614207e+00
4.700000e+00	8.098829e-02	3.605815e+00
4.733333e+00	7.686575e-02	3.592063e+00
4.766667e+00	6.774760e-02	3.561648e+00
4.800000e+00	5.134964e-02	3.506950e+00
4.833333e+00	3.126980e-02	3.439971e+00
4.866667e+00	1.589035e-02	3.388670e+00
4.900000e+00	1.060209e-02	3.371030e+00
4.933333e+00	1.175650e-02	3.374881e+00
4.966667e+00	9.065543e-03	3.365905e+00
5	-4.822128e-03	3.319580e+00
5.033333e+00	-2.644169e-02	3.247464e+00
5.066667e+00	-4.445249e-02	3.187386e+00
5.100000e+00	-5.062145e-02	3.166809e+00
5.133333e+00	-4.647330e-02	3.180646e+00
5.166667e+00	-3.976611e-02	3.203019e+00
5.200000e+00	-3.672820e-02	3.213152e+00
5.233333e+00	-3.810655e-02	3.208554e+00
5.266667e+00	-4.091721e-02	3.199179e+00
5.300000e+00	-4.201937e-02	3.195503e+00
5.333333e+00	-3.940735e-02	3.204215e+00
5.366667e+00	-3.200993e-02	3.228891e+00
5.400000e+00	-2.088266e-02	3.266008e+00
5.433333e+00	-9.911133e-03	3.302605e+00
5.466667e+00	-3.007142e-03	3.325634e+00
5.500000e+00	-6.942819e-04	3.333349e+00
5.533333e+00	-2.986734e-04	3.334669e+00
5.566667e+00	1.091286e-03	3.339305e+00
5.600000e+00	4.394503e-03	3.350324e+00
5.633333e+00	8.668806e-03	3.364581e+00
5.666667e+00	1.262088e-02	3.377764e+00
5.700000e+00	1.576124e-02	3.388239e+00
5.733333e+00	1.844648e-02	3.397196e+00
5.766667e+00	2.124044e-02	3.406516e+00
5.800000e+00	2.438260e-02	3.416997e+00
5.833333e+00	2.773653e-02	3.428185e+00
5.866667e+00	3.105636e-02	3.439259e+00
5.900000e+00	3.422698e-02	3.449835e+00
5.933333e+00	3.729962e-02	3.460084e+00
5.966667e+00	4.038116e-02	3.470363e+00
6	4.349285e-02	3.480743e+00
6.033333e+00	4.642708e-02	3.490530e+00
6.066667e+00	4.871233e-02	3.498153e+00
6.100000e+00	4.989633e-02	3.502103e+00
6.133333e+00	4.998167e-02	3.502387e+00
6.166667e+00	4.949292e-02	3.500757e+00
6.200000e+00	4.906105e-02	3.499316e+00
6.233333e+00	4.898486e-02	3.499062e+00
6.266667e+00	4.916400e-02	3.499660e+00
6.300000e+00	4.934665e-02	3.500269e+00
6.333333e+00	4.938753e-02	3.500405e+00
6.366667e+00	4.931491e-02	3.500163e+00
6.400000e+00	4.923433e-02	3.499894e+00
6.433333e+00	4.921281e-02	3.499823e+00
6.466667e+00	4.924238e-02	3.499921e+00
6.500000e+00	4.959626e-02	3.501102e+00
6.533333e+00	5.172131e-02	3.508190e+00
6.566667e+00	5.786315e-02	3.528677e+00
6.600000e+00	6.837082e-02	3.563727e+00
6.633333e+00	8.072082e-02	3.604923e+00
6.666667e+00	9.232700e-02	3.643637e+00
6.700000e+00	1.021071e-01	3.676260e+00
6.733333e+00	1.074708e-01	3.694152e+00
6.766667e+00	9.992884e-02	3.668994e+00
6.800000e+00	6.864619e-02	3.564646e+00
6.833333e+00	1.595301e-02	3.388879e+00
6.866667e+00	-3.448568e-02	3.220632e+00
6.900000e+00	-5.555366e-02	3.150357e+00
6.933333e+00	-4.242304e-02	3.194156e+00
6.966667e+00	-1.514069e-02	3.285161e+00
7	2.424656e-03	3.343753e+00
7.033333e+00	2.068985e-03	3.342567e+00
7.066667e+00	-8.338069e-03	3.307852e+00
7.100000e+00	-1.826015e-02	3.274755e+00
7.133333e+00	-2.483173e-02	3.252835e+00
7.166667e+00	-3.089578e-02	3.232607e+00
7.200000e+00	-3.763704e-02	3.210121e+00
7.233333e+00	-4.271359e-02	3.193187e+00
7.266667e+00	-4.400809e-02	3.188869e+00
7.300000e+00	-4.229340e-02	3.194588e+00
7.333333e+00	-4.012024e-02	3.201837e+00
7.366667e+00	-3.932459e-02	3.204491e+00
7.400000e+00	-3.992436e-02	3.202491e+00
7.433333e+00	-4.085373e-02	3.199391e+00
7.466667e+00	-4.124338e-02	3.198091e+00
7.500000e+00	-4.101622e-02	3.198849e+00
7.533333e+00	-4.061278e-02	3.200194e+00
7.566667e+00	-4.042587e-02	3.200818e+00
7.600000e+00	-4.051141e-02	3.200533e+00
7.633333e+00	-4.068681e-02	3.199947e+00
7.666667e+00	-4.077573e-02	3.199651e+00
7.700000e+00	-4.074454e-02	3.199755e+00
7.733333e+00	-4.066856e-02	3.200008e+00
7.766667e+00	-4.062664e-02	3.200148e+00
7.800000e+00	-4.031934e-02	3.201173e+00
7.833333e+00	-3.792001e-02	3.209177e+00
7.866667e+00	-2.967191e-02	3.236690e+00
7.900000e+00	-1.330937e-02	3.291269e+00
7.933333e+00	7.151656e-03	3.359521e+00
7.966667e+00	2.285010e-02	3.411885e+00
8	2.786468e-02	3.428612e+00
8.033333e+00	2.413647e-02	3.416176e+00
8.066667e+00	1.842422e-02	3.397122e+00
8.100000e+00	1.592758e-02	3.388794e+00
8.133333e+00	1.715808e-02	3.392899e+00
8.166667e+00	1.953955e-02	3.400842e+00
8.200000e+00	2.102492e-02	3.405797e+00
8.233333e+00	2.268919e-02	3.411349e+00
8.266667e+00	2.781708e-02	3.428454e+00
8.300000e+00	3.747397e-02	3.460666e+00
8.333333e+00	4.787564e-02	3.495362e+00
8.366667e+00	5.344819e-02	3.513950e+00
8.400000e+00	5.115892e-02	3.506314e+00
8.433333e+00	4.166185e-02	3.474635e+00
8.466667e+00	2.884801e-02	3.431892e+00
8.500000e+00	1.840816e-02	3.397069e+00
8.533333e+00	1.428297e-02	3.383308e+00
8.566667e+00	1.586948e-02	3.388600e+00
8.600000e+00	1.930902e-02	3.400074e+00
8.633333e+00	2.118050e-02	3.406316e+00
8.666667e+00	2.074260e-02	3.404855e+00
8.700000e+00	1.934419e-02	3.400191e+00
8.733333e+00	1.849743e-02	3.397366e+00
8.766667e+00	1.863431e-02	3.397823e+00
8.800000e+00	1.922909e-02	3.399807e+00
8.833333e+00	1.961831e-02	3.401105e+00
8.866667e+00	1.958161e-02	3.400983e+00
8.900000e+00	1.932789e-02	3.400136e+00
8.933333e+00	1.914900e-02	3.399540e+00
8.966667e+00	1.915451e-02	3.399558e+00
9	2.117101e-02	3.406284e+00
9.033333e+00	3.393654e-02	3.448866e+00
9.066667e+00	7.086122e-02	3.572034e+00
9.100000e+00	1.320478e-01	3.776132e+00
9.133333e+00	1.934604e-01	3.980984e+00
9.166667e+00	2.261437e-01	4.090005e+00
9.200000e+00	2.235696e-01	4.081418e+00
9.233333e+00	2.025737e-01	4.011383e+00
9.266667e+00	1.792938e-01	3.933729e+00
9.300000e+00	1.520844e-01	3.842968e+00
9.333333e+00	1.129420e-01	3.712402e+00
9.366667e+00	6.852395e-02	3.564238e+00
9.400000e+00	3.917486e-02	3.466339e+00
9.433333e+00	3.994572e-02	3.468911e+00
9.466667e+00	7.142203e-02	3.573905e+00
9.500000e+00	1.249948e-01	3.752606e+00
9.533333e+00	1.855567e-01	3.954620e+00
9.566667e+00	2.324836e-01	4.111152e+00
9.600000e+00	2.510762e-01	4.173171e+00
9.633333e+00	2.444873e-01	4.151193e+00
9.666667e+00	2.294548e-01	4.101049e+00
9.700000e+00	2.210069e-01	4.072870e+00
9.733333e+00	2.226627e-01	4.078393e+00
9.766667e+00	2.287120e-01	4.098572e+00
9.800000e+00	2.325127e-01	4.111250e+00
9.833333e+00	2.320321e-01	4.109647e+00
9.866667e+00	2.294692e-01	4.101098e+00
9.900000e+00	2.277295e-01	4.095294e+00
9.933333e+00	2.278382e-01	4.095657e+00
9.966667e+00	2.286105e-01	4.098233e+00
10	2.257029e-01	4.088534e+00
1.003333e+01	2.089780e-01	4.032746e+00
1.006667e+01	1.675424e-01	3.894530e+00
1.010000e+01	1.059108e-01	3.688948e+00
1.013333e+01	4.923497e-02	3.499896e+00
1.016667e+01	2.262272e-02	3.411127e+00
1.020000e+01	2.823838e-02	3.429859e+00
1.023333e+01	4.712429e-02	3.492856e+00
1.026667e+01	5.921210e-02	3.533177e+00
1.030000e+01	5.854304e-02	3.530945e+00
1.033333e+01	5.303888e-02	3.512585e+00
1.036667e+01	5.504030e-02	3.519261e+00
1.040000e+01	7.380594e-02	3.581857e+00
1.043333e+01	1.121844e-01	3.709875e+00
1.046667e+01	1.630298e-01	3.879478e+00
1.050000e+01	2.098090e-01	4.035518e+00
1.053333e+01	2.374831e-01	4.127829e+00
1.056667e+01	2.445745e-01	4.151484e+00
1.060000e+01	2.428358e-01	4.145684e+00
1.063333e+01	2.438548e-01	4.149083e+00
1.066667e+01	2.457271e-01	4.155329e+00
1.070000e+01	2.356882e-01	4.121842e+00
1.073333e+01	2.080742e-01	4.029731e+00
1.076667e+01	1.750346e-01	3.919522e+00
1.080000e+01	1.553830e-01	3.853971e+00
1.083333e+01	1.572044e-01	3.860046e+00
1.086667e+01	1.740444e-01	3.916219e+00
1.090000e+01	1.930629e-01	3.979658e+00
1.093333e+01	2.043019e-01	4.017148e+00
1.096667e+01	2.055314e-01	4.021249e+00
11	2.012066e-01	4.006823e+00
1.103333e+01	1.972740e-01	3.993705e+00
1.106667e+01	1.965907e-01	3.991426e+00
1.110000e+01	1.982490e-01	3.996957e+00
1.113333e+01	2.008778e-01	4.005726e+00
1.116667e+01	2.078974e-01	4.029141e+00
1.120000e+01	2.277920e-01	4.095503e+00
1.123333e+01	2.635015e-01	4.214618e+00
1.126667e+01	3.021264e-01	4.343458e+00
1.130000e+01	3.215629e-01	4.408291e+00
1.133333e+01	3.073826e-01	4.360990e+00
1.136667e+01	2.623232e-01	4.210687e+00
1.140000e+01	2.053979e-01	4.020804e+00
1.143333e+01	1.620634e-01	3.876254e+00
1.146667e+01	1.473536e-01	3.827187e+00
1.150000e+01	1.560701e-01	3.856263e+00
1.153333e+01	1.707292e-01	3.905160e+00
1.156667e+01	1.775850e-01	3.928029e+00
1.160000e+01	1.748208e-01	3.918809e+00
1.163333e+01	1.687902e-01	3.898693e+00
1.166667e+01	1.656413e-01	3.888189e+00
1.170000e+01	1.666282e-01	3.891481e+00
1.173333e+01	1.692162e-01	3.900114e+00
1.176667e+01	1.703660e-01	3.903949e+00
1.180000e+01	1.663237e-01	3.890465e+00
1.183333e+01	1.484862e-01	3.830965e+00
1.186667e+01	1.068288e-01	3.692010e+00
1.190000e+01	4.757386e-02	3.494356e+00
1.193333e+01	4.079102e-03	3.349272e+00
1.196667e+01	1.451120e-02	3.384070e+00
12	8.084959e-02	3.605352e+00
1.203333e+01	1.585320e-01	3.864475e+00
1.206667e+01	1.946562e-01	3.984973e+00
1.210000e+01	1.723620e-01	3.910607e+00
1.213333e+01	1.163871e-01	3.723893e+00
1.216667e+01	6.443818e-02	3.550609e+00
1.220000e+01	3.794046e-02	3.462222e+00
1.223333e+01	3.274624e-02	3.444896e+00
1.226667e+01	2.969635e-02	3.434722e+00
1.230000e+01	1.406021e-02	3.382565e+00
1.233333e+01	-1.300402e-02	3.292288e+00
1.236667e+01	-4.042102e-02	3.200834e+00
1.240000e+01	-6.128362e-02	3.131243e+00
1.243333e+01	-7.895997e-02	3.072281e+00
1.246667e+01	-1.007482e-01	2.999603e+00
1.250000e+01	-1.280375e-01	2.908575e+00
1.253333e+01	-1.520313e-01	2.828539e+00
1.256667e+01	-1.561963e-01	2.814646e+00
1.260000e+01	-1.268257e-01	2.912617e+00
1.263333e+01	-7.122193e-02	3.098093e+00
1.266667e+01	-2.494073e-02	3.252471e+00
1.270000e+01	-2.740924e-02	3.244237e+00
1.273333e+01	-8.291955e-02	3.059073e+00
1.276667e+01	-1.529972e-01	2.825318e+00
1.280000e+01	-1.928952e-01	2.692231e+00
1.283333e+01	-1.901857e-01	2.701269e+00
1.286667e+01	-1.664511e-01	2.780440e+00
1.290000e+01	-1.508127e-01	2.832605e+00
1.293333e+01	-1.564832e-01	2.813690e+00
1.296667e+01	-1.764107e-01	2.747218e+00
13	-1.945791e-01	2.686614e+00
1.303333e+01	-2.006773e-01	2.666273e+00
1.306667e+01	-1.961911e-01	2.681237e+00
1.310000e+01	-1.893320e-01	2.704117e+00
1.313333e+01	-1.864412e-01	2.713760e+00
1.316667e+01	-1.874149e-01	2.710512e+00
1.320000e+01	-1.860987e-01	2.714902e+00
1.323333e+01	-1.751543e-01	2.751409e+00
1.326667e+01	-1.544579e-01	2.820445e+00
1.330000e+01	-1.348270e-01	2.885927e+00
1.333333e+01	-1.294399e-01	2.903897e+00
1.336667e+01	-1.407295e-01	2.866239e+00
1.340000e+01	-1.580974e-01	2.808305e+00
1.343333e+01	-1.686850e-01	2.772988e+00
1.346667e+01	-1.683344e-01	2.774158e+00
1.350000e+01	-1.618773e-01	2.795697e+00
1.353333e+01	-1.550578e-01	2.818444e+00
1.356667e+01	-1.486607e-01	2.839783e+00
1.360000e+01	-1.409491e-01	2.865506e+00
1.363333e+01	-1.328100e-01	2.892656e+00
1.366667e+01	-1.275829e-01	2.910091e+00
1.370000e+01	-1.269770e-01	2.912112e+00
1.373333e+01	-1.293217e-01	2.904291e+00
1.376667e+01	-1.315938e-01	2.896712e+00
1.380000e+01	-1.321036e-01	2.895012e+00
1.383333e+01	-1.312212e-01	2.897955e+00
1.386667e+01	-1.302339e-01	2.901248e+00
1.390000e+01	-1.299620e-01	2.902155e+00
1.393333e+01	-1.303154e-01	2.900976e+00
1.396667e+01	-1.307505e-01	2.899525e+00
14	-1.305712e-01	2.900123e+00
1.403333e+01	-1.283156e-01	2.907647e+00
1.406667e+01	-1.219699e-01	2.928814e+00
1.410000e+01	-1.113769e-01	2.964149e+00
1.413333e+01	-9.907736e-02	3.005176e+00
1.416667e+01	-8.692402e-02	3.045716e+00
1.420000e+01	-7.295714e-02	3.092304e+00
1.423333e+01	-5.431255e-02	3.154497e+00
1.426667e+01	-3.442691e-02	3.220828e+00
1.430000e+01	-2.251759e-02	3.260554e+00
1.433333e+01	-2.171693e-02	3.263225e+00
1.436667e+01	-2.401520e-02	3.255558e+00
1.440000e+01	-2.099976e-02	3.265617e+00
1.443333e+01	-1.394551e-02	3.289148e+00
1.446667e+01	-1.201742e-02	3.295579e+00
1.450000e+01	-2.342371e-02	3.257531e+00
1.453333e+01	-4.668534e-02	3.179938e+00
1.456667e+01	-7.001925e-02	3.102104e+00
1.460000e+01	-8.156082e-02	3.063605e+00
1.463333e+01	-7.957051e-02	3.070245e+00
1.466667e+01	-7.172759e-02	3.096406e+00
1.470000e+01	-6.654297e-02	3.113700e+00
1.473333e+01	-6.683870e-02	3.112714e+00
1.476667e+01	-7.001071e-02	3.102133e+00
1.480000e+01	-7.233521e-02	3.094379e+00
1.483333e+01	-7.231472e-02	3.094447e+00
1.486667e+01	-7.077074e-02	3.099598e+00
1.490000e+01	-6.897064e-02	3.105602e+00
1.493333e+01	-6.727560e-02	3.111256e+00
1.496667e+01	-6.531135e-02	3.117808e+00
15	-6.279020e-02	3.126218e+00
1.503333e+01	-5.988209e-02	3.135918e+00
1.506667e+01	-5.697328e-02	3.145621e+00
1.510000e+01	-5.429377e-02	3.154559e+00
1.513333e+01	-5.180184e-02	3.162871e+00
1.516667e+01	-4.932785e-02	3.171124e+00
1.520000e+01	-4.675993e-02	3.179690e+00
1.523333e+01	-4.410730e-02	3.188538e+00
1.526667e+01	-4.144189e-02	3.197429e+00
1.530000e+01	-3.881527e-02	3.206190e+00
1.533333e+01	-3.622662e-02	3.214825e+00
1.536667e+01	-3.364553e-02	3.223435e+00
1.540000e+01	-3.104846e-02	3.232098e+00
1.543333e+01	-2.843443e-02	3.240817e+00
1.546667e+01	-2.581625e-02	3.249551e+00
1.550000e+01	-2.320459e-02	3.258262e+00
1.553333e+01	-2.060047e-02	3.266949e+00
1.556667e+01	-1.799854e-02	3.275628e+00
1.560000e+01	-1.542164e-02	3.284224e+00
1.563333e+01	-1.302522e-02	3.292217e+00
1.566667e+01	-1.116279e-02	3.298430e+00
1.570000e+01	-1.018883e-02	3.301679e+00
1.573333e+01	-1.010693e-02	3.301952e+00
1.576667e+01	-1.049929e-02	3.300643e+00
1.580000e+01	-1.085366e-02	3.299461e+00
1.583333e+01	-1.092130e-02	3.299235e+00
1.586667e+01	-1.077839e-02	3.299712e+00
1.590000e+01	-1.094694e-02	3.299150e+00
1.593333e+01	-1.302521e-02	3.292217e+00
1.596667e+01	-1.923669e-02	3.271498e+00
16	-2.982604e-02	3.236175e+00
1.603333e+01	-4.315457e-02	3.191716e+00
1.606667e+01	-6.107448e-02	3.131941e+00
1.610000e+01	-8.927965e-02	3.037858e+00
1.613333e+01	-1.265196e-01	2.913638e+00
1.616667e+01	-1.578515e-01	2.809125e+00
1.620000e+01	-1.654289e-01	2.783850e+00
1.623333e+01	-1.457947e-01	2.849343e+00
1.626667e+01	-1.144469e-01	2.953908e+00
1.630000e+01	-9.330920e-02	3.024417e+00
1.633333e+01	-9.317668e-02	3.024859e+00
1.636667e+01	-1.072588e-01	2.977886e+00
1.640000e+01	-1.202918e-01	2.934412e+00
1.643333e+01	-1.216955e-01	2.929730e+00
1.646667e+01	-1.109331e-01	2.965629e+00
1.650000e+01	-9.538891e-02	3.017480e+00
1.653333e+01	-8.509505e-02	3.051816e+00
1.656667e+01	-8.578665e-02	3.049510e+00
1.660000e+01	-9.453090e-02	3.020342e+00
1.663333e+01	-1.031305e-01	2.991656e+00
1.666667e+01	-1.059018e-01	2.982412e+00
1.670000e+01	-1.034145e-01	2.990709e+00
1.673333e+01	-9.953793e-02	3.003640e+00
1.676667e+01	-9.600862e-02	3.015412e+00
1.680000e+01	-9.076788e-02	3.032894e+00
1.683333e+01	-8.209323e-02	3.061830e+00
1.686667e+01	-7.253208e-02	3.093722e+00
1.690000e+01	-6.673834e-02	3.113048e+00
1.693333e+01	-6.650526e-02	3.113826e+00
1.696667e+01	-6.851620e-02	3.107118e+00
17	-6.472059e-02	3.119779e+00
1.703333e+01	-4.662684e-02	3.180134e+00
1.706667e+01	-1.549403e-02	3.283982e+00
1.710000e+01	1.212138e-02	3.376098e+00
1.713333e+01	1.637620e-02	3.390291e+00
1.716667e+01	-5.801943e-03	3.316312e+00
1.720000e+01	-3.665249e-02	3.213405e+00
1.723333e+01	-5.492212e-02	3.152463e+00
1.726667e+01	-5.410157e-02	3.155200e+00
1.730000e+01	-4.338025e-02	3.190963e+00
1.733333e+01	-3.526245e-02	3.218041e+00
1.736667e+01	-3.489971e-02	3.219251e+00
1.740000e+01	-3.924007e-02	3.204773e+00
1.743333e+01	-4.286396e-02	3.192685e+00
1.746667e+01	-4.322076e-02	3.191495e+00
1.750000e+01	-4.141359e-02	3.197523e+00
1.753333e+01	-3.978382e-02	3.202960e+00
1.756667e+01	-3.954253e-02	3.203764e+00
1.760000e+01	-4.029362e-02	3.201259e+00
1.763333e+01	-4.102540e-02	3.198818e+00
1.766667e+01	-4.116866e-02	3.198340e+00
1.770000e+01	-4.085888e-02	3.199374e+00
1.773333e+01	-4.053174e-02	3.200465e+00
1.776667e+01	-4.045264e-02	3.200729e+00
1.780000e+01	-4.057926e-02	3.200306e+00
1.783333e+01	-4.072484e-02	3.199821e+00
1.786667e+01	-4.108467e-02	3.198620e+00
1.790000e+01	-4.314741e-02	3.191740e+00
1.793333e+01	-4.923664e-02	3.171428e+00
1.796667e+01	-5.942069e-02	3.137458e+00
18	-6.968279e-02	3.103227e+00
1.803333e+01	-7.515897e-02	3.084960e+00
1.806667e+01	-7.410113e-02	3.088489e+00
1.810000e+01	-6.625699e-02	3.114654e+00
1.813333e+01	-4.940503e-02	3.170866e+00
1.816667e+01	-2.275667e-02	3.259756e+00
1.820000e+01	6.622085e-03	3.357754e+00
1.823333e+01	2.668087e-02	3.424664e+00
1.826667e+01	3.084922e-02	3.438568e+00
1.830000e+01	2.226720e-02	3.409941e+00
1.833333e+01	7.835436e-03	3.361801e+00
1.836667e+01	-9.105785e-03	3.305291e+00
1.840000e+01	-2.934663e-02	3.237775e+00
1.843333e+01	-5.197024e-02	3.162310e+00
1.846667e+01	-7.080056e-02	3.099498e+00
1.850000e+01	-7.930407e-02	3.071133e+00
1.853333e+01	-7.743125e-02	3.077380e+00
1.856667e+01	-7.136445e-02	3.097617e+00
1.860000e+01	-6.780591e-02	3.109487e+00
1.863333e+01	-7.053755e-02	3.100375e+00
1.866667e+01	-8.122805e-02	3.064716e+00
1.870000e+01	-9.932077e-02	3.004364e+00
1.873333e+01	-1.197425e-01	2.936244e+00
1.876667e+01	-1.344152e-01	2.887301e+00
1.880000e+01	-1.386450e-01	2.873192e+00
1.883333e+01	-1.348905e-01	2.885716e+00
1.886667e+01	-1.299288e-01	2.902266e+00
1.890000e+01	-1.299023e-01	2.902355e+00
1.893333e+01	-1.373176e-01	2.877620e+00
1.896667e+01	-1.497231e-01	2.836239e+00
19	-1.609711e-01	2.798720e+00
1.903333e+01	-1.659469e-01	2.782122e+00
1.906667e+01	-1.645643e-01	2.786734e+00
1.910000e+01	-1.607982e-01	2.799296e+00
1.913333e+01	-1.585537e-01	2.806783e+00
1.916667e+01	-1.588867e-01	2.805672e+00
1.920000e+01	-1.604179e-01	2.800565e+00
1.923333e+01	-1.614299e-01	2.797189e+00
1.926667e+01	-1.613466e-01	2.797467e+00
1.930000e+01	-1.606985e-01	2.799629e+00
1.933333e+01	-1.602364e-01	2.801170e+00
1.936667e+01	-1.602463e-01	2.801137e+00
1.940000e+01	-1.605211e-01	2.800221e+00
1.943333e+01	-1.607320e-01	2.799517e+00
1.946667e+01	-1.607396e-01	2.799492e+00
1.950000e+01	-1.606238e-01	2.799878e+00
1.953333e+01	-1.605280e-01	2.800198e+00
1.956667e+01	-1.605193e-01	2.800226e+00
1.960000e+01	-1.605679e-01	2.800064e+00
1.963333e+01	-1.606112e-01	2.799920e+00
1.966667e+01	-1.606173e-01	2.799900e+00
1.970000e+01	-1.605971e-01	2.799967e+00
1.973333e+01	-1.605776e-01	2.800032e+00
1.976667e+01	-1.605739e-01	2.800044e+00
1.980000e+01	-1.605823e-01	2.800016e+00
1.983333e+01	-1.605910e-01	2.799987e+00
1.986667e+01	-1.602749e-01	2.801042e+00
1.990000e+01	-1.581575e-01	2.808105e+00
1.993333e+01	-1.519999e-01	2.828644e+00
1.996667e+01	-1.417935e-01	2.862690e+00
20	-1.315532e-01	2.896848e+00
2.003333e+01	-1.261072e-01	2.915014e+00
2.006667e+01	-1.265400e-01	2.913570e+00
2.010000e+01	-1.298294e-01	2.902598e+00
2.013333e+01	-1.322467e-01	2.894534e+00
2.016667e+01	-1.320071e-01	2.895334e+00
2.020000e+01	-1.289048e-01	2.905682e+00
2.023333e+01	-1.234743e-01	2.923796e+00
2.026667e+01	-1.172146e-01	2.944677e+00
2.030000e+01	-1.115674e-01	2.963514e+00
2.033333e+01	-1.066378e-01	2.979957e+00
2.036667e+01	-1.023424e-01	2.994285e+00
2.040000e+01	-9.952660e-02	3.003678e+00
2.043333e+01	-9.887029e-02	3.005867e+00
2.046667e+01	-9.978082e-02	3.002830e+00
2.050000e+01	-1.009067e-01	2.999074e+00
2.053333e+01	-1.013163e-01	2.997708e+00
2.056667e+01	-1.010105e-01	2.998728e+00
2.060000e+01	-1.008549e-01	2.999247e+00
2.063333e+01	-1.027704e-01	2.992858e+00
2.066667e+01	-1.090395e-01	2.971946e+00
2.070000e+01	-1.194500e-01	2.937220e+00
2.073333e+01	-1.297689e-01	2.902800e+00
2.076667e+01	-1.350380e-01	2.885224e+00
2.080000e+01	-1.340396e-01	2.888554e+00
2.083333e+01	-1.296605e-01	2.903161e+00
2.086667e+01	-1.256454e-01	2.916554e+00
2.090000e+01	-1.236897e-01	2.923078e+00
2.093333e+01	-1.231261e-01	2.924958e+00
2.096667e+01	-1.224846e-01	2.927097e+00
21	-1.209879e-01	2.932090e+00
2.103333e+01	-1.188649e-01	2.939172e+00
2.106667e+01	-1.167420e-01	2.946253e+00
2.110000e+01	-1.149804e-01	2.952129e+00
2.113333e+01	-1.135035e-01	2.957055e+00
2.116667e+01	-1.120423e-01	2.961930e+00
2.120000e+01	-1.104289e-01	2.967311e+00
2.123333e+01	-1.086865e-01	2.973123e+00
2.126667e+01	-1.069302e-01	2.978982e+00
2.130000e+01	-1.052375e-01	2.984628e+00
2.133333e+01	-1.033026e-01	2.991082e+00
2.136667e+01	-9.969838e-02	3.003105e+00
2.140000e+01	-9.236991e-02	3.027550e+00
2.143333e+01	-8.184882e-02	3.062645e+00
2.146667e+01	-7.365089e-02	3.089990e+00
2.150000e+01	-7.460015e-02	3.086824e+00
2.153333e+01	-8.546857e-02	3.050571e+00
2.156667e+01	-9.936941e-02	3.004202e+00
2.160000e+01	-1.092614e-01	2.971206e+00
2.163333e+01	-1.149645e-01	2.952182e+00
2.166667e+01	-1.205468e-01	2.933561e+00
2.170000e+01	-1.273328e-01	2.910926e+00
2.173333e+01	-1.326501e-01	2.893189e+00
2.176667e+01	-1.340809e-01	2.888416e+00
2.180000e+01	-1.320134e-01	2.895312e+00
2.183333e+01	-1.276233e-01	2.909956e+00
2.186667e+01	-1.206152e-01	2.933333e+00
2.190000e+01	-1.110236e-01	2.965327e+00
2.193333e+01	-1.017565e-01	2.996240e+00
2.196667e+01	-9.672578e-02	3.013020e+00
22	-9.692627e-02	3.012351e+00
2.203333e+01	-9.979344e-02	3.002788e+00
2.206667e+01	-1.020119e-01	2.995388e+00
2.210000e+01	-1.021774e-01	2.994836e+00
2.213333e+01	-1.010543e-01	2.998582e+00
2.216667e+01	-9.975814e-02	3.002905e+00
2.220000e+01	-9.751844e-02	3.010376e+00
2.223333e+01	-9.119193e-02	3.031479e+00
2.226667e+01	-7.719607e-02	3.078165e+00
2.230000e+01	-5.472414e-02	3.153124e+00
2.233333e+01	-2.867400e-02	3.240018e+00
2.236667e+01	-8.427155e-03	3.307555e+00
2.240000e+01	-7.780956e-04	3.333070e+00
2.243333e+01	-4.139199e-03	3.321858e+00
2.246667e+01	-1.088530e-02	3.299355e+00
2.250000e+01	-1.443806e-02	3.287505e+00
2.253333e+01	-1.349077e-02	3.290664e+00
2.256667e+01	-1.074423e-02	3.299826e+00
2.260000e+01	-9.129460e-03	3.305212e+00
2.263333e+01	-9.435551e-03	3.304191e+00
2.266667e+01	-1.060505e-02	3.300290e+00
2.270000e+01	-1.134909e-02	3.297808e+00
2.273333e+01	-1.189650e-02	3.295982e+00
2.276667e+01	-1.562465e-02	3.283546e+00
2.280000e+01	-2.758935e-02	3.243636e+00
2.283333e+01	-4.801841e-02	3.175492e+00
2.286667e+01	-6.871422e-02	3.106457e+00
2.290000e+01	-7.976672e-02	3.069590e+00
2.293333e+01	-7.890344e-02	3.072470e+00
2.296667e+01	-7.223350e-02	3.094718e+00
23	-6.732588e-02	3.111088e+00
2.303333e+01	-6.716386e-02	3.111629e+00
2.306667e+01	-6.981507e-02	3.102785e+00
2.310000e+01	-7.199314e-02	3.095520e+00
2.313333e+01	-7.218561e-02	3.094878e+00
2.316667e+01	-7.108386e-02	3.098553e+00
2.320000e+01	-7.010530e-02	3.101817e+00
2.323333e+01	-6.997009e-02	3.102268e+00
2.326667e+01	-7.042862e-02	3.100739e+00
2.330000e+01	-7.055017e-02	3.100333e+00
2.333333e+01	-6.851811e-02	3.107112e+00
2.336667e+01	-6.217493e-02	3.128270e+00
2.340000e+01	-5.177285e-02	3.162968e+00
2.343333e+01	-4.148546e-02	3.197283e+00
2.346667e+01	-3.611531e-02	3.215196e+00
2.350000e+01	-3.663513e-02	3.213463e+00
2.353333e+01	-3.994947e-02	3.202407e+00
2.356667e+01	-4.233606e-02	3.194446e+00
2.360000e+01	-4.237597e-02	3.194313e+00
2.363333e+01	-4.105677e-02	3.198713e+00
2.366667e+01	-3.999654e-02	3.202250e+00
2.370000e+01	-3.991932e-02	3.202508e+00
2.373333e+01	-4.046856e-02	3.200676e+00
2.376667e+01	-4.094556e-02	3.199084e+00
2.380000e+01	-4.100442e-02	3.198888e+00
2.383333e+01	-4.077536e-02	3.199652e+00
2.386667e+01	-4.056072e-02	3.200368e+00
2.390000e+01	-4.052377e-02	3.200491e+00
2.393333e+01	-4.061863e-02	3.200175e+00
2.396667e+01	-4.103295e-02	3.198793e+00
24	-4.316797e-02	3.191671e+00
2.403333e+01	-4.928275e-02	3.171274e+00
2.406667e+01	-5.944518e-02	3.137376e+00
2.410000e+01	-6.967547e-02	3.103251e+00
2.413333e+01	-7.513904e-02	3.085026e+00
2.416667e+01	-7.472591e-02	3.086404e+00
2.420000e+01	-7.144176e-02	3.097359e+00
2.423333e+01	-6.901734e-02	3.105446e+00
2.426667e+01	-6.893016e-02	3.105737e+00
2.430000e+01	-7.023391e-02	3.101388e+00
2.433333e+01	-7.130928e-02	3.097801e+00
2.436667e+01	-7.140735e-02	3.097474e+00
2.440000e+01	-7.086583e-02	3.099280e+00
2.443333e+01	-7.038286e-02	3.100891e+00
2.446667e+01	-7.031483e-02	3.101118e+00
2.450000e+01	-7.054012e-02	3.100367e+00
2.453333e+01	-7.043893e-02	3.100704e+00
2.456667e+01	-6.836593e-02	3.107619e+00
2.460000e+01	-6.211916e-02	3.128456e+00
2.463333e+01	-5.181678e-02	3.162822e+00
2.466667e+01	-4.155234e-02	3.197060e+00
2.470000e+01	-3.614269e-02	3.215105e+00
2.473333e+01	-3.661809e-02	3.213519e+00
2.476667e+01	-3.992021e-02	3.202505e+00
2.480000e+01	-4.232283e-02	3.194490e+00
2.483333e+01	-4.238243e-02	3.194291e+00
2.486667e+01	-4.106951e-02	3.198671e+00
2.490000e+01	-4.000286e-02	3.202229e+00
2.493333e+01	-3.991694e-02	3.202516e+00
2.496667e+01	-4.046303e-02	3.200694e+00
25	-4.094257e-02	3.199094e+00
2.503333e+01	-4.100526e-02	3.198885e+00
2.506667e+01	-4.109588e-02	3.198583e+00
2.510000e+01	-4.299421e-02	3.192251e+00
2.513333e+01	-4.910932e-02	3.171853e+00
2.516667e+01	-5.940876e-02	3.137497e+00
2.520000e+01	-6.974695e-02	3.103013e+00
2.523333e+01	-7.521647e-02	3.084768e+00
2.526667e+01	-7.474570e-02	3.086338e+00
2.530000e+01	-7.141263e-02	3.097456e+00
2.533333e+01	-6.898293e-02	3.105561e+00
2.536667e+01	-6.891984e-02	3.105772e+00
2.540000e+01	-7.024565e-02	3.101349e+00
2.543333e+01	-7.132450e-02	3.097750e+00
2.546667e+01	-7.141258e-02	3.097457e+00
2.550000e+01	-7.086115e-02	3.099296e+00
2.553333e+01	-7.037615e-02	3.100914e+00
2.556667e+01	-7.031224e-02	3.101127e+00
2.560000e+01	-7.054195e-02	3.100361e+00
2.563333e+01	-7.076001e-02	3.099633e+00
2.566667e+01	-7.079929e-02	3.099502e+00
2.570000e+01	-7.070429e-02	3.099819e+00
2.573333e+01	-7.060665e-02	3.100145e+00
2.576667e+01	-7.058452e-02	3.100219e+00
2.580000e+01	-7.062347e-02	3.100089e+00
2.583333e+01	-7.066698e-02	3.099944e+00
2.586667e+01	-7.036067e-02	3.100965e+00
2.590000e+01	-6.823090e-02	3.108070e+00
2.593333e+01	-6.205786e-02	3.128661e+00
2.596667e+01	-5.184643e-02	3.162723e+00
26	-4.161115e-02	3.196864e+00
2.603333e+01	-3.553568e-02	3.217130e+00
2.606667e+01	-3.142487e-02	3.230842e+00
2.610000e+01	-2.029097e-02	3.267981e+00
2.613333e+01	3.859137e-03	3.348538e+00
2.616667e+01	3.447047e-02	3.450647e+00
2.620000e+01	5.659516e-02	3.524448e+00
2.623333e+01	5.949949e-02	3.534135e+00
2.626667e+01	4.188111e-02	3.475366e+00
2.630000e+01	8.585623e-03	3.364304e+00
2.633333e+01	-3.127723e-02	3.231335e+00
2.636667e+01	-6.494494e-02	3.119031e+00
2.640000e+01	-8.197160e-02	3.062235e+00
2.643333e+01	-8.178710e-02	3.062851e+00
2.646667e+01	-7.330834e-02	3.091133e+00
2.650000e+01	-6.670374e-02	3.113164e+00
2.653333e+01	-6.614645e-02	3.115023e+00
2.656667e+01	-6.939079e-02	3.104201e+00
2.660000e+01	-7.224019e-02	3.094696e+00
2.663333e+01	-7.293672e-02	3.092373e+00
2.666667e+01	-7.371167e-02	3.089788e+00
2.670000e+01	-7.859476e-02	3.073499e+00
2.673333e+01	-8.857235e-02	3.040217e+00
2.676667e+01	-9.936827e-02	3.004206e+00
2.680000e+01	-1.053846e-01	2.984137e+00
2.683333e+01	-1.050806e-01	2.985151e+00
2.686667e+01	-1.015631e-01	2.996885e+00
2.690000e+01	-9.889161e-02	3.005796e+00
2.693333e+01	-9.874431e-02	3.006287e+00
2.696667e+01	-1.001434e-01	3.001620e+00
27	-1.013287e-01	2.997666e+00
2.703333e+01	-1.014584e-01	2.997234e+00
2.706667e+01	-1.008784e-01	2.999169e+00
2.710000e+01	-1.000286e-01	3.002003e+00
2.713333e+01	-9.783042e-02	3.009336e+00
2.716667e+01	-9.191737e-02	3.029060e+00
2.720000e+01	-8.195047e-02	3.062306e+00
2.723333e+01	-7.175784e-02	3.096305e+00
2.726667e+01	-6.621102e-02	3.114807e+00
2.730000e+01	-6.653671e-02	3.113721e+00
2.733333e+01	-6.979999e-02	3.102836e+00
2.736667e+01	-7.225846e-02	3.094635e+00
2.740000e+01	-7.238457e-02	3.094214e+00
2.743333e+01	-7.109184e-02	3.098526e+00
2.746667e+01	-7.000269e-02	3.102160e+00
2.750000e+01	-6.988737e-02	3.102544e+00
2.753333e+01	-7.042325e-02	3.100757e+00
2.756667e+01	-7.091173e-02	3.099127e+00
2.760000e+01	-7.098737e-02	3.098875e+00
2.763333e+01	-7.076491e-02	3.099617e+00
2.766667e+01	-7.054578e-02	3.100348e+00
2.770000e+01	-7.050148e-02	3.100496e+00
2.773333e+01	-7.059313e-02	3.100190e+00
2.776667e+01	-7.069103e-02	3.099863e+00
2.780000e+01	-7.071530e-02	3.099783e+00
2.783333e+01	-7.067789e-02	3.099907e+00
2.786667e+01	-7.063435e-02	3.100053e+00
2.790000e+01	-7.062162e-02	3.100095e+00
2.793333e+01	-7.063673e-02	3.100045e+00
2.796667e+01	-7.065601e-02	3.099980e+00
28	-7.066249e-02	3.099959e+00
2.803333e+01	-7.065646e-02	3.099979e+00
2.806667e+01	-7.064796e-02	3.100007e+00
2.810000e+01	-7.064474e-02	3.100018e+00
2.813333e+01	-7.064711e-02	3.100010e+00
2.816667e+01	-7.065084e-02	3.099998e+00
2.820000e+01	-7.065241e-02	3.099992e+00
2.823333e+01	-7.065150e-02	3.099995e+00
2.826667e+01	-7.064987e-02	3.100001e+00
2.830000e+01	-7.064911e-02	3.100003e+00
2.833333e+01	-7.064945e-02	3.100002e+00
2.836667e+01	-7.065016e-02	3.100000e+00
2.840000e+01	-7.065052e-02	3.099999e+00
2.843333e+01	-7.065040e-02	3.099999e+00
2.846667e+01	-7.065009e-02	3.100000e+00
2.850000e+01	-7.064992e-02	3.100001e+00
2.853333e+01	-7.064997e-02	3.100000e+00
2.856667e+01	-7.065010e-02	3.100000e+00
2.860000e+01	-7.065018e-02	3.100000e+00
2.863333e+01	-7.065016e-02	3.100000e+00
2.866667e+01	-7.065011e-02	3.100000e+00
2.870000e+01	-7.065007e-02	3.100000e+00
2.873333e+01	-7.065007e-02	3.100000e+00
2.876667e+01	-7.065010e-02	3.100000e+00
2.880000e+01	-7.065011e-02	3.100000e+00
2.883333e+01	-7.065011e-02	3.100000e+00
2.886667e+01	-7.065010e-02	3.100000e+00
2.890000e+01	-7.065010e-02	3.100000e+00
2.893333e+01	-7.065010e-02	3.100000e+00
2.896667e+01	-7.065010e-02	3.100000e+00
29	-7.065010e-02	3.100000e+00
2.903333e+01	-7.065010e-02	3.100000e+00
2.906667e+01	-7.065010e-02	3.100000e+00
2.910000e+01	-7.065010e-02	3.100000e+00
2.913333e+01	-7.065010e-02	3.100000e+00
2.916667e+01	-7.065010e-02	3.100000e+00
2.920000e+01	-7.065010e-02	3.100000e+00
2.923333e+01	-7.065010e-02	3.100000e+00
2.926667e+01	-7.065010e-02	3.100000e+00
2.930000e+01	-7.065010e-02	3.100000e+00
2.933333e+01	-7.065010e-02	3.100000e+00
2.936667e+01	-7.065010e-02	3.100000e+00
2.940000e+01	-7.065010e-02	3.100000e+00
2.943333e+01	-7.065010e-02	3.100000e+00
2.946667e+01	-7.065010e-02	3.100000e+00
2.950000e+01	-7.065010e-02	3.100000e+00
2.953333e+01	-7.065010e-02	3.100000e+00
2.956667e+01	-7.065010e-02	3.100000e+00
2.960000e+01	-7.065010e-02	3.100000e+00
2.963333e+01	-7.065010e-02	3.100000e+00
2.966667e+01	-7.065010e-02	3.100000e+00
2.970000e+01	-7.065010e-02	3.100000e+00
2.973333e+01	-7.065010e-02	3.100000e+00
2.976667e+01	-7.065010e-02	3.100000e+00
2.980000e+01	-7.065010e-02	3.100000e+00
2.983333e+01	-7.065010e-02	3.100000e+00
2.986667e+01	-7.065010e-02	3.100000e+00
2.990000e+01	-7.065010e-02	3.100000e+00
2.993333e+01	-7.065010e-02	3.100000e+00
2.996667e+01	-7.065010e-02	3.100000e+00
30	-7.065010e-02	3.100000e+00
3.003333e+01	-7.065010e-02	3.100000e+00
3.006667e+01	-7.065010e-02	3.100000e+00
3.010000e+01	-7.065010e-02	3.100000e+00
3.013333e+01	-7.065010e-02	3.100000e+00
3.016667e+01	-7.065010e-02	3.100000e+00
3.020000e+01	-7.065010e-02	3.100000e+00
3.023333e+01	-7.065010e-02	3.100000e+00
3.026667e+01	-7.065010e-02	3.100000e+00
3.030000e+01	-7.065010e-02	3.100000e+00
3.033333e+01	-7.065010e-02	3.100000e+00
3.036667e+01	-7.065010e-02	3.100000e+00
3.040000e+01	-7.065010e-02	3.100000e+00
3.043333e+01	-7.065010e-02	3.100000e+00
3.046667e+01	-7.065010e-02	3.100000e+00
3.050000e+01	-7.065010e-02	3.100000e+00
3.053333e+01	-7.065010e-02	3.100000e+00
3.056667e+01	-7.065010e-02	3.100000e+00
3.060000e+01	-7.065010e-02	3.100000e+00
3.063333e+01	-7.065010e-02	3.100000e+00
3.066667e+01	-7.065010e-02	3.100000e+00
3.070000e+01	-7.065010e-02	3.100000e+00
3.073333e+01	-7.065010e-02	3.100000e+00
3.076667e+01	-7.065010e-02	3.100000e+00
3.080000e+01	-7.065010e-02	3.100000e+00
3.083333e+01	-7.065010e-02	3.100000e+00
3.086667e+01	-7.065010e-02	3.100000e+00
3.090000e+01	-7.065010e-02	3.100000e+00
3.093333e+01	-7.065010e-02	3.100000e+00
3.096667e+01	-7.065010e-02	3.100000e+00
31	-7.065010e-02	3.100000e+00
3.103333e+01	-7.065010e-02	3.100000e+00
3.106667e+01	-7.065010e-02	3.100000e+00
3.110000e+01	-7.065010e-02	3.100000e+00
3.113333e+01	-7.065010e-02	3.100000e+00
3.116667e+01	-7.065010e-02	3.100000e+00
3.120000e+01	-7.065010e-02	3.100000e+00
3.123333e+01	-7.065010e-02	3.100000e+00
3.126667e+01	-7.065010e-02	3.100000e+00
3.130000e+01	-7.065010e-02	3.100000e+00
3.133333e+01	-7.065010e-02	3.100000e+00
3.136667e+01	-7.065010e-02	3.100000e+00
3.140000e+01	-7.065010e-02	3.100000e+00
3.143333e+01	-7.065010e-02	3.100000e+00
3.146667e+01	-7.065010e-02	3.100000e+00
3.150000e+01	-7.065010e-02	3.100000e+00
3.153333e+01	-7.065010e-02	3.100000e+00
3.156667e+01	-7.065010e-02	3.100000e+00
3.160000e+01	-7.065010e-02	3.100000e+00
3.163333e+01	-7.065010e-02	3.100000e+00
3.166667e+01	-7.065010e-02	3.100000e+00
3.170000e+01	-7.065010e-02	3.100000e+00
3.173333e+01	-7.065010e-02	3.100000e+00
3.176667e+01	-7.063874e-02	3.100038e+00
3.180000e+01	-7.055188e-02	3.100328e+00
3.183333e+01	-7.024524e-02	3.101350e+00
3.186667e+01	-6.957413e-02	3.103589e+00
3.190000e+01	-6.853724e-02	3.107048e+00
3.193333e+01	-6.730580e-02	3.111155e+00
3.196667e+01	-6.608979e-02	3.115212e+00
32	-6.499127e-02	3.118876e+00
3.203333e+01	-6.397912e-02	3.122252e+00
3.206667e+01	-6.296978e-02	3.125619e+00
3.210000e+01	-6.191378e-02	3.129141e+00
3.213333e+01	-6.081945e-02	3.132792e+00
3.216667e+01	-5.972176e-02	3.136453e+00
3.220000e+01	-5.864346e-02	3.140050e+00
3.223333e+01	-5.758237e-02	3.143590e+00
3.226667e+01	-5.652365e-02	3.147121e+00
3.230000e+01	-5.545687e-02	3.150680e+00
3.233333e+01	-5.438234e-02	3.154264e+00
3.236667e+01	-5.330639e-02	3.157853e+00
3.240000e+01	-5.223376e-02	3.161431e+00
3.243333e+01	-5.116460e-02	3.164997e+00
3.246667e+01	-5.009624e-02	3.168561e+00
3.250000e+01	-4.902651e-02	3.172129e+00
3.253333e+01	-4.795524e-02	3.175702e+00
3.256667e+01	-4.688355e-02	3.179277e+00
3.260000e+01	-4.581241e-02	3.182850e+00
3.263333e+01	-4.474195e-02	3.186421e+00
3.266667e+01	-4.367171e-02	3.189991e+00
3.270000e+01	-4.261262e-02	3.193524e+00
3.273333e+01	-4.162872e-02	3.196806e+00
3.276667e+01	-4.086448e-02	3.199355e+00
3.280000e+01	-4.046481e-02	3.200688e+00
3.283333e+01	-4.043105e-02	3.200801e+00
3.286667e+01	-4.059190e-02	3.200264e+00
3.290000e+01	-4.073728e-02	3.199779e+00
3.293333e+01	-4.076510e-02	3.199686e+00
3.296667e+01	-4.070654e-02	3.199882e+00
33	-4.064517e-02	3.200086e+00
3.303333e+01	-4.063050e-02	3.200135e+00
3.306667e+01	-4.065416e-02	3.200056e+00
3.310000e+01	-4.068119e-02	3.199966e+00
3.313333e+01	-4.068881e-02	3.199941e+00
3.316667e+01	-4.067921e-02	3.199973e+00
3.320000e+01	-4.066724e-02	3.200013e+00
3.323333e+01	-4.066335e-02	3.200026e+00
3.326667e+01	-4.066719e-02	3.200013e+00
3.330000e+01	-4.067248e-02	3.199995e+00
3.333333e+01	-4.067442e-02	3.199989e+00
3.336667e+01	-4.067290e-02	3.199994e+00
3.340000e+01	-4.067058e-02	3.200002e+00
3.343333e+01	-4.066963e-02	3.200005e+00
3.346667e+01	-4.067022e-02	3.200003e+00
3.350000e+01	-4.067123e-02	3.199999e+00
3.353333e+01	-4.067169e-02	3.199998e+00
3.356667e+01	-4.067147e-02	3.199999e+00
3.360000e+01	-4.067103e-02	3.200000e+00
3.363333e+01	-4.067081e-02	3.200001e+00
3.366667e+01	-4.067089e-02	3.200001e+00
3.370000e+01	-4.067108e-02	3.200000e+00
3.373333e+01	-4.067118e-02	3.200000e+00
3.376667e+01	-4.067116e-02	3.200000e+00
3.380000e+01	-4.067107e-02	3.200000e+00
3.383333e+01	-4.067102e-02	3.200000e+00
3.386667e+01	-4.067103e-02	3.200000e+00
3.390000e+01	-4.035293e-02	3.201061e+00
3.393333e+01	-3.823900e-02	3.208113e+00
3.396667e+01	-3.208526e-02	3.228639e+00
34	-2.187992e-02	3.262681e+00
3.403333e+01	-1.163828e-02	3.296844e+00
3.406667e+01	-6.190549e-03	3.315015e+00
3.410000e+01	-6.622738e-03	3.313574e+00
3.413333e+01	-9.912769e-03	3.302599e+00
3.416667e+01	-1.233081e-02	3.294534e+00
3.420000e+01	-1.240957e-02	3.294271e+00
3.423333e+01	-1.110286e-02	3.298630e+00
3.426667e+01	-1.003002e-02	3.302208e+00
3.430000e+01	-9.935653e-03	3.302523e+00
3.433333e+01	-1.047864e-02	3.300712e+00
3.436667e+01	-1.096062e-02	3.299104e+00
3.440000e+01	-1.102702e-02	3.298883e+00
3.443333e+01	-1.080103e-02	3.299636e+00
3.446667e+01	-1.344767e-02	3.290808e+00
3.450000e+01	-3.243304e-02	3.227479e+00
3.453333e+01	-8.759188e-02	3.043488e+00
3.456667e+01	-1.774228e-01	2.743842e+00
3.460000e+01	-2.631481e-01	2.457891e+00
3.463333e+01	-2.995020e-01	2.336627e+00
3.466667e+01	-2.770599e-01	2.411486e+00
3.470000e+01	-2.256309e-01	2.583036e+00
3.473333e+01	-1.838692e-01	2.722339e+00
3.476667e+01	-1.707802e-01	2.766000e+00
3.480000e+01	-1.799492e-01	2.735415e+00
3.483333e+01	-1.937176e-01	2.689488e+00
3.486667e+01	-2.010738e-01	2.664950e+00
3.490000e+01	-2.037616e-01	2.655985e+00
3.493333e+01	-2.083092e-01	2.640815e+00
3.496667e+01	-2.158023e-01	2.615821e+00
35	-2.204862e-01	2.600197e+00
3.503333e+01	-2.163635e-01	2.613949e+00
3.506667e+01	-2.040278e-01	2.655097e+00
3.510000e+01	-1.908588e-01	2.699024e+00
3.513333e+01	-1.842606e-01	2.721033e+00
3.516667e+01	-1.854485e-01	2.717071e+00
3.520000e+01	-1.899960e-01	2.701902e+00
3.523333e+01	-1.929724e-01	2.691974e+00
3.526667e+01	-1.927676e-01	2.692657e+00
3.530000e+01	-1.909154e-01	2.698835e+00
3.533333e+01	-1.895762e-01	2.703302e+00
3.536667e+01	-1.895868e-01	2.703267e+00
3.540000e+01	-1.903664e-01	2.700667e+00
3.543333e+01	-1.912925e-01	2.697577e+00
3.546667e+01	-1.934355e-01	2.690429e+00
3.550000e+01	-1.992611e-01	2.670997e+00
3.553333e+01	-2.091907e-01	2.637875e+00
3.556667e+01	-2.194046e-01	2.603805e+00
3.560000e+01	-2.249896e-01	2.585175e+00
3.563333e+01	-2.246818e-01	2.586202e+00
3.566667e+01	-2.214106e-01	2.597113e+00
3.570000e+01	-2.192536e-01	2.604308e+00
3.573333e+01	-2.212330e-01	2.597706e+00
3.576667e+01	-2.286823e-01	2.572857e+00
3.580000e+01	-2.399840e-01	2.535159e+00
3.583333e+01	-2.503450e-01	2.500598e+00
3.586667e+01	-2.552558e-01	2.484217e+00
3.590000e+01	-2.543320e-01	2.487299e+00
3.593333e+01	-2.509645e-01	2.498532e+00
3.596667e+01	-2.487692e-01	2.505854e+00
36	-2.489109e-01	2.505382e+00
3.603333e+01	-2.505810e-01	2.499811e+00
3.606667e+01	-2.536760e-01	2.489487e+00
3.610000e+01	-2.598257e-01	2.468974e+00
3.613333e+01	-2.694633e-01	2.436826e+00
3.616667e+01	-2.792604e-01	2.404146e+00
3.620000e+01	-2.846855e-01	2.386050e+00
3.623333e+01	-2.844922e-01	2.386694e+00
3.626667e+01	-2.814037e-01	2.396997e+00
3.630000e+01	-2.790065e-01	2.404993e+00
3.633333e+01	-2.788278e-01	2.405589e+00
3.636667e+01	-2.800436e-01	2.401533e+00
3.640000e+01	-2.814206e-01	2.396940e+00
3.643333e+01	-2.836705e-01	2.389435e+00
3.646667e+01	-2.893220e-01	2.370584e+00
3.650000e+01	-2.990536e-01	2.338123e+00
3.653333e+01	-3.092117e-01	2.304238e+00
3.656667e+01	-3.148672e-01	2.285374e+00
3.660000e+01	-3.146471e-01	2.286108e+00
3.663333e+01	-3.117224e-01	2.295864e+00
3.666667e+01	-3.113331e-01	2.297162e+00
3.670000e+01	-3.173135e-01	2.277214e+00
3.673333e+01	-3.284821e-01	2.239959e+00
3.676667e+01	-3.377172e-01	2.209154e+00
3.680000e+01	-3.371476e-01	2.211054e+00
3.683333e+01	-3.259801e-01	2.248304e+00
3.686667e+01	-3.119526e-01	2.295096e+00
3.690000e+01	-3.036837e-01	2.322678e+00
3.693333e+01	-3.021426e-01	2.327819e+00
3.696667e+01	-3.008077e-01	2.332271e+00
37	-2.941417e-01	2.354507e+00
3.703333e+01	-2.839830e-01	2.388393e+00
3.706667e+01	-2.765865e-01	2.413065e+00
3.710000e+01	-2.754378e-01	2.416897e+00
3.713333e+01	-2.786037e-01	2.406336e+00
3.716667e+01	-2.818348e-01	2.395559e+00
3.720000e+01	-2.826256e-01	2.392921e+00
3.723333e+01	-2.814108e-01	2.396973e+00
3.726667e+01	-2.799991e-01	2.401682e+00
3.730000e+01	-2.795845e-01	2.403065e+00
3.733333e+01	-2.800705e-01	2.401444e+00
3.736667e+01	-2.806927e-01	2.399368e+00
3.740000e+01	-2.809026e-01	2.398668e+00
3.743333e+01	-2.807087e-01	2.399315e+00
3.746667e+01	-2.804347e-01	2.400229e+00
3.750000e+01	-2.803305e-01	2.400577e+00
3.753333e+01	-2.804066e-01	2.400323e+00
3.756667e+01	-2.805269e-01	2.399921e+00
3.760000e+01	-2.805778e-01	2.399752e+00
3.763333e+01	-2.805484e-01	2.399849e+00
3.766667e+01	-2.804959e-01	2.400025e+00
3.770000e+01	-2.804714e-01	2.400107e+00
3.773333e+01	-2.804824e-01	2.400070e+00
3.776667e+01	-2.805053e-01	2.399993e+00
3.780000e+01	-2.805169e-01	2.399955e+00
3.783333e+01	-2.805129e-01	2.399968e+00
3.786667e+01	-2.805030e-01	2.400001e+00
3.790000e+01	-2.804975e-01	2.400019e+00
3.793333e+01	-2.804989e-01	2.400015e+00
3.796667e+01	-2.805032e-01	2.400000e+00
38	-2.805057e-01	2.399992e+00
3.803333e+01	-2.805053e-01	2.399993e+00
3.806667e+01	-2.805035e-01	2.399999e+00
3.810000e+01	-2.805023e-01	2.400003e+00
3.813333e+01	-2.805024e-01	2.400003e+00
3.816667e+01	-2.805032e-01	2.400000e+00
3.820000e+01	-2.805037e-01	2.399999e+00
3.823333e+01	-2.805037e-01	2.399999e+00
3.826667e+01	-2.801852e-01	2.401061e+00
3.830000e+01	-2.780710e-01	2.408113e+00
3.833333e+01	-2.719173e-01	2.428640e+00
3.836667e+01	-2.617121e-01	2.462681e+00
3.840000e+01	-2.517887e-01	2.495782e+00
3.843333e+01	-2.484550e-01	2.506903e+00
3.846667e+01	-2.550408e-01	2.484934e+00
3.850000e+01	-2.685361e-01	2.439918e+00
3.853333e+01	-2.811958e-01	2.397690e+00
3.856667e+01	-2.867223e-01	2.379255e+00
3.860000e+01	-2.849834e-01	2.385056e+00
3.863333e+01	-2.806206e-01	2.399609e+00
3.866667e+01	-2.781082e-01	2.407989e+00
3.870000e+01	-2.785724e-01	2.406441e+00
3.873333e+01	-2.803611e-01	2.400474e+00
3.876667e+01	-2.815003e-01	2.396674e+00
3.880000e+01	-2.813687e-01	2.397113e+00
3.883333e+01	-2.806091e-01	2.399647e+00
3.886667e+01	-2.800869e-01	2.401389e+00
3.890000e+01	-2.801139e-01	2.401299e+00
3.893333e+01	-2.804368e-01	2.400222e+00
3.896667e+01	-2.806758e-01	2.399424e+00
39	-2.806779e-01	2.399418e+00
3.903333e+01	-2.805413e-01	2.399873e+00
3.906667e+01	-2.804324e-01	2.400236e+00
3.910000e+01	-2.804254e-01	2.400260e+00
3.913333e+01	-2.804828e-01	2.400068e+00
3.916667e+01	-2.808503e-01	2.398843e+00
3.920000e+01	-2.829700e-01	2.391772e+00
3.923333e+01	-2.890998e-01	2.371325e+00
3.926667e+01	-2.992829e-01	2.337358e+00
3.930000e+01	-3.095208e-01	2.303207e+00
3.933333e+01	-3.149785e-01	2.285002e+00
3.936667e+01	-3.145562e-01	2.286411e+00
3.940000e+01	-3.112683e-01	2.297378e+00
3.943333e+01	-3.088462e-01	2.305458e+00
3.946667e+01	-3.087630e-01	2.305735e+00
3.950000e+01	-3.100686e-01	2.301380e+00
3.953333e+01	-3.111431e-01	2.297796e+00
3.956667e+01	-3.112394e-01	2.297475e+00
3.960000e+01	-3.106970e-01	2.299284e+00
3.963333e+01	-3.102144e-01	2.300894e+00
3.966667e+01	-3.101471e-01	2.301118e+00
3.970000e+01	-3.103728e-01	2.300365e+00
3.973333e+01	-3.105896e-01	2.299642e+00
3.976667e+01	-3.106303e-01	2.299507e+00
3.980000e+01	-3.105370e-01	2.299818e+00
3.983333e+01	-3.104400e-01	2.300141e+00
3.986667e+01	-3.104173e-01	2.300217e+00
3.990000e+01	-3.104555e-01	2.300089e+00
3.993333e+01	-3.104987e-01	2.299945e+00
3.996667e+01	-3.105108e-01	2.299905e+00
40	-3.104953e-01	2.299957e+00
4.003333e+01	-3.104761e-01	2.300021e+00
4.006667e+01	-3.104700e-01	2.300041e+00
4.010000e+01	-3.104762e-01	2.300021e+00
4.013333e+01	-3.101665e-01	2.301054e+00
4.016667e+01	-3.080556e-01	2.308095e+00
4.020000e+01	-3.018994e-01	2.328630e+00
4.023333e+01	-2.916904e-01	2.362684e+00
4.026667e+01	-2.814472e-01	2.396851e+00
4.030000e+01	-2.760005e-01	2.415020e+00
4.033333e+01	-2.764343e-01	2.413573e+00
4.036667e+01	-2.797250e-01	2.402596e+00
4.040000e+01	-2.824608e-01	2.393470e+00
4.043333e+01	-2.846529e-01	2.386158e+00
4.046667e+01	-2.894995e-01	2.369992e+00
4.050000e+01	-2.986321e-01	2.339528e+00
4.053333e+01	-3.087797e-01	2.305679e+00
4.056667e+01	-3.147706e-01	2.285696e+00
4.060000e+01	-3.148203e-01	2.285530e+00
4.063333e+01	-3.115966e-01	2.296283e+00
4.066667e+01	-3.089525e-01	2.305103e+00
4.070000e+01	-3.086572e-01	2.306088e+00
4.073333e+01	-3.099237e-01	2.301863e+00
4.076667e+01	-3.110899e-01	2.297973e+00
4.080000e+01	-3.112812e-01	2.297335e+00
4.083333e+01	-3.107607e-01	2.299071e+00
4.086667e+01	-3.102405e-01	2.300807e+00
4.090000e+01	-3.101309e-01	2.301172e+00
4.093333e+01	-3.103449e-01	2.300458e+00
4.096667e+01	-3.105770e-01	2.299684e+00
41	-3.106364e-01	2.299486e+00
4.103333e+01	-3.105492e-01	2.299777e+00
4.106667e+01	-3.104460e-01	2.300121e+00
4.110000e+01	-3.104151e-01	2.300224e+00
4.113333e+01	-3.104503e-01	2.300107e+00
4.116667e+01	-3.104959e-01	2.299955e+00
4.120000e+01	-3.105116e-01	2.299903e+00
4.123333e+01	-3.104976e-01	2.299949e+00
4.126667e+01	-3.104775e-01	2.300016e+00
4.130000e+01	-3.104697e-01	2.300042e+00
4.133333e+01	-3.104752e-01	2.300024e+00
4.136667e+01	-3.104840e-01	2.299994e+00
4.140000e+01	-3.104878e-01	2.299982e+00
4.143333e+01	-3.104857e-01	2.299989e+00
4.146667e+01	-3.104818e-01	2.300002e+00
4.150000e+01	-3.104800e-01	2.300008e+00
4.153333e+01	-3.104808e-01	2.300005e+00
4.156667e+01	-3.104825e-01	2.300000e+00
4.160000e+01	-3.104833e-01	2.299997e+00
4.163333e+01	-3.104830e-01	2.299998e+00
4.166667e+01	-3.104823e-01	2.300000e+00
4.170000e+01	-3.104819e-01	2.300001e+00
4.173333e+01	-3.104820e-01	2.300001e+00
4.176667e+01	-3.104823e-01	2.300000e+00
4.180000e+01	-3.104825e-01	2.299999e+00
4.183333e+01	-3.104825e-01	2.300000e+00
4.186667e+01	-3.104823e-01	2.300000e+00
4.190000e+01	-3.104823e-01	2.300000e+00
4.193333e+01	-3.104823e-01	2.300000e+00
4.196667e+01	-3.104823e-01	2.300000e+00
42	-3.104824e-01	2.300000e+00
4.203333e+01	-3.104824e-01	2.300000e+00
4.206667e+01	-3.104823e-01	2.300000e+00
4.210000e+01	-3.104823e-01	2.300000e+00
4.213333e+01	-3.104823e-01	2.300000e+00
4.216667e+01	-3.104823e-01	2.300000e+00
4.220000e+01	-3.104823e-01	2.300000e+00
4.223333e+01	-3.104823e-01	2.300000e+00
4.226667e+01	-3.104823e-01	2.300000e+00
4.230000e+01	-3.104823e-01	2.300000e+00
4.233333e+01	-3.104823e-01	2.300000e+00
4.236667e+01	-3.104823e-01	2.300000e+00
4.240000e+01	-3.104823e-01	2.300000e+00
4.243333e+01	-3.104823e-01	2.300000e+00
4.246667e+01	-3.104823e-01	2.300000e+00
4.250000e+01	-3.104823e-01	2.300000e+00
4.253333e+01	-3.104823e-01	2.300000e+00
4.256667e+01	-3.104823e-01	2.300000e+00
4.260000e+01	-3.104823e-01	2.300000e+00
4.263333e+01	-3.108005e-01	2.298939e+00
4.266667e+01	-3.129144e-01	2.291887e+00
4.270000e+01	-3.193863e-01	2.270299e+00
4.273333e+01	-3.317056e-01	2.229206e+00
4.276667e+01	-3.481009e-01	2.174517e+00
4.280000e+01	-3.637540e-01	2.122304e+00
4.283333e+01	-3.735635e-01	2.089583e+00
4.286667e+01	-3.757212e-01	2.082385e+00
4.290000e+01	-3.728709e-01	2.091893e+00
4.293333e+01	-3.695021e-01	2.103130e+00
4.296667e+01	-3.683908e-01	2.106837e+00
43	-3.693849e-01	2.103521e+00
4.303333e+01	-3.707860e-01	2.098847e+00
4.306667e+01	-3.713158e-01	2.097080e+00
4.310000e+01	-3.709282e-01	2.098373e+00
4.313333e+01	-3.703188e-01	2.100406e+00
4.316667e+01	-3.697447e-01	2.102321e+00
4.320000e+01	-3.677620e-01	2.108934e+00
4.323333e+01	-3.617297e-01	2.129056e+00
4.326667e+01	-3.511365e-01	2.164391e+00
4.330000e+01	-3.397197e-01	2.202474e+00
4.333333e+01	-3.324280e-01	2.226797e+00
4.336667e+01	-3.307490e-01	2.232397e+00
4.340000e+01	-3.320331e-01	2.228114e+00
4.343333e+01	-3.326705e-01	2.225988e+00
4.346667e+01	-3.310900e-01	2.231260e+00
4.350000e+01	-3.280938e-01	2.241254e+00
4.353333e+01	-3.252393e-01	2.250776e+00
4.356667e+01	-3.233082e-01	2.257217e+00
4.360000e+01	-3.220240e-01	2.261501e+00
4.363333e+01	-3.207181e-01	2.265857e+00
4.366667e+01	-3.190220e-01	2.271515e+00
4.370000e+01	-3.170308e-01	2.278156e+00
4.373333e+01	-3.150323e-01	2.284823e+00
4.376667e+01	-3.131984e-01	2.290940e+00
4.380000e+01	-3.114987e-01	2.296610e+00
4.383333e+01	-3.098095e-01	2.302244e+00
4.386667e+01	-3.080514e-01	2.308109e+00
4.390000e+01	-3.062326e-01	2.314176e+00
4.393333e+01	-3.044058e-01	2.320269e+00
4.396667e+01	-3.026078e-01	2.326267e+00
44	-3.008371e-01	2.332173e+00
4.403333e+01	-2.990713e-01	2.338063e+00
4.406667e+01	-2.972936e-01	2.343993e+00
4.410000e+01	-2.955037e-01	2.349964e+00
4.413333e+01	-2.937111e-01	2.355943e+00
4.416667e+01	-2.919233e-01	2.361907e+00
4.420000e+01	-2.901409e-01	2.367852e+00
4.423333e+01	-2.883600e-01	2.373793e+00
4.426667e+01	-2.865772e-01	2.379740e+00
4.430000e+01	-2.847919e-01	2.385695e+00
4.433333e+01	-2.830059e-01	2.391652e+00
4.436667e+01	-2.812206e-01	2.397607e+00
4.440000e+01	-2.794365e-01	2.403559e+00
4.443333e+01	-2.776527e-01	2.409509e+00
4.446667e+01	-2.758686e-01	2.415460e+00
4.450000e+01	-2.740840e-01	2.421413e+00
4.453333e+01	-2.722993e-01	2.427366e+00
4.456667e+01	-2.705146e-01	2.433319e+00
4.460000e+01	-2.687302e-01	2.439271e+00
4.463333e+01	-2.669458e-01	2.445223e+00
4.466667e+01	-2.651615e-01	2.451175e+00
4.470000e+01	-2.633770e-01	2.457128e+00
4.473333e+01	-2.615925e-01	2.463080e+00
4.476667e+01	-2.598080e-01	2.469033e+00
4.480000e+01	-2.580235e-01	2.474985e+00
4.483333e+01	-2.562391e-01	2.480937e+00
4.486667e+01	-2.544546e-01	2.486890e+00
4.490000e+01	-2.526701e-01	2.492842e+00
4.493333e+01	-2.508857e-01	2.498795e+00
4.496667e+01	-2.491012e-01	2.504747e+00
45	-2.473167e-01	2.510699e+00
4.503333e+01	-2.455323e-01	2.516652e+00
4.506667e+01	-2.437478e-01	2.522604e+00
4.510000e+01	-2.419633e-01	2.528556e+00
4.513333e+01	-2.401789e-01	2.534509e+00
4.516667e+01	-2.383944e-01	2.540461e+00
4.520000e+01	-2.366099e-01	2.546414e+00
4.523333e+01	-2.348255e-01	2.552366e+00
4.526667e+01	-2.330410e-01	2.558318e+00
4.530000e+01	-2.312565e-01	2.564271e+00
4.533333e+01	-2.294721e-01	2.570223e+00
4.536667e+01	-2.276876e-01	2.576175e+00
4.540000e+01	-2.259031e-01	2.582128e+00
4.543333e+01	-2.241187e-01	2.588080e+00
4.546667e+01	-2.223342e-01	2.594033e+00
4.550000e+01	-2.205497e-01	2.599985e+00
4.553333e+01	-2.187653e-01	2.605937e+00
4.556667e+01	-2.169808e-01	2.611890e+00
4.560000e+01	-2.151963e-01	2.617842e+00
4.563333e+01	-2.134119e-01	2.623795e+00
4.566667e+01	-2.116274e-01	2.629747e+00
4.570000e+01	-2.098429e-01	2.635699e+00
4.573333e+01	-2.080585e-01	2.641652e+00
4.576667e+01	-2.062740e-01	2.647604e+00
4.580000e+01	-2.044895e-01	2.653556e+00
4.583333e+01	-2.027051e-01	2.659509e+00
4.586667e+01	-2.009206e-01	2.665461e+00
4.590000e+01	-1.991361e-01	2.671414e+00
4.593333e+01	-1.973517e-01	2.677366e+00
4.596667e+01	-1.955672e-01	2.683318e+00
46	-1.938017e-01	2.689208e+00
4.603333e+01	-1.921620e-01	2.694677e+00
4.606667e+01	-1.908886e-01	2.698925e+00
4.610000e+01	-1.902226e-01	2.701146e+00
4.613333e+01	-1.901663e-01	2.701334e+00
4.616667e+01	-1.904343e-01	2.700440e+00
4.620000e+01	-1.906765e-01	2.699632e+00
4.623333e+01	-1.907229e-01	2.699477e+00
4.626667e+01	-1.906253e-01	2.699803e+00
4.630000e+01	-1.908412e-01	2.699083e+00
4.633333e+01	-1.929307e-01	2.692113e+00
4.636667e+01	-1.991239e-01	2.671455e+00
4.640000e+01	-2.068291e-01	2.645752e+00
4.643333e+01	-2.001718e-01	2.667959e+00
4.646667e+01	-1.563737e-01	2.814055e+00
4.650000e+01	-7.459705e-02	3.086834e+00
4.653333e+01	8.518546e-03	3.364080e+00
4.656667e+01	4.835828e-02	3.496972e+00
4.660000e+01	3.476545e-02	3.451631e+00
4.663333e+01	-3.106345e-03	3.325303e+00
4.666667e+01	-2.928688e-02	3.237974e+00
4.670000e+01	-3.200739e-02	3.228899e+00
4.673333e+01	-2.598675e-02	3.248982e+00
4.676667e+01	-3.086409e-02	3.232713e+00
4.680000e+01	-5.041263e-02	3.167505e+00
4.683333e+01	-7.197936e-02	3.095566e+00
4.686667e+01	-8.213977e-02	3.061674e+00
4.690000e+01	-7.908266e-02	3.071872e+00
4.693333e+01	-7.092992e-02	3.099067e+00
4.696667e+01	-6.739433e-02	3.110860e+00
47	-7.666752e-02	3.079928e+00
4.703333e+01	-1.046734e-01	2.986510e+00
4.706667e+01	-1.476970e-01	2.842997e+00
4.710000e+01	-1.884470e-01	2.707069e+00
4.713333e+01	-2.087980e-01	2.639185e+00
4.716667e+01	-2.060595e-01	2.648320e+00
4.720000e+01	-1.929347e-01	2.692100e+00
4.723333e+01	-1.838736e-01	2.722324e+00
4.726667e+01	-1.837020e-01	2.722897e+00
4.730000e+01	-1.868260e-01	2.712476e+00
4.733333e+01	-1.847056e-01	2.719549e+00
4.736667e+01	-1.746678e-01	2.753032e+00
4.740000e+01	-1.635103e-01	2.790250e+00
4.743333e+01	-1.646987e-01	2.786285e+00
4.746667e+01	-1.895751e-01	2.703306e+00
4.750000e+01	-2.339665e-01	2.555231e+00
4.753333e+01	-2.726718e-01	2.426123e+00
4.756667e+01	-2.732602e-01	2.424160e+00
4.760000e+01	-2.202720e-01	2.600911e+00
4.763333e+01	-1.299440e-01	2.902215e+00
4.766667e+01	-4.168024e-02	3.196634e+00
4.770000e+01	9.549680e-03	3.367520e+00
4.773333e+01	1.618597e-02	3.389656e+00
4.776667e+01	-3.737875e-03	3.323197e+00
4.780000e+01	-2.682070e-02	3.246200e+00
4.783333e+01	-4.039178e-02	3.200932e+00
4.786667e+01	-4.384749e-02	3.189405e+00
4.790000e+01	-4.213429e-02	3.195119e+00
4.793333e+01	-4.030979e-02	3.201205e+00
4.796667e+01	-4.190748e-02	3.195876e+00
48	-4.880784e-02	3.172858e+00
4.803333e+01	-5.982393e-02	3.136112e+00
4.806667e+01	-7.024502e-02	3.101351e+00
4.810000e+01	-7.536281e-02	3.084280e+00
4.813333e+01	-7.552444e-02	3.083741e+00
4.816667e+01	-7.880313e-02	3.072804e+00
4.820000e+01	-9.709746e-02	3.011780e+00
4.823333e+01	-1.339495e-01	2.888854e+00
4.826667e+01	-1.749616e-01	2.752052e+00
4.830000e+01	-1.941079e-01	2.688186e+00
4.833333e+01	-1.736671e-01	2.756370e+00
4.836667e+01	-1.219763e-01	2.928793e+00
4.840000e+01	-7.000579e-02	3.102149e+00
4.843333e+01	-4.648001e-02	3.180623e+00
4.846667e+01	-5.863003e-02	3.140095e+00
4.850000e+01	-9.530257e-02	3.017768e+00
4.853333e+01	-1.390871e-01	2.871717e+00
4.856667e+01	-1.743288e-01	2.754163e+00
4.860000e+01	-1.914540e-01	2.697039e+00
4.863333e+01	-1.892563e-01	2.704369e+00
4.866667e+01	-1.745857e-01	2.753306e+00
4.870000e+01	-1.576334e-01	2.809853e+00
4.873333e+01	-1.447802e-01	2.852727e+00
4.876667e+01	-1.365180e-01	2.880287e+00
4.880000e+01	-1.313994e-01	2.897361e+00
4.883333e+01	-1.289238e-01	2.905619e+00
4.886667e+01	-1.288167e-01	2.905976e+00
4.890000e+01	-1.299980e-01	2.902035e+00
4.893333e+01	-1.310703e-01	2.898459e+00
4.896667e+01	-1.300308e-01	2.901926e+00
49	-1.211650e-01	2.931499e+00
4.903333e+01	-9.609442e-02	3.015126e+00
4.906667e+01	-5.610172e-02	3.148529e+00
4.910000e+01	-2.163878e-02	3.263485e+00
4.913333e+01	-1.850849e-02	3.273927e+00
4.916667e+01	-5.091703e-02	3.165823e+00
4.920000e+01	-9.473725e-02	3.019653e+00
4.923333e+01	-1.206647e-01	2.933168e+00
4.926667e+01	-1.196513e-01	2.936548e+00
4.930000e+01	-1.045800e-01	2.986821e+00
4.933333e+01	-9.307318e-02	3.025204e+00
4.936667e+01	-9.247509e-02	3.027199e+00
4.940000e+01	-9.855722e-02	3.006911e+00
4.943333e+01	-1.036867e-01	2.989801e+00
4.946667e+01	-1.042279e-01	2.987996e+00
4.950000e+01	-1.016742e-01	2.996514e+00
4.953333e+01	-9.918230e-02	3.004826e+00
4.956667e+01	-9.816527e-02	3.008219e+00
4.960000e+01	-9.776988e-02	3.009537e+00
4.963333e+01	-9.657077e-02	3.013537e+00
4.966667e+01	-9.412747e-02	3.021687e+00
4.970000e+01	-9.107577e-02	3.031867e+00
4.973333e+01	-8.824770e-02	3.041300e+00
4.976667e+01	-8.595312e-02	3.048954e+00
4.980000e+01	-8.395575e-02	3.055617e+00
4.983333e+01	-8.188677e-02	3.062518e+00
4.986667e+01	-7.958984e-02	3.070180e+00
4.990000e+01	-7.715425e-02	3.078304e+00
4.993333e+01	-7.476525e-02	3.086273e+00
4.996667e+01	-7.263635e-02	3.093375e+00
50	-7.104494e-02	3.098683e+00
5.003333e+01	-7.023282e-02	3.101392e+00
5.006667e+01	-7.016696e-02	3.101612e+00
5.010000e+01	-7.049067e-02	3.100532e+00
5.013333e+01	-7.078191e-02	3.099560e+00
5.016667e+01	-7.083769e-02	3.099374e+00
5.020000e+01	-7.072094e-02	3.099764e+00
5.023333e+01	-7.059857e-02	3.100172e+00
5.026667e+01	-7.056928e-02	3.100270e+00
5.030000e+01	-7.061640e-02	3.100112e+00
5.033333e+01	-7.067024e-02	3.099933e+00
5.036667e+01	-7.068543e-02	3.099882e+00
5.040000e+01	-7.066631e-02	3.099946e+00
5.043333e+01	-7.064247e-02	3.100025e+00
5.046667e+01	-7.095285e-02	3.098990e+00
5.050000e+01	-7.307446e-02	3.091913e+00
5.053333e+01	-7.923872e-02	3.071351e+00
5.056667e+01	-8.944793e-02	3.037297e+00
5.060000e+01	-9.968654e-02	3.003144e+00
5.063333e+01	-1.051296e-01	2.984988e+00
5.066667e+01	-1.046956e-01	2.986436e+00
5.070000e+01	-1.014067e-01	2.997406e+00
5.073333e+01	-9.899068e-02	3.005465e+00
5.076667e+01	-9.891284e-02	3.005725e+00
5.080000e+01	-1.002191e-01	3.001368e+00
5.083333e+01	-1.012911e-01	2.997792e+00
5.086667e+01	-1.013850e-01	2.997479e+00
5.090000e+01	-1.008422e-01	2.999289e+00
5.093333e+01	-1.003606e-01	3.000896e+00
5.096667e+01	-1.002944e-01	3.001117e+00
51	-1.005203e-01	3.000363e+00
5.103333e+01	-1.007367e-01	2.999641e+00
5.106667e+01	-1.007769e-01	2.999507e+00
5.110000e+01	-1.006835e-01	2.999819e+00
5.113333e+01	-1.005867e-01	3.000142e+00
5.116667e+01	-1.005642e-01	3.000217e+00
5.120000e+01	-1.006024e-01	3.000089e+00
5.123333e+01	-1.006456e-01	2.999945e+00
5.126667e+01	-1.006575e-01	2.999905e+00
5.130000e+01	-1.006420e-01	2.999957e+00
5.133333e+01	-1.006229e-01	3.000021e+00
5.136667e+01	-1.006045e-01	3.000082e+00
5.140000e+01	-1.005172e-01	3.000373e+00
5.143333e+01	-1.001954e-01	3.001447e+00
5.146667e+01	-9.947575e-02	3.003847e+00
5.150000e+01	-9.835665e-02	3.007580e+00
5.153333e+01	-9.702677e-02	3.012016e+00
5.156667e+01	-9.571571e-02	3.016390e+00
5.160000e+01	-9.453365e-02	3.020332e+00
5.163333e+01	-9.344526e-02	3.023963e+00
5.166667e+01	-9.235901e-02	3.027586e+00
5.170000e+01	-9.122141e-02	3.031381e+00
5.173333e+01	-9.004220e-02	3.035314e+00
5.176667e+01	-8.885972e-02	3.039259e+00
5.180000e+01	-8.769861e-02	3.043132e+00
5.183333e+01	-8.655620e-02	3.046943e+00
5.186667e+01	-8.541621e-02	3.050745e+00
5.190000e+01	-8.426732e-02	3.054578e+00
5.193333e+01	-8.311001e-02	3.058438e+00
5.196667e+01	-8.195121e-02	3.062303e+00
52	-8.079609e-02	3.066156e+00
5.203333e+01	-7.964474e-02	3.069997e+00
5.206667e+01	-7.849423e-02	3.073835e+00
5.210000e+01	-7.734222e-02	3.077677e+00
5.213333e+01	-7.618852e-02	3.081526e+00
5.216667e+01	-7.503437e-02	3.085376e+00
5.220000e+01	-7.389307e-02	3.089183e+00
5.223333e+01	-7.283382e-02	3.092716e+00
5.226667e+01	-7.231739e-02	3.094438e+00
5.230000e+01	-7.391998e-02	3.089093e+00
5.233333e+01	-7.980054e-02	3.069477e+00
5.236667e+01	-8.978628e-02	3.036168e+00
5.240000e+01	-9.979040e-02	3.002798e+00
5.243333e+01	-1.050586e-01	2.985225e+00
5.246667e+01	-1.045801e-01	2.986821e+00
5.250000e+01	-1.013506e-01	2.997593e+00
5.253333e+01	-9.900976e-02	3.005402e+00
5.256667e+01	-9.895945e-02	3.005569e+00
5.260000e+01	-1.002450e-01	3.001281e+00
5.263333e+01	-1.003304e-01	3.000997e+00
5.266667e+01	-9.406891e-02	3.021883e+00
5.270000e+01	-7.507273e-02	3.085248e+00
5.273333e+01	-4.398911e-02	3.188932e+00
5.276667e+01	-1.320450e-02	3.291619e+00
5.280000e+01	2.915704e-03	3.345391e+00
5.283333e+01	1.408820e-03	3.340364e+00
5.286667e+01	-8.816466e-03	3.306256e+00
5.290000e+01	-1.809228e-02	3.275315e+00
5.293333e+01	-2.438808e-02	3.254315e+00
5.296667e+01	-3.097040e-02	3.232358e+00
53	-4.014534e-02	3.201754e+00
5.303333e+01	-5.150570e-02	3.163859e+00
5.306667e+01	-6.291908e-02	3.125788e+00
5.310000e+01	-7.130123e-02	3.097828e+00
5.313333e+01	-7.451147e-02	3.087120e+00
5.316667e+01	-7.331673e-02	3.091105e+00
5.320000e+01	-7.068989e-02	3.099867e+00
5.323333e+01	-6.923217e-02	3.104730e+00
5.326667e+01	-6.953083e-02	3.103734e+00
5.330000e+01	-7.058285e-02	3.100224e+00
5.333333e+01	-7.123759e-02	3.098040e+00
5.336667e+01	-7.114939e-02	3.098335e+00
5.340000e+01	-7.070384e-02	3.099821e+00
5.343333e+01	-7.040413e-02	3.100820e+00
5.346667e+01	-7.042521e-02	3.100750e+00
5.350000e+01	-7.061489e-02	3.100117e+00
5.353333e+01	-7.075228e-02	3.099659e+00
5.356667e+01	-7.043291e-02	3.100724e+00
5.360000e+01	-6.792047e-02	3.109105e+00
5.363333e+01	-5.959010e-02	3.136892e+00
5.366667e+01	-4.322802e-02	3.191471e+00
5.370000e+01	-2.281489e-02	3.259562e+00
5.373333e+01	-7.153969e-03	3.311802e+00
5.376667e+01	-2.141306e-03	3.328522e+00
5.380000e+01	-6.167496e-03	3.315092e+00
5.383333e+01	-1.397669e-02	3.289044e+00
5.386667e+01	-2.262529e-02	3.260195e+00
5.390000e+01	-3.160855e-02	3.230230e+00
5.393333e+01	-3.947639e-02	3.203985e+00
5.396667e+01	-4.375806e-02	3.189703e+00
54	-4.377207e-02	3.189656e+00
5.403333e+01	-4.182257e-02	3.196159e+00
5.406667e+01	-4.206624e-02	3.195346e+00
5.410000e+01	-4.798260e-02	3.175611e+00
5.413333e+01	-5.905323e-02	3.138683e+00
5.416667e+01	-7.042934e-02	3.100736e+00
5.420000e+01	-7.781999e-02	3.076084e+00
5.423333e+01	-8.107438e-02	3.065228e+00
5.426667e+01	-8.147322e-02	3.063898e+00
5.430000e+01	-7.896972e-02	3.072249e+00
5.433333e+01	-7.393785e-02	3.089033e+00
5.436667e+01	-6.845295e-02	3.107329e+00
5.440000e+01	-6.436278e-02	3.120972e+00
5.443333e+01	-6.164121e-02	3.130051e+00
5.446667e+01	-5.905577e-02	3.138675e+00
5.450000e+01	-5.568068e-02	3.149933e+00
5.453333e+01	-5.155923e-02	3.163681e+00
5.456667e+01	-4.729588e-02	3.177902e+00
5.460000e+01	-4.335374e-02	3.191052e+00
5.463333e+01	-3.974962e-02	3.203074e+00
5.466667e+01	-3.622776e-02	3.214821e+00
5.470000e+01	-3.257573e-02	3.227003e+00
5.473333e+01	-2.877340e-02	3.239687e+00
5.476667e+01	-2.492761e-02	3.252515e+00
5.480000e+01	-2.113436e-02	3.265168e+00
5.483333e+01	-1.740763e-02	3.277599e+00
5.486667e+01	-1.370305e-02	3.289956e+00
5.490000e+01	-9.977503e-03	3.302383e+00
5.493333e+01	-6.222616e-03	3.314909e+00
5.496667e+01	-2.456704e-03	3.327470e+00
55	1.300958e-03	3.340005e+00
5.503333e+01	5.005974e-03	3.352363e+00
5.506667e+01	8.481118e-03	3.363955e+00
5.510000e+01	1.141471e-02	3.373741e+00
5.513333e+01	1.330487e-02	3.380046e+00
5.516667e+01	1.285253e-02	3.378537e+00
5.520000e+01	8.187759e-03	3.362977e+00
5.523333e+01	-5.698273e-04	3.333764e+00
5.526667e+01	-1.063855e-02	3.300178e+00
5.530000e+01	-2.195462e-02	3.262432e+00
5.533333e+01	-4.044332e-02	3.200760e+00
5.536667e+01	-7.057051e-02	3.100265e+00
5.540000e+01	-1.073662e-01	2.977527e+00
5.543333e+01	-1.399600e-01	2.868805e+00
5.546667e+01	-1.602689e-01	2.801062e+00
5.550000e+01	-1.670615e-01	2.778404e+00
5.553333e+01	-1.646057e-01	2.786596e+00
5.556667e+01	-1.577346e-01	2.809515e+00
5.560000e+01	-1.472423e-01	2.844514e+00
5.563333e+01	-1.312201e-01	2.897959e+00
5.566667e+01	-1.100517e-01	2.968569e+00
5.570000e+01	-8.704114e-02	3.045325e+00
5.573333e+01	-6.542702e-02	3.117422e+00
5.576667e+01	-4.797219e-02	3.175646e+00
5.580000e+01	-3.755637e-02	3.210390e+00
5.583333e+01	-3.511743e-02	3.218525e+00
5.586667e+01	-3.792562e-02	3.209158e+00
5.590000e+01	-4.240992e-02	3.194200e+00
5.593333e+01	-5.037692e-02	3.167625e+00
5.596667e+01	-7.003854e-02	3.102040e+00
56	-1.053609e-01	2.984216e+00
5.603333e+01	-1.456766e-01	2.849737e+00
5.606667e+01	-1.726075e-01	2.759904e+00
5.610000e+01	-1.773836e-01	2.743973e+00
5.613333e+01	-1.673734e-01	2.777363e+00
5.616667e+01	-1.566987e-01	2.812971e+00
5.620000e+01	-1.537727e-01	2.822731e+00
5.623333e+01	-1.574754e-01	2.810380e+00
5.626667e+01	-1.617300e-01	2.796188e+00
5.630000e+01	-1.610896e-01	2.798324e+00
5.633333e+01	-1.534666e-01	2.823752e+00
5.636667e+01	-1.412560e-01	2.864483e+00
5.640000e+01	-1.302824e-01	2.901087e+00
5.643333e+01	-1.254158e-01	2.917320e+00
5.646667e+01	-1.267289e-01	2.912940e+00
5.650000e+01	-1.303780e-01	2.900768e+00
5.653333e+01	-1.325703e-01	2.893455e+00
5.656667e+01	-1.322635e-01	2.894478e+00
5.660000e+01	-1.307831e-01	2.899416e+00
5.663333e+01	-1.294778e-01	2.903770e+00
5.666667e+01	-1.274375e-01	2.910576e+00
5.670000e+01	-1.219097e-01	2.929015e+00
5.673333e+01	-1.121548e-01	2.961554e+00
5.676667e+01	-1.019067e-01	2.995738e+00
5.680000e+01	-9.619376e-02	3.014795e+00
5.683333e+01	-9.642052e-02	3.014039e+00
5.686667e+01	-9.970176e-02	3.003093e+00
5.690000e+01	-1.022316e-01	2.994655e+00
5.693333e+01	-1.024036e-01	2.994081e+00
5.696667e+01	-1.011058e-01	2.998410e+00
57	-1.000039e-01	3.002086e+00
5.703333e+01	-1.000025e-01	3.002090e+00
5.706667e+01	-1.010163e-01	2.998708e+00
5.710000e+01	-1.025617e-01	2.993554e+00
5.713333e+01	-1.042600e-01	2.987889e+00
5.716667e+01	-1.059532e-01	2.982241e+00
5.720000e+01	-1.076202e-01	2.976680e+00
5.723333e+01	-1.092803e-01	2.971143e+00
5.726667e+01	-1.109461e-01	2.965586e+00
5.730000e+01	-1.126164e-01	2.960015e+00
5.733333e+01	-1.142853e-01	2.954448e+00
5.736667e+01	-1.159504e-01	2.948893e+00
5.740000e+01	-1.176135e-01	2.943346e+00
5.743333e+01	-1.192772e-01	2.937796e+00
5.746667e+01	-1.209427e-01	2.932241e+00
5.750000e+01	-1.226093e-01	2.926682e+00
5.753333e+01	-1.242579e-01	2.921182e+00
5.756667e+01	-1.258060e-01	2.916018e+00
5.760000e+01	-1.271292e-01	2.911605e+00
5.763333e+01	-1.282097e-01	2.908000e+00
5.766667e+01	-1.291711e-01	2.904794e+00
5.770000e+01	-1.300571e-01	2.901838e+00
5.773333e+01	-1.307029e-01	2.899684e+00
5.776667e+01	-1.309382e-01	2.898899e+00
5.780000e+01	-1.308224e-01	2.899285e+00
5.783333e+01	-1.306006e-01	2.900025e+00
5.786667e+01	-1.304847e-01	2.900412e+00
5.790000e+01	-1.305162e-01	2.900307e+00
5.793333e+01	-1.306064e-01	2.900006e+00
5.796667e+01	-1.306594e-01	2.899829e+00
58	-1.306494e-01	2.899862e+00
5.803333e+01	-1.306110e-01	2.899990e+00
5.806667e+01	-1.305866e-01	2.900072e+00
5.810000e+01	-1.305895e-01	2.900062e+00
5.813333e+01	-1.306059e-01	2.900008e+00
5.816667e+01	-1.306171e-01	2.899970e+00
5.820000e+01	-1.306166e-01	2.899972e+00
5.823333e+01	-1.306096e-01	2.899995e+00
5.826667e+01	-1.306044e-01	2.900012e+00
5.830000e+01	-1.302863e-01	2.901074e+00
5.833333e+01	-1.281752e-01	2.908115e+00
5.836667e+01	-1.220239e-01	2.928634e+00
5.840000e+01	-1.118187e-01	2.962675e+00
5.843333e+01	-1.015758e-01	2.996842e+00
5.846667e+01	-9.612702e-02	3.015018e+00
5.850000e+01	-9.655908e-02	3.013576e+00
5.853333e+01	-9.984962e-02	3.002600e+00
5.856667e+01	-1.019500e-01	2.995594e+00
5.860000e+01	-9.991490e-02	3.002382e+00
5.863333e+01	-9.245423e-02	3.027269e+00
5.866667e+01	-8.117585e-02	3.064890e+00
5.870000e+01	-7.083981e-02	3.099367e+00
5.873333e+01	-6.593516e-02	3.115727e+00
5.876667e+01	-6.684941e-02	3.112678e+00
5.880000e+01	-7.020587e-02	3.101482e+00
5.883333e+01	-7.239788e-02	3.094170e+00
5.886667e+01	-7.226003e-02	3.094630e+00
5.890000e+01	-7.091305e-02	3.099123e+00
5.893333e+01	-6.993361e-02	3.102390e+00
5.896667e+01	-6.993617e-02	3.102381e+00
59	-7.018353e-02	3.101556e+00
5.903333e+01	-6.851331e-02	3.107128e+00
5.906667e+01	-6.238280e-02	3.127577e+00
5.910000e+01	-5.193951e-02	3.162412e+00
5.913333e+01	-4.149682e-02	3.197246e+00
5.916667e+01	-3.602798e-02	3.215488e+00
5.920000e+01	-3.655969e-02	3.213714e+00
5.923333e+01	-3.994041e-02	3.202437e+00
5.926667e+01	-4.237251e-02	3.194325e+00
5.930000e+01	-4.240995e-02	3.194200e+00
5.933333e+01	-4.106252e-02	3.198694e+00
5.936667e+01	-3.998144e-02	3.202300e+00
5.940000e+01	-3.990409e-02	3.202558e+00
5.943333e+01	-4.046527e-02	3.200686e+00
5.946667e+01	-4.095176e-02	3.199064e+00
5.950000e+01	-4.101122e-02	3.198865e+00
5.953333e+01	-4.077714e-02	3.199646e+00
5.956667e+01	-4.055820e-02	3.200377e+00
5.960000e+01	-4.052075e-02	3.200501e+00
5.963333e+01	-4.060325e-02	3.200226e+00
5.966667e+01	-4.059082e-02	3.200268e+00
5.970000e+01	-4.022194e-02	3.201498e+00
5.973333e+01	-3.932797e-02	3.204480e+00
5.976667e+01	-3.796453e-02	3.209028e+00
5.980000e+01	-3.638571e-02	3.214295e+00
5.983333e+01	-3.485426e-02	3.219403e+00
5.986667e+01	-3.347559e-02	3.224002e+00
5.990000e+01	-3.219337e-02	3.228279e+00
5.993333e+01	-3.090224e-02	3.232586e+00
5.996667e+01	-2.954964e-02	3.237097e+00
60	-2.815385e-02	3.241753e+00
6.003333e+01	-2.675937e-02	3.246405e+00
6.006667e+01	-2.539077e-02	3.250970e+00
6.010000e+01	-2.404179e-02	3.255470e+00
6.013333e+01	-2.269332e-02	3.259968e+00
6.016667e+01	-2.133393e-02	3.264502e+00
6.020000e+01	-1.996563e-02	3.269066e+00
6.023333e+01	-1.859662e-02	3.273633e+00
6.026667e+01	-1.723218e-02	3.278184e+00
6.030000e+01	-1.587178e-02	3.282722e+00
6.033333e+01	-1.452636e-02	3.287210e+00
6.036667e+01	-1.327513e-02	3.291384e+00
6.040000e+01	-1.260547e-02	3.293617e+00
6.043333e+01	-1.411356e-02	3.288587e+00
6.046667e+01	-1.994412e-02	3.269138e+00
6.050000e+01	-2.989054e-02	3.235960e+00
6.053333e+01	-3.985216e-02	3.202732e+00
6.056667e+01	-4.508791e-02	3.185267e+00
6.060000e+01	-4.460074e-02	3.186892e+00
6.063333e+01	-4.138195e-02	3.197629e+00
6.066667e+01	-3.905504e-02	3.205391e+00
6.070000e+01	-3.901000e-02	3.205541e+00
6.073333e+01	-4.029180e-02	3.201265e+00
6.076667e+01	-4.132563e-02	3.197817e+00
6.080000e+01	-4.140348e-02	3.197557e+00
6.083333e+01	-4.086990e-02	3.199337e+00
6.086667e+01	-4.040485e-02	3.200888e+00
6.090000e+01	-4.034636e-02	3.201083e+00
6.093333e+01	-4.056882e-02	3.200341e+00
6.096667e+01	-4.077804e-02	3.199643e+00
61	-4.081453e-02	3.199521e+00
6.103333e+01	-4.072243e-02	3.199829e+00
6.106667e+01	-4.062871e-02	3.200141e+00
6.110000e+01	-4.028984e-02	3.201272e+00
6.113333e+01	-3.821368e-02	3.208197e+00
6.116667e+01	-3.210175e-02	3.228584e+00
6.120000e+01	-2.190755e-02	3.262589e+00
6.123333e+01	-1.165055e-02	3.296803e+00
6.126667e+01	-6.184269e-03	3.315036e+00
6.130000e+01	-6.610692e-03	3.313614e+00
6.133333e+01	-9.906895e-03	3.302619e+00
6.136667e+01	-1.233314e-02	3.294526e+00
6.140000e+01	-1.241480e-02	3.294253e+00
6.143333e+01	-1.110564e-02	3.298620e+00
6.146667e+01	-1.002919e-02	3.302211e+00
6.150000e+01	-9.933394e-03	3.302531e+00
6.153333e+01	-1.047734e-02	3.300716e+00
6.156667e+01	-1.064276e-02	3.300164e+00
6.160000e+01	-8.595900e-03	3.306992e+00
6.163333e+01	-2.215810e-03	3.328274e+00
6.166667e+01	8.206782e-03	3.363040e+00
6.170000e+01	1.848900e-02	3.397338e+00
6.173333e+01	2.352508e-02	3.414137e+00
6.176667e+01	2.088172e-02	3.405320e+00
6.180000e+01	1.141530e-02	3.373743e+00
6.183333e+01	-1.169783e-03	3.331763e+00
6.186667e+01	-1.144687e-02	3.297482e+00
6.190000e+01	-1.525772e-02	3.284770e+00
6.193333e+01	-1.165426e-02	3.296790e+00
6.196667e+01	-1.180931e-03	3.331726e+00
62	1.787142e-02	3.395278e+00
6.203333e+01	5.040517e-02	3.503800e+00
6.206667e+01	9.741172e-02	3.660598e+00
6.210000e+01	1.472713e-01	3.826913e+00
6.213333e+01	1.809275e-01	3.939179e+00
6.216667e+01	1.886879e-01	3.965065e+00
6.220000e+01	1.779436e-01	3.929225e+00
6.223333e+01	1.620001e-01	3.876043e+00
6.226667e+01	1.431441e-01	3.813146e+00
6.230000e+01	1.120033e-01	3.709270e+00
6.233333e+01	6.750434e-02	3.560837e+00
6.236667e+01	3.191549e-02	3.442124e+00
6.240000e+01	3.586008e-02	3.455282e+00
6.243333e+01	8.555147e-02	3.621036e+00
6.246667e+01	1.513108e-01	3.840387e+00
6.250000e+01	1.936429e-01	3.981593e+00
6.253333e+01	1.964206e-01	3.990858e+00
6.256667e+01	1.706622e-01	3.904937e+00
6.260000e+01	1.346476e-01	3.784804e+00
6.263333e+01	1.010272e-01	3.672658e+00
6.266667e+01	7.787847e-02	3.595442e+00
6.270000e+01	6.920187e-02	3.566499e+00
6.273333e+01	7.217738e-02	3.576425e+00
6.276667e+01	7.895558e-02	3.599034e+00
6.280000e+01	8.312501e-02	3.612942e+00
6.283333e+01	8.457862e-02	3.617791e+00
6.286667e+01	8.807063e-02	3.629439e+00
6.290000e+01	9.656785e-02	3.657783e+00
6.293333e+01	1.073088e-01	3.693611e+00
6.296667e+01	1.159930e-01	3.722579e+00
63	1.224927e-01	3.744260e+00
6.303333e+01	1.293730e-01	3.767210e+00
6.306667e+01	1.370379e-01	3.792778e+00
6.310000e+01	1.441650e-01	3.816551e+00
6.313333e+01	1.511882e-01	3.839978e+00
6.316667e+01	1.593779e-01	3.867296e+00
6.320000e+01	1.671397e-01	3.893187e+00
6.323333e+01	1.698630e-01	3.902271e+00
6.326667e+01	1.640171e-01	3.882771e+00
6.330000e+01	1.514549e-01	3.840868e+00
6.333333e+01	1.391067e-01	3.799678e+00
6.336667e+01	1.332891e-01	3.780273e+00
6.340000e+01	1.346193e-01	3.784710e+00
6.343333e+01	1.388280e-01	3.798749e+00
6.346667e+01	1.414549e-01	3.807511e+00
6.350000e+01	1.408518e-01	3.805499e+00
6.353333e+01	1.360700e-01	3.789549e+00
6.356667e+01	1.223909e-01	3.743920e+00
6.360000e+01	9.345955e-02	3.647415e+00
6.363333e+01	5.121125e-02	3.506489e+00
6.366667e+01	9.423791e-03	3.367100e+00
6.370000e+01	-1.668542e-02	3.280008e+00
6.373333e+01	-2.328238e-02	3.258003e+00
6.376667e+01	-2.091505e-02	3.265899e+00
6.380000e+01	-2.547421e-02	3.250692e+00
6.383333e+01	-4.353687e-02	3.190441e+00
6.386667e+01	-6.648409e-02	3.113896e+00
6.390000e+01	-8.060029e-02	3.066810e+00
6.393333e+01	-8.083634e-02	3.066022e+00
6.396667e+01	-7.326817e-02	3.091267e+00
64	-6.702259e-02	3.112100e+00
6.403333e+01	-6.632667e-02	3.114422e+00
6.406667e+01	-6.933027e-02	3.104403e+00
6.410000e+01	-7.209464e-02	3.095181e+00
6.413333e+01	-7.254587e-02	3.093676e+00
6.416667e+01	-7.130942e-02	3.097801e+00
6.420000e+01	-7.007508e-02	3.101918e+00
6.423333e+01	-6.949779e-02	3.103844e+00
6.426667e+01	-6.789236e-02	3.109199e+00
6.430000e+01	-6.228938e-02	3.127889e+00
6.433333e+01	-5.222467e-02	3.161461e+00
6.436667e+01	-4.177576e-02	3.196315e+00
6.440000e+01	-3.608327e-02	3.215303e+00
6.443333e+01	-3.644213e-02	3.214106e+00
6.446667e+01	-3.981573e-02	3.202853e+00
6.450000e+01	-4.234207e-02	3.194426e+00
6.453333e+01	-4.245797e-02	3.194039e+00
6.456667e+01	-4.111799e-02	3.198509e+00
6.460000e+01	-3.999745e-02	3.202247e+00
6.463333e+01	-3.988467e-02	3.202623e+00
6.466667e+01	-4.044070e-02	3.200768e+00
6.470000e+01	-4.094360e-02	3.199091e+00
6.473333e+01	-4.101897e-02	3.198840e+00
6.476667e+01	-4.078797e-02	3.199610e+00
6.480000e+01	-4.056226e-02	3.200363e+00
6.483333e+01	-4.051770e-02	3.200512e+00
6.486667e+01	-4.061295e-02	3.200194e+00
6.490000e+01	-4.071384e-02	3.199857e+00
6.493333e+01	-4.073839e-02	3.199775e+00
6.496667e+01	-4.069947e-02	3.199905e+00
65	-4.065458e-02	3.200055e+00
6.503333e+01	-4.064165e-02	3.200098e+00
6.506667e+01	-4.065739e-02	3.200046e+00
6.510000e+01	-4.067728e-02	3.199979e+00
6.513333e+01	-4.068387e-02	3.199957e+00
6.516667e+01	-4.067758e-02	3.199978e+00
6.520000e+01	-4.066881e-02	3.200008e+00
6.523333e+01	-4.066553e-02	3.200018e+00
6.526667e+01	-4.066800e-02	3.200010e+00
6.530000e+01	-4.067185e-02	3.199997e+00
6.533333e+01	-4.067346e-02	3.199992e+00
6.536667e+01	-4.067251e-02	3.199995e+00
6.540000e+01	-4.098896e-02	3.198940e+00
6.543333e+01	-4.310214e-02	3.191891e+00
6.546667e+01	-4.925623e-02	3.171363e+00
6.550000e+01	-5.946230e-02	3.137319e+00
6.553333e+01	-6.938616e-02	3.104216e+00
6.556667e+01	-7.271980e-02	3.093096e+00
6.560000e+01	-6.613357e-02	3.115066e+00
6.563333e+01	-5.263804e-02	3.160082e+00
6.566667e+01	-3.997841e-02	3.202310e+00
6.570000e+01	-3.445205e-02	3.220745e+00
6.573333e+01	-3.619103e-02	3.214944e+00
6.576667e+01	-4.055388e-02	3.200391e+00
6.580000e+01	-4.306623e-02	3.192011e+00
6.583333e+01	-4.260197e-02	3.193559e+00
6.586667e+01	-4.081328e-02	3.199526e+00
6.590000e+01	-3.967407e-02	3.203326e+00
6.593333e+01	-3.980571e-02	3.202887e+00
6.596667e+01	-4.056527e-02	3.200353e+00
66	-4.108749e-02	3.198611e+00
6.603333e+01	-4.106051e-02	3.198701e+00
6.606667e+01	-4.073760e-02	3.199778e+00
6.610000e+01	-4.049853e-02	3.200576e+00
6.613333e+01	-4.049652e-02	3.200582e+00
6.616667e+01	-4.063307e-02	3.200127e+00
6.620000e+01	-4.074194e-02	3.199764e+00
6.623333e+01	-4.074894e-02	3.199740e+00
6.626667e+01	-4.069155e-02	3.199932e+00
6.630000e+01	-4.064224e-02	3.200096e+00
6.633333e+01	-4.063649e-02	3.200115e+00
6.636667e+01	-4.066045e-02	3.200035e+00
6.640000e+01	-4.290962e-02	3.192533e+00
6.643333e+01	-5.771101e-02	3.143160e+00
6.646667e+01	-1.007772e-01	2.999506e+00
6.650000e+01	-1.722046e-01	2.761248e+00
6.653333e+01	-2.423032e-01	2.527423e+00
6.656667e+01	-2.698716e-01	2.435464e+00
6.660000e+01	-2.360821e-01	2.548174e+00
6.663333e+01	-1.620264e-01	2.795199e+00
6.666667e+01	-9.389025e-02	3.022479e+00
6.670000e+01	-6.609830e-02	3.115183e+00
6.673333e+01	-7.740563e-02	3.077466e+00
6.676667e+01	-1.013663e-01	2.997541e+00
6.680000e+01	-1.141180e-01	2.955006e+00
6.683333e+01	-1.107112e-01	2.966370e+00
6.686667e+01	-1.008035e-01	2.999419e+00
6.690000e+01	-9.497409e-02	3.018863e+00
6.693333e+01	-9.608404e-02	3.015161e+00
6.696667e+01	-1.002974e-01	3.001107e+00
67	-1.028541e-01	2.992578e+00
6.703333e+01	-1.020556e-01	2.995242e+00
6.706667e+01	-9.920321e-02	3.004756e+00
6.710000e+01	-9.634983e-02	3.014274e+00
6.713333e+01	-9.450065e-02	3.020443e+00
6.716667e+01	-9.337816e-02	3.024187e+00
6.720000e+01	-9.223770e-02	3.027991e+00
6.723333e+01	-9.066723e-02	3.033230e+00
6.726667e+01	-8.877192e-02	3.039552e+00
6.730000e+01	-8.687038e-02	3.045895e+00
6.733333e+01	-8.515178e-02	3.051627e+00
6.736667e+01	-8.358096e-02	3.056867e+00
6.740000e+01	-8.202086e-02	3.062071e+00
6.743333e+01	-8.038381e-02	3.067532e+00
6.746667e+01	-7.867984e-02	3.073215e+00
6.750000e+01	-7.696755e-02	3.078927e+00
6.753333e+01	-7.528736e-02	3.084532e+00
6.756667e+01	-7.365498e-02	3.089977e+00
6.760000e+01	-7.214527e-02	3.095013e+00
6.763333e+01	-7.096414e-02	3.098952e+00
6.766667e+01	-7.033647e-02	3.101046e+00
6.770000e+01	-7.027481e-02	3.101252e+00
6.773333e+01	-7.052125e-02	3.100430e+00
6.776667e+01	-7.074971e-02	3.099668e+00
6.780000e+01	-7.079698e-02	3.099510e+00
6.783333e+01	-7.102584e-02	3.098747e+00
6.786667e+01	-7.304347e-02	3.092017e+00
6.790000e+01	-7.917264e-02	3.071572e+00
6.793333e+01	-8.941391e-02	3.037410e+00
6.796667e+01	-9.969790e-02	3.003106e+00
68	-1.054764e-01	2.983831e+00
6.803333e+01	-1.071436e-01	2.978270e+00
6.806667e+01	-1.103067e-01	2.967719e+00
6.810000e+01	-1.205197e-01	2.933652e+00
6.813333e+01	-1.389561e-01	2.872154e+00
6.816667e+01	-1.620778e-01	2.795028e+00
6.820000e+01	-1.834868e-01	2.723615e+00
6.823333e+01	-1.980921e-01	2.674896e+00
6.826667e+01	-2.062968e-01	2.647528e+00
6.830000e+01	-2.122176e-01	2.627778e+00
6.833333e+01	-2.179924e-01	2.608516e+00
6.836667e+01	-2.222437e-01	2.594335e+00
6.840000e+01	-2.233511e-01	2.590640e+00
6.843333e+01	-2.219376e-01	2.595356e+00
6.846667e+01	-2.201107e-01	2.601449e+00
6.850000e+01	-2.194197e-01	2.603755e+00
6.853333e+01	-2.195869e-01	2.603197e+00
6.856667e+01	-2.182525e-01	2.607648e+00
6.860000e+01	-2.124363e-01	2.627049e+00
6.863333e+01	-2.020491e-01	2.661697e+00
6.866667e+01	-1.914698e-01	2.696986e+00
6.870000e+01	-1.855427e-01	2.716757e+00
6.873333e+01	-1.839287e-01	2.722141e+00
6.876667e+01	-1.812116e-01	2.731204e+00
6.880000e+01	-1.735007e-01	2.756925e+00
6.883333e+01	-1.633135e-01	2.790906e+00
6.886667e+01	-1.561775e-01	2.814709e+00
6.890000e+01	-1.533869e-01	2.824018e+00
6.893333e+01	-1.504372e-01	2.833857e+00
6.896667e+01	-1.432202e-01	2.857931e+00
69	-1.335560e-01	2.890167e+00
6.903333e+01	-1.268654e-01	2.912485e+00
6.906667e+01	-1.259871e-01	2.915414e+00
6.910000e+01	-1.289584e-01	2.905503e+00
6.913333e+01	-1.318798e-01	2.895758e+00
6.916667e+01	-1.325389e-01	2.893560e+00
6.920000e+01	-1.313991e-01	2.897362e+00
6.923333e+01	-1.301227e-01	2.901619e+00
6.926667e+01	-1.297714e-01	2.902791e+00
6.930000e+01	-1.302294e-01	2.901264e+00
6.933333e+01	-1.307927e-01	2.899384e+00
6.936667e+01	-1.309724e-01	2.898785e+00
6.940000e+01	-1.304707e-01	2.900459e+00
6.943333e+01	-1.281081e-01	2.908339e+00
6.946667e+01	-1.221825e-01	2.928105e+00
6.950000e+01	-1.141637e-01	2.954853e+00
6.953333e+01	-1.101851e-01	2.968124e+00
6.956667e+01	-1.149870e-01	2.952107e+00
6.960000e+01	-1.256326e-01	2.916597e+00
6.963333e+01	-1.343225e-01	2.887610e+00
6.966667e+01	-1.362869e-01	2.881058e+00
6.970000e+01	-1.327683e-01	2.892795e+00
6.973333e+01	-1.269504e-01	2.912201e+00
6.976667e+01	-1.196553e-01	2.936535e+00
6.980000e+01	-1.106584e-01	2.966546e+00
6.983333e+01	-1.020235e-01	2.995349e+00
6.986667e+01	-9.714728e-02	3.011614e+00
6.990000e+01	-9.710428e-02	3.011758e+00
6.993333e+01	-9.969024e-02	3.003132e+00
6.996667e+01	-1.018276e-01	2.996002e+00
70	-1.020916e-01	2.995122e+00
7.003333e+01	-1.010932e-01	2.998452e+00
7.006667e+01	-1.001565e-01	3.001577e+00
7.010000e+01	-9.999135e-02	3.002127e+00
7.013333e+01	-1.003999e-01	3.000765e+00
7.016667e+01	-1.008167e-01	2.999374e+00
7.020000e+01	-1.009093e-01	2.999065e+00
7.023333e+01	-1.007417e-01	2.999624e+00
7.026667e+01	-1.005560e-01	3.000244e+00
7.030000e+01	-1.005064e-01	3.000409e+00
7.033333e+01	-1.005746e-01	3.000182e+00
7.036667e+01	-1.006570e-01	2.999907e+00
7.040000e+01	-1.006826e-01	2.999822e+00
7.043333e+01	-1.006552e-01	2.999913e+00
7.046667e+01	-1.006188e-01	3.000034e+00
7.050000e+01	-1.006059e-01	3.000077e+00
7.053333e+01	-1.006168e-01	3.000041e+00
7.056667e+01	-1.006328e-01	2.999988e+00
7.060000e+01	-1.006392e-01	2.999967e+00
7.063333e+01	-1.006349e-01	2.999981e+00
7.066667e+01	-1.006279e-01	3.000004e+00
7.070000e+01	-9.935228e-02	3.004259e+00
7.073333e+01	-9.057993e-02	3.033521e+00
7.076667e+01	-6.385410e-02	3.122669e+00
7.080000e+01	-1.688052e-02	3.279357e+00
7.083333e+01	3.429193e-02	3.450051e+00
7.086667e+01	6.632580e-02	3.556906e+00
7.090000e+01	7.004550e-02	3.569313e+00
7.093333e+01	5.645300e-02	3.523973e+00
7.096667e+01	4.349022e-02	3.480734e+00
71	4.043866e-02	3.470555e+00
7.103333e+01	4.220033e-02	3.476431e+00
7.106667e+01	3.318907e-02	3.446373e+00
7.110000e+01	-1.807239e-04	3.335062e+00
7.113333e+01	-5.332128e-02	3.157803e+00
7.116667e+01	-1.022065e-01	2.994738e+00
7.120000e+01	-1.239948e-01	2.922060e+00
7.123333e+01	-1.160245e-01	2.948646e+00
7.126667e+01	-9.320030e-02	3.024780e+00
7.130000e+01	-7.286642e-02	3.092607e+00
7.133333e+01	-6.394971e-02	3.122350e+00
7.136667e+01	-6.528273e-02	3.117904e+00
7.140000e+01	-7.028757e-02	3.101209e+00
7.143333e+01	-7.264534e-02	3.093345e+00
7.146667e+01	-6.860688e-02	3.106815e+00
7.150000e+01	-5.883889e-02	3.139398e+00
7.153333e+01	-5.187152e-02	3.162639e+00
7.156667e+01	-6.020640e-02	3.134837e+00
7.160000e+01	-8.700915e-02	3.045432e+00
7.163333e+01	-1.198078e-01	2.936026e+00
7.166667e+01	-1.415026e-01	2.863660e+00
7.170000e+01	-1.468417e-01	2.845850e+00
7.173333e+01	-1.464376e-01	2.847198e+00
7.176667e+01	-1.543145e-01	2.820923e+00
7.180000e+01	-1.725685e-01	2.760034e+00
7.183333e+01	-1.894522e-01	2.703716e+00
7.186667e+01	-1.919765e-01	2.695296e+00
7.190000e+01	-1.790294e-01	2.738483e+00
7.193333e+01	-1.617441e-01	2.796141e+00
7.196667e+01	-1.521831e-01	2.828033e+00
72	-1.533407e-01	2.824172e+00
7.203333e+01	-1.595477e-01	2.803467e+00
7.206667e+01	-1.638470e-01	2.789126e+00
7.210000e+01	-1.637299e-01	2.789517e+00
7.213333e+01	-1.611850e-01	2.798006e+00
7.216667e+01	-1.592495e-01	2.804462e+00
7.220000e+01	-1.588719e-01	2.805722e+00
7.223333e+01	-1.578267e-01	2.809208e+00
7.226667e+01	-1.525495e-01	2.826811e+00
7.230000e+01	-1.424179e-01	2.860607e+00
7.233333e+01	-1.317282e-01	2.896264e+00
7.236667e+01	-1.258845e-01	2.915757e+00
7.240000e+01	-1.262631e-01	2.914494e+00
7.243333e+01	-1.297398e-01	2.902897e+00
7.246667e+01	-1.323359e-01	2.894237e+00
7.250000e+01	-1.324474e-01	2.893865e+00
7.253333e+01	-1.310636e-01	2.898481e+00
7.256667e+01	-1.299110e-01	2.902325e+00
7.260000e+01	-1.297983e-01	2.902701e+00
7.263333e+01	-1.303729e-01	2.900785e+00
7.266667e+01	-1.308904e-01	2.899059e+00
7.270000e+01	-1.309665e-01	2.898805e+00
7.273333e+01	-1.307277e-01	2.899601e+00
7.276667e+01	-1.304954e-01	2.900376e+00
7.280000e+01	-1.304342e-01	2.900580e+00
7.283333e+01	-1.304111e-01	2.900657e+00
7.286667e+01	-1.300857e-01	2.901743e+00
7.290000e+01	-1.291712e-01	2.904793e+00
7.293333e+01	-1.276793e-01	2.909770e+00
7.296667e+01	-1.259090e-01	2.915675e+00
73	-1.241934e-01	2.921398e+00
7.303333e+01	-1.226718e-01	2.926473e+00
7.306667e+01	-1.212752e-01	2.931131e+00
7.310000e+01	-1.198689e-01	2.935823e+00
7.313333e+01	-1.183840e-01	2.940776e+00
7.316667e+01	-1.168429e-01	2.945916e+00
7.320000e+01	-1.153028e-01	2.951054e+00
7.323333e+01	-1.137957e-01	2.956081e+00
7.326667e+01	-1.123142e-01	2.961023e+00
7.330000e+01	-1.108336e-01	2.965961e+00
7.333333e+01	-1.093391e-01	2.970946e+00
7.336667e+01	-1.078330e-01	2.975970e+00
7.340000e+01	-1.063259e-01	2.980997e+00
7.343333e+01	-1.048246e-01	2.986005e+00
7.346667e+01	-1.033444e-01	2.990943e+00
7.350000e+01	-1.019707e-01	2.995525e+00
7.353333e+01	-1.012204e-01	2.998028e+00
7.356667e+01	-1.027738e-01	2.992846e+00
7.360000e+01	-1.088786e-01	2.972482e+00
7.363333e+01	-1.193084e-01	2.937692e+00
7.366667e+01	-1.297540e-01	2.902849e+00
7.370000e+01	-1.349232e-01	2.885606e+00
7.373333e+01	-1.322955e-01	2.894372e+00
7.376667e+01	-1.227656e-01	2.926160e+00
7.380000e+01	-1.104396e-01	2.967276e+00
7.383333e+01	-1.019479e-01	2.995601e+00
7.386667e+01	-1.018846e-01	2.995812e+00
7.390000e+01	-1.074520e-01	2.977241e+00
7.393333e+01	-1.108593e-01	2.965875e+00
7.396667e+01	-1.079237e-01	2.975668e+00
74	-1.019532e-01	2.995583e+00
7.403333e+01	-9.984157e-02	3.002627e+00
7.406667e+01	-1.060278e-01	2.981992e+00
7.410000e+01	-1.186974e-01	2.939730e+00
7.413333e+01	-1.309056e-01	2.899008e+00
7.416667e+01	-1.365048e-01	2.880331e+00
7.420000e+01	-1.350623e-01	2.885142e+00
7.423333e+01	-1.308873e-01	2.899069e+00
7.426667e+01	-1.283533e-01	2.907521e+00
7.430000e+01	-1.286937e-01	2.906386e+00
7.433333e+01	-1.303979e-01	2.900702e+00
7.436667e+01	-1.315421e-01	2.896885e+00
7.440000e+01	-1.314632e-01	2.897148e+00
7.443333e+01	-1.307423e-01	2.899553e+00
7.446667e+01	-1.302002e-01	2.901361e+00
7.450000e+01	-1.300528e-01	2.901852e+00
7.453333e+01	-1.298215e-01	2.902624e+00
7.456667e+01	-1.288851e-01	2.905748e+00
7.460000e+01	-1.270820e-01	2.911762e+00
7.463333e+01	-1.247984e-01	2.919379e+00
7.466667e+01	-1.225624e-01	2.926838e+00
7.470000e+01	-1.206290e-01	2.933287e+00
7.473333e+01	-1.189116e-01	2.939016e+00
7.476667e+01	-1.171939e-01	2.944745e+00
7.480000e+01	-1.153533e-01	2.950885e+00
7.483333e+01	-1.134159e-01	2.957348e+00
7.486667e+01	-1.114731e-01	2.963828e+00
7.490000e+01	-1.095817e-01	2.970137e+00
7.493333e+01	-1.077340e-01	2.976301e+00
7.496667e+01	-1.058910e-01	2.982448e+00
75	-1.040464e-01	2.988601e+00
7.503333e+01	-1.023142e-01	2.994379e+00
7.506667e+01	-1.009636e-01	2.998884e+00
7.510000e+01	-1.002597e-01	3.001232e+00
7.513333e+01	-1.002047e-01	3.001416e+00
7.516667e+01	-1.004920e-01	3.000457e+00
7.520000e+01	-1.007487e-01	2.999601e+00
7.523333e+01	-1.007957e-01	2.999444e+00
7.526667e+01	-1.006907e-01	2.999795e+00
7.530000e+01	-1.005822e-01	3.000156e+00
7.533333e+01	-1.005572e-01	3.000240e+00
7.536667e+01	-1.005997e-01	3.000098e+00
7.540000e+01	-1.006475e-01	2.999939e+00
7.543333e+01	-1.006606e-01	2.999895e+00
7.546667e+01	-1.006433e-01	2.999953e+00
7.550000e+01	-1.006221e-01	3.000023e+00
7.553333e+01	-1.006154e-01	3.000046e+00
7.556667e+01	-1.006223e-01	3.000023e+00
7.560000e+01	-1.006317e-01	2.999991e+00
7.563333e+01	-1.006351e-01	2.999980e+00
7.566667e+01	-1.006323e-01	2.999989e+00
7.570000e+01	-1.006282e-01	3.000003e+00
7.573333e+01	-1.006266e-01	3.000009e+00
7.576667e+01	-1.006276e-01	3.000005e+00
7.580000e+01	-1.006294e-01	2.999999e+00
7.583333e+01	-1.006302e-01	2.999996e+00
7.586667e+01	-1.006298e-01	2.999998e+00
7.590000e+01	-1.003109e-01	3.001061e+00
7.593333e+01	-9.819656e-02	3.008114e+00
7.596667e+01	-9.204298e-02	3.028641e+00
76	-8.183799e-02	3.062681e+00
7.603333e+01	-7.159654e-02	3.096843e+00
7.606667e+01	-6.614876e-02	3.115015e+00
7.610000e+01	-6.658080e-02	3.113574e+00
7.613333e+01	-6.987074e-02	3.102600e+00
7.616667e+01	-7.228880e-02	3.094534e+00
7.620000e+01	-7.204949e-02	3.095332e+00
7.623333e+01	-6.862886e-02	3.106742e+00
7.626667e+01	-6.140229e-02	3.130848e+00
7.630000e+01	-5.110256e-02	3.165204e+00
7.633333e+01	-4.140390e-02	3.197556e+00
7.636667e+01	-3.643815e-02	3.214120e+00
7.640000e+01	-3.693674e-02	3.212456e+00
7.643333e+01	-4.000079e-02	3.202236e+00
7.646667e+01	-4.220226e-02	3.194892e+00
7.650000e+01	-4.192263e-02	3.195825e+00
7.653333e+01	-3.859533e-02	3.206924e+00
7.656667e+01	-3.146568e-02	3.230706e+00
7.660000e+01	-2.118848e-02	3.264987e+00
7.663333e+01	-1.145160e-02	3.297466e+00
7.666667e+01	-6.442680e-03	3.314174e+00
7.670000e+01	-6.929301e-03	3.312551e+00
7.673333e+01	-1.000884e-02	3.302279e+00
7.676667e+01	-1.222946e-02	3.294872e+00
7.680000e+01	-1.195598e-02	3.295784e+00
7.683333e+01	-8.622466e-03	3.306903e+00
7.686667e+01	-1.484362e-03	3.330714e+00
7.690000e+01	8.795913e-03	3.365005e+00
7.693333e+01	1.853034e-02	3.397476e+00
7.696667e+01	2.321741e-02	3.413111e+00
77	2.061532e-02	3.404431e+00
7.703333e+01	1.138300e-02	3.373635e+00
7.706667e+01	-1.041325e-03	3.332192e+00
7.710000e+01	-1.132688e-02	3.297882e+00
7.713333e+01	-1.555541e-02	3.283777e+00
7.716667e+01	-1.413957e-02	3.288500e+00
7.720000e+01	-1.045681e-02	3.300785e+00
7.723333e+01	-6.431877e-03	3.314210e+00
7.726667e+01	-6.415983e-04	3.333525e+00
7.730000e+01	8.201232e-03	3.363022e+00
7.733333e+01	1.758142e-02	3.394311e+00
7.736667e+01	2.281556e-02	3.411770e+00
7.740000e+01	2.052904e-02	3.404143e+00
7.743333e+01	9.365792e-03	3.366906e+00
7.746667e+01	-9.434031e-03	3.304196e+00
7.750000e+01	-3.020549e-02	3.234910e+00
7.753333e+01	-4.476878e-02	3.186331e+00
7.756667e+01	-4.871201e-02	3.173178e+00
7.760000e+01	-4.510959e-02	3.185195e+00
7.763333e+01	-4.197615e-02	3.195647e+00
7.766667e+01	-4.611019e-02	3.181857e+00
7.770000e+01	-5.765360e-02	3.143352e+00
7.773333e+01	-7.008609e-02	3.101881e+00
7.776667e+01	-7.648862e-02	3.080525e+00
7.780000e+01	-7.554930e-02	3.083658e+00
7.783333e+01	-7.131087e-02	3.097796e+00
7.786667e+01	-6.843864e-02	3.107377e+00
7.790000e+01	-6.823142e-02	3.108068e+00
7.793333e+01	-6.783604e-02	3.109387e+00
7.796667e+01	-6.328850e-02	3.124556e+00
78	-5.522329e-02	3.151459e+00
7.803333e+01	-5.041426e-02	3.167500e+00
7.806667e+01	-5.458875e-02	3.153575e+00
7.810000e+01	-6.521931e-02	3.118115e+00
7.813333e+01	-7.425976e-02	3.087959e+00
7.816667e+01	-7.650932e-02	3.080456e+00
7.820000e+01	-7.333117e-02	3.091057e+00
7.823333e+01	-6.948018e-02	3.103902e+00
7.826667e+01	-6.820987e-02	3.108140e+00
7.830000e+01	-6.940150e-02	3.104165e+00
7.833333e+01	-7.106957e-02	3.098601e+00
7.836667e+01	-7.169910e-02	3.096501e+00
7.840000e+01	-7.123428e-02	3.098051e+00
7.843333e+01	-7.050487e-02	3.100484e+00
7.846667e+01	-7.019818e-02	3.101507e+00
7.850000e+01	-7.037760e-02	3.100909e+00
7.853333e+01	-7.069626e-02	3.099846e+00
7.856667e+01	-7.084396e-02	3.099353e+00
7.860000e+01	-7.077636e-02	3.099579e+00
7.863333e+01	-7.063769e-02	3.100041e+00
7.866667e+01	-7.056737e-02	3.100276e+00
7.870000e+01	-7.059200e-02	3.100194e+00
7.873333e+01	-7.065207e-02	3.099993e+00
7.876667e+01	-7.068522e-02	3.099883e+00
7.880000e+01	-7.067667e-02	3.099911e+00
7.883333e+01	-7.065077e-02	3.099998e+00
7.886667e+01	-7.063528e-02	3.100049e+00
7.890000e+01	-7.063802e-02	3.100040e+00
7.893333e+01	-7.064914e-02	3.100003e+00
7.896667e+01	-7.065632e-02	3.099979e+00
79	-7.065556e-02	3.099982e+00
7.903333e+01	-7.065082e-02	3.099998e+00
7.906667e+01	-7.064751e-02	3.100009e+00
7.910000e+01	-7.064764e-02	3.100008e+00
7.913333e+01	-7.064966e-02	3.100001e+00
7.916667e+01	-7.065117e-02	3.099996e+00
7.920000e+01	-7.065120e-02	3.099996e+00
7.923333e+01	-7.065035e-02	3.099999e+00
7.926667e+01	-7.064966e-02	3.100001e+00
7.930000e+01	-7.064961e-02	3.100002e+00
7.933333e+01	-7.096810e-02	3.098939e+00
7.936667e+01	-7.308237e-02	3.091887e+00
7.940000e+01	-7.923614e-02	3.071360e+00
7.943333e+01	-8.944133e-02	3.037319e+00
7.946667e+01	-9.968282e-02	3.003157e+00
7.950000e+01	-1.054487e-01	2.983924e+00
7.953333e+01	-1.071305e-01	2.978314e+00
7.956667e+01	-1.099943e-01	2.968761e+00
7.960000e+01	-1.177816e-01	2.942785e+00
7.963333e+01	-1.282625e-01	2.907824e+00
7.966667e+01	-1.371309e-01	2.878242e+00
7.970000e+01	-1.442434e-01	2.854517e+00
7.973333e+01	-1.533671e-01	2.824084e+00
7.976667e+01	-1.668014e-01	2.779271e+00
7.980000e+01	-1.818937e-01	2.728929e+00
7.983333e+01	-1.929435e-01	2.692070e+00
7.986667e+01	-1.964000e-01	2.680540e+00
7.990000e+01	-1.938607e-01	2.689011e+00
7.993333e+01	-1.899892e-01	2.701925e+00
7.996667e+01	-1.883025e-01	2.707551e+00
80	-1.891333e-01	2.704780e+00
8.003333e+01	-1.907379e-01	2.699427e+00
8.006667e+01	-1.915225e-01	2.696810e+00
8.010000e+01	-1.912183e-01	2.697825e+00
8.013333e+01	-1.905275e-01	2.700129e+00
8.016667e+01	-1.901591e-01	2.701358e+00
8.020000e+01	-1.902676e-01	2.700996e+00
8.023333e+01	-1.905660e-01	2.700001e+00
8.026667e+01	-1.904204e-01	2.700486e+00
8.030000e+01	-1.882702e-01	2.707659e+00
8.033333e+01	-1.819882e-01	2.728613e+00
8.036667e+01	-1.717026e-01	2.762923e+00
8.040000e+01	-1.614717e-01	2.797049e+00
8.043333e+01	-1.557608e-01	2.816099e+00
8.046667e+01	-1.541161e-01	2.821585e+00
8.050000e+01	-1.512499e-01	2.831146e+00
8.053333e+01	-1.434392e-01	2.857200e+00
8.056667e+01	-1.332594e-01	2.891156e+00
8.060000e+01	-1.265050e-01	2.913687e+00
8.063333e+01	-1.255561e-01	2.916852e+00
8.066667e+01	-1.266456e-01	2.913218e+00
8.070000e+01	-1.234533e-01	2.923866e+00
8.073333e+01	-1.138045e-01	2.956051e+00
8.076667e+01	-1.023191e-01	2.994363e+00
8.080000e+01	-9.557213e-02	3.016868e+00
8.083333e+01	-9.569512e-02	3.016458e+00
8.086667e+01	-9.948946e-02	3.003802e+00
8.090000e+01	-1.024831e-01	2.993816e+00
8.093333e+01	-1.027245e-01	2.993011e+00
8.096667e+01	-1.012135e-01	2.998051e+00
81	-9.988576e-02	3.002480e+00
8.103333e+01	-9.970826e-02	3.003072e+00
8.106667e+01	-1.003330e-01	3.000988e+00
8.110000e+01	-1.009275e-01	2.999005e+00
8.113333e+01	-1.010354e-01	2.998645e+00
8.116667e+01	-1.007772e-01	2.999506e+00
8.120000e+01	-1.005112e-01	3.000394e+00
8.123333e+01	-1.004505e-01	3.000596e+00
8.126667e+01	-1.005564e-01	3.000243e+00
8.130000e+01	-1.006749e-01	2.999847e+00
8.133333e+01	-1.007073e-01	2.999739e+00
8.136667e+01	-1.006643e-01	2.999883e+00
8.140000e+01	-1.006117e-01	3.000058e+00
8.143333e+01	-1.005951e-01	3.000114e+00
8.146667e+01	-1.006123e-01	3.000056e+00
8.150000e+01	-1.006355e-01	2.999979e+00
8.153333e+01	-1.006439e-01	2.999951e+00
8.156667e+01	-1.006371e-01	2.999973e+00
8.160000e+01	-1.006269e-01	3.000008e+00
8.163333e+01	-1.006228e-01	3.000021e+00
8.166667e+01	-1.006254e-01	3.000012e+00
0	0	0
0	0	0
0	0	0
