0	-3.742658e-02	4.472851e+00
3.333333e-02	-3.293135e-02	4.493739e+00
6.666667e-02	-3.099300e-02	4.502746e+00
1.000000e-01	-3.541906e-02	4.482179e+00
1.333333e-01	-4.505102e-02	4.437422e+00
1.666667e-01	-5.488440e-02	4.391729e+00
2.000000e-01	-6.038460e-02	4.366170e+00
2.333333e-01	-6.102164e-02	4.363210e+00
2.666667e-01	-5.967311e-02	4.369477e+00
3.000000e-01	-5.938242e-02	4.370827e+00
3.333333e-01	-6.106969e-02	4.362987e+00
3.666667e-01	-6.373406e-02	4.350606e+00
4.000000e-01	-6.604284e-02	4.339878e+00
4.333333e-01	-6.751110e-02	4.333055e+00
4.666667e-01	-6.852147e-02	4.328360e+00
5.000000e-01	-6.965528e-02	4.323092e+00
5.333333e-01	-7.115048e-02	4.316144e+00
5.666667e-01	-7.285934e-02	4.308203e+00
6.000000e-01	-7.452794e-02	4.300450e+00
6.333333e-01	-7.604138e-02	4.293417e+00
6.666667e-01	-7.745569e-02	4.286845e+00
7.000000e-01	-7.888145e-02	4.280220e+00
7.333333e-01	-8.037351e-02	4.273287e+00
7.666667e-01	-8.191126e-02	4.266141e+00
8.000000e-01	-8.344675e-02	4.259006e+00
8.333333e-01	-8.495406e-02	4.252002e+00
8.666667e-01	-8.644043e-02	4.245095e+00
9.000000e-01	-8.792659e-02	4.238189e+00
9.333333e-01	-8.942466e-02	4.231228e+00
9.666667e-01	-9.093225e-02	4.224223e+00
1	-9.244048e-02	4.217214e+00
1.033333e+00	-9.394370e-02	4.210229e+00
1.066667e+00	-9.544261e-02	4.203264e+00
1.100000e+00	-9.694101e-02	4.196301e+00
1.133333e+00	-9.844150e-02	4.189329e+00
1.166667e+00	-9.994393e-02	4.182348e+00
1.200000e+00	-1.014467e-01	4.175365e+00
1.233333e+00	-1.029486e-01	4.168386e+00
1.266667e+00	-1.044496e-01	4.161411e+00
1.300000e+00	-1.059504e-01	4.154437e+00
1.333333e+00	-1.074516e-01	4.147461e+00
1.366667e+00	-1.089532e-01	4.140484e+00
1.400000e+00	-1.104549e-01	4.133506e+00
1.433333e+00	-1.119405e-01	4.126602e+00
1.466667e+00	-1.133200e-01	4.120192e+00
1.500000e+00	-1.144073e-01	4.115140e+00
1.533333e+00	-1.148610e-01	4.113032e+00
1.566667e+00	-1.138049e-01	4.117939e+00
1.600000e+00	-1.102098e-01	4.134645e+00
1.633333e+00	-1.052217e-01	4.157823e+00
1.666667e+00	-1.028055e-01	4.169050e+00
1.700000e+00	-1.050365e-01	4.158684e+00
1.733333e+00	-1.081808e-01	4.144073e+00
1.766667e+00	-1.068620e-01	4.150201e+00
1.800000e+00	-1.007775e-01	4.178474e+00
1.833333e+00	-9.481362e-02	4.206187e+00
1.866667e+00	-9.407604e-02	4.209614e+00
1.900000e+00	-1.000852e-01	4.181691e+00
1.933333e+00	-1.099103e-01	4.136036e+00
1.966667e+00	-1.181231e-01	4.097873e+00
2	-1.208718e-01	4.085101e+00
2.033333e+00	-1.185489e-01	4.095895e+00
2.066667e+00	-1.144706e-01	4.114845e+00
2.100000e+00	-1.115678e-01	4.128334e+00
2.133333e+00	-1.104985e-01	4.133303e+00
2.166667e+00	-1.101847e-01	4.134761e+00
2.200000e+00	-1.094161e-01	4.138333e+00
2.233333e+00	-1.078581e-01	4.145572e+00
2.266667e+00	-1.059419e-01	4.154476e+00
2.300000e+00	-1.041994e-01	4.162574e+00
2.333333e+00	-1.028002e-01	4.169075e+00
2.366667e+00	-1.015715e-01	4.174785e+00
2.400000e+00	-1.002787e-01	4.180792e+00
2.433333e+00	-9.885218e-02	4.187421e+00
2.466667e+00	-9.744632e-02	4.193953e+00
2.500000e+00	-9.635750e-02	4.199013e+00
2.533333e+00	-9.559303e-02	4.202565e+00
2.566667e+00	-9.406726e-02	4.209655e+00
2.600000e+00	-8.989485e-02	4.229043e+00
2.633333e+00	-8.276569e-02	4.262171e+00
2.666667e+00	-7.543551e-02	4.296232e+00
2.700000e+00	-7.143304e-02	4.314831e+00
2.733333e+00	-7.165950e-02	4.313779e+00
2.766667e+00	-7.400807e-02	4.302865e+00
2.800000e+00	-7.578157e-02	4.294624e+00
2.833333e+00	-7.587532e-02	4.294189e+00
2.866667e+00	-7.494482e-02	4.298512e+00
2.900000e+00	-7.415913e-02	4.302163e+00
2.933333e+00	-7.407478e-02	4.302555e+00
2.966667e+00	-7.446045e-02	4.300763e+00
3	-7.481279e-02	4.299126e+00
3.033333e+00	-7.486785e-02	4.298870e+00
3.066667e+00	-7.470778e-02	4.299614e+00
3.100000e+00	-7.454974e-02	4.300348e+00
3.133333e+00	-7.451758e-02	4.300498e+00
3.166667e+00	-7.458351e-02	4.300191e+00
3.200000e+00	-7.465410e-02	4.299863e+00
3.233333e+00	-7.467170e-02	4.299782e+00
3.266667e+00	-7.441642e-02	4.300968e+00
3.300000e+00	-7.286753e-02	4.308165e+00
3.333333e+00	-6.844087e-02	4.328735e+00
3.366667e+00	-6.112587e-02	4.362726e+00
3.400000e+00	-5.378785e-02	4.396824e+00
3.433333e+00	-4.988190e-02	4.414974e+00
3.466667e+00	-5.018781e-02	4.413552e+00
3.500000e+00	-5.254342e-02	4.402607e+00
3.533333e+00	-5.427687e-02	4.394552e+00
3.566667e+00	-5.433511e-02	4.394281e+00
3.600000e+00	-5.339978e-02	4.398627e+00
3.633333e+00	-5.263079e-02	4.402201e+00
3.666667e+00	-5.256239e-02	4.402518e+00
3.700000e+00	-5.295100e-02	4.400713e+00
3.733333e+00	-5.329643e-02	4.399107e+00
3.766667e+00	-5.334435e-02	4.398885e+00
3.800000e+00	-5.318263e-02	4.399636e+00
3.833333e+00	-5.302743e-02	4.400357e+00
3.866667e+00	-5.299844e-02	4.400492e+00
3.900000e+00	-5.306525e-02	4.400182e+00
3.933333e+00	-5.313470e-02	4.399859e+00
3.966667e+00	-5.315088e-02	4.399784e+00
4	-5.312353e-02	4.399911e+00
4.033333e+00	-5.309259e-02	4.400055e+00
4.066667e+00	-5.308400e-02	4.400095e+00
4.100000e+00	-5.309509e-02	4.400043e+00
4.133333e+00	-5.310880e-02	4.399979e+00
4.166667e+00	-5.311322e-02	4.399959e+00
4.200000e+00	-5.310877e-02	4.399979e+00
4.233333e+00	-5.310272e-02	4.400008e+00
4.266667e+00	-5.310051e-02	4.400018e+00
4.300000e+00	-5.310226e-02	4.400010e+00
4.333333e+00	-5.310492e-02	4.399997e+00
4.366667e+00	-5.310601e-02	4.399992e+00
4.400000e+00	-5.310533e-02	4.399995e+00
4.433333e+00	-5.310416e-02	4.400001e+00
4.466667e+00	-5.310364e-02	4.400003e+00
4.500000e+00	-5.310390e-02	4.400002e+00
4.533333e+00	-5.310440e-02	4.400000e+00
4.566667e+00	-5.310466e-02	4.399999e+00
4.600000e+00	-5.310456e-02	4.399999e+00
4.633333e+00	-5.310434e-02	4.400000e+00
4.666667e+00	-5.310422e-02	4.400001e+00
4.700000e+00	-5.333263e-02	4.398939e+00
4.733333e+00	-5.485022e-02	4.391887e+00
4.766667e+00	-5.926771e-02	4.371360e+00
4.800000e+00	-6.659357e-02	4.337319e+00
4.833333e+00	-7.394545e-02	4.303156e+00
4.866667e+00	-7.785606e-02	4.284985e+00
4.900000e+00	-7.754582e-02	4.286426e+00
4.933333e+00	-7.518411e-02	4.297401e+00
4.966667e+00	-7.344833e-02	4.305466e+00
5	-7.339179e-02	4.305729e+00
5.033333e+00	-7.432981e-02	4.301370e+00
5.066667e+00	-7.509993e-02	4.297792e+00
5.100000e+00	-7.516767e-02	4.297477e+00
5.133333e+00	-7.477790e-02	4.299288e+00
5.166667e+00	-7.443191e-02	4.300896e+00
5.200000e+00	-7.438425e-02	4.301117e+00
5.233333e+00	-7.454647e-02	4.300364e+00
5.266667e+00	-7.470194e-02	4.299641e+00
5.300000e+00	-7.473083e-02	4.299507e+00
5.333333e+00	-7.466380e-02	4.299818e+00
5.366667e+00	-7.459423e-02	4.300142e+00
5.400000e+00	-7.457808e-02	4.300217e+00
5.433333e+00	-7.460553e-02	4.300089e+00
5.466667e+00	-7.463652e-02	4.299945e+00
5.500000e+00	-7.464511e-02	4.299905e+00
5.533333e+00	-7.463397e-02	4.299957e+00
5.566667e+00	-7.462023e-02	4.300021e+00
5.600000e+00	-7.461582e-02	4.300041e+00
5.633333e+00	-7.462028e-02	4.300021e+00
5.666667e+00	-7.462635e-02	4.299992e+00
5.700000e+00	-7.462856e-02	4.299982e+00
5.733333e+00	-7.462680e-02	4.299990e+00
5.766667e+00	-7.462413e-02	4.300003e+00
5.800000e+00	-7.462304e-02	4.300008e+00
5.833333e+00	-7.462373e-02	4.300005e+00
5.866667e+00	-7.462490e-02	4.299999e+00
5.900000e+00	-7.462542e-02	4.299997e+00
5.933333e+00	-7.462516e-02	4.299998e+00
5.966667e+00	-7.462465e-02	4.300000e+00
6	-7.462440e-02	4.300001e+00
6.033333e+00	-7.485287e-02	4.298940e+00
6.066667e+00	-7.637059e-02	4.291887e+00
6.100000e+00	-8.078815e-02	4.271360e+00
6.133333e+00	-8.811398e-02	4.237319e+00
6.166667e+00	-9.546581e-02	4.203156e+00
6.200000e+00	-9.937639e-02	4.184985e+00
6.233333e+00	-9.906616e-02	4.186426e+00
6.266667e+00	-9.670446e-02	4.197401e+00
6.300000e+00	-9.496870e-02	4.205466e+00
6.333333e+00	-9.491216e-02	4.205729e+00
6.366667e+00	-9.585016e-02	4.201370e+00
6.400000e+00	-9.662028e-02	4.197792e+00
6.433333e+00	-9.668803e-02	4.197477e+00
6.466667e+00	-9.629825e-02	4.199288e+00
6.500000e+00	-9.595227e-02	4.200896e+00
6.533333e+00	-9.590460e-02	4.201117e+00
6.566667e+00	-9.606683e-02	4.200364e+00
6.600000e+00	-9.622229e-02	4.199641e+00
6.633333e+00	-9.625118e-02	4.199507e+00
6.666667e+00	-9.618416e-02	4.199818e+00
6.700000e+00	-9.611459e-02	4.200142e+00
6.733333e+00	-9.609843e-02	4.200217e+00
6.766667e+00	-9.612589e-02	4.200089e+00
6.800000e+00	-9.638525e-02	4.198884e+00
6.833333e+00	-9.791133e-02	4.191793e+00
6.866667e+00	-1.023176e-01	4.171317e+00
6.900000e+00	-1.096298e-01	4.137340e+00
6.933333e+00	-1.169773e-01	4.103198e+00
6.966667e+00	-1.208924e-01	4.085005e+00
7	-1.205882e-01	4.086419e+00
7.033333e+00	-1.182287e-01	4.097383e+00
7.066667e+00	-1.167195e-01	4.104395e+00
7.100000e+00	-1.181778e-01	4.097619e+00
7.133333e+00	-1.235322e-01	4.072739e+00
7.166667e+00	-1.316288e-01	4.035115e+00
7.200000e+00	-1.390497e-01	4.000632e+00
7.233333e+00	-1.425711e-01	3.984269e+00
7.266667e+00	-1.419146e-01	3.987320e+00
7.300000e+00	-1.397330e-01	3.997457e+00
7.333333e+00	-1.396767e-01	3.997719e+00
7.366667e+00	-1.441932e-01	3.976732e+00
7.400000e+00	-1.524862e-01	3.938196e+00
7.433333e+00	-1.603130e-01	3.901827e+00
7.466667e+00	-1.627042e-01	3.890715e+00
7.500000e+00	-1.575705e-01	3.914570e+00
7.533333e+00	-1.475643e-01	3.961067e+00
7.566667e+00	-1.384600e-01	4.003373e+00
7.600000e+00	-1.346636e-01	4.021013e+00
7.633333e+00	-1.360563e-01	4.014542e+00
7.666667e+00	-1.394316e-01	3.998858e+00
7.700000e+00	-1.426812e-01	3.983758e+00
7.733333e+00	-1.464719e-01	3.966143e+00
7.766667e+00	-1.512146e-01	3.944105e+00
7.800000e+00	-1.548784e-01	3.927080e+00
7.833333e+00	-1.560043e-01	3.921848e+00
7.866667e+00	-1.562192e-01	3.920850e+00
7.900000e+00	-1.576614e-01	3.914148e+00
7.933333e+00	-1.601141e-01	3.902751e+00
7.966667e+00	-1.618740e-01	3.894573e+00
8	-1.620194e-01	3.893897e+00
8.033333e+00	-1.611147e-01	3.898101e+00
8.066667e+00	-1.602876e-01	3.901945e+00
8.100000e+00	-1.601418e-01	3.902622e+00
8.133333e+00	-1.605007e-01	3.900955e+00
8.166667e+00	-1.608685e-01	3.899246e+00
8.200000e+00	-1.609523e-01	3.898856e+00
8.233333e+00	-1.608065e-01	3.899534e+00
8.266667e+00	-1.608715e-01	3.899232e+00
8.300000e+00	-1.623444e-01	3.892388e+00
8.333333e+00	-1.668209e-01	3.871586e+00
8.366667e+00	-1.742192e-01	3.837208e+00
8.400000e+00	-1.815941e-01	3.802938e+00
8.433333e+00	-1.854810e-01	3.784877e+00
8.466667e+00	-1.851388e-01	3.786467e+00
8.500000e+00	-1.827655e-01	3.797495e+00
8.533333e+00	-1.810391e-01	3.805517e+00
8.566667e+00	-1.809967e-01	3.805715e+00
8.600000e+00	-1.819404e-01	3.801330e+00
8.633333e+00	-1.827068e-01	3.797768e+00
8.666667e+00	-1.827684e-01	3.797482e+00
8.700000e+00	-1.823759e-01	3.799306e+00
8.733333e+00	-1.820313e-01	3.800907e+00
8.766667e+00	-1.819863e-01	3.801116e+00
8.800000e+00	-1.821499e-01	3.800356e+00
8.833333e+00	-1.823048e-01	3.799636e+00
8.866667e+00	-1.823325e-01	3.799507e+00
8.900000e+00	-1.822649e-01	3.799822e+00
8.933333e+00	-1.819771e-01	3.801159e+00
8.966667e+00	-1.805099e-01	3.807977e+00
9	-1.763222e-01	3.827436e+00
9.033333e+00	-1.694117e-01	3.859547e+00
9.066667e+00	-1.625898e-01	3.891247e+00
9.100000e+00	-1.592324e-01	3.906848e+00
9.133333e+00	-1.601030e-01	3.902802e+00
9.166667e+00	-1.631143e-01	3.888810e+00
9.200000e+00	-1.656718e-01	3.876926e+00
9.233333e+00	-1.667054e-01	3.872123e+00
9.266667e+00	-1.667975e-01	3.871695e+00
9.300000e+00	-1.670166e-01	3.870677e+00
9.333333e+00	-1.678745e-01	3.866690e+00
9.366667e+00	-1.691618e-01	3.860709e+00
9.400000e+00	-1.704192e-01	3.854866e+00
9.433333e+00	-1.714053e-01	3.850283e+00
9.466667e+00	-1.721949e-01	3.846614e+00
9.500000e+00	-1.729862e-01	3.842937e+00
9.533333e+00	-1.738924e-01	3.838727e+00
9.566667e+00	-1.748882e-01	3.834099e+00
9.600000e+00	-1.758884e-01	3.829452e+00
9.633333e+00	-1.768402e-01	3.825029e+00
9.666667e+00	-1.777513e-01	3.820795e+00
9.700000e+00	-1.786583e-01	3.816581e+00
9.733333e+00	-1.795855e-01	3.812272e+00
9.766667e+00	-1.805212e-01	3.807924e+00
9.800000e+00	-1.813936e-01	3.803870e+00
9.833333e+00	-1.820656e-01	3.800748e+00
9.866667e+00	-1.824108e-01	3.799143e+00
9.900000e+00	-1.824348e-01	3.799032e+00
9.933333e+00	-1.822921e-01	3.799695e+00
9.966667e+00	-1.821667e-01	3.800278e+00
10	-1.821448e-01	3.800379e+00
1.003333e+01	-1.821970e-01	3.800137e+00
1.006667e+01	-1.822500e-01	3.799891e+00
1.010000e+01	-1.822618e-01	3.799836e+00
1.013333e+01	-1.822406e-01	3.799934e+00
1.016667e+01	-1.822172e-01	3.800043e+00
1.020000e+01	-1.822110e-01	3.800072e+00
1.023333e+01	-1.822197e-01	3.800032e+00
1.026667e+01	-1.822300e-01	3.799984e+00
1.030000e+01	-1.822332e-01	3.799969e+00
1.033333e+01	-1.822298e-01	3.799985e+00
1.036667e+01	-1.822252e-01	3.800006e+00
1.040000e+01	-1.822236e-01	3.800014e+00
1.043333e+01	-1.822249e-01	3.800007e+00
1.046667e+01	-1.822270e-01	3.799998e+00
1.050000e+01	-1.822278e-01	3.799994e+00
1.053333e+01	-1.822272e-01	3.799997e+00
1.056667e+01	-1.822263e-01	3.800001e+00
1.060000e+01	-1.824543e-01	3.798941e+00
1.063333e+01	-1.839720e-01	3.791889e+00
1.066667e+01	-1.883898e-01	3.771360e+00
1.070000e+01	-1.957159e-01	3.737318e+00
1.073333e+01	-2.030677e-01	3.703156e+00
1.076667e+01	-2.069782e-01	3.684985e+00
1.080000e+01	-2.066679e-01	3.686427e+00
1.083333e+01	-2.043062e-01	3.697401e+00
1.086667e+01	-2.025705e-01	3.705466e+00
1.090000e+01	-2.025140e-01	3.705729e+00
1.093333e+01	-2.034520e-01	3.701370e+00
1.096667e+01	-2.042221e-01	3.697792e+00
11	-2.042898e-01	3.697477e+00
1.103333e+01	-2.039000e-01	3.699288e+00
1.106667e+01	-2.035540e-01	3.700896e+00
1.110000e+01	-2.033085e-01	3.702037e+00
1.113333e+01	-2.021555e-01	3.707394e+00
1.116667e+01	-1.984825e-01	3.724462e+00
1.120000e+01	-1.921776e-01	3.753760e+00
1.123333e+01	-1.858553e-01	3.783138e+00
1.126667e+01	-1.828074e-01	3.797301e+00
1.130000e+01	-1.839594e-01	3.791948e+00
1.133333e+01	-1.874231e-01	3.775853e+00
1.136667e+01	-1.906085e-01	3.761051e+00
1.140000e+01	-1.922955e-01	3.753212e+00
1.143333e+01	-1.929434e-01	3.750201e+00
1.146667e+01	-1.936185e-01	3.747064e+00
1.150000e+01	-1.949079e-01	3.741073e+00
1.153333e+01	-1.966652e-01	3.732907e+00
1.156667e+01	-1.984375e-01	3.724671e+00
1.160000e+01	-1.999519e-01	3.717634e+00
1.163333e+01	-2.012392e-01	3.711652e+00
1.166667e+01	-2.024073e-01	3.706225e+00
1.170000e+01	-2.033889e-01	3.701663e+00
1.173333e+01	-2.039779e-01	3.698926e+00
1.176667e+01	-2.040898e-01	3.698407e+00
1.180000e+01	-2.038959e-01	3.699307e+00
1.183333e+01	-2.036798e-01	3.700312e+00
1.186667e+01	-2.036131e-01	3.700622e+00
1.190000e+01	-2.036807e-01	3.700307e+00
1.193333e+01	-2.037713e-01	3.699886e+00
1.196667e+01	-2.038039e-01	3.699735e+00
12	-2.037775e-01	3.699857e+00
1.203333e+01	-2.037381e-01	3.700041e+00
1.206667e+01	-2.037222e-01	3.700115e+00
1.210000e+01	-2.037325e-01	3.700067e+00
1.213333e+01	-2.037498e-01	3.699986e+00
1.216667e+01	-2.035291e-01	3.701012e+00
1.220000e+01	-2.020076e-01	3.708082e+00
1.223333e+01	-1.975827e-01	3.728643e+00
1.226667e+01	-1.902531e-01	3.762702e+00
1.230000e+01	-1.829027e-01	3.796858e+00
1.233333e+01	-1.789953e-01	3.815015e+00
1.236667e+01	-1.793073e-01	3.813565e+00
1.240000e+01	-1.816685e-01	3.802593e+00
1.243333e+01	-1.834029e-01	3.794534e+00
1.246667e+01	-1.834586e-01	3.794275e+00
1.250000e+01	-1.825207e-01	3.798633e+00
1.253333e+01	-1.817512e-01	3.802208e+00
1.256667e+01	-1.816839e-01	3.802521e+00
1.260000e+01	-1.820736e-01	3.800710e+00
1.263333e+01	-1.824193e-01	3.799104e+00
1.266667e+01	-1.824668e-01	3.798883e+00
1.270000e+01	-1.825330e-01	3.798576e+00
1.273333e+01	-1.838951e-01	3.792246e+00
1.276667e+01	-1.882837e-01	3.771853e+00
1.280000e+01	-1.956766e-01	3.737500e+00
1.283333e+01	-2.030981e-01	3.703015e+00
1.286667e+01	-2.070248e-01	3.684768e+00
1.290000e+01	-2.066871e-01	3.686337e+00
1.293333e+01	-2.042944e-01	3.697456e+00
1.296667e+01	-2.025501e-01	3.705561e+00
13	-2.025047e-01	3.705772e+00
1.303333e+01	-2.034564e-01	3.701350e+00
1.306667e+01	-2.042310e-01	3.697750e+00
1.310000e+01	-2.042942e-01	3.697456e+00
1.313333e+01	-2.038984e-01	3.699296e+00
1.316667e+01	-2.035502e-01	3.700914e+00
1.320000e+01	-2.035043e-01	3.701127e+00
1.323333e+01	-2.036692e-01	3.700361e+00
1.326667e+01	-2.038257e-01	3.699633e+00
1.330000e+01	-2.038539e-01	3.699502e+00
1.333333e+01	-2.037857e-01	3.699819e+00
1.336667e+01	-2.037157e-01	3.700145e+00
1.340000e+01	-2.036998e-01	3.700219e+00
1.343333e+01	-2.037277e-01	3.700089e+00
1.346667e+01	-2.037590e-01	3.699944e+00
1.350000e+01	-2.037674e-01	3.699904e+00
1.353333e+01	-2.037561e-01	3.699957e+00
1.356667e+01	-2.037422e-01	3.700021e+00
1.360000e+01	-2.037379e-01	3.700042e+00
1.363333e+01	-2.037424e-01	3.700021e+00
1.366667e+01	-2.037485e-01	3.699992e+00
1.370000e+01	-2.037507e-01	3.699982e+00
1.373333e+01	-2.037489e-01	3.699990e+00
1.376667e+01	-2.037462e-01	3.700003e+00
1.380000e+01	-2.037452e-01	3.700008e+00
1.383333e+01	-2.037459e-01	3.700005e+00
1.386667e+01	-2.037470e-01	3.699999e+00
1.390000e+01	-2.037476e-01	3.699997e+00
1.393333e+01	-2.037473e-01	3.699998e+00
1.396667e+01	-2.037468e-01	3.700000e+00
14	-2.037465e-01	3.700001e+00
1.403333e+01	-2.037466e-01	3.700001e+00
1.406667e+01	-2.037469e-01	3.700000e+00
1.410000e+01	-2.037470e-01	3.699999e+00
1.413333e+01	-2.037469e-01	3.700000e+00
1.416667e+01	-2.037468e-01	3.700000e+00
1.420000e+01	-2.037468e-01	3.700000e+00
1.423333e+01	-2.037468e-01	3.700000e+00
1.426667e+01	-2.037468e-01	3.700000e+00
1.430000e+01	-2.037469e-01	3.700000e+00
1.433333e+01	-2.037469e-01	3.700000e+00
1.436667e+01	-2.037468e-01	3.700000e+00
1.440000e+01	-2.037468e-01	3.700000e+00
1.443333e+01	-2.039752e-01	3.698939e+00
1.446667e+01	-2.054927e-01	3.691887e+00
1.450000e+01	-2.099102e-01	3.671361e+00
1.453333e+01	-2.172360e-01	3.637319e+00
1.456667e+01	-2.243596e-01	3.604218e+00
1.460000e+01	-2.267527e-01	3.593097e+00
1.463333e+01	-2.220250e-01	3.615066e+00
1.466667e+01	-2.123374e-01	3.660082e+00
1.470000e+01	-2.032497e-01	3.702310e+00
1.473333e+01	-1.992825e-01	3.720745e+00
1.476667e+01	-2.005308e-01	3.714944e+00
1.480000e+01	-2.036627e-01	3.700391e+00
1.483333e+01	-2.054662e-01	3.692011e+00
1.486667e+01	-2.051330e-01	3.693559e+00
1.490000e+01	-2.038489e-01	3.699526e+00
1.493333e+01	-2.030311e-01	3.703326e+00
1.496667e+01	-2.031256e-01	3.702887e+00
15	-2.036709e-01	3.700353e+00
1.503333e+01	-2.040458e-01	3.698611e+00
1.506667e+01	-2.040264e-01	3.698701e+00
1.510000e+01	-2.037946e-01	3.699778e+00
1.513333e+01	-2.036230e-01	3.700576e+00
1.516667e+01	-2.036215e-01	3.700582e+00
1.520000e+01	-2.037196e-01	3.700127e+00
1.523333e+01	-2.037977e-01	3.699764e+00
1.526667e+01	-2.038027e-01	3.699740e+00
1.530000e+01	-2.037615e-01	3.699932e+00
1.533333e+01	-2.037261e-01	3.700096e+00
1.536667e+01	-2.037220e-01	3.700115e+00
1.540000e+01	-2.037392e-01	3.700035e+00
1.543333e+01	-2.037552e-01	3.699961e+00
1.546667e+01	-2.037578e-01	3.699949e+00
1.550000e+01	-2.037659e-01	3.699911e+00
1.553333e+01	-2.038752e-01	3.699404e+00
1.556667e+01	-2.042845e-01	3.697502e+00
1.560000e+01	-2.051867e-01	3.693309e+00
1.563333e+01	-2.065793e-01	3.686838e+00
1.566667e+01	-2.082303e-01	3.679167e+00
1.570000e+01	-2.098585e-01	3.671601e+00
1.573333e+01	-2.113291e-01	3.664767e+00
1.576667e+01	-2.126849e-01	3.658467e+00
1.580000e+01	-2.140379e-01	3.652180e+00
1.583333e+01	-2.154535e-01	3.645602e+00
1.586667e+01	-2.169201e-01	3.638787e+00
1.590000e+01	-2.183908e-01	3.631953e+00
1.593333e+01	-2.198202e-01	3.625311e+00
1.596667e+01	-2.211256e-01	3.619245e+00
16	-2.219355e-01	3.615482e+00
1.603333e+01	-2.211506e-01	3.619129e+00
1.606667e+01	-2.173727e-01	3.636684e+00
1.610000e+01	-2.108152e-01	3.667155e+00
1.613333e+01	-2.042514e-01	3.697656e+00
1.616667e+01	-2.008228e-01	3.713587e+00
1.620000e+01	-2.009386e-01	3.713049e+00
1.623333e+01	-2.015489e-01	3.710213e+00
1.626667e+01	-1.986563e-01	3.723655e+00
1.630000e+01	-1.915775e-01	3.756548e+00
1.633333e+01	-1.848945e-01	3.787602e+00
1.636667e+01	-1.847233e-01	3.788398e+00
1.640000e+01	-1.923130e-01	3.753130e+00
1.643333e+01	-2.023802e-01	3.706350e+00
1.646667e+01	-2.083318e-01	3.678695e+00
1.650000e+01	-2.081145e-01	3.679704e+00
1.653333e+01	-2.046672e-01	3.695723e+00
1.656667e+01	-2.020239e-01	3.708006e+00
1.660000e+01	-2.018765e-01	3.708691e+00
1.663333e+01	-2.032655e-01	3.702237e+00
1.666667e+01	-2.044432e-01	3.696764e+00
1.670000e+01	-2.045718e-01	3.696166e+00
1.673333e+01	-2.039947e-01	3.698848e+00
1.676667e+01	-2.034658e-01	3.701306e+00
1.680000e+01	-2.033820e-01	3.701695e+00
1.683333e+01	-2.036215e-01	3.700582e+00
1.686667e+01	-2.038588e-01	3.699480e+00
1.690000e+01	-2.039075e-01	3.699253e+00
1.693333e+01	-2.038089e-01	3.699711e+00
1.696667e+01	-2.034746e-01	3.701265e+00
17	-2.019305e-01	3.708440e+00
1.703333e+01	-1.973249e-01	3.729841e+00
1.706667e+01	-1.885286e-01	3.770715e+00
1.710000e+01	-1.767732e-01	3.825340e+00
1.713333e+01	-1.655205e-01	3.877629e+00
1.716667e+01	-1.586863e-01	3.909386e+00
1.720000e+01	-1.586478e-01	3.909564e+00
1.723333e+01	-1.651178e-01	3.879500e+00
1.726667e+01	-1.748711e-01	3.834179e+00
1.730000e+01	-1.830243e-01	3.796293e+00
1.733333e+01	-1.862188e-01	3.781449e+00
1.736667e+01	-1.848988e-01	3.787583e+00
1.740000e+01	-1.821550e-01	3.800332e+00
1.743333e+01	-1.806984e-01	3.807101e+00
1.746667e+01	-1.810811e-01	3.805322e+00
1.750000e+01	-1.822037e-01	3.800106e+00
1.753333e+01	-1.828657e-01	3.797030e+00
1.756667e+01	-1.827415e-01	3.797607e+00
1.760000e+01	-1.822629e-01	3.799831e+00
1.763333e+01	-1.819577e-01	3.801249e+00
1.766667e+01	-1.819936e-01	3.801082e+00
1.770000e+01	-1.821981e-01	3.800132e+00
1.773333e+01	-1.823387e-01	3.799479e+00
1.776667e+01	-1.823314e-01	3.799513e+00
1.780000e+01	-1.822444e-01	3.799917e+00
1.783333e+01	-1.821800e-01	3.800216e+00
1.786667e+01	-1.824078e-01	3.799157e+00
1.790000e+01	-1.839621e-01	3.791935e+00
1.793333e+01	-1.884089e-01	3.771272e+00
1.796667e+01	-1.957366e-01	3.737222e+00
18	-2.030731e-01	3.703131e+00
1.803333e+01	-2.069705e-01	3.685021e+00
1.806667e+01	-2.066587e-01	3.686469e+00
1.810000e+01	-2.043034e-01	3.697414e+00
1.813333e+01	-2.025736e-01	3.705452e+00
1.816667e+01	-2.025180e-01	3.705710e+00
1.820000e+01	-2.034534e-01	3.701364e+00
1.823333e+01	-2.042208e-01	3.697797e+00
1.826667e+01	-2.042880e-01	3.697485e+00
1.830000e+01	-2.038993e-01	3.699291e+00
1.833333e+01	-2.035545e-01	3.700894e+00
1.836667e+01	-2.035072e-01	3.701114e+00
1.840000e+01	-2.036690e-01	3.700362e+00
1.843333e+01	-2.038239e-01	3.699642e+00
1.846667e+01	-2.038526e-01	3.699508e+00
1.850000e+01	-2.037858e-01	3.699819e+00
1.853333e+01	-2.037164e-01	3.700141e+00
1.856667e+01	-2.037004e-01	3.700216e+00
1.860000e+01	-2.037277e-01	3.700089e+00
1.863333e+01	-2.039870e-01	3.698884e+00
1.866667e+01	-2.055130e-01	3.691793e+00
1.870000e+01	-2.099194e-01	3.671318e+00
1.873333e+01	-2.172315e-01	3.637340e+00
1.876667e+01	-2.245791e-01	3.603198e+00
1.880000e+01	-2.282658e-01	3.586066e+00
1.883333e+01	-2.264441e-01	3.594531e+00
1.886667e+01	-2.196671e-01	3.626022e+00
1.890000e+01	-2.106037e-01	3.668138e+00
1.893333e+01	-2.031926e-01	3.702575e+00
1.896667e+01	-2.004473e-01	3.715332e+00
19	-2.030458e-01	3.703257e+00
1.903333e+01	-2.098939e-01	3.671436e+00
1.906667e+01	-2.185663e-01	3.631137e+00
1.910000e+01	-2.256285e-01	3.598321e+00
1.913333e+01	-2.285530e-01	3.584732e+00
1.916667e+01	-2.276346e-01	3.588999e+00
1.920000e+01	-2.251323e-01	3.600627e+00
1.923333e+01	-2.222979e-01	3.613798e+00
1.926667e+01	-2.181030e-01	3.633290e+00
1.930000e+01	-2.116932e-01	3.663075e+00
1.933333e+01	-2.049329e-01	3.694489e+00
1.936667e+01	-2.009620e-01	3.712941e+00
1.940000e+01	-2.008845e-01	3.713300e+00
1.943333e+01	-2.029759e-01	3.703582e+00
1.946667e+01	-2.047225e-01	3.695466e+00
1.950000e+01	-2.049437e-01	3.694438e+00
1.953333e+01	-2.041293e-01	3.698223e+00
1.956667e+01	-2.033264e-01	3.701954e+00
1.960000e+01	-2.029556e-01	3.703677e+00
1.963333e+01	-2.025744e-01	3.705448e+00
1.966667e+01	-2.015206e-01	3.710345e+00
1.970000e+01	-1.995182e-01	3.719650e+00
1.973333e+01	-1.967045e-01	3.732724e+00
1.976667e+01	-1.933936e-01	3.748109e+00
1.980000e+01	-1.899080e-01	3.764306e+00
1.983333e+01	-1.864704e-01	3.780280e+00
1.986667e+01	-1.831497e-01	3.795710e+00
1.990000e+01	-1.798968e-01	3.810826e+00
1.993333e+01	-1.766348e-01	3.825983e+00
1.996667e+01	-1.733291e-01	3.841344e+00
20	-1.699945e-01	3.856839e+00
2.003333e+01	-1.666973e-01	3.872160e+00
2.006667e+01	-1.636520e-01	3.886311e+00
2.010000e+01	-1.612993e-01	3.897244e+00
2.013333e+01	-1.600734e-01	3.902940e+00
2.016667e+01	-1.599707e-01	3.903417e+00
2.020000e+01	-1.604637e-01	3.901126e+00
2.023333e+01	-1.609088e-01	3.899058e+00
2.026667e+01	-1.609939e-01	3.898663e+00
2.030000e+01	-1.608146e-01	3.899496e+00
2.033333e+01	-1.606268e-01	3.900369e+00
2.036667e+01	-1.605820e-01	3.900577e+00
2.040000e+01	-1.606544e-01	3.900240e+00
2.043333e+01	-1.607371e-01	3.899856e+00
2.046667e+01	-1.607604e-01	3.899748e+00
2.050000e+01	-1.607310e-01	3.899884e+00
2.053333e+01	-1.606944e-01	3.900055e+00
2.056667e+01	-1.606825e-01	3.900110e+00
2.060000e+01	-1.606943e-01	3.900055e+00
2.063333e+01	-1.607104e-01	3.899980e+00
2.066667e+01	-1.607164e-01	3.899952e+00
2.070000e+01	-1.607117e-01	3.899974e+00
2.073333e+01	-1.607046e-01	3.900007e+00
2.076667e+01	-1.607017e-01	3.900021e+00
2.080000e+01	-1.607035e-01	3.900012e+00
2.083333e+01	-1.607066e-01	3.899998e+00
2.086667e+01	-1.607080e-01	3.899991e+00
2.090000e+01	-1.607073e-01	3.899994e+00
2.093333e+01	-1.607060e-01	3.900001e+00
2.096667e+01	-1.607053e-01	3.900004e+00
21	-1.607056e-01	3.900003e+00
2.103333e+01	-1.607062e-01	3.900000e+00
2.106667e+01	-1.607065e-01	3.899998e+00
2.110000e+01	-1.607064e-01	3.899999e+00
2.113333e+01	-1.607061e-01	3.900000e+00
2.116667e+01	-1.607060e-01	3.900001e+00
2.120000e+01	-1.607060e-01	3.900001e+00
2.123333e+01	-1.607061e-01	3.900000e+00
2.126667e+01	-1.607062e-01	3.900000e+00
2.130000e+01	-1.607062e-01	3.900000e+00
2.133333e+01	-1.607214e-01	3.899929e+00
2.136667e+01	-1.608377e-01	3.899389e+00
2.140000e+01	-1.612486e-01	3.897479e+00
2.143333e+01	-1.621479e-01	3.893300e+00
2.146667e+01	-1.635373e-01	3.886844e+00
2.150000e+01	-1.651874e-01	3.879176e+00
2.153333e+01	-1.668169e-01	3.871605e+00
2.156667e+01	-1.682888e-01	3.864765e+00
2.160000e+01	-1.696451e-01	3.858463e+00
2.163333e+01	-1.709976e-01	3.852178e+00
2.166667e+01	-1.724126e-01	3.845603e+00
2.170000e+01	-1.738790e-01	3.838789e+00
2.173333e+01	-1.753499e-01	3.831954e+00
2.176667e+01	-1.767948e-01	3.825240e+00
2.180000e+01	-1.782166e-01	3.818633e+00
2.183333e+01	-1.796201e-01	3.812111e+00
2.186667e+01	-1.809332e-01	3.806010e+00
2.190000e+01	-1.819621e-01	3.801228e+00
2.193333e+01	-1.825046e-01	3.798708e+00
2.196667e+01	-1.825525e-01	3.798485e+00
22	-1.823350e-01	3.799496e+00
2.203333e+01	-1.821372e-01	3.800415e+00
2.206667e+01	-1.820986e-01	3.800594e+00
2.210000e+01	-1.821778e-01	3.800226e+00
2.213333e+01	-1.822614e-01	3.799838e+00
2.216667e+01	-1.825100e-01	3.798682e+00
2.220000e+01	-1.839955e-01	3.791780e+00
2.223333e+01	-1.883762e-01	3.771424e+00
2.226667e+01	-1.956916e-01	3.737431e+00
2.230000e+01	-2.032848e-01	3.702147e+00
2.233333e+01	-2.087292e-01	3.676848e+00
2.236667e+01	-2.130702e-01	3.656677e+00
2.240000e+01	-2.195466e-01	3.626582e+00
2.243333e+01	-2.295730e-01	3.579992e+00
2.246667e+01	-2.407503e-01	3.528054e+00
2.250000e+01	-2.487320e-01	3.490964e+00
2.253333e+01	-2.510542e-01	3.480174e+00
2.256667e+01	-2.490772e-01	3.489360e+00
2.260000e+01	-2.462684e-01	3.502412e+00
2.263333e+01	-2.451233e-01	3.507734e+00
2.266667e+01	-2.457886e-01	3.504642e+00
2.270000e+01	-2.469568e-01	3.499213e+00
2.273333e+01	-2.474933e-01	3.496721e+00
2.276667e+01	-2.472442e-01	3.497878e+00
2.280000e+01	-2.467396e-01	3.500223e+00
2.283333e+01	-2.464860e-01	3.501401e+00
2.286667e+01	-2.465775e-01	3.500976e+00
2.290000e+01	-2.465678e-01	3.501021e+00
2.293333e+01	-2.451698e-01	3.507517e+00
2.296667e+01	-2.407204e-01	3.528193e+00
23	-2.333002e-01	3.562673e+00
2.303333e+01	-2.258923e-01	3.597095e+00
2.306667e+01	-2.219921e-01	3.615219e+00
2.310000e+01	-2.223428e-01	3.613589e+00
2.313333e+01	-2.247305e-01	3.602494e+00
2.316667e+01	-2.264634e-01	3.594442e+00
2.320000e+01	-2.265026e-01	3.594259e+00
2.323333e+01	-2.255526e-01	3.598674e+00
2.326667e+01	-2.245547e-01	3.603311e+00
2.330000e+01	-2.229768e-01	3.610643e+00
2.333333e+01	-2.189546e-01	3.629333e+00
2.336667e+01	-2.119748e-01	3.661767e+00
2.340000e+01	-2.044391e-01	3.696783e+00
2.343333e+01	-1.990746e-01	3.721711e+00
2.346667e+01	-1.963293e-01	3.734468e+00
2.350000e+01	-1.957550e-01	3.737136e+00
2.353333e+01	-1.975329e-01	3.728875e+00
2.356667e+01	-2.011004e-01	3.712297e+00
2.360000e+01	-2.043989e-01	3.696970e+00
2.363333e+01	-2.056523e-01	3.691146e+00
2.366667e+01	-2.049275e-01	3.694514e+00
2.370000e+01	-2.036297e-01	3.700544e+00
2.373333e+01	-2.029925e-01	3.703505e+00
2.376667e+01	-2.032218e-01	3.702440e+00
2.380000e+01	-2.037663e-01	3.699910e+00
2.383333e+01	-2.040638e-01	3.698527e+00
2.386667e+01	-2.039850e-01	3.698893e+00
2.390000e+01	-2.035232e-01	3.701039e+00
2.393333e+01	-2.018671e-01	3.708735e+00
2.396667e+01	-1.974753e-01	3.729142e+00
24	-1.902496e-01	3.762718e+00
2.403333e+01	-1.829619e-01	3.796583e+00
2.406667e+01	-1.790441e-01	3.814788e+00
2.410000e+01	-1.793115e-01	3.813545e+00
2.413333e+01	-1.816437e-01	3.802708e+00
2.416667e+01	-1.833808e-01	3.794636e+00
2.420000e+01	-1.834556e-01	3.794289e+00
2.423333e+01	-1.825311e-01	3.798585e+00
2.426667e+01	-1.817611e-01	3.802162e+00
2.430000e+01	-1.816857e-01	3.802513e+00
2.433333e+01	-1.820693e-01	3.800730e+00
2.436667e+01	-1.824149e-01	3.799125e+00
2.440000e+01	-1.824658e-01	3.798888e+00
2.443333e+01	-1.823063e-01	3.799629e+00
2.446667e+01	-1.821512e-01	3.800350e+00
2.450000e+01	-1.821210e-01	3.800490e+00
2.453333e+01	-1.821867e-01	3.800185e+00
2.456667e+01	-1.822561e-01	3.799862e+00
2.460000e+01	-1.822728e-01	3.799785e+00
2.463333e+01	-1.822459e-01	3.799910e+00
2.466667e+01	-1.822151e-01	3.800053e+00
2.470000e+01	-1.822062e-01	3.800094e+00
2.473333e+01	-1.822171e-01	3.800044e+00
2.476667e+01	-1.822308e-01	3.799980e+00
2.480000e+01	-1.822353e-01	3.799959e+00
2.483333e+01	-1.822309e-01	3.799979e+00
2.486667e+01	-1.822249e-01	3.800007e+00
2.490000e+01	-1.822227e-01	3.800018e+00
2.493333e+01	-1.822244e-01	3.800010e+00
2.496667e+01	-1.822270e-01	3.799997e+00
25	-1.822281e-01	3.799992e+00
2.503333e+01	-1.822275e-01	3.799995e+00
2.506667e+01	-1.822263e-01	3.800001e+00
2.510000e+01	-1.822258e-01	3.800003e+00
2.513333e+01	-1.822260e-01	3.800002e+00
2.516667e+01	-1.822265e-01	3.800000e+00
2.520000e+01	-1.822268e-01	3.799999e+00
2.523333e+01	-1.822267e-01	3.799999e+00
2.526667e+01	-1.822265e-01	3.800000e+00
2.530000e+01	-1.822264e-01	3.800001e+00
2.533333e+01	-1.822264e-01	3.800000e+00
2.536667e+01	-1.824549e-01	3.798939e+00
2.540000e+01	-1.839724e-01	3.791887e+00
2.543333e+01	-1.883898e-01	3.771360e+00
2.546667e+01	-1.957157e-01	3.737319e+00
2.550000e+01	-2.030676e-01	3.703156e+00
2.553333e+01	-2.069782e-01	3.684985e+00
2.556667e+01	-2.066504e-01	3.686508e+00
2.560000e+01	-2.041544e-01	3.698106e+00
2.563333e+01	-2.019445e-01	3.708375e+00
2.566667e+01	-2.008503e-01	3.713459e+00
2.570000e+01	-2.001852e-01	3.716550e+00
2.573333e+01	-1.990513e-01	3.721819e+00
2.576667e+01	-1.972390e-01	3.730241e+00
2.580000e+01	-1.951507e-01	3.739944e+00
2.583333e+01	-1.932398e-01	3.748824e+00
2.586667e+01	-1.916316e-01	3.756297e+00
2.590000e+01	-1.901611e-01	3.763130e+00
2.593333e+01	-1.886246e-01	3.770270e+00
2.596667e+01	-1.869563e-01	3.778022e+00
26	-1.852396e-01	3.785999e+00
2.603333e+01	-1.836638e-01	3.793321e+00
2.606667e+01	-1.824848e-01	3.798800e+00
2.610000e+01	-1.819005e-01	3.801515e+00
2.613333e+01	-1.818733e-01	3.801641e+00
2.616667e+01	-1.821223e-01	3.800484e+00
2.620000e+01	-1.823329e-01	3.799506e+00
2.623333e+01	-1.823645e-01	3.799359e+00
2.626667e+01	-1.822732e-01	3.799783e+00
2.630000e+01	-1.821843e-01	3.800196e+00
2.633333e+01	-1.821668e-01	3.800278e+00
2.636667e+01	-1.822039e-01	3.800105e+00
2.640000e+01	-1.824716e-01	3.798861e+00
2.643333e+01	-1.839986e-01	3.791766e+00
2.646667e+01	-1.884008e-01	3.771310e+00
2.650000e+01	-1.957092e-01	3.737349e+00
2.653333e+01	-2.030561e-01	3.703210e+00
2.656667e+01	-2.067446e-01	3.686070e+00
2.660000e+01	-2.049246e-01	3.694527e+00
2.663333e+01	-1.983763e-01	3.724956e+00
2.666667e+01	-1.906013e-01	3.761084e+00
2.670000e+01	-1.863177e-01	3.780989e+00
2.673333e+01	-1.877698e-01	3.774242e+00
2.676667e+01	-1.932946e-01	3.748569e+00
2.680000e+01	-1.996102e-01	3.719222e+00
2.683333e+01	-2.040878e-01	3.698415e+00
2.686667e+01	-2.056451e-01	3.691179e+00
2.690000e+01	-2.048826e-01	3.694722e+00
2.693333e+01	-2.032796e-01	3.702171e+00
2.696667e+01	-2.019961e-01	3.708135e+00
27	-2.013262e-01	3.711248e+00
2.703333e+01	-2.009238e-01	3.713118e+00
2.706667e+01	-2.003150e-01	3.715947e+00
2.710000e+01	-1.992918e-01	3.720702e+00
2.713333e+01	-1.979852e-01	3.726773e+00
2.716667e+01	-1.966591e-01	3.732935e+00
2.720000e+01	-1.954719e-01	3.738452e+00
2.723333e+01	-1.944054e-01	3.743408e+00
2.726667e+01	-1.933555e-01	3.748286e+00
2.730000e+01	-1.922498e-01	3.753424e+00
2.733333e+01	-1.910907e-01	3.758810e+00
2.736667e+01	-1.899217e-01	3.764242e+00
2.740000e+01	-1.887757e-01	3.769567e+00
2.743333e+01	-1.876535e-01	3.774782e+00
2.746667e+01	-1.865368e-01	3.779971e+00
2.750000e+01	-1.854107e-01	3.785204e+00
2.753333e+01	-1.842860e-01	3.790430e+00
2.756667e+01	-1.832383e-01	3.795299e+00
2.760000e+01	-1.824268e-01	3.799069e+00
2.763333e+01	-1.820057e-01	3.801026e+00
2.766667e+01	-1.819730e-01	3.801178e+00
2.770000e+01	-1.821446e-01	3.800381e+00
2.773333e+01	-1.822977e-01	3.799669e+00
2.776667e+01	-1.823259e-01	3.799538e+00
2.780000e+01	-1.822632e-01	3.799829e+00
2.783333e+01	-1.821985e-01	3.800130e+00
2.786667e+01	-1.821836e-01	3.800199e+00
2.790000e+01	-1.822089e-01	3.800082e+00
2.793333e+01	-1.822374e-01	3.799949e+00
2.796667e+01	-1.824736e-01	3.798852e+00
28	-1.837525e-01	3.792909e+00
2.803333e+01	-1.866398e-01	3.779493e+00
2.806667e+01	-1.895442e-01	3.765996e+00
2.810000e+01	-1.898027e-01	3.764795e+00
2.813333e+01	-1.878845e-01	3.773708e+00
2.816667e+01	-1.880831e-01	3.772786e+00
2.820000e+01	-1.933558e-01	3.748285e+00
2.823333e+01	-2.013313e-01	3.711225e+00
2.826667e+01	-2.069201e-01	3.685254e+00
2.830000e+01	-2.076051e-01	3.682072e+00
2.833333e+01	-2.050766e-01	3.693821e+00
2.836667e+01	-2.026389e-01	3.705149e+00
2.840000e+01	-2.021246e-01	3.707538e+00
2.843333e+01	-2.031059e-01	3.702978e+00
2.846667e+01	-2.041741e-01	3.698015e+00
2.850000e+01	-2.044518e-01	3.696724e+00
2.853333e+01	-2.040555e-01	3.698566e+00
2.856667e+01	-2.035831e-01	3.700761e+00
2.860000e+01	-2.034394e-01	3.701428e+00
2.863333e+01	-2.035990e-01	3.700687e+00
2.866667e+01	-2.040362e-01	3.698655e+00
2.870000e+01	-2.056262e-01	3.691267e+00
2.873333e+01	-2.099802e-01	3.671035e+00
2.876667e+01	-2.172141e-01	3.637421e+00
2.880000e+01	-2.245302e-01	3.603425e+00
2.883333e+01	-2.284657e-01	3.585138e+00
2.886667e+01	-2.281957e-01	3.586392e+00
2.890000e+01	-2.258514e-01	3.597285e+00
2.893333e+01	-2.241061e-01	3.605395e+00
2.896667e+01	-2.240320e-01	3.605740e+00
29	-2.249617e-01	3.601420e+00
2.903333e+01	-2.257353e-01	3.597825e+00
2.906667e+01	-2.258107e-01	3.597474e+00
2.910000e+01	-2.254249e-01	3.599267e+00
2.913333e+01	-2.250777e-01	3.600881e+00
2.916667e+01	-2.250267e-01	3.601118e+00
2.920000e+01	-2.251870e-01	3.600372e+00
2.923333e+01	-2.253429e-01	3.599648e+00
2.926667e+01	-2.253733e-01	3.599507e+00
2.930000e+01	-2.253071e-01	3.599815e+00
2.933333e+01	-2.252374e-01	3.600138e+00
2.936667e+01	-2.252206e-01	3.600216e+00
2.940000e+01	-2.250193e-01	3.601152e+00
2.943333e+01	-2.235328e-01	3.608059e+00
2.946667e+01	-2.191242e-01	3.628545e+00
2.950000e+01	-2.117874e-01	3.662637e+00
2.953333e+01	-2.044218e-01	3.696864e+00
2.956667e+01	-2.005066e-01	3.715057e+00
2.960000e+01	-2.008212e-01	3.713595e+00
2.963333e+01	-2.029606e-01	3.703653e+00
2.966667e+01	-2.031812e-01	3.702628e+00
2.970000e+01	-1.988186e-01	3.722901e+00
2.973333e+01	-1.905520e-01	3.761313e+00
2.976667e+01	-1.824289e-01	3.799060e+00
2.980000e+01	-1.784511e-01	3.817543e+00
2.983333e+01	-1.791523e-01	3.814285e+00
2.986667e+01	-1.818606e-01	3.801700e+00
2.990000e+01	-1.836438e-01	3.793414e+00
2.993333e+01	-1.835376e-01	3.793908e+00
2.996667e+01	-1.824439e-01	3.798990e+00
30	-1.816449e-01	3.802702e+00
3.003333e+01	-1.816444e-01	3.802705e+00
3.006667e+01	-1.821039e-01	3.800570e+00
3.010000e+01	-1.824660e-01	3.798887e+00
3.013333e+01	-1.824861e-01	3.798794e+00
3.016667e+01	-1.822929e-01	3.799692e+00
3.020000e+01	-1.821288e-01	3.800454e+00
3.023333e+01	-1.821111e-01	3.800536e+00
3.026667e+01	-1.821919e-01	3.800161e+00
3.030000e+01	-1.822659e-01	3.799817e+00
3.033333e+01	-1.822775e-01	3.799763e+00
3.036667e+01	-1.822440e-01	3.799919e+00
3.040000e+01	-1.822108e-01	3.800073e+00
3.043333e+01	-1.822040e-01	3.800105e+00
3.046667e+01	-1.822178e-01	3.800040e+00
3.050000e+01	-1.822326e-01	3.799971e+00
3.053333e+01	-1.822363e-01	3.799954e+00
3.056667e+01	-1.822307e-01	3.799980e+00
3.060000e+01	-1.822241e-01	3.800011e+00
3.063333e+01	-1.822222e-01	3.800020e+00
3.066667e+01	-1.822245e-01	3.800009e+00
3.070000e+01	-1.822274e-01	3.799996e+00
3.073333e+01	-1.822284e-01	3.799991e+00
3.076667e+01	-1.822275e-01	3.799996e+00
3.080000e+01	-1.822262e-01	3.800001e+00
3.083333e+01	-1.822257e-01	3.800004e+00
3.086667e+01	-1.822260e-01	3.800002e+00
3.090000e+01	-1.822266e-01	3.799999e+00
3.093333e+01	-1.822268e-01	3.799998e+00
3.096667e+01	-1.822267e-01	3.799999e+00
31	-1.822265e-01	3.800000e+00
3.103333e+01	-1.822263e-01	3.800001e+00
3.106667e+01	-1.822264e-01	3.800000e+00
3.110000e+01	-1.822265e-01	3.800000e+00
3.113333e+01	-1.822265e-01	3.800000e+00
3.116667e+01	-1.822265e-01	3.800000e+00
3.120000e+01	-1.824549e-01	3.798939e+00
3.123333e+01	-1.839723e-01	3.791887e+00
3.126667e+01	-1.883898e-01	3.771361e+00
3.130000e+01	-1.957157e-01	3.737319e+00
3.133333e+01	-2.030676e-01	3.703156e+00
3.136667e+01	-2.069782e-01	3.684985e+00
3.140000e+01	-2.066680e-01	3.686426e+00
3.143333e+01	-2.043062e-01	3.697401e+00
3.146667e+01	-2.025705e-01	3.705466e+00
3.150000e+01	-2.025139e-01	3.705729e+00
3.153333e+01	-2.034519e-01	3.701370e+00
3.156667e+01	-2.042221e-01	3.697792e+00
3.160000e+01	-2.042898e-01	3.697477e+00
3.163333e+01	-2.039000e-01	3.699288e+00
3.166667e+01	-2.035540e-01	3.700896e+00
3.170000e+01	-2.035064e-01	3.701117e+00
3.173333e+01	-2.036686e-01	3.700364e+00
3.176667e+01	-2.038241e-01	3.699641e+00
3.180000e+01	-2.038530e-01	3.699507e+00
3.183333e+01	-2.037859e-01	3.699818e+00
3.186667e+01	-2.037164e-01	3.700142e+00
3.190000e+01	-2.037002e-01	3.700217e+00
3.193333e+01	-2.037277e-01	3.700089e+00
3.196667e+01	-2.037587e-01	3.699945e+00
32	-2.037672e-01	3.699905e+00
3.203333e+01	-2.035277e-01	3.701018e+00
3.206667e+01	-2.019965e-01	3.708133e+00
3.210000e+01	-1.975746e-01	3.728681e+00
3.213333e+01	-1.902532e-01	3.762702e+00
3.216667e+01	-1.829074e-01	3.796836e+00
3.220000e+01	-1.789990e-01	3.814998e+00
3.223333e+01	-1.795358e-01	3.812503e+00
3.226667e+01	-1.834124e-01	3.794489e+00
3.230000e+01	-1.895645e-01	3.765902e+00
3.233333e+01	-1.969476e-01	3.731594e+00
3.236667e+01	-2.033627e-01	3.701785e+00
3.240000e+01	-2.065037e-01	3.687190e+00
3.243333e+01	-2.061255e-01	3.688947e+00
3.246667e+01	-2.041530e-01	3.698113e+00
3.250000e+01	-2.027629e-01	3.704572e+00
3.253333e+01	-2.027542e-01	3.704613e+00
3.256667e+01	-2.035302e-01	3.701007e+00
3.260000e+01	-2.041450e-01	3.698150e+00
3.263333e+01	-2.041838e-01	3.697970e+00
3.266667e+01	-2.038609e-01	3.699470e+00
3.270000e+01	-2.035845e-01	3.700755e+00
3.273333e+01	-2.035530e-01	3.700901e+00
3.276667e+01	-2.036878e-01	3.700274e+00
3.280000e+01	-2.038123e-01	3.699696e+00
3.283333e+01	-2.038326e-01	3.699602e+00
3.286667e+01	-2.037767e-01	3.699861e+00
3.290000e+01	-2.037208e-01	3.700121e+00
3.293333e+01	-2.034807e-01	3.701237e+00
3.296667e+01	-2.019862e-01	3.708181e+00
33	-1.975937e-01	3.728592e+00
3.303333e+01	-1.902742e-01	3.762604e+00
3.306667e+01	-1.829129e-01	3.796810e+00
3.310000e+01	-1.789912e-01	3.815034e+00
3.313333e+01	-1.792981e-01	3.813607e+00
3.316667e+01	-1.816636e-01	3.802615e+00
3.320000e+01	-1.834043e-01	3.794527e+00
3.323333e+01	-1.834625e-01	3.794256e+00
3.326667e+01	-1.826977e-01	3.797811e+00
3.330000e+01	-1.830858e-01	3.796007e+00
3.333333e+01	-1.863953e-01	3.780629e+00
3.336667e+01	-1.923878e-01	3.752783e+00
3.340000e+01	-1.983568e-01	3.725046e+00
3.343333e+01	-2.014491e-01	3.710677e+00
3.346667e+01	-2.014064e-01	3.710875e+00
3.350000e+01	-2.004839e-01	3.715162e+00
3.353333e+01	-2.008512e-01	3.713455e+00
3.356667e+01	-2.026049e-01	3.705306e+00
3.360000e+01	-2.043121e-01	3.697373e+00
3.363333e+01	-2.048748e-01	3.694759e+00
3.366667e+01	-2.045762e-01	3.696146e+00
3.370000e+01	-2.046604e-01	3.695755e+00
3.373333e+01	-2.061724e-01	3.688729e+00
3.376667e+01	-2.091466e-01	3.674908e+00
3.380000e+01	-2.127659e-01	3.658091e+00
3.383333e+01	-2.161640e-01	3.642300e+00
3.386667e+01	-2.190339e-01	3.628965e+00
3.390000e+01	-2.216077e-01	3.617005e+00
3.393333e+01	-2.242461e-01	3.604745e+00
3.396667e+01	-2.271037e-01	3.591466e+00
34	-2.300967e-01	3.577558e+00
3.403333e+01	-2.330701e-01	3.563742e+00
3.406667e+01	-2.359500e-01	3.550360e+00
3.410000e+01	-2.387676e-01	3.537267e+00
3.413333e+01	-2.415596e-01	3.524293e+00
3.416667e+01	-2.441891e-01	3.512074e+00
3.420000e+01	-2.462583e-01	3.502460e+00
3.423333e+01	-2.471218e-01	3.498447e+00
3.426667e+01	-2.456990e-01	3.505058e+00
3.430000e+01	-2.408419e-01	3.527628e+00
3.433333e+01	-2.331171e-01	3.563523e+00
3.436667e+01	-2.256883e-01	3.598043e+00
3.440000e+01	-2.219381e-01	3.615469e+00
3.443333e+01	-2.224169e-01	3.613244e+00
3.446667e+01	-2.248192e-01	3.602082e+00
3.450000e+01	-2.264902e-01	3.594317e+00
3.453333e+01	-2.264859e-01	3.594337e+00
3.456667e+01	-2.256295e-01	3.598316e+00
3.460000e+01	-2.252348e-01	3.600151e+00
3.463333e+01	-2.259042e-01	3.597040e+00
3.466667e+01	-2.272708e-01	3.590690e+00
3.470000e+01	-2.286313e-01	3.584368e+00
3.473333e+01	-2.296697e-01	3.579543e+00
3.476667e+01	-2.305709e-01	3.575355e+00
3.480000e+01	-2.316345e-01	3.570412e+00
3.483333e+01	-2.329443e-01	3.564326e+00
3.486667e+01	-2.343646e-01	3.557726e+00
3.490000e+01	-2.357298e-01	3.551383e+00
3.493333e+01	-2.369858e-01	3.545546e+00
3.496667e+01	-2.381867e-01	3.539966e+00
35	-2.394069e-01	3.534296e+00
3.503333e+01	-2.406742e-01	3.528407e+00
3.506667e+01	-2.419676e-01	3.522397e+00
3.510000e+01	-2.432409e-01	3.516480e+00
3.513333e+01	-2.444047e-01	3.511072e+00
3.516667e+01	-2.450816e-01	3.507927e+00
3.520000e+01	-2.441163e-01	3.512413e+00
3.523333e+01	-2.399978e-01	3.531550e+00
3.526667e+01	-2.329177e-01	3.564450e+00
3.530000e+01	-2.258307e-01	3.597382e+00
3.533333e+01	-2.221178e-01	3.614635e+00
3.536667e+01	-2.224769e-01	3.612966e+00
3.540000e+01	-2.247703e-01	3.602309e+00
3.543333e+01	-2.264210e-01	3.594639e+00
3.546667e+01	-2.264471e-01	3.594517e+00
3.550000e+01	-2.255332e-01	3.598764e+00
3.553333e+01	-2.250279e-01	3.601112e+00
3.556667e+01	-2.264927e-01	3.594306e+00
3.560000e+01	-2.312907e-01	3.572010e+00
3.563333e+01	-2.389467e-01	3.536435e+00
3.566667e+01	-2.463391e-01	3.502084e+00
3.570000e+01	-2.500910e-01	3.484650e+00
3.573333e+01	-2.496322e-01	3.486782e+00
3.576667e+01	-2.472450e-01	3.497875e+00
3.580000e+01	-2.455749e-01	3.505635e+00
3.583333e+01	-2.455850e-01	3.505588e+00
3.586667e+01	-2.465375e-01	3.501162e+00
3.590000e+01	-2.470523e-01	3.498770e+00
3.593333e+01	-2.455728e-01	3.505645e+00
3.596667e+01	-2.407578e-01	3.528019e+00
36	-2.330969e-01	3.563617e+00
3.603333e+01	-2.257105e-01	3.597940e+00
3.606667e+01	-2.219662e-01	3.615339e+00
3.610000e+01	-2.224274e-01	3.613196e+00
3.613333e+01	-2.248122e-01	3.602114e+00
3.616667e+01	-2.264790e-01	3.594369e+00
3.620000e+01	-2.264677e-01	3.594422e+00
3.623333e+01	-2.255161e-01	3.598844e+00
3.626667e+01	-2.247744e-01	3.602290e+00
3.630000e+01	-2.245086e-01	3.603525e+00
3.633333e+01	-2.233883e-01	3.608731e+00
3.636667e+01	-2.193053e-01	3.627704e+00
3.640000e+01	-2.120136e-01	3.661586e+00
3.643333e+01	-2.044955e-01	3.696521e+00
3.646667e+01	-2.004341e-01	3.715393e+00
3.650000e+01	-2.007214e-01	3.714058e+00
3.653333e+01	-2.031522e-01	3.702763e+00
3.656667e+01	-2.049557e-01	3.694383e+00
3.660000e+01	-2.050257e-01	3.694057e+00
3.663333e+01	-2.040593e-01	3.698548e+00
3.666667e+01	-2.032589e-01	3.702267e+00
3.670000e+01	-2.031837e-01	3.702617e+00
3.673333e+01	-2.035851e-01	3.700752e+00
3.676667e+01	-2.039445e-01	3.699081e+00
3.680000e+01	-2.039961e-01	3.698842e+00
3.683333e+01	-2.040576e-01	3.698556e+00
3.686667e+01	-2.054136e-01	3.692255e+00
3.690000e+01	-2.098002e-01	3.671872e+00
3.693333e+01	-2.171950e-01	3.637510e+00
3.696667e+01	-2.246191e-01	3.603012e+00
37	-2.285469e-01	3.584760e+00
3.703333e+01	-2.282084e-01	3.586333e+00
3.706667e+01	-2.258146e-01	3.597457e+00
3.710000e+01	-2.240697e-01	3.605564e+00
3.713333e+01	-2.240246e-01	3.605774e+00
3.716667e+01	-2.249768e-01	3.601349e+00
3.720000e+01	-2.257516e-01	3.597749e+00
3.723333e+01	-2.258148e-01	3.597455e+00
3.726667e+01	-2.254187e-01	3.599296e+00
3.730000e+01	-2.250704e-01	3.600914e+00
3.733333e+01	-2.250246e-01	3.601128e+00
3.736667e+01	-2.251895e-01	3.600361e+00
3.740000e+01	-2.253461e-01	3.599633e+00
3.743333e+01	-2.253743e-01	3.599502e+00
3.746667e+01	-2.253061e-01	3.599819e+00
3.750000e+01	-2.252360e-01	3.600145e+00
3.753333e+01	-2.252201e-01	3.600219e+00
3.756667e+01	-2.252481e-01	3.600089e+00
3.760000e+01	-2.252793e-01	3.599944e+00
3.763333e+01	-2.252878e-01	3.599904e+00
3.766667e+01	-2.252765e-01	3.599957e+00
3.770000e+01	-2.252626e-01	3.600021e+00
3.773333e+01	-2.252582e-01	3.600042e+00
3.776667e+01	-2.252628e-01	3.600021e+00
3.780000e+01	-2.254973e-01	3.598931e+00
3.783333e+01	-2.270170e-01	3.591869e+00
3.786667e+01	-2.314326e-01	3.571351e+00
3.790000e+01	-2.387558e-01	3.537322e+00
3.793333e+01	-2.461066e-01	3.503164e+00
3.796667e+01	-2.502463e-01	3.483928e+00
38	-2.514548e-01	3.478313e+00
3.803333e+01	-2.535110e-01	3.468758e+00
3.806667e+01	-2.591008e-01	3.442783e+00
3.810000e+01	-2.663957e-01	3.408886e+00
3.813333e+01	-2.712441e-01	3.386356e+00
3.816667e+01	-2.717041e-01	3.384219e+00
3.820000e+01	-2.694103e-01	3.394877e+00
3.823333e+01	-2.672848e-01	3.404754e+00
3.826667e+01	-2.668823e-01	3.406625e+00
3.830000e+01	-2.677725e-01	3.402488e+00
3.833333e+01	-2.687048e-01	3.398156e+00
3.836667e+01	-2.689281e-01	3.397118e+00
3.840000e+01	-2.685672e-01	3.398795e+00
3.843333e+01	-2.681542e-01	3.400714e+00
3.846667e+01	-2.680370e-01	3.401259e+00
3.850000e+01	-2.681830e-01	3.400580e+00
3.853333e+01	-2.683659e-01	3.399730e+00
3.856667e+01	-2.681975e-01	3.400513e+00
3.860000e+01	-2.666215e-01	3.407836e+00
3.863333e+01	-2.621234e-01	3.428738e+00
3.866667e+01	-2.547676e-01	3.462918e+00
3.870000e+01	-2.474387e-01	3.496974e+00
3.873333e+01	-2.435636e-01	3.514981e+00
3.876667e+01	-2.436601e-01	3.514533e+00
3.880000e+01	-2.444954e-01	3.510651e+00
3.883333e+01	-2.417982e-01	3.523184e+00
3.886667e+01	-2.345218e-01	3.556996e+00
3.890000e+01	-2.262353e-01	3.595502e+00
3.893333e+01	-2.215613e-01	3.617221e+00
3.896667e+01	-2.218071e-01	3.616078e+00
39	-2.245574e-01	3.603298e+00
3.903333e+01	-2.266363e-01	3.593638e+00
3.906667e+01	-2.267389e-01	3.593161e+00
3.910000e+01	-2.256391e-01	3.598272e+00
3.913333e+01	-2.247147e-01	3.602567e+00
3.916667e+01	-2.246188e-01	3.603013e+00
3.920000e+01	-2.248471e-01	3.601952e+00
3.923333e+01	-2.237446e-01	3.607075e+00
3.926667e+01	-2.193907e-01	3.627307e+00
3.930000e+01	-2.118752e-01	3.662230e+00
3.933333e+01	-2.043370e-01	3.697258e+00
3.936667e+01	-2.003891e-01	3.715603e+00
3.940000e+01	-2.007775e-01	3.713798e+00
3.943333e+01	-2.032224e-01	3.702437e+00
3.946667e+01	-2.049787e-01	3.694276e+00
3.950000e+01	-2.050033e-01	3.694161e+00
3.953333e+01	-2.040283e-01	3.698692e+00
3.956667e+01	-2.032474e-01	3.702321e+00
3.960000e+01	-2.031925e-01	3.702576e+00
3.963333e+01	-2.036130e-01	3.700622e+00
3.966667e+01	-2.040736e-01	3.698482e+00
3.970000e+01	-2.045013e-01	3.696494e+00
3.973333e+01	-2.051749e-01	3.693364e+00
3.976667e+01	-2.063193e-01	3.688046e+00
3.980000e+01	-2.078394e-01	3.680983e+00
3.983333e+01	-2.094372e-01	3.673558e+00
3.986667e+01	-2.108881e-01	3.666816e+00
3.990000e+01	-2.121750e-01	3.660837e+00
3.993333e+01	-2.134141e-01	3.655079e+00
3.996667e+01	-2.147090e-01	3.649061e+00
40	-2.160755e-01	3.642712e+00
4.003333e+01	-2.174662e-01	3.636250e+00
4.006667e+01	-2.188348e-01	3.629890e+00
4.010000e+01	-2.201721e-01	3.623676e+00
4.013333e+01	-2.214831e-01	3.617584e+00
4.016667e+01	-2.227222e-01	3.611826e+00
4.020000e+01	-2.237795e-01	3.606913e+00
4.023333e+01	-2.245660e-01	3.603258e+00
4.026667e+01	-2.250715e-01	3.600909e+00
4.030000e+01	-2.253282e-01	3.599716e+00
4.033333e+01	-2.253864e-01	3.599446e+00
4.036667e+01	-2.251013e-01	3.600771e+00
4.040000e+01	-2.235099e-01	3.608166e+00
4.043333e+01	-2.190626e-01	3.628831e+00
4.046667e+01	-2.117527e-01	3.662798e+00
4.050000e+01	-2.044297e-01	3.696827e+00
4.053333e+01	-2.005326e-01	3.714936e+00
4.056667e+01	-2.008370e-01	3.713521e+00
4.060000e+01	-2.031864e-01	3.702604e+00
4.063333e+01	-2.049159e-01	3.694568e+00
4.066667e+01	-2.049746e-01	3.694295e+00
4.070000e+01	-2.040419e-01	3.698629e+00
4.073333e+01	-2.035031e-01	3.701133e+00
4.076667e+01	-2.049521e-01	3.694399e+00
4.080000e+01	-2.097570e-01	3.672072e+00
4.083333e+01	-2.174275e-01	3.636429e+00
4.086667e+01	-2.248273e-01	3.602044e+00
4.090000e+01	-2.285767e-01	3.584621e+00
4.093333e+01	-2.281117e-01	3.586782e+00
4.096667e+01	-2.257210e-01	3.597891e+00
41	-2.240518e-01	3.605648e+00
4.103333e+01	-2.240645e-01	3.605589e+00
4.106667e+01	-2.250187e-01	3.601155e+00
4.110000e+01	-2.257616e-01	3.597703e+00
4.113333e+01	-2.257985e-01	3.597531e+00
4.116667e+01	-2.254001e-01	3.599382e+00
4.120000e+01	-2.250652e-01	3.600939e+00
4.123333e+01	-2.250312e-01	3.601097e+00
4.126667e+01	-2.251978e-01	3.600322e+00
4.130000e+01	-2.253488e-01	3.599621e+00
4.133333e+01	-2.253717e-01	3.599514e+00
4.136667e+01	-2.253025e-01	3.599836e+00
4.140000e+01	-2.252346e-01	3.600151e+00
4.143333e+01	-2.252211e-01	3.600214e+00
4.146667e+01	-2.252497e-01	3.600081e+00
4.150000e+01	-2.252800e-01	3.599941e+00
4.153333e+01	-2.252874e-01	3.599906e+00
4.156667e+01	-2.252758e-01	3.599960e+00
4.160000e+01	-2.252623e-01	3.600023e+00
4.163333e+01	-2.252584e-01	3.600041e+00
4.166667e+01	-2.252631e-01	3.600019e+00
4.170000e+01	-2.252690e-01	3.599991e+00
4.173333e+01	-2.252710e-01	3.599982e+00
4.176667e+01	-2.252692e-01	3.599991e+00
4.180000e+01	-2.252665e-01	3.600003e+00
4.183333e+01	-2.252655e-01	3.600008e+00
4.186667e+01	-2.252663e-01	3.600004e+00
4.190000e+01	-2.252674e-01	3.599999e+00
4.193333e+01	-2.252679e-01	3.599997e+00
4.196667e+01	-2.252676e-01	3.599998e+00
42	-2.252671e-01	3.600000e+00
4.203333e+01	-2.252669e-01	3.600001e+00
4.206667e+01	-2.252670e-01	3.600001e+00
4.210000e+01	-2.252672e-01	3.600000e+00
4.213333e+01	-2.252673e-01	3.599999e+00
4.216667e+01	-2.252673e-01	3.600000e+00
4.220000e+01	-2.252672e-01	3.600000e+00
4.223333e+01	-2.252671e-01	3.600000e+00
4.226667e+01	-2.252672e-01	3.600000e+00
4.230000e+01	-2.254956e-01	3.598939e+00
4.233333e+01	-2.270131e-01	3.591887e+00
4.236667e+01	-2.314305e-01	3.571360e+00
4.240000e+01	-2.387564e-01	3.537319e+00
4.243333e+01	-2.461083e-01	3.503156e+00
4.246667e+01	-2.500189e-01	3.484985e+00
4.250000e+01	-2.497087e-01	3.486426e+00
4.253333e+01	-2.473470e-01	3.497401e+00
4.256667e+01	-2.456112e-01	3.505466e+00
4.260000e+01	-2.455546e-01	3.505729e+00
4.263333e+01	-2.462643e-01	3.502432e+00
4.266667e+01	-2.455169e-01	3.505904e+00
4.270000e+01	-2.411672e-01	3.526116e+00
4.273333e+01	-2.334516e-01	3.561969e+00
4.276667e+01	-2.257537e-01	3.597740e+00
4.280000e+01	-2.217954e-01	3.616133e+00
4.283333e+01	-2.224962e-01	3.612876e+00
4.286667e+01	-2.265309e-01	3.594128e+00
4.290000e+01	-2.327130e-01	3.565401e+00
4.293333e+01	-2.400284e-01	3.531408e+00
4.296667e+01	-2.463727e-01	3.501928e+00
43	-2.494858e-01	3.487462e+00
4.303333e+01	-2.490494e-01	3.489490e+00
4.306667e+01	-2.468054e-01	3.499917e+00
4.310000e+01	-2.447608e-01	3.509418e+00
4.313333e+01	-2.437158e-01	3.514274e+00
4.316667e+01	-2.432605e-01	3.516389e+00
4.320000e+01	-2.426687e-01	3.519139e+00
4.323333e+01	-2.416262e-01	3.523984e+00
4.326667e+01	-2.403090e-01	3.530104e+00
4.330000e+01	-2.390370e-01	3.536015e+00
4.333333e+01	-2.379599e-01	3.541020e+00
4.336667e+01	-2.370102e-01	3.545433e+00
4.340000e+01	-2.360485e-01	3.549902e+00
4.343333e+01	-2.350036e-01	3.554757e+00
4.346667e+01	-2.339000e-01	3.559886e+00
4.350000e+01	-2.327981e-01	3.565006e+00
4.353333e+01	-2.317316e-01	3.569962e+00
4.356667e+01	-2.306919e-01	3.574793e+00
4.360000e+01	-2.296530e-01	3.579620e+00
4.363333e+01	-2.285991e-01	3.584517e+00
4.366667e+01	-2.275331e-01	3.589471e+00
4.370000e+01	-2.264661e-01	3.594429e+00
4.373333e+01	-2.254053e-01	3.599358e+00
4.376667e+01	-2.243500e-01	3.604262e+00
4.380000e+01	-2.232955e-01	3.609162e+00
4.383333e+01	-2.222383e-01	3.614074e+00
4.386667e+01	-2.211787e-01	3.618998e+00
4.390000e+01	-2.201186e-01	3.623924e+00
4.393333e+01	-2.190596e-01	3.628845e+00
4.396667e+01	-2.180017e-01	3.633761e+00
44	-2.169441e-01	3.638675e+00
4.403333e+01	-2.158860e-01	3.643592e+00
4.406667e+01	-2.148275e-01	3.648511e+00
4.410000e+01	-2.137688e-01	3.653430e+00
4.413333e+01	-2.127102e-01	3.658349e+00
4.416667e+01	-2.116519e-01	3.663267e+00
4.420000e+01	-2.105937e-01	3.668184e+00
4.423333e+01	-2.095354e-01	3.673102e+00
4.426667e+01	-2.084770e-01	3.678020e+00
4.430000e+01	-2.074185e-01	3.682938e+00
4.433333e+01	-2.063601e-01	3.687857e+00
4.436667e+01	-2.053018e-01	3.692775e+00
4.440000e+01	-2.042434e-01	3.697693e+00
4.443333e+01	-2.031851e-01	3.702611e+00
4.446667e+01	-2.021267e-01	3.707529e+00
4.450000e+01	-2.010683e-01	3.712447e+00
4.453333e+01	-2.000099e-01	3.717365e+00
4.456667e+01	-1.989515e-01	3.722283e+00
4.460000e+01	-1.978931e-01	3.727201e+00
4.463333e+01	-1.968348e-01	3.732119e+00
4.466667e+01	-1.957764e-01	3.737037e+00
4.470000e+01	-1.947180e-01	3.741955e+00
4.473333e+01	-1.936596e-01	3.746873e+00
4.476667e+01	-1.926013e-01	3.751791e+00
4.480000e+01	-1.915429e-01	3.756709e+00
4.483333e+01	-1.904845e-01	3.761627e+00
4.486667e+01	-1.894261e-01	3.766545e+00
4.490000e+01	-1.883677e-01	3.771463e+00
4.493333e+01	-1.873094e-01	3.776381e+00
4.496667e+01	-1.862510e-01	3.781299e+00
45	-1.852038e-01	3.786165e+00
4.503333e+01	-1.842201e-01	3.790736e+00
4.506667e+01	-1.833902e-01	3.794593e+00
4.510000e+01	-1.830063e-01	3.796376e+00
4.513333e+01	-1.841301e-01	3.791154e+00
4.516667e+01	-1.883449e-01	3.771569e+00
4.520000e+01	-1.956221e-01	3.737754e+00
4.523333e+01	-2.032452e-01	3.702331e+00
4.526667e+01	-2.087316e-01	3.676837e+00
4.530000e+01	-2.128636e-01	3.657637e+00
4.533333e+01	-2.178160e-01	3.634624e+00
4.536667e+01	-2.234093e-01	3.608633e+00
4.540000e+01	-2.272523e-01	3.590776e+00
4.543333e+01	-2.278843e-01	3.587839e+00
4.546667e+01	-2.263023e-01	3.595190e+00
4.550000e+01	-2.246395e-01	3.602917e+00
4.553333e+01	-2.241917e-01	3.604998e+00
4.556667e+01	-2.247795e-01	3.602266e+00
4.560000e+01	-2.254996e-01	3.598920e+00
4.563333e+01	-2.257300e-01	3.597849e+00
4.566667e+01	-2.254975e-01	3.598930e+00
4.570000e+01	-2.251815e-01	3.600398e+00
4.573333e+01	-2.250667e-01	3.600932e+00
4.576667e+01	-2.251586e-01	3.600505e+00
4.580000e+01	-2.252974e-01	3.599860e+00
4.583333e+01	-2.253538e-01	3.599598e+00
4.586667e+01	-2.253180e-01	3.599764e+00
4.590000e+01	-2.252573e-01	3.600046e+00
4.593333e+01	-2.252300e-01	3.600173e+00
4.596667e+01	-2.252436e-01	3.600110e+00
46	-2.252701e-01	3.599987e+00
4.603333e+01	-2.252831e-01	3.599926e+00
4.606667e+01	-2.252781e-01	3.599949e+00
4.610000e+01	-2.252666e-01	3.600003e+00
4.613333e+01	-2.252604e-01	3.600031e+00
4.616667e+01	-2.252622e-01	3.600023e+00
4.620000e+01	-2.252672e-01	3.600000e+00
4.623333e+01	-2.252701e-01	3.599987e+00
4.626667e+01	-2.252695e-01	3.599989e+00
4.630000e+01	-2.250390e-01	3.601061e+00
4.633333e+01	-2.235201e-01	3.608118e+00
4.636667e+01	-2.191029e-01	3.628644e+00
4.640000e+01	-2.117779e-01	3.662682e+00
4.643333e+01	-2.044266e-01	3.696841e+00
4.646667e+01	-2.005159e-01	3.715013e+00
4.650000e+01	-2.008258e-01	3.713573e+00
4.653333e+01	-2.031872e-01	3.702600e+00
4.656667e+01	-2.049230e-01	3.694535e+00
4.660000e+01	-2.049797e-01	3.694271e+00
4.663333e+01	-2.040418e-01	3.698629e+00
4.666667e+01	-2.032717e-01	3.702208e+00
4.670000e+01	-2.032039e-01	3.702523e+00
4.673333e+01	-2.035936e-01	3.700712e+00
4.676667e+01	-2.039396e-01	3.699104e+00
4.680000e+01	-2.039873e-01	3.698883e+00
4.683333e+01	-2.038251e-01	3.699636e+00
4.686667e+01	-2.036696e-01	3.700359e+00
4.690000e+01	-2.036407e-01	3.700493e+00
4.693333e+01	-2.037077e-01	3.700182e+00
4.696667e+01	-2.037773e-01	3.699858e+00
47	-2.037935e-01	3.699783e+00
4.703333e+01	-2.037660e-01	3.699911e+00
4.706667e+01	-2.037350e-01	3.700055e+00
4.710000e+01	-2.037264e-01	3.700095e+00
4.713333e+01	-2.037376e-01	3.700043e+00
4.716667e+01	-2.037513e-01	3.699979e+00
4.720000e+01	-2.037557e-01	3.699959e+00
4.723333e+01	-2.037513e-01	3.699979e+00
4.726667e+01	-2.037452e-01	3.700008e+00
4.730000e+01	-2.037430e-01	3.700018e+00
4.733333e+01	-2.037448e-01	3.700010e+00
4.736667e+01	-2.039758e-01	3.698936e+00
4.740000e+01	-2.054944e-01	3.691880e+00
4.743333e+01	-2.099111e-01	3.671356e+00
4.746667e+01	-2.172358e-01	3.637320e+00
4.750000e+01	-2.245872e-01	3.603160e+00
4.753333e+01	-2.284981e-01	3.584987e+00
4.756667e+01	-2.281884e-01	3.586426e+00
4.760000e+01	-2.258269e-01	3.597399e+00
4.763333e+01	-2.240910e-01	3.605465e+00
4.766667e+01	-2.240343e-01	3.605729e+00
4.770000e+01	-2.249722e-01	3.601371e+00
4.773333e+01	-2.257423e-01	3.597792e+00
4.776667e+01	-2.258102e-01	3.597477e+00
4.780000e+01	-2.254204e-01	3.599288e+00
4.783333e+01	-2.250744e-01	3.600896e+00
4.786667e+01	-2.250267e-01	3.601117e+00
4.790000e+01	-2.251889e-01	3.600364e+00
4.793333e+01	-2.253444e-01	3.599641e+00
4.796667e+01	-2.253733e-01	3.599507e+00
48	-2.253063e-01	3.599818e+00
4.803333e+01	-2.252367e-01	3.600142e+00
4.806667e+01	-2.252206e-01	3.600217e+00
4.810000e+01	-2.252480e-01	3.600089e+00
4.813333e+01	-2.252790e-01	3.599945e+00
4.816667e+01	-2.252876e-01	3.599905e+00
4.820000e+01	-2.252765e-01	3.599957e+00
4.823333e+01	-2.252627e-01	3.600021e+00
4.826667e+01	-2.252583e-01	3.600041e+00
4.830000e+01	-2.252628e-01	3.600021e+00
4.833333e+01	-2.252688e-01	3.599992e+00
4.836667e+01	-2.252710e-01	3.599982e+00
4.840000e+01	-2.252693e-01	3.599990e+00
4.843333e+01	-2.252666e-01	3.600003e+00
4.846667e+01	-2.252655e-01	3.600008e+00
4.850000e+01	-2.252662e-01	3.600005e+00
4.853333e+01	-2.252674e-01	3.599999e+00
4.856667e+01	-2.252679e-01	3.599997e+00
4.860000e+01	-2.252677e-01	3.599998e+00
4.863333e+01	-2.252671e-01	3.600000e+00
4.866667e+01	-2.252669e-01	3.600001e+00
4.870000e+01	-2.252670e-01	3.600001e+00
4.873333e+01	-2.252672e-01	3.600000e+00
4.876667e+01	-2.252673e-01	3.599999e+00
4.880000e+01	-2.252673e-01	3.600000e+00
4.883333e+01	-2.252672e-01	3.600000e+00
4.886667e+01	-2.252671e-01	3.600000e+00
4.890000e+01	-2.252672e-01	3.600000e+00
4.893333e+01	-2.252672e-01	3.600000e+00
4.896667e+01	-2.252672e-01	3.600000e+00
49	-2.252672e-01	3.600000e+00
4.903333e+01	-2.252672e-01	3.600000e+00
4.906667e+01	-2.252672e-01	3.600000e+00
4.910000e+01	-2.252672e-01	3.600000e+00
4.913333e+01	-2.252912e-01	3.599888e+00
4.916667e+01	-2.254750e-01	3.599034e+00
4.920000e+01	-2.261238e-01	3.596020e+00
4.923333e+01	-2.275437e-01	3.589422e+00
4.926667e+01	-2.297375e-01	3.579228e+00
4.930000e+01	-2.323429e-01	3.567121e+00
4.933333e+01	-2.349157e-01	3.555166e+00
4.936667e+01	-2.372399e-01	3.544366e+00
4.940000e+01	-2.393814e-01	3.534415e+00
4.943333e+01	-2.415169e-01	3.524491e+00
4.946667e+01	-2.437512e-01	3.514109e+00
4.950000e+01	-2.460665e-01	3.503351e+00
4.953333e+01	-2.483889e-01	3.492559e+00
4.956667e+01	-2.506704e-01	3.481957e+00
4.960000e+01	-2.529154e-01	3.471525e+00
4.963333e+01	-2.551554e-01	3.461117e+00
4.966667e+01	-2.574124e-01	3.450629e+00
4.970000e+01	-2.596859e-01	3.440065e+00
4.973333e+01	-2.619623e-01	3.429486e+00
4.976667e+01	-2.642077e-01	3.419053e+00
4.980000e+01	-2.662860e-01	3.409395e+00
4.983333e+01	-2.676693e-01	3.402968e+00
4.986667e+01	-2.669951e-01	3.406100e+00
4.990000e+01	-2.626504e-01	3.426289e+00
4.993333e+01	-2.549866e-01	3.461901e+00
4.996667e+01	-2.473281e-01	3.497488e+00
50	-2.429014e-01	3.518058e+00
5.003333e+01	-2.402996e-01	3.530148e+00
5.006667e+01	-2.339557e-01	3.559626e+00
5.010000e+01	-2.210710e-01	3.619499e+00
5.013333e+01	-2.063741e-01	3.687792e+00
5.016667e+01	-1.975578e-01	3.728759e+00
5.020000e+01	-1.973920e-01	3.729529e+00
5.023333e+01	-2.025246e-01	3.705679e+00
5.026667e+01	-2.094462e-01	3.673517e+00
5.030000e+01	-2.187484e-01	3.630292e+00
5.033333e+01	-2.315637e-01	3.570742e+00
5.036667e+01	-2.445539e-01	3.510379e+00
5.040000e+01	-2.520801e-01	3.475407e+00
5.043333e+01	-2.522135e-01	3.474787e+00
5.046667e+01	-2.482539e-01	3.493186e+00
5.050000e+01	-2.449492e-01	3.508542e+00
5.053333e+01	-2.445266e-01	3.510506e+00
5.056667e+01	-2.456054e-01	3.505493e+00
5.060000e+01	-2.440209e-01	3.512856e+00
5.063333e+01	-2.354475e-01	3.552695e+00
5.066667e+01	-2.201674e-01	3.623698e+00
5.070000e+01	-2.048181e-01	3.695022e+00
5.073333e+01	-1.968508e-01	3.732044e+00
5.076667e+01	-1.977289e-01	3.727964e+00
5.080000e+01	-2.027398e-01	3.704679e+00
5.083333e+01	-2.062893e-01	3.688186e+00
5.086667e+01	-2.062977e-01	3.688147e+00
5.090000e+01	-2.042941e-01	3.697457e+00
5.093333e+01	-2.027137e-01	3.704801e+00
5.096667e+01	-2.026202e-01	3.705235e+00
51	-2.034561e-01	3.701351e+00
5.103333e+01	-2.041683e-01	3.698042e+00
5.106667e+01	-2.042470e-01	3.697676e+00
5.110000e+01	-2.038978e-01	3.699299e+00
5.113333e+01	-2.035769e-01	3.700790e+00
5.116667e+01	-2.035256e-01	3.701028e+00
5.120000e+01	-2.036705e-01	3.700355e+00
5.123333e+01	-2.038145e-01	3.699686e+00
5.126667e+01	-2.038443e-01	3.699547e+00
5.130000e+01	-2.037847e-01	3.699824e+00
5.133333e+01	-2.037204e-01	3.700123e+00
5.136667e+01	-2.037041e-01	3.700199e+00
5.140000e+01	-2.037284e-01	3.700086e+00
5.143333e+01	-2.037570e-01	3.699953e+00
5.146667e+01	-2.037655e-01	3.699913e+00
5.150000e+01	-2.037557e-01	3.699959e+00
5.153333e+01	-2.037430e-01	3.700018e+00
5.156667e+01	-2.037387e-01	3.700038e+00
5.160000e+01	-2.039710e-01	3.698958e+00
5.163333e+01	-2.054941e-01	3.691881e+00
5.166667e+01	-2.099137e-01	3.671344e+00
5.170000e+01	-2.172380e-01	3.637310e+00
5.173333e+01	-2.245875e-01	3.603159e+00
5.176667e+01	-2.284971e-01	3.584992e+00
5.180000e+01	-2.281874e-01	3.586430e+00
5.183333e+01	-2.258267e-01	3.597400e+00
5.186667e+01	-2.240915e-01	3.605463e+00
5.190000e+01	-2.240347e-01	3.605727e+00
5.193333e+01	-2.249723e-01	3.601371e+00
5.196667e+01	-2.257421e-01	3.597793e+00
52	-2.258100e-01	3.597478e+00
5.203333e+01	-2.254204e-01	3.599288e+00
5.206667e+01	-2.250745e-01	3.600895e+00
5.210000e+01	-2.250268e-01	3.601117e+00
5.213333e+01	-2.251890e-01	3.600364e+00
5.216667e+01	-2.253444e-01	3.599641e+00
5.220000e+01	-2.253733e-01	3.599507e+00
5.223333e+01	-2.253063e-01	3.599818e+00
5.226667e+01	-2.252367e-01	3.600142e+00
5.230000e+01	-2.252206e-01	3.600217e+00
5.233333e+01	-2.252480e-01	3.600089e+00
5.236667e+01	-2.252790e-01	3.599945e+00
5.240000e+01	-2.252876e-01	3.599905e+00
5.243333e+01	-2.252765e-01	3.599957e+00
5.246667e+01	-2.252627e-01	3.600021e+00
5.250000e+01	-2.252583e-01	3.600041e+00
5.253333e+01	-2.252628e-01	3.600021e+00
5.256667e+01	-2.252688e-01	3.599992e+00
5.260000e+01	-2.252710e-01	3.599982e+00
5.263333e+01	-2.252693e-01	3.599990e+00
5.266667e+01	-2.252666e-01	3.600003e+00
5.270000e+01	-2.252655e-01	3.600008e+00
5.273333e+01	-2.252662e-01	3.600005e+00
5.276667e+01	-2.254958e-01	3.598938e+00
5.280000e+01	-2.270138e-01	3.591884e+00
5.283333e+01	-2.314310e-01	3.571358e+00
5.286667e+01	-2.387563e-01	3.537319e+00
5.290000e+01	-2.461080e-01	3.503158e+00
5.293333e+01	-2.500187e-01	3.484986e+00
5.296667e+01	-2.497087e-01	3.486426e+00
53	-2.473471e-01	3.497400e+00
5.303333e+01	-2.456113e-01	3.505466e+00
5.306667e+01	-2.455546e-01	3.505729e+00
5.310000e+01	-2.464926e-01	3.501371e+00
5.313333e+01	-2.472627e-01	3.497792e+00
5.316667e+01	-2.473305e-01	3.497477e+00
5.320000e+01	-2.469408e-01	3.499288e+00
5.323333e+01	-2.465948e-01	3.500896e+00
5.326667e+01	-2.465471e-01	3.501117e+00
5.330000e+01	-2.467093e-01	3.500364e+00
5.333333e+01	-2.468648e-01	3.499641e+00
5.336667e+01	-2.468937e-01	3.499507e+00
5.340000e+01	-2.468267e-01	3.499818e+00
5.343333e+01	-2.467571e-01	3.500142e+00
5.346667e+01	-2.467409e-01	3.500217e+00
5.350000e+01	-2.467684e-01	3.500089e+00
5.353333e+01	-2.467994e-01	3.499945e+00
5.356667e+01	-2.468080e-01	3.499905e+00
5.360000e+01	-2.467968e-01	3.499957e+00
5.363333e+01	-2.467831e-01	3.500021e+00
5.366667e+01	-2.467787e-01	3.500041e+00
5.370000e+01	-2.465548e-01	3.501082e+00
5.373333e+01	-2.450433e-01	3.508105e+00
5.376667e+01	-2.406281e-01	3.528622e+00
5.380000e+01	-2.333005e-01	3.562671e+00
5.383333e+01	-2.259459e-01	3.596846e+00
5.386667e+01	-2.220342e-01	3.615023e+00
5.390000e+01	-2.223451e-01	3.613578e+00
5.393333e+01	-2.247080e-01	3.602599e+00
5.396667e+01	-2.264443e-01	3.594530e+00
54	-2.265006e-01	3.594269e+00
5.403333e+01	-2.255620e-01	3.598630e+00
5.406667e+01	-2.247917e-01	3.602210e+00
5.410000e+01	-2.247240e-01	3.602524e+00
5.413333e+01	-2.251140e-01	3.600712e+00
5.416667e+01	-2.254601e-01	3.599104e+00
5.420000e+01	-2.252794e-01	3.599943e+00
5.423333e+01	-2.235996e-01	3.607749e+00
5.426667e+01	-2.190266e-01	3.628999e+00
5.430000e+01	-2.116719e-01	3.663174e+00
5.433333e+01	-2.043870e-01	3.697025e+00
5.436667e+01	-2.005460e-01	3.714874e+00
5.440000e+01	-2.006440e-01	3.714418e+00
5.443333e+01	-2.014607e-01	3.710623e+00
5.446667e+01	-1.987481e-01	3.723228e+00
5.450000e+01	-1.914702e-01	3.757047e+00
5.453333e+01	-1.831914e-01	3.795516e+00
5.456667e+01	-1.785244e-01	3.817203e+00
5.460000e+01	-1.787713e-01	3.816056e+00
5.463333e+01	-1.815183e-01	3.803291e+00
5.466667e+01	-1.835940e-01	3.793645e+00
5.470000e+01	-1.834676e-01	3.794233e+00
5.473333e+01	-1.808517e-01	3.806388e+00
5.476667e+01	-1.755113e-01	3.831204e+00
5.480000e+01	-1.680899e-01	3.865689e+00
5.483333e+01	-1.611941e-01	3.897733e+00
5.486667e+01	-1.576978e-01	3.913979e+00
5.490000e+01	-1.580714e-01	3.912243e+00
5.493333e+01	-1.602437e-01	3.902149e+00
5.496667e+01	-1.617935e-01	3.894947e+00
55	-1.618128e-01	3.894857e+00
5.503333e+01	-1.609529e-01	3.898853e+00
5.506667e+01	-1.602658e-01	3.902046e+00
5.510000e+01	-1.602185e-01	3.902266e+00
5.513333e+01	-1.605764e-01	3.900603e+00
5.516667e+01	-1.608855e-01	3.899167e+00
5.520000e+01	-1.609224e-01	3.898995e+00
5.523333e+01	-1.607731e-01	3.899689e+00
5.526667e+01	-1.608623e-01	3.899274e+00
5.530000e+01	-1.623564e-01	3.892332e+00
5.533333e+01	-1.668357e-01	3.871517e+00
5.536667e+01	-1.742239e-01	3.837186e+00
5.540000e+01	-1.815893e-01	3.802961e+00
5.543333e+01	-1.854745e-01	3.784907e+00
5.546667e+01	-1.851364e-01	3.786478e+00
5.550000e+01	-1.827675e-01	3.797486e+00
5.553333e+01	-1.810420e-01	3.805504e+00
5.556667e+01	-1.809978e-01	3.805709e+00
5.560000e+01	-1.819396e-01	3.801333e+00
5.563333e+01	-1.827056e-01	3.797774e+00
5.566667e+01	-1.827679e-01	3.797484e+00
5.570000e+01	-1.823762e-01	3.799304e+00
5.573333e+01	-1.820319e-01	3.800904e+00
5.576667e+01	-1.819866e-01	3.801115e+00
5.580000e+01	-1.821498e-01	3.800357e+00
5.583333e+01	-1.823046e-01	3.799637e+00
5.586667e+01	-1.823324e-01	3.799508e+00
5.590000e+01	-1.822649e-01	3.799821e+00
5.593333e+01	-1.821956e-01	3.800143e+00
5.596667e+01	-1.824083e-01	3.799155e+00
56	-1.837251e-01	3.793036e+00
5.603333e+01	-1.866559e-01	3.779417e+00
5.606667e+01	-1.898011e-01	3.764803e+00
5.610000e+01	-1.913334e-01	3.757682e+00
5.613333e+01	-1.922959e-01	3.753210e+00
5.616667e+01	-1.953965e-01	3.738802e+00
5.620000e+01	-2.007015e-01	3.714151e+00
5.623333e+01	-2.052441e-01	3.693043e+00
5.626667e+01	-2.066153e-01	3.686671e+00
5.630000e+01	-2.052463e-01	3.693032e+00
5.633333e+01	-2.033400e-01	3.701891e+00
5.636667e+01	-2.025800e-01	3.705422e+00
5.640000e+01	-2.030612e-01	3.703186e+00
5.643333e+01	-2.038763e-01	3.699399e+00
5.646667e+01	-2.042429e-01	3.697695e+00
5.650000e+01	-2.040627e-01	3.698532e+00
5.653333e+01	-2.037095e-01	3.700174e+00
5.656667e+01	-2.035350e-01	3.700985e+00
5.660000e+01	-2.036014e-01	3.700676e+00
5.663333e+01	-2.037545e-01	3.699964e+00
5.666667e+01	-2.038369e-01	3.699581e+00
5.670000e+01	-2.038135e-01	3.699690e+00
5.673333e+01	-2.037474e-01	3.699998e+00
5.676667e+01	-2.037087e-01	3.700177e+00
5.680000e+01	-2.037165e-01	3.700141e+00
5.683333e+01	-2.037449e-01	3.700009e+00
5.686667e+01	-2.037629e-01	3.699926e+00
5.690000e+01	-2.037606e-01	3.699936e+00
5.693333e+01	-2.037484e-01	3.699993e+00
5.696667e+01	-2.037402e-01	3.700031e+00
57	-2.039690e-01	3.698968e+00
5.703333e+01	-2.054917e-01	3.691892e+00
5.706667e+01	-2.099129e-01	3.671348e+00
5.710000e+01	-2.172388e-01	3.637306e+00
5.713333e+01	-2.245885e-01	3.603154e+00
5.716667e+01	-2.284974e-01	3.584990e+00
5.720000e+01	-2.281871e-01	3.586432e+00
5.723333e+01	-2.258263e-01	3.597402e+00
5.726667e+01	-2.240913e-01	3.605464e+00
5.730000e+01	-2.240348e-01	3.605727e+00
5.733333e+01	-2.249725e-01	3.601370e+00
5.736667e+01	-2.257422e-01	3.597793e+00
5.740000e+01	-2.258099e-01	3.597478e+00
5.743333e+01	-2.254203e-01	3.599289e+00
5.746667e+01	-2.250745e-01	3.600896e+00
5.750000e+01	-2.250268e-01	3.601117e+00
5.753333e+01	-2.251890e-01	3.600363e+00
5.756667e+01	-2.253444e-01	3.599641e+00
5.760000e+01	-2.253733e-01	3.599507e+00
5.763333e+01	-2.253063e-01	3.599818e+00
5.766667e+01	-2.252367e-01	3.600142e+00
5.770000e+01	-2.252206e-01	3.600217e+00
5.773333e+01	-2.252480e-01	3.600089e+00
5.776667e+01	-2.252790e-01	3.599945e+00
5.780000e+01	-2.252876e-01	3.599905e+00
5.783333e+01	-2.252765e-01	3.599957e+00
5.786667e+01	-2.252627e-01	3.600021e+00
5.790000e+01	-2.252583e-01	3.600041e+00
5.793333e+01	-2.252628e-01	3.600021e+00
5.796667e+01	-2.252688e-01	3.599992e+00
58	-2.252710e-01	3.599982e+00
5.803333e+01	-2.252693e-01	3.599990e+00
5.806667e+01	-2.252666e-01	3.600003e+00
5.810000e+01	-2.252655e-01	3.600008e+00
5.813333e+01	-2.252662e-01	3.600005e+00
5.816667e+01	-2.252674e-01	3.599999e+00
5.820000e+01	-2.252679e-01	3.599997e+00
5.823333e+01	-2.252677e-01	3.599998e+00
5.826667e+01	-2.252671e-01	3.600000e+00
5.830000e+01	-2.252669e-01	3.600001e+00
5.833333e+01	-2.252670e-01	3.600001e+00
5.836667e+01	-2.252672e-01	3.600000e+00
5.840000e+01	-2.252673e-01	3.599999e+00
5.843333e+01	-2.252673e-01	3.600000e+00
5.846667e+01	-2.252672e-01	3.600000e+00
5.850000e+01	-2.252671e-01	3.600000e+00
5.853333e+01	-2.252672e-01	3.600000e+00
5.856667e+01	-2.252672e-01	3.600000e+00
5.860000e+01	-2.252672e-01	3.600000e+00
5.863333e+01	-2.252672e-01	3.600000e+00
5.866667e+01	-2.252672e-01	3.600000e+00
5.870000e+01	-2.252672e-01	3.600000e+00
5.873333e+01	-2.252672e-01	3.600000e+00
5.876667e+01	-2.252672e-01	3.600000e+00
5.880000e+01	-2.252672e-01	3.600000e+00
5.883333e+01	-2.252672e-01	3.600000e+00
5.886667e+01	-2.252672e-01	3.600000e+00
5.890000e+01	-2.252672e-01	3.600000e+00
5.893333e+01	-2.252672e-01	3.600000e+00
5.896667e+01	-2.252672e-01	3.600000e+00
59	-2.252672e-01	3.600000e+00
5.903333e+01	-2.252672e-01	3.600000e+00
5.906667e+01	-2.252672e-01	3.600000e+00
5.910000e+01	-2.252672e-01	3.600000e+00
5.913333e+01	-2.252672e-01	3.600000e+00
5.916667e+01	-2.252672e-01	3.600000e+00
5.920000e+01	-2.252672e-01	3.600000e+00
5.923333e+01	-2.252672e-01	3.600000e+00
5.926667e+01	-2.252672e-01	3.600000e+00
5.930000e+01	-2.252672e-01	3.600000e+00
5.933333e+01	-2.252672e-01	3.600000e+00
5.936667e+01	-2.252672e-01	3.600000e+00
5.940000e+01	-2.252672e-01	3.600000e+00
5.943333e+01	-2.252672e-01	3.600000e+00
5.946667e+01	-2.252672e-01	3.600000e+00
5.950000e+01	-2.252672e-01	3.600000e+00
5.953333e+01	-2.252672e-01	3.600000e+00
5.956667e+01	-2.252672e-01	3.600000e+00
5.960000e+01	-2.252672e-01	3.600000e+00
5.963333e+01	-2.250388e-01	3.601061e+00
5.966667e+01	-2.235213e-01	3.608113e+00
5.970000e+01	-2.191039e-01	3.628639e+00
5.973333e+01	-2.117780e-01	3.662681e+00
5.976667e+01	-2.044261e-01	3.696844e+00
5.980000e+01	-2.005155e-01	3.715015e+00
5.983333e+01	-2.008257e-01	3.713574e+00
5.986667e+01	-2.031874e-01	3.702599e+00
5.990000e+01	-2.049232e-01	3.694534e+00
5.993333e+01	-2.049798e-01	3.694271e+00
5.996667e+01	-2.040417e-01	3.698630e+00
60	-2.032716e-01	3.702208e+00
6.003333e+01	-2.032039e-01	3.702523e+00
6.006667e+01	-2.035937e-01	3.700712e+00
6.010000e+01	-2.039396e-01	3.699104e+00
6.013333e+01	-2.039873e-01	3.698883e+00
6.016667e+01	-2.038251e-01	3.699636e+00
6.020000e+01	-2.036696e-01	3.700359e+00
6.023333e+01	-2.036407e-01	3.700493e+00
6.026667e+01	-2.037077e-01	3.700182e+00
6.030000e+01	-2.037773e-01	3.699858e+00
6.033333e+01	-2.037935e-01	3.699783e+00
6.036667e+01	-2.037660e-01	3.699911e+00
6.040000e+01	-2.037350e-01	3.700055e+00
6.043333e+01	-2.037264e-01	3.700095e+00
6.046667e+01	-2.037376e-01	3.700043e+00
6.050000e+01	-2.037513e-01	3.699979e+00
6.053333e+01	-2.037557e-01	3.699959e+00
6.056667e+01	-2.037513e-01	3.699979e+00
6.060000e+01	-2.037452e-01	3.700008e+00
6.063333e+01	-2.037430e-01	3.700018e+00
6.066667e+01	-2.037448e-01	3.700010e+00
6.070000e+01	-2.039758e-01	3.698936e+00
6.073333e+01	-2.054944e-01	3.691880e+00
6.076667e+01	-2.099111e-01	3.671356e+00
6.080000e+01	-2.172358e-01	3.637320e+00
6.083333e+01	-2.245872e-01	3.603160e+00
6.086667e+01	-2.284981e-01	3.584987e+00
6.090000e+01	-2.281884e-01	3.586426e+00
6.093333e+01	-2.258269e-01	3.597399e+00
6.096667e+01	-2.240910e-01	3.605465e+00
61	-2.240343e-01	3.605729e+00
6.103333e+01	-2.249722e-01	3.601371e+00
6.106667e+01	-2.257423e-01	3.597792e+00
6.110000e+01	-2.258102e-01	3.597477e+00
6.113333e+01	-2.254204e-01	3.599288e+00
6.116667e+01	-2.250744e-01	3.600896e+00
6.120000e+01	-2.250267e-01	3.601117e+00
6.123333e+01	-2.251889e-01	3.600364e+00
6.126667e+01	-2.253444e-01	3.599641e+00
6.130000e+01	-2.253733e-01	3.599507e+00
6.133333e+01	-2.253063e-01	3.599818e+00
6.136667e+01	-2.252367e-01	3.600142e+00
6.140000e+01	-2.252206e-01	3.600217e+00
6.143333e+01	-2.252480e-01	3.600089e+00
6.146667e+01	-2.252790e-01	3.599945e+00
6.150000e+01	-2.252876e-01	3.599905e+00
6.153333e+01	-2.252765e-01	3.599957e+00
6.156667e+01	-2.252627e-01	3.600021e+00
6.160000e+01	-2.252583e-01	3.600041e+00
6.163333e+01	-2.252628e-01	3.600021e+00
6.166667e+01	-2.252688e-01	3.599992e+00
6.170000e+01	-2.252710e-01	3.599982e+00
6.173333e+01	-2.250409e-01	3.601051e+00
6.176667e+01	-2.235207e-01	3.608115e+00
6.180000e+01	-2.191022e-01	3.628647e+00
6.183333e+01	-2.117770e-01	3.662686e+00
6.186667e+01	-2.044263e-01	3.696843e+00
6.190000e+01	-2.005162e-01	3.715012e+00
6.193333e+01	-2.008262e-01	3.713572e+00
6.196667e+01	-2.031874e-01	3.702600e+00
62	-2.049229e-01	3.694535e+00
6.203333e+01	-2.049796e-01	3.694272e+00
6.206667e+01	-2.040418e-01	3.698630e+00
6.210000e+01	-2.032717e-01	3.702208e+00
6.213333e+01	-2.032040e-01	3.702523e+00
6.216667e+01	-2.035937e-01	3.700712e+00
6.220000e+01	-2.039396e-01	3.699104e+00
6.223333e+01	-2.039873e-01	3.698883e+00
6.226667e+01	-2.038251e-01	3.699636e+00
6.230000e+01	-2.036696e-01	3.700359e+00
6.233333e+01	-2.036407e-01	3.700493e+00
6.236667e+01	-2.037077e-01	3.700182e+00
6.240000e+01	-2.037773e-01	3.699858e+00
6.243333e+01	-2.037935e-01	3.699783e+00
6.246667e+01	-2.037660e-01	3.699911e+00
6.250000e+01	-2.037350e-01	3.700055e+00
6.253333e+01	-2.037264e-01	3.700095e+00
6.256667e+01	-2.037376e-01	3.700043e+00
6.260000e+01	-2.037513e-01	3.699979e+00
6.263333e+01	-2.037557e-01	3.699959e+00
6.266667e+01	-2.037513e-01	3.699979e+00
6.270000e+01	-2.037452e-01	3.700008e+00
6.273333e+01	-2.037430e-01	3.700018e+00
6.276667e+01	-2.037448e-01	3.700010e+00
6.280000e+01	-2.037474e-01	3.699997e+00
6.283333e+01	-2.037485e-01	3.699992e+00
6.286667e+01	-2.037478e-01	3.699995e+00
6.290000e+01	-2.037467e-01	3.700001e+00
6.293333e+01	-2.037461e-01	3.700003e+00
6.296667e+01	-2.037464e-01	3.700002e+00
63	-2.037469e-01	3.700000e+00
6.303333e+01	-2.037471e-01	3.699999e+00
6.306667e+01	-2.037471e-01	3.699999e+00
6.310000e+01	-2.039752e-01	3.698939e+00
6.313333e+01	-2.054926e-01	3.691888e+00
6.316667e+01	-2.099101e-01	3.671361e+00
6.320000e+01	-2.172360e-01	3.637319e+00
6.323333e+01	-2.245880e-01	3.603156e+00
6.326667e+01	-2.284986e-01	3.584984e+00
6.330000e+01	-2.281883e-01	3.586426e+00
6.333333e+01	-2.258266e-01	3.597401e+00
6.336667e+01	-2.240908e-01	3.605466e+00
6.340000e+01	-2.240343e-01	3.605729e+00
6.343333e+01	-2.249723e-01	3.601370e+00
6.346667e+01	-2.257424e-01	3.597792e+00
6.350000e+01	-2.258102e-01	3.597477e+00
6.353333e+01	-2.254204e-01	3.599288e+00
6.356667e+01	-2.250744e-01	3.600896e+00
6.360000e+01	-2.250267e-01	3.601117e+00
6.363333e+01	-2.251890e-01	3.600364e+00
6.366667e+01	-2.253444e-01	3.599641e+00
6.370000e+01	-2.253733e-01	3.599507e+00
6.373333e+01	-2.253063e-01	3.599818e+00
6.376667e+01	-2.252367e-01	3.600142e+00
6.380000e+01	-2.252206e-01	3.600217e+00
6.383333e+01	-2.252480e-01	3.600089e+00
6.386667e+01	-2.252790e-01	3.599945e+00
6.390000e+01	-2.252876e-01	3.599905e+00
6.393333e+01	-2.252765e-01	3.599957e+00
6.396667e+01	-2.252627e-01	3.600021e+00
64	-2.252583e-01	3.600041e+00
6.403333e+01	-2.252628e-01	3.600021e+00
6.406667e+01	-2.252688e-01	3.599992e+00
6.410000e+01	-2.252710e-01	3.599982e+00
6.413333e+01	-2.252693e-01	3.599990e+00
6.416667e+01	-2.252666e-01	3.600003e+00
6.420000e+01	-2.252655e-01	3.600008e+00
6.423333e+01	-2.252662e-01	3.600005e+00
6.426667e+01	-2.252674e-01	3.599999e+00
6.430000e+01	-2.252679e-01	3.599997e+00
6.433333e+01	-2.252677e-01	3.599998e+00
6.436667e+01	-2.252671e-01	3.600000e+00
6.440000e+01	-2.252669e-01	3.600001e+00
6.443333e+01	-2.252670e-01	3.600001e+00
6.446667e+01	-2.252672e-01	3.600000e+00
6.450000e+01	-2.252673e-01	3.599999e+00
6.453333e+01	-2.252673e-01	3.600000e+00
6.456667e+01	-2.252672e-01	3.600000e+00
6.460000e+01	-2.252671e-01	3.600000e+00
6.463333e+01	-2.252672e-01	3.600000e+00
6.466667e+01	-2.252672e-01	3.600000e+00
6.470000e+01	-2.252672e-01	3.600000e+00
6.473333e+01	-2.252672e-01	3.600000e+00
6.476667e+01	-2.252672e-01	3.600000e+00
6.480000e+01	-2.252672e-01	3.600000e+00
6.483333e+01	-2.252672e-01	3.600000e+00
6.486667e+01	-2.252672e-01	3.600000e+00
6.490000e+01	-2.252672e-01	3.600000e+00
6.493333e+01	-2.252672e-01	3.600000e+00
6.496667e+01	-2.252672e-01	3.600000e+00
65	-2.252672e-01	3.600000e+00
6.503333e+01	-2.252672e-01	3.600000e+00
6.506667e+01	-2.252672e-01	3.600000e+00
6.510000e+01	-2.252672e-01	3.600000e+00
6.513333e+01	-2.252672e-01	3.600000e+00
6.516667e+01	-2.252672e-01	3.600000e+00
6.520000e+01	-2.252672e-01	3.600000e+00
6.523333e+01	-2.252672e-01	3.600000e+00
6.526667e+01	-2.252672e-01	3.600000e+00
6.530000e+01	-2.252672e-01	3.600000e+00
6.533333e+01	-2.252672e-01	3.600000e+00
6.536667e+01	-2.252672e-01	3.600000e+00
6.540000e+01	-2.252672e-01	3.600000e+00
6.543333e+01	-2.252672e-01	3.600000e+00
6.546667e+01	-2.252672e-01	3.600000e+00
6.550000e+01	-2.252672e-01	3.600000e+00
6.553333e+01	-2.252672e-01	3.600000e+00
6.556667e+01	-2.252672e-01	3.600000e+00
6.560000e+01	-2.252672e-01	3.600000e+00
6.563333e+01	-2.252672e-01	3.600000e+00
6.566667e+01	-2.252672e-01	3.600000e+00
6.570000e+01	-2.252672e-01	3.600000e+00
6.573333e+01	-2.252496e-01	3.600082e+00
6.576667e+01	-2.251153e-01	3.600706e+00
6.580000e+01	-2.246412e-01	3.602909e+00
6.583333e+01	-2.236036e-01	3.607730e+00
6.586667e+01	-2.220004e-01	3.615180e+00
6.590000e+01	-2.200965e-01	3.624027e+00
6.593333e+01	-2.182163e-01	3.632764e+00
6.596667e+01	-2.165179e-01	3.640656e+00
66	-2.149530e-01	3.647928e+00
6.603333e+01	-2.133924e-01	3.655179e+00
6.606667e+01	-2.117597e-01	3.662766e+00
6.610000e+01	-2.100677e-01	3.670628e+00
6.613333e+01	-2.083705e-01	3.678515e+00
6.616667e+01	-2.067209e-01	3.686180e+00
6.620000e+01	-2.052146e-01	3.693180e+00
6.623333e+01	-2.040518e-01	3.698583e+00
6.626667e+01	-2.034400e-01	3.701426e+00
6.630000e+01	-2.033819e-01	3.701696e+00
6.633333e+01	-2.036223e-01	3.700579e+00
6.636667e+01	-2.038440e-01	3.699549e+00
6.640000e+01	-2.038893e-01	3.699338e+00
6.643333e+01	-2.038024e-01	3.699742e+00
6.646667e+01	-2.037091e-01	3.700176e+00
6.650000e+01	-2.036855e-01	3.700285e+00
6.653333e+01	-2.037205e-01	3.700123e+00
6.656667e+01	-2.039899e-01	3.698871e+00
6.660000e+01	-2.055195e-01	3.691763e+00
6.663333e+01	-2.099228e-01	3.671302e+00
6.666667e+01	-2.172305e-01	3.637345e+00
6.670000e+01	-2.245763e-01	3.603211e+00
6.673333e+01	-2.284926e-01	3.585012e+00
6.676667e+01	-2.281903e-01	3.586417e+00
6.680000e+01	-2.258316e-01	3.597377e+00
6.683333e+01	-2.240936e-01	3.605453e+00
6.686667e+01	-2.240336e-01	3.605732e+00
6.690000e+01	-2.249701e-01	3.601380e+00
6.693333e+01	-2.257411e-01	3.597798e+00
6.696667e+01	-2.258104e-01	3.597476e+00
67	-2.254213e-01	3.599284e+00
6.703333e+01	-2.250750e-01	3.600893e+00
6.706667e+01	-2.250267e-01	3.601118e+00
6.710000e+01	-2.251886e-01	3.600365e+00
6.713333e+01	-2.253441e-01	3.599642e+00
6.716667e+01	-2.253733e-01	3.599507e+00
6.720000e+01	-2.253065e-01	3.599818e+00
6.723333e+01	-2.252368e-01	3.600141e+00
6.726667e+01	-2.252206e-01	3.600217e+00
6.730000e+01	-2.252479e-01	3.600089e+00
6.733333e+01	-2.252790e-01	3.599945e+00
6.736667e+01	-2.252876e-01	3.599905e+00
6.740000e+01	-2.252765e-01	3.599957e+00
6.743333e+01	-2.252627e-01	3.600021e+00
6.746667e+01	-2.252583e-01	3.600041e+00
6.750000e+01	-2.252628e-01	3.600021e+00
6.753333e+01	-2.252688e-01	3.599992e+00
6.756667e+01	-2.252710e-01	3.599982e+00
6.760000e+01	-2.252693e-01	3.599990e+00
6.763333e+01	-2.252666e-01	3.600003e+00
6.766667e+01	-2.252655e-01	3.600008e+00
6.770000e+01	-2.252662e-01	3.600005e+00
6.773333e+01	-2.252674e-01	3.599999e+00
6.776667e+01	-2.252679e-01	3.599997e+00
6.780000e+01	-2.252677e-01	3.599998e+00
6.783333e+01	-2.252671e-01	3.600000e+00
6.786667e+01	-2.252669e-01	3.600001e+00
6.790000e+01	-2.252670e-01	3.600001e+00
6.793333e+01	-2.252672e-01	3.600000e+00
6.796667e+01	-2.252673e-01	3.599999e+00
68	-2.252673e-01	3.600000e+00
6.803333e+01	-2.252672e-01	3.600000e+00
6.806667e+01	-2.252671e-01	3.600000e+00
6.810000e+01	-2.252672e-01	3.600000e+00
6.813333e+01	-2.252672e-01	3.600000e+00
6.816667e+01	-2.252672e-01	3.600000e+00
6.820000e+01	-2.252672e-01	3.600000e+00
6.823333e+01	-2.252672e-01	3.600000e+00
6.826667e+01	-2.254956e-01	3.598939e+00
6.830000e+01	-2.270131e-01	3.591887e+00
6.833333e+01	-2.314305e-01	3.571361e+00
6.836667e+01	-2.387564e-01	3.537319e+00
6.840000e+01	-2.461083e-01	3.503156e+00
6.843333e+01	-2.497906e-01	3.486046e+00
6.846667e+01	-2.479628e-01	3.494539e+00
6.850000e+01	-2.411836e-01	3.526040e+00
6.853333e+01	-2.321220e-01	3.568147e+00
6.856667e+01	-2.249419e-01	3.601512e+00
6.860000e+01	-2.234868e-01	3.608273e+00
6.863333e+01	-2.289846e-01	3.582726e+00
6.866667e+01	-2.387399e-01	3.537395e+00
6.870000e+01	-2.474379e-01	3.496978e+00
6.873333e+01	-2.510591e-01	3.480151e+00
6.876667e+01	-2.497631e-01	3.486173e+00
6.880000e+01	-2.467935e-01	3.499972e+00
6.883333e+01	-2.451454e-01	3.507631e+00
6.886667e+01	-2.455076e-01	3.505948e+00
6.890000e+01	-2.467245e-01	3.500293e+00
6.893333e+01	-2.474728e-01	3.496816e+00
6.896667e+01	-2.473621e-01	3.497330e+00
69	-2.468443e-01	3.499736e+00
6.903333e+01	-2.467288e-01	3.500273e+00
6.906667e+01	-2.482743e-01	3.493092e+00
6.910000e+01	-2.529124e-01	3.471539e+00
6.913333e+01	-2.603961e-01	3.436764e+00
6.916667e+01	-2.677451e-01	3.402615e+00
6.920000e+01	-2.717905e-01	3.383817e+00
6.923333e+01	-2.729257e-01	3.378542e+00
6.926667e+01	-2.747502e-01	3.370064e+00
6.930000e+01	-2.790906e-01	3.349895e+00
6.933333e+01	-2.832904e-01	3.330380e+00
6.936667e+01	-2.837162e-01	3.328401e+00
6.940000e+01	-2.797160e-01	3.346989e+00
6.943333e+01	-2.735227e-01	3.375768e+00
6.946667e+01	-2.682640e-01	3.400204e+00
6.950000e+01	-2.659901e-01	3.410770e+00
6.953333e+01	-2.664259e-01	3.408745e+00
6.956667e+01	-2.675284e-01	3.403622e+00
6.960000e+01	-2.673659e-01	3.404377e+00
6.963333e+01	-2.654897e-01	3.413095e+00
6.966667e+01	-2.627777e-01	3.425697e+00
6.970000e+01	-2.603123e-01	3.437154e+00
6.973333e+01	-2.585082e-01	3.445537e+00
6.976667e+01	-2.570876e-01	3.452138e+00
6.980000e+01	-2.555925e-01	3.459086e+00
6.983333e+01	-2.538381e-01	3.467238e+00
6.986667e+01	-2.520150e-01	3.475709e+00
6.990000e+01	-2.504743e-01	3.482868e+00
6.993333e+01	-2.496305e-01	3.486790e+00
6.996667e+01	-2.504196e-01	3.483123e+00
70	-2.539578e-01	3.466682e+00
7.003333e+01	-2.590833e-01	3.442864e+00
7.006667e+01	-2.614506e-01	3.431864e+00
7.010000e+01	-2.577811e-01	3.448916e+00
7.013333e+01	-2.501809e-01	3.484232e+00
7.016667e+01	-2.440966e-01	3.512504e+00
7.020000e+01	-2.427892e-01	3.518579e+00
7.023333e+01	-2.450833e-01	3.507919e+00
7.026667e+01	-2.476816e-01	3.495846e+00
7.030000e+01	-2.484551e-01	3.492251e+00
7.033333e+01	-2.475863e-01	3.496288e+00
7.036667e+01	-2.464582e-01	3.501531e+00
7.040000e+01	-2.460686e-01	3.503341e+00
7.043333e+01	-2.464114e-01	3.501748e+00
7.046667e+01	-2.469062e-01	3.499449e+00
7.050000e+01	-2.470984e-01	3.498556e+00
7.053333e+01	-2.469641e-01	3.499179e+00
7.056667e+01	-2.467473e-01	3.500187e+00
7.060000e+01	-2.466537e-01	3.500622e+00
7.063333e+01	-2.464769e-01	3.501443e+00
7.066667e+01	-2.450541e-01	3.508055e+00
7.070000e+01	-2.406816e-01	3.528373e+00
7.073333e+01	-2.333364e-01	3.562504e+00
7.076667e+01	-2.259434e-01	3.596858e+00
7.080000e+01	-2.220114e-01	3.615129e+00
7.083333e+01	-2.223286e-01	3.613655e+00
7.086667e+01	-2.247081e-01	3.602598e+00
7.090000e+01	-2.264539e-01	3.594485e+00
7.093333e+01	-2.265081e-01	3.594234e+00
7.096667e+01	-2.255624e-01	3.598628e+00
71	-2.247876e-01	3.602229e+00
7.103333e+01	-2.247206e-01	3.602540e+00
7.106667e+01	-2.251137e-01	3.600713e+00
7.110000e+01	-2.254618e-01	3.599096e+00
7.113333e+01	-2.255093e-01	3.598875e+00
7.116667e+01	-2.253457e-01	3.599635e+00
7.120000e+01	-2.251892e-01	3.600362e+00
7.123333e+01	-2.251603e-01	3.600497e+00
7.126667e+01	-2.252280e-01	3.600182e+00
7.130000e+01	-2.255264e-01	3.598796e+00
7.133333e+01	-2.270600e-01	3.591669e+00
7.136667e+01	-2.314498e-01	3.571271e+00
7.140000e+01	-2.387444e-01	3.537374e+00
7.143333e+01	-2.460877e-01	3.503252e+00
7.146667e+01	-2.500096e-01	3.485028e+00
7.150000e+01	-2.497132e-01	3.486405e+00
7.153333e+01	-2.473559e-01	3.497359e+00
7.156667e+01	-2.456156e-01	3.505446e+00
7.160000e+01	-2.455530e-01	3.505737e+00
7.163333e+01	-2.464888e-01	3.501388e+00
7.166667e+01	-2.472607e-01	3.497801e+00
7.170000e+01	-2.473311e-01	3.497474e+00
7.173333e+01	-2.469424e-01	3.499280e+00
7.176667e+01	-2.465957e-01	3.500891e+00
7.180000e+01	-2.465469e-01	3.501118e+00
7.183333e+01	-2.467086e-01	3.500367e+00
7.186667e+01	-2.468643e-01	3.499643e+00
7.190000e+01	-2.468937e-01	3.499507e+00
7.193333e+01	-2.468270e-01	3.499817e+00
7.196667e+01	-2.467573e-01	3.500141e+00
72	-2.467409e-01	3.500217e+00
7.203333e+01	-2.467682e-01	3.500090e+00
7.206667e+01	-2.467993e-01	3.499946e+00
7.210000e+01	-2.468080e-01	3.499905e+00
7.213333e+01	-2.467969e-01	3.499957e+00
7.216667e+01	-2.467831e-01	3.500021e+00
7.220000e+01	-2.467787e-01	3.500041e+00
7.223333e+01	-2.467831e-01	3.500021e+00
7.226667e+01	-2.467892e-01	3.499992e+00
7.230000e+01	-2.467914e-01	3.499982e+00
7.233333e+01	-2.467897e-01	3.499990e+00
7.236667e+01	-2.467870e-01	3.500003e+00
7.240000e+01	-2.467859e-01	3.500008e+00
7.243333e+01	-2.467866e-01	3.500005e+00
7.246667e+01	-2.467877e-01	3.499999e+00
7.250000e+01	-2.467883e-01	3.499997e+00
7.253333e+01	-2.467880e-01	3.499998e+00
7.256667e+01	-2.467875e-01	3.500000e+00
7.260000e+01	-2.465589e-01	3.501063e+00
7.263333e+01	-2.450415e-01	3.508114e+00
7.266667e+01	-2.406243e-01	3.528639e+00
7.270000e+01	-2.332985e-01	3.562680e+00
7.273333e+01	-2.259465e-01	3.596843e+00
7.276667e+01	-2.220358e-01	3.615015e+00
7.280000e+01	-2.223460e-01	3.613574e+00
7.283333e+01	-2.247078e-01	3.602600e+00
7.286667e+01	-2.264436e-01	3.594534e+00
7.290000e+01	-2.265001e-01	3.594271e+00
7.293333e+01	-2.255621e-01	3.598630e+00
7.296667e+01	-2.247920e-01	3.602208e+00
73	-2.247242e-01	3.602523e+00
7.303333e+01	-2.251140e-01	3.600712e+00
7.306667e+01	-2.254600e-01	3.599104e+00
7.310000e+01	-2.255077e-01	3.598883e+00
7.313333e+01	-2.253454e-01	3.599636e+00
7.316667e+01	-2.251900e-01	3.600359e+00
7.320000e+01	-2.253894e-01	3.599432e+00
7.323333e+01	-2.269740e-01	3.592069e+00
7.326667e+01	-2.314610e-01	3.571219e+00
7.330000e+01	-2.388030e-01	3.537102e+00
7.333333e+01	-2.461275e-01	3.503067e+00
7.336667e+01	-2.500071e-01	3.485039e+00
7.340000e+01	-2.496883e-01	3.486521e+00
7.343333e+01	-2.473377e-01	3.497444e+00
7.346667e+01	-2.456156e-01	3.505446e+00
7.350000e+01	-2.455635e-01	3.505688e+00
7.353333e+01	-2.464971e-01	3.501350e+00
7.356667e+01	-2.472611e-01	3.497799e+00
7.360000e+01	-2.473267e-01	3.497495e+00
7.363333e+01	-2.469387e-01	3.499298e+00
7.366667e+01	-2.463670e-01	3.501954e+00
7.370000e+01	-2.450313e-01	3.508161e+00
7.373333e+01	-2.420645e-01	3.521947e+00
7.376667e+01	-2.377929e-01	3.541796e+00
7.380000e+01	-2.333777e-01	3.562312e+00
7.383333e+01	-2.294264e-01	3.580673e+00
7.386667e+01	-2.262263e-01	3.595543e+00
7.390000e+01	-2.243512e-01	3.604256e+00
7.393333e+01	-2.240629e-01	3.605596e+00
7.396667e+01	-2.247761e-01	3.602282e+00
74	-2.255258e-01	3.598798e+00
7.403333e+01	-2.257392e-01	3.597807e+00
7.406667e+01	-2.254899e-01	3.598965e+00
7.410000e+01	-2.251729e-01	3.600438e+00
7.413333e+01	-2.250658e-01	3.600936e+00
7.416667e+01	-2.251633e-01	3.600483e+00
7.420000e+01	-2.253016e-01	3.599840e+00
7.423333e+01	-2.253543e-01	3.599595e+00
7.426667e+01	-2.253160e-01	3.599773e+00
7.430000e+01	-2.252553e-01	3.600055e+00
7.433333e+01	-2.252297e-01	3.600174e+00
7.436667e+01	-2.252444e-01	3.600106e+00
7.440000e+01	-2.252709e-01	3.599983e+00
7.443333e+01	-2.252833e-01	3.599925e+00
7.446667e+01	-2.252777e-01	3.599951e+00
7.450000e+01	-2.252662e-01	3.600005e+00
7.453333e+01	-2.252603e-01	3.600032e+00
7.456667e+01	-2.252624e-01	3.600023e+00
7.460000e+01	-2.252673e-01	3.599999e+00
7.463333e+01	-2.252701e-01	3.599986e+00
7.466667e+01	-2.252694e-01	3.599990e+00
7.470000e+01	-2.252673e-01	3.600000e+00
7.473333e+01	-2.252660e-01	3.600006e+00
7.476667e+01	-2.252662e-01	3.600005e+00
7.480000e+01	-2.252671e-01	3.600000e+00
7.483333e+01	-2.252677e-01	3.599998e+00
7.486667e+01	-2.252677e-01	3.599998e+00
7.490000e+01	-2.252673e-01	3.600000e+00
7.493333e+01	-2.252670e-01	3.600001e+00
7.496667e+01	-2.252670e-01	3.600001e+00
75	-2.252672e-01	3.600000e+00
7.503333e+01	-2.252673e-01	3.600000e+00
7.506667e+01	-2.252673e-01	3.600000e+00
7.510000e+01	-2.252672e-01	3.600000e+00
7.513333e+01	-2.252672e-01	3.600000e+00
7.516667e+01	-2.252672e-01	3.600000e+00
7.520000e+01	-2.252672e-01	3.600000e+00
7.523333e+01	-2.252672e-01	3.600000e+00
7.526667e+01	-2.252672e-01	3.600000e+00
7.530000e+01	-2.252672e-01	3.600000e+00
7.533333e+01	-2.252672e-01	3.600000e+00
7.536667e+01	-2.252672e-01	3.600000e+00
7.540000e+01	-2.252672e-01	3.600000e+00
7.543333e+01	-2.252672e-01	3.600000e+00
7.546667e+01	-2.252672e-01	3.600000e+00
7.550000e+01	-2.252672e-01	3.600000e+00
7.553333e+01	-2.252672e-01	3.600000e+00
7.556667e+01	-2.252672e-01	3.600000e+00
7.560000e+01	-2.252672e-01	3.600000e+00
7.563333e+01	-2.252672e-01	3.600000e+00
7.566667e+01	-2.252672e-01	3.600000e+00
7.570000e+01	-2.252672e-01	3.600000e+00
7.573333e+01	-2.252672e-01	3.600000e+00
7.576667e+01	-2.252672e-01	3.600000e+00
7.580000e+01	-2.252672e-01	3.600000e+00
7.583333e+01	-2.252672e-01	3.600000e+00
7.586667e+01	-2.252672e-01	3.600000e+00
7.590000e+01	-2.252672e-01	3.600000e+00
7.593333e+01	-2.252672e-01	3.600000e+00
7.596667e+01	-2.252672e-01	3.600000e+00
76	-2.252672e-01	3.600000e+00
7.603333e+01	-2.252672e-01	3.600000e+00
7.606667e+01	-2.252672e-01	3.600000e+00
7.610000e+01	-2.252672e-01	3.600000e+00
7.613333e+01	-2.252672e-01	3.600000e+00
7.616667e+01	-2.252672e-01	3.600000e+00
7.620000e+01	-2.252672e-01	3.600000e+00
7.623333e+01	-2.250388e-01	3.601061e+00
7.626667e+01	-2.235213e-01	3.608113e+00
7.630000e+01	-2.191039e-01	3.628639e+00
7.633333e+01	-2.120064e-01	3.661620e+00
7.636667e+01	-2.061720e-01	3.688731e+00
7.640000e+01	-2.066788e-01	3.686376e+00
7.643333e+01	-2.143149e-01	3.650893e+00
7.646667e+01	-2.240285e-01	3.605756e+00
7.650000e+01	-2.296750e-01	3.579518e+00
7.653333e+01	-2.294213e-01	3.580697e+00
7.656667e+01	-2.261215e-01	3.596030e+00
7.660000e+01	-2.236156e-01	3.607675e+00
7.663333e+01	-2.234913e-01	3.608252e+00
7.666667e+01	-2.248191e-01	3.602082e+00
7.670000e+01	-2.259352e-01	3.596896e+00
7.673333e+01	-2.260506e-01	3.596360e+00
7.676667e+01	-2.254986e-01	3.598925e+00
7.680000e+01	-2.249972e-01	3.601255e+00
7.683333e+01	-2.249206e-01	3.601611e+00
7.686667e+01	-2.251499e-01	3.600545e+00
7.690000e+01	-2.253749e-01	3.599500e+00
7.693333e+01	-2.254199e-01	3.599290e+00
7.696667e+01	-2.253255e-01	3.599729e+00
77	-2.252249e-01	3.600197e+00
7.703333e+01	-2.252002e-01	3.600311e+00
7.706667e+01	-2.252388e-01	3.600132e+00
7.710000e+01	-2.252835e-01	3.599924e+00
7.713333e+01	-2.252965e-01	3.599864e+00
7.716667e+01	-2.252809e-01	3.599936e+00
7.720000e+01	-2.252611e-01	3.600028e+00
7.723333e+01	-2.252545e-01	3.600059e+00
7.726667e+01	-2.252607e-01	3.600030e+00
7.730000e+01	-2.252694e-01	3.599990e+00
7.733333e+01	-2.252727e-01	3.599974e+00
7.736667e+01	-2.252703e-01	3.599986e+00
7.740000e+01	-2.252664e-01	3.600004e+00
7.743333e+01	-2.252648e-01	3.600011e+00
7.746667e+01	-2.252658e-01	3.600007e+00
7.750000e+01	-2.252674e-01	3.599999e+00
7.753333e+01	-2.252682e-01	3.599995e+00
7.756667e+01	-2.252679e-01	3.599997e+00
7.760000e+01	-2.252671e-01	3.600000e+00
7.763333e+01	-2.252668e-01	3.600002e+00
7.766667e+01	-2.252669e-01	3.600001e+00
7.770000e+01	-2.254956e-01	3.598939e+00
7.773333e+01	-2.270133e-01	3.591886e+00
7.776667e+01	-2.314306e-01	3.571360e+00
7.780000e+01	-2.387564e-01	3.537319e+00
7.783333e+01	-2.461082e-01	3.503157e+00
7.786667e+01	-2.500189e-01	3.484985e+00
7.790000e+01	-2.497087e-01	3.486426e+00
7.793333e+01	-2.473470e-01	3.497400e+00
7.796667e+01	-2.456112e-01	3.505466e+00
78	-2.455546e-01	3.505729e+00
7.803333e+01	-2.464926e-01	3.501370e+00
7.806667e+01	-2.472628e-01	3.497792e+00
7.810000e+01	-2.473305e-01	3.497477e+00
7.813333e+01	-2.467124e-01	3.500349e+00
7.816667e+01	-2.448489e-01	3.509009e+00
7.820000e+01	-2.403838e-01	3.529757e+00
7.823333e+01	-2.332201e-01	3.563045e+00
7.826667e+01	-2.260237e-01	3.596485e+00
7.830000e+01	-2.221419e-01	3.614522e+00
7.833333e+01	-2.223852e-01	3.613392e+00
7.836667e+01	-2.246773e-01	3.602741e+00
7.840000e+01	-2.263970e-01	3.594750e+00
7.843333e+01	-2.264809e-01	3.594360e+00
7.846667e+01	-2.255739e-01	3.598575e+00
7.850000e+01	-2.248124e-01	3.602113e+00
7.853333e+01	-2.247335e-01	3.602480e+00
7.856667e+01	-2.251095e-01	3.600733e+00
7.860000e+01	-2.254511e-01	3.599145e+00
7.863333e+01	-2.255032e-01	3.598903e+00
7.866667e+01	-2.253471e-01	3.599629e+00
7.870000e+01	-2.251938e-01	3.600341e+00
7.873333e+01	-2.251632e-01	3.600483e+00
7.876667e+01	-2.252275e-01	3.600184e+00
7.880000e+01	-2.252960e-01	3.599866e+00
7.883333e+01	-2.253128e-01	3.599788e+00
7.886667e+01	-2.252866e-01	3.599910e+00
7.890000e+01	-2.252561e-01	3.600052e+00
7.893333e+01	-2.252473e-01	3.600093e+00
7.896667e+01	-2.252579e-01	3.600043e+00
79	-2.252714e-01	3.599981e+00
7.903333e+01	-2.252759e-01	3.599960e+00
7.906667e+01	-2.252716e-01	3.599979e+00
7.910000e+01	-2.252657e-01	3.600007e+00
7.913333e+01	-2.252634e-01	3.600017e+00
7.916667e+01	-2.252651e-01	3.600010e+00
7.920000e+01	-2.252677e-01	3.599998e+00
7.923333e+01	-2.252688e-01	3.599992e+00
7.926667e+01	-2.252682e-01	3.599995e+00
7.930000e+01	-2.252670e-01	3.600001e+00
7.933333e+01	-2.252665e-01	3.600003e+00
7.936667e+01	-2.252667e-01	3.600002e+00
7.940000e+01	-2.252672e-01	3.600000e+00
7.943333e+01	-2.252675e-01	3.599999e+00
7.946667e+01	-2.252674e-01	3.599999e+00
7.950000e+01	-2.252672e-01	3.600000e+00
7.953333e+01	-2.252671e-01	3.600001e+00
7.956667e+01	-2.252671e-01	3.600000e+00
7.960000e+01	-2.252672e-01	3.600000e+00
7.963333e+01	-2.252672e-01	3.600000e+00
7.966667e+01	-2.252672e-01	3.600000e+00
7.970000e+01	-2.252672e-01	3.600000e+00
7.973333e+01	-2.252672e-01	3.600000e+00
7.976667e+01	-2.252672e-01	3.600000e+00
7.980000e+01	-2.252672e-01	3.600000e+00
7.983333e+01	-2.252672e-01	3.600000e+00
7.986667e+01	-2.252672e-01	3.600000e+00
7.990000e+01	-2.252672e-01	3.600000e+00
7.993333e+01	-2.252672e-01	3.600000e+00
7.996667e+01	-2.252672e-01	3.600000e+00
80	-2.252672e-01	3.600000e+00
8.003333e+01	-2.252672e-01	3.600000e+00
8.006667e+01	-2.252672e-01	3.600000e+00
8.010000e+01	-2.252672e-01	3.600000e+00
8.013333e+01	-2.252672e-01	3.600000e+00
8.016667e+01	-2.252672e-01	3.600000e+00
8.020000e+01	-2.252672e-01	3.600000e+00
8.023333e+01	-2.252672e-01	3.600000e+00
8.026667e+01	-2.252672e-01	3.600000e+00
8.030000e+01	-2.252672e-01	3.600000e+00
8.033333e+01	-2.252672e-01	3.600000e+00
8.036667e+01	-2.252672e-01	3.600000e+00
8.040000e+01	-2.252672e-01	3.600000e+00
8.043333e+01	-2.252672e-01	3.600000e+00
8.046667e+01	-2.252672e-01	3.600000e+00
8.050000e+01	-2.254956e-01	3.598939e+00
8.053333e+01	-2.270131e-01	3.591887e+00
8.056667e+01	-2.314305e-01	3.571361e+00
8.060000e+01	-2.387564e-01	3.537319e+00
8.063333e+01	-2.461083e-01	3.503156e+00
8.066667e+01	-2.500189e-01	3.484985e+00
8.070000e+01	-2.497087e-01	3.486426e+00
8.073333e+01	-2.473470e-01	3.497401e+00
8.076667e+01	-2.456112e-01	3.505466e+00
8.080000e+01	-2.455546e-01	3.505729e+00
8.083333e+01	-2.464927e-01	3.501370e+00
8.086667e+01	-2.472628e-01	3.497792e+00
8.090000e+01	-2.473305e-01	3.497477e+00
8.093333e+01	-2.467124e-01	3.500349e+00
8.096667e+01	-2.448489e-01	3.509009e+00
81	-2.403838e-01	3.529757e+00
8.103333e+01	-2.332201e-01	3.563045e+00
8.106667e+01	-2.260237e-01	3.596485e+00
8.110000e+01	-2.221419e-01	3.614522e+00
8.113333e+01	-2.223852e-01	3.613392e+00
8.116667e+01	-2.249057e-01	3.601680e+00
8.120000e+01	-2.281428e-01	3.586638e+00
8.123333e+01	-2.326443e-01	3.565721e+00
8.126667e+01	-2.390631e-01	3.535894e+00
8.130000e+01	-2.456535e-01	3.505270e+00
8.133333e+01	-2.494852e-01	3.487465e+00
8.136667e+01	-2.495510e-01	3.487159e+00
8.140000e+01	-2.475309e-01	3.496546e+00
8.143333e+01	-2.458472e-01	3.504370e+00
8.146667e+01	-2.456345e-01	3.505358e+00
8.150000e+01	-2.464193e-01	3.501711e+00
8.153333e+01	-2.471587e-01	3.498275e+00
8.156667e+01	-2.472909e-01	3.497661e+00
8.160000e+01	-2.469696e-01	3.499154e+00
8.163333e+01	-2.466404e-01	3.500684e+00
8.166667e+01	-2.465665e-01	3.501027e+00
8.170000e+01	-2.466982e-01	3.500415e+00
0	0	0
0	0	0
