0	-1.701295e-03	4.491885e+00
3.333333e-02	-6.266897e-03	4.471342e+00
6.666667e-02	-1.383127e-02	4.437306e+00
1.000000e-01	-2.142071e-02	4.403157e+00
1.333333e-01	-2.545759e-02	4.384993e+00
1.666667e-01	-2.513761e-02	4.386432e+00
2.000000e-01	-2.269991e-02	4.397401e+00
2.333333e-01	-2.090812e-02	4.405463e+00
2.666667e-01	-2.084960e-02	4.405726e+00
3.000000e-01	-2.181776e-02	4.401370e+00
3.333333e-01	-2.261272e-02	4.397793e+00
3.666667e-01	-2.268271e-02	4.397478e+00
4.000000e-01	-2.228042e-02	4.399288e+00
4.333333e-01	-2.192328e-02	4.400895e+00
4.666667e-01	-2.187405e-02	4.401117e+00
5.000000e-01	-2.204148e-02	4.400363e+00
5.333333e-01	-2.220196e-02	4.399641e+00
5.666667e-01	-2.223179e-02	4.399507e+00
6.000000e-01	-2.216261e-02	4.399818e+00
6.333333e-01	-2.209080e-02	4.400142e+00
6.666667e-01	-2.207412e-02	4.400217e+00
7.000000e-01	-2.210245e-02	4.400089e+00
7.333333e-01	-2.213444e-02	4.399945e+00
7.666667e-01	-2.214331e-02	4.399905e+00
8.000000e-01	-2.213182e-02	4.399957e+00
8.333333e-01	-2.211763e-02	4.400021e+00
8.666667e-01	-2.211308e-02	4.400041e+00
9.000000e-01	-2.211769e-02	4.400021e+00
9.333333e-01	-2.212395e-02	4.399992e+00
9.666667e-01	-2.212623e-02	4.399982e+00
1	-2.212441e-02	4.399990e+00
1.033333e+00	-2.212166e-02	4.400003e+00
1.066667e+00	-2.212054e-02	4.400008e+00
1.100000e+00	-2.212124e-02	4.400005e+00
1.133333e+00	-2.212245e-02	4.399999e+00
1.166667e+00	-2.212299e-02	4.399997e+00
1.200000e+00	-2.212272e-02	4.399998e+00
1.233333e+00	-2.212220e-02	4.400000e+00
1.266667e+00	-2.212194e-02	4.400001e+00
1.300000e+00	-2.212204e-02	4.400001e+00
1.333333e+00	-2.212226e-02	4.400000e+00
1.366667e+00	-2.212239e-02	4.399999e+00
1.400000e+00	-2.212235e-02	4.400000e+00
1.433333e+00	-2.212225e-02	4.400000e+00
1.466667e+00	-2.212220e-02	4.400000e+00
1.500000e+00	-2.212221e-02	4.400000e+00
1.533333e+00	-2.212225e-02	4.400000e+00
1.566667e+00	-2.212228e-02	4.400000e+00
1.600000e+00	-2.212227e-02	4.400000e+00
1.633333e+00	-2.212225e-02	4.400000e+00
1.666667e+00	-2.212224e-02	4.400000e+00
1.700000e+00	-2.235809e-02	4.398939e+00
1.733333e+00	-2.392525e-02	4.391887e+00
1.766667e+00	-2.848723e-02	4.371361e+00
1.800000e+00	-3.605279e-02	4.337319e+00
1.833333e+00	-4.364527e-02	4.303156e+00
1.866667e+00	-4.768385e-02	4.284985e+00
1.900000e+00	-4.736346e-02	4.286426e+00
1.933333e+00	-4.492445e-02	4.297401e+00
1.966667e+00	-4.313187e-02	4.305466e+00
2	-4.307348e-02	4.305729e+00
2.033333e+00	-4.404220e-02	4.301370e+00
2.066667e+00	-4.483753e-02	4.297792e+00
2.100000e+00	-4.490748e-02	4.297477e+00
2.133333e+00	-4.450495e-02	4.299288e+00
2.166667e+00	-4.414764e-02	4.300896e+00
2.200000e+00	-4.409842e-02	4.301117e+00
2.233333e+00	-4.426595e-02	4.300364e+00
2.266667e+00	-4.442650e-02	4.299641e+00
2.300000e+00	-4.445634e-02	4.299507e+00
2.333333e+00	-4.438712e-02	4.299818e+00
2.366667e+00	-4.431527e-02	4.300142e+00
2.400000e+00	-4.429859e-02	4.300217e+00
2.433333e+00	-4.432694e-02	4.300089e+00
2.466667e+00	-4.435895e-02	4.299945e+00
2.500000e+00	-4.436781e-02	4.299905e+00
2.533333e+00	-4.435632e-02	4.299957e+00
2.566667e+00	-4.434213e-02	4.300021e+00
2.600000e+00	-4.433757e-02	4.300041e+00
2.633333e+00	-4.434218e-02	4.300021e+00
2.666667e+00	-4.411260e-02	4.301054e+00
2.700000e+00	-4.254773e-02	4.308095e+00
2.733333e+00	-3.798393e-02	4.328630e+00
2.766667e+00	-3.041561e-02	4.362684e+00
2.800000e+00	-2.282202e-02	4.396851e+00
2.833333e+00	-1.878413e-02	4.415020e+00
2.866667e+00	-1.910573e-02	4.413573e+00
2.900000e+00	-2.154528e-02	4.402596e+00
2.933333e+00	-2.333760e-02	4.394532e+00
2.966667e+00	-2.339546e-02	4.394271e+00
3	-2.242649e-02	4.398631e+00
3.033333e+00	-2.163126e-02	4.402209e+00
3.066667e+00	-2.156153e-02	4.402523e+00
3.100000e+00	-2.196418e-02	4.400711e+00
3.133333e+00	-2.232146e-02	4.399104e+00
3.166667e+00	-2.237058e-02	4.398883e+00
3.200000e+00	-2.220299e-02	4.399637e+00
3.233333e+00	-2.204245e-02	4.400359e+00
3.266667e+00	-2.201265e-02	4.400493e+00
3.300000e+00	-2.208190e-02	4.400182e+00
3.333333e+00	-2.215375e-02	4.399858e+00
3.366667e+00	-2.217041e-02	4.399783e+00
3.400000e+00	-2.214205e-02	4.399911e+00
3.433333e+00	-2.211004e-02	4.400055e+00
3.466667e+00	-2.210118e-02	4.400095e+00
3.500000e+00	-2.211269e-02	4.400043e+00
3.533333e+00	-2.212688e-02	4.399979e+00
3.566667e+00	-2.213143e-02	4.399959e+00
3.600000e+00	-2.212682e-02	4.399979e+00
3.633333e+00	-2.235640e-02	4.398946e+00
3.666667e+00	-2.392127e-02	4.391905e+00
3.700000e+00	-2.848507e-02	4.371370e+00
3.733333e+00	-3.605339e-02	4.337316e+00
3.766667e+00	-4.364698e-02	4.303149e+00
3.800000e+00	-4.744902e-02	4.286041e+00
3.833333e+00	-4.556027e-02	4.294540e+00
3.866667e+00	-3.855874e-02	4.326043e+00
3.900000e+00	-2.920087e-02	4.368149e+00
3.933333e+00	-2.155053e-02	4.402573e+00
3.966667e+00	-1.848091e-02	4.416384e+00
4	-1.959653e-02	4.411365e+00
4.033333e+00	-2.210527e-02	4.400076e+00
4.066667e+00	-2.349520e-02	4.393822e+00
4.100000e+00	-2.319631e-02	4.395167e+00
4.133333e+00	-2.217847e-02	4.399747e+00
4.166667e+00	-2.155074e-02	4.402572e+00
4.200000e+00	-2.132686e-02	4.403579e+00
4.233333e+00	-1.935520e-02	4.412450e+00
4.266667e+00	-1.115663e-02	4.449340e+00
4.300000e+00	7.440039e-03	4.533017e+00
4.333333e+00	3.632159e-02	4.662970e+00
4.366667e+00	7.053591e-02	4.816919e+00
4.400000e+00	1.041887e-01	4.968341e+00
4.433333e+00	1.345135e-01	5.104789e+00
4.466667e+00	1.624660e-01	5.230562e+00
4.500000e+00	1.903985e-01	5.356246e+00
4.533333e+00	2.196580e-01	5.487900e+00
4.566667e+00	2.497366e-01	5.623240e+00
4.600000e+00	2.782379e-01	5.751482e+00
4.633333e+00	3.011017e-01	5.854359e+00
4.666667e+00	3.144044e-01	5.914215e+00
4.700000e+00	3.137641e-01	5.911334e+00
4.733333e+00	2.854844e-01	5.784088e+00
4.766667e+00	2.084756e-01	5.437584e+00
4.800000e+00	8.599046e-02	4.886457e+00
4.833333e+00	-3.441537e-02	4.344687e+00
4.866667e+00	-9.763489e-02	4.060228e+00
4.900000e+00	-9.341159e-02	4.079231e+00
4.933333e+00	-5.936410e-02	4.232429e+00
4.966667e+00	-3.895534e-02	4.324259e+00
5	-4.593030e-02	4.292875e+00
5.033333e+00	-6.530956e-02	4.205677e+00
5.066667e+00	-7.740640e-02	4.151247e+00
5.100000e+00	-7.593556e-02	4.157865e+00
5.133333e+00	-6.776117e-02	4.194646e+00
5.166667e+00	-6.211956e-02	4.220031e+00
5.200000e+00	-6.237219e-02	4.218894e+00
5.233333e+00	-6.582726e-02	4.203348e+00
5.266667e+00	-6.840828e-02	4.191734e+00
5.300000e+00	-6.844966e-02	4.191548e+00
5.333333e+00	-6.699170e-02	4.198108e+00
5.366667e+00	-6.581776e-02	4.203390e+00
5.400000e+00	-6.573397e-02	4.203767e+00
5.433333e+00	-6.634609e-02	4.201013e+00
5.466667e+00	-6.687736e-02	4.198623e+00
5.500000e+00	-6.694282e-02	4.198328e+00
5.533333e+00	-6.668750e-02	4.199477e+00
5.566667e+00	-6.644827e-02	4.200553e+00
5.600000e+00	-6.640706e-02	4.200739e+00
5.633333e+00	-6.651277e-02	4.200263e+00
5.666667e+00	-6.661997e-02	4.199781e+00
5.700000e+00	-6.664347e-02	4.199675e+00
5.733333e+00	-6.660006e-02	4.199870e+00
5.766667e+00	-6.655225e-02	4.200085e+00
5.800000e+00	-6.653961e-02	4.200142e+00
5.833333e+00	-6.655726e-02	4.200063e+00
5.866667e+00	-6.657849e-02	4.199967e+00
5.900000e+00	-6.658504e-02	4.199938e+00
5.933333e+00	-6.657794e-02	4.199970e+00
5.966667e+00	-6.656855e-02	4.200012e+00
6	-6.656525e-02	4.200027e+00
6.033333e+00	-6.656807e-02	4.200014e+00
6.066667e+00	-6.657220e-02	4.199996e+00
6.100000e+00	-6.657383e-02	4.199988e+00
6.133333e+00	-6.657273e-02	4.199993e+00
6.166667e+00	-6.657092e-02	4.200001e+00
6.200000e+00	-6.657013e-02	4.200005e+00
6.233333e+00	-6.657055e-02	4.200003e+00
6.266667e+00	-6.657134e-02	4.200000e+00
6.300000e+00	-6.657172e-02	4.199998e+00
6.333333e+00	-6.657156e-02	4.199999e+00
6.366667e+00	-6.657122e-02	4.200000e+00
6.400000e+00	-6.657104e-02	4.200001e+00
6.433333e+00	-6.657109e-02	4.200001e+00
6.466667e+00	-6.657124e-02	4.200000e+00
6.500000e+00	-6.657133e-02	4.200000e+00
6.533333e+00	-6.657131e-02	4.200000e+00
6.566667e+00	-6.657124e-02	4.200000e+00
6.600000e+00	-6.657120e-02	4.200000e+00
6.633333e+00	-6.657121e-02	4.200000e+00
6.666667e+00	-6.680708e-02	4.198939e+00
6.700000e+00	-6.837425e-02	4.191887e+00
6.733333e+00	-7.293622e-02	4.171361e+00
6.766667e+00	-8.050178e-02	4.137319e+00
6.800000e+00	-8.809425e-02	4.103156e+00
6.833333e+00	-9.213284e-02	4.084985e+00
6.866667e+00	-9.181245e-02	4.086426e+00
6.900000e+00	-8.937344e-02	4.097401e+00
6.933333e+00	-8.758086e-02	4.105466e+00
6.966667e+00	-8.752247e-02	4.105729e+00
7	-8.849118e-02	4.101370e+00
7.033333e+00	-8.928651e-02	4.097792e+00
7.066667e+00	-8.935647e-02	4.097477e+00
7.100000e+00	-8.918978e-02	4.098227e+00
7.133333e+00	-9.039963e-02	4.092783e+00
7.166667e+00	-9.491237e-02	4.072478e+00
7.200000e+00	-1.026455e-01	4.037683e+00
7.233333e+00	-1.103985e-01	4.002797e+00
7.266667e+00	-1.144669e-01	3.984491e+00
7.300000e+00	-1.140773e-01	3.986245e+00
7.333333e+00	-1.115665e-01	3.997542e+00
7.366667e+00	-1.097572e-01	4.005683e+00
7.400000e+00	-1.097272e-01	4.005818e+00
7.433333e+00	-1.107279e-01	4.001315e+00
7.466667e+00	-1.115321e-01	3.997697e+00
7.500000e+00	-1.115905e-01	3.997434e+00
7.533333e+00	-1.111738e-01	3.999309e+00
7.566667e+00	-1.108119e-01	4.000937e+00
7.600000e+00	-1.107673e-01	4.001138e+00
7.633333e+00	-1.109411e-01	4.000356e+00
7.666667e+00	-1.111040e-01	3.999623e+00
7.700000e+00	-1.111320e-01	3.999497e+00
7.733333e+00	-1.110600e-01	3.999821e+00
7.766667e+00	-1.107512e-01	4.001211e+00
7.800000e+00	-1.091681e-01	4.008334e+00
7.833333e+00	-1.046356e-01	4.028728e+00
7.866667e+00	-9.710263e-02	4.062623e+00
7.900000e+00	-8.951875e-02	4.096747e+00
7.933333e+00	-8.546814e-02	4.114973e+00
7.966667e+00	-8.577408e-02	4.113596e+00
8	-8.820864e-02	4.102642e+00
8.033333e+00	-9.000605e-02	4.094554e+00
8.066667e+00	-9.007083e-02	4.094263e+00
8.100000e+00	-8.910436e-02	4.098611e+00
8.133333e+00	-8.830711e-02	4.102199e+00
8.166667e+00	-8.823434e-02	4.102526e+00
8.200000e+00	-8.863577e-02	4.100720e+00
8.233333e+00	-8.899383e-02	4.099109e+00
8.266667e+00	-8.904428e-02	4.098882e+00
8.300000e+00	-8.887729e-02	4.099633e+00
8.333333e+00	-8.871645e-02	4.100357e+00
8.366667e+00	-8.868607e-02	4.100493e+00
8.400000e+00	-8.875504e-02	4.100183e+00
8.433333e+00	-8.882699e-02	4.099859e+00
8.466667e+00	-8.884391e-02	4.099783e+00
8.500000e+00	-8.881568e-02	4.099910e+00
8.533333e+00	-8.878364e-02	4.100054e+00
8.566667e+00	-8.877467e-02	4.100095e+00
8.600000e+00	-8.878611e-02	4.100043e+00
8.633333e+00	-8.880031e-02	4.099979e+00
8.666667e+00	-8.880491e-02	4.099959e+00
8.700000e+00	-8.880033e-02	4.099979e+00
8.733333e+00	-8.879406e-02	4.100008e+00
8.766667e+00	-8.879176e-02	4.100018e+00
8.800000e+00	-8.879357e-02	4.100010e+00
8.833333e+00	-8.879632e-02	4.099997e+00
8.866667e+00	-8.879745e-02	4.099992e+00
8.900000e+00	-8.879675e-02	4.099995e+00
8.933333e+00	-8.879554e-02	4.100001e+00
8.966667e+00	-8.879500e-02	4.100003e+00
9	-8.879526e-02	4.100002e+00
9.033333e+00	-8.879579e-02	4.100000e+00
9.066667e+00	-8.879605e-02	4.099999e+00
9.100000e+00	-8.879595e-02	4.099999e+00
9.133333e+00	-8.879572e-02	4.100000e+00
9.166667e+00	-8.879560e-02	4.100001e+00
9.200000e+00	-8.879564e-02	4.100000e+00
9.233333e+00	-8.879573e-02	4.100000e+00
9.266667e+00	-8.879579e-02	4.100000e+00
9.300000e+00	-8.879578e-02	4.100000e+00
9.333333e+00	-8.879574e-02	4.100000e+00
9.366667e+00	-8.879571e-02	4.100000e+00
9.400000e+00	-8.879571e-02	4.100000e+00
9.433333e+00	-8.879573e-02	4.100000e+00
9.466667e+00	-8.879574e-02	4.100000e+00
9.500000e+00	-8.879574e-02	4.100000e+00
9.533333e+00	-8.879574e-02	4.100000e+00
9.566667e+00	-8.879573e-02	4.100000e+00
9.600000e+00	-8.879573e-02	4.100000e+00
9.633333e+00	-8.879573e-02	4.100000e+00
9.666667e+00	-8.879574e-02	4.100000e+00
9.700000e+00	-8.903158e-02	4.098939e+00
9.733333e+00	-9.059873e-02	4.091887e+00
9.766667e+00	-9.516070e-02	4.071361e+00
9.800000e+00	-1.027263e-01	4.037319e+00
9.833333e+00	-1.103187e-01	4.003156e+00
9.866667e+00	-1.143573e-01	3.984985e+00
9.900000e+00	-1.140369e-01	3.986426e+00
9.933333e+00	-1.118338e-01	3.996339e+00
9.966667e+00	-1.116083e-01	3.997354e+00
10	-1.161119e-01	3.977090e+00
1.003333e+01	-1.246462e-01	3.938689e+00
1.006667e+01	-1.330340e-01	3.900948e+00
1.010000e+01	-1.371426e-01	3.882461e+00
1.013333e+01	-1.364196e-01	3.885714e+00
1.016667e+01	-1.336233e-01	3.898296e+00
1.020000e+01	-1.315457e-01	3.907645e+00
1.023333e+01	-1.300877e-01	3.914205e+00
1.026667e+01	-1.266550e-01	3.929651e+00
1.030000e+01	-1.199146e-01	3.959980e+00
1.033333e+01	-1.123228e-01	3.994139e+00
1.036667e+01	-1.078099e-01	4.014445e+00
1.040000e+01	-1.077563e-01	4.014686e+00
1.043333e+01	-1.101744e-01	4.003806e+00
1.046667e+01	-1.121665e-01	3.994842e+00
1.050000e+01	-1.123943e-01	3.993817e+00
1.053333e+01	-1.114439e-01	3.998093e+00
1.056667e+01	-1.105652e-01	4.002047e+00
1.060000e+01	-1.104188e-01	4.002706e+00
1.063333e+01	-1.108093e-01	4.000949e+00
1.066667e+01	-1.112012e-01	3.999186e+00
1.070000e+01	-1.112847e-01	3.998810e+00
1.073333e+01	-1.111242e-01	3.999532e+00
1.076667e+01	-1.109494e-01	4.000318e+00
1.080000e+01	-1.109043e-01	4.000522e+00
1.083333e+01	-1.109697e-01	4.000227e+00
1.086667e+01	-1.110473e-01	3.999878e+00
1.090000e+01	-1.110708e-01	3.999772e+00
1.093333e+01	-1.110445e-01	3.999891e+00
1.096667e+01	-1.110101e-01	4.000045e+00
11	-1.109983e-01	4.000099e+00
1.103333e+01	-1.110087e-01	4.000052e+00
1.106667e+01	-1.110239e-01	3.999984e+00
1.110000e+01	-1.110297e-01	3.999957e+00
1.113333e+01	-1.110256e-01	3.999976e+00
1.116667e+01	-1.107832e-01	4.001067e+00
1.120000e+01	-1.092131e-01	4.008131e+00
1.123333e+01	-1.046527e-01	4.028651e+00
1.126667e+01	-9.709007e-02	4.062679e+00
1.130000e+01	-8.949897e-02	4.096836e+00
1.133333e+01	-8.545979e-02	4.115010e+00
1.136667e+01	-8.577893e-02	4.113574e+00
1.140000e+01	-8.821728e-02	4.102603e+00
1.143333e+01	-9.001008e-02	4.094536e+00
1.146667e+01	-9.006901e-02	4.094271e+00
1.150000e+01	-8.910060e-02	4.098628e+00
1.153333e+01	-8.830520e-02	4.102207e+00
1.156667e+01	-8.823501e-02	4.102523e+00
1.160000e+01	-8.863740e-02	4.100712e+00
1.163333e+01	-8.899473e-02	4.099105e+00
1.166667e+01	-8.904406e-02	4.098883e+00
1.170000e+01	-8.887659e-02	4.099636e+00
1.173333e+01	-8.871603e-02	4.100359e+00
1.176667e+01	-8.868615e-02	4.100493e+00
1.180000e+01	-8.875534e-02	4.100182e+00
1.183333e+01	-8.882719e-02	4.099858e+00
1.186667e+01	-8.884389e-02	4.099783e+00
1.190000e+01	-8.857971e-02	4.100972e+00
1.193333e+01	-8.698055e-02	4.108167e+00
1.196667e+01	-8.240970e-02	4.128734e+00
12	-7.485562e-02	4.162724e+00
1.203333e+01	-6.727734e-02	4.196823e+00
1.206667e+01	-6.324331e-02	4.214974e+00
1.210000e+01	-6.355909e-02	4.213553e+00
1.213333e+01	-6.599184e-02	4.202607e+00
1.216667e+01	-6.778214e-02	4.194552e+00
1.220000e+01	-6.807819e-02	4.193219e+00
1.223333e+01	-6.867938e-02	4.190514e+00
1.226667e+01	-7.244715e-02	4.173561e+00
1.230000e+01	-7.994205e-02	4.139838e+00
1.233333e+01	-8.793586e-02	4.103869e+00
1.236667e+01	-9.233121e-02	4.084092e+00
1.240000e+01	-9.206031e-02	4.085311e+00
1.243333e+01	-8.945429e-02	4.097037e+00
1.246667e+01	-8.750142e-02	4.105824e+00
1.250000e+01	-8.741309e-02	4.106221e+00
1.253333e+01	-8.821495e-02	4.102613e+00
1.256667e+01	-8.751486e-02	4.105763e+00
1.260000e+01	-8.303956e-02	4.125900e+00
1.263333e+01	-7.504320e-02	4.161880e+00
1.266667e+01	-6.706148e-02	4.197794e+00
1.270000e+01	-6.296478e-02	4.216227e+00
1.273333e+01	-6.346416e-02	4.213980e+00
1.276667e+01	-6.607789e-02	4.202220e+00
1.280000e+01	-6.790487e-02	4.193999e+00
1.283333e+01	-6.788944e-02	4.194069e+00
1.286667e+01	-6.684263e-02	4.198779e+00
1.290000e+01	-6.602834e-02	4.202443e+00
1.293333e+01	-6.598854e-02	4.202622e+00
1.296667e+01	-6.642583e-02	4.200654e+00
13	-6.679313e-02	4.199002e+00
1.303333e+01	-6.683015e-02	4.198835e+00
1.306667e+01	-6.664722e-02	4.199658e+00
1.310000e+01	-6.648157e-02	4.200403e+00
1.313333e+01	-6.645661e-02	4.200516e+00
1.316667e+01	-6.653262e-02	4.200174e+00
1.320000e+01	-6.660701e-02	4.199839e+00
1.323333e+01	-6.662177e-02	4.199773e+00
1.326667e+01	-6.659044e-02	4.199914e+00
1.330000e+01	-6.655719e-02	4.200063e+00
1.333333e+01	-6.654907e-02	4.200100e+00
1.336667e+01	-6.656186e-02	4.200042e+00
1.340000e+01	-6.657666e-02	4.199976e+00
1.343333e+01	-6.658093e-02	4.199956e+00
1.346667e+01	-6.657576e-02	4.199980e+00
1.350000e+01	-6.680505e-02	4.198948e+00
1.353333e+01	-6.837002e-02	4.191906e+00
1.356667e+01	-7.293406e-02	4.171370e+00
1.360000e+01	-8.050252e-02	4.137316e+00
1.363333e+01	-8.809608e-02	4.103148e+00
1.366667e+01	-9.213386e-02	4.084980e+00
1.370000e+01	-9.181219e-02	4.086427e+00
1.373333e+01	-8.937265e-02	4.097404e+00
1.376667e+01	-8.758039e-02	4.105469e+00
1.380000e+01	-8.752255e-02	4.105729e+00
1.383333e+01	-8.849152e-02	4.101369e+00
1.386667e+01	-8.928673e-02	4.097791e+00
1.390000e+01	-8.935645e-02	4.097477e+00
1.393333e+01	-8.895379e-02	4.099289e+00
1.396667e+01	-8.859653e-02	4.100896e+00
14	-8.854741e-02	4.101117e+00
1.403333e+01	-8.871500e-02	4.100363e+00
1.406667e+01	-8.887554e-02	4.099641e+00
1.410000e+01	-8.890533e-02	4.099507e+00
1.413333e+01	-8.883608e-02	4.099818e+00
1.416667e+01	-8.876424e-02	4.100142e+00
1.420000e+01	-8.874758e-02	4.100217e+00
1.423333e+01	-8.877594e-02	4.100089e+00
1.426667e+01	-8.880794e-02	4.099945e+00
1.430000e+01	-8.881680e-02	4.099905e+00
1.433333e+01	-8.880530e-02	4.099957e+00
1.436667e+01	-8.879111e-02	4.100021e+00
1.440000e+01	-8.878656e-02	4.100041e+00
1.443333e+01	-8.879117e-02	4.100021e+00
1.446667e+01	-8.879743e-02	4.099992e+00
1.450000e+01	-8.879971e-02	4.099982e+00
1.453333e+01	-8.879789e-02	4.099990e+00
1.456667e+01	-8.879514e-02	4.100003e+00
1.460000e+01	-8.879402e-02	4.100008e+00
1.463333e+01	-8.879473e-02	4.100005e+00
1.466667e+01	-8.879593e-02	4.099999e+00
1.470000e+01	-8.879647e-02	4.099997e+00
1.473333e+01	-8.879620e-02	4.099998e+00
1.476667e+01	-8.879568e-02	4.100000e+00
1.480000e+01	-8.879542e-02	4.100001e+00
1.483333e+01	-8.879552e-02	4.100001e+00
1.486667e+01	-8.879575e-02	4.100000e+00
1.490000e+01	-8.879587e-02	4.099999e+00
1.493333e+01	-8.879583e-02	4.100000e+00
1.496667e+01	-8.879574e-02	4.100000e+00
15	-8.879568e-02	4.100000e+00
1.503333e+01	-8.879569e-02	4.100000e+00
1.506667e+01	-8.879573e-02	4.100000e+00
1.510000e+01	-8.903160e-02	4.098939e+00
1.513333e+01	-9.059875e-02	4.091887e+00
1.516667e+01	-9.516071e-02	4.071361e+00
1.520000e+01	-1.027263e-01	4.037319e+00
1.523333e+01	-1.103187e-01	4.003156e+00
1.526667e+01	-1.143573e-01	3.984985e+00
1.530000e+01	-1.140369e-01	3.986426e+00
1.533333e+01	-1.115979e-01	3.997401e+00
1.536667e+01	-1.098054e-01	4.005466e+00
1.540000e+01	-1.097470e-01	4.005729e+00
1.543333e+01	-1.107157e-01	4.001370e+00
1.546667e+01	-1.115110e-01	3.997792e+00
1.550000e+01	-1.115810e-01	3.997477e+00
1.553333e+01	-1.111784e-01	3.999288e+00
1.556667e+01	-1.108211e-01	4.000896e+00
1.560000e+01	-1.107719e-01	4.001117e+00
1.563333e+01	-1.109394e-01	4.000364e+00
1.566667e+01	-1.111000e-01	3.999641e+00
1.570000e+01	-1.111298e-01	3.999507e+00
1.573333e+01	-1.110606e-01	3.999818e+00
1.576667e+01	-1.109888e-01	4.000142e+00
1.580000e+01	-1.109721e-01	4.000217e+00
1.583333e+01	-1.112363e-01	3.999028e+00
1.586667e+01	-1.128354e-01	3.991832e+00
1.590000e+01	-1.174063e-01	3.971266e+00
1.593333e+01	-1.249603e-01	3.937276e+00
1.596667e+01	-1.325386e-01	3.903177e+00
16	-1.365727e-01	3.885026e+00
1.603333e+01	-1.362569e-01	3.886447e+00
1.606667e+01	-1.338241e-01	3.897393e+00
1.610000e+01	-1.320338e-01	3.905448e+00
1.613333e+01	-1.319736e-01	3.905719e+00
1.616667e+01	-1.329396e-01	3.901373e+00
1.620000e+01	-1.337338e-01	3.897799e+00
1.623333e+01	-1.338045e-01	3.897481e+00
1.626667e+01	-1.334031e-01	3.899287e+00
1.630000e+01	-1.330464e-01	3.900893e+00
1.633333e+01	-1.329969e-01	3.901115e+00
1.636667e+01	-1.331639e-01	3.900364e+00
1.640000e+01	-1.333242e-01	3.899643e+00
1.643333e+01	-1.333541e-01	3.899508e+00
1.646667e+01	-1.332851e-01	3.899818e+00
1.650000e+01	-1.332134e-01	3.900141e+00
1.653333e+01	-1.331967e-01	3.900216e+00
1.656667e+01	-1.332249e-01	3.900089e+00
1.660000e+01	-1.332569e-01	3.899945e+00
1.663333e+01	-1.332657e-01	3.899905e+00
1.666667e+01	-1.332543e-01	3.899957e+00
1.670000e+01	-1.332401e-01	3.900021e+00
1.673333e+01	-1.332356e-01	3.900041e+00
1.676667e+01	-1.332402e-01	3.900021e+00
1.680000e+01	-1.332464e-01	3.899992e+00
1.683333e+01	-1.332487e-01	3.899982e+00
1.686667e+01	-1.332469e-01	3.899990e+00
1.690000e+01	-1.332441e-01	3.900003e+00
1.693333e+01	-1.332430e-01	3.900008e+00
1.696667e+01	-1.332437e-01	3.900005e+00
17	-1.332449e-01	3.899999e+00
1.703333e+01	-1.332455e-01	3.899997e+00
1.706667e+01	-1.332452e-01	3.899998e+00
1.710000e+01	-1.332447e-01	3.900000e+00
1.713333e+01	-1.332444e-01	3.900001e+00
1.716667e+01	-1.332445e-01	3.900001e+00
1.720000e+01	-1.332447e-01	3.900000e+00
1.723333e+01	-1.332449e-01	3.899999e+00
1.726667e+01	-1.332448e-01	3.900000e+00
1.730000e+01	-1.332447e-01	3.900000e+00
1.733333e+01	-1.332447e-01	3.900000e+00
1.736667e+01	-1.332447e-01	3.900000e+00
1.740000e+01	-1.332447e-01	3.900000e+00
1.743333e+01	-1.332447e-01	3.900000e+00
1.746667e+01	-1.332447e-01	3.900000e+00
1.750000e+01	-1.332447e-01	3.900000e+00
1.753333e+01	-1.332447e-01	3.900000e+00
1.756667e+01	-1.332447e-01	3.900000e+00
1.760000e+01	-1.332447e-01	3.900000e+00
1.763333e+01	-1.332447e-01	3.900000e+00
1.766667e+01	-1.332447e-01	3.900000e+00
1.770000e+01	-1.332447e-01	3.900000e+00
1.773333e+01	-1.332447e-01	3.900000e+00
1.776667e+01	-1.332447e-01	3.900000e+00
1.780000e+01	-1.332447e-01	3.900000e+00
1.783333e+01	-1.332447e-01	3.900000e+00
1.786667e+01	-1.332447e-01	3.900000e+00
1.790000e+01	-1.332447e-01	3.900000e+00
1.793333e+01	-1.332447e-01	3.900000e+00
1.796667e+01	-1.332447e-01	3.900000e+00
18	-1.332447e-01	3.900000e+00
1.803333e+01	-1.332447e-01	3.900000e+00
1.806667e+01	-1.332447e-01	3.900000e+00
1.810000e+01	-1.332447e-01	3.900000e+00
1.813333e+01	-1.332447e-01	3.900000e+00
1.816667e+01	-1.332447e-01	3.900000e+00
1.820000e+01	-1.332447e-01	3.900000e+00
1.823333e+01	-1.332447e-01	3.900000e+00
1.826667e+01	-1.332447e-01	3.900000e+00
1.830000e+01	-1.332447e-01	3.900000e+00
1.833333e+01	-1.332447e-01	3.900000e+00
1.836667e+01	-1.332447e-01	3.900000e+00
1.840000e+01	-1.332447e-01	3.900000e+00
1.843333e+01	-1.332447e-01	3.900000e+00
1.846667e+01	-1.332447e-01	3.900000e+00
1.850000e+01	-1.332447e-01	3.900000e+00
1.853333e+01	-1.332447e-01	3.900000e+00
1.856667e+01	-1.332447e-01	3.900000e+00
1.860000e+01	-1.332447e-01	3.900000e+00
1.863333e+01	-1.332447e-01	3.900000e+00
1.866667e+01	-1.332447e-01	3.900000e+00
1.870000e+01	-1.332447e-01	3.900000e+00
1.873333e+01	-1.332447e-01	3.900000e+00
1.876667e+01	-1.334806e-01	3.898939e+00
1.880000e+01	-1.350477e-01	3.891887e+00
1.883333e+01	-1.396097e-01	3.871361e+00
1.886667e+01	-1.471753e-01	3.837319e+00
1.890000e+01	-1.545319e-01	3.804218e+00
1.893333e+01	-1.570033e-01	3.793097e+00
1.896667e+01	-1.521210e-01	3.815066e+00
19	-1.421164e-01	3.860082e+00
1.903333e+01	-1.327313e-01	3.902310e+00
1.906667e+01	-1.286344e-01	3.920745e+00
1.910000e+01	-1.299235e-01	3.914944e+00
1.913333e+01	-1.331578e-01	3.900391e+00
1.916667e+01	-1.350203e-01	3.892011e+00
1.920000e+01	-1.346762e-01	3.893559e+00
1.923333e+01	-1.333502e-01	3.899526e+00
1.926667e+01	-1.325056e-01	3.903326e+00
1.930000e+01	-1.326032e-01	3.902887e+00
1.933333e+01	-1.331663e-01	3.900353e+00
1.936667e+01	-1.335534e-01	3.898611e+00
1.940000e+01	-1.335334e-01	3.898701e+00
1.943333e+01	-1.332940e-01	3.899778e+00
1.946667e+01	-1.331168e-01	3.900576e+00
1.950000e+01	-1.331153e-01	3.900582e+00
1.953333e+01	-1.332165e-01	3.900127e+00
1.956667e+01	-1.332973e-01	3.899764e+00
1.960000e+01	-1.333024e-01	3.899740e+00
1.963333e+01	-1.332599e-01	3.899932e+00
1.966667e+01	-1.332233e-01	3.900096e+00
1.970000e+01	-1.332191e-01	3.900115e+00
1.973333e+01	-1.332369e-01	3.900035e+00
1.976667e+01	-1.332533e-01	3.899961e+00
1.980000e+01	-1.332561e-01	3.899949e+00
1.983333e+01	-1.332487e-01	3.899982e+00
1.986667e+01	-1.332413e-01	3.900015e+00
1.990000e+01	-1.332397e-01	3.900022e+00
1.993333e+01	-1.332428e-01	3.900009e+00
1.996667e+01	-1.332461e-01	3.899994e+00
20	-1.332469e-01	3.899990e+00
2.003333e+01	-1.332457e-01	3.899996e+00
2.006667e+01	-1.332442e-01	3.900002e+00
2.010000e+01	-1.332438e-01	3.900004e+00
2.013333e+01	-1.332443e-01	3.900002e+00
2.016667e+01	-1.332449e-01	3.899999e+00
2.020000e+01	-1.332451e-01	3.899998e+00
2.023333e+01	-1.332449e-01	3.899999e+00
2.026667e+01	-1.332447e-01	3.900000e+00
2.030000e+01	-1.332445e-01	3.900001e+00
2.033333e+01	-1.332446e-01	3.900000e+00
2.036667e+01	-1.332447e-01	3.900000e+00
2.040000e+01	-1.332448e-01	3.900000e+00
2.043333e+01	-1.332448e-01	3.900000e+00
2.046667e+01	-1.332447e-01	3.900000e+00
2.050000e+01	-1.332447e-01	3.900000e+00
2.053333e+01	-1.332447e-01	3.900000e+00
2.056667e+01	-1.332447e-01	3.900000e+00
2.060000e+01	-1.332447e-01	3.900000e+00
2.063333e+01	-1.332447e-01	3.900000e+00
2.066667e+01	-1.332447e-01	3.900000e+00
2.070000e+01	-1.332447e-01	3.900000e+00
2.073333e+01	-1.332447e-01	3.900000e+00
2.076667e+01	-1.332447e-01	3.900000e+00
2.080000e+01	-1.332447e-01	3.900000e+00
2.083333e+01	-1.332447e-01	3.900000e+00
2.086667e+01	-1.332447e-01	3.900000e+00
2.090000e+01	-1.332447e-01	3.900000e+00
2.093333e+01	-1.332447e-01	3.900000e+00
2.096667e+01	-1.332447e-01	3.900000e+00
21	-1.332447e-01	3.900000e+00
2.103333e+01	-1.332447e-01	3.900000e+00
2.106667e+01	-1.332447e-01	3.900000e+00
2.110000e+01	-1.332447e-01	3.900000e+00
2.113333e+01	-1.332447e-01	3.900000e+00
2.116667e+01	-1.332447e-01	3.900000e+00
2.120000e+01	-1.332447e-01	3.900000e+00
2.123333e+01	-1.332447e-01	3.900000e+00
2.126667e+01	-1.332447e-01	3.900000e+00
2.130000e+01	-1.332447e-01	3.900000e+00
2.133333e+01	-1.332447e-01	3.900000e+00
2.136667e+01	-1.332447e-01	3.900000e+00
2.140000e+01	-1.332447e-01	3.900000e+00
2.143333e+01	-1.332447e-01	3.900000e+00
2.146667e+01	-1.332447e-01	3.900000e+00
2.150000e+01	-1.332447e-01	3.900000e+00
2.153333e+01	-1.332447e-01	3.900000e+00
2.156667e+01	-1.332447e-01	3.900000e+00
2.160000e+01	-1.332447e-01	3.900000e+00
2.163333e+01	-1.332447e-01	3.900000e+00
2.166667e+01	-1.332447e-01	3.900000e+00
2.170000e+01	-1.332447e-01	3.900000e+00
2.173333e+01	-1.332447e-01	3.900000e+00
2.176667e+01	-1.332447e-01	3.900000e+00
2.180000e+01	-1.332447e-01	3.900000e+00
2.183333e+01	-1.332447e-01	3.900000e+00
2.186667e+01	-1.332447e-01	3.900000e+00
2.190000e+01	-1.332447e-01	3.900000e+00
2.193333e+01	-1.332447e-01	3.900000e+00
2.196667e+01	-1.332447e-01	3.900000e+00
22	-1.332447e-01	3.900000e+00
2.203333e+01	-1.332447e-01	3.900000e+00
2.206667e+01	-1.332447e-01	3.900000e+00
2.210000e+01	-1.332447e-01	3.900000e+00
2.213333e+01	-1.332447e-01	3.900000e+00
2.216667e+01	-1.332447e-01	3.900000e+00
2.220000e+01	-1.330089e-01	3.901061e+00
2.223333e+01	-1.314417e-01	3.908113e+00
2.226667e+01	-1.268798e-01	3.928639e+00
2.230000e+01	-1.193142e-01	3.962681e+00
2.233333e+01	-1.117217e-01	3.996844e+00
2.236667e+01	-1.076831e-01	4.015015e+00
2.240000e+01	-1.080035e-01	4.013574e+00
2.243333e+01	-1.104425e-01	4.002599e+00
2.246667e+01	-1.122351e-01	3.994534e+00
2.250000e+01	-1.122935e-01	3.994271e+00
2.253333e+01	-1.113248e-01	3.998630e+00
2.256667e+01	-1.107653e-01	4.001147e+00
2.260000e+01	-1.122625e-01	3.994410e+00
2.263333e+01	-1.172270e-01	3.972072e+00
2.266667e+01	-1.251499e-01	3.936423e+00
2.270000e+01	-1.327916e-01	3.902039e+00
2.273333e+01	-1.366626e-01	3.884621e+00
2.276667e+01	-1.361817e-01	3.886785e+00
2.280000e+01	-1.337128e-01	3.897894e+00
2.283333e+01	-1.319895e-01	3.905648e+00
2.286667e+01	-1.320029e-01	3.905587e+00
2.290000e+01	-1.329883e-01	3.901154e+00
2.293333e+01	-1.337553e-01	3.897703e+00
2.296667e+01	-1.337933e-01	3.897532e+00
23	-1.333819e-01	3.899383e+00
2.303333e+01	-1.330360e-01	3.900939e+00
2.306667e+01	-1.330010e-01	3.901097e+00
2.310000e+01	-1.331731e-01	3.900322e+00
2.313333e+01	-1.333290e-01	3.899621e+00
2.316667e+01	-1.333526e-01	3.899515e+00
2.320000e+01	-1.332811e-01	3.899836e+00
2.323333e+01	-1.332111e-01	3.900151e+00
2.326667e+01	-1.334330e-01	3.899153e+00
2.330000e+01	-1.350296e-01	3.891969e+00
2.333333e+01	-1.396229e-01	3.871301e+00
2.336667e+01	-1.471961e-01	3.837225e+00
2.340000e+01	-1.547766e-01	3.803117e+00
2.343333e+01	-1.588012e-01	3.785007e+00
2.346667e+01	-1.584768e-01	3.786467e+00
2.350000e+01	-1.558068e-01	3.798481e+00
2.353333e+01	-1.524533e-01	3.813570e+00
2.356667e+01	-1.478349e-01	3.834351e+00
2.360000e+01	-1.412362e-01	3.864042e+00
2.363333e+01	-1.344363e-01	3.894639e+00
2.366667e+01	-1.304666e-01	3.912500e+00
2.370000e+01	-1.303853e-01	3.912866e+00
2.373333e+01	-1.324682e-01	3.903494e+00
2.376667e+01	-1.342120e-01	3.895648e+00
2.380000e+01	-1.344376e-01	3.894632e+00
2.383333e+01	-1.338648e-01	3.897210e+00
2.386667e+01	-1.346662e-01	3.893604e+00
2.390000e+01	-1.390891e-01	3.873703e+00
2.393333e+01	-1.469856e-01	3.838172e+00
2.396667e+01	-1.549188e-01	3.802477e+00
24	-1.590349e-01	3.783956e+00
2.403333e+01	-1.585789e-01	3.786008e+00
2.406667e+01	-1.559882e-01	3.797665e+00
2.410000e+01	-1.541543e-01	3.805917e+00
2.413333e+01	-1.541510e-01	3.805932e+00
2.416667e+01	-1.551870e-01	3.801270e+00
2.420000e+01	-1.560036e-01	3.797596e+00
2.423333e+01	-1.560515e-01	3.797380e+00
2.426667e+01	-1.556192e-01	3.799325e+00
2.430000e+01	-1.552512e-01	3.800981e+00
2.433333e+01	-1.552107e-01	3.801163e+00
2.436667e+01	-1.553913e-01	3.800350e+00
2.440000e+01	-1.555571e-01	3.799604e+00
2.443333e+01	-1.555836e-01	3.799485e+00
2.446667e+01	-1.555086e-01	3.799823e+00
2.450000e+01	-1.554342e-01	3.800157e+00
2.453333e+01	-1.554188e-01	3.800227e+00
2.456667e+01	-1.554497e-01	3.800088e+00
2.460000e+01	-1.554829e-01	3.799938e+00
2.463333e+01	-1.554913e-01	3.799901e+00
2.466667e+01	-1.554787e-01	3.799957e+00
2.470000e+01	-1.554640e-01	3.800024e+00
2.473333e+01	-1.554596e-01	3.800043e+00
2.476667e+01	-1.554646e-01	3.800021e+00
2.480000e+01	-1.554712e-01	3.799991e+00
2.483333e+01	-1.554734e-01	3.799981e+00
2.486667e+01	-1.554714e-01	3.799990e+00
2.490000e+01	-1.554685e-01	3.800003e+00
2.493333e+01	-1.554674e-01	3.800008e+00
2.496667e+01	-1.554682e-01	3.800005e+00
25	-1.554695e-01	3.799999e+00
2.503333e+01	-1.554700e-01	3.799996e+00
2.506667e+01	-1.554697e-01	3.799998e+00
2.510000e+01	-1.554691e-01	3.800000e+00
2.513333e+01	-1.554689e-01	3.800002e+00
2.516667e+01	-1.554690e-01	3.800001e+00
2.520000e+01	-1.554692e-01	3.800000e+00
2.523333e+01	-1.554694e-01	3.799999e+00
2.526667e+01	-1.554693e-01	3.800000e+00
2.530000e+01	-1.554692e-01	3.800000e+00
2.533333e+01	-1.554692e-01	3.800000e+00
2.536667e+01	-1.554692e-01	3.800000e+00
2.540000e+01	-1.554692e-01	3.800000e+00
2.543333e+01	-1.554692e-01	3.800000e+00
2.546667e+01	-1.554692e-01	3.800000e+00
2.550000e+01	-1.554692e-01	3.800000e+00
2.553333e+01	-1.554692e-01	3.800000e+00
2.556667e+01	-1.554692e-01	3.800000e+00
2.560000e+01	-1.554692e-01	3.800000e+00
2.563333e+01	-1.554692e-01	3.800000e+00
2.566667e+01	-1.554692e-01	3.800000e+00
2.570000e+01	-1.554692e-01	3.800000e+00
2.573333e+01	-1.552334e-01	3.801061e+00
2.576667e+01	-1.536662e-01	3.808113e+00
2.580000e+01	-1.491042e-01	3.828639e+00
2.583333e+01	-1.415387e-01	3.862681e+00
2.586667e+01	-1.339462e-01	3.896844e+00
2.590000e+01	-1.299076e-01	3.915015e+00
2.593333e+01	-1.302280e-01	3.913574e+00
2.596667e+01	-1.326670e-01	3.902599e+00
26	-1.344596e-01	3.894534e+00
2.603333e+01	-1.345180e-01	3.894271e+00
2.606667e+01	-1.335493e-01	3.898630e+00
2.610000e+01	-1.327539e-01	3.902208e+00
2.613333e+01	-1.326840e-01	3.902523e+00
2.616667e+01	-1.330865e-01	3.900712e+00
2.620000e+01	-1.334438e-01	3.899104e+00
2.623333e+01	-1.334931e-01	3.898883e+00
2.626667e+01	-1.333255e-01	3.899636e+00
2.630000e+01	-1.331650e-01	3.900359e+00
2.633333e+01	-1.331351e-01	3.900493e+00
2.636667e+01	-1.332044e-01	3.900182e+00
2.640000e+01	-1.332762e-01	3.899858e+00
2.643333e+01	-1.332929e-01	3.899783e+00
2.646667e+01	-1.332645e-01	3.899911e+00
2.650000e+01	-1.332325e-01	3.900055e+00
2.653333e+01	-1.332237e-01	3.900095e+00
2.656667e+01	-1.332352e-01	3.900043e+00
2.660000e+01	-1.332493e-01	3.899979e+00
2.663333e+01	-1.332539e-01	3.899959e+00
2.666667e+01	-1.332493e-01	3.899979e+00
2.670000e+01	-1.332430e-01	3.900008e+00
2.673333e+01	-1.332407e-01	3.900018e+00
2.676667e+01	-1.332426e-01	3.900010e+00
2.680000e+01	-1.332453e-01	3.899997e+00
2.683333e+01	-1.332464e-01	3.899992e+00
2.686667e+01	-1.332457e-01	3.899995e+00
2.690000e+01	-1.332445e-01	3.900001e+00
2.693333e+01	-1.332440e-01	3.900003e+00
2.696667e+01	-1.332443e-01	3.900002e+00
27	-1.332448e-01	3.900000e+00
2.703333e+01	-1.332450e-01	3.899999e+00
2.706667e+01	-1.332449e-01	3.899999e+00
2.710000e+01	-1.332447e-01	3.900000e+00
2.713333e+01	-1.332446e-01	3.900001e+00
2.716667e+01	-1.332446e-01	3.900000e+00
2.720000e+01	-1.332447e-01	3.900000e+00
2.723333e+01	-1.332448e-01	3.900000e+00
2.726667e+01	-1.332448e-01	3.900000e+00
2.730000e+01	-1.332447e-01	3.900000e+00
2.733333e+01	-1.332447e-01	3.900000e+00
2.736667e+01	-1.332447e-01	3.900000e+00
2.740000e+01	-1.330089e-01	3.901061e+00
2.743333e+01	-1.314417e-01	3.908113e+00
2.746667e+01	-1.268798e-01	3.928639e+00
2.750000e+01	-1.193142e-01	3.962681e+00
2.753333e+01	-1.117217e-01	3.996844e+00
2.756667e+01	-1.079190e-01	4.013954e+00
2.760000e+01	-1.098065e-01	4.005461e+00
2.763333e+01	-1.168075e-01	3.973960e+00
2.766667e+01	-1.261656e-01	3.931853e+00
2.770000e+01	-1.338165e-01	3.897427e+00
2.773333e+01	-1.368864e-01	3.883614e+00
2.776667e+01	-1.357707e-01	3.888634e+00
2.780000e+01	-1.332617e-01	3.899924e+00
2.783333e+01	-1.318716e-01	3.906178e+00
2.786667e+01	-1.321706e-01	3.904833e+00
2.790000e+01	-1.331885e-01	3.900253e+00
2.793333e+01	-1.338163e-01	3.897428e+00
2.796667e+01	-1.337257e-01	3.897836e+00
28	-1.332933e-01	3.899781e+00
2.803333e+01	-1.330052e-01	3.901078e+00
2.806667e+01	-1.330279e-01	3.900976e+00
2.810000e+01	-1.332121e-01	3.900147e+00
2.813333e+01	-1.333443e-01	3.899552e+00
2.816667e+01	-1.333421e-01	3.899562e+00
2.820000e+01	-1.332640e-01	3.899913e+00
2.823333e+01	-1.332037e-01	3.900185e+00
2.826667e+01	-1.332012e-01	3.900196e+00
2.830000e+01	-1.332341e-01	3.900048e+00
2.833333e+01	-1.332615e-01	3.899925e+00
2.836667e+01	-1.332641e-01	3.899913e+00
2.840000e+01	-1.332503e-01	3.899975e+00
2.843333e+01	-1.332379e-01	3.900031e+00
2.846667e+01	-1.332361e-01	3.900039e+00
2.850000e+01	-1.332419e-01	3.900013e+00
2.853333e+01	-1.332474e-01	3.899988e+00
2.856667e+01	-1.332485e-01	3.899983e+00
2.860000e+01	-1.332461e-01	3.899994e+00
2.863333e+01	-1.332437e-01	3.900005e+00
2.866667e+01	-1.332431e-01	3.900007e+00
2.870000e+01	-1.332440e-01	3.900003e+00
2.873333e+01	-1.332451e-01	3.899998e+00
2.876667e+01	-1.332454e-01	3.899997e+00
2.880000e+01	-1.332451e-01	3.899998e+00
2.883333e+01	-1.332446e-01	3.900001e+00
2.886667e+01	-1.332444e-01	3.900001e+00
2.890000e+01	-1.332446e-01	3.900001e+00
2.893333e+01	-1.332448e-01	3.900000e+00
2.896667e+01	-1.332449e-01	3.899999e+00
29	-1.332448e-01	3.900000e+00
2.903333e+01	-1.330089e-01	3.901061e+00
2.906667e+01	-1.314417e-01	3.908113e+00
2.910000e+01	-1.268797e-01	3.928640e+00
2.913333e+01	-1.193142e-01	3.962681e+00
2.916667e+01	-1.117217e-01	3.996844e+00
2.920000e+01	-1.076831e-01	4.015015e+00
2.923333e+01	-1.080035e-01	4.013574e+00
2.926667e+01	-1.104425e-01	4.002599e+00
2.930000e+01	-1.122351e-01	3.994534e+00
2.933333e+01	-1.122935e-01	3.994271e+00
2.936667e+01	-1.113248e-01	3.998630e+00
2.940000e+01	-1.105295e-01	4.002208e+00
2.943333e+01	-1.106953e-01	4.001462e+00
2.946667e+01	-1.126650e-01	3.992599e+00
2.950000e+01	-1.175843e-01	3.970465e+00
2.953333e+01	-1.251991e-01	3.936202e+00
2.956667e+01	-1.323882e-01	3.903854e+00
2.960000e+01	-1.346991e-01	3.893456e+00
2.963333e+01	-1.297869e-01	3.915559e+00
2.966667e+01	-1.198515e-01	3.960263e+00
2.970000e+01	-1.105383e-01	4.002168e+00
2.973333e+01	-1.066939e-01	4.019467e+00
2.976667e+01	-1.095218e-01	4.006742e+00
2.980000e+01	-1.172861e-01	3.971807e+00
2.983333e+01	-1.267053e-01	3.929424e+00
2.986667e+01	-1.339651e-01	3.896758e+00
2.990000e+01	-1.366919e-01	3.884489e+00
2.993333e+01	-1.355315e-01	3.889711e+00
2.996667e+01	-1.331855e-01	3.900267e+00
30	-1.319497e-01	3.905827e+00
3.003333e+01	-1.322762e-01	3.904358e+00
3.006667e+01	-1.332267e-01	3.900081e+00
3.010000e+01	-1.337854e-01	3.897567e+00
3.013333e+01	-1.336793e-01	3.898045e+00
3.016667e+01	-1.332745e-01	3.899866e+00
3.020000e+01	-1.330172e-01	3.901024e+00
3.023333e+01	-1.330482e-01	3.900884e+00
3.026667e+01	-1.332212e-01	3.900106e+00
3.030000e+01	-1.333397e-01	3.899573e+00
3.033333e+01	-1.333333e-01	3.899602e+00
3.036667e+01	-1.332597e-01	3.899933e+00
3.040000e+01	-1.332054e-01	3.900177e+00
3.043333e+01	-1.332050e-01	3.900179e+00
3.046667e+01	-1.332362e-01	3.900039e+00
3.050000e+01	-1.332609e-01	3.899927e+00
3.053333e+01	-1.334983e-01	3.898859e+00
3.056667e+01	-1.350523e-01	3.891867e+00
3.060000e+01	-1.396031e-01	3.871390e+00
3.063333e+01	-1.471674e-01	3.837354e+00
3.066667e+01	-1.547653e-01	3.803167e+00
3.070000e+01	-1.588090e-01	3.784973e+00
3.073333e+01	-1.584894e-01	3.786411e+00
3.076667e+01	-1.560481e-01	3.797395e+00
3.080000e+01	-1.542533e-01	3.805471e+00
3.083333e+01	-1.541944e-01	3.805736e+00
3.086667e+01	-1.551641e-01	3.801373e+00
3.090000e+01	-1.559604e-01	3.797790e+00
3.093333e+01	-1.560306e-01	3.797474e+00
3.096667e+01	-1.556277e-01	3.799287e+00
31	-1.552700e-01	3.800897e+00
3.103333e+01	-1.552206e-01	3.801119e+00
3.106667e+01	-1.553883e-01	3.800364e+00
3.110000e+01	-1.555490e-01	3.799641e+00
3.113333e+01	-1.555789e-01	3.799506e+00
3.116667e+01	-1.555097e-01	3.799818e+00
3.120000e+01	-1.554377e-01	3.800142e+00
3.123333e+01	-1.554210e-01	3.800217e+00
3.126667e+01	-1.554494e-01	3.800089e+00
3.130000e+01	-1.554814e-01	3.799945e+00
3.133333e+01	-1.554903e-01	3.799905e+00
3.136667e+01	-1.554788e-01	3.799957e+00
3.140000e+01	-1.554646e-01	3.800021e+00
3.143333e+01	-1.554600e-01	3.800041e+00
3.146667e+01	-1.554646e-01	3.800021e+00
3.150000e+01	-1.557068e-01	3.798931e+00
3.153333e+01	-1.572762e-01	3.791869e+00
3.156667e+01	-1.618363e-01	3.771351e+00
3.160000e+01	-1.693992e-01	3.737322e+00
3.163333e+01	-1.769905e-01	3.703164e+00
3.166667e+01	-1.810298e-01	3.684989e+00
3.170000e+01	-1.807106e-01	3.686425e+00
3.173333e+01	-1.782722e-01	3.697397e+00
3.176667e+01	-1.764793e-01	3.705464e+00
3.180000e+01	-1.764204e-01	3.705729e+00
3.183333e+01	-1.773888e-01	3.701372e+00
3.186667e+01	-1.781843e-01	3.697793e+00
3.190000e+01	-1.782545e-01	3.697477e+00
3.193333e+01	-1.778520e-01	3.699288e+00
3.196667e+01	-1.774947e-01	3.700895e+00
32	-1.774454e-01	3.701117e+00
3.203333e+01	-1.776129e-01	3.700364e+00
3.206667e+01	-1.777734e-01	3.699641e+00
3.210000e+01	-1.778033e-01	3.699507e+00
3.213333e+01	-1.777341e-01	3.699818e+00
3.216667e+01	-1.776623e-01	3.700142e+00
3.220000e+01	-1.776456e-01	3.700217e+00
3.223333e+01	-1.776739e-01	3.700089e+00
3.226667e+01	-1.777059e-01	3.699945e+00
3.230000e+01	-1.777148e-01	3.699905e+00
3.233333e+01	-1.777033e-01	3.699957e+00
3.236667e+01	-1.776891e-01	3.700021e+00
3.240000e+01	-1.776845e-01	3.700041e+00
3.243333e+01	-1.776891e-01	3.700021e+00
3.246667e+01	-1.776954e-01	3.699992e+00
3.250000e+01	-1.776977e-01	3.699982e+00
3.253333e+01	-1.776959e-01	3.699990e+00
3.256667e+01	-1.776931e-01	3.700003e+00
3.260000e+01	-1.776920e-01	3.700008e+00
3.263333e+01	-1.776927e-01	3.700005e+00
3.266667e+01	-1.776939e-01	3.699999e+00
3.270000e+01	-1.776944e-01	3.699997e+00
3.273333e+01	-1.776942e-01	3.699998e+00
3.276667e+01	-1.776937e-01	3.700000e+00
3.280000e+01	-1.776934e-01	3.700001e+00
3.283333e+01	-1.774577e-01	3.701062e+00
3.286667e+01	-1.758907e-01	3.708113e+00
3.290000e+01	-1.713289e-01	3.728639e+00
3.293333e+01	-1.637633e-01	3.762681e+00
3.296667e+01	-1.561707e-01	3.796844e+00
33	-1.521321e-01	3.815016e+00
3.303333e+01	-1.524525e-01	3.813574e+00
3.306667e+01	-1.548915e-01	3.802599e+00
3.310000e+01	-1.566841e-01	3.794534e+00
3.313333e+01	-1.567425e-01	3.794271e+00
3.316667e+01	-1.557738e-01	3.798630e+00
3.320000e+01	-1.549784e-01	3.802208e+00
3.323333e+01	-1.549085e-01	3.802523e+00
3.326667e+01	-1.553110e-01	3.800712e+00
3.330000e+01	-1.556683e-01	3.799104e+00
3.333333e+01	-1.557176e-01	3.798883e+00
3.336667e+01	-1.555500e-01	3.799636e+00
3.340000e+01	-1.553895e-01	3.800359e+00
3.343333e+01	-1.553596e-01	3.800493e+00
3.346667e+01	-1.554288e-01	3.800182e+00
3.350000e+01	-1.555007e-01	3.799858e+00
3.353333e+01	-1.555174e-01	3.799783e+00
3.356667e+01	-1.552532e-01	3.800972e+00
3.360000e+01	-1.536540e-01	3.808168e+00
3.363333e+01	-1.490832e-01	3.828734e+00
3.366667e+01	-1.415291e-01	3.862724e+00
3.370000e+01	-1.339508e-01	3.896823e+00
3.373333e+01	-1.299168e-01	3.914974e+00
3.376667e+01	-1.302326e-01	3.913553e+00
3.380000e+01	-1.326653e-01	3.902607e+00
3.383333e+01	-1.344556e-01	3.894552e+00
3.386667e+01	-1.345158e-01	3.894281e+00
3.390000e+01	-1.335499e-01	3.898627e+00
3.393333e+01	-1.327557e-01	3.902201e+00
3.396667e+01	-1.326850e-01	3.902519e+00
34	-1.330863e-01	3.900713e+00
3.403333e+01	-1.334431e-01	3.899107e+00
3.406667e+01	-1.334926e-01	3.898885e+00
3.410000e+01	-1.333256e-01	3.899636e+00
3.413333e+01	-1.331653e-01	3.900357e+00
3.416667e+01	-1.331353e-01	3.900492e+00
3.420000e+01	-1.332043e-01	3.900182e+00
3.423333e+01	-1.332761e-01	3.899859e+00
3.426667e+01	-1.332928e-01	3.899784e+00
3.430000e+01	-1.332645e-01	3.899911e+00
3.433333e+01	-1.332326e-01	3.900055e+00
3.436667e+01	-1.332237e-01	3.900095e+00
3.440000e+01	-1.332352e-01	3.900043e+00
3.443333e+01	-1.332493e-01	3.899979e+00
3.446667e+01	-1.332539e-01	3.899959e+00
3.450000e+01	-1.332493e-01	3.899979e+00
3.453333e+01	-1.332430e-01	3.900008e+00
3.456667e+01	-1.332408e-01	3.900018e+00
3.460000e+01	-1.332426e-01	3.900010e+00
3.463333e+01	-1.332453e-01	3.899997e+00
3.466667e+01	-1.332464e-01	3.899992e+00
3.470000e+01	-1.332457e-01	3.899995e+00
3.473333e+01	-1.332445e-01	3.900001e+00
3.476667e+01	-1.332440e-01	3.900003e+00
3.480000e+01	-1.332443e-01	3.900002e+00
3.483333e+01	-1.332448e-01	3.900000e+00
3.486667e+01	-1.332450e-01	3.899999e+00
3.490000e+01	-1.332449e-01	3.899999e+00
3.493333e+01	-1.332447e-01	3.900000e+00
3.496667e+01	-1.332446e-01	3.900001e+00
35	-1.332446e-01	3.900000e+00
3.503333e+01	-1.332447e-01	3.900000e+00
3.506667e+01	-1.332448e-01	3.900000e+00
3.510000e+01	-1.332448e-01	3.900000e+00
3.513333e+01	-1.332447e-01	3.900000e+00
3.516667e+01	-1.332447e-01	3.900000e+00
3.520000e+01	-1.332447e-01	3.900000e+00
3.523333e+01	-1.332447e-01	3.900000e+00
3.526667e+01	-1.332447e-01	3.900000e+00
3.530000e+01	-1.332447e-01	3.900000e+00
3.533333e+01	-1.332447e-01	3.900000e+00
3.536667e+01	-1.332447e-01	3.900000e+00
3.540000e+01	-1.332447e-01	3.900000e+00
3.543333e+01	-1.332447e-01	3.900000e+00
3.546667e+01	-1.332447e-01	3.900000e+00
3.550000e+01	-1.332447e-01	3.900000e+00
3.553333e+01	-1.332447e-01	3.900000e+00
3.556667e+01	-1.332447e-01	3.900000e+00
3.560000e+01	-1.332447e-01	3.900000e+00
3.563333e+01	-1.332447e-01	3.900000e+00
3.566667e+01	-1.332447e-01	3.900000e+00
3.570000e+01	-1.332447e-01	3.900000e+00
3.573333e+01	-1.332447e-01	3.900000e+00
3.576667e+01	-1.332447e-01	3.900000e+00
3.580000e+01	-1.332447e-01	3.900000e+00
3.583333e+01	-1.332447e-01	3.900000e+00
3.586667e+01	-1.332447e-01	3.900000e+00
3.590000e+01	-1.332447e-01	3.900000e+00
3.593333e+01	-1.332447e-01	3.900000e+00
3.596667e+01	-1.334806e-01	3.898939e+00
36	-1.350477e-01	3.891887e+00
3.603333e+01	-1.396097e-01	3.871361e+00
3.606667e+01	-1.471753e-01	3.837319e+00
3.610000e+01	-1.547677e-01	3.803156e+00
3.613333e+01	-1.588063e-01	3.784985e+00
3.616667e+01	-1.584859e-01	3.786426e+00
3.620000e+01	-1.560469e-01	3.797401e+00
3.623333e+01	-1.542543e-01	3.805466e+00
3.626667e+01	-1.541960e-01	3.805729e+00
3.630000e+01	-1.551647e-01	3.801370e+00
3.633333e+01	-1.559600e-01	3.797792e+00
3.636667e+01	-1.560300e-01	3.797477e+00
3.640000e+01	-1.556274e-01	3.799288e+00
3.643333e+01	-1.552701e-01	3.800896e+00
3.646667e+01	-1.552209e-01	3.801117e+00
3.650000e+01	-1.553884e-01	3.800364e+00
3.653333e+01	-1.555490e-01	3.799641e+00
3.656667e+01	-1.555788e-01	3.799507e+00
3.660000e+01	-1.555096e-01	3.799818e+00
3.663333e+01	-1.554377e-01	3.800142e+00
3.666667e+01	-1.554211e-01	3.800217e+00
3.670000e+01	-1.554494e-01	3.800089e+00
3.673333e+01	-1.554814e-01	3.799945e+00
3.676667e+01	-1.554903e-01	3.799905e+00
3.680000e+01	-1.554788e-01	3.799957e+00
3.683333e+01	-1.554646e-01	3.800021e+00
3.686667e+01	-1.554600e-01	3.800041e+00
3.690000e+01	-1.554646e-01	3.800021e+00
3.693333e+01	-1.554709e-01	3.799992e+00
3.696667e+01	-1.554732e-01	3.799982e+00
37	-1.554714e-01	3.799990e+00
3.703333e+01	-1.554686e-01	3.800003e+00
3.706667e+01	-1.554675e-01	3.800008e+00
3.710000e+01	-1.554682e-01	3.800005e+00
3.713333e+01	-1.554694e-01	3.799999e+00
3.716667e+01	-1.554700e-01	3.799997e+00
3.720000e+01	-1.554697e-01	3.799998e+00
3.723333e+01	-1.554692e-01	3.800000e+00
3.726667e+01	-1.554689e-01	3.800001e+00
3.730000e+01	-1.554690e-01	3.800001e+00
3.733333e+01	-1.554692e-01	3.800000e+00
3.736667e+01	-1.554694e-01	3.799999e+00
3.740000e+01	-1.554693e-01	3.800000e+00
3.743333e+01	-1.554692e-01	3.800000e+00
3.746667e+01	-1.554692e-01	3.800000e+00
3.750000e+01	-1.554692e-01	3.800000e+00
3.753333e+01	-1.554692e-01	3.800000e+00
3.756667e+01	-1.554692e-01	3.800000e+00
3.760000e+01	-1.554692e-01	3.800000e+00
3.763333e+01	-1.554692e-01	3.800000e+00
3.766667e+01	-1.554692e-01	3.800000e+00
3.770000e+01	-1.554692e-01	3.800000e+00
3.773333e+01	-1.554692e-01	3.800000e+00
3.776667e+01	-1.554692e-01	3.800000e+00
3.780000e+01	-1.554692e-01	3.800000e+00
3.783333e+01	-1.554692e-01	3.800000e+00
3.786667e+01	-1.554692e-01	3.800000e+00
3.790000e+01	-1.554692e-01	3.800000e+00
3.793333e+01	-1.554692e-01	3.800000e+00
3.796667e+01	-1.554692e-01	3.800000e+00
38	-1.557051e-01	3.798939e+00
3.803333e+01	-1.572722e-01	3.791887e+00
3.806667e+01	-1.618342e-01	3.771361e+00
3.810000e+01	-1.693998e-01	3.737319e+00
3.813333e+01	-1.769922e-01	3.703156e+00
3.816667e+01	-1.810308e-01	3.684985e+00
3.820000e+01	-1.807104e-01	3.686426e+00
3.823333e+01	-1.782714e-01	3.697401e+00
3.826667e+01	-1.764788e-01	3.705466e+00
3.830000e+01	-1.761846e-01	3.706790e+00
3.833333e+01	-1.755862e-01	3.709483e+00
3.836667e+01	-1.718195e-01	3.726431e+00
3.840000e+01	-1.643239e-01	3.760158e+00
3.843333e+01	-1.563289e-01	3.796132e+00
3.846667e+01	-1.519330e-01	3.815911e+00
3.850000e+01	-1.522042e-01	3.814691e+00
3.853333e+01	-1.548107e-01	3.802963e+00
3.856667e+01	-1.569997e-01	3.793114e+00
3.860000e+01	-1.586551e-01	3.785665e+00
3.863333e+01	-1.621791e-01	3.769809e+00
3.866667e+01	-1.688775e-01	3.739669e+00
3.870000e+01	-1.763833e-01	3.705896e+00
3.873333e+01	-1.806170e-01	3.686847e+00
3.876667e+01	-1.791187e-01	3.693588e+00
3.880000e+01	-1.721758e-01	3.724828e+00
3.883333e+01	-1.626387e-01	3.767741e+00
3.886667e+01	-1.548131e-01	3.802952e+00
3.890000e+01	-1.517088e-01	3.816920e+00
3.893333e+01	-1.528983e-01	3.811568e+00
3.896667e+01	-1.554854e-01	3.799927e+00
39	-1.568944e-01	3.793587e+00
3.903333e+01	-1.565653e-01	3.795068e+00
3.906667e+01	-1.555126e-01	3.799805e+00
3.910000e+01	-1.548749e-01	3.802674e+00
3.913333e+01	-1.549777e-01	3.802212e+00
3.916667e+01	-1.554254e-01	3.800197e+00
3.920000e+01	-1.557186e-01	3.798878e+00
3.923333e+01	-1.556911e-01	3.799002e+00
3.926667e+01	-1.555001e-01	3.799861e+00
3.930000e+01	-1.556012e-01	3.799406e+00
3.933333e+01	-1.571724e-01	3.792336e+00
3.936667e+01	-1.618155e-01	3.771445e+00
3.940000e+01	-1.694426e-01	3.737126e+00
3.943333e+01	-1.770369e-01	3.702955e+00
3.946667e+01	-1.810413e-01	3.684938e+00
3.950000e+01	-1.806929e-01	3.686505e+00
3.953333e+01	-1.780157e-01	3.698551e+00
3.956667e+01	-1.746703e-01	3.713604e+00
3.960000e+01	-1.700626e-01	3.734337e+00
3.963333e+01	-1.634674e-01	3.764012e+00
3.966667e+01	-1.566643e-01	3.794623e+00
3.970000e+01	-1.526900e-01	3.812505e+00
3.973333e+01	-1.526068e-01	3.812880e+00
3.976667e+01	-1.549268e-01	3.802440e+00
3.980000e+01	-1.582399e-01	3.787533e+00
3.983333e+01	-1.630284e-01	3.765987e+00
3.986667e+01	-1.697848e-01	3.735587e+00
3.990000e+01	-1.766106e-01	3.704873e+00
3.993333e+01	-1.805097e-01	3.687329e+00
3.996667e+01	-1.805204e-01	3.687281e+00
40	-1.784225e-01	3.696721e+00
4.003333e+01	-1.767077e-01	3.704437e+00
4.006667e+01	-1.765136e-01	3.705310e+00
4.010000e+01	-1.773304e-01	3.701635e+00
4.013333e+01	-1.780843e-01	3.698242e+00
4.016667e+01	-1.782094e-01	3.697680e+00
4.020000e+01	-1.778742e-01	3.699188e+00
4.023333e+01	-1.775383e-01	3.700699e+00
4.026667e+01	-1.774669e-01	3.701020e+00
4.030000e+01	-1.776047e-01	3.700401e+00
4.033333e+01	-1.777545e-01	3.699726e+00
4.036667e+01	-1.777931e-01	3.699553e+00
4.040000e+01	-1.777370e-01	3.699805e+00
4.043333e+01	-1.776704e-01	3.700105e+00
4.046667e+01	-1.776503e-01	3.700195e+00
4.050000e+01	-1.776729e-01	3.700093e+00
4.053333e+01	-1.777024e-01	3.699961e+00
4.056667e+01	-1.777126e-01	3.699915e+00
4.060000e+01	-1.777036e-01	3.699956e+00
4.063333e+01	-1.776906e-01	3.700014e+00
4.066667e+01	-1.776856e-01	3.700037e+00
4.070000e+01	-1.776891e-01	3.700021e+00
4.073333e+01	-1.776948e-01	3.699995e+00
4.076667e+01	-1.776972e-01	3.699984e+00
4.080000e+01	-1.776959e-01	3.699990e+00
4.083333e+01	-1.776934e-01	3.700001e+00
4.086667e+01	-1.776922e-01	3.700007e+00
4.090000e+01	-1.776927e-01	3.700004e+00
4.093333e+01	-1.776938e-01	3.700000e+00
4.096667e+01	-1.776944e-01	3.699997e+00
41	-1.776942e-01	3.699998e+00
4.103333e+01	-1.776937e-01	3.700000e+00
4.106667e+01	-1.776934e-01	3.700001e+00
4.110000e+01	-1.776935e-01	3.700001e+00
4.113333e+01	-1.776937e-01	3.700000e+00
4.116667e+01	-1.776938e-01	3.699999e+00
4.120000e+01	-1.776938e-01	3.700000e+00
4.123333e+01	-1.776937e-01	3.700000e+00
4.126667e+01	-1.776937e-01	3.700000e+00
4.130000e+01	-1.776937e-01	3.700000e+00
4.133333e+01	-1.776937e-01	3.700000e+00
4.136667e+01	-1.776937e-01	3.700000e+00
4.140000e+01	-1.776937e-01	3.700000e+00
4.143333e+01	-1.776937e-01	3.700000e+00
4.146667e+01	-1.776937e-01	3.700000e+00
4.150000e+01	-1.774579e-01	3.701061e+00
4.153333e+01	-1.758907e-01	3.708113e+00
4.156667e+01	-1.713287e-01	3.728639e+00
4.160000e+01	-1.637632e-01	3.762681e+00
4.163333e+01	-1.561707e-01	3.796844e+00
4.166667e+01	-1.521321e-01	3.815015e+00
4.170000e+01	-1.524525e-01	3.813574e+00
4.173333e+01	-1.548915e-01	3.802599e+00
4.176667e+01	-1.566841e-01	3.794534e+00
4.180000e+01	-1.567425e-01	3.794271e+00
4.183333e+01	-1.557738e-01	3.798630e+00
4.186667e+01	-1.549784e-01	3.802208e+00
4.190000e+01	-1.549085e-01	3.802523e+00
4.193333e+01	-1.553110e-01	3.800712e+00
4.196667e+01	-1.556683e-01	3.799104e+00
42	-1.557175e-01	3.798883e+00
4.203333e+01	-1.555500e-01	3.799636e+00
4.206667e+01	-1.553895e-01	3.800359e+00
4.210000e+01	-1.553596e-01	3.800493e+00
4.213333e+01	-1.554288e-01	3.800182e+00
4.216667e+01	-1.555007e-01	3.799858e+00
4.220000e+01	-1.555174e-01	3.799783e+00
4.223333e+01	-1.554890e-01	3.799911e+00
4.226667e+01	-1.554570e-01	3.800055e+00
4.230000e+01	-1.554482e-01	3.800095e+00
4.233333e+01	-1.554596e-01	3.800043e+00
4.236667e+01	-1.554738e-01	3.799979e+00
4.240000e+01	-1.554784e-01	3.799959e+00
4.243333e+01	-1.554738e-01	3.799979e+00
4.246667e+01	-1.554675e-01	3.800008e+00
4.250000e+01	-1.554652e-01	3.800018e+00
4.253333e+01	-1.554671e-01	3.800010e+00
4.256667e+01	-1.554698e-01	3.799997e+00
4.260000e+01	-1.554709e-01	3.799992e+00
4.263333e+01	-1.554702e-01	3.799995e+00
4.266667e+01	-1.554690e-01	3.800001e+00
4.270000e+01	-1.554685e-01	3.800003e+00
4.273333e+01	-1.554687e-01	3.800002e+00
4.276667e+01	-1.554693e-01	3.800000e+00
4.280000e+01	-1.554695e-01	3.799999e+00
4.283333e+01	-1.554694e-01	3.799999e+00
4.286667e+01	-1.554692e-01	3.800000e+00
4.290000e+01	-1.554691e-01	3.800001e+00
4.293333e+01	-1.554691e-01	3.800000e+00
4.296667e+01	-1.554692e-01	3.800000e+00
43	-1.554693e-01	3.800000e+00
4.303333e+01	-1.554693e-01	3.800000e+00
4.306667e+01	-1.554692e-01	3.800000e+00
4.310000e+01	-1.554692e-01	3.800000e+00
4.313333e+01	-1.554692e-01	3.800000e+00
4.316667e+01	-1.554692e-01	3.800000e+00
4.320000e+01	-1.554692e-01	3.800000e+00
4.323333e+01	-1.554692e-01	3.800000e+00
4.326667e+01	-1.554692e-01	3.800000e+00
4.330000e+01	-1.554692e-01	3.800000e+00
4.333333e+01	-1.554692e-01	3.800000e+00
4.336667e+01	-1.554692e-01	3.800000e+00
4.340000e+01	-1.554692e-01	3.800000e+00
4.343333e+01	-1.554692e-01	3.800000e+00
4.346667e+01	-1.554692e-01	3.800000e+00
4.350000e+01	-1.554692e-01	3.800000e+00
4.353333e+01	-1.554692e-01	3.800000e+00
4.356667e+01	-1.554692e-01	3.800000e+00
4.360000e+01	-1.554692e-01	3.800000e+00
4.363333e+01	-1.554692e-01	3.800000e+00
4.366667e+01	-1.554692e-01	3.800000e+00
4.370000e+01	-1.554692e-01	3.800000e+00
4.373333e+01	-1.554692e-01	3.800000e+00
4.376667e+01	-1.554692e-01	3.800000e+00
4.380000e+01	-1.554692e-01	3.800000e+00
4.383333e+01	-1.554692e-01	3.800000e+00
4.386667e+01	-1.554692e-01	3.800000e+00
4.390000e+01	-1.554692e-01	3.800000e+00
4.393333e+01	-1.554692e-01	3.800000e+00
4.396667e+01	-1.554692e-01	3.800000e+00
44	-1.554692e-01	3.800000e+00
4.403333e+01	-1.554692e-01	3.800000e+00
4.406667e+01	-1.554692e-01	3.800000e+00
4.410000e+01	-1.554692e-01	3.800000e+00
4.413333e+01	-1.554692e-01	3.800000e+00
4.416667e+01	-1.557051e-01	3.798939e+00
4.420000e+01	-1.572722e-01	3.791887e+00
4.423333e+01	-1.618342e-01	3.771361e+00
4.426667e+01	-1.693998e-01	3.737319e+00
4.430000e+01	-1.769922e-01	3.703156e+00
4.433333e+01	-1.810308e-01	3.684985e+00
4.436667e+01	-1.807104e-01	3.686426e+00
4.440000e+01	-1.785073e-01	3.696339e+00
4.443333e+01	-1.780460e-01	3.698415e+00
4.446667e+01	-1.809824e-01	3.685202e+00
4.450000e+01	-1.849547e-01	3.667329e+00
4.453333e+01	-1.857770e-01	3.663629e+00
4.456667e+01	-1.822930e-01	3.679305e+00
4.460000e+01	-1.775315e-01	3.700730e+00
4.463333e+01	-1.750556e-01	3.711870e+00
4.466667e+01	-1.756528e-01	3.709183e+00
4.470000e+01	-1.775545e-01	3.700626e+00
4.473333e+01	-1.787422e-01	3.695282e+00
4.476667e+01	-1.785986e-01	3.695928e+00
4.480000e+01	-1.778040e-01	3.699504e+00
4.483333e+01	-1.772597e-01	3.701953e+00
4.486667e+01	-1.772882e-01	3.701824e+00
4.490000e+01	-1.776247e-01	3.700311e+00
4.493333e+01	-1.778734e-01	3.699191e+00
4.496667e+01	-1.778753e-01	3.699183e+00
45	-1.777331e-01	3.699823e+00
4.503333e+01	-1.776199e-01	3.700332e+00
4.506667e+01	-1.776127e-01	3.700365e+00
4.510000e+01	-1.776725e-01	3.700096e+00
4.513333e+01	-1.777238e-01	3.699865e+00
4.516667e+01	-1.777297e-01	3.699838e+00
4.520000e+01	-1.777047e-01	3.699950e+00
4.523333e+01	-1.776816e-01	3.700054e+00
4.526667e+01	-1.776778e-01	3.700072e+00
4.530000e+01	-1.776881e-01	3.700025e+00
4.533333e+01	-1.776985e-01	3.699978e+00
4.536667e+01	-1.777007e-01	3.699968e+00
4.540000e+01	-1.776965e-01	3.699988e+00
4.543333e+01	-1.776918e-01	3.700008e+00
4.546667e+01	-1.776906e-01	3.700014e+00
4.550000e+01	-1.776924e-01	3.700006e+00
4.553333e+01	-1.776944e-01	3.699997e+00
4.556667e+01	-1.776951e-01	3.699994e+00
4.560000e+01	-1.776944e-01	3.699997e+00
4.563333e+01	-1.776934e-01	3.700001e+00
4.566667e+01	-1.776931e-01	3.700003e+00
4.570000e+01	-1.776934e-01	3.700001e+00
4.573333e+01	-1.776938e-01	3.700000e+00
4.576667e+01	-1.776940e-01	3.699999e+00
4.580000e+01	-1.776939e-01	3.699999e+00
4.583333e+01	-1.776937e-01	3.700000e+00
4.586667e+01	-1.776936e-01	3.700000e+00
4.590000e+01	-1.776936e-01	3.700000e+00
4.593333e+01	-1.776937e-01	3.700000e+00
4.596667e+01	-1.774579e-01	3.701061e+00
46	-1.758907e-01	3.708113e+00
4.603333e+01	-1.713287e-01	3.728639e+00
4.606667e+01	-1.637632e-01	3.762681e+00
4.610000e+01	-1.561707e-01	3.796844e+00
4.613333e+01	-1.521321e-01	3.815015e+00
4.616667e+01	-1.524525e-01	3.813574e+00
4.620000e+01	-1.548915e-01	3.802599e+00
4.623333e+01	-1.566841e-01	3.794534e+00
4.626667e+01	-1.567425e-01	3.794271e+00
4.630000e+01	-1.557738e-01	3.798630e+00
4.633333e+01	-1.549784e-01	3.802208e+00
4.636667e+01	-1.549085e-01	3.802523e+00
4.640000e+01	-1.553110e-01	3.800712e+00
4.643333e+01	-1.556683e-01	3.799104e+00
4.646667e+01	-1.557175e-01	3.798883e+00
4.650000e+01	-1.553142e-01	3.800698e+00
4.653333e+01	-1.535865e-01	3.808472e+00
4.656667e+01	-1.489947e-01	3.829133e+00
4.660000e+01	-1.414983e-01	3.862863e+00
4.663333e+01	-1.339777e-01	3.896702e+00
4.666667e+01	-1.299558e-01	3.914799e+00
4.670000e+01	-1.302478e-01	3.913485e+00
4.673333e+01	-1.326548e-01	3.902654e+00
4.676667e+01	-1.344385e-01	3.894628e+00
4.680000e+01	-1.345084e-01	3.894314e+00
4.683333e+01	-1.335539e-01	3.898609e+00
4.686667e+01	-1.327631e-01	3.902167e+00
4.690000e+01	-1.326886e-01	3.902503e+00
4.693333e+01	-1.328490e-01	3.901781e+00
4.696667e+01	-1.316369e-01	3.907235e+00
47	-1.271259e-01	3.927532e+00
4.703333e+01	-1.193956e-01	3.962315e+00
4.706667e+01	-1.116437e-01	3.997195e+00
4.710000e+01	-1.075745e-01	4.015504e+00
4.713333e+01	-1.079629e-01	4.013756e+00
4.716667e+01	-1.104733e-01	4.002461e+00
4.720000e+01	-1.122828e-01	3.994319e+00
4.723333e+01	-1.123134e-01	3.994182e+00
4.726667e+01	-1.113129e-01	3.998683e+00
4.730000e+01	-1.105086e-01	4.002302e+00
4.733333e+01	-1.104499e-01	4.002566e+00
4.736667e+01	-1.108665e-01	4.000692e+00
4.740000e+01	-1.112284e-01	3.999063e+00
4.743333e+01	-1.112731e-01	3.998862e+00
4.746667e+01	-1.110994e-01	3.999644e+00
4.750000e+01	-1.109365e-01	4.000377e+00
4.753333e+01	-1.109085e-01	4.000503e+00
4.756667e+01	-1.109804e-01	4.000179e+00
4.760000e+01	-1.110534e-01	3.999851e+00
4.763333e+01	-1.110694e-01	3.999779e+00
4.766667e+01	-1.110398e-01	3.999912e+00
4.770000e+01	-1.110073e-01	4.000058e+00
4.773333e+01	-1.112345e-01	3.999036e+00
4.776667e+01	-1.128137e-01	3.991930e+00
4.780000e+01	-1.173901e-01	3.971338e+00
4.783333e+01	-1.249602e-01	3.937277e+00
4.786667e+01	-1.325478e-01	3.903136e+00
4.790000e+01	-1.365800e-01	3.884993e+00
4.793333e+01	-1.362574e-01	3.886445e+00
4.796667e+01	-1.338203e-01	3.897410e+00
48	-1.320305e-01	3.905463e+00
4.803333e+01	-1.319732e-01	3.905721e+00
4.806667e+01	-1.329412e-01	3.901366e+00
4.810000e+01	-1.337353e-01	3.897793e+00
4.813333e+01	-1.338047e-01	3.897480e+00
4.816667e+01	-1.334025e-01	3.899290e+00
4.820000e+01	-1.330457e-01	3.900896e+00
4.823333e+01	-1.329967e-01	3.901116e+00
4.826667e+01	-1.331641e-01	3.900363e+00
4.830000e+01	-1.333245e-01	3.899641e+00
4.833333e+01	-1.333542e-01	3.899507e+00
4.836667e+01	-1.332850e-01	3.899819e+00
4.840000e+01	-1.332133e-01	3.900142e+00
4.843333e+01	-1.331966e-01	3.900216e+00
4.846667e+01	-1.329891e-01	3.901150e+00
4.850000e+01	-1.314539e-01	3.908058e+00
4.853333e+01	-1.269008e-01	3.928545e+00
4.856667e+01	-1.193237e-01	3.962638e+00
4.860000e+01	-1.117171e-01	3.996864e+00
4.863333e+01	-1.076740e-01	4.015057e+00
4.866667e+01	-1.079990e-01	4.013594e+00
4.870000e+01	-1.106801e-01	4.001531e+00
4.873333e+01	-1.140421e-01	3.986403e+00
4.876667e+01	-1.186606e-01	3.965622e+00
4.880000e+01	-1.252547e-01	3.935951e+00
4.883333e+01	-1.320507e-01	3.905372e+00
4.886667e+01	-1.360201e-01	3.887512e+00
4.890000e+01	-1.361034e-01	3.887137e+00
4.893333e+01	-1.340223e-01	3.896501e+00
4.896667e+01	-1.322786e-01	3.904347e+00
49	-1.320522e-01	3.905366e+00
4.903333e+01	-1.328601e-01	3.901731e+00
4.906667e+01	-1.336257e-01	3.898286e+00
4.910000e+01	-1.337651e-01	3.897659e+00
4.913333e+01	-1.334345e-01	3.899146e+00
4.916667e+01	-1.330939e-01	3.900679e+00
4.920000e+01	-1.330162e-01	3.901028e+00
4.923333e+01	-1.331517e-01	3.900419e+00
4.926667e+01	-1.333034e-01	3.899736e+00
4.930000e+01	-1.333447e-01	3.899550e+00
4.933333e+01	-1.332897e-01	3.899797e+00
4.936667e+01	-1.332224e-01	3.900100e+00
4.940000e+01	-1.332011e-01	3.900196e+00
4.943333e+01	-1.332232e-01	3.900097e+00
4.946667e+01	-1.330171e-01	3.901024e+00
4.950000e+01	-1.314606e-01	3.908028e+00
4.953333e+01	-1.268899e-01	3.928594e+00
4.956667e+01	-1.193113e-01	3.962694e+00
4.960000e+01	-1.117135e-01	3.996880e+00
4.963333e+01	-1.076784e-01	4.015037e+00
4.966667e+01	-1.080045e-01	4.013570e+00
4.970000e+01	-1.104460e-01	4.002584e+00
4.973333e+01	-1.122373e-01	3.994524e+00
4.976667e+01	-1.122932e-01	3.994272e+00
4.980000e+01	-1.113233e-01	3.998636e+00
4.983333e+01	-1.105284e-01	4.002213e+00
4.986667e+01	-1.104596e-01	4.002523e+00
4.990000e+01	-1.108627e-01	4.000709e+00
4.993333e+01	-1.112198e-01	3.999102e+00
4.996667e+01	-1.112686e-01	3.998883e+00
50	-1.111008e-01	3.999638e+00
5.003333e+01	-1.109403e-01	4.000360e+00
5.006667e+01	-1.109106e-01	4.000493e+00
5.010000e+01	-1.109800e-01	4.000181e+00
5.013333e+01	-1.110518e-01	3.999858e+00
5.016667e+01	-1.110684e-01	3.999783e+00
5.020000e+01	-1.110400e-01	3.999911e+00
5.023333e+01	-1.110080e-01	4.000055e+00
5.026667e+01	-1.109992e-01	4.000095e+00
5.030000e+01	-1.110107e-01	4.000043e+00
5.033333e+01	-1.110249e-01	3.999979e+00
5.036667e+01	-1.110294e-01	3.999959e+00
5.040000e+01	-1.112606e-01	3.998918e+00
5.043333e+01	-1.128215e-01	3.991895e+00
5.046667e+01	-1.173812e-01	3.971378e+00
5.050000e+01	-1.249486e-01	3.937329e+00
5.053333e+01	-1.325438e-01	3.903154e+00
5.056667e+01	-1.365835e-01	3.884977e+00
5.060000e+01	-1.362624e-01	3.886422e+00
5.063333e+01	-1.338222e-01	3.897401e+00
5.066667e+01	-1.320291e-01	3.905470e+00
5.070000e+01	-1.319710e-01	3.905731e+00
5.073333e+01	-1.329402e-01	3.901370e+00
5.076667e+01	-1.337358e-01	3.897790e+00
5.080000e+01	-1.338057e-01	3.897476e+00
5.083333e+01	-1.334029e-01	3.899288e+00
5.086667e+01	-1.330455e-01	3.900896e+00
5.090000e+01	-1.329963e-01	3.901118e+00
5.093333e+01	-1.331639e-01	3.900364e+00
5.096667e+01	-1.333245e-01	3.899641e+00
51	-1.333544e-01	3.899507e+00
5.103333e+01	-1.332851e-01	3.899818e+00
5.106667e+01	-1.332132e-01	3.900142e+00
5.110000e+01	-1.331965e-01	3.900217e+00
5.113333e+01	-1.332249e-01	3.900089e+00
5.116667e+01	-1.332569e-01	3.899945e+00
5.120000e+01	-1.332658e-01	3.899905e+00
5.123333e+01	-1.330185e-01	3.901018e+00
5.126667e+01	-1.314371e-01	3.908133e+00
5.130000e+01	-1.268706e-01	3.928681e+00
5.133333e+01	-1.193096e-01	3.962702e+00
5.136667e+01	-1.117234e-01	3.996836e+00
5.140000e+01	-1.076871e-01	4.014998e+00
5.143333e+01	-1.080057e-01	4.013564e+00
5.146667e+01	-1.104419e-01	4.002602e+00
5.150000e+01	-1.122334e-01	3.994541e+00
5.153333e+01	-1.122925e-01	3.994275e+00
5.156667e+01	-1.113250e-01	3.998629e+00
5.160000e+01	-1.107660e-01	4.001144e+00
5.163333e+01	-1.122630e-01	3.994408e+00
5.166667e+01	-1.172269e-01	3.972073e+00
5.170000e+01	-1.251496e-01	3.936425e+00
5.173333e+01	-1.327914e-01	3.902040e+00
5.176667e+01	-1.364268e-01	3.885682e+00
5.180000e+01	-1.343788e-01	3.894897e+00
5.183333e+01	-1.273480e-01	3.926533e+00
5.186667e+01	-1.182948e-01	3.967268e+00
5.190000e+01	-1.122829e-01	3.994319e+00
5.193333e+01	-1.137917e-01	3.987530e+00
5.196667e+01	-1.224446e-01	3.948595e+00
52	-1.325141e-01	3.903287e+00
5.203333e+01	-1.379339e-01	3.878901e+00
5.206667e+01	-1.373260e-01	3.881636e+00
5.210000e+01	-1.338833e-01	3.897127e+00
5.213333e+01	-1.314674e-01	3.907997e+00
5.216667e+01	-1.314950e-01	3.907873e+00
5.220000e+01	-1.328899e-01	3.901597e+00
5.223333e+01	-1.339710e-01	3.896732e+00
5.226667e+01	-1.340202e-01	3.896511e+00
5.230000e+01	-1.334362e-01	3.899139e+00
5.233333e+01	-1.329478e-01	3.901336e+00
5.236667e+01	-1.329000e-01	3.901551e+00
5.240000e+01	-1.331444e-01	3.900451e+00
5.243333e+01	-1.333648e-01	3.899460e+00
5.246667e+01	-1.333974e-01	3.899313e+00
5.250000e+01	-1.332958e-01	3.899770e+00
5.253333e+01	-1.331968e-01	3.900216e+00
5.256667e+01	-1.331774e-01	3.900303e+00
5.260000e+01	-1.332193e-01	3.900114e+00
5.263333e+01	-1.332636e-01	3.899915e+00
5.266667e+01	-1.332743e-01	3.899867e+00
5.270000e+01	-1.332571e-01	3.899944e+00
5.273333e+01	-1.332375e-01	3.900033e+00
5.276667e+01	-1.332318e-01	3.900058e+00
5.280000e+01	-1.332387e-01	3.900027e+00
5.283333e+01	-1.332475e-01	3.899988e+00
5.286667e+01	-1.332503e-01	3.899975e+00
5.290000e+01	-1.332476e-01	3.899987e+00
5.293333e+01	-1.332437e-01	3.900004e+00
5.296667e+01	-1.332423e-01	3.900011e+00
53	-1.332434e-01	3.900006e+00
5.303333e+01	-1.332451e-01	3.899998e+00
5.306667e+01	-1.332458e-01	3.899995e+00
5.310000e+01	-1.332454e-01	3.899997e+00
5.313333e+01	-1.332446e-01	3.900000e+00
5.316667e+01	-1.332443e-01	3.900002e+00
5.320000e+01	-1.332444e-01	3.900001e+00
5.323333e+01	-1.332448e-01	3.900000e+00
5.326667e+01	-1.332449e-01	3.899999e+00
5.330000e+01	-1.332449e-01	3.899999e+00
5.333333e+01	-1.332447e-01	3.900000e+00
5.336667e+01	-1.332446e-01	3.900000e+00
5.340000e+01	-1.330088e-01	3.901061e+00
5.343333e+01	-1.314417e-01	3.908113e+00
5.346667e+01	-1.268798e-01	3.928639e+00
5.350000e+01	-1.193142e-01	3.962681e+00
5.353333e+01	-1.117217e-01	3.996844e+00
5.356667e+01	-1.076831e-01	4.015016e+00
5.360000e+01	-1.080035e-01	4.013574e+00
5.363333e+01	-1.104425e-01	4.002599e+00
5.366667e+01	-1.124710e-01	3.993472e+00
5.370000e+01	-1.140965e-01	3.986158e+00
5.373333e+01	-1.176898e-01	3.969990e+00
5.376667e+01	-1.244600e-01	3.939527e+00
5.380000e+01	-1.319825e-01	3.905679e+00
5.383333e+01	-1.364236e-01	3.885696e+00
5.386667e+01	-1.364605e-01	3.885530e+00
5.390000e+01	-1.340708e-01	3.896283e+00
5.393333e+01	-1.321106e-01	3.905103e+00
5.396667e+01	-1.318917e-01	3.906088e+00
54	-1.328306e-01	3.901863e+00
5.403333e+01	-1.336951e-01	3.897973e+00
5.406667e+01	-1.338369e-01	3.897335e+00
5.410000e+01	-1.334692e-01	3.898990e+00
5.413333e+01	-1.332223e-01	3.900101e+00
5.416667e+01	-1.336306e-01	3.898264e+00
5.420000e+01	-1.348609e-01	3.892728e+00
5.423333e+01	-1.366886e-01	3.884504e+00
5.426667e+01	-1.386989e-01	3.875459e+00
5.430000e+01	-1.405758e-01	3.867013e+00
5.433333e+01	-1.422534e-01	3.859465e+00
5.436667e+01	-1.438466e-01	3.852297e+00
5.440000e+01	-1.454843e-01	3.844928e+00
5.443333e+01	-1.472042e-01	3.837189e+00
5.446667e+01	-1.489632e-01	3.829274e+00
5.450000e+01	-1.507055e-01	3.821434e+00
5.453333e+01	-1.523942e-01	3.813836e+00
5.456667e+01	-1.539440e-01	3.806863e+00
5.460000e+01	-1.551490e-01	3.801441e+00
5.463333e+01	-1.557873e-01	3.798569e+00
5.466667e+01	-1.558502e-01	3.798286e+00
5.470000e+01	-1.558362e-01	3.798349e+00
5.473333e+01	-1.571715e-01	3.792340e+00
5.476667e+01	-1.619212e-01	3.770969e+00
5.480000e+01	-1.713800e-01	3.728409e+00
5.483333e+01	-1.851993e-01	3.666228e+00
5.486667e+01	-2.013904e-01	3.593376e+00
5.490000e+01	-2.164276e-01	3.525715e+00
5.493333e+01	-2.271439e-01	3.477497e+00
5.496667e+01	-2.336186e-01	3.448364e+00
55	-2.383811e-01	3.426935e+00
5.503333e+01	-2.427297e-01	3.407368e+00
5.506667e+01	-2.457191e-01	3.393917e+00
5.510000e+01	-2.463731e-01	3.390974e+00
5.513333e+01	-2.452873e-01	3.395860e+00
5.516667e+01	-2.437636e-01	3.402716e+00
5.520000e+01	-2.417586e-01	3.411738e+00
5.523333e+01	-2.375767e-01	3.430554e+00
5.526667e+01	-2.305620e-01	3.462117e+00
5.530000e+01	-2.231868e-01	3.495302e+00
5.533333e+01	-2.190029e-01	3.514128e+00
5.536667e+01	-2.190838e-01	3.513764e+00
5.540000e+01	-2.214178e-01	3.503262e+00
5.543333e+01	-2.232659e-01	3.494946e+00
5.546667e+01	-2.231929e-01	3.495275e+00
5.550000e+01	-2.207073e-01	3.506459e+00
5.553333e+01	-2.153293e-01	3.530657e+00
5.556667e+01	-2.076484e-01	3.565218e+00
5.560000e+01	-2.004347e-01	3.597676e+00
5.563333e+01	-1.967608e-01	3.614207e+00
5.566667e+01	-1.971500e-01	3.612456e+00
5.570000e+01	-1.994327e-01	3.602185e+00
5.573333e+01	-2.010622e-01	3.594853e+00
5.576667e+01	-2.010823e-01	3.594762e+00
5.580000e+01	-2.001776e-01	3.598833e+00
5.583333e+01	-1.994549e-01	3.602085e+00
5.586667e+01	-1.994052e-01	3.602308e+00
5.590000e+01	-1.997818e-01	3.600614e+00
5.593333e+01	-2.001069e-01	3.599151e+00
5.596667e+01	-2.001457e-01	3.598976e+00
56	-1.999886e-01	3.599683e+00
5.603333e+01	-1.998423e-01	3.600342e+00
5.606667e+01	-1.998176e-01	3.600453e+00
5.610000e+01	-1.998827e-01	3.600160e+00
5.613333e+01	-1.999483e-01	3.599864e+00
5.616667e+01	-1.999625e-01	3.599801e+00
5.620000e+01	-1.999357e-01	3.599921e+00
5.623333e+01	-1.999064e-01	3.600053e+00
5.626667e+01	-1.998988e-01	3.600087e+00
5.630000e+01	-1.999097e-01	3.600038e+00
5.633333e+01	-1.999227e-01	3.599980e+00
5.636667e+01	-1.999267e-01	3.599962e+00
5.640000e+01	-1.999223e-01	3.599982e+00
5.643333e+01	-1.999165e-01	3.600008e+00
5.646667e+01	-1.996787e-01	3.601078e+00
5.650000e+01	-1.981133e-01	3.608121e+00
5.653333e+01	-1.935538e-01	3.628637e+00
5.656667e+01	-1.859893e-01	3.662674e+00
5.660000e+01	-1.783961e-01	3.696840e+00
5.663333e+01	-1.743564e-01	3.715016e+00
5.666667e+01	-1.746763e-01	3.713577e+00
5.670000e+01	-1.771156e-01	3.702601e+00
5.673333e+01	-1.789086e-01	3.694533e+00
5.676667e+01	-1.789673e-01	3.694270e+00
5.680000e+01	-1.779985e-01	3.698629e+00
5.683333e+01	-1.772029e-01	3.702208e+00
5.686667e+01	-1.771328e-01	3.702524e+00
5.690000e+01	-1.775354e-01	3.700712e+00
5.693333e+01	-1.778928e-01	3.699104e+00
5.696667e+01	-1.779421e-01	3.698882e+00
57	-1.777745e-01	3.699636e+00
5.703333e+01	-1.776140e-01	3.700359e+00
5.706667e+01	-1.775841e-01	3.700493e+00
5.710000e+01	-1.774175e-01	3.701243e+00
5.713333e+01	-1.759222e-01	3.707971e+00
5.716667e+01	-1.713769e-01	3.728423e+00
5.720000e+01	-1.637830e-01	3.762592e+00
5.723333e+01	-1.561585e-01	3.796899e+00
5.726667e+01	-1.521110e-01	3.815110e+00
5.730000e+01	-1.524429e-01	3.813617e+00
5.733333e+01	-1.548961e-01	3.802579e+00
5.736667e+01	-1.569291e-01	3.793431e+00
5.740000e+01	-1.585500e-01	3.786138e+00
5.743333e+01	-1.621370e-01	3.769998e+00
5.746667e+01	-1.689050e-01	3.739545e+00
5.750000e+01	-1.764293e-01	3.705689e+00
5.753333e+01	-1.808732e-01	3.685694e+00
5.756667e+01	-1.809113e-01	3.685523e+00
5.760000e+01	-1.785208e-01	3.696279e+00
5.763333e+01	-1.763236e-01	3.706165e+00
5.766667e+01	-1.745370e-01	3.714204e+00
5.770000e+01	-1.709141e-01	3.730505e+00
5.773333e+01	-1.642136e-01	3.760654e+00
5.776667e+01	-1.567632e-01	3.794178e+00
5.780000e+01	-1.523387e-01	3.814086e+00
5.783333e+01	-1.522732e-01	3.814381e+00
5.786667e+01	-1.546308e-01	3.803772e+00
5.790000e+01	-1.565821e-01	3.794992e+00
5.793333e+01	-1.568127e-01	3.793955e+00
5.796667e+01	-1.558880e-01	3.798115e+00
58	-1.550280e-01	3.801985e+00
5.803333e+01	-1.548816e-01	3.802644e+00
5.806667e+01	-1.552611e-01	3.800936e+00
5.810000e+01	-1.558804e-01	3.798150e+00
5.813333e+01	-1.575306e-01	3.790725e+00
5.816667e+01	-1.619367e-01	3.770900e+00
5.820000e+01	-1.693313e-01	3.737627e+00
5.823333e+01	-1.768790e-01	3.703666e+00
5.826667e+01	-1.809811e-01	3.685208e+00
5.830000e+01	-1.807366e-01	3.686308e+00
5.833333e+01	-1.783208e-01	3.697178e+00
5.836667e+01	-1.765027e-01	3.705359e+00
5.840000e+01	-1.764107e-01	3.705773e+00
5.843333e+01	-1.773677e-01	3.701467e+00
5.846667e+01	-1.781732e-01	3.697843e+00
5.850000e+01	-1.782579e-01	3.697461e+00
5.853333e+01	-1.778612e-01	3.699246e+00
5.856667e+01	-1.774999e-01	3.700872e+00
5.860000e+01	-1.774049e-01	3.701300e+00
5.863333e+01	-1.772691e-01	3.701910e+00
5.866667e+01	-1.763704e-01	3.705954e+00
5.870000e+01	-1.741206e-01	3.716077e+00
5.873333e+01	-1.706481e-01	3.731702e+00
5.876667e+01	-1.665927e-01	3.749949e+00
5.880000e+01	-1.624087e-01	3.768776e+00
5.883333e+01	-1.586763e-01	3.785570e+00
5.886667e+01	-1.572380e-01	3.792041e+00
5.890000e+01	-1.605051e-01	3.777341e+00
5.893333e+01	-1.681309e-01	3.743028e+00
5.896667e+01	-1.753130e-01	3.710712e+00
59	-1.769426e-01	3.703380e+00
5.903333e+01	-1.735752e-01	3.718532e+00
5.906667e+01	-1.707462e-01	3.731261e+00
5.910000e+01	-1.722470e-01	3.724508e+00
5.913333e+01	-1.765507e-01	3.705143e+00
5.916667e+01	-1.797901e-01	3.690567e+00
5.920000e+01	-1.800568e-01	3.689367e+00
5.923333e+01	-1.783977e-01	3.696832e+00
5.926667e+01	-1.769040e-01	3.703553e+00
5.930000e+01	-1.766667e-01	3.704621e+00
5.933333e+01	-1.773377e-01	3.701602e+00
5.936667e+01	-1.780045e-01	3.698602e+00
5.940000e+01	-1.781440e-01	3.697974e+00
5.943333e+01	-1.778693e-01	3.699210e+00
5.946667e+01	-1.775721e-01	3.700547e+00
5.950000e+01	-1.774964e-01	3.700888e+00
5.953333e+01	-1.776083e-01	3.700384e+00
5.956667e+01	-1.777404e-01	3.699790e+00
5.960000e+01	-1.777798e-01	3.699613e+00
5.963333e+01	-1.777347e-01	3.699816e+00
5.966667e+01	-1.776763e-01	3.700078e+00
5.970000e+01	-1.776563e-01	3.700168e+00
5.973333e+01	-1.776743e-01	3.700088e+00
5.976667e+01	-1.777000e-01	3.699972e+00
5.980000e+01	-1.777099e-01	3.699927e+00
5.983333e+01	-1.777029e-01	3.699959e+00
5.986667e+01	-1.776916e-01	3.700010e+00
5.990000e+01	-1.776867e-01	3.700031e+00
5.993333e+01	-1.776894e-01	3.700019e+00
5.996667e+01	-1.776944e-01	3.699997e+00
60	-1.776967e-01	3.699987e+00
6.003333e+01	-1.776957e-01	3.699991e+00
6.006667e+01	-1.776935e-01	3.700001e+00
6.010000e+01	-1.776924e-01	3.700006e+00
6.013333e+01	-1.776928e-01	3.700004e+00
6.016667e+01	-1.776937e-01	3.700000e+00
6.020000e+01	-1.776943e-01	3.699998e+00
6.023333e+01	-1.776941e-01	3.699998e+00
6.026667e+01	-1.776937e-01	3.700000e+00
6.030000e+01	-1.776935e-01	3.700001e+00
6.033333e+01	-1.776935e-01	3.700001e+00
6.036667e+01	-1.776937e-01	3.700000e+00
6.040000e+01	-1.776938e-01	3.700000e+00
6.043333e+01	-1.776938e-01	3.700000e+00
6.046667e+01	-1.776937e-01	3.700000e+00
6.050000e+01	-1.776937e-01	3.700000e+00
6.053333e+01	-1.776937e-01	3.700000e+00
6.056667e+01	-1.779295e-01	3.698939e+00
6.060000e+01	-1.794967e-01	3.691887e+00
6.063333e+01	-1.840587e-01	3.671360e+00
6.066667e+01	-1.916243e-01	3.637319e+00
6.070000e+01	-1.992167e-01	3.603156e+00
6.073333e+01	-2.032553e-01	3.584985e+00
6.076667e+01	-2.029349e-01	3.586426e+00
6.080000e+01	-2.004959e-01	3.597401e+00
6.083333e+01	-1.984675e-01	3.606528e+00
6.086667e+01	-1.968419e-01	3.613842e+00
6.090000e+01	-1.932487e-01	3.630010e+00
6.093333e+01	-1.864784e-01	3.660473e+00
6.096667e+01	-1.789559e-01	3.694321e+00
61	-1.745148e-01	3.714304e+00
6.103333e+01	-1.744779e-01	3.714470e+00
6.106667e+01	-1.768677e-01	3.703717e+00
6.110000e+01	-1.788278e-01	3.694897e+00
6.113333e+01	-1.790467e-01	3.693912e+00
6.116667e+01	-1.781079e-01	3.698137e+00
6.120000e+01	-1.772433e-01	3.702027e+00
6.123333e+01	-1.771015e-01	3.702665e+00
6.126667e+01	-1.772515e-01	3.701990e+00
6.130000e+01	-1.760700e-01	3.707306e+00
6.133333e+01	-1.715893e-01	3.727467e+00
6.136667e+01	-1.638650e-01	3.762223e+00
6.140000e+01	-1.561005e-01	3.797159e+00
6.143333e+01	-1.520179e-01	3.815529e+00
6.146667e+01	-1.524030e-01	3.813797e+00
6.150000e+01	-1.549184e-01	3.802478e+00
6.153333e+01	-1.567339e-01	3.794309e+00
6.156667e+01	-1.567663e-01	3.794164e+00
6.160000e+01	-1.557637e-01	3.798675e+00
6.163333e+01	-1.551926e-01	3.801245e+00
6.166667e+01	-1.567002e-01	3.794461e+00
6.170000e+01	-1.616796e-01	3.772056e+00
6.173333e+01	-1.696082e-01	3.736381e+00
6.176667e+01	-1.772459e-01	3.702015e+00
6.180000e+01	-1.811104e-01	3.684627e+00
6.183333e+01	-1.806266e-01	3.686803e+00
6.186667e+01	-1.781593e-01	3.697905e+00
6.190000e+01	-1.764388e-01	3.705646e+00
6.193333e+01	-1.764536e-01	3.705580e+00
6.196667e+01	-1.774385e-01	3.701149e+00
62	-1.779684e-01	3.698764e+00
6.203333e+01	-1.764385e-01	3.705648e+00
6.206667e+01	-1.714654e-01	3.728025e+00
6.210000e+01	-1.635545e-01	3.763620e+00
6.213333e+01	-1.559273e-01	3.797939e+00
6.216667e+01	-1.520607e-01	3.815337e+00
6.220000e+01	-1.525368e-01	3.813194e+00
6.223333e+01	-1.549993e-01	3.802115e+00
6.226667e+01	-1.567204e-01	3.794370e+00
6.230000e+01	-1.567088e-01	3.794422e+00
6.233333e+01	-1.557263e-01	3.798843e+00
6.236667e+01	-1.549604e-01	3.802289e+00
6.240000e+01	-1.549217e-01	3.802464e+00
6.243333e+01	-1.553319e-01	3.800618e+00
6.246667e+01	-1.556771e-01	3.799064e+00
6.250000e+01	-1.557125e-01	3.798906e+00
6.253333e+01	-1.555409e-01	3.799677e+00
6.256667e+01	-1.553852e-01	3.800378e+00
6.260000e+01	-1.553615e-01	3.800485e+00
6.263333e+01	-1.554328e-01	3.800164e+00
6.266667e+01	-1.555027e-01	3.799849e+00
6.270000e+01	-1.555167e-01	3.799786e+00
6.273333e+01	-1.554873e-01	3.799919e+00
6.276667e+01	-1.554561e-01	3.800059e+00
6.280000e+01	-1.554484e-01	3.800094e+00
6.283333e+01	-1.554604e-01	3.800040e+00
6.286667e+01	-1.554743e-01	3.799977e+00
6.290000e+01	-1.554783e-01	3.799959e+00
6.293333e+01	-1.554735e-01	3.799981e+00
6.296667e+01	-1.554673e-01	3.800009e+00
63	-1.554653e-01	3.800018e+00
6.303333e+01	-1.554672e-01	3.800009e+00
6.306667e+01	-1.552341e-01	3.801058e+00
6.310000e+01	-1.539038e-01	3.807044e+00
6.313333e+01	-1.506724e-01	3.821584e+00
6.316667e+01	-1.461004e-01	3.842155e+00
6.320000e+01	-1.415110e-01	3.862805e+00
6.323333e+01	-1.374996e-01	3.880855e+00
6.326667e+01	-1.342667e-01	3.895402e+00
6.330000e+01	-1.323469e-01	3.904040e+00
6.333333e+01	-1.320208e-01	3.905507e+00
6.336667e+01	-1.327254e-01	3.902337e+00
6.340000e+01	-1.334908e-01	3.898893e+00
6.343333e+01	-1.339584e-01	3.896789e+00
6.346667e+01	-1.352823e-01	3.890832e+00
6.350000e+01	-1.395215e-01	3.871757e+00
6.353333e+01	-1.469719e-01	3.838234e+00
6.356667e+01	-1.546588e-01	3.803647e+00
6.360000e+01	-1.588379e-01	3.784843e+00
6.363333e+01	-1.585737e-01	3.786031e+00
6.366667e+01	-1.560979e-01	3.797171e+00
6.370000e+01	-1.542438e-01	3.805514e+00
6.373333e+01	-1.541582e-01	3.805899e+00
6.376667e+01	-1.551410e-01	3.801477e+00
6.380000e+01	-1.559631e-01	3.797778e+00
6.383333e+01	-1.560461e-01	3.797404e+00
6.386667e+01	-1.556384e-01	3.799239e+00
6.390000e+01	-1.552694e-01	3.800899e+00
6.393333e+01	-1.552140e-01	3.801148e+00
6.396667e+01	-1.553834e-01	3.800386e+00
64	-1.555490e-01	3.799641e+00
6.403333e+01	-1.555817e-01	3.799494e+00
6.406667e+01	-1.555119e-01	3.799808e+00
6.410000e+01	-1.554379e-01	3.800141e+00
6.413333e+01	-1.554198e-01	3.800222e+00
6.416667e+01	-1.554484e-01	3.800094e+00
6.420000e+01	-1.554813e-01	3.799946e+00
6.423333e+01	-1.554908e-01	3.799903e+00
6.426667e+01	-1.554793e-01	3.799955e+00
6.430000e+01	-1.554647e-01	3.800020e+00
6.433333e+01	-1.554598e-01	3.800042e+00
6.436667e+01	-1.554644e-01	3.800021e+00
6.440000e+01	-1.554709e-01	3.799993e+00
6.443333e+01	-1.554733e-01	3.799982e+00
6.446667e+01	-1.554715e-01	3.799990e+00
6.450000e+01	-1.552328e-01	3.801064e+00
6.453333e+01	-1.536645e-01	3.808121e+00
6.456667e+01	-1.491032e-01	3.828644e+00
6.460000e+01	-1.415389e-01	3.862680e+00
6.463333e+01	-1.339470e-01	3.896840e+00
6.466667e+01	-1.299081e-01	3.915013e+00
6.470000e+01	-1.302280e-01	3.913574e+00
6.473333e+01	-1.326667e-01	3.902601e+00
6.476667e+01	-1.344594e-01	3.894535e+00
6.480000e+01	-1.345180e-01	3.894271e+00
6.483333e+01	-1.335494e-01	3.898629e+00
6.486667e+01	-1.327540e-01	3.902208e+00
6.490000e+01	-1.326840e-01	3.902523e+00
6.493333e+01	-1.330865e-01	3.900712e+00
6.496667e+01	-1.336796e-01	3.898043e+00
65	-1.352960e-01	3.890770e+00
6.503333e+01	-1.396905e-01	3.870997e+00
6.506667e+01	-1.470955e-01	3.837678e+00
6.510000e+01	-1.546581e-01	3.803649e+00
6.513333e+01	-1.587659e-01	3.785166e+00
6.516667e+01	-1.585174e-01	3.786285e+00
6.520000e+01	-1.560951e-01	3.797184e+00
6.523333e+01	-1.542742e-01	3.805377e+00
6.526667e+01	-1.541838e-01	3.805784e+00
6.530000e+01	-1.551436e-01	3.801465e+00
6.533333e+01	-1.559504e-01	3.797835e+00
6.536667e+01	-1.560346e-01	3.797456e+00
6.540000e+01	-1.556366e-01	3.799247e+00
6.543333e+01	-1.552747e-01	3.800875e+00
6.546667e+01	-1.552192e-01	3.801125e+00
6.550000e+01	-1.553844e-01	3.800381e+00
6.553333e+01	-1.555468e-01	3.799651e+00
6.556667e+01	-1.555794e-01	3.799504e+00
6.560000e+01	-1.555113e-01	3.799811e+00
6.563333e+01	-1.554388e-01	3.800137e+00
6.566667e+01	-1.554209e-01	3.800218e+00
6.570000e+01	-1.554487e-01	3.800092e+00
6.573333e+01	-1.554809e-01	3.799947e+00
6.576667e+01	-1.554903e-01	3.799905e+00
6.580000e+01	-1.554791e-01	3.799956e+00
6.583333e+01	-1.554648e-01	3.800020e+00
6.586667e+01	-1.554600e-01	3.800041e+00
6.590000e+01	-1.554645e-01	3.800021e+00
6.593333e+01	-1.554708e-01	3.799993e+00
6.596667e+01	-1.557090e-01	3.798921e+00
66	-1.572744e-01	3.791877e+00
6.603333e+01	-1.618336e-01	3.771363e+00
6.606667e+01	-1.693980e-01	3.737327e+00
6.610000e+01	-1.769912e-01	3.703161e+00
6.613333e+01	-1.810310e-01	3.684984e+00
6.616667e+01	-1.807112e-01	3.686423e+00
6.620000e+01	-1.782719e-01	3.697398e+00
6.623333e+01	-1.764788e-01	3.705467e+00
6.626667e+01	-1.764201e-01	3.705731e+00
6.630000e+01	-1.773889e-01	3.701371e+00
6.633333e+01	-1.781845e-01	3.697792e+00
6.636667e+01	-1.782546e-01	3.697476e+00
6.640000e+01	-1.778520e-01	3.699288e+00
6.643333e+01	-1.774946e-01	3.700896e+00
6.646667e+01	-1.774453e-01	3.701118e+00
6.650000e+01	-1.776129e-01	3.700364e+00
6.653333e+01	-1.777735e-01	3.699641e+00
6.656667e+01	-1.778033e-01	3.699507e+00
6.660000e+01	-1.777341e-01	3.699818e+00
6.663333e+01	-1.776622e-01	3.700142e+00
6.666667e+01	-1.776455e-01	3.700217e+00
6.670000e+01	-1.776739e-01	3.700089e+00
6.673333e+01	-1.777059e-01	3.699945e+00
6.676667e+01	-1.777148e-01	3.699905e+00
6.680000e+01	-1.777033e-01	3.699957e+00
6.683333e+01	-1.776891e-01	3.700021e+00
6.686667e+01	-1.776845e-01	3.700041e+00
6.690000e+01	-1.776891e-01	3.700021e+00
6.693333e+01	-1.776954e-01	3.699992e+00
6.696667e+01	-1.776977e-01	3.699982e+00
67	-1.776959e-01	3.699990e+00
6.703333e+01	-1.776931e-01	3.700003e+00
6.706667e+01	-1.776920e-01	3.700008e+00
6.710000e+01	-1.776927e-01	3.700005e+00
6.713333e+01	-1.776939e-01	3.699999e+00
6.716667e+01	-1.776944e-01	3.699997e+00
6.720000e+01	-1.776942e-01	3.699998e+00
6.723333e+01	-1.776937e-01	3.700000e+00
6.726667e+01	-1.779292e-01	3.698940e+00
6.730000e+01	-1.794965e-01	3.691888e+00
6.733333e+01	-1.840587e-01	3.671361e+00
6.736667e+01	-1.916244e-01	3.637318e+00
6.740000e+01	-1.992168e-01	3.603156e+00
6.743333e+01	-2.032553e-01	3.584985e+00
6.746667e+01	-2.029349e-01	3.586426e+00
6.750000e+01	-2.004959e-01	3.597401e+00
6.753333e+01	-1.987033e-01	3.605466e+00
6.756667e+01	-1.986450e-01	3.605729e+00
6.760000e+01	-1.996137e-01	3.601370e+00
6.763333e+01	-2.004090e-01	3.597792e+00
6.766667e+01	-2.004789e-01	3.597477e+00
6.770000e+01	-2.000764e-01	3.599288e+00
6.773333e+01	-1.997191e-01	3.600896e+00
6.776667e+01	-1.996699e-01	3.601117e+00
6.780000e+01	-1.998374e-01	3.600364e+00
6.783333e+01	-1.999980e-01	3.599641e+00
6.786667e+01	-2.000278e-01	3.599507e+00
6.790000e+01	-1.999586e-01	3.599818e+00
6.793333e+01	-1.998867e-01	3.600142e+00
6.796667e+01	-1.998701e-01	3.600217e+00
68	-1.998984e-01	3.600089e+00
6.803333e+01	-1.999304e-01	3.599945e+00
6.806667e+01	-1.999393e-01	3.599905e+00
6.810000e+01	-1.999278e-01	3.599957e+00
6.813333e+01	-1.999136e-01	3.600021e+00
6.816667e+01	-1.999090e-01	3.600041e+00
6.820000e+01	-1.999136e-01	3.600021e+00
6.823333e+01	-1.999199e-01	3.599992e+00
6.826667e+01	-1.999222e-01	3.599982e+00
6.830000e+01	-1.999204e-01	3.599990e+00
6.833333e+01	-1.999176e-01	3.600003e+00
6.836667e+01	-1.999165e-01	3.600008e+00
6.840000e+01	-1.999172e-01	3.600005e+00
6.843333e+01	-1.999184e-01	3.599999e+00
6.846667e+01	-1.999189e-01	3.599997e+00
6.850000e+01	-1.999187e-01	3.599998e+00
6.853333e+01	-1.999182e-01	3.600000e+00
6.856667e+01	-1.999179e-01	3.600001e+00
6.860000e+01	-1.999180e-01	3.600001e+00
6.863333e+01	-1.999182e-01	3.600000e+00
6.866667e+01	-1.999183e-01	3.599999e+00
6.870000e+01	-1.999183e-01	3.600000e+00
6.873333e+01	-1.999182e-01	3.600000e+00
6.876667e+01	-1.999181e-01	3.600000e+00
6.880000e+01	-1.999182e-01	3.600000e+00
6.883333e+01	-1.999182e-01	3.600000e+00
6.886667e+01	-1.999182e-01	3.600000e+00
6.890000e+01	-1.999182e-01	3.600000e+00
6.893333e+01	-1.999182e-01	3.600000e+00
6.896667e+01	-1.999182e-01	3.600000e+00
69	-1.999182e-01	3.600000e+00
6.903333e+01	-1.999182e-01	3.600000e+00
6.906667e+01	-1.999182e-01	3.600000e+00
6.910000e+01	-1.999182e-01	3.600000e+00
6.913333e+01	-1.999182e-01	3.600000e+00
6.916667e+01	-1.999182e-01	3.600000e+00
6.920000e+01	-1.999182e-01	3.600000e+00
6.923333e+01	-1.999182e-01	3.600000e+00
6.926667e+01	-1.999182e-01	3.600000e+00
6.930000e+01	-2.001541e-01	3.598939e+00
6.933333e+01	-2.017212e-01	3.591887e+00
6.936667e+01	-2.062832e-01	3.571361e+00
6.940000e+01	-2.138487e-01	3.537319e+00
6.943333e+01	-2.214412e-01	3.503156e+00
6.946667e+01	-2.254798e-01	3.484985e+00
6.950000e+01	-2.251594e-01	3.486426e+00
6.953333e+01	-2.227204e-01	3.497401e+00
6.956667e+01	-2.209278e-01	3.505466e+00
6.960000e+01	-2.208694e-01	3.505729e+00
6.963333e+01	-2.218381e-01	3.501370e+00
6.966667e+01	-2.226335e-01	3.497792e+00
6.970000e+01	-2.227034e-01	3.497477e+00
6.973333e+01	-2.223009e-01	3.499288e+00
6.976667e+01	-2.217078e-01	3.501957e+00
6.980000e+01	-2.200914e-01	3.509230e+00
6.983333e+01	-2.156969e-01	3.529003e+00
6.986667e+01	-2.082919e-01	3.562322e+00
6.990000e+01	-2.007293e-01	3.596351e+00
6.993333e+01	-1.966215e-01	3.614834e+00
6.996667e+01	-1.968700e-01	3.613715e+00
70	-1.992923e-01	3.602816e+00
7.003333e+01	-2.011133e-01	3.594623e+00
7.006667e+01	-2.012037e-01	3.594216e+00
7.010000e+01	-2.002438e-01	3.598535e+00
7.013333e+01	-1.994370e-01	3.602165e+00
7.016667e+01	-1.993528e-01	3.602544e+00
7.020000e+01	-1.997508e-01	3.600753e+00
7.023333e+01	-2.001127e-01	3.599125e+00
7.026667e+01	-2.001682e-01	3.598875e+00
7.030000e+01	-2.000030e-01	3.599619e+00
7.033333e+01	-1.998406e-01	3.600349e+00
7.036667e+01	-1.998080e-01	3.600496e+00
7.040000e+01	-1.998761e-01	3.600189e+00
7.043333e+01	-1.999487e-01	3.599863e+00
7.046667e+01	-1.999666e-01	3.599782e+00
7.050000e+01	-1.999387e-01	3.599908e+00
7.053333e+01	-1.999065e-01	3.600053e+00
7.056667e+01	-1.998971e-01	3.600095e+00
7.060000e+01	-1.996725e-01	3.601106e+00
7.063333e+01	-1.981196e-01	3.608093e+00
7.066667e+01	-1.935624e-01	3.628598e+00
7.070000e+01	-1.859924e-01	3.662660e+00
7.073333e+01	-1.783936e-01	3.696851e+00
7.076667e+01	-1.743526e-01	3.715033e+00
7.080000e+01	-1.746748e-01	3.713584e+00
7.083333e+01	-1.771166e-01	3.702597e+00
7.086667e+01	-1.789103e-01	3.694526e+00
7.090000e+01	-1.789680e-01	3.694266e+00
7.093333e+01	-1.779981e-01	3.698630e+00
7.096667e+01	-1.772022e-01	3.702212e+00
71	-1.771325e-01	3.702525e+00
7.103333e+01	-1.775356e-01	3.700712e+00
7.106667e+01	-1.778931e-01	3.699103e+00
7.110000e+01	-1.779423e-01	3.698882e+00
7.113333e+01	-1.777745e-01	3.699636e+00
7.116667e+01	-1.776138e-01	3.700359e+00
7.120000e+01	-1.778199e-01	3.699432e+00
7.123333e+01	-1.792205e-01	3.693130e+00
7.126667e+01	-1.822872e-01	3.679331e+00
7.130000e+01	-1.853075e-01	3.665742e+00
7.133333e+01	-1.855418e-01	3.664687e+00
7.136667e+01	-1.835231e-01	3.673771e+00
7.140000e+01	-1.837172e-01	3.672897e+00
7.143333e+01	-1.891757e-01	3.648336e+00
7.146667e+01	-1.974288e-01	3.611201e+00
7.150000e+01	-2.032061e-01	3.585206e+00
7.153333e+01	-2.039082e-01	3.582047e+00
7.156667e+01	-2.012895e-01	3.593830e+00
7.160000e+01	-1.987693e-01	3.605170e+00
7.163333e+01	-1.982402e-01	3.607550e+00
7.166667e+01	-1.992569e-01	3.602975e+00
7.170000e+01	-2.003615e-01	3.598005e+00
7.173333e+01	-2.006475e-01	3.596719e+00
7.176667e+01	-2.002368e-01	3.598567e+00
7.180000e+01	-1.997482e-01	3.600765e+00
7.183333e+01	-1.996002e-01	3.601431e+00
7.186667e+01	-1.997656e-01	3.600687e+00
7.190000e+01	-1.999816e-01	3.599715e+00
7.193333e+01	-2.000564e-01	3.599378e+00
7.196667e+01	-1.999906e-01	3.599674e+00
72	-1.998955e-01	3.600102e+00
7.203333e+01	-1.998585e-01	3.600269e+00
7.206667e+01	-1.998842e-01	3.600153e+00
7.210000e+01	-1.999259e-01	3.599965e+00
7.213333e+01	-1.999439e-01	3.599884e+00
7.216667e+01	-1.999340e-01	3.599929e+00
7.220000e+01	-1.999158e-01	3.600011e+00
7.223333e+01	-1.999072e-01	3.600050e+00
7.226667e+01	-1.999109e-01	3.600033e+00
7.230000e+01	-1.999188e-01	3.599997e+00
7.233333e+01	-1.999229e-01	3.599979e+00
7.236667e+01	-1.999216e-01	3.599985e+00
7.240000e+01	-1.999181e-01	3.600000e+00
7.243333e+01	-1.999162e-01	3.600009e+00
7.246667e+01	-1.999167e-01	3.600007e+00
7.250000e+01	-1.999181e-01	3.600000e+00
7.253333e+01	-1.999190e-01	3.599996e+00
7.256667e+01	-1.996831e-01	3.601058e+00
7.260000e+01	-1.981153e-01	3.608112e+00
7.263333e+01	-1.935529e-01	3.628641e+00
7.266667e+01	-1.859874e-01	3.662682e+00
7.270000e+01	-1.783951e-01	3.696844e+00
7.273333e+01	-1.743568e-01	3.715015e+00
7.276667e+01	-1.746771e-01	3.713573e+00
7.280000e+01	-1.771160e-01	3.702599e+00
7.283333e+01	-1.789085e-01	3.694534e+00
7.286667e+01	-1.789669e-01	3.694271e+00
7.290000e+01	-1.779982e-01	3.698630e+00
7.293333e+01	-1.772030e-01	3.702208e+00
7.296667e+01	-1.771330e-01	3.702523e+00
73	-1.775355e-01	3.700712e+00
7.303333e+01	-1.778928e-01	3.699104e+00
7.306667e+01	-1.779420e-01	3.698883e+00
7.310000e+01	-1.777745e-01	3.699636e+00
7.313333e+01	-1.776140e-01	3.700359e+00
7.316667e+01	-1.775841e-01	3.700493e+00
7.320000e+01	-1.776533e-01	3.700182e+00
7.323333e+01	-1.777252e-01	3.699858e+00
7.326667e+01	-1.777419e-01	3.699783e+00
7.330000e+01	-1.777135e-01	3.699911e+00
7.333333e+01	-1.776815e-01	3.700055e+00
7.336667e+01	-1.776726e-01	3.700095e+00
7.340000e+01	-1.776841e-01	3.700043e+00
7.343333e+01	-1.776983e-01	3.699979e+00
7.346667e+01	-1.777029e-01	3.699959e+00
7.350000e+01	-1.776983e-01	3.699979e+00
7.353333e+01	-1.776920e-01	3.700008e+00
7.356667e+01	-1.774539e-01	3.701079e+00
7.360000e+01	-1.758886e-01	3.708122e+00
7.363333e+01	-1.713293e-01	3.728637e+00
7.366667e+01	-1.637649e-01	3.762673e+00
7.370000e+01	-1.561717e-01	3.796839e+00
7.373333e+01	-1.521319e-01	3.815016e+00
7.376667e+01	-1.524518e-01	3.813577e+00
7.380000e+01	-1.548910e-01	3.802602e+00
7.383333e+01	-1.566841e-01	3.794533e+00
7.386667e+01	-1.567428e-01	3.794269e+00
7.390000e+01	-1.557740e-01	3.798629e+00
7.393333e+01	-1.549784e-01	3.802208e+00
7.396667e+01	-1.549083e-01	3.802524e+00
74	-1.553109e-01	3.800712e+00
7.403333e+01	-1.556683e-01	3.799104e+00
7.406667e+01	-1.557176e-01	3.798882e+00
7.410000e+01	-1.555501e-01	3.799636e+00
7.413333e+01	-1.553895e-01	3.800359e+00
7.416667e+01	-1.553596e-01	3.800493e+00
7.420000e+01	-1.554288e-01	3.800182e+00
7.423333e+01	-1.555007e-01	3.799858e+00
7.426667e+01	-1.555174e-01	3.799783e+00
7.430000e+01	-1.554890e-01	3.799911e+00
7.433333e+01	-1.554570e-01	3.800055e+00
7.436667e+01	-1.554481e-01	3.800095e+00
7.440000e+01	-1.554596e-01	3.800043e+00
7.443333e+01	-1.557097e-01	3.798918e+00
7.446667e+01	-1.572814e-01	3.791846e+00
7.450000e+01	-1.616029e-01	3.772401e+00
7.453333e+01	-1.675951e-01	3.745439e+00
7.456667e+01	-1.706233e-01	3.731814e+00
7.460000e+01	-1.670981e-01	3.747675e+00
7.463333e+01	-1.591880e-01	3.783267e+00
7.466667e+01	-1.529474e-01	3.811347e+00
7.470000e+01	-1.530416e-01	3.810923e+00
7.473333e+01	-1.599830e-01	3.779690e+00
7.476667e+01	-1.703093e-01	3.733226e+00
7.480000e+01	-1.787558e-01	3.695221e+00
7.483333e+01	-1.818962e-01	3.681091e+00
7.486667e+01	-1.803782e-01	3.687921e+00
7.490000e+01	-1.772759e-01	3.701880e+00
7.493333e+01	-1.742693e-01	3.715408e+00
7.496667e+01	-1.701737e-01	3.733837e+00
75	-1.637866e-01	3.762576e+00
7.503333e+01	-1.568519e-01	3.793779e+00
7.506667e+01	-1.526535e-01	3.812669e+00
7.510000e+01	-1.524697e-01	3.813497e+00
7.513333e+01	-1.546039e-01	3.803894e+00
7.516667e+01	-1.566833e-01	3.794537e+00
7.520000e+01	-1.585250e-01	3.786250e+00
7.523333e+01	-1.622594e-01	3.769447e+00
7.526667e+01	-1.690160e-01	3.739046e+00
7.530000e+01	-1.764462e-01	3.705613e+00
7.533333e+01	-1.808224e-01	3.685922e+00
7.536667e+01	-1.808614e-01	3.685747e+00
7.540000e+01	-1.785108e-01	3.696323e+00
7.543333e+01	-1.765804e-01	3.705009e+00
7.546667e+01	-1.761264e-01	3.707052e+00
7.550000e+01	-1.754816e-01	3.709954e+00
7.553333e+01	-1.717707e-01	3.726651e+00
7.556667e+01	-1.643458e-01	3.760059e+00
7.560000e+01	-1.563744e-01	3.795927e+00
7.563333e+01	-1.519563e-01	3.815807e+00
7.566667e+01	-1.521962e-01	3.814727e+00
7.570000e+01	-1.547910e-01	3.803052e+00
7.573333e+01	-1.567529e-01	3.794224e+00
7.576667e+01	-1.568548e-01	3.793765e+00
7.580000e+01	-1.558226e-01	3.798410e+00
7.583333e+01	-1.549521e-01	3.802327e+00
7.586667e+01	-1.548595e-01	3.802744e+00
7.590000e+01	-1.552876e-01	3.800817e+00
7.593333e+01	-1.556782e-01	3.799060e+00
7.596667e+01	-1.557388e-01	3.798787e+00
76	-1.555611e-01	3.799586e+00
7.603333e+01	-1.553859e-01	3.800375e+00
7.606667e+01	-1.553504e-01	3.800535e+00
7.610000e+01	-1.554236e-01	3.800205e+00
7.613333e+01	-1.555019e-01	3.799853e+00
7.616667e+01	-1.555213e-01	3.799765e+00
7.620000e+01	-1.554915e-01	3.799900e+00
7.623333e+01	-1.554566e-01	3.800057e+00
7.626667e+01	-1.554465e-01	3.800102e+00
7.630000e+01	-1.554585e-01	3.800048e+00
7.633333e+01	-1.554739e-01	3.799979e+00
7.636667e+01	-1.554791e-01	3.799955e+00
7.640000e+01	-1.554743e-01	3.799977e+00
7.643333e+01	-1.554675e-01	3.800008e+00
7.646667e+01	-1.554649e-01	3.800019e+00
7.650000e+01	-1.554668e-01	3.800011e+00
7.653333e+01	-1.554698e-01	3.799997e+00
7.656667e+01	-1.554711e-01	3.799992e+00
7.660000e+01	-1.554703e-01	3.799995e+00
7.663333e+01	-1.554690e-01	3.800001e+00
7.666667e+01	-1.554684e-01	3.800004e+00
7.670000e+01	-1.554687e-01	3.800002e+00
7.673333e+01	-1.554693e-01	3.800000e+00
7.676667e+01	-1.554696e-01	3.799998e+00
7.680000e+01	-1.554695e-01	3.799999e+00
7.683333e+01	-1.554692e-01	3.800000e+00
7.686667e+01	-1.554691e-01	3.800001e+00
7.690000e+01	-1.554691e-01	3.800000e+00
7.693333e+01	-1.554692e-01	3.800000e+00
7.696667e+01	-1.554693e-01	3.800000e+00
77	-1.554693e-01	3.800000e+00
7.703333e+01	-1.554692e-01	3.800000e+00
7.706667e+01	-1.554692e-01	3.800000e+00
7.710000e+01	-1.554692e-01	3.800000e+00
7.713333e+01	-1.554692e-01	3.800000e+00
7.716667e+01	-1.554692e-01	3.800000e+00
7.720000e+01	-1.554692e-01	3.800000e+00
7.723333e+01	-1.554692e-01	3.800000e+00
7.726667e+01	-1.554692e-01	3.800000e+00
7.730000e+01	-1.554692e-01	3.800000e+00
7.733333e+01	-1.554692e-01	3.800000e+00
7.736667e+01	-1.554692e-01	3.800000e+00
7.740000e+01	-1.554692e-01	3.800000e+00
7.743333e+01	-1.554692e-01	3.800000e+00
7.746667e+01	-1.554692e-01	3.800000e+00
7.750000e+01	-1.554692e-01	3.800000e+00
7.753333e+01	-1.554692e-01	3.800000e+00
7.756667e+01	-1.554692e-01	3.800000e+00
7.760000e+01	-1.554692e-01	3.800000e+00
7.763333e+01	-1.554692e-01	3.800000e+00
7.766667e+01	-1.554692e-01	3.800000e+00
7.770000e+01	-1.554692e-01	3.800000e+00
7.773333e+01	-1.554692e-01	3.800000e+00
7.776667e+01	-1.554692e-01	3.800000e+00
7.780000e+01	-1.554692e-01	3.800000e+00
7.783333e+01	-1.554692e-01	3.800000e+00
7.786667e+01	-1.554692e-01	3.800000e+00
7.790000e+01	-1.554692e-01	3.800000e+00
7.793333e+01	-1.554692e-01	3.800000e+00
7.796667e+01	-1.554692e-01	3.800000e+00
78	-1.554692e-01	3.800000e+00
7.803333e+01	-1.554692e-01	3.800000e+00
7.806667e+01	-1.554692e-01	3.800000e+00
7.810000e+01	-1.554692e-01	3.800000e+00
7.813333e+01	-1.554692e-01	3.800000e+00
7.816667e+01	-1.554692e-01	3.800000e+00
7.820000e+01	-1.554692e-01	3.800000e+00
7.823333e+01	-1.554692e-01	3.800000e+00
7.826667e+01	-1.554692e-01	3.800000e+00
7.830000e+01	-1.554692e-01	3.800000e+00
7.833333e+01	-1.554692e-01	3.800000e+00
7.836667e+01	-1.554692e-01	3.800000e+00
7.840000e+01	-1.554692e-01	3.800000e+00
7.843333e+01	-1.554692e-01	3.800000e+00
7.846667e+01	-1.554692e-01	3.800000e+00
7.850000e+01	-1.554692e-01	3.800000e+00
7.853333e+01	-1.554692e-01	3.800000e+00
7.856667e+01	-1.554692e-01	3.800000e+00
7.860000e+01	-1.554692e-01	3.800000e+00
7.863333e+01	-1.554692e-01	3.800000e+00
7.866667e+01	-1.554692e-01	3.800000e+00
7.870000e+01	-1.554692e-01	3.800000e+00
7.873333e+01	-1.554692e-01	3.800000e+00
7.876667e+01	-1.554692e-01	3.800000e+00
7.880000e+01	-1.554692e-01	3.800000e+00
7.883333e+01	-1.554692e-01	3.800000e+00
7.886667e+01	-1.554692e-01	3.800000e+00
7.890000e+01	-1.554692e-01	3.800000e+00
7.893333e+01	-1.554692e-01	3.800000e+00
7.896667e+01	-1.554692e-01	3.800000e+00
79	-1.554692e-01	3.800000e+00
7.903333e+01	-1.554692e-01	3.800000e+00
7.906667e+01	-1.554692e-01	3.800000e+00
7.910000e+01	-1.552334e-01	3.801061e+00
7.913333e+01	-1.536662e-01	3.808113e+00
7.916667e+01	-1.491042e-01	3.828639e+00
7.920000e+01	-1.415387e-01	3.862681e+00
7.923333e+01	-1.339462e-01	3.896844e+00
7.926667e+01	-1.299076e-01	3.915015e+00
7.930000e+01	-1.302280e-01	3.913574e+00
7.933333e+01	-1.326670e-01	3.902599e+00
7.936667e+01	-1.344596e-01	3.894534e+00
7.940000e+01	-1.345180e-01	3.894271e+00
7.943333e+01	-1.335493e-01	3.898630e+00
7.946667e+01	-1.327539e-01	3.902208e+00
7.950000e+01	-1.326840e-01	3.902523e+00
7.953333e+01	-1.330865e-01	3.900712e+00
7.956667e+01	-1.334438e-01	3.899104e+00
7.960000e+01	-1.334931e-01	3.898883e+00
7.963333e+01	-1.333255e-01	3.899636e+00
7.966667e+01	-1.331650e-01	3.900359e+00
7.970000e+01	-1.331351e-01	3.900493e+00
7.973333e+01	-1.332044e-01	3.900182e+00
7.976667e+01	-1.332762e-01	3.899858e+00
7.980000e+01	-1.332929e-01	3.899783e+00
7.983333e+01	-1.332645e-01	3.899911e+00
7.986667e+01	-1.332325e-01	3.900055e+00
7.990000e+01	-1.332237e-01	3.900095e+00
7.993333e+01	-1.332352e-01	3.900043e+00
7.996667e+01	-1.332493e-01	3.899979e+00
80	-1.332539e-01	3.899959e+00
8.003333e+01	-1.332493e-01	3.899979e+00
8.006667e+01	-1.332430e-01	3.900008e+00
8.010000e+01	-1.332407e-01	3.900018e+00
8.013333e+01	-1.332426e-01	3.900010e+00
8.016667e+01	-1.332453e-01	3.899997e+00
8.020000e+01	-1.334823e-01	3.898931e+00
8.023333e+01	-1.350487e-01	3.891883e+00
8.026667e+01	-1.396095e-01	3.871361e+00
8.030000e+01	-1.471745e-01	3.837322e+00
8.033333e+01	-1.547673e-01	3.803158e+00
8.036667e+01	-1.588064e-01	3.784984e+00
8.040000e+01	-1.584862e-01	3.786425e+00
8.043333e+01	-1.560471e-01	3.797400e+00
8.046667e+01	-1.542543e-01	3.805466e+00
8.050000e+01	-1.541958e-01	3.805730e+00
8.053333e+01	-1.551646e-01	3.801371e+00
8.056667e+01	-1.559600e-01	3.797792e+00
8.060000e+01	-1.560300e-01	3.797477e+00
8.063333e+01	-1.553916e-01	3.800349e+00
8.066667e+01	-1.534671e-01	3.809009e+00
8.070000e+01	-1.488559e-01	3.829757e+00
8.073333e+01	-1.414579e-01	3.863045e+00
8.076667e+01	-1.340260e-01	3.896485e+00
8.080000e+01	-1.300172e-01	3.914522e+00
8.083333e+01	-1.302684e-01	3.913392e+00
8.086667e+01	-1.328714e-01	3.901680e+00
8.090000e+01	-1.362144e-01	3.886638e+00
8.093333e+01	-1.408631e-01	3.865721e+00
8.096667e+01	-1.474920e-01	3.835894e+00
81	-1.542980e-01	3.805270e+00
8.103333e+01	-1.582552e-01	3.787465e+00
8.106667e+01	-1.583231e-01	3.787159e+00
8.110000e+01	-1.562369e-01	3.796546e+00
8.113333e+01	-1.544981e-01	3.804370e+00
8.116667e+01	-1.542784e-01	3.805358e+00
8.120000e+01	-1.550889e-01	3.801711e+00
8.123333e+01	-1.558526e-01	3.798275e+00
8.126667e+01	-1.559890e-01	3.797661e+00
8.130000e+01	-1.556572e-01	3.799154e+00
8.133333e+01	-1.553173e-01	3.800684e+00
8.136667e+01	-1.552409e-01	3.801027e+00
8.140000e+01	-1.556128e-01	3.799354e+00
8.143333e+01	-1.573314e-01	3.791621e+00
8.146667e+01	-1.619342e-01	3.770911e+00
8.150000e+01	-1.694444e-01	3.737118e+00
8.153333e+01	-1.769697e-01	3.703258e+00
8.156667e+01	-1.812231e-01	3.684119e+00
8.160000e+01	-1.824921e-01	3.678410e+00
8.163333e+01	-1.846447e-01	3.668724e+00
8.166667e+01	-1.904283e-01	3.642700e+00
8.170000e+01	-1.979536e-01	3.608840e+00
0	0	0
0	0	0
