0	1.881810e-02	4.597151e+00
3.333333e-02	2.278600e-02	4.615055e+00
6.666667e-02	2.242536e-02	4.613427e+00
1.000000e-01	1.999504e-02	4.602461e+00
1.333333e-01	1.799753e-02	4.593448e+00
1.666667e-01	1.639540e-02	4.586219e+00
2.000000e-01	1.281254e-02	4.570052e+00
2.333333e-01	5.815530e-03	4.538480e+00
2.666667e-01	-3.257127e-03	4.497542e+00
3.000000e-01	-1.200032e-02	4.458091e+00
3.333333e-01	-1.801419e-02	4.430955e+00
3.666667e-01	-1.864922e-02	4.428089e+00
4.000000e-01	-1.317710e-02	4.452781e+00
4.333333e-01	-5.070040e-03	4.489362e+00
4.666667e-01	4.513520e-04	4.514275e+00
5.000000e-01	1.056978e-03	4.517008e+00
5.333333e-01	-1.457578e-03	4.505662e+00
5.666667e-01	-3.825551e-03	4.494977e+00
6.000000e-01	-4.292123e-03	4.492872e+00
6.333333e-01	-3.080034e-03	4.498341e+00
6.666667e-01	-4.813709e-04	4.510067e+00
7.000000e-01	4.322175e-03	4.531742e+00
7.333333e-01	1.147036e-02	4.563996e+00
7.666667e-01	1.858274e-02	4.596089e+00
8.000000e-01	2.247706e-02	4.613661e+00
8.333333e-01	2.231771e-02	4.612942e+00
8.666667e-01	2.008863e-02	4.602884e+00
9.000000e-01	1.836874e-02	4.595123e+00
9.333333e-01	1.824655e-02	4.594572e+00
9.666667e-01	1.912300e-02	4.598526e+00
1	1.988241e-02	4.601953e+00
1.033333e+00	1.997734e-02	4.602381e+00
1.066667e+00	1.961525e-02	4.600748e+00
1.100000e+00	1.927542e-02	4.599214e+00
1.133333e+00	1.945179e-02	4.600010e+00
1.166667e+00	2.116441e-02	4.607738e+00
1.200000e+00	2.586571e-02	4.628951e+00
1.233333e+00	3.344340e-02	4.663143e+00
1.266667e+00	4.095296e-02	4.697028e+00
1.300000e+00	4.491232e-02	4.714894e+00
1.333333e+00	4.457486e-02	4.713371e+00
1.366667e+00	4.216775e-02	4.702510e+00
1.400000e+00	4.041034e-02	4.694580e+00
1.433333e+00	4.036142e-02	4.694359e+00
1.466667e+00	4.131734e-02	4.698673e+00
1.500000e+00	4.186194e-02	4.701130e+00
1.533333e+00	4.036427e-02	4.694372e+00
1.566667e+00	3.541772e-02	4.672052e+00
1.600000e+00	2.754110e-02	4.636511e+00
1.633333e+00	2.006152e-02	4.602761e+00
1.666667e+00	1.668804e-02	4.587539e+00
1.700000e+00	1.823362e-02	4.594513e+00
1.733333e+00	2.234536e-02	4.613066e+00
1.766667e+00	2.602520e-02	4.629671e+00
1.800000e+00	2.794907e-02	4.638352e+00
1.833333e+00	2.871607e-02	4.641813e+00
1.866667e+00	2.956260e-02	4.645632e+00
1.900000e+00	3.113136e-02	4.652711e+00
1.933333e+00	3.322276e-02	4.662148e+00
1.966667e+00	3.531009e-02	4.671566e+00
2	3.709301e-02	4.679611e+00
2.033333e+00	3.862033e-02	4.686503e+00
2.066667e+00	4.001599e-02	4.692801e+00
2.100000e+00	4.118988e-02	4.698097e+00
2.133333e+00	4.189113e-02	4.701262e+00
2.166667e+00	4.202089e-02	4.701847e+00
2.200000e+00	4.178725e-02	4.700793e+00
2.233333e+00	4.152958e-02	4.699630e+00
2.266667e+00	4.121646e-02	4.698217e+00
2.300000e+00	3.973556e-02	4.691535e+00
2.333333e+00	3.529456e-02	4.671496e+00
2.366667e+00	2.778847e-02	4.637627e+00
2.400000e+00	2.018535e-02	4.603320e+00
2.433333e+00	1.611100e-02	4.584936e+00
2.466667e+00	1.641186e-02	4.586293e+00
2.500000e+00	1.885652e-02	4.597324e+00
2.533333e+00	2.066469e-02	4.605483e+00
2.566667e+00	2.073195e-02	4.605786e+00
2.600000e+00	1.976117e-02	4.601406e+00
2.633333e+00	1.895908e-02	4.597787e+00
2.666667e+00	1.888499e-02	4.597452e+00
2.700000e+00	1.928817e-02	4.599272e+00
2.733333e+00	1.988357e-02	4.601958e+00
2.766667e+00	2.149745e-02	4.609240e+00
2.800000e+00	2.587888e-02	4.629011e+00
2.833333e+00	3.326136e-02	4.662322e+00
2.866667e+00	4.080175e-02	4.696346e+00
2.900000e+00	4.466304e-02	4.713769e+00
2.933333e+00	4.285318e-02	4.705603e+00
2.966667e+00	3.588898e-02	4.674179e+00
3	2.652883e-02	4.631943e+00
3.033333e+00	1.886728e-02	4.597373e+00
3.066667e+00	1.579699e-02	4.583519e+00
3.100000e+00	1.668587e-02	4.587529e+00
3.133333e+00	1.763932e-02	4.591832e+00
3.166667e+00	1.448096e-02	4.577580e+00
3.200000e+00	6.634010e-03	4.542173e+00
3.233333e+00	-1.958476e-03	4.503402e+00
3.266667e+00	-6.614046e-03	4.482395e+00
3.300000e+00	-6.202405e-03	4.484252e+00
3.333333e+00	-3.336330e-03	4.497185e+00
3.366667e+00	-1.260382e-03	4.506552e+00
3.400000e+00	-1.225418e-03	4.506709e+00
3.433333e+00	-2.376317e-03	4.501516e+00
3.466667e+00	-3.301787e-03	4.497340e+00
3.500000e+00	-3.369125e-03	4.497037e+00
3.533333e+00	-2.889324e-03	4.499202e+00
3.566667e+00	-2.472578e-03	4.501082e+00
3.600000e+00	-2.421106e-03	4.501314e+00
3.633333e+00	-2.621211e-03	4.500411e+00
3.666667e+00	-2.808754e-03	4.499565e+00
3.700000e+00	-2.841070e-03	4.499419e+00
3.733333e+00	-2.758205e-03	4.499793e+00
3.766667e+00	-2.674166e-03	4.500172e+00
3.800000e+00	-2.655748e-03	4.500255e+00
3.833333e+00	-2.689772e-03	4.500102e+00
3.866667e+00	-2.727256e-03	4.499933e+00
3.900000e+00	-2.737167e-03	4.499888e+00
3.933333e+00	-2.723330e-03	4.499951e+00
3.966667e+00	-2.706687e-03	4.500026e+00
4	-2.701553e-03	4.500049e+00
4.033333e+00	-2.707118e-03	4.500024e+00
4.066667e+00	-2.949655e-03	4.498929e+00
4.100000e+00	-4.514984e-03	4.491866e+00
4.133333e+00	-9.061911e-03	4.471349e+00
4.166667e+00	-1.660295e-02	4.437322e+00
4.200000e+00	-2.417278e-02	4.403166e+00
4.233333e+00	-2.820086e-02	4.384990e+00
4.266667e+00	-2.788279e-02	4.386425e+00
4.300000e+00	-2.545127e-02	4.397397e+00
4.333333e+00	-2.366340e-02	4.405464e+00
4.366667e+00	-2.360456e-02	4.405729e+00
4.400000e+00	-2.457025e-02	4.401372e+00
4.433333e+00	-2.536346e-02	4.397793e+00
4.466667e+00	-2.543349e-02	4.397477e+00
4.500000e+00	-2.503223e-02	4.399287e+00
4.533333e+00	-2.444070e-02	4.401957e+00
4.566667e+00	-2.282876e-02	4.409230e+00
4.600000e+00	-1.844662e-02	4.429003e+00
4.633333e+00	-1.106246e-02	4.462322e+00
4.666667e+00	-3.521161e-03	4.496351e+00
4.700000e+00	5.750604e-04	4.514834e+00
4.733333e+00	3.272188e-04	4.513715e+00
4.766667e+00	-2.088271e-03	4.502816e+00
4.800000e+00	-3.904063e-03	4.494623e+00
4.833333e+00	-3.994203e-03	4.494216e+00
4.866667e+00	-3.037067e-03	4.498535e+00
4.900000e+00	-2.232518e-03	4.502165e+00
4.933333e+00	-2.148604e-03	4.502544e+00
4.966667e+00	-2.545462e-03	4.500753e+00
5	-3.141536e-03	4.498063e+00
5.033333e+00	-4.759611e-03	4.490762e+00
5.066667e+00	-9.143959e-03	4.470979e+00
5.100000e+00	-1.652632e-02	4.437668e+00
5.133333e+00	-2.406493e-02	4.403652e+00
5.166667e+00	-2.816006e-02	4.385174e+00
5.200000e+00	-2.791292e-02	4.386289e+00
5.233333e+00	-2.549861e-02	4.397183e+00
5.266667e+00	-2.368334e-02	4.405374e+00
5.300000e+00	-2.359294e-02	4.405782e+00
5.333333e+00	-2.454956e-02	4.401465e+00
5.366667e+00	-2.535385e-02	4.397836e+00
5.400000e+00	-2.520269e-02	4.398518e+00
5.433333e+00	-2.324331e-02	4.407359e+00
5.466667e+00	-1.833340e-02	4.429514e+00
5.500000e+00	-1.073376e-02	4.463806e+00
5.533333e+00	-3.327342e-03	4.497225e+00
5.566667e+00	5.380250e-04	4.514667e+00
5.600000e+00	1.860208e-04	4.513078e+00
5.633333e+00	-2.178257e-03	4.502410e+00
5.666667e+00	-3.893470e-03	4.494671e+00
5.700000e+00	-4.169035e-03	4.493427e+00
5.733333e+00	-4.793500e-03	4.490609e+00
5.766667e+00	-8.581714e-03	4.473516e+00
5.800000e+00	-1.606559e-02	4.439747e+00
5.833333e+00	-2.402691e-02	4.403824e+00
5.866667e+00	-2.839619e-02	4.384108e+00
5.900000e+00	-2.812102e-02	4.385350e+00
5.933333e+00	-2.552627e-02	4.397058e+00
5.966667e+00	-2.358492e-02	4.405818e+00
6	-2.349931e-02	4.406204e+00
6.033333e+00	-2.453257e-02	4.401542e+00
6.066667e+00	-2.539455e-02	4.397653e+00
6.100000e+00	-2.547979e-02	4.397268e+00
6.133333e+00	-2.505079e-02	4.399204e+00
6.166667e+00	-2.466378e-02	4.400950e+00
6.200000e+00	-2.460641e-02	4.401209e+00
6.233333e+00	-2.478468e-02	4.400404e+00
6.266667e+00	-2.495841e-02	4.399621e+00
6.300000e+00	-2.499244e-02	4.399467e+00
6.333333e+00	-2.468373e-02	4.400860e+00
6.366667e+00	-2.304332e-02	4.408262e+00
6.400000e+00	-1.847540e-02	4.428873e+00
6.433333e+00	-1.096118e-02	4.462779e+00
6.466667e+00	-3.424637e-03	4.496786e+00
6.500000e+00	5.926856e-04	4.514913e+00
6.533333e+00	2.853530e-04	4.513526e+00
6.566667e+00	-2.131482e-03	4.502621e+00
6.600000e+00	-3.913963e-03	4.494578e+00
6.633333e+00	-3.977046e-03	4.494293e+00
6.666667e+00	-3.252993e-03	4.497561e+00
6.700000e+00	-4.025162e-03	4.494076e+00
6.733333e+00	-8.502623e-03	4.473873e+00
6.766667e+00	-1.644533e-02	4.438034e+00
6.800000e+00	-2.437151e-02	4.402269e+00
6.833333e+00	-2.844856e-02	4.383872e+00
6.866667e+00	-2.796330e-02	4.386062e+00
6.900000e+00	-2.537165e-02	4.397756e+00
6.933333e+00	-2.355408e-02	4.405957e+00
6.966667e+00	-2.356432e-02	4.405911e+00
7	-2.460167e-02	4.401230e+00
7.033333e+00	-2.541150e-02	4.397576e+00
7.066667e+00	-2.545323e-02	4.397388e+00
7.100000e+00	-2.502005e-02	4.399342e+00
7.133333e+00	-2.465487e-02	4.400990e+00
7.166667e+00	-2.461714e-02	4.401160e+00
7.200000e+00	-2.479830e-02	4.400343e+00
7.233333e+00	-2.496295e-02	4.399600e+00
7.266667e+00	-2.498815e-02	4.399486e+00
7.300000e+00	-2.491291e-02	4.399826e+00
7.333333e+00	-2.483899e-02	4.400159e+00
7.366667e+00	-2.482415e-02	4.400226e+00
7.400000e+00	-2.485515e-02	4.400086e+00
7.433333e+00	-2.488818e-02	4.399937e+00
7.466667e+00	-2.489633e-02	4.399901e+00
7.500000e+00	-2.488367e-02	4.399958e+00
7.533333e+00	-2.486898e-02	4.400024e+00
7.566667e+00	-2.486470e-02	4.400043e+00
7.600000e+00	-2.486981e-02	4.400020e+00
7.633333e+00	-2.487632e-02	4.399991e+00
7.666667e+00	-2.511368e-02	4.398920e+00
7.700000e+00	-2.667438e-02	4.391878e+00
7.733333e+00	-3.122064e-02	4.371364e+00
7.766667e+00	-3.876384e-02	4.337327e+00
7.800000e+00	-4.633575e-02	4.303161e+00
7.833333e+00	-5.036423e-02	4.284983e+00
7.866667e+00	-5.004527e-02	4.286423e+00
7.900000e+00	-4.761281e-02	4.297398e+00
7.933333e+00	-4.582473e-02	4.305467e+00
7.966667e+00	-4.576625e-02	4.305731e+00
8	-4.673235e-02	4.301371e+00
8.033333e+00	-4.752568e-02	4.297792e+00
8.066667e+00	-4.759557e-02	4.297476e+00
8.100000e+00	-4.719412e-02	4.299288e+00
8.133333e+00	-4.683771e-02	4.300896e+00
8.166667e+00	-4.678857e-02	4.301118e+00
8.200000e+00	-4.695565e-02	4.300364e+00
8.233333e+00	-4.711579e-02	4.299641e+00
8.266667e+00	-4.714558e-02	4.299507e+00
8.300000e+00	-4.707654e-02	4.299818e+00
8.333333e+00	-4.700488e-02	4.300142e+00
8.366667e+00	-4.698823e-02	4.300217e+00
8.400000e+00	-4.701650e-02	4.300089e+00
8.433333e+00	-4.704843e-02	4.299945e+00
8.466667e+00	-4.705727e-02	4.299905e+00
8.500000e+00	-4.704581e-02	4.299957e+00
8.533333e+00	-4.703166e-02	4.300021e+00
8.566667e+00	-4.702711e-02	4.300041e+00
8.600000e+00	-4.703171e-02	4.300021e+00
8.633333e+00	-4.703795e-02	4.299992e+00
8.666667e+00	-4.704023e-02	4.299982e+00
8.700000e+00	-4.703841e-02	4.299990e+00
8.733333e+00	-4.703567e-02	4.300003e+00
8.766667e+00	-4.703455e-02	4.300008e+00
8.800000e+00	-4.703525e-02	4.300005e+00
8.833333e+00	-4.703646e-02	4.299999e+00
8.866667e+00	-4.703700e-02	4.299997e+00
8.900000e+00	-4.703673e-02	4.299998e+00
8.933333e+00	-4.703621e-02	4.300000e+00
8.966667e+00	-4.703595e-02	4.300001e+00
9	-4.703605e-02	4.300001e+00
9.033333e+00	-4.703627e-02	4.300000e+00
9.066667e+00	-4.703640e-02	4.299999e+00
9.100000e+00	-4.703636e-02	4.300000e+00
9.133333e+00	-4.703626e-02	4.300000e+00
9.166667e+00	-4.703621e-02	4.300000e+00
9.200000e+00	-4.703622e-02	4.300000e+00
9.233333e+00	-4.680108e-02	4.301061e+00
9.266667e+00	-4.523837e-02	4.308113e+00
9.300000e+00	-4.068923e-02	4.328639e+00
9.333333e+00	-3.314493e-02	4.362681e+00
9.366667e+00	-2.557381e-02	4.396844e+00
9.400000e+00	-2.154659e-02	4.415015e+00
9.433333e+00	-2.186609e-02	4.413574e+00
9.466667e+00	-2.429824e-02	4.402599e+00
9.500000e+00	-2.585059e-02	4.395595e+00
9.533333e+00	-2.434608e-02	4.402384e+00
9.566667e+00	-1.883095e-02	4.427269e+00
9.600000e+00	-1.049358e-02	4.464889e+00
9.633333e+00	-2.852715e-03	4.499367e+00
9.666667e+00	7.731052e-04	4.515727e+00
9.700000e+00	9.731235e-05	4.512678e+00
9.733333e+00	-2.383920e-03	4.501482e+00
9.766667e+00	-4.004391e-03	4.494170e+00
9.800000e+00	-3.667336e-03	4.495691e+00
9.833333e+00	-1.108853e-03	4.507235e+00
9.866667e+00	4.164347e-03	4.531029e+00
9.900000e+00	1.170674e-02	4.565062e+00
9.933333e+00	1.862463e-02	4.596278e+00
9.966667e+00	2.076108e-02	4.605918e+00
10	1.587528e-02	4.583872e+00
1.003333e+01	6.074767e-03	4.539650e+00
1.006667e+01	-3.135240e-03	4.498092e+00
1.010000e+01	-7.205085e-03	4.479728e+00
1.013333e+01	-5.993177e-03	4.485196e+00
1.016667e+01	-2.834989e-03	4.499447e+00
1.020000e+01	-9.880788e-04	4.507780e+00
1.023333e+01	-1.300711e-03	4.506370e+00
1.026667e+01	-2.592903e-03	4.500539e+00
1.030000e+01	-3.428985e-03	4.496766e+00
1.033333e+01	-3.344264e-03	4.497149e+00
1.036667e+01	-2.796208e-03	4.499622e+00
1.040000e+01	-2.413489e-03	4.501349e+00
1.043333e+01	-2.428296e-03	4.501282e+00
1.046667e+01	-2.661024e-03	4.500232e+00
1.050000e+01	-2.836008e-03	4.499442e+00
1.053333e+01	-2.839567e-03	4.499426e+00
1.056667e+01	-2.741273e-03	4.499870e+00
1.060000e+01	-2.661677e-03	4.500229e+00
1.063333e+01	-2.655678e-03	4.500256e+00
1.066667e+01	-2.696933e-03	4.500070e+00
1.070000e+01	-2.732945e-03	4.499907e+00
1.073333e+01	-2.737519e-03	4.499887e+00
1.076667e+01	-2.720320e-03	4.499964e+00
1.080000e+01	-2.704110e-03	4.500037e+00
1.083333e+01	-2.701259e-03	4.500050e+00
1.086667e+01	-2.708375e-03	4.500018e+00
1.090000e+01	-2.715636e-03	4.499985e+00
1.093333e+01	-2.717253e-03	4.499978e+00
1.096667e+01	-2.714333e-03	4.499991e+00
11	-2.711096e-03	4.500006e+00
1.103333e+01	-2.710229e-03	4.500010e+00
1.106667e+01	-2.711415e-03	4.500004e+00
1.110000e+01	-2.712852e-03	4.499998e+00
1.113333e+01	-2.713300e-03	4.499996e+00
1.116667e+01	-2.712823e-03	4.499998e+00
1.120000e+01	-2.712188e-03	4.500001e+00
1.123333e+01	-2.711963e-03	4.500002e+00
1.126667e+01	-2.712152e-03	4.500001e+00
1.130000e+01	-2.712431e-03	4.500000e+00
1.133333e+01	-2.712542e-03	4.499999e+00
1.136667e+01	-2.947649e-03	4.498938e+00
1.140000e+01	-4.510267e-03	4.491887e+00
1.143333e+01	-9.059350e-03	4.471361e+00
1.146667e+01	-1.660365e-02	4.437319e+00
1.150000e+01	-2.417481e-02	4.403156e+00
1.153333e+01	-2.820206e-02	4.384984e+00
1.156667e+01	-2.788256e-02	4.386426e+00
1.160000e+01	-2.545039e-02	4.397401e+00
1.163333e+01	-2.366285e-02	4.405466e+00
1.166667e+01	-2.360462e-02	4.405729e+00
1.170000e+01	-2.457062e-02	4.401370e+00
1.173333e+01	-2.536372e-02	4.397792e+00
1.176667e+01	-2.543348e-02	4.397477e+00
1.180000e+01	-2.503207e-02	4.399288e+00
1.183333e+01	-2.467577e-02	4.400896e+00
1.186667e+01	-2.462668e-02	4.401117e+00
1.190000e+01	-2.479375e-02	4.400364e+00
1.193333e+01	-2.495385e-02	4.399641e+00
1.196667e+01	-2.498360e-02	4.399507e+00
12	-2.514976e-02	4.398757e+00
1.203333e+01	-2.664085e-02	4.392029e+00
1.206667e+01	-3.117335e-02	4.371577e+00
1.210000e+01	-3.874590e-02	4.337408e+00
1.213333e+01	-4.634892e-02	4.303101e+00
1.216667e+01	-5.038499e-02	4.284890e+00
1.220000e+01	-5.005403e-02	4.286383e+00
1.223333e+01	-4.760773e-02	4.297421e+00
1.226667e+01	-4.581566e-02	4.305508e+00
1.230000e+01	-4.576203e-02	4.305750e+00
1.233333e+01	-4.673426e-02	4.301363e+00
1.236667e+01	-4.752963e-02	4.297774e+00
1.240000e+01	-4.759757e-02	4.297467e+00
1.243333e+01	-4.719343e-02	4.299291e+00
1.246667e+01	-4.683601e-02	4.300904e+00
1.250000e+01	-4.678762e-02	4.301122e+00
1.253333e+01	-4.672071e-02	4.301424e+00
1.256667e+01	-4.531861e-02	4.307750e+00
1.260000e+01	-4.079896e-02	4.328144e+00
1.263333e+01	-3.318513e-02	4.362500e+00
1.266667e+01	-2.554212e-02	4.396987e+00
1.270000e+01	-2.149836e-02	4.415233e+00
1.273333e+01	-2.184635e-02	4.413663e+00
1.276667e+01	-2.431053e-02	4.402544e+00
1.280000e+01	-2.634206e-02	4.393377e+00
1.283333e+01	-2.795146e-02	4.386115e+00
1.286667e+01	-3.152040e-02	4.370011e+00
1.290000e+01	-3.826705e-02	4.339569e+00
1.293333e+01	-4.577304e-02	4.305700e+00
1.296667e+01	-5.020794e-02	4.285689e+00
13	-5.024702e-02	4.285512e+00
1.303333e+01	-4.786213e-02	4.296273e+00
1.306667e+01	-4.590477e-02	4.305106e+00
1.310000e+01	-4.568533e-02	4.306096e+00
1.313333e+01	-4.638709e-02	4.302929e+00
1.316667e+01	-4.568768e-02	4.306085e+00
1.320000e+01	-4.128049e-02	4.325971e+00
1.323333e+01	-3.335118e-02	4.361750e+00
1.326667e+01	-2.539497e-02	4.397651e+00
1.330000e+01	-2.105131e-02	4.417250e+00
1.333333e+01	-1.996638e-02	4.422146e+00
1.336667e+01	-1.802118e-02	4.430923e+00
1.340000e+01	-1.230847e-02	4.456700e+00
1.343333e+01	-4.731065e-03	4.490891e+00
1.346667e+01	3.384836e-04	4.513766e+00
1.350000e+01	8.350253e-04	4.516007e+00
1.353333e+01	-1.553367e-03	4.505230e+00
1.356667e+01	-3.776077e-03	4.495200e+00
1.360000e+01	-4.202219e-03	4.493277e+00
1.363333e+01	-3.274970e-03	4.497461e+00
1.366667e+01	-2.299939e-03	4.501861e+00
1.370000e+01	-2.064322e-03	4.502924e+00
1.373333e+01	-2.440023e-03	4.501229e+00
1.376667e+01	-2.871876e-03	4.499280e+00
1.380000e+01	-3.230592e-03	4.497662e+00
1.383333e+01	-4.641346e-03	4.491296e+00
1.386667e+01	-8.999264e-03	4.471632e+00
1.390000e+01	-1.648052e-02	4.437875e+00
1.393333e+01	-2.411240e-02	4.403438e+00
1.396667e+01	-2.798879e-02	4.385947e+00
14	-2.613798e-02	4.394298e+00
1.403333e+01	-1.913276e-02	4.425907e+00
1.406667e+01	-9.763907e-03	4.468182e+00
1.410000e+01	-2.119183e-03	4.502677e+00
1.413333e+01	9.327931e-04	4.516448e+00
1.416667e+01	-1.959870e-04	4.511355e+00
1.420000e+01	-2.705323e-03	4.500032e+00
1.423333e+01	-3.852777e-03	4.494854e+00
1.426667e+01	-1.984908e-03	4.503282e+00
1.430000e+01	3.582844e-03	4.528406e+00
1.433333e+01	1.175187e-02	4.565266e+00
1.436667e+01	1.922958e-02	4.599007e+00
1.440000e+01	2.282397e-02	4.615226e+00
1.443333e+01	2.221766e-02	4.612490e+00
1.446667e+01	1.980939e-02	4.601624e+00
1.450000e+01	1.820633e-02	4.594390e+00
1.453333e+01	1.827979e-02	4.594722e+00
1.456667e+01	1.924305e-02	4.599068e+00
1.460000e+01	1.995791e-02	4.602294e+00
1.463333e+01	1.996753e-02	4.602337e+00
1.466667e+01	1.956389e-02	4.600516e+00
1.470000e+01	1.924057e-02	4.599057e+00
1.473333e+01	1.921879e-02	4.598959e+00
1.476667e+01	1.938835e-02	4.599724e+00
1.480000e+01	1.953463e-02	4.600384e+00
1.483333e+01	1.955205e-02	4.600462e+00
1.486667e+01	1.948127e-02	4.600143e+00
1.490000e+01	1.941537e-02	4.599846e+00
1.493333e+01	1.940428e-02	4.599796e+00
1.496667e+01	1.943361e-02	4.599928e+00
15	1.946315e-02	4.600061e+00
1.503333e+01	1.946951e-02	4.600090e+00
1.506667e+01	1.945746e-02	4.600036e+00
1.510000e+01	1.944428e-02	4.599976e+00
1.513333e+01	1.944085e-02	4.599961e+00
1.516667e+01	1.944575e-02	4.599983e+00
1.520000e+01	1.945160e-02	4.600009e+00
1.523333e+01	1.945339e-02	4.600017e+00
1.526667e+01	1.945142e-02	4.600008e+00
1.530000e+01	1.944883e-02	4.599997e+00
1.533333e+01	1.944792e-02	4.599993e+00
1.536667e+01	1.944871e-02	4.599996e+00
1.540000e+01	1.921467e-02	4.598940e+00
1.543333e+01	1.765237e-02	4.591891e+00
1.546667e+01	1.310293e-02	4.571362e+00
1.550000e+01	5.322976e-03	4.536257e+00
1.553333e+01	-3.811088e-03	4.495042e+00
1.556667e+01	-1.238733e-02	4.456344e+00
1.560000e+01	-1.961190e-02	4.423745e+00
1.563333e+01	-2.475075e-02	4.400558e+00
1.566667e+01	-2.699049e-02	4.390451e+00
1.570000e+01	-2.661287e-02	4.392155e+00
1.573333e+01	-2.514676e-02	4.398771e+00
1.576667e+01	-2.415230e-02	4.403258e+00
1.580000e+01	-2.439897e-02	4.402145e+00
1.583333e+01	-2.652628e-02	4.392546e+00
1.586667e+01	-3.151221e-02	4.370048e+00
1.590000e+01	-3.907717e-02	4.335913e+00
1.593333e+01	-4.641395e-02	4.302808e+00
1.596667e+01	-5.024497e-02	4.285522e+00
16	-4.990615e-02	4.287050e+00
1.603333e+01	-4.733685e-02	4.298644e+00
1.606667e+01	-4.407503e-02	4.313362e+00
1.610000e+01	-3.948079e-02	4.334092e+00
1.613333e+01	-3.286175e-02	4.363959e+00
1.616667e+01	-2.604400e-02	4.394722e+00
1.620000e+01	-2.207875e-02	4.412614e+00
1.623333e+01	-2.201364e-02	4.412908e+00
1.626667e+01	-2.410725e-02	4.403461e+00
1.630000e+01	-2.585000e-02	4.395597e+00
1.633333e+01	-2.606842e-02	4.394612e+00
1.636667e+01	-2.525463e-02	4.398284e+00
1.640000e+01	-2.448902e-02	4.401739e+00
1.643333e+01	-2.435301e-02	4.402352e+00
1.646667e+01	-2.468627e-02	4.400848e+00
1.650000e+01	-2.502709e-02	4.399311e+00
1.653333e+01	-2.510334e-02	4.398967e+00
1.656667e+01	-2.496665e-02	4.399583e+00
1.660000e+01	-2.481481e-02	4.400268e+00
1.663333e+01	-2.500921e-02	4.399391e+00
1.666667e+01	-2.662751e-02	4.392089e+00
1.670000e+01	-3.124403e-02	4.371258e+00
1.673333e+01	-3.857418e-02	4.338183e+00
1.676667e+01	-4.456023e-02	4.311172e+00
1.680000e+01	-4.400854e-02	4.313662e+00
1.683333e+01	-3.613418e-02	4.349193e+00
1.686667e+01	-2.613978e-02	4.394290e+00
1.690000e+01	-2.033812e-02	4.420468e+00
1.693333e+01	-2.060460e-02	4.419266e+00
1.696667e+01	-2.399929e-02	4.403948e+00
17	-2.657418e-02	4.392330e+00
1.703333e+01	-2.669963e-02	4.391764e+00
1.706667e+01	-2.533356e-02	4.397928e+00
1.710000e+01	-2.418667e-02	4.403103e+00
1.713333e+01	-2.406903e-02	4.403634e+00
1.716667e+01	-2.463701e-02	4.401071e+00
1.720000e+01	-2.515233e-02	4.398746e+00
1.723333e+01	-2.523059e-02	4.398392e+00
1.726667e+01	-2.499467e-02	4.399457e+00
1.730000e+01	-2.476340e-02	4.400500e+00
1.733333e+01	-2.471728e-02	4.400709e+00
1.736667e+01	-2.481452e-02	4.400270e+00
1.740000e+01	-2.491788e-02	4.399803e+00
1.743333e+01	-2.494323e-02	4.399689e+00
1.746667e+01	-2.490351e-02	4.399868e+00
1.750000e+01	-2.485753e-02	4.400076e+00
1.753333e+01	-2.484421e-02	4.400136e+00
1.756667e+01	-2.486026e-02	4.400063e+00
1.760000e+01	-2.488062e-02	4.399972e+00
1.763333e+01	-2.488741e-02	4.399941e+00
1.766667e+01	-2.488100e-02	4.399970e+00
1.770000e+01	-2.487202e-02	4.400010e+00
1.773333e+01	-2.463346e-02	4.401087e+00
1.776667e+01	-2.307324e-02	4.408127e+00
1.780000e+01	-1.852805e-02	4.428636e+00
1.783333e+01	-1.098543e-02	4.462670e+00
1.786667e+01	-3.648527e-03	4.495776e+00
1.790000e+01	-1.182320e-03	4.506904e+00
1.793333e+01	-6.050150e-03	4.484939e+00
1.796667e+01	-1.602694e-02	4.439921e+00
18	-2.538633e-02	4.397690e+00
1.803333e+01	-2.947216e-02	4.379253e+00
1.806667e+01	-2.818655e-02	4.385054e+00
1.810000e+01	-2.496099e-02	4.399609e+00
1.813333e+01	-2.310351e-02	4.407990e+00
1.816667e+01	-2.344673e-02	4.406442e+00
1.820000e+01	-2.476916e-02	4.400474e+00
1.823333e+01	-2.561142e-02	4.396674e+00
1.826667e+01	-2.551411e-02	4.397113e+00
1.830000e+01	-2.495255e-02	4.399647e+00
1.833333e+01	-2.456645e-02	4.401389e+00
1.836667e+01	-2.458639e-02	4.401299e+00
1.840000e+01	-2.482513e-02	4.400222e+00
1.843333e+01	-2.500188e-02	4.399424e+00
1.846667e+01	-2.500337e-02	4.399418e+00
1.850000e+01	-2.490241e-02	4.399873e+00
1.853333e+01	-2.482192e-02	4.400236e+00
1.856667e+01	-2.481675e-02	4.400260e+00
1.860000e+01	-2.485917e-02	4.400068e+00
1.863333e+01	-2.489563e-02	4.399904e+00
1.866667e+01	-2.489988e-02	4.399885e+00
1.870000e+01	-2.488217e-02	4.399965e+00
1.873333e+01	-2.486574e-02	4.400039e+00
1.876667e+01	-2.486301e-02	4.400051e+00
1.880000e+01	-2.487035e-02	4.400018e+00
1.883333e+01	-2.487772e-02	4.399985e+00
1.886667e+01	-2.487929e-02	4.399978e+00
1.890000e+01	-2.487627e-02	4.399991e+00
1.893333e+01	-2.487298e-02	4.400006e+00
1.896667e+01	-2.487213e-02	4.400010e+00
19	-2.487336e-02	4.400004e+00
1.903333e+01	-2.487482e-02	4.399998e+00
1.906667e+01	-2.487527e-02	4.399996e+00
1.910000e+01	-2.487477e-02	4.399998e+00
1.913333e+01	-2.487413e-02	4.400001e+00
1.916667e+01	-2.463872e-02	4.401063e+00
1.920000e+01	-2.307618e-02	4.408114e+00
1.923333e+01	-1.852733e-02	4.428639e+00
1.926667e+01	-1.098316e-02	4.462680e+00
1.930000e+01	-3.411977e-03	4.496843e+00
1.933333e+01	6.153717e-04	4.515016e+00
1.936667e+01	2.959351e-04	4.513574e+00
1.940000e+01	-2.136241e-03	4.502600e+00
1.943333e+01	-3.923831e-03	4.494534e+00
1.946667e+01	-3.982082e-03	4.494271e+00
1.950000e+01	-2.780903e-03	4.499691e+00
1.953333e+01	-4.250475e-04	4.510321e+00
1.956667e+01	4.193864e-03	4.531163e+00
1.960000e+01	1.133673e-02	4.563393e+00
1.963333e+01	1.855153e-02	4.595948e+00
1.966667e+01	2.252966e-02	4.613898e+00
1.970000e+01	2.237723e-02	4.613210e+00
1.973333e+01	2.010519e-02	4.602958e+00
1.976667e+01	1.858259e-02	4.596088e+00
1.980000e+01	2.001808e-02	4.602565e+00
1.983333e+01	2.569674e-02	4.628189e+00
1.986667e+01	3.558021e-02	4.672785e+00
1.990000e+01	4.779849e-02	4.727917e+00
1.993333e+01	5.900050e-02	4.778463e+00
1.996667e+01	6.590465e-02	4.809616e+00
20	6.743918e-02	4.816541e+00
2.003333e+01	6.524989e-02	4.806662e+00
2.006667e+01	6.135233e-02	4.789075e+00
2.010000e+01	5.601600e-02	4.764996e+00
2.013333e+01	4.914381e-02	4.733987e+00
2.016667e+01	4.253908e-02	4.704185e+00
2.020000e+01	3.888510e-02	4.687698e+00
2.023333e+01	3.894357e-02	4.687962e+00
2.026667e+01	4.095603e-02	4.697042e+00
2.030000e+01	4.256387e-02	4.704297e+00
2.033333e+01	4.272285e-02	4.705015e+00
2.036667e+01	4.194007e-02	4.701482e+00
2.040000e+01	4.123324e-02	4.698293e+00
2.043333e+01	4.112566e-02	4.697808e+00
2.046667e+01	4.144739e-02	4.699259e+00
2.050000e+01	4.176269e-02	4.700682e+00
2.053333e+01	4.182547e-02	4.700965e+00
2.056667e+01	4.169289e-02	4.700367e+00
2.060000e+01	4.155209e-02	4.699732e+00
2.063333e+01	4.175281e-02	4.700638e+00
2.066667e+01	4.336972e-02	4.707933e+00
2.070000e+01	4.798150e-02	4.728743e+00
2.073333e+01	5.554389e-02	4.762866e+00
2.076667e+01	6.309310e-02	4.796930e+00
2.080000e+01	6.709258e-02	4.814977e+00
2.083333e+01	6.676385e-02	4.813493e+00
2.086667e+01	6.434045e-02	4.802558e+00
2.090000e+01	6.256515e-02	4.794548e+00
2.093333e+01	6.251152e-02	4.794306e+00
2.096667e+01	6.347407e-02	4.798649e+00
21	6.426179e-02	4.802203e+00
2.103333e+01	6.432930e-02	4.802508e+00
2.106667e+01	6.392923e-02	4.800703e+00
2.110000e+01	6.357527e-02	4.799106e+00
2.113333e+01	6.352727e-02	4.798889e+00
2.116667e+01	6.369384e-02	4.799641e+00
2.120000e+01	6.385291e-02	4.800358e+00
2.123333e+01	6.388215e-02	4.800490e+00
2.126667e+01	6.381331e-02	4.800180e+00
2.130000e+01	6.374211e-02	4.799858e+00
2.133333e+01	6.372571e-02	4.799784e+00
2.136667e+01	6.375392e-02	4.799912e+00
2.140000e+01	6.378564e-02	4.800055e+00
2.143333e+01	6.379437e-02	4.800094e+00
2.146667e+01	6.378293e-02	4.800043e+00
2.150000e+01	6.400404e-02	4.801040e+00
2.153333e+01	6.556229e-02	4.808072e+00
2.156667e+01	7.011602e-02	4.828619e+00
2.160000e+01	7.743132e-02	4.861627e+00
2.163333e+01	8.344194e-02	4.888749e+00
2.166667e+01	8.291821e-02	4.886386e+00
2.170000e+01	7.505172e-02	4.850890e+00
2.173333e+01	6.504736e-02	4.805748e+00
2.176667e+01	5.923330e-02	4.779514e+00
2.180000e+01	5.949576e-02	4.780698e+00
2.183333e+01	6.265925e-02	4.794972e+00
2.186667e+01	6.367687e-02	4.799564e+00
2.190000e+01	5.925520e-02	4.779612e+00
2.193333e+01	5.034328e-02	4.739400e+00
2.196667e+01	4.162288e-02	4.700051e+00
22	3.747703e-02	4.681344e+00
2.203333e+01	3.836511e-02	4.685351e+00
2.206667e+01	4.131362e-02	4.698656e+00
2.210000e+01	4.317990e-02	4.707077e+00
2.213333e+01	4.300198e-02	4.706274e+00
2.216667e+01	4.203944e-02	4.701931e+00
2.220000e+01	4.276274e-02	4.705195e+00
2.223333e+01	4.733944e-02	4.725846e+00
2.226667e+01	5.538867e-02	4.762166e+00
2.230000e+01	6.334154e-02	4.798051e+00
2.233333e+01	6.737811e-02	4.816265e+00
2.236667e+01	6.684549e-02	4.813862e+00
2.240000e+01	6.423986e-02	4.802104e+00
2.243333e+01	6.243864e-02	4.793977e+00
2.246667e+01	6.246984e-02	4.794118e+00
2.250000e+01	6.351428e-02	4.798830e+00
2.253333e+01	6.431760e-02	4.802455e+00
2.256667e+01	6.435009e-02	4.802602e+00
2.260000e+01	6.391339e-02	4.800631e+00
2.263333e+01	6.355076e-02	4.798995e+00
2.266667e+01	6.351709e-02	4.798843e+00
2.270000e+01	6.369996e-02	4.799668e+00
2.273333e+01	6.386363e-02	4.800407e+00
2.276667e+01	6.388707e-02	4.800513e+00
2.280000e+01	6.381099e-02	4.800169e+00
2.283333e+01	6.373744e-02	4.799837e+00
2.286667e+01	6.372337e-02	4.799774e+00
2.290000e+01	6.375477e-02	4.799916e+00
2.293333e+01	6.378767e-02	4.800064e+00
2.296667e+01	6.379548e-02	4.800099e+00
23	6.378263e-02	4.800041e+00
2.303333e+01	6.376799e-02	4.799975e+00
2.306667e+01	6.376385e-02	4.799957e+00
2.310000e+01	6.376906e-02	4.799980e+00
2.313333e+01	6.377555e-02	4.800009e+00
2.316667e+01	6.377766e-02	4.800019e+00
2.320000e+01	6.377558e-02	4.800010e+00
2.323333e+01	6.377272e-02	4.799997e+00
2.326667e+01	6.377166e-02	4.799992e+00
2.330000e+01	6.377248e-02	4.799996e+00
2.333333e+01	6.377374e-02	4.800001e+00
2.336667e+01	6.377426e-02	4.800004e+00
2.340000e+01	6.306840e-02	4.796819e+00
2.343333e+01	5.837963e-02	4.775662e+00
2.346667e+01	4.473197e-02	4.714080e+00
2.350000e+01	2.302615e-02	4.616138e+00
2.353333e+01	6.472103e-03	4.541443e+00
2.356667e+01	1.231950e-02	4.567827e+00
2.360000e+01	4.299741e-02	4.706253e+00
2.363333e+01	8.002706e-02	4.873340e+00
2.366667e+01	1.008883e-01	4.967471e+00
2.370000e+01	9.898664e-02	4.958890e+00
2.373333e+01	8.524071e-02	4.896865e+00
2.376667e+01	7.431707e-02	4.847575e+00
2.380000e+01	7.239771e-02	4.838915e+00
2.383333e+01	7.607149e-02	4.855492e+00
2.386667e+01	7.903372e-02	4.868858e+00
2.390000e+01	7.822697e-02	4.865218e+00
2.393333e+01	7.485800e-02	4.850016e+00
2.396667e+01	7.164103e-02	4.835500e+00
24	7.002177e-02	4.828194e+00
2.403333e+01	6.957435e-02	4.826175e+00
2.406667e+01	6.912830e-02	4.824162e+00
2.410000e+01	6.800640e-02	4.819100e+00
2.413333e+01	6.636447e-02	4.811691e+00
2.416667e+01	6.478380e-02	4.804559e+00
2.420000e+01	6.375500e-02	4.799917e+00
2.423333e+01	6.341193e-02	4.798369e+00
2.426667e+01	6.354086e-02	4.798950e+00
2.430000e+01	6.378791e-02	4.800065e+00
2.433333e+01	6.390706e-02	4.800603e+00
2.436667e+01	6.386572e-02	4.800416e+00
2.440000e+01	6.353332e-02	4.798916e+00
2.443333e+01	6.191888e-02	4.791632e+00
2.446667e+01	5.738501e-02	4.771174e+00
2.450000e+01	4.988238e-02	4.737320e+00
2.453333e+01	4.209998e-02	4.702204e+00
2.456667e+01	3.650477e-02	4.676957e+00
2.460000e+01	3.225718e-02	4.657791e+00
2.463333e+01	2.713394e-02	4.634674e+00
2.466667e+01	2.135198e-02	4.608584e+00
2.470000e+01	1.739066e-02	4.590710e+00
2.473333e+01	1.651412e-02	4.586755e+00
2.476667e+01	1.659005e-02	4.587097e+00
2.480000e+01	1.375541e-02	4.574307e+00
2.483333e+01	6.903585e-03	4.543389e+00
2.486667e+01	2.855640e-04	4.513527e+00
2.490000e+01	6.485892e-05	4.512532e+00
2.493333e+01	7.692874e-03	4.546951e+00
2.496667e+01	1.817266e-02	4.594238e+00
25	2.587612e-02	4.628998e+00
2.503333e+01	3.028162e-02	4.648877e+00
2.506667e+01	3.433229e-02	4.667154e+00
2.510000e+01	3.917955e-02	4.689026e+00
2.513333e+01	4.302098e-02	4.706360e+00
2.516667e+01	4.410603e-02	4.711256e+00
2.520000e+01	4.288598e-02	4.705751e+00
2.523333e+01	4.124529e-02	4.698347e+00
2.526667e+01	4.060446e-02	4.695456e+00
2.530000e+01	4.102672e-02	4.697361e+00
2.533333e+01	4.172757e-02	4.700524e+00
2.536667e+01	4.203865e-02	4.701927e+00
2.540000e+01	4.188085e-02	4.701215e+00
2.543333e+01	4.157728e-02	4.699845e+00
2.546667e+01	4.119386e-02	4.698115e+00
2.550000e+01	3.968950e-02	4.691327e+00
2.553333e+01	3.527202e-02	4.671395e+00
2.556667e+01	2.779785e-02	4.637669e+00
2.560000e+01	2.020598e-02	4.603413e+00
2.563333e+01	1.612188e-02	4.584985e+00
2.566667e+01	1.640849e-02	4.586278e+00
2.570000e+01	1.884757e-02	4.597284e+00
2.573333e+01	2.065956e-02	4.605460e+00
2.576667e+01	2.073308e-02	4.605791e+00
2.580000e+01	2.000021e-02	4.602485e+00
2.583333e+01	2.075939e-02	4.605910e+00
2.586667e+01	2.523170e-02	4.626090e+00
2.590000e+01	3.317785e-02	4.661945e+00
2.593333e+01	4.110972e-02	4.697736e+00
2.596667e+01	4.518927e-02	4.716144e+00
26	4.493788e-02	4.715009e+00
2.603333e+01	4.390649e-02	4.710355e+00
2.606667e+01	4.663685e-02	4.722675e+00
2.610000e+01	5.419186e-02	4.756765e+00
2.613333e+01	6.280139e-02	4.795614e+00
2.616667e+01	6.740383e-02	4.816381e+00
2.620000e+01	6.556316e-02	4.808075e+00
2.623333e+01	5.814823e-02	4.774618e+00
2.626667e+01	4.845097e-02	4.730861e+00
2.630000e+01	4.078397e-02	4.696266e+00
2.633333e+01	3.790409e-02	4.683271e+00
2.636667e+01	3.918144e-02	4.689035e+00
2.640000e+01	4.170854e-02	4.700438e+00
2.643333e+01	4.301934e-02	4.706352e+00
2.646667e+01	4.241211e-02	4.703612e+00
2.650000e+01	3.981946e-02	4.691914e+00
2.653333e+01	3.467533e-02	4.668702e+00
2.656667e+01	2.725445e-02	4.635217e+00
2.660000e+01	2.012265e-02	4.603037e+00
2.663333e+01	1.660521e-02	4.587166e+00
2.666667e+01	1.845017e-02	4.595490e+00
2.670000e+01	2.524348e-02	4.626143e+00
2.673333e+01	3.444858e-02	4.667679e+00
2.676667e+01	4.208659e-02	4.702144e+00
2.680000e+01	4.522787e-02	4.716318e+00
2.683333e+01	4.417343e-02	4.711560e+00
2.686667e+01	4.167113e-02	4.700269e+00
2.690000e+01	4.025110e-02	4.693861e+00
2.693333e+01	4.052266e-02	4.695087e+00
2.696667e+01	4.153640e-02	4.699661e+00
27	4.217670e-02	4.702550e+00
2.703333e+01	4.209839e-02	4.702197e+00
2.706667e+01	4.166847e-02	4.700257e+00
2.710000e+01	4.137523e-02	4.698934e+00
2.713333e+01	4.139236e-02	4.699011e+00
2.716667e+01	4.157523e-02	4.699836e+00
2.720000e+01	4.170953e-02	4.700442e+00
2.723333e+01	4.170981e-02	4.700443e+00
2.726667e+01	4.163243e-02	4.700094e+00
2.730000e+01	4.133605e-02	4.698757e+00
2.733333e+01	3.976974e-02	4.691689e+00
2.736667e+01	3.525314e-02	4.671309e+00
2.740000e+01	2.773661e-02	4.637393e+00
2.743333e+01	2.016858e-02	4.603244e+00
2.746667e+01	1.612776e-02	4.585011e+00
2.750000e+01	1.643474e-02	4.586396e+00
2.753333e+01	1.886488e-02	4.597362e+00
2.756667e+01	2.065806e-02	4.605453e+00
2.760000e+01	2.072189e-02	4.605741e+00
2.763333e+01	1.975707e-02	4.601387e+00
2.766667e+01	1.919684e-02	4.598860e+00
2.770000e+01	2.068731e-02	4.605585e+00
2.773333e+01	2.563722e-02	4.627920e+00
2.776667e+01	3.353874e-02	4.663574e+00
2.780000e+01	4.116005e-02	4.697963e+00
2.783333e+01	4.502054e-02	4.715382e+00
2.786667e+01	4.454057e-02	4.713217e+00
2.790000e+01	4.207817e-02	4.702106e+00
2.793333e+01	4.035950e-02	4.694351e+00
2.796667e+01	4.037307e-02	4.694412e+00
28	4.135591e-02	4.698847e+00
2.803333e+01	4.212081e-02	4.702298e+00
2.806667e+01	4.215860e-02	4.702469e+00
2.810000e+01	4.151308e-02	4.699556e+00
2.813333e+01	3.960546e-02	4.690948e+00
2.816667e+01	3.502141e-02	4.670264e+00
2.820000e+01	2.788396e-02	4.638058e+00
2.823333e+01	2.203112e-02	4.611649e+00
2.826667e+01	2.257653e-02	4.614110e+00
2.830000e+01	3.036898e-02	4.649271e+00
2.833333e+01	4.030239e-02	4.694093e+00
2.836667e+01	4.610327e-02	4.720268e+00
2.840000e+01	4.587140e-02	4.719222e+00
2.843333e+01	4.250448e-02	4.704029e+00
2.846667e+01	3.993149e-02	4.692419e+00
2.850000e+01	3.955631e-02	4.690726e+00
2.853333e+01	3.934708e-02	4.689782e+00
2.856667e+01	3.594332e-02	4.674424e+00
2.860000e+01	2.852275e-02	4.640940e+00
2.863333e+01	2.038932e-02	4.604240e+00
2.866667e+01	1.584774e-02	4.583748e+00
2.870000e+01	1.608645e-02	4.584825e+00
2.873333e+01	1.875198e-02	4.596852e+00
2.876667e+01	2.077024e-02	4.605959e+00
2.880000e+01	2.087562e-02	4.606435e+00
2.883333e+01	1.981352e-02	4.601642e+00
2.886667e+01	1.891737e-02	4.597599e+00
2.890000e+01	1.882184e-02	4.597167e+00
2.893333e+01	1.926245e-02	4.599156e+00
2.896667e+01	1.966458e-02	4.600970e+00
29	1.972716e-02	4.601253e+00
2.903333e+01	1.954427e-02	4.600427e+00
2.906667e+01	1.936388e-02	4.599613e+00
2.910000e+01	1.932727e-02	4.599448e+00
2.913333e+01	1.940261e-02	4.599788e+00
2.916667e+01	1.948319e-02	4.600152e+00
2.920000e+01	1.973842e-02	4.601303e+00
2.923333e+01	2.127041e-02	4.608216e+00
2.926667e+01	2.578371e-02	4.628581e+00
2.930000e+01	3.331748e-02	4.662575e+00
2.933333e+01	4.090100e-02	4.696794e+00
2.936667e+01	4.470891e-02	4.713976e+00
2.940000e+01	4.283202e-02	4.705507e+00
2.943333e+01	3.584579e-02	4.673984e+00
2.946667e+01	2.650698e-02	4.631845e+00
2.950000e+01	1.887500e-02	4.597407e+00
2.953333e+01	1.581570e-02	4.583603e+00
2.956667e+01	1.693136e-02	4.588637e+00
2.960000e+01	1.943456e-02	4.599932e+00
2.963333e+01	2.081994e-02	4.606183e+00
2.966667e+01	2.052053e-02	4.604832e+00
2.970000e+01	1.950483e-02	4.600249e+00
2.973333e+01	1.887908e-02	4.597426e+00
2.976667e+01	1.897000e-02	4.597836e+00
2.980000e+01	1.940146e-02	4.599783e+00
2.983333e+01	1.968863e-02	4.601079e+00
2.986667e+01	1.966582e-02	4.600976e+00
2.990000e+01	1.948198e-02	4.600146e+00
2.993333e+01	1.935019e-02	4.599552e+00
2.996667e+01	1.935245e-02	4.599562e+00
30	1.943039e-02	4.599913e+00
3.003333e+01	1.972574e-02	4.601246e+00
3.006667e+01	2.129092e-02	4.608309e+00
3.010000e+01	2.580721e-02	4.628687e+00
3.013333e+01	3.332417e-02	4.662605e+00
3.016667e+01	4.089270e-02	4.696756e+00
3.020000e+01	4.493368e-02	4.714990e+00
3.023333e+01	4.462652e-02	4.713604e+00
3.026667e+01	4.219616e-02	4.702638e+00
3.030000e+01	4.040291e-02	4.694546e+00
3.033333e+01	4.033914e-02	4.694259e+00
3.036667e+01	4.130406e-02	4.698613e+00
3.040000e+01	4.209951e-02	4.702202e+00
3.043333e+01	4.217175e-02	4.702528e+00
3.046667e+01	4.177094e-02	4.700719e+00
3.050000e+01	4.141367e-02	4.699107e+00
3.053333e+01	4.136348e-02	4.698881e+00
3.056667e+01	4.153024e-02	4.699633e+00
3.060000e+01	4.169073e-02	4.700357e+00
3.063333e+01	4.172097e-02	4.700494e+00
3.066667e+01	4.165210e-02	4.700183e+00
3.070000e+01	4.158030e-02	4.699859e+00
3.073333e+01	4.156345e-02	4.699783e+00
3.076667e+01	4.159164e-02	4.699910e+00
3.080000e+01	4.162362e-02	4.700055e+00
3.083333e+01	4.163255e-02	4.700095e+00
3.086667e+01	4.162113e-02	4.700043e+00
3.090000e+01	4.160695e-02	4.699979e+00
3.093333e+01	4.160237e-02	4.699959e+00
3.096667e+01	4.137177e-02	4.698918e+00
31	3.981528e-02	4.691895e+00
3.103333e+01	3.526844e-02	4.671378e+00
3.106667e+01	2.772236e-02	4.637329e+00
3.110000e+01	2.014850e-02	4.603154e+00
3.113333e+01	1.612015e-02	4.584977e+00
3.116667e+01	1.620516e-02	4.585360e+00
3.120000e+01	1.707577e-02	4.589289e+00
3.123333e+01	1.431471e-02	4.576830e+00
3.126667e+01	6.828399e-03	4.543050e+00
3.130000e+01	-1.709220e-03	4.504526e+00
3.133333e+01	-6.529796e-03	4.482775e+00
3.136667e+01	-6.279970e-03	4.483902e+00
3.140000e+01	-3.211013e-03	4.497750e+00
3.143333e+01	4.956879e-04	4.514476e+00
3.146667e+01	5.152102e-03	4.535486e+00
3.150000e+01	1.156323e-02	4.564415e+00
3.153333e+01	1.818109e-02	4.594276e+00
3.156667e+01	2.210880e-02	4.611999e+00
3.160000e+01	2.225979e-02	4.612680e+00
3.163333e+01	2.025561e-02	4.603637e+00
3.166667e+01	1.853380e-02	4.595868e+00
3.170000e+01	1.828022e-02	4.594724e+00
3.173333e+01	1.905418e-02	4.598216e+00
3.176667e+01	1.980867e-02	4.601620e+00
3.180000e+01	1.995893e-02	4.602298e+00
3.183333e+01	1.964333e-02	4.600874e+00
3.186667e+01	1.930821e-02	4.599362e+00
3.190000e+01	1.922625e-02	4.598992e+00
3.193333e+01	1.935515e-02	4.599574e+00
3.196667e+01	1.950414e-02	4.600246e+00
32	1.954717e-02	4.600440e+00
3.203333e+01	1.949504e-02	4.600205e+00
3.206667e+01	1.942906e-02	4.599907e+00
3.210000e+01	1.940712e-02	4.599808e+00
3.213333e+01	1.942794e-02	4.599902e+00
3.216667e+01	1.945704e-02	4.600034e+00
3.220000e+01	1.946797e-02	4.600083e+00
3.223333e+01	1.945977e-02	4.600046e+00
3.226667e+01	1.944700e-02	4.599988e+00
3.230000e+01	1.944165e-02	4.599964e+00
3.233333e+01	1.944482e-02	4.599979e+00
3.236667e+01	1.945040e-02	4.600004e+00
3.240000e+01	1.945298e-02	4.600015e+00
3.243333e+01	1.921661e-02	4.598949e+00
3.246667e+01	1.765144e-02	4.591886e+00
3.250000e+01	1.310107e-02	4.571354e+00
3.253333e+01	5.557232e-03	4.537314e+00
3.256667e+01	-2.012822e-03	4.503157e+00
3.260000e+01	-6.039468e-03	4.484987e+00
3.263333e+01	-5.720129e-03	4.486428e+00
3.266667e+01	-3.288437e-03	4.497401e+00
3.270000e+01	-1.501172e-03	4.505465e+00
3.273333e+01	-1.207717e-03	4.506789e+00
3.276667e+01	-6.107696e-04	4.509483e+00
3.280000e+01	3.145401e-03	4.526432e+00
3.283333e+01	1.061990e-02	4.560158e+00
3.286667e+01	1.859233e-02	4.596132e+00
3.290000e+01	2.297580e-02	4.615911e+00
3.293333e+01	2.270539e-02	4.614691e+00
3.296667e+01	2.034140e-02	4.604024e+00
33	1.995653e-02	4.602287e+00
3.303333e+01	2.441769e-02	4.622417e+00
3.306667e+01	3.299696e-02	4.661129e+00
3.310000e+01	4.143279e-02	4.699194e+00
3.313333e+01	4.554641e-02	4.717755e+00
3.316667e+01	4.479726e-02	4.714375e+00
3.320000e+01	4.176648e-02	4.700699e+00
3.323333e+01	3.852277e-02	4.686063e+00
3.326667e+01	3.459755e-02	4.668351e+00
3.330000e+01	2.915214e-02	4.643780e+00
3.333333e+01	2.370899e-02	4.619219e+00
3.336667e+01	2.108522e-02	4.607380e+00
3.340000e+01	2.235685e-02	4.613118e+00
3.343333e+01	2.604394e-02	4.629755e+00
3.346667e+01	2.984988e-02	4.646929e+00
3.350000e+01	3.253081e-02	4.659026e+00
3.353333e+01	3.429789e-02	4.666999e+00
3.356667e+01	3.599322e-02	4.674649e+00
3.360000e+01	3.815342e-02	4.684396e+00
3.363333e+01	4.071851e-02	4.695970e+00
3.366667e+01	4.333375e-02	4.707771e+00
3.370000e+01	4.575481e-02	4.718695e+00
3.373333e+01	4.799397e-02	4.728799e+00
3.376667e+01	5.020192e-02	4.738762e+00
3.380000e+01	5.249039e-02	4.749088e+00
3.383333e+01	5.486038e-02	4.759782e+00
3.386667e+01	5.724817e-02	4.770556e+00
3.390000e+01	5.957813e-02	4.781070e+00
3.393333e+01	6.170723e-02	4.790677e+00
3.396667e+01	6.334788e-02	4.798080e+00
34	6.397267e-02	4.800899e+00
3.403333e+01	6.248909e-02	4.794205e+00
3.406667e+01	5.760017e-02	4.772145e+00
3.410000e+01	4.974433e-02	4.736697e+00
3.413333e+01	4.187535e-02	4.701190e+00
3.416667e+01	3.640834e-02	4.676522e+00
3.420000e+01	3.230994e-02	4.658029e+00
3.423333e+01	2.723051e-02	4.635109e+00
3.426667e+01	2.116221e-02	4.607728e+00
3.430000e+01	1.557275e-02	4.582507e+00
3.433333e+01	1.036026e-02	4.558987e+00
3.436667e+01	4.475092e-03	4.532432e+00
3.440000e+01	-1.352702e-03	4.506135e+00
3.443333e+01	-4.911743e-03	4.490076e+00
3.446667e+01	-5.445128e-03	4.487669e+00
3.450000e+01	-5.330987e-03	4.488184e+00
3.453333e+01	-8.333670e-03	4.474635e+00
3.456667e+01	-1.557527e-02	4.441960e+00
3.460000e+01	-2.378087e-02	4.404934e+00
3.463333e+01	-2.848099e-02	4.383726e+00
3.466667e+01	-2.832790e-02	4.384417e+00
3.470000e+01	-2.540479e-02	4.397606e+00
3.473333e+01	-2.175725e-02	4.414065e+00
3.476667e+01	-1.706323e-02	4.435245e+00
3.480000e+01	-1.058826e-02	4.464462e+00
3.483333e+01	-3.941768e-03	4.494453e+00
3.486667e+01	-2.834768e-05	4.512111e+00
3.490000e+01	9.481266e-05	4.512667e+00
3.493333e+01	-1.923048e-03	4.503562e+00
3.496667e+01	-3.639589e-03	4.495816e+00
35	-3.881096e-03	4.494726e+00
3.503333e+01	-3.100660e-03	4.498248e+00
3.506667e+01	-2.583213e-03	4.500583e+00
3.510000e+01	-4.000906e-03	4.494186e+00
3.513333e+01	-8.868677e-03	4.472221e+00
3.516667e+01	-1.674746e-02	4.436670e+00
3.520000e+01	-2.439828e-02	4.402148e+00
3.523333e+01	-2.829519e-02	4.384564e+00
3.526667e+01	-2.782690e-02	4.386677e+00
3.530000e+01	-2.535268e-02	4.397842e+00
3.533333e+01	-2.361792e-02	4.405669e+00
3.536667e+01	-2.362564e-02	4.405634e+00
3.540000e+01	-2.461316e-02	4.401178e+00
3.543333e+01	-2.538513e-02	4.397695e+00
3.546667e+01	-2.542579e-02	4.397512e+00
3.550000e+01	-2.501364e-02	4.399371e+00
3.553333e+01	-2.466567e-02	4.400941e+00
3.556667e+01	-2.462936e-02	4.401105e+00
3.560000e+01	-2.480170e-02	4.400328e+00
3.563333e+01	-2.495857e-02	4.399620e+00
3.566667e+01	-2.498274e-02	4.399511e+00
3.570000e+01	-2.467598e-02	4.400895e+00
3.573333e+01	-2.304282e-02	4.408264e+00
3.576667e+01	-1.847948e-02	4.428855e+00
3.580000e+01	-1.096469e-02	4.462764e+00
3.583333e+01	-3.425050e-03	4.496784e+00
3.586667e+01	5.943876e-04	4.514921e+00
3.590000e+01	2.869341e-04	4.513534e+00
3.593333e+01	-2.131218e-03	4.502622e+00
3.596667e+01	-3.914668e-03	4.494575e+00
36	-3.967956e-03	4.494334e+00
3.603333e+01	-2.933252e-03	4.499003e+00
3.606667e+01	-1.877778e-03	4.503766e+00
3.610000e+01	-1.227271e-03	4.506701e+00
3.613333e+01	-7.316734e-04	4.508937e+00
3.616667e+01	-2.487240e-05	4.512127e+00
3.620000e+01	9.740355e-04	4.516634e+00
3.623333e+01	2.087319e-03	4.521657e+00
3.626667e+01	3.119850e-03	4.526316e+00
3.630000e+01	4.020411e-03	4.530380e+00
3.633333e+01	4.862668e-03	4.534180e+00
3.636667e+01	5.735073e-03	4.538117e+00
3.640000e+01	6.665039e-03	4.542313e+00
3.643333e+01	7.623070e-03	4.546636e+00
3.646667e+01	8.570010e-03	4.550909e+00
3.650000e+01	9.491989e-03	4.555069e+00
3.653333e+01	1.040068e-02	4.559169e+00
3.656667e+01	1.131331e-02	4.563287e+00
3.660000e+01	1.223673e-02	4.567454e+00
3.663333e+01	1.316637e-02	4.571649e+00
3.666667e+01	1.409470e-02	4.575837e+00
3.670000e+01	1.501839e-02	4.580005e+00
3.673333e+01	1.593919e-02	4.584160e+00
3.676667e+01	1.685057e-02	4.588273e+00
3.680000e+01	1.769883e-02	4.592100e+00
3.683333e+01	1.813350e-02	4.594062e+00
3.686667e+01	1.698149e-02	4.588863e+00
3.690000e+01	1.265120e-02	4.569324e+00
3.693333e+01	5.282163e-03	4.536073e+00
3.696667e+01	-2.099275e-03	4.502766e+00
37	-5.982795e-03	4.485243e+00
3.703333e+01	-5.861133e-03	4.485792e+00
3.706667e+01	-5.039961e-03	4.489497e+00
3.710000e+01	-7.863338e-03	4.476758e+00
3.713333e+01	-1.537228e-02	4.442875e+00
3.716667e+01	-2.389251e-02	4.404430e+00
3.720000e+01	-2.915675e-02	4.380677e+00
3.723333e+01	-3.202129e-02	4.367751e+00
3.726667e+01	-3.829238e-02	4.339454e+00
3.730000e+01	-5.077820e-02	4.283115e+00
3.733333e+01	-6.269300e-02	4.229353e+00
3.736667e+01	-6.277984e-02	4.228961e+00
3.740000e+01	-4.800051e-02	4.295649e+00
3.743333e+01	-2.809097e-02	4.385486e+00
3.746667e+01	-1.599189e-02	4.440080e+00
3.750000e+01	-1.608863e-02	4.439643e+00
3.753333e+01	-2.258520e-02	4.410329e+00
3.756667e+01	-2.637875e-02	4.393212e+00
3.760000e+01	-2.227667e-02	4.411721e+00
3.763333e+01	-1.203565e-02	4.457931e+00
3.766667e+01	-2.085357e-03	4.502829e+00
3.770000e+01	2.264962e-03	4.522459e+00
3.773333e+01	8.294543e-04	4.515982e+00
3.776667e+01	-2.668335e-03	4.500199e+00
3.780000e+01	-4.651547e-03	4.491250e+00
3.783333e+01	-4.248585e-03	4.493068e+00
3.786667e+01	-2.805835e-03	4.499578e+00
3.790000e+01	-1.903135e-03	4.503651e+00
3.793333e+01	-2.022366e-03	4.503113e+00
3.796667e+01	-2.636186e-03	4.500344e+00
38	-3.050863e-03	4.498473e+00
3.803333e+01	-3.023272e-03	4.498597e+00
3.806667e+01	-2.761991e-03	4.499776e+00
3.810000e+01	-2.571868e-03	4.500634e+00
3.813333e+01	-2.572862e-03	4.500629e+00
3.816667e+01	-2.683494e-03	4.500130e+00
3.820000e+01	-2.770194e-03	4.499739e+00
3.823333e+01	-2.774668e-03	4.499719e+00
3.826667e+01	-2.728106e-03	4.499929e+00
3.830000e+01	-2.688788e-03	4.500106e+00
3.833333e+01	-2.684673e-03	4.500125e+00
3.836667e+01	-2.704143e-03	4.500037e+00
3.840000e+01	-2.721881e-03	4.499957e+00
3.843333e+01	-2.724624e-03	4.499945e+00
3.846667e+01	-2.716540e-03	4.499981e+00
3.850000e+01	-2.708578e-03	4.500017e+00
3.853333e+01	-2.942148e-03	4.498963e+00
3.856667e+01	-4.508218e-03	4.491897e+00
3.860000e+01	-9.060911e-03	4.471354e+00
3.863333e+01	-1.660607e-02	4.437308e+00
3.866667e+01	-2.417582e-02	4.403152e+00
3.870000e+01	-2.820146e-02	4.384987e+00
3.873333e+01	-2.788151e-02	4.386431e+00
3.876667e+01	-2.544991e-02	4.397403e+00
3.880000e+01	-2.366307e-02	4.405465e+00
3.883333e+01	-2.360508e-02	4.405727e+00
3.886667e+01	-2.457085e-02	4.401369e+00
3.890000e+01	-2.536364e-02	4.397792e+00
3.893333e+01	-2.543328e-02	4.397478e+00
3.896667e+01	-2.503196e-02	4.399289e+00
39	-2.467580e-02	4.400896e+00
3.903333e+01	-2.462677e-02	4.401117e+00
3.906667e+01	-2.479380e-02	4.400363e+00
3.910000e+01	-2.471866e-02	4.400702e+00
3.913333e+01	-2.318565e-02	4.407620e+00
3.916667e+01	-1.856749e-02	4.428458e+00
3.920000e+01	-1.095160e-02	4.462823e+00
3.923333e+01	-3.363871e-03	4.497060e+00
3.926667e+01	6.350870e-04	4.515105e+00
3.930000e+01	2.836940e-04	4.513519e+00
3.933333e+01	-2.157288e-03	4.502505e+00
3.936667e+01	-3.933363e-03	4.494491e+00
3.940000e+01	-3.977440e-03	4.494292e+00
3.943333e+01	-3.006915e-03	4.498671e+00
3.946667e+01	-2.218417e-03	4.502229e+00
3.950000e+01	-2.390081e-03	4.501454e+00
3.953333e+01	-4.356497e-03	4.492581e+00
3.956667e+01	-9.260121e-03	4.470455e+00
3.960000e+01	-1.685074e-02	4.436204e+00
3.963333e+01	-2.425366e-02	4.402801e+00
3.966667e+01	-2.812149e-02	4.385348e+00
3.970000e+01	-2.777345e-02	4.386918e+00
3.973333e+01	-2.541087e-02	4.397579e+00
3.976667e+01	-2.369471e-02	4.405323e+00
3.980000e+01	-2.365260e-02	4.405513e+00
3.983333e+01	-2.459006e-02	4.401283e+00
3.986667e+01	-2.535133e-02	4.397848e+00
3.990000e+01	-2.541248e-02	4.397572e+00
3.993333e+01	-2.502266e-02	4.399331e+00
3.996667e+01	-2.468048e-02	4.400875e+00
40	-2.463583e-02	4.401076e+00
4.003333e+01	-2.479825e-02	4.400343e+00
4.006667e+01	-2.495211e-02	4.399649e+00
4.010000e+01	-2.497963e-02	4.399525e+00
4.013333e+01	-2.491245e-02	4.399828e+00
4.016667e+01	-2.484355e-02	4.400139e+00
4.020000e+01	-2.482801e-02	4.400209e+00
4.023333e+01	-2.485556e-02	4.400085e+00
4.026667e+01	-2.488628e-02	4.399946e+00
4.030000e+01	-2.489458e-02	4.399909e+00
4.033333e+01	-2.488340e-02	4.399959e+00
4.036667e+01	-2.486977e-02	4.400021e+00
4.040000e+01	-2.486548e-02	4.400040e+00
4.043333e+01	-2.486997e-02	4.400020e+00
4.046667e+01	-2.487599e-02	4.399992e+00
4.050000e+01	-2.487815e-02	4.399983e+00
4.053333e+01	-2.464119e-02	4.401052e+00
4.056667e+01	-2.307580e-02	4.408115e+00
4.060000e+01	-1.852560e-02	4.428647e+00
4.063333e+01	-1.098202e-02	4.462685e+00
4.066667e+01	-3.412073e-03	4.496843e+00
4.070000e+01	6.146370e-04	4.515012e+00
4.073333e+01	2.954107e-04	4.513572e+00
4.076667e+01	-2.136230e-03	4.502600e+00
4.080000e+01	-3.688339e-03	4.495596e+00
4.083333e+01	-2.183922e-03	4.502384e+00
4.086667e+01	3.330983e-03	4.527269e+00
4.090000e+01	1.166823e-02	4.564889e+00
4.093333e+01	1.930914e-02	4.599366e+00
4.096667e+01	2.293505e-02	4.615727e+00
41	2.225932e-02	4.612678e+00
4.103333e+01	1.977807e-02	4.601482e+00
4.106667e+01	1.792238e-02	4.593109e+00
4.110000e+01	1.646149e-02	4.586517e+00
4.113333e+01	1.290810e-02	4.570483e+00
4.116667e+01	6.087904e-03	4.539709e+00
4.120000e+01	-1.485075e-03	4.505538e+00
4.123333e+01	-5.930338e-03	4.485480e+00
4.126667e+01	-5.938886e-03	4.485441e+00
4.130000e+01	-3.523918e-03	4.496338e+00
4.133333e+01	-1.325295e-03	4.506259e+00
4.136667e+01	4.443088e-04	4.514244e+00
4.140000e+01	4.043065e-03	4.530482e+00
4.143333e+01	1.072068e-02	4.560613e+00
4.146667e+01	1.815497e-02	4.594158e+00
4.150000e+01	2.257321e-02	4.614095e+00
4.153333e+01	2.264057e-02	4.614399e+00
4.156667e+01	2.028761e-02	4.603781e+00
4.160000e+01	1.833910e-02	4.594989e+00
4.163333e+01	1.810820e-02	4.593947e+00
4.166667e+01	1.903098e-02	4.598111e+00
4.170000e+01	1.988976e-02	4.601986e+00
4.173333e+01	2.003630e-02	4.602647e+00
4.176667e+01	1.965752e-02	4.600938e+00
4.180000e+01	1.927470e-02	4.599211e+00
4.183333e+01	1.919162e-02	4.598836e+00
4.186667e+01	1.934720e-02	4.599538e+00
4.190000e+01	1.951787e-02	4.600308e+00
4.193333e+01	1.956260e-02	4.600510e+00
4.196667e+01	1.949928e-02	4.600224e+00
42	1.942349e-02	4.599882e+00
4.203333e+01	1.940028e-02	4.599778e+00
4.206667e+01	1.942576e-02	4.599893e+00
4.210000e+01	1.969446e-02	4.601105e+00
4.213333e+01	2.126891e-02	4.608209e+00
4.216667e+01	2.580792e-02	4.628690e+00
4.220000e+01	3.333745e-02	4.662665e+00
4.223333e+01	4.090276e-02	4.696802e+00
4.226667e+01	4.493394e-02	4.714992e+00
4.230000e+01	4.462092e-02	4.713579e+00
4.233333e+01	4.219159e-02	4.702617e+00
4.236667e+01	4.040254e-02	4.694545e+00
4.240000e+01	4.034149e-02	4.694269e+00
4.243333e+01	4.130613e-02	4.698622e+00
4.246667e+01	4.209978e-02	4.702203e+00
4.250000e+01	4.217077e-02	4.702523e+00
4.253333e+01	4.178961e-02	4.700804e+00
4.256667e+01	4.158293e-02	4.699871e+00
4.260000e+01	4.206224e-02	4.702034e+00
4.263333e+01	4.338661e-02	4.708010e+00
4.266667e+01	4.533531e-02	4.716803e+00
4.270000e+01	4.748944e-02	4.726523e+00
4.273333e+01	4.951806e-02	4.735676e+00
4.276667e+01	5.134123e-02	4.743903e+00
4.280000e+01	5.307037e-02	4.751705e+00
4.283333e+01	5.483960e-02	4.759688e+00
4.286667e+01	5.667344e-02	4.767963e+00
4.290000e+01	5.842011e-02	4.775844e+00
4.293333e+01	5.979278e-02	4.782038e+00
4.296667e+01	6.063082e-02	4.785820e+00
43	6.117733e-02	4.788286e+00
4.303333e+01	6.189175e-02	4.791509e+00
4.306667e+01	6.290022e-02	4.796060e+00
4.310000e+01	6.382765e-02	4.800244e+00
4.313333e+01	6.424488e-02	4.802127e+00
4.316667e+01	6.412199e-02	4.801573e+00
4.320000e+01	6.379192e-02	4.800083e+00
4.323333e+01	6.335884e-02	4.798129e+00
4.326667e+01	6.182471e-02	4.791207e+00
4.330000e+01	5.741057e-02	4.771289e+00
4.333333e+01	4.995623e-02	4.737653e+00
4.336667e+01	4.237840e-02	4.703460e+00
4.340000e+01	3.829410e-02	4.685031e+00
4.343333e+01	3.857252e-02	4.686287e+00
4.346667e+01	4.100523e-02	4.697264e+00
4.350000e+01	4.281694e-02	4.705439e+00
4.353333e+01	4.289390e-02	4.705786e+00
4.356667e+01	4.192872e-02	4.701431e+00
4.360000e+01	4.112545e-02	4.697807e+00
4.363333e+01	4.104718e-02	4.697454e+00
4.366667e+01	4.144776e-02	4.699261e+00
4.370000e+01	4.180833e-02	4.700888e+00
4.373333e+01	4.186125e-02	4.701127e+00
4.376667e+01	4.169475e-02	4.700376e+00
4.380000e+01	4.153288e-02	4.699645e+00
4.383333e+01	4.150140e-02	4.699503e+00
4.386667e+01	4.157009e-02	4.699813e+00
4.390000e+01	4.164247e-02	4.700140e+00
4.393333e+01	4.165988e-02	4.700218e+00
4.396667e+01	4.163179e-02	4.700091e+00
44	4.159958e-02	4.699946e+00
4.403333e+01	4.159039e-02	4.699905e+00
4.406667e+01	4.160176e-02	4.699956e+00
4.410000e+01	4.161603e-02	4.700020e+00
4.413333e+01	4.162072e-02	4.700041e+00
4.416667e+01	4.161618e-02	4.700021e+00
4.420000e+01	4.160988e-02	4.699993e+00
4.423333e+01	4.160754e-02	4.699982e+00
4.426667e+01	4.160933e-02	4.699990e+00
4.430000e+01	4.161210e-02	4.700003e+00
4.433333e+01	4.161325e-02	4.700008e+00
4.436667e+01	4.161255e-02	4.700005e+00
4.440000e+01	4.137616e-02	4.698938e+00
4.443333e+01	3.981287e-02	4.691884e+00
4.446667e+01	3.526399e-02	4.671358e+00
4.450000e+01	2.772025e-02	4.637319e+00
4.453333e+01	2.014940e-02	4.603158e+00
4.456667e+01	1.612208e-02	4.584986e+00
4.460000e+01	1.644134e-02	4.586426e+00
4.463333e+01	1.887337e-02	4.597400e+00
4.466667e+01	2.066094e-02	4.605466e+00
4.470000e+01	2.071926e-02	4.605729e+00
4.473333e+01	1.975333e-02	4.601371e+00
4.476667e+01	1.896023e-02	4.597792e+00
4.480000e+01	1.889042e-02	4.597477e+00
4.483333e+01	1.929180e-02	4.599288e+00
4.486667e+01	1.964810e-02	4.600896e+00
4.490000e+01	1.969721e-02	4.601117e+00
4.493333e+01	1.953016e-02	4.600364e+00
4.496667e+01	1.937006e-02	4.599641e+00
45	1.957547e-02	4.600568e+00
4.503333e+01	2.120724e-02	4.607931e+00
4.506667e+01	2.582802e-02	4.628781e+00
4.510000e+01	3.338893e-02	4.662898e+00
4.513333e+01	4.093177e-02	4.696933e+00
4.516667e+01	4.492708e-02	4.714961e+00
4.520000e+01	4.459875e-02	4.713479e+00
4.523333e+01	4.217806e-02	4.702556e+00
4.526667e+01	4.040468e-02	4.694554e+00
4.530000e+01	4.035100e-02	4.694312e+00
4.533333e+01	4.131239e-02	4.698650e+00
4.536667e+01	4.209923e-02	4.702201e+00
4.540000e+01	4.216672e-02	4.702505e+00
4.543333e+01	4.176713e-02	4.700702e+00
4.546667e+01	4.141358e-02	4.699107e+00
4.550000e+01	4.136561e-02	4.698890e+00
4.553333e+01	4.153197e-02	4.699641e+00
4.556667e+01	4.169086e-02	4.700358e+00
4.560000e+01	4.148490e-02	4.699429e+00
4.563333e+01	4.008858e-02	4.693128e+00
4.566667e+01	3.703106e-02	4.679332e+00
4.570000e+01	3.401955e-02	4.665743e+00
4.573333e+01	3.402089e-02	4.665749e+00
4.576667e+01	3.759646e-02	4.681883e+00
4.580000e+01	4.195189e-02	4.701536e+00
4.583333e+01	4.311240e-02	4.706772e+00
4.586667e+01	3.620277e-02	4.675594e+00
4.590000e+01	1.627243e-02	4.585664e+00
4.593333e+01	-1.398358e-02	4.449142e+00
4.596667e+01	-3.783794e-02	4.341505e+00
46	-3.502472e-02	4.354199e+00
4.603333e+01	-3.100305e-03	4.498250e+00
4.606667e+01	3.686488e-02	4.678582e+00
4.610000e+01	5.981560e-02	4.782141e+00
4.613333e+01	5.855509e-02	4.776453e+00
4.616667e+01	4.497072e-02	4.715157e+00
4.620000e+01	3.477909e-02	4.669170e+00
4.623333e+01	3.436565e-02	4.667305e+00
4.626667e+01	3.983731e-02	4.691994e+00
4.630000e+01	4.437962e-02	4.712490e+00
4.633333e+01	4.481021e-02	4.714433e+00
4.636667e+01	4.229774e-02	4.703096e+00
4.640000e+01	3.869259e-02	4.686829e+00
4.643333e+01	3.384835e-02	4.664971e+00
4.646667e+01	2.725104e-02	4.635202e+00
4.650000e+01	2.059724e-02	4.605179e+00
4.653333e+01	1.651127e-02	4.586742e+00
4.656667e+01	1.487722e-02	4.579368e+00
4.660000e+01	1.235000e-02	4.567965e+00
4.663333e+01	6.495433e-03	4.541548e+00
4.666667e+01	-8.576011e-04	4.508369e+00
4.670000e+01	-5.668191e-03	4.486663e+00
4.673333e+01	-6.090081e-03	4.484759e+00
4.676667e+01	-3.792415e-03	4.495127e+00
4.680000e+01	-1.684408e-03	4.504638e+00
4.683333e+01	-1.296335e-03	4.506389e+00
4.686667e+01	-2.187345e-03	4.502369e+00
4.690000e+01	-3.111792e-03	4.498198e+00
4.693333e+01	-3.328443e-03	4.497220e+00
4.696667e+01	-3.437366e-03	4.496729e+00
47	-5.682841e-03	4.486597e+00
4.703333e+01	-1.154138e-02	4.460161e+00
4.706667e+01	-1.767813e-02	4.432471e+00
4.710000e+01	-1.767813e-02	4.432471e+00
4.713333e+01	-9.086160e-03	4.471240e+00
4.716667e+01	4.215095e-03	4.531258e+00
4.720000e+01	1.606480e-02	4.584727e+00
4.723333e+01	2.237598e-02	4.613205e+00
4.726667e+01	2.292140e-02	4.615666e+00
4.730000e+01	2.051828e-02	4.604822e+00
4.733333e+01	1.841754e-02	4.595343e+00
4.736667e+01	1.808566e-02	4.593846e+00
4.740000e+01	1.896837e-02	4.597829e+00
4.743333e+01	1.972269e-02	4.601232e+00
4.746667e+01	1.944458e-02	4.599977e+00
4.750000e+01	1.808309e-02	4.593834e+00
4.753333e+01	1.615926e-02	4.585153e+00
4.756667e+01	1.424421e-02	4.576512e+00
4.760000e+01	1.259773e-02	4.569083e+00
4.763333e+01	1.114746e-02	4.562539e+00
4.766667e+01	9.700631e-03	4.556010e+00
4.770000e+01	8.147013e-03	4.549000e+00
4.773333e+01	6.508660e-03	4.541607e+00
4.776667e+01	4.865351e-03	4.534192e+00
4.780000e+01	3.266930e-03	4.526980e+00
4.783333e+01	1.706655e-03	4.519940e+00
4.786667e+01	1.672895e-04	4.512994e+00
4.790000e+01	-1.279255e-03	4.506467e+00
4.793333e+01	-2.418064e-03	4.501328e+00
4.796667e+01	-3.020699e-03	4.498609e+00
48	-3.074733e-03	4.498365e+00
4.803333e+01	-2.833387e-03	4.499454e+00
4.806667e+01	-2.613281e-03	4.500447e+00
4.810000e+01	-2.570115e-03	4.500642e+00
4.813333e+01	-2.658079e-03	4.500245e+00
4.816667e+01	-2.986246e-03	4.498764e+00
4.820000e+01	-4.571662e-03	4.491610e+00
4.823333e+01	-9.085291e-03	4.471244e+00
4.826667e+01	-1.682380e-02	4.436326e+00
4.830000e+01	-2.594591e-02	4.395165e+00
4.833333e+01	-3.453666e-02	4.356401e+00
4.836667e+01	-4.177957e-02	4.323719e+00
4.840000e+01	-4.692451e-02	4.300504e+00
4.843333e+01	-4.939362e-02	4.289363e+00
4.846667e+01	-5.057065e-02	4.284052e+00
4.850000e+01	-5.365065e-02	4.270154e+00
4.853333e+01	-6.020275e-02	4.240590e+00
4.856667e+01	-6.778890e-02	4.206359e+00
4.860000e+01	-7.238217e-02	4.185633e+00
4.863333e+01	-7.249859e-02	4.185108e+00
4.866667e+01	-7.008559e-02	4.195996e+00
4.870000e+01	-6.806301e-02	4.205122e+00
4.873333e+01	-6.780891e-02	4.206269e+00
4.876667e+01	-6.875624e-02	4.201994e+00
4.880000e+01	-6.964770e-02	4.197972e+00
4.883333e+01	-6.980580e-02	4.197258e+00
4.886667e+01	-6.941722e-02	4.199012e+00
4.890000e+01	-6.902001e-02	4.200804e+00
4.893333e+01	-6.893123e-02	4.201205e+00
4.896667e+01	-6.909063e-02	4.200485e+00
49	-6.926761e-02	4.199687e+00
4.903333e+01	-6.931511e-02	4.199473e+00
4.906667e+01	-6.925033e-02	4.199765e+00
4.910000e+01	-6.917178e-02	4.200119e+00
4.913333e+01	-6.914725e-02	4.200230e+00
4.916667e+01	-6.917328e-02	4.200113e+00
4.920000e+01	-6.897280e-02	4.201017e+00
4.923333e+01	-6.742241e-02	4.208013e+00
4.926667e+01	-6.286295e-02	4.228586e+00
4.930000e+01	-5.530341e-02	4.262697e+00
4.933333e+01	-4.772622e-02	4.296887e+00
4.936667e+01	-4.393819e-02	4.313979e+00
4.940000e+01	-4.582711e-02	4.305456e+00
4.943333e+01	-5.281135e-02	4.273941e+00
4.946667e+01	-6.214162e-02	4.231841e+00
4.950000e+01	-6.976804e-02	4.197429e+00
4.953333e+01	-7.282786e-02	4.183622e+00
4.956667e+01	-7.171585e-02	4.188640e+00
4.960000e+01	-6.921521e-02	4.199923e+00
4.963333e+01	-6.782974e-02	4.206175e+00
4.966667e+01	-6.812762e-02	4.204831e+00
4.970000e+01	-6.914215e-02	4.200253e+00
4.973333e+01	-6.976786e-02	4.197430e+00
4.976667e+01	-6.967759e-02	4.197837e+00
4.980000e+01	-6.924667e-02	4.199781e+00
4.983333e+01	-6.895954e-02	4.201077e+00
4.986667e+01	-6.898208e-02	4.200975e+00
4.990000e+01	-6.916567e-02	4.200147e+00
4.993333e+01	-6.906225e-02	4.200613e+00
4.996667e+01	-6.749736e-02	4.207675e+00
50	-6.287040e-02	4.228553e+00
5.003333e+01	-5.526597e-02	4.262866e+00
5.006667e+01	-4.769238e-02	4.297039e+00
5.010000e+01	-4.369795e-02	4.315063e+00
5.013333e+01	-4.404475e-02	4.313498e+00
5.016667e+01	-4.671467e-02	4.301451e+00
5.020000e+01	-5.005121e-02	4.286396e+00
5.023333e+01	-5.464624e-02	4.265662e+00
5.026667e+01	-6.122274e-02	4.235987e+00
5.030000e+01	-6.800646e-02	4.205377e+00
5.033333e+01	-7.196946e-02	4.187495e+00
5.036667e+01	-7.205245e-02	4.187121e+00
5.040000e+01	-6.997425e-02	4.196498e+00
5.043333e+01	-6.823332e-02	4.204354e+00
5.046667e+01	-6.800744e-02	4.205373e+00
5.050000e+01	-6.881429e-02	4.201732e+00
5.053333e+01	-6.957873e-02	4.198283e+00
5.056667e+01	-6.971783e-02	4.197655e+00
5.060000e+01	-6.938769e-02	4.199145e+00
5.063333e+01	-6.904753e-02	4.200680e+00
5.066667e+01	-6.897001e-02	4.201030e+00
5.070000e+01	-6.910532e-02	4.200419e+00
5.073333e+01	-6.925679e-02	4.199736e+00
5.076667e+01	-6.929809e-02	4.199549e+00
5.080000e+01	-6.924315e-02	4.199797e+00
5.083333e+01	-6.917595e-02	4.200100e+00
5.086667e+01	-6.915469e-02	4.200196e+00
5.090000e+01	-6.917673e-02	4.200097e+00
5.093333e+01	-6.920641e-02	4.199963e+00
5.096667e+01	-6.921709e-02	4.199915e+00
51	-6.920836e-02	4.199954e+00
5.103333e+01	-6.919531e-02	4.200013e+00
5.106667e+01	-6.919006e-02	4.200037e+00
5.110000e+01	-6.919345e-02	4.200021e+00
5.113333e+01	-6.919917e-02	4.199996e+00
5.116667e+01	-6.920171e-02	4.199984e+00
5.120000e+01	-6.896524e-02	4.201051e+00
5.123333e+01	-6.740001e-02	4.208114e+00
5.126667e+01	-6.284965e-02	4.228646e+00
5.130000e+01	-5.530586e-02	4.262686e+00
5.133333e+01	-4.773583e-02	4.296843e+00
5.136667e+01	-4.370918e-02	4.315013e+00
5.140000e+01	-4.402850e-02	4.313572e+00
5.143333e+01	-4.646018e-02	4.302599e+00
5.146667e+01	-4.824745e-02	4.294535e+00
5.150000e+01	-4.830573e-02	4.294272e+00
5.153333e+01	-4.757512e-02	4.297569e+00
5.156667e+01	-4.834490e-02	4.294095e+00
5.160000e+01	-5.282426e-02	4.273883e+00
5.163333e+01	-6.076985e-02	4.238031e+00
5.166667e+01	-6.869720e-02	4.202261e+00
5.170000e+01	-7.277351e-02	4.183867e+00
5.173333e+01	-7.228700e-02	4.186063e+00
5.176667e+01	-6.969478e-02	4.197759e+00
5.180000e+01	-6.787749e-02	4.205959e+00
5.183333e+01	-6.788827e-02	4.205911e+00
5.186667e+01	-6.892589e-02	4.201229e+00
5.190000e+01	-6.973562e-02	4.197575e+00
5.193333e+01	-6.977712e-02	4.197388e+00
5.196667e+01	-6.910863e-02	4.200404e+00
52	-6.718074e-02	4.209103e+00
5.203333e+01	-6.259398e-02	4.229800e+00
5.206667e+01	-5.523092e-02	4.263024e+00
5.210000e+01	-4.782445e-02	4.296444e+00
5.213333e+01	-4.382239e-02	4.314502e+00
5.216667e+01	-4.406660e-02	4.313400e+00
5.220000e+01	-4.642483e-02	4.302759e+00
5.223333e+01	-4.819755e-02	4.294760e+00
5.226667e+01	-4.828679e-02	4.294357e+00
5.230000e+01	-4.735383e-02	4.298567e+00
5.233333e+01	-4.656888e-02	4.302109e+00
5.236667e+01	-4.648645e-02	4.302481e+00
5.240000e+01	-4.687316e-02	4.300736e+00
5.243333e+01	-4.746037e-02	4.298086e+00
5.246667e+01	-4.907732e-02	4.290790e+00
5.250000e+01	-5.346589e-02	4.270988e+00
5.253333e+01	-6.085225e-02	4.237659e+00
5.256667e+01	-6.839155e-02	4.203640e+00
5.260000e+01	-7.248494e-02	4.185169e+00
5.263333e+01	-7.223601e-02	4.186293e+00
5.266667e+01	-6.982130e-02	4.197188e+00
5.270000e+01	-6.800675e-02	4.205376e+00
5.273333e+01	-6.791714e-02	4.205780e+00
5.276667e+01	-6.887398e-02	4.201463e+00
5.280000e+01	-6.967798e-02	4.197835e+00
5.283333e+01	-6.976164e-02	4.197458e+00
5.286667e+01	-6.936490e-02	4.199248e+00
5.290000e+01	-6.900424e-02	4.200875e+00
5.293333e+01	-6.894903e-02	4.201124e+00
5.296667e+01	-6.887859e-02	4.201442e+00
53	-6.747767e-02	4.207764e+00
5.303333e+01	-6.296097e-02	4.228144e+00
5.306667e+01	-5.534880e-02	4.262492e+00
5.310000e+01	-4.770539e-02	4.296981e+00
5.313333e+01	-4.366036e-02	4.315233e+00
5.316667e+01	-4.400757e-02	4.313666e+00
5.320000e+01	-4.647188e-02	4.302547e+00
5.323333e+01	-4.826877e-02	4.294439e+00
5.326667e+01	-4.831579e-02	4.294226e+00
5.330000e+01	-4.733556e-02	4.298649e+00
5.333333e+01	-4.653771e-02	4.302250e+00
5.336667e+01	-4.647242e-02	4.302544e+00
5.340000e+01	-4.688010e-02	4.300705e+00
5.343333e+01	-4.723877e-02	4.299086e+00
5.346667e+01	-4.728610e-02	4.298873e+00
5.350000e+01	-4.711628e-02	4.299639e+00
5.353333e+01	-4.671984e-02	4.301428e+00
5.356667e+01	-4.512802e-02	4.308610e+00
5.360000e+01	-4.064912e-02	4.328820e+00
5.363333e+01	-3.317705e-02	4.362536e+00
5.366667e+01	-2.562232e-02	4.396625e+00
5.370000e+01	-2.156630e-02	4.414927e+00
5.373333e+01	-2.185361e-02	4.413630e+00
5.376667e+01	-2.427701e-02	4.402695e+00
5.380000e+01	-2.607624e-02	4.394577e+00
5.383333e+01	-2.614874e-02	4.394250e+00
5.386667e+01	-2.518726e-02	4.398588e+00
5.390000e+01	-2.438948e-02	4.402188e+00
5.393333e+01	-2.431341e-02	4.402531e+00
5.396667e+01	-2.471255e-02	4.400730e+00
54	-2.507070e-02	4.399114e+00
5.403333e+01	-2.512256e-02	4.398880e+00
5.406667e+01	-2.495662e-02	4.399629e+00
5.410000e+01	-2.479579e-02	4.400354e+00
5.413333e+01	-2.476482e-02	4.400494e+00
5.416667e+01	-2.483331e-02	4.400185e+00
5.420000e+01	-2.467005e-02	4.400922e+00
5.423333e+01	-2.312447e-02	4.407896e+00
5.426667e+01	-1.854733e-02	4.428549e+00
5.430000e+01	-1.097104e-02	4.462735e+00
5.433333e+01	-3.390856e-03	4.496939e+00
5.436667e+01	6.250279e-04	4.515059e+00
5.440000e+01	2.913494e-04	4.513553e+00
5.443333e+01	-2.145437e-03	4.502558e+00
5.446667e+01	-3.693256e-03	4.495574e+00
5.450000e+01	-2.182481e-03	4.502391e+00
5.453333e+01	3.334960e-03	4.527287e+00
5.456667e+01	1.167054e-02	4.564899e+00
5.460000e+01	1.930866e-02	4.599364e+00
5.463333e+01	2.293334e-02	4.615720e+00
5.466667e+01	2.131752e-02	4.608429e+00
5.470000e+01	1.258653e-02	4.569032e+00
5.473333e+01	-7.229939e-03	4.479616e+00
5.476667e+01	-3.636470e-02	4.348153e+00
5.480000e+01	-5.940295e-02	4.244199e+00
5.483333e+01	-5.659150e-02	4.256884e+00
5.486667e+01	-2.513823e-02	4.398809e+00
5.490000e+01	1.445698e-02	4.577472e+00
5.493333e+01	3.738811e-02	4.680943e+00
5.496667e+01	3.632584e-02	4.676150e+00
55	2.290911e-02	4.615610e+00
5.503333e+01	1.273518e-02	4.569703e+00
5.506667e+01	1.223885e-02	4.567463e+00
5.510000e+01	1.763488e-02	4.591812e+00
5.513333e+01	2.216543e-02	4.612255e+00
5.516667e+01	2.263044e-02	4.614353e+00
5.520000e+01	2.038710e-02	4.604230e+00
5.523333e+01	1.835158e-02	4.595046e+00
5.526667e+01	1.804230e-02	4.593650e+00
5.530000e+01	1.897410e-02	4.597855e+00
5.533333e+01	1.988763e-02	4.601977e+00
5.536667e+01	1.983468e-02	4.601738e+00
5.540000e+01	1.788788e-02	4.592953e+00
5.543333e+01	1.293049e-02	4.570584e+00
5.546667e+01	5.286050e-03	4.536091e+00
5.550000e+01	-2.128194e-03	4.502636e+00
5.553333e+01	-5.973803e-03	4.485284e+00
5.556667e+01	-5.366488e-03	4.488024e+00
5.560000e+01	-1.435004e-03	4.505764e+00
5.563333e+01	4.821236e-03	4.533993e+00
5.566667e+01	1.239692e-02	4.568177e+00
5.570000e+01	1.902735e-02	4.598095e+00
5.573333e+01	2.229695e-02	4.612848e+00
5.576667e+01	2.192105e-02	4.611152e+00
5.580000e+01	1.988035e-02	4.601944e+00
5.583333e+01	1.843354e-02	4.595415e+00
5.586667e+01	1.841788e-02	4.595345e+00
5.590000e+01	1.922064e-02	4.598967e+00
5.593333e+01	1.986044e-02	4.601854e+00
5.596667e+01	1.990359e-02	4.602049e+00
56	1.956977e-02	4.600542e+00
5.603333e+01	1.928215e-02	4.599245e+00
5.606667e+01	1.924820e-02	4.599091e+00
5.610000e+01	1.938752e-02	4.599720e+00
5.613333e+01	1.951699e-02	4.600304e+00
5.616667e+01	1.953861e-02	4.600402e+00
5.620000e+01	1.948086e-02	4.600141e+00
5.623333e+01	1.942282e-02	4.599879e+00
5.626667e+01	1.941039e-02	4.599823e+00
5.630000e+01	1.943413e-02	4.599930e+00
5.633333e+01	1.946003e-02	4.600047e+00
5.636667e+01	1.946675e-02	4.600077e+00
5.640000e+01	1.945709e-02	4.600034e+00
5.643333e+01	1.944558e-02	4.599982e+00
5.646667e+01	1.944209e-02	4.599966e+00
5.650000e+01	1.944598e-02	4.599984e+00
5.653333e+01	1.945107e-02	4.600007e+00
5.656667e+01	1.945283e-02	4.600015e+00
5.660000e+01	1.945129e-02	4.600008e+00
5.663333e+01	1.944905e-02	4.599998e+00
5.666667e+01	1.944817e-02	4.599994e+00
5.670000e+01	1.944878e-02	4.599996e+00
5.673333e+01	1.944976e-02	4.600001e+00
5.676667e+01	1.945019e-02	4.600003e+00
5.680000e+01	1.944995e-02	4.600002e+00
5.683333e+01	1.944952e-02	4.600000e+00
5.686667e+01	1.944932e-02	4.599999e+00
5.690000e+01	1.944941e-02	4.599999e+00
5.693333e+01	1.921441e-02	4.598939e+00
5.696667e+01	1.765177e-02	4.591888e+00
57	1.310260e-02	4.571361e+00
5.703333e+01	5.558247e-03	4.537319e+00
5.706667e+01	-2.012907e-03	4.503156e+00
5.710000e+01	-6.040120e-03	4.484984e+00
5.713333e+01	-5.720595e-03	4.486426e+00
5.716667e+01	-3.288427e-03	4.497401e+00
5.720000e+01	-1.265714e-03	4.506528e+00
5.723333e+01	3.552357e-04	4.513842e+00
5.726667e+01	3.703194e-03	4.528949e+00
5.730000e+01	8.891638e-03	4.552360e+00
5.733333e+01	1.207903e-02	4.566742e+00
5.736667e+01	1.052613e-02	4.559735e+00
5.740000e+01	7.540972e-03	4.546266e+00
5.743333e+01	8.674960e-03	4.551382e+00
5.746667e+01	1.461096e-02	4.578167e+00
5.750000e+01	2.085200e-02	4.606328e+00
5.753333e+01	2.325628e-02	4.617177e+00
5.756667e+01	2.174448e-02	4.610355e+00
5.760000e+01	1.913236e-02	4.598569e+00
5.763333e+01	1.789628e-02	4.592991e+00
5.766667e+01	1.840793e-02	4.595300e+00
5.770000e+01	1.952142e-02	4.600324e+00
5.773333e+01	2.010571e-02	4.602961e+00
5.776667e+01	1.992496e-02	4.602145e+00
5.780000e+01	1.944550e-02	4.599982e+00
5.783333e+01	1.917183e-02	4.598747e+00
5.786667e+01	1.923290e-02	4.599022e+00
5.790000e+01	1.943914e-02	4.599953e+00
5.793333e+01	1.956654e-02	4.600528e+00
5.796667e+01	1.954787e-02	4.600444e+00
58	1.945955e-02	4.600045e+00
5.803333e+01	1.916547e-02	4.598718e+00
5.806667e+01	1.760730e-02	4.591687e+00
5.810000e+01	1.309580e-02	4.571330e+00
5.813333e+01	5.578572e-03	4.537411e+00
5.816667e+01	-1.992942e-03	4.503246e+00
5.820000e+01	-6.036114e-03	4.485002e+00
5.823333e+01	-5.728969e-03	4.486388e+00
5.826667e+01	-3.297348e-03	4.497360e+00
5.830000e+01	-1.503094e-03	4.505457e+00
5.833333e+01	-1.439266e-03	4.505745e+00
5.836667e+01	-2.404714e-03	4.501388e+00
5.840000e+01	-3.200618e-03	4.497797e+00
5.843333e+01	-3.272910e-03	4.497471e+00
5.846667e+01	-2.871879e-03	4.499280e+00
5.850000e+01	-2.514407e-03	4.500893e+00
5.853333e+01	-2.464184e-03	4.501120e+00
5.856667e+01	-2.631027e-03	4.500367e+00
5.860000e+01	-2.556428e-03	4.500704e+00
5.863333e+01	-1.259133e-03	4.506557e+00
5.866667e+01	1.796170e-03	4.520344e+00
5.870000e+01	4.863149e-03	4.534183e+00
5.873333e+01	4.906844e-03	4.534380e+00
5.876667e+01	1.334754e-03	4.518262e+00
5.880000e+01	-3.043954e-03	4.498504e+00
5.883333e+01	-5.165552e-03	4.488931e+00
5.886667e+01	-4.274331e-03	4.492952e+00
5.890000e+01	-9.680964e-04	4.507871e+00
5.893333e+01	4.609838e-03	4.533040e+00
5.896667e+01	1.197664e-02	4.566280e+00
59	1.881816e-02	4.597151e+00
5.903333e+01	2.237192e-02	4.613186e+00
5.906667e+01	2.209934e-02	4.611956e+00
5.910000e+01	1.997716e-02	4.602381e+00
5.913333e+01	1.840690e-02	4.595295e+00
5.916667e+01	1.834101e-02	4.594998e+00
5.920000e+01	1.917545e-02	4.598763e+00
5.923333e+01	1.986921e-02	4.601893e+00
5.926667e+01	1.970144e-02	4.601136e+00
5.930000e+01	1.779284e-02	4.592524e+00
5.933333e+01	1.293256e-02	4.570594e+00
5.936667e+01	5.342746e-03	4.536347e+00
5.940000e+01	-2.084596e-03	4.502833e+00
5.943333e+01	-5.972149e-03	4.485291e+00
5.946667e+01	-5.625557e-03	4.486855e+00
5.950000e+01	-3.252729e-03	4.497562e+00
5.953333e+01	-1.527645e-03	4.505346e+00
5.956667e+01	-1.484413e-03	4.505541e+00
5.960000e+01	-2.426145e-03	4.501292e+00
5.963333e+01	-3.191440e-03	4.497838e+00
5.966667e+01	-3.253288e-03	4.497559e+00
5.970000e+01	-2.861701e-03	4.499326e+00
5.973333e+01	-2.517716e-03	4.500878e+00
5.976667e+01	-2.472674e-03	4.501082e+00
5.980000e+01	-2.635813e-03	4.500345e+00
5.983333e+01	-3.260840e-03	4.497525e+00
5.986667e+01	-6.178877e-03	4.484358e+00
5.990000e+01	-1.364693e-02	4.450661e+00
5.993333e+01	-2.388190e-02	4.404478e+00
5.996667e+01	-3.013664e-02	4.376255e+00
60	-2.766125e-02	4.387425e+00
6.003333e+01	-2.003078e-02	4.421855e+00
6.006667e+01	-1.546751e-02	4.442446e+00
6.010000e+01	-1.785723e-02	4.431663e+00
6.013333e+01	-2.386134e-02	4.404571e+00
6.016667e+01	-2.795988e-02	4.386077e+00
6.020000e+01	-2.793997e-02	4.386167e+00
6.023333e+01	-2.556315e-02	4.396892e+00
6.026667e+01	-2.366853e-02	4.405441e+00
6.030000e+01	-2.352844e-02	4.406073e+00
6.033333e+01	-2.450724e-02	4.401656e+00
6.036667e+01	-2.536055e-02	4.397806e+00
6.040000e+01	-2.546928e-02	4.397315e+00
6.043333e+01	-2.506264e-02	4.399150e+00
6.046667e+01	-2.467920e-02	4.400880e+00
6.050000e+01	-2.461164e-02	4.401185e+00
6.053333e+01	-2.501503e-02	4.399365e+00
6.056667e+01	-2.674948e-02	4.391539e+00
6.060000e+01	-3.133689e-02	4.370839e+00
6.063333e+01	-3.881214e-02	4.337109e+00
6.066667e+01	-4.630669e-02	4.303292e+00
6.070000e+01	-5.031340e-02	4.285213e+00
6.073333e+01	-5.002196e-02	4.286528e+00
6.076667e+01	-4.762379e-02	4.297349e+00
6.080000e+01	-4.584685e-02	4.305367e+00
6.083333e+01	-4.577736e-02	4.305680e+00
6.086667e+01	-4.672833e-02	4.301389e+00
6.090000e+01	-4.751609e-02	4.297835e+00
6.093333e+01	-4.759032e-02	4.297500e+00
6.096667e+01	-4.719552e-02	4.299281e+00
61	-4.684185e-02	4.300877e+00
6.103333e+01	-4.679102e-02	4.301107e+00
6.106667e+01	-4.695519e-02	4.300366e+00
6.110000e+01	-4.711402e-02	4.299649e+00
6.113333e+01	-4.714444e-02	4.299512e+00
6.116667e+01	-4.707667e-02	4.299818e+00
6.120000e+01	-4.700564e-02	4.300138e+00
6.123333e+01	-4.698876e-02	4.300214e+00
6.126667e+01	-4.701648e-02	4.300089e+00
6.130000e+01	-4.704810e-02	4.299947e+00
6.133333e+01	-4.705703e-02	4.299906e+00
6.136667e+01	-4.704581e-02	4.299957e+00
6.140000e+01	-4.703179e-02	4.300020e+00
6.143333e+01	-4.702722e-02	4.300041e+00
6.146667e+01	-4.703171e-02	4.300021e+00
6.150000e+01	-4.703790e-02	4.299993e+00
6.153333e+01	-4.704018e-02	4.299982e+00
6.156667e+01	-4.703841e-02	4.299990e+00
6.160000e+01	-4.703569e-02	4.300003e+00
6.163333e+01	-4.703457e-02	4.300008e+00
6.166667e+01	-4.703526e-02	4.300005e+00
6.170000e+01	-4.703645e-02	4.299999e+00
6.173333e+01	-4.703699e-02	4.299997e+00
6.176667e+01	-4.703673e-02	4.299998e+00
6.180000e+01	-4.703621e-02	4.300000e+00
6.183333e+01	-4.703595e-02	4.300001e+00
6.186667e+01	-4.703605e-02	4.300001e+00
6.190000e+01	-4.703627e-02	4.300000e+00
6.193333e+01	-4.703639e-02	4.299999e+00
6.196667e+01	-4.703636e-02	4.300000e+00
62	-4.703626e-02	4.300000e+00
6.203333e+01	-4.703621e-02	4.300000e+00
6.206667e+01	-4.703622e-02	4.300000e+00
6.210000e+01	-4.703626e-02	4.300000e+00
6.213333e+01	-4.703629e-02	4.300000e+00
6.216667e+01	-4.703628e-02	4.300000e+00
6.220000e+01	-4.703626e-02	4.300000e+00
6.223333e+01	-4.680107e-02	4.301061e+00
6.226667e+01	-4.523833e-02	4.308113e+00
6.230000e+01	-4.068920e-02	4.328639e+00
6.233333e+01	-3.314493e-02	4.362681e+00
6.236667e+01	-2.557383e-02	4.396844e+00
6.240000e+01	-2.154660e-02	4.415015e+00
6.243333e+01	-2.186609e-02	4.413574e+00
6.246667e+01	-2.429823e-02	4.402599e+00
6.250000e+01	-2.608577e-02	4.394534e+00
6.253333e+01	-2.614400e-02	4.394271e+00
6.256667e+01	-2.517801e-02	4.398630e+00
6.260000e+01	-2.438492e-02	4.402208e+00
6.263333e+01	-2.431515e-02	4.402523e+00
6.266667e+01	-2.471656e-02	4.400712e+00
6.270000e+01	-2.507286e-02	4.399104e+00
6.273333e+01	-2.488677e-02	4.399944e+00
6.276667e+01	-2.315696e-02	4.407749e+00
6.280000e+01	-1.844773e-02	4.428998e+00
6.283333e+01	-1.087370e-02	4.463174e+00
6.286667e+01	-3.606796e-03	4.495964e+00
6.290000e+01	-1.213956e-03	4.506761e+00
6.293333e+01	-6.099219e-03	4.484718e+00
6.296667e+01	-1.604737e-02	4.439829e+00
63	-2.537410e-02	4.397745e+00
6.303333e+01	-2.945071e-02	4.379350e+00
6.306667e+01	-2.817669e-02	4.385099e+00
6.310000e+01	-2.496560e-02	4.399588e+00
6.313333e+01	-2.311285e-02	4.407948e+00
6.316667e+01	-2.345143e-02	4.406420e+00
6.320000e+01	-2.476747e-02	4.400482e+00
6.323333e+01	-2.560738e-02	4.396692e+00
6.326667e+01	-2.551189e-02	4.397123e+00
6.330000e+01	-2.495314e-02	4.399644e+00
6.333333e+01	-2.456819e-02	4.401381e+00
6.336667e+01	-2.458743e-02	4.401294e+00
6.340000e+01	-2.482494e-02	4.400223e+00
6.343333e+01	-2.500113e-02	4.399428e+00
6.346667e+01	-2.500288e-02	4.399420e+00
6.350000e+01	-2.490247e-02	4.399873e+00
6.353333e+01	-2.482224e-02	4.400235e+00
6.356667e+01	-2.481697e-02	4.400259e+00
6.360000e+01	-2.485916e-02	4.400068e+00
6.363333e+01	-2.489550e-02	4.399904e+00
6.366667e+01	-2.489978e-02	4.399885e+00
6.370000e+01	-2.488217e-02	4.399965e+00
6.373333e+01	-2.486580e-02	4.400038e+00
6.376667e+01	-2.486306e-02	4.400051e+00
6.380000e+01	-2.510554e-02	4.398957e+00
6.383333e+01	-2.667562e-02	4.391872e+00
6.386667e+01	-3.122633e-02	4.371338e+00
6.390000e+01	-3.876760e-02	4.337310e+00
6.393333e+01	-4.610025e-02	4.304223e+00
6.396667e+01	-4.856389e-02	4.293107e+00
64	-4.369648e-02	4.315070e+00
6.403333e+01	-3.372152e-02	4.360079e+00
6.406667e+01	-2.436331e-02	4.402306e+00
6.410000e+01	-2.027737e-02	4.420743e+00
6.413333e+01	-2.156221e-02	4.414945e+00
6.416667e+01	-2.502240e-02	4.399332e+00
6.420000e+01	-2.844264e-02	4.383899e+00
6.423333e+01	-3.264888e-02	4.364919e+00
6.426667e+01	-3.887097e-02	4.336844e+00
6.430000e+01	-4.559983e-02	4.306482e+00
6.433333e+01	-4.972423e-02	4.287871e+00
6.436667e+01	-5.020137e-02	4.285718e+00
6.440000e+01	-4.971805e-02	4.287899e+00
6.443333e+01	-5.245976e-02	4.275528e+00
6.446667e+01	-5.970713e-02	4.242826e+00
6.450000e+01	-6.830266e-02	4.204041e+00
6.453333e+01	-7.468421e-02	4.175246e+00
6.456667e+01	-7.908454e-02	4.155391e+00
6.460000e+01	-8.387576e-02	4.133771e+00
6.463333e+01	-8.930821e-02	4.109259e+00
6.466667e+01	-9.318571e-02	4.091763e+00
6.470000e+01	-9.396281e-02	4.088256e+00
6.473333e+01	-9.247960e-02	4.094949e+00
6.476667e+01	-9.080930e-02	4.102486e+00
6.480000e+01	-9.029707e-02	4.104797e+00
6.483333e+01	-9.083783e-02	4.102357e+00
6.486667e+01	-9.155786e-02	4.099108e+00
6.490000e+01	-9.181560e-02	4.097945e+00
6.493333e+01	-9.160464e-02	4.098897e+00
6.496667e+01	-9.128995e-02	4.100317e+00
65	-9.116366e-02	4.100887e+00
6.503333e+01	-9.124578e-02	4.100516e+00
6.506667e+01	-9.138347e-02	4.099895e+00
6.510000e+01	-9.144463e-02	4.099619e+00
6.513333e+01	-9.141332e-02	4.099760e+00
6.516667e+01	-9.135329e-02	4.100031e+00
6.520000e+01	-9.132402e-02	4.100163e+00
6.523333e+01	-9.133562e-02	4.100111e+00
6.526667e+01	-9.136168e-02	4.099993e+00
6.530000e+01	-9.137553e-02	4.099931e+00
6.533333e+01	-9.137141e-02	4.099949e+00
6.536667e+01	-9.136015e-02	4.100000e+00
6.540000e+01	-9.111847e-02	4.101091e+00
6.543333e+01	-8.955711e-02	4.108136e+00
6.546667e+01	-8.501281e-02	4.128641e+00
6.550000e+01	-7.747156e-02	4.162669e+00
6.553333e+01	-6.990004e-02	4.196833e+00
6.556667e+01	-6.587075e-02	4.215014e+00
6.560000e+01	-6.618884e-02	4.213579e+00
6.563333e+01	-6.862108e-02	4.202604e+00
6.566667e+01	-7.040950e-02	4.194534e+00
6.570000e+01	-7.046837e-02	4.194269e+00
6.573333e+01	-6.950237e-02	4.198628e+00
6.576667e+01	-6.870891e-02	4.202208e+00
6.580000e+01	-6.863885e-02	4.202524e+00
6.583333e+01	-6.904024e-02	4.200713e+00
6.586667e+01	-6.939670e-02	4.199104e+00
6.590000e+01	-6.944592e-02	4.198882e+00
6.593333e+01	-6.927887e-02	4.199636e+00
6.596667e+01	-6.911871e-02	4.200359e+00
66	-6.908889e-02	4.200493e+00
6.603333e+01	-6.915791e-02	4.200182e+00
6.606667e+01	-6.922958e-02	4.199858e+00
6.610000e+01	-6.924624e-02	4.199783e+00
6.613333e+01	-6.921798e-02	4.199911e+00
6.616667e+01	-6.918605e-02	4.200055e+00
6.620000e+01	-6.917720e-02	4.200095e+00
6.623333e+01	-6.895348e-02	4.201104e+00
6.626667e+01	-6.740489e-02	4.208092e+00
6.630000e+01	-6.286030e-02	4.228598e+00
6.633333e+01	-5.531144e-02	4.262660e+00
6.636667e+01	-4.773408e-02	4.296851e+00
6.640000e+01	-4.370458e-02	4.315033e+00
6.643333e+01	-4.402588e-02	4.313584e+00
6.646667e+01	-4.646078e-02	4.302597e+00
6.650000e+01	-4.848461e-02	4.293465e+00
6.653333e+01	-5.010487e-02	4.286154e+00
6.656667e+01	-5.368682e-02	4.269991e+00
6.660000e+01	-6.020228e-02	4.240592e+00
6.663333e+01	-6.614115e-02	4.213794e+00
6.666667e+01	-6.602117e-02	4.214336e+00
6.670000e+01	-5.851396e-02	4.248210e+00
6.673333e+01	-4.855970e-02	4.293126e+00
6.676667e+01	-4.257765e-02	4.320118e+00
6.680000e+01	-4.267869e-02	4.319662e+00
6.683333e+01	-4.604710e-02	4.304463e+00
6.686667e+01	-4.869686e-02	4.292507e+00
6.690000e+01	-4.889654e-02	4.291606e+00
6.693333e+01	-4.754578e-02	4.297701e+00
6.696667e+01	-4.636807e-02	4.303015e+00
67	-4.621728e-02	4.303695e+00
6.703333e+01	-4.677691e-02	4.301170e+00
6.706667e+01	-4.730479e-02	4.298788e+00
6.710000e+01	-4.739780e-02	4.298369e+00
6.713333e+01	-4.716625e-02	4.299413e+00
6.716667e+01	-4.692990e-02	4.300480e+00
6.720000e+01	-4.687726e-02	4.300717e+00
6.723333e+01	-4.697228e-02	4.300289e+00
6.726667e+01	-4.707766e-02	4.299813e+00
6.730000e+01	-4.710589e-02	4.299686e+00
6.733333e+01	-4.706727e-02	4.299860e+00
6.736667e+01	-4.702050e-02	4.300071e+00
6.740000e+01	-4.700591e-02	4.300137e+00
6.743333e+01	-4.702143e-02	4.300067e+00
6.746667e+01	-4.704210e-02	4.299974e+00
6.750000e+01	-4.704944e-02	4.299941e+00
6.753333e+01	-4.704328e-02	4.299968e+00
6.756667e+01	-4.703419e-02	4.300009e+00
6.760000e+01	-4.703057e-02	4.300026e+00
6.763333e+01	-4.703297e-02	4.300015e+00
6.766667e+01	-4.703695e-02	4.299997e+00
6.770000e+01	-4.703871e-02	4.299989e+00
6.773333e+01	-4.703779e-02	4.299993e+00
6.776667e+01	-4.703606e-02	4.300001e+00
6.780000e+01	-4.703522e-02	4.300005e+00
6.783333e+01	-4.703556e-02	4.300003e+00
6.786667e+01	-4.703631e-02	4.300000e+00
6.790000e+01	-4.703671e-02	4.299998e+00
6.793333e+01	-4.703659e-02	4.299999e+00
6.796667e+01	-4.703626e-02	4.300000e+00
68	-4.703607e-02	4.300001e+00
6.803333e+01	-4.703611e-02	4.300001e+00
6.806667e+01	-4.703625e-02	4.300000e+00
6.810000e+01	-4.703634e-02	4.300000e+00
6.813333e+01	-4.703633e-02	4.300000e+00
6.816667e+01	-4.703627e-02	4.300000e+00
6.820000e+01	-4.703623e-02	4.300000e+00
6.823333e+01	-4.703623e-02	4.300000e+00
6.826667e+01	-4.703626e-02	4.300000e+00
6.830000e+01	-4.703628e-02	4.300000e+00
6.833333e+01	-4.703628e-02	4.300000e+00
6.836667e+01	-4.703627e-02	4.300000e+00
6.840000e+01	-4.703626e-02	4.300000e+00
6.843333e+01	-4.703626e-02	4.300000e+00
6.846667e+01	-4.703626e-02	4.300000e+00
6.850000e+01	-4.703626e-02	4.300000e+00
6.853333e+01	-4.703627e-02	4.300000e+00
6.856667e+01	-4.703626e-02	4.300000e+00
6.860000e+01	-4.703626e-02	4.300000e+00
6.863333e+01	-4.703626e-02	4.300000e+00
6.866667e+01	-4.680108e-02	4.301061e+00
6.870000e+01	-4.523834e-02	4.308113e+00
6.873333e+01	-4.068921e-02	4.328639e+00
6.876667e+01	-3.314493e-02	4.362681e+00
6.880000e+01	-2.557382e-02	4.396844e+00
6.883333e+01	-2.154660e-02	4.415015e+00
6.886667e+01	-2.186609e-02	4.413574e+00
6.890000e+01	-2.429824e-02	4.402599e+00
6.893333e+01	-2.585059e-02	4.395595e+00
6.896667e+01	-2.434608e-02	4.402384e+00
69	-1.883095e-02	4.427269e+00
6.903333e+01	-1.049359e-02	4.464889e+00
6.906667e+01	-3.087896e-03	4.498306e+00
6.910000e+01	-1.024815e-03	4.507615e+00
6.913333e+01	-6.249744e-03	4.484039e+00
6.916667e+01	-1.627525e-02	4.438801e+00
6.920000e+01	-2.546683e-02	4.397326e+00
6.923333e+01	-2.915700e-02	4.380676e+00
6.926667e+01	-2.627903e-02	4.393662e+00
6.930000e+01	-1.857368e-02	4.428430e+00
6.933333e+01	-9.243751e-03	4.470529e+00
6.936667e+01	-1.797276e-03	4.504129e+00
6.940000e+01	2.263488e-03	4.522452e+00
6.943333e+01	4.120130e-03	4.530830e+00
6.946667e+01	5.024446e-03	4.534910e+00
6.950000e+01	5.376523e-03	4.536499e+00
6.953333e+01	6.695457e-03	4.542450e+00
6.956667e+01	1.083452e-02	4.561127e+00
6.960000e+01	1.685195e-02	4.588279e+00
6.963333e+01	2.142306e-02	4.608905e+00
6.966667e+01	2.243227e-02	4.613459e+00
6.970000e+01	2.076716e-02	4.605945e+00
6.973333e+01	1.883538e-02	4.597229e+00
6.976667e+01	1.822494e-02	4.594474e+00
6.980000e+01	1.883815e-02	4.597241e+00
6.983333e+01	1.967084e-02	4.600998e+00
6.986667e+01	1.997509e-02	4.602371e+00
6.990000e+01	1.973563e-02	4.601291e+00
6.993333e+01	1.937163e-02	4.599648e+00
6.996667e+01	1.922294e-02	4.598977e+00
70	1.931589e-02	4.599397e+00
7.003333e+01	1.947508e-02	4.600115e+00
7.006667e+01	1.954694e-02	4.600439e+00
7.010000e+01	1.951164e-02	4.600280e+00
7.013333e+01	1.920711e-02	4.598906e+00
7.016667e+01	1.761005e-02	4.591700e+00
7.020000e+01	1.307391e-02	4.571231e+00
7.023333e+01	5.559716e-03	4.537326e+00
7.026667e+01	-1.995170e-03	4.503236e+00
7.030000e+01	-6.026977e-03	4.485044e+00
7.033333e+01	-5.720474e-03	4.486427e+00
7.036667e+01	-3.531106e-03	4.496306e+00
7.040000e+01	-3.304801e-03	4.497327e+00
7.043333e+01	-7.790131e-03	4.477088e+00
7.046667e+01	-1.629686e-02	4.438704e+00
7.050000e+01	-2.466150e-02	4.400960e+00
7.053333e+01	-2.876087e-02	4.382463e+00
7.056667e+01	-2.804161e-02	4.385708e+00
7.060000e+01	-2.525307e-02	4.398291e+00
7.063333e+01	-2.341543e-02	4.406583e+00
7.066667e+01	-2.352352e-02	4.406095e+00
7.070000e+01	-2.464961e-02	4.401014e+00
7.073333e+01	-2.547288e-02	4.397299e+00
7.076667e+01	-2.547396e-02	4.397294e+00
7.080000e+01	-2.500093e-02	4.399429e+00
7.083333e+01	-2.462781e-02	4.401112e+00
7.086667e+01	-2.460684e-02	4.401207e+00
7.090000e+01	-2.480580e-02	4.400309e+00
7.093333e+01	-2.497482e-02	4.399546e+00
7.096667e+01	-2.499318e-02	4.399464e+00
71	-2.491001e-02	4.399839e+00
7.103333e+01	-2.506898e-02	4.399122e+00
7.106667e+01	-2.661965e-02	4.392125e+00
7.110000e+01	-3.120329e-02	4.371442e+00
7.113333e+01	-3.878177e-02	4.337246e+00
7.116667e+01	-4.635992e-02	4.303052e+00
7.120000e+01	-5.037294e-02	4.284944e+00
7.123333e+01	-5.003817e-02	4.286455e+00
7.126667e+01	-4.760218e-02	4.297446e+00
7.130000e+01	-4.582044e-02	4.305486e+00
7.133333e+01	-4.576901e-02	4.305718e+00
7.136667e+01	-4.673700e-02	4.301350e+00
7.140000e+01	-4.752776e-02	4.297782e+00
7.143333e+01	-4.759451e-02	4.297481e+00
7.146667e+01	-4.719209e-02	4.299297e+00
7.150000e+01	-4.683672e-02	4.300900e+00
7.153333e+01	-4.678896e-02	4.301116e+00
7.156667e+01	-4.695653e-02	4.300360e+00
7.160000e+01	-4.711626e-02	4.299639e+00
7.163333e+01	-4.714544e-02	4.299507e+00
7.166667e+01	-4.707616e-02	4.299820e+00
7.170000e+01	-4.700466e-02	4.300143e+00
7.173333e+01	-4.698828e-02	4.300217e+00
7.176667e+01	-4.701667e-02	4.300088e+00
7.180000e+01	-4.704853e-02	4.299945e+00
7.183333e+01	-4.729244e-02	4.298844e+00
7.186667e+01	-4.884366e-02	4.291845e+00
7.190000e+01	-5.337866e-02	4.271382e+00
7.193333e+01	-6.091845e-02	4.237360e+00
7.196667e+01	-6.849417e-02	4.203177e+00
72	-7.276282e-02	4.183916e+00
7.203333e+01	-7.400832e-02	4.178296e+00
7.206667e+01	-7.612349e-02	4.168751e+00
7.210000e+01	-8.187748e-02	4.142788e+00
7.213333e+01	-8.938926e-02	4.108893e+00
7.216667e+01	-9.438318e-02	4.086359e+00
7.220000e+01	-9.485798e-02	4.084217e+00
7.223333e+01	-9.249613e-02	4.094874e+00
7.226667e+01	-9.030692e-02	4.104752e+00
7.230000e+01	-8.989187e-02	4.106625e+00
7.233333e+01	-9.080852e-02	4.102489e+00
7.236667e+01	-9.176877e-02	4.098156e+00
7.240000e+01	-9.199886e-02	4.097118e+00
7.243333e+01	-9.162734e-02	4.098794e+00
7.246667e+01	-9.096679e-02	4.101775e+00
7.250000e+01	-8.928322e-02	4.109372e+00
7.253333e+01	-8.488446e-02	4.129220e+00
7.256667e+01	-7.752856e-02	4.162411e+00
7.260000e+01	-7.001917e-02	4.196296e+00
7.263333e+01	-6.593178e-02	4.214739e+00
7.266667e+01	-6.616816e-02	4.213672e+00
7.270000e+01	-6.856950e-02	4.202837e+00
7.273333e+01	-7.038076e-02	4.194664e+00
7.276667e+01	-7.047549e-02	4.194237e+00
7.280000e+01	-6.952460e-02	4.198527e+00
7.283333e+01	-6.872233e-02	4.202147e+00
7.286667e+01	-6.863660e-02	4.202534e+00
7.290000e+01	-6.903071e-02	4.200756e+00
7.293333e+01	-6.939049e-02	4.199132e+00
7.296667e+01	-6.944653e-02	4.198880e+00
73	-6.928294e-02	4.199618e+00
7.303333e+01	-6.912157e-02	4.200346e+00
7.306667e+01	-6.908880e-02	4.200494e+00
7.310000e+01	-6.915618e-02	4.200190e+00
7.313333e+01	-6.922827e-02	4.199864e+00
7.316667e+01	-6.924621e-02	4.199783e+00
7.320000e+01	-6.921871e-02	4.199908e+00
7.323333e+01	-6.918665e-02	4.200052e+00
7.326667e+01	-6.917725e-02	4.200095e+00
7.330000e+01	-6.918835e-02	4.200044e+00
7.333333e+01	-6.920255e-02	4.199980e+00
7.336667e+01	-6.920733e-02	4.199959e+00
7.340000e+01	-6.920290e-02	4.199979e+00
7.343333e+01	-6.943182e-02	4.198946e+00
7.346667e+01	-7.099218e-02	4.191905e+00
7.350000e+01	-7.554306e-02	4.171371e+00
7.353333e+01	-8.309008e-02	4.137317e+00
7.356667e+01	-9.066235e-02	4.103149e+00
7.360000e+01	-9.468890e-02	4.084980e+00
7.363333e+01	-9.436821e-02	4.086427e+00
7.366667e+01	-9.193551e-02	4.097404e+00
7.370000e+01	-9.014822e-02	4.105469e+00
7.373333e+01	-9.009052e-02	4.105729e+00
7.376667e+01	-9.105677e-02	4.101369e+00
7.380000e+01	-9.184977e-02	4.097791e+00
7.383333e+01	-9.191931e-02	4.097477e+00
7.386667e+01	-9.151778e-02	4.099289e+00
7.390000e+01	-9.116151e-02	4.100896e+00
7.393333e+01	-9.111252e-02	4.101117e+00
7.396667e+01	-9.151483e-02	4.099302e+00
74	-9.323766e-02	4.091528e+00
7.403333e+01	-9.758133e-02	4.071929e+00
7.406667e+01	-1.034938e-01	4.045250e+00
7.410000e+01	-1.062090e-01	4.032999e+00
7.413333e+01	-1.011125e-01	4.055995e+00
7.416667e+01	-8.870109e-02	4.111998e+00
7.420000e+01	-7.472936e-02	4.175042e+00
7.423333e+01	-6.569904e-02	4.215789e+00
7.426667e+01	-6.403427e-02	4.223301e+00
7.430000e+01	-6.709313e-02	4.209499e+00
7.433333e+01	-7.037206e-02	4.194703e+00
7.436667e+01	-7.126797e-02	4.190661e+00
7.440000e+01	-7.013794e-02	4.195760e+00
7.443333e+01	-6.874817e-02	4.202031e+00
7.446667e+01	-6.830557e-02	4.204028e+00
7.450000e+01	-6.899161e-02	4.200932e+00
7.453333e+01	-7.116382e-02	4.191131e+00
7.456667e+01	-7.593266e-02	4.169613e+00
7.460000e+01	-8.329810e-02	4.136378e+00
7.463333e+01	-9.060128e-02	4.103424e+00
7.466667e+01	-9.452053e-02	4.085740e+00
7.470000e+01	-9.427067e-02	4.086867e+00
7.473333e+01	-9.195585e-02	4.097312e+00
7.476667e+01	-9.022063e-02	4.105142e+00
7.480000e+01	-9.013589e-02	4.105524e+00
7.483333e+01	-9.105073e-02	4.101396e+00
7.486667e+01	-9.181880e-02	4.097931e+00
7.490000e+01	-9.189836e-02	4.097571e+00
7.493333e+01	-9.151916e-02	4.099283e+00
7.496667e+01	-9.117470e-02	4.100837e+00
75	-9.112213e-02	4.101074e+00
7.503333e+01	-9.127961e-02	4.100363e+00
7.506667e+01	-9.143415e-02	4.099666e+00
7.510000e+01	-9.146507e-02	4.099527e+00
7.513333e+01	-9.140016e-02	4.099819e+00
7.516667e+01	-9.133110e-02	4.100131e+00
7.520000e+01	-9.131412e-02	4.100208e+00
7.523333e+01	-9.134063e-02	4.100088e+00
7.526667e+01	-9.137135e-02	4.099949e+00
7.530000e+01	-9.138027e-02	4.099909e+00
7.533333e+01	-9.113438e-02	4.101019e+00
7.536667e+01	-8.955803e-02	4.108132e+00
7.540000e+01	-8.500435e-02	4.128679e+00
7.543333e+01	-7.746435e-02	4.162701e+00
7.546667e+01	-6.989924e-02	4.196837e+00
7.550000e+01	-6.587428e-02	4.214998e+00
7.553333e+01	-6.642727e-02	4.212503e+00
7.556667e+01	-7.041952e-02	4.194489e+00
7.560000e+01	-7.675509e-02	4.165902e+00
7.563333e+01	-8.435824e-02	4.131594e+00
7.566667e+01	-9.096451e-02	4.101785e+00
7.570000e+01	-9.443436e-02	4.086128e+00
7.573333e+01	-9.560760e-02	4.080835e+00
7.576667e+01	-9.812549e-02	4.069473e+00
7.580000e+01	-1.040031e-01	4.042952e+00
7.583333e+01	-1.100024e-01	4.015882e+00
7.586667e+01	-1.102796e-01	4.014631e+00
7.590000e+01	-1.030490e-01	4.047257e+00
7.593333e+01	-9.308571e-02	4.092214e+00
7.596667e+01	-8.693848e-02	4.119952e+00
76	-8.691504e-02	4.120057e+00
7.603333e+01	-9.028073e-02	4.104871e+00
7.606667e+01	-9.300019e-02	4.092600e+00
7.610000e+01	-9.325639e-02	4.091444e+00
7.613333e+01	-9.167473e-02	4.098581e+00
7.616667e+01	-8.890501e-02	4.111078e+00
7.620000e+01	-8.417952e-02	4.132401e+00
7.623333e+01	-7.719162e-02	4.163932e+00
7.626667e+01	-7.039578e-02	4.194596e+00
7.630000e+01	-6.874135e-02	4.202061e+00
7.633333e+01	-7.806867e-02	4.159974e+00
7.636667e+01	-1.014511e-01	4.054467e+00
7.640000e+01	-1.333848e-01	3.910375e+00
7.643333e+01	-1.595719e-01	3.792212e+00
7.646667e+01	-1.657873e-01	3.764167e+00
7.650000e+01	-1.479867e-01	3.844487e+00
7.653333e+01	-1.161622e-01	3.988087e+00
7.656667e+01	-8.838179e-02	4.113439e+00
7.660000e+01	-7.743212e-02	4.162847e+00
7.663333e+01	-8.191075e-02	4.142638e+00
7.666667e+01	-8.994743e-02	4.106375e+00
7.670000e+01	-9.041647e-02	4.104258e+00
7.673333e+01	-8.145062e-02	4.144714e+00
7.676667e+01	-6.992335e-02	4.196728e+00
7.680000e+01	-6.360449e-02	4.225240e+00
7.683333e+01	-6.439494e-02	4.221674e+00
7.686667e+01	-6.851711e-02	4.203073e+00
7.690000e+01	-7.136372e-02	4.190229e+00
7.693333e+01	-7.128076e-02	4.190603e+00
7.696667e+01	-6.982690e-02	4.197163e+00
77	-7.010788e-02	4.195895e+00
7.703333e+01	-7.461958e-02	4.175537e+00
7.706667e+01	-8.287309e-02	4.138296e+00
7.710000e+01	-9.102467e-02	4.101514e+00
7.713333e+01	-9.509995e-02	4.083125e+00
7.716667e+01	-9.448308e-02	4.085909e+00
7.720000e+01	-9.178861e-02	4.098067e+00
7.723333e+01	-8.996598e-02	4.106291e+00
7.726667e+01	-9.003163e-02	4.105995e+00
7.730000e+01	-9.111561e-02	4.101103e+00
7.733333e+01	-9.193022e-02	4.097428e+00
7.736667e+01	-9.194878e-02	4.097344e+00
7.740000e+01	-9.149455e-02	4.099394e+00
7.743333e+01	-9.112616e-02	4.101056e+00
7.746667e+01	-9.109806e-02	4.101183e+00
7.750000e+01	-9.152384e-02	4.099261e+00
7.753333e+01	-9.325312e-02	4.091458e+00
7.756667e+01	-9.782350e-02	4.070836e+00
7.760000e+01	-1.052883e-01	4.037153e+00
7.763333e+01	-1.127845e-01	4.003328e+00
7.766667e+01	-1.167985e-01	3.985216e+00
7.770000e+01	-1.165118e-01	3.986510e+00
7.773333e+01	-1.141133e-01	3.997332e+00
7.776667e+01	-1.123332e-01	4.005364e+00
7.780000e+01	-1.122615e-01	4.005688e+00
7.783333e+01	-1.132125e-01	4.001397e+00
7.786667e+01	-1.140016e-01	3.997836e+00
7.790000e+01	-1.140769e-01	3.997497e+00
7.793333e+01	-1.136821e-01	3.999278e+00
7.796667e+01	-1.133279e-01	4.000876e+00
78	-1.132766e-01	4.001108e+00
7.803333e+01	-1.134407e-01	4.000367e+00
7.806667e+01	-1.135998e-01	3.999650e+00
7.810000e+01	-1.136304e-01	3.999511e+00
7.813333e+01	-1.133275e-01	4.000878e+00
7.816667e+01	-1.116936e-01	4.008251e+00
7.820000e+01	-1.071275e-01	4.028854e+00
7.823333e+01	-9.961093e-02	4.062771e+00
7.826667e+01	-9.207148e-02	4.096790e+00
7.830000e+01	-8.805323e-02	4.114922e+00
7.833333e+01	-8.836150e-02	4.113531e+00
7.836667e+01	-9.077962e-02	4.102620e+00
7.840000e+01	-9.256256e-02	4.094574e+00
7.843333e+01	-9.262528e-02	4.094291e+00
7.846667e+01	-9.190066e-02	4.097561e+00
7.850000e+01	-9.267260e-02	4.094078e+00
7.853333e+01	-9.715021e-02	4.073874e+00
7.856667e+01	-1.050932e-01	4.038033e+00
7.860000e+01	-1.130195e-01	4.002268e+00
7.863333e+01	-1.170964e-01	3.983872e+00
7.866667e+01	-1.166111e-01	3.986062e+00
7.870000e+01	-1.140194e-01	3.997756e+00
7.873333e+01	-1.122018e-01	4.005957e+00
7.876667e+01	-1.122121e-01	4.005911e+00
7.880000e+01	-1.132495e-01	4.001230e+00
7.883333e+01	-1.140593e-01	3.997576e+00
7.886667e+01	-1.141010e-01	3.997388e+00
7.890000e+01	-1.136678e-01	3.999342e+00
7.893333e+01	-1.133027e-01	4.000990e+00
7.896667e+01	-1.132649e-01	4.001160e+00
79	-1.134461e-01	4.000343e+00
7.903333e+01	-1.136107e-01	3.999600e+00
7.906667e+01	-1.136359e-01	3.999486e+00
7.910000e+01	-1.135607e-01	3.999826e+00
7.913333e+01	-1.132516e-01	4.001221e+00
7.916667e+01	-1.116740e-01	4.008339e+00
7.920000e+01	-1.071559e-01	4.028726e+00
7.923333e+01	-9.964464e-02	4.062618e+00
7.926667e+01	-9.208168e-02	4.096744e+00
7.930000e+01	-8.804179e-02	4.114973e+00
7.933333e+01	-8.834659e-02	4.113598e+00
7.936667e+01	-9.077446e-02	4.102643e+00
7.940000e+01	-9.256711e-02	4.094554e+00
7.943333e+01	-9.263184e-02	4.094262e+00
7.946667e+01	-9.166803e-02	4.098611e+00
7.950000e+01	-9.087290e-02	4.102199e+00
7.953333e+01	-9.080027e-02	4.102526e+00
7.956667e+01	-9.120059e-02	4.100720e+00
7.960000e+01	-9.155769e-02	4.099109e+00
7.963333e+01	-9.160804e-02	4.098881e+00
7.966667e+01	-9.144151e-02	4.099633e+00
7.970000e+01	-9.128110e-02	4.100357e+00
7.973333e+01	-9.125079e-02	4.100493e+00
7.976667e+01	-9.131956e-02	4.100183e+00
7.980000e+01	-9.139132e-02	4.099859e+00
7.983333e+01	-9.140820e-02	4.099783e+00
7.986667e+01	-9.138005e-02	4.099910e+00
7.990000e+01	-9.134809e-02	4.100054e+00
7.993333e+01	-9.133915e-02	4.100095e+00
7.996667e+01	-9.135055e-02	4.100043e+00
80	-9.136472e-02	4.099979e+00
8.003333e+01	-9.136931e-02	4.099959e+00
8.006667e+01	-9.136474e-02	4.099979e+00
8.010000e+01	-9.135849e-02	4.100008e+00
8.013333e+01	-9.135619e-02	4.100018e+00
8.016667e+01	-9.135799e-02	4.100010e+00
8.020000e+01	-9.136074e-02	4.099997e+00
8.023333e+01	-9.136187e-02	4.099992e+00
8.026667e+01	-9.136117e-02	4.099995e+00
8.030000e+01	-9.135997e-02	4.100001e+00
8.033333e+01	-9.135942e-02	4.100003e+00
8.036667e+01	-9.135969e-02	4.100002e+00
8.040000e+01	-9.136021e-02	4.100000e+00
8.043333e+01	-9.136047e-02	4.099999e+00
8.046667e+01	-9.136037e-02	4.099999e+00
8.050000e+01	-9.136015e-02	4.100000e+00
8.053333e+01	-9.136002e-02	4.100001e+00
8.056667e+01	-9.136006e-02	4.100000e+00
8.060000e+01	-9.136016e-02	4.100000e+00
8.063333e+01	-9.136021e-02	4.100000e+00
8.066667e+01	-9.136020e-02	4.100000e+00
8.070000e+01	-9.136016e-02	4.100000e+00
8.073333e+01	-9.136013e-02	4.100000e+00
8.076667e+01	-9.136014e-02	4.100000e+00
8.080000e+01	-9.136015e-02	4.100000e+00
8.083333e+01	-9.136017e-02	4.100000e+00
8.086667e+01	-9.136017e-02	4.100000e+00
8.090000e+01	-9.136016e-02	4.100000e+00
8.093333e+01	-9.136015e-02	4.100000e+00
8.096667e+01	-9.136015e-02	4.100000e+00
81	-9.136016e-02	4.100000e+00
8.103333e+01	-9.136016e-02	4.100000e+00
8.106667e+01	-9.136016e-02	4.100000e+00
8.110000e+01	-9.136016e-02	4.100000e+00
8.113333e+01	-9.136016e-02	4.100000e+00
8.116667e+01	-9.136016e-02	4.100000e+00
8.120000e+01	-9.136016e-02	4.100000e+00
8.123333e+01	-9.136016e-02	4.100000e+00
8.126667e+01	-9.136016e-02	4.100000e+00
8.130000e+01	-9.136016e-02	4.100000e+00
8.133333e+01	-9.136016e-02	4.100000e+00
8.136667e+01	-9.136016e-02	4.100000e+00
8.140000e+01	-9.136016e-02	4.100000e+00
8.143333e+01	-9.136016e-02	4.100000e+00
8.146667e+01	-9.112498e-02	4.101061e+00
8.150000e+01	-8.956224e-02	4.108113e+00
8.153333e+01	-8.501310e-02	4.128639e+00
8.156667e+01	-7.746883e-02	4.162681e+00
8.160000e+01	-6.989772e-02	4.196844e+00
8.163333e+01	-6.587049e-02	4.215015e+00
8.166667e+01	-6.618998e-02	4.213574e+00
0	0	0
0	0	0
0	0	0
