0	3.122028e-02	5.381792e+00
3.333333e-02	1.789825e-02	5.312267e+00
6.666667e-02	2.308813e-03	5.230908e+00
1.000000e-01	-8.683039e-03	5.173543e+00
1.333333e-01	-1.203023e-02	5.156074e+00
1.666667e-01	-1.016314e-02	5.165818e+00
2.000000e-01	-7.840546e-03	5.177939e+00
2.333333e-01	-8.007764e-03	5.177067e+00
2.666667e-01	-1.042873e-02	5.164432e+00
3.000000e-01	-1.323048e-02	5.149810e+00
3.333333e-01	-1.504936e-02	5.140318e+00
3.666667e-01	-1.587649e-02	5.136001e+00
4.000000e-01	-1.648783e-02	5.132811e+00
4.333333e-01	-1.750057e-02	5.127525e+00
4.666667e-01	-1.895403e-02	5.119940e+00
5.000000e-01	-2.050958e-02	5.111822e+00
5.333333e-01	-2.181171e-02	5.105026e+00
5.666667e-01	-2.265598e-02	5.100620e+00
6.000000e-01	-2.300546e-02	5.098796e+00
6.333333e-01	-2.298429e-02	5.098906e+00
6.666667e-01	-2.281748e-02	5.099777e+00
7.000000e-01	-2.269935e-02	5.100394e+00
7.333333e-01	-2.269528e-02	5.100415e+00
7.666667e-01	-2.275618e-02	5.100097e+00
8.000000e-01	-2.280547e-02	5.099840e+00
8.333333e-01	-2.280930e-02	5.099820e+00
8.666667e-01	-2.278410e-02	5.099951e+00
9.000000e-01	-2.276215e-02	5.100066e+00
9.333333e-01	-2.275942e-02	5.100080e+00
9.666667e-01	-2.276995e-02	5.100025e+00
1	-2.277983e-02	5.099974e+00
1.033333e+00	-2.278153e-02	5.099965e+00
1.066667e+00	-2.277716e-02	5.099987e+00
1.100000e+00	-2.277274e-02	5.100011e+00
1.133333e+00	-2.277177e-02	5.100016e+00
1.166667e+00	-2.277356e-02	5.100006e+00
1.200000e+00	-2.277553e-02	5.099996e+00
1.233333e+00	-2.277606e-02	5.099993e+00
1.266667e+00	-2.277533e-02	5.099997e+00
1.300000e+00	-2.277445e-02	5.100002e+00
1.333333e+00	-2.257084e-02	5.101064e+00
1.366667e+00	-2.121999e-02	5.108114e+00
1.400000e+00	-1.728718e-02	5.128639e+00
1.433333e+00	-1.076451e-02	5.162680e+00
1.466667e+00	-4.218398e-03	5.196843e+00
1.500000e+00	-7.362782e-04	5.215016e+00
1.533333e+00	-1.012443e-03	5.213574e+00
1.566667e+00	-2.911991e-03	5.203661e+00
1.600000e+00	-3.052201e-03	5.202929e+00
1.633333e+00	1.245150e-03	5.225356e+00
1.666667e+00	1.006654e-02	5.271394e+00
1.700000e+00	2.050108e-02	5.325850e+00
1.733333e+00	2.899176e-02	5.370162e+00
1.766667e+00	3.424538e-02	5.397580e+00
1.800000e+00	3.763772e-02	5.415284e+00
1.833333e+00	4.129226e-02	5.434357e+00
1.866667e+00	4.621673e-02	5.460057e+00
1.900000e+00	5.200728e-02	5.490277e+00
1.933333e+00	5.775838e-02	5.520291e+00
1.966667e+00	6.298152e-02	5.547550e+00
2	6.781112e-02	5.572755e+00
2.033333e+00	7.263472e-02	5.597928e+00
2.066667e+00	7.762640e-02	5.623979e+00
2.100000e+00	8.243649e-02	5.649083e+00
2.133333e+00	8.626449e-02	5.669060e+00
2.166667e+00	8.856583e-02	5.681071e+00
2.200000e+00	8.952591e-02	5.686081e+00
2.233333e+00	8.929368e-02	5.684869e+00
2.266667e+00	8.774601e-02	5.676792e+00
2.300000e+00	8.597087e-02	5.667528e+00
2.333333e+00	8.617833e-02	5.668611e+00
2.366667e+00	8.918658e-02	5.684310e+00
2.400000e+00	9.394636e-02	5.709151e+00
2.433333e+00	9.956890e-02	5.738494e+00
2.466667e+00	1.056238e-01	5.770094e+00
2.500000e+00	1.108240e-01	5.797233e+00
2.533333e+00	1.134871e-01	5.811131e+00
2.566667e+00	1.133270e-01	5.810296e+00
2.600000e+00	1.117849e-01	5.802248e+00
2.633333e+00	1.106150e-01	5.796142e+00
2.666667e+00	1.103346e-01	5.794679e+00
2.700000e+00	1.095811e-01	5.790746e+00
2.733333e+00	1.061617e-01	5.772901e+00
2.766667e+00	9.970091e-02	5.739183e+00
2.800000e+00	9.290844e-02	5.703734e+00
2.833333e+00	8.919681e-02	5.684364e+00
2.866667e+00	8.949687e-02	5.685930e+00
2.900000e+00	9.218011e-02	5.699933e+00
2.933333e+00	9.551700e-02	5.717348e+00
2.966667e+00	9.928502e-02	5.737013e+00
3	1.041176e-01	5.762233e+00
3.033333e+00	1.101670e-01	5.793804e+00
3.066667e+00	1.167908e-01	5.828373e+00
3.100000e+00	1.232040e-01	5.861842e+00
3.133333e+00	1.291059e-01	5.892644e+00
3.166667e+00	1.347126e-01	5.921904e+00
3.200000e+00	1.403762e-01	5.951462e+00
3.233333e+00	1.462548e-01	5.982141e+00
3.266667e+00	1.522704e-01	6.013536e+00
3.300000e+00	1.582080e-01	6.044523e+00
3.333333e+00	1.636386e-01	6.072865e+00
3.366667e+00	1.677959e-01	6.094561e+00
3.400000e+00	1.699492e-01	6.105799e+00
3.433333e+00	1.699238e-01	6.105666e+00
3.466667e+00	1.677080e-01	6.094103e+00
3.500000e+00	1.629956e-01	6.069509e+00
3.533333e+00	1.563242e-01	6.034692e+00
3.566667e+00	1.500920e-01	6.002167e+00
3.600000e+00	1.471418e-01	5.986770e+00
3.633333e+00	1.488474e-01	5.995672e+00
3.666667e+00	1.545534e-01	6.025450e+00
3.700000e+00	1.611260e-01	6.059752e+00
3.733333e+00	1.637484e-01	6.073438e+00
3.766667e+00	1.599238e-01	6.053478e+00
3.800000e+00	1.524799e-01	6.014629e+00
3.833333e+00	1.470589e-01	5.986338e+00
3.866667e+00	1.474672e-01	5.988469e+00
3.900000e+00	1.537327e-01	6.021168e+00
3.933333e+00	1.626683e-01	6.067801e+00
3.966667e+00	1.698140e-01	6.105094e+00
4	1.723951e-01	6.118564e+00
4.033333e+00	1.710655e-01	6.111625e+00
4.066667e+00	1.686508e-01	6.099023e+00
4.100000e+00	1.674664e-01	6.092842e+00
4.133333e+00	1.678805e-01	6.095003e+00
4.166667e+00	1.688733e-01	6.100184e+00
4.200000e+00	1.694151e-01	6.103011e+00
4.233333e+00	1.692708e-01	6.102258e+00
4.266667e+00	1.688455e-01	6.100039e+00
4.300000e+00	1.685940e-01	6.098726e+00
4.333333e+00	1.686413e-01	6.098973e+00
4.366667e+00	1.688239e-01	6.099926e+00
4.400000e+00	1.689406e-01	6.100535e+00
4.433333e+00	1.689271e-01	6.100465e+00
4.466667e+00	1.688491e-01	6.100057e+00
4.500000e+00	1.687953e-01	6.099777e+00
4.533333e+00	1.687979e-01	6.099791e+00
4.566667e+00	1.688311e-01	6.099964e+00
4.600000e+00	1.690591e-01	6.101154e+00
4.633333e+00	1.704105e-01	6.108206e+00
4.666667e+00	1.741263e-01	6.127599e+00
4.700000e+00	1.792868e-01	6.154530e+00
4.733333e+00	1.818988e-01	6.168162e+00
4.766667e+00	1.788639e-01	6.152323e+00
4.800000e+00	1.720467e-01	6.116746e+00
4.833333e+00	1.664625e-01	6.087603e+00
4.866667e+00	1.651908e-01	6.080966e+00
4.900000e+00	1.672410e-01	6.091665e+00
4.933333e+00	1.696213e-01	6.104088e+00
4.966667e+00	1.703584e-01	6.107934e+00
5	1.695845e-01	6.103896e+00
5.033333e+00	1.685520e-01	6.098507e+00
5.066667e+00	1.681832e-01	6.096582e+00
5.100000e+00	1.684874e-01	6.098170e+00
5.133333e+00	1.689397e-01	6.100531e+00
5.166667e+00	1.691208e-01	6.101476e+00
5.200000e+00	1.690023e-01	6.100857e+00
5.233333e+00	1.688042e-01	6.099823e+00
5.266667e+00	1.687165e-01	6.099366e+00
5.300000e+00	1.687617e-01	6.099602e+00
5.333333e+00	1.688480e-01	6.100052e+00
5.366667e+00	1.688900e-01	6.100271e+00
5.400000e+00	1.688733e-01	6.100184e+00
5.433333e+00	1.688358e-01	6.099988e+00
5.466667e+00	1.688159e-01	6.099884e+00
5.500000e+00	1.688219e-01	6.099916e+00
5.533333e+00	1.688381e-01	6.100000e+00
5.566667e+00	1.688474e-01	6.100049e+00
5.600000e+00	1.688454e-01	6.100038e+00
5.633333e+00	1.688384e-01	6.100002e+00
5.666667e+00	1.688341e-01	6.099979e+00
5.700000e+00	1.688347e-01	6.099983e+00
5.733333e+00	1.688377e-01	6.099998e+00
5.766667e+00	1.688397e-01	6.100009e+00
5.800000e+00	1.688396e-01	6.100008e+00
5.833333e+00	1.688383e-01	6.100001e+00
5.866667e+00	1.688374e-01	6.099996e+00
5.900000e+00	1.688374e-01	6.099996e+00
5.933333e+00	1.688379e-01	6.099999e+00
5.966667e+00	1.688383e-01	6.100001e+00
6	1.688383e-01	6.100002e+00
6.033333e+00	1.688381e-01	6.100000e+00
6.066667e+00	1.688379e-01	6.099999e+00
6.100000e+00	1.688379e-01	6.099999e+00
6.133333e+00	1.688380e-01	6.100000e+00
6.166667e+00	1.688381e-01	6.100000e+00
6.200000e+00	1.688381e-01	6.100000e+00
6.233333e+00	1.688381e-01	6.100000e+00
6.266667e+00	1.688380e-01	6.100000e+00
6.300000e+00	1.688380e-01	6.100000e+00
6.333333e+00	1.688380e-01	6.100000e+00
6.366667e+00	1.690414e-01	6.101061e+00
6.400000e+00	1.703925e-01	6.108113e+00
6.433333e+00	1.743257e-01	6.128639e+00
6.466667e+00	1.808485e-01	6.162681e+00
6.500000e+00	1.873945e-01	6.196844e+00
6.533333e+00	1.908765e-01	6.215015e+00
6.566667e+00	1.906002e-01	6.213574e+00
6.600000e+00	1.884974e-01	6.202599e+00
6.633333e+00	1.869519e-01	6.194534e+00
6.666667e+00	1.869016e-01	6.194271e+00
6.700000e+00	1.877367e-01	6.198630e+00
6.733333e+00	1.884225e-01	6.202208e+00
6.766667e+00	1.884828e-01	6.202523e+00
6.800000e+00	1.883391e-01	6.201773e+00
6.833333e+00	1.893821e-01	6.207217e+00
6.866667e+00	1.932729e-01	6.227522e+00
6.900000e+00	1.999401e-01	6.262317e+00
6.933333e+00	2.066246e-01	6.297203e+00
6.966667e+00	2.101322e-01	6.315509e+00
7	2.097963e-01	6.313755e+00
7.033333e+00	2.076315e-01	6.302458e+00
7.066667e+00	2.060717e-01	6.294317e+00
7.100000e+00	2.062491e-01	6.295243e+00
7.133333e+00	2.084630e-01	6.306797e+00
7.166667e+00	2.130896e-01	6.330943e+00
7.200000e+00	2.196628e-01	6.365247e+00
7.233333e+00	2.258495e-01	6.397535e+00
7.266667e+00	2.290195e-01	6.414078e+00
7.300000e+00	2.289081e-01	6.413497e+00
7.333333e+00	2.283063e-01	6.410356e+00
7.366667e+00	2.310377e-01	6.424611e+00
7.400000e+00	2.388854e-01	6.465567e+00
7.433333e+00	2.501378e-01	6.524292e+00
7.466667e+00	2.605620e-01	6.578694e+00
7.500000e+00	2.655271e-01	6.604607e+00
7.533333e+00	2.626515e-01	6.589599e+00
7.566667e+00	2.540269e-01	6.544589e+00
7.600000e+00	2.452927e-01	6.499006e+00
7.633333e+00	2.412346e-01	6.477827e+00
7.666667e+00	2.422721e-01	6.483242e+00
7.700000e+00	2.452924e-01	6.499004e+00
7.733333e+00	2.471210e-01	6.508548e+00
7.766667e+00	2.468672e-01	6.507223e+00
7.800000e+00	2.456300e-01	6.500766e+00
7.833333e+00	2.448035e-01	6.496453e+00
7.866667e+00	2.448643e-01	6.496770e+00
7.900000e+00	2.453882e-01	6.499505e+00
7.933333e+00	2.455624e-01	6.500414e+00
7.966667e+00	2.442063e-01	6.493336e+00
8	2.402545e-01	6.472712e+00
8.033333e+00	2.349107e-01	6.444824e+00
8.066667e+00	2.322903e-01	6.431148e+00
8.100000e+00	2.354246e-01	6.447506e+00
8.133333e+00	2.423250e-01	6.483518e+00
8.166667e+00	2.479174e-01	6.512704e+00
8.200000e+00	2.491476e-01	6.519124e+00
8.233333e+00	2.470598e-01	6.508228e+00
8.266667e+00	2.446739e-01	6.495776e+00
8.300000e+00	2.439541e-01	6.492020e+00
8.333333e+00	2.447448e-01	6.496147e+00
8.366667e+00	2.457807e-01	6.501553e+00
8.400000e+00	2.461423e-01	6.503440e+00
8.433333e+00	2.458306e-01	6.501813e+00
8.466667e+00	2.453764e-01	6.499443e+00
8.500000e+00	2.449950e-01	6.497452e+00
8.533333e+00	2.437657e-01	6.491037e+00
8.566667e+00	2.400315e-01	6.471549e+00
8.600000e+00	2.335953e-01	6.437959e+00
8.633333e+00	2.270026e-01	6.403552e+00
8.666667e+00	2.234338e-01	6.384927e+00
8.700000e+00	2.236685e-01	6.386152e+00
8.733333e+00	2.257887e-01	6.397218e+00
8.766667e+00	2.273720e-01	6.405480e+00
8.800000e+00	2.274420e-01	6.405846e+00
8.833333e+00	2.266006e-01	6.401454e+00
8.866667e+00	2.258985e-01	6.397791e+00
8.900000e+00	2.258290e-01	6.397427e+00
8.933333e+00	2.261781e-01	6.399250e+00
8.966667e+00	2.264932e-01	6.400894e+00
9	2.265400e-01	6.401138e+00
9.033333e+00	2.263949e-01	6.400381e+00
9.066667e+00	2.262534e-01	6.399643e+00
9.100000e+00	2.262257e-01	6.399498e+00
9.133333e+00	2.262856e-01	6.399810e+00
9.166667e+00	2.263332e-01	6.400059e+00
9.200000e+00	2.262289e-01	6.399515e+00
9.233333e+00	2.257823e-01	6.397184e+00
9.266667e+00	2.248303e-01	6.392215e+00
9.300000e+00	2.233948e-01	6.384724e+00
9.333333e+00	2.217094e-01	6.375928e+00
9.366667e+00	2.200479e-01	6.367257e+00
9.400000e+00	2.185397e-01	6.359386e+00
9.433333e+00	2.171424e-01	6.352094e+00
9.466667e+00	2.157474e-01	6.344813e+00
9.500000e+00	2.142916e-01	6.337216e+00
9.533333e+00	2.127867e-01	6.329362e+00
9.566667e+00	2.112779e-01	6.321488e+00
9.600000e+00	2.096068e-01	6.312766e+00
9.633333e+00	2.069139e-01	6.298712e+00
9.666667e+00	2.019443e-01	6.272777e+00
9.700000e+00	1.948763e-01	6.235890e+00
9.733333e+00	1.882787e-01	6.201458e+00
9.766667e+00	1.850113e-01	6.184406e+00
9.800000e+00	1.854851e-01	6.186879e+00
9.833333e+00	1.876283e-01	6.198064e+00
9.866667e+00	1.890962e-01	6.205725e+00
9.900000e+00	1.890633e-01	6.205553e+00
9.933333e+00	1.880038e-01	6.200023e+00
9.966667e+00	1.859982e-01	6.189556e+00
10	1.820413e-01	6.168906e+00
1.003333e+01	1.758763e-01	6.136732e+00
1.006667e+01	1.696258e-01	6.104111e+00
1.010000e+01	1.661701e-01	6.086076e+00
1.013333e+01	1.662964e-01	6.086735e+00
1.016667e+01	1.682658e-01	6.097014e+00
1.020000e+01	1.697928e-01	6.104983e+00
1.023333e+01	1.699055e-01	6.105571e+00
1.026667e+01	1.691303e-01	6.101525e+00
1.030000e+01	1.684558e-01	6.098005e+00
1.033333e+01	1.683697e-01	6.097556e+00
1.036667e+01	1.686900e-01	6.099227e+00
1.040000e+01	1.689917e-01	6.100802e+00
1.043333e+01	1.690447e-01	6.101079e+00
1.046667e+01	1.689122e-01	6.100387e+00
1.050000e+01	1.687771e-01	6.099682e+00
1.053333e+01	1.687471e-01	6.099526e+00
1.056667e+01	1.688015e-01	6.099809e+00
1.060000e+01	1.688618e-01	6.100124e+00
1.063333e+01	1.688779e-01	6.100208e+00
1.066667e+01	1.688557e-01	6.100092e+00
1.070000e+01	1.688290e-01	6.099953e+00
1.073333e+01	1.688207e-01	6.099909e+00
1.076667e+01	1.688296e-01	6.099956e+00
1.080000e+01	1.688414e-01	6.100017e+00
1.083333e+01	1.688456e-01	6.100039e+00
1.086667e+01	1.688421e-01	6.100021e+00
1.090000e+01	1.688369e-01	6.099994e+00
1.093333e+01	1.688348e-01	6.099983e+00
1.096667e+01	1.688362e-01	6.099990e+00
11	1.688384e-01	6.100002e+00
1.103333e+01	1.688394e-01	6.100007e+00
1.106667e+01	1.688389e-01	6.100005e+00
1.110000e+01	1.688379e-01	6.099999e+00
1.113333e+01	1.688374e-01	6.099997e+00
1.116667e+01	1.688376e-01	6.099998e+00
1.120000e+01	1.688381e-01	6.100000e+00
1.123333e+01	1.688383e-01	6.100001e+00
1.126667e+01	1.688382e-01	6.100001e+00
1.130000e+01	1.688380e-01	6.100000e+00
1.133333e+01	1.688379e-01	6.099999e+00
1.136667e+01	1.688380e-01	6.100000e+00
1.140000e+01	1.688380e-01	6.100000e+00
1.143333e+01	1.688381e-01	6.100000e+00
1.146667e+01	1.688381e-01	6.100000e+00
1.150000e+01	1.688380e-01	6.100000e+00
1.153333e+01	1.688380e-01	6.100000e+00
1.156667e+01	1.686347e-01	6.098939e+00
1.160000e+01	1.672836e-01	6.091887e+00
1.163333e+01	1.635537e-01	6.072422e+00
1.166667e+01	1.583821e-01	6.045432e+00
1.170000e+01	1.555659e-01	6.030735e+00
1.173333e+01	1.572556e-01	6.039553e+00
1.176667e+01	1.601446e-01	6.054630e+00
1.180000e+01	1.592066e-01	6.049735e+00
1.183333e+01	1.539299e-01	6.022197e+00
1.186667e+01	1.483955e-01	5.993313e+00
1.190000e+01	1.462910e-01	5.982330e+00
1.193333e+01	1.476578e-01	5.989463e+00
1.196667e+01	1.499782e-01	6.001573e+00
12	1.510613e-01	6.007226e+00
1.203333e+01	1.505945e-01	6.004789e+00
1.206667e+01	1.496041e-01	5.999621e+00
1.210000e+01	1.490913e-01	5.996945e+00
1.213333e+01	1.492575e-01	5.997812e+00
1.216667e+01	1.496843e-01	6.000039e+00
1.220000e+01	1.499248e-01	6.001295e+00
1.223333e+01	1.496647e-01	5.999937e+00
1.226667e+01	1.481298e-01	5.991927e+00
1.230000e+01	1.440845e-01	5.970815e+00
1.233333e+01	1.375794e-01	5.936866e+00
1.236667e+01	1.311122e-01	5.903114e+00
1.240000e+01	1.276821e-01	5.885213e+00
1.243333e+01	1.279538e-01	5.886631e+00
1.246667e+01	1.300231e-01	5.897430e+00
1.250000e+01	1.315447e-01	5.905371e+00
1.253333e+01	1.315956e-01	5.905637e+00
1.256667e+01	1.307747e-01	5.901353e+00
1.260000e+01	1.300999e-01	5.897831e+00
1.263333e+01	1.298366e-01	5.896457e+00
1.266667e+01	1.288265e-01	5.891185e+00
1.270000e+01	1.251964e-01	5.872240e+00
1.273333e+01	1.187156e-01	5.838418e+00
1.276667e+01	1.120277e-01	5.803515e+00
1.280000e+01	1.083805e-01	5.784481e+00
1.283333e+01	1.084092e-01	5.784631e+00
1.286667e+01	1.097868e-01	5.791820e+00
1.290000e+01	1.096774e-01	5.791249e+00
1.293333e+01	1.070910e-01	5.777751e+00
1.296667e+01	1.030835e-01	5.756836e+00
13	9.926174e-02	5.736891e+00
1.303333e+01	9.638540e-02	5.721880e+00
1.306667e+01	9.415449e-02	5.710237e+00
1.310000e+01	9.189409e-02	5.698440e+00
1.313333e+01	8.924058e-02	5.684592e+00
1.316667e+01	8.629447e-02	5.669217e+00
1.320000e+01	8.337339e-02	5.653972e+00
1.323333e+01	8.078193e-02	5.640448e+00
1.326667e+01	7.869224e-02	5.629542e+00
1.330000e+01	7.701066e-02	5.620766e+00
1.333333e+01	7.545583e-02	5.612651e+00
1.336667e+01	7.396501e-02	5.604871e+00
1.340000e+01	7.286190e-02	5.599114e+00
1.343333e+01	7.246201e-02	5.597027e+00
1.346667e+01	7.225959e-02	5.595971e+00
1.350000e+01	6.973693e-02	5.582805e+00
1.353333e+01	6.071644e-02	5.535729e+00
1.356667e+01	4.347708e-02	5.445759e+00
1.360000e+01	2.235473e-02	5.335524e+00
1.363333e+01	4.821299e-03	5.244020e+00
1.366667e+01	-4.815716e-03	5.193726e+00
1.370000e+01	-8.367701e-03	5.175188e+00
1.373333e+01	-1.189844e-02	5.156762e+00
1.376667e+01	-2.043759e-02	5.112197e+00
1.380000e+01	-3.305207e-02	5.046364e+00
1.383333e+01	-4.376036e-02	4.990479e+00
1.386667e+01	-4.772080e-02	4.969810e+00
1.390000e+01	-4.573434e-02	4.980177e+00
1.393333e+01	-4.315086e-02	4.993660e+00
1.396667e+01	-4.515562e-02	4.983197e+00
14	-5.236780e-02	4.945558e+00
1.403333e+01	-6.055196e-02	4.902846e+00
1.406667e+01	-6.472424e-02	4.881072e+00
1.410000e+01	-6.285877e-02	4.890807e+00
1.413333e+01	-5.612065e-02	4.925972e+00
1.416667e+01	-4.763667e-02	4.970249e+00
1.420000e+01	-4.091471e-02	5.005330e+00
1.423333e+01	-3.721819e-02	5.024622e+00
1.426667e+01	-3.443971e-02	5.039122e+00
1.430000e+01	-3.005800e-02	5.061990e+00
1.433333e+01	-2.458167e-02	5.090570e+00
1.436667e+01	-2.075316e-02	5.110550e+00
1.440000e+01	-2.015608e-02	5.113666e+00
1.443333e+01	-2.177239e-02	5.105231e+00
1.446667e+01	-2.343669e-02	5.096545e+00
1.450000e+01	-2.365695e-02	5.095396e+00
1.453333e+01	-2.169584e-02	5.105631e+00
1.456667e+01	-1.703891e-02	5.129935e+00
1.460000e+01	-1.029572e-02	5.165126e+00
1.463333e+01	-3.992517e-03	5.198022e+00
1.466667e+01	-8.288814e-04	5.214532e+00
1.470000e+01	-1.215882e-03	5.212513e+00
1.473333e+01	-3.222254e-03	5.202042e+00
1.476667e+01	-4.627709e-03	5.194707e+00
1.480000e+01	-4.623317e-03	5.194730e+00
1.483333e+01	-3.825864e-03	5.198892e+00
1.486667e+01	-3.201549e-03	5.202150e+00
1.490000e+01	-3.167858e-03	5.202326e+00
1.493333e+01	-3.500445e-03	5.200590e+00
1.496667e+01	-3.781708e-03	5.199122e+00
15	-3.811368e-03	5.198967e+00
1.503333e+01	-3.672324e-03	5.199693e+00
1.506667e+01	-3.545545e-03	5.200354e+00
1.510000e+01	-3.525884e-03	5.200457e+00
1.513333e+01	-3.583624e-03	5.200156e+00
1.516667e+01	-3.640531e-03	5.199859e+00
1.520000e+01	-3.448725e-03	5.200860e+00
1.523333e+01	-2.073793e-03	5.208035e+00
1.526667e+01	1.884826e-03	5.228695e+00
1.530000e+01	8.413943e-03	5.262769e+00
1.533333e+01	1.495024e-02	5.296881e+00
1.536667e+01	1.842088e-02	5.314994e+00
1.540000e+01	1.814133e-02	5.313535e+00
1.543333e+01	1.604241e-02	5.302581e+00
1.546667e+01	1.450191e-02	5.294542e+00
1.550000e+01	1.445325e-02	5.294288e+00
1.553333e+01	1.528689e-02	5.298638e+00
1.556667e+01	1.597039e-02	5.302205e+00
1.560000e+01	1.602987e-02	5.302516e+00
1.563333e+01	1.568343e-02	5.300708e+00
1.566667e+01	1.537634e-02	5.299105e+00
1.570000e+01	1.533431e-02	5.298886e+00
1.573333e+01	1.547851e-02	5.299638e+00
1.576667e+01	1.561651e-02	5.300359e+00
1.580000e+01	1.561493e-02	5.300350e+00
1.583333e+01	1.534807e-02	5.298958e+00
1.586667e+01	1.455462e-02	5.294817e+00
1.590000e+01	1.293894e-02	5.286385e+00
1.593333e+01	1.048915e-02	5.273600e+00
1.596667e+01	7.578204e-03	5.258408e+00
16	4.684178e-03	5.243304e+00
1.603333e+01	2.053030e-03	5.229573e+00
1.606667e+01	-3.743515e-04	5.216905e+00
1.610000e+01	-2.786725e-03	5.204315e+00
1.613333e+01	-5.302584e-03	5.191185e+00
1.616667e+01	-7.908452e-03	5.177585e+00
1.620000e+01	-1.052579e-02	5.163926e+00
1.623333e+01	-1.310038e-02	5.150489e+00
1.626667e+01	-1.563470e-02	5.137263e+00
1.630000e+01	-1.813484e-02	5.124215e+00
1.633333e+01	-2.067585e-02	5.110954e+00
1.636667e+01	-2.385828e-02	5.094345e+00
1.640000e+01	-2.875705e-02	5.068779e+00
1.643333e+01	-3.536536e-02	5.034291e+00
1.646667e+01	-4.152458e-02	5.002147e+00
1.650000e+01	-4.485776e-02	4.984752e+00
1.653333e+01	-4.586390e-02	4.979501e+00
1.656667e+01	-4.783512e-02	4.969213e+00
1.660000e+01	-5.316444e-02	4.941401e+00
1.663333e+01	-6.104739e-02	4.900261e+00
1.666667e+01	-6.924086e-02	4.857500e+00
1.670000e+01	-7.631101e-02	4.820602e+00
1.673333e+01	-8.214692e-02	4.790145e+00
1.676667e+01	-8.769255e-02	4.761203e+00
1.680000e+01	-9.360969e-02	4.730322e+00
1.683333e+01	-9.885515e-02	4.702947e+00
1.686667e+01	-1.014092e-01	4.689618e+00
1.690000e+01	-9.991741e-02	4.697403e+00
1.693333e+01	-9.439049e-02	4.726248e+00
1.696667e+01	-8.664378e-02	4.766677e+00
17	-8.000899e-02	4.801303e+00
1.703333e+01	-7.714757e-02	4.816236e+00
1.706667e+01	-7.796291e-02	4.811981e+00
1.710000e+01	-8.013449e-02	4.800648e+00
1.713333e+01	-8.142423e-02	4.793917e+00
1.716667e+01	-8.123361e-02	4.794912e+00
1.720000e+01	-8.035615e-02	4.799491e+00
1.723333e+01	-7.977626e-02	4.802517e+00
1.726667e+01	-7.982379e-02	4.802269e+00
1.730000e+01	-8.019477e-02	4.800333e+00
1.733333e+01	-8.045939e-02	4.798952e+00
1.736667e+01	-8.025041e-02	4.800043e+00
1.740000e+01	-7.874198e-02	4.807915e+00
1.743333e+01	-7.468801e-02	4.829072e+00
1.746667e+01	-6.816083e-02	4.863136e+00
1.750000e+01	-6.168115e-02	4.896953e+00
1.753333e+01	-5.825405e-02	4.914839e+00
1.756667e+01	-5.853523e-02	4.913371e+00
1.760000e+01	-6.061029e-02	4.902542e+00
1.763333e+01	-6.213102e-02	4.894605e+00
1.766667e+01	-6.217787e-02	4.894361e+00
1.770000e+01	-6.135423e-02	4.898659e+00
1.773333e+01	-6.067966e-02	4.902180e+00
1.776667e+01	-6.062145e-02	4.902483e+00
1.780000e+01	-6.096373e-02	4.900697e+00
1.783333e+01	-6.126681e-02	4.899115e+00
1.786667e+01	-6.130808e-02	4.898900e+00
1.790000e+01	-6.116559e-02	4.899644e+00
1.793333e+01	-6.102938e-02	4.900355e+00
1.796667e+01	-6.100428e-02	4.900486e+00
18	-6.106317e-02	4.900178e+00
1.803333e+01	-6.112413e-02	4.899860e+00
1.806667e+01	-6.113819e-02	4.899787e+00
1.810000e+01	-6.111407e-02	4.899913e+00
1.813333e+01	-6.108691e-02	4.900054e+00
1.816667e+01	-6.107942e-02	4.900093e+00
1.820000e+01	-6.108921e-02	4.900042e+00
1.823333e+01	-6.110125e-02	4.899979e+00
1.826667e+01	-6.090176e-02	4.901021e+00
1.830000e+01	-5.954669e-02	4.908092e+00
1.833333e+01	-5.560818e-02	4.928647e+00
1.836667e+01	-4.908345e-02	4.962699e+00
1.840000e+01	-4.253900e-02	4.996853e+00
1.843333e+01	-3.905939e-02	5.015013e+00
1.846667e+01	-3.933657e-02	5.013566e+00
1.850000e+01	-4.143881e-02	5.002595e+00
1.853333e+01	-4.298329e-02	4.994534e+00
1.856667e+01	-4.303317e-02	4.994274e+00
1.860000e+01	-4.219821e-02	4.998632e+00
1.863333e+01	-4.151294e-02	5.002208e+00
1.866667e+01	-4.145285e-02	5.002522e+00
1.870000e+01	-4.179982e-02	5.000711e+00
1.873333e+01	-4.210768e-02	4.999104e+00
1.876667e+01	-4.215002e-02	4.998883e+00
1.880000e+01	-4.200560e-02	4.999637e+00
1.883333e+01	-4.186727e-02	5.000359e+00
1.886667e+01	-4.184159e-02	5.000493e+00
1.890000e+01	-4.190126e-02	5.000181e+00
1.893333e+01	-4.196317e-02	4.999858e+00
1.896667e+01	-4.197753e-02	4.999783e+00
19	-4.174975e-02	5.000972e+00
1.903333e+01	-4.037102e-02	5.008168e+00
1.906667e+01	-3.643019e-02	5.028734e+00
1.910000e+01	-2.991730e-02	5.062724e+00
1.913333e+01	-2.338353e-02	5.096823e+00
1.916667e+01	-1.990550e-02	5.114974e+00
1.920000e+01	-2.017776e-02	5.113553e+00
1.923333e+01	-2.227521e-02	5.102607e+00
1.926667e+01	-2.381875e-02	5.094552e+00
1.930000e+01	-2.387066e-02	5.094281e+00
1.933333e+01	-2.303784e-02	5.098627e+00
1.936667e+01	-2.235309e-02	5.102201e+00
1.940000e+01	-2.229217e-02	5.102519e+00
1.943333e+01	-2.263818e-02	5.100713e+00
1.946667e+01	-2.294578e-02	5.099107e+00
1.950000e+01	-2.298845e-02	5.098885e+00
1.953333e+01	-2.284446e-02	5.099636e+00
1.956667e+01	-2.250292e-02	5.101419e+00
1.960000e+01	-2.112596e-02	5.108605e+00
1.963333e+01	-1.725225e-02	5.128821e+00
1.966667e+01	-1.079129e-02	5.162540e+00
1.970000e+01	-4.259699e-03	5.196627e+00
1.973333e+01	-7.533923e-04	5.214926e+00
1.976667e+01	-1.002081e-03	5.213628e+00
1.980000e+01	-3.097267e-03	5.202694e+00
1.983333e+01	-4.652650e-03	5.194577e+00
1.986667e+01	-4.715204e-03	5.194250e+00
1.990000e+01	-3.883938e-03	5.198588e+00
1.993333e+01	-3.194272e-03	5.202188e+00
1.996667e+01	-3.128564e-03	5.202531e+00
20	-3.473651e-03	5.200730e+00
2.003333e+01	-3.783274e-03	5.199114e+00
2.006667e+01	-3.828084e-03	5.198880e+00
2.010000e+01	-3.684606e-03	5.199629e+00
2.013333e+01	-3.545577e-03	5.200354e+00
2.016667e+01	-3.518813e-03	5.200494e+00
2.020000e+01	-3.578027e-03	5.200185e+00
2.023333e+01	-3.640201e-03	5.199860e+00
2.026667e+01	-3.655036e-03	5.199783e+00
2.030000e+01	-3.630817e-03	5.199909e+00
2.033333e+01	-3.603139e-03	5.200054e+00
2.036667e+01	-3.595298e-03	5.200095e+00
2.040000e+01	-3.605104e-03	5.200044e+00
2.043333e+01	-3.617369e-03	5.199980e+00
2.046667e+01	-3.621380e-03	5.199959e+00
2.050000e+01	-3.617458e-03	5.199979e+00
2.053333e+01	-3.612046e-03	5.200007e+00
2.056667e+01	-3.610043e-03	5.200018e+00
2.060000e+01	-3.611589e-03	5.200010e+00
2.063333e+01	-3.613967e-03	5.199997e+00
2.066667e+01	-3.614949e-03	5.199992e+00
2.070000e+01	-3.614350e-03	5.199995e+00
2.073333e+01	-3.613310e-03	5.200001e+00
2.076667e+01	-3.612836e-03	5.200003e+00
2.080000e+01	-3.613062e-03	5.200002e+00
2.083333e+01	-3.613515e-03	5.200000e+00
2.086667e+01	-3.613741e-03	5.199999e+00
2.090000e+01	-3.613658e-03	5.199999e+00
2.093333e+01	-3.613462e-03	5.200000e+00
2.096667e+01	-3.613355e-03	5.200001e+00
21	-3.613384e-03	5.200000e+00
2.103333e+01	-3.613469e-03	5.200000e+00
2.106667e+01	-3.613519e-03	5.200000e+00
2.110000e+01	-3.613509e-03	5.200000e+00
2.113333e+01	-3.613473e-03	5.200000e+00
2.116667e+01	-3.613450e-03	5.200000e+00
2.120000e+01	-3.613453e-03	5.200000e+00
2.123333e+01	-3.613468e-03	5.200000e+00
2.126667e+01	-3.613479e-03	5.200000e+00
2.130000e+01	-3.613478e-03	5.200000e+00
2.133333e+01	-3.613472e-03	5.200000e+00
2.136667e+01	-3.613467e-03	5.200000e+00
2.140000e+01	-3.613467e-03	5.200000e+00
2.143333e+01	-3.613469e-03	5.200000e+00
2.146667e+01	-3.613472e-03	5.200000e+00
2.150000e+01	-3.613472e-03	5.200000e+00
2.153333e+01	-3.613471e-03	5.200000e+00
2.156667e+01	-3.613470e-03	5.200000e+00
2.160000e+01	-3.613470e-03	5.200000e+00
2.163333e+01	-3.613470e-03	5.200000e+00
2.166667e+01	-3.613471e-03	5.200000e+00
2.170000e+01	-3.613471e-03	5.200000e+00
2.173333e+01	-3.613470e-03	5.200000e+00
2.176667e+01	-3.613470e-03	5.200000e+00
2.180000e+01	-3.613470e-03	5.200000e+00
2.183333e+01	-3.613470e-03	5.200000e+00
2.186667e+01	-3.613470e-03	5.200000e+00
2.190000e+01	-3.410132e-03	5.201061e+00
2.193333e+01	-2.058983e-03	5.208113e+00
2.196667e+01	1.874212e-03	5.228639e+00
22	8.397013e-03	5.262681e+00
2.203333e+01	1.494301e-02	5.296844e+00
2.206667e+01	1.842496e-02	5.315015e+00
2.210000e+01	1.814873e-02	5.313574e+00
2.213333e+01	1.604589e-02	5.302599e+00
2.216667e+01	1.450038e-02	5.294534e+00
2.220000e+01	1.445004e-02	5.294271e+00
2.223333e+01	1.528523e-02	5.298630e+00
2.226667e+01	1.597094e-02	5.302208e+00
2.230000e+01	1.603126e-02	5.302523e+00
2.233333e+01	1.568421e-02	5.300712e+00
2.236667e+01	1.537615e-02	5.299104e+00
2.240000e+01	1.553704e-02	5.299944e+00
2.243333e+01	1.703264e-02	5.307749e+00
2.246667e+01	2.110426e-02	5.328998e+00
2.250000e+01	2.765278e-02	5.363174e+00
2.253333e+01	3.413910e-02	5.397025e+00
2.256667e+01	3.755911e-02	5.414874e+00
2.260000e+01	3.726849e-02	5.413357e+00
2.263333e+01	3.519009e-02	5.402510e+00
2.266667e+01	3.367218e-02	5.394589e+00
2.270000e+01	3.362948e-02	5.394366e+00
2.273333e+01	3.445477e-02	5.398673e+00
2.276667e+01	3.533158e-02	5.403249e+00
2.280000e+01	3.673912e-02	5.410594e+00
2.283333e+01	4.053257e-02	5.430392e+00
2.286667e+01	4.830720e-02	5.470967e+00
2.290000e+01	6.009707e-02	5.532496e+00
2.293333e+01	7.417789e-02	5.605982e+00
2.296667e+01	8.710650e-02	5.673455e+00
23	9.505637e-02	5.714944e+00
2.303333e+01	9.665751e-02	5.723300e+00
2.306667e+01	9.416719e-02	5.710303e+00
2.310000e+01	9.134012e-02	5.695549e+00
2.313333e+01	9.045419e-02	5.690926e+00
2.316667e+01	9.132650e-02	5.695478e+00
2.320000e+01	9.250778e-02	5.701643e+00
2.323333e+01	9.293592e-02	5.703878e+00
2.326667e+01	9.259470e-02	5.702097e+00
2.330000e+01	9.208021e-02	5.699412e+00
2.333333e+01	9.187207e-02	5.698326e+00
2.336667e+01	9.200512e-02	5.699020e+00
2.340000e+01	9.223022e-02	5.700195e+00
2.343333e+01	9.233087e-02	5.700720e+00
2.346667e+01	9.228019e-02	5.700455e+00
2.350000e+01	9.218207e-02	5.699943e+00
2.353333e+01	9.213394e-02	5.699692e+00
2.356667e+01	9.215267e-02	5.699790e+00
2.360000e+01	9.219525e-02	5.700012e+00
2.363333e+01	9.221802e-02	5.700131e+00
2.366667e+01	9.221138e-02	5.700096e+00
2.370000e+01	9.219299e-02	5.700000e+00
2.373333e+01	9.218231e-02	5.699945e+00
2.376667e+01	9.218452e-02	5.699956e+00
2.380000e+01	9.219243e-02	5.699997e+00
2.383333e+01	9.219739e-02	5.700023e+00
2.386667e+01	9.219674e-02	5.700020e+00
2.390000e+01	9.219335e-02	5.700002e+00
2.393333e+01	9.239440e-02	5.701051e+00
2.396667e+01	9.374570e-02	5.708104e+00
24	9.768033e-02	5.728638e+00
2.403333e+01	1.042042e-01	5.762685e+00
2.406667e+01	1.107502e-01	5.796848e+00
2.410000e+01	1.142315e-01	5.815016e+00
2.413333e+01	1.139548e-01	5.813572e+00
2.416667e+01	1.118519e-01	5.802598e+00
2.420000e+01	1.103067e-01	5.794533e+00
2.423333e+01	1.104599e-01	5.795333e+00
2.426667e+01	1.126463e-01	5.806743e+00
2.430000e+01	1.172651e-01	5.830848e+00
2.433333e+01	1.238481e-01	5.865204e+00
2.436667e+01	1.300470e-01	5.897555e+00
2.440000e+01	1.332210e-01	5.914119e+00
2.443333e+01	1.329023e-01	5.912457e+00
2.446667e+01	1.309439e-01	5.902236e+00
2.450000e+01	1.295368e-01	5.894893e+00
2.453333e+01	1.295122e-01	5.894764e+00
2.456667e+01	1.302877e-01	5.898811e+00
2.460000e+01	1.309115e-01	5.902067e+00
2.463333e+01	1.309574e-01	5.902306e+00
2.466667e+01	1.306348e-01	5.900623e+00
2.470000e+01	1.305577e-01	5.900220e+00
2.473333e+01	1.318740e-01	5.907090e+00
2.476667e+01	1.359418e-01	5.928319e+00
2.480000e+01	1.425907e-01	5.963019e+00
2.483333e+01	1.491585e-01	5.997296e+00
2.486667e+01	1.525848e-01	6.015177e+00
2.490000e+01	1.522520e-01	6.013440e+00
2.493333e+01	1.501368e-01	6.002401e+00
2.496667e+01	1.486141e-01	5.994454e+00
25	1.485890e-01	5.994323e+00
2.503333e+01	1.494309e-01	5.998717e+00
2.506667e+01	1.501073e-01	6.002247e+00
2.510000e+01	1.501564e-01	6.002503e+00
2.513333e+01	1.498059e-01	6.000674e+00
2.516667e+01	1.495016e-01	5.999086e+00
2.520000e+01	1.494641e-01	5.998890e+00
2.523333e+01	1.496103e-01	5.999653e+00
2.526667e+01	1.497472e-01	6.000368e+00
2.530000e+01	1.497708e-01	6.000491e+00
2.533333e+01	1.497102e-01	6.000175e+00
2.536667e+01	1.496488e-01	5.999854e+00
2.540000e+01	1.496354e-01	5.999784e+00
2.543333e+01	1.496603e-01	5.999914e+00
2.546667e+01	1.496876e-01	6.000057e+00
2.550000e+01	1.496949e-01	6.000095e+00
2.553333e+01	1.496848e-01	6.000042e+00
2.556667e+01	1.496726e-01	5.999978e+00
2.560000e+01	1.496689e-01	5.999959e+00
2.563333e+01	1.498763e-01	6.001041e+00
2.566667e+01	1.512328e-01	6.008121e+00
2.570000e+01	1.551679e-01	6.028657e+00
2.573333e+01	1.618924e-01	6.063752e+00
2.576667e+01	1.695838e-01	6.103892e+00
2.580000e+01	1.758502e-01	6.136596e+00
2.583333e+01	1.795154e-01	6.155724e+00
2.586667e+01	1.813700e-01	6.165402e+00
2.590000e+01	1.832837e-01	6.175390e+00
2.593333e+01	1.860209e-01	6.189675e+00
2.596667e+01	1.885110e-01	6.202670e+00
26	1.894776e-01	6.207715e+00
2.603333e+01	1.889303e-01	6.204859e+00
2.606667e+01	1.879235e-01	6.199604e+00
2.610000e+01	1.874157e-01	6.196954e+00
2.613333e+01	1.875830e-01	6.197828e+00
2.616667e+01	1.880057e-01	6.200034e+00
2.620000e+01	1.882434e-01	6.201274e+00
2.623333e+01	1.881877e-01	6.200983e+00
2.626667e+01	1.880069e-01	6.200040e+00
2.630000e+01	1.878965e-01	6.199464e+00
2.633333e+01	1.879139e-01	6.199554e+00
2.636667e+01	1.879913e-01	6.199958e+00
2.640000e+01	1.880424e-01	6.200225e+00
2.643333e+01	1.880379e-01	6.200201e+00
2.646667e+01	1.880049e-01	6.200029e+00
2.650000e+01	1.879814e-01	6.199907e+00
2.653333e+01	1.879723e-01	6.199859e+00
2.656667e+01	1.879123e-01	6.199546e+00
2.660000e+01	1.876617e-01	6.198238e+00
2.663333e+01	1.870901e-01	6.195255e+00
2.666667e+01	1.862006e-01	6.190613e+00
2.670000e+01	1.851463e-01	6.185110e+00
2.673333e+01	1.841095e-01	6.179700e+00
2.676667e+01	1.831758e-01	6.174827e+00
2.680000e+01	1.823155e-01	6.170337e+00
2.683333e+01	1.814556e-01	6.165849e+00
2.686667e+01	1.805547e-01	6.161147e+00
2.690000e+01	1.796211e-01	6.156275e+00
2.693333e+01	1.786854e-01	6.151392e+00
2.696667e+01	1.777669e-01	6.146599e+00
27	1.768631e-01	6.141882e+00
2.703333e+01	1.759609e-01	6.137173e+00
2.706667e+01	1.750516e-01	6.132428e+00
2.710000e+01	1.741357e-01	6.127648e+00
2.713333e+01	1.732187e-01	6.122862e+00
2.716667e+01	1.723047e-01	6.118092e+00
2.720000e+01	1.713936e-01	6.113337e+00
2.723333e+01	1.704929e-01	6.108636e+00
2.726667e+01	1.696553e-01	6.104265e+00
2.730000e+01	1.690036e-01	6.100864e+00
2.733333e+01	1.686622e-01	6.099082e+00
2.736667e+01	1.686330e-01	6.098930e+00
2.740000e+01	1.685669e-01	6.098585e+00
2.743333e+01	1.673400e-01	6.092182e+00
2.746667e+01	1.630240e-01	6.069657e+00
2.750000e+01	1.533423e-01	6.019130e+00
2.753333e+01	1.359718e-01	5.928476e+00
2.756667e+01	1.102141e-01	5.794050e+00
2.760000e+01	8.023641e-02	5.637601e+00
2.763333e+01	5.422916e-02	5.501872e+00
2.766667e+01	3.753943e-02	5.414771e+00
2.770000e+01	2.819845e-02	5.366022e+00
2.773333e+01	2.050601e-02	5.325876e+00
2.776667e+01	1.115035e-02	5.277050e+00
2.780000e+01	1.340599e-03	5.225855e+00
2.783333e+01	-5.466229e-03	5.190331e+00
2.786667e+01	-7.317350e-03	5.180670e+00
2.790000e+01	-5.516355e-03	5.190069e+00
2.793333e+01	-2.891546e-03	5.203768e+00
2.796667e+01	-6.069779e-04	5.215690e+00
28	2.912698e-03	5.234059e+00
2.803333e+01	9.978783e-03	5.270936e+00
2.806667e+01	2.136813e-02	5.330375e+00
2.810000e+01	3.553994e-02	5.404336e+00
2.813333e+01	4.877026e-02	5.473383e+00
2.816667e+01	5.710845e-02	5.516899e+00
2.820000e+01	6.003235e-02	5.532159e+00
2.823333e+01	6.134603e-02	5.539014e+00
2.826667e+01	6.495629e-02	5.557856e+00
2.830000e+01	7.062359e-02	5.587433e+00
2.833333e+01	7.523627e-02	5.611506e+00
2.836667e+01	7.753174e-02	5.623485e+00
2.840000e+01	7.978939e-02	5.635268e+00
2.843333e+01	8.440211e-02	5.659341e+00
2.846667e+01	9.036533e-02	5.690462e+00
2.850000e+01	9.447369e-02	5.711903e+00
2.853333e+01	9.502606e-02	5.714786e+00
2.856667e+01	9.321678e-02	5.705343e+00
2.860000e+01	9.142561e-02	5.695995e+00
2.863333e+01	9.101240e-02	5.693839e+00
2.866667e+01	9.170335e-02	5.697445e+00
2.870000e+01	9.248486e-02	5.701524e+00
2.873333e+01	9.270404e-02	5.702667e+00
2.876667e+01	9.242695e-02	5.701221e+00
2.880000e+01	9.208229e-02	5.699423e+00
2.883333e+01	9.197056e-02	5.698840e+00
2.886667e+01	9.187815e-02	5.698357e+00
2.890000e+01	9.067902e-02	5.692099e+00
2.893333e+01	8.680164e-02	5.671864e+00
2.896667e+01	8.023504e-02	5.637593e+00
29	7.362224e-02	5.603082e+00
2.903333e+01	7.011290e-02	5.584767e+00
2.906667e+01	7.040612e-02	5.586298e+00
2.910000e+01	7.253819e-02	5.597425e+00
2.913333e+01	7.409694e-02	5.605560e+00
2.916667e+01	7.414084e-02	5.605789e+00
2.920000e+01	7.329291e-02	5.601364e+00
2.923333e+01	7.260088e-02	5.597752e+00
2.926667e+01	7.254293e-02	5.597449e+00
2.930000e+01	7.289551e-02	5.599290e+00
2.933333e+01	7.300322e-02	5.599852e+00
2.936667e+01	7.169367e-02	5.593017e+00
2.940000e+01	6.761365e-02	5.571724e+00
2.943333e+01	6.095103e-02	5.536953e+00
2.946667e+01	5.437958e-02	5.502657e+00
2.950000e+01	5.095833e-02	5.484803e+00
2.953333e+01	5.129716e-02	5.486571e+00
2.956667e+01	5.341430e-02	5.497620e+00
2.960000e+01	5.493493e-02	5.505556e+00
2.963333e+01	5.495738e-02	5.505673e+00
2.966667e+01	5.411456e-02	5.501274e+00
2.970000e+01	5.343894e-02	5.497748e+00
2.973333e+01	5.339100e-02	5.497498e+00
2.976667e+01	5.374198e-02	5.499330e+00
2.980000e+01	5.404599e-02	5.500917e+00
2.983333e+01	5.387963e-02	5.500048e+00
2.986667e+01	5.238207e-02	5.492233e+00
2.990000e+01	4.831205e-02	5.470992e+00
2.993333e+01	4.176593e-02	5.436829e+00
2.996667e+01	3.528058e-02	5.402983e+00
30	3.185995e-02	5.385131e+00
3.003333e+01	3.214951e-02	5.386642e+00
3.006667e+01	3.422744e-02	5.397486e+00
3.010000e+01	3.574559e-02	5.405409e+00
3.013333e+01	3.578875e-02	5.405635e+00
3.016667e+01	3.496369e-02	5.401329e+00
3.020000e+01	3.429013e-02	5.397813e+00
3.023333e+01	3.423354e-02	5.397518e+00
3.026667e+01	3.457651e-02	5.399308e+00
3.030000e+01	3.487920e-02	5.400888e+00
3.033333e+01	3.491976e-02	5.401099e+00
3.036667e+01	3.477694e-02	5.400354e+00
3.040000e+01	3.464088e-02	5.399644e+00
3.043333e+01	3.461608e-02	5.399515e+00
3.046667e+01	3.467513e-02	5.399823e+00
3.050000e+01	3.473604e-02	5.400141e+00
3.053333e+01	3.474997e-02	5.400213e+00
3.056667e+01	3.472577e-02	5.400087e+00
3.060000e+01	3.469863e-02	5.399945e+00
3.063333e+01	3.469120e-02	5.399907e+00
3.066667e+01	3.470102e-02	5.399958e+00
3.070000e+01	3.471306e-02	5.400021e+00
3.073333e+01	3.471688e-02	5.400041e+00
3.076667e+01	3.471294e-02	5.400020e+00
3.080000e+01	3.470763e-02	5.399992e+00
3.083333e+01	3.470571e-02	5.399982e+00
3.086667e+01	3.470727e-02	5.399990e+00
3.090000e+01	3.470960e-02	5.400003e+00
3.093333e+01	3.471055e-02	5.400008e+00
3.096667e+01	3.470994e-02	5.400004e+00
31	3.470892e-02	5.399999e+00
3.103333e+01	3.470846e-02	5.399997e+00
3.106667e+01	3.470869e-02	5.399998e+00
3.110000e+01	3.470914e-02	5.400000e+00
3.113333e+01	3.470936e-02	5.400001e+00
3.116667e+01	3.470927e-02	5.400001e+00
3.120000e+01	3.470908e-02	5.400000e+00
3.123333e+01	3.470897e-02	5.399999e+00
3.126667e+01	3.470900e-02	5.400000e+00
3.130000e+01	3.470909e-02	5.400000e+00
3.133333e+01	3.450580e-02	5.398939e+00
3.136667e+01	3.315464e-02	5.391888e+00
3.140000e+01	2.922141e-02	5.371361e+00
3.143333e+01	2.249525e-02	5.336258e+00
3.146667e+01	1.459810e-02	5.295044e+00
3.150000e+01	7.182972e-03	5.256345e+00
3.153333e+01	9.364146e-04	5.223745e+00
3.156667e+01	-3.506746e-03	5.200557e+00
3.160000e+01	-5.443193e-03	5.190451e+00
3.163333e+01	-5.116624e-03	5.192155e+00
3.166667e+01	-3.848979e-03	5.198771e+00
3.170000e+01	-2.785839e-03	5.204319e+00
3.173333e+01	-1.444663e-03	5.211319e+00
3.176667e+01	2.000391e-03	5.229298e+00
3.180000e+01	8.145541e-03	5.261369e+00
3.183333e+01	1.467366e-02	5.295438e+00
3.186667e+01	1.835822e-02	5.314667e+00
3.190000e+01	1.825163e-02	5.314111e+00
3.193333e+01	1.616550e-02	5.303224e+00
3.196667e+01	1.453523e-02	5.294715e+00
32	1.440841e-02	5.294054e+00
3.203333e+01	1.523226e-02	5.298353e+00
3.206667e+01	1.595321e-02	5.302116e+00
3.210000e+01	1.604788e-02	5.302610e+00
3.213333e+01	1.570756e-02	5.300834e+00
3.216667e+01	1.538497e-02	5.299150e+00
3.220000e+01	1.532717e-02	5.298849e+00
3.223333e+01	1.546790e-02	5.299583e+00
3.226667e+01	1.581560e-02	5.301398e+00
3.230000e+01	1.719931e-02	5.308619e+00
3.233333e+01	2.107478e-02	5.328844e+00
3.236667e+01	2.753324e-02	5.362550e+00
3.240000e+01	3.406182e-02	5.396622e+00
3.243333e+01	3.756722e-02	5.414916e+00
3.246667e+01	3.731954e-02	5.413624e+00
3.250000e+01	3.522568e-02	5.402696e+00
3.253333e+01	3.367076e-02	5.394581e+00
3.256667e+01	3.360780e-02	5.394253e+00
3.260000e+01	3.443848e-02	5.398588e+00
3.263333e+01	3.512792e-02	5.402186e+00
3.266667e+01	3.539712e-02	5.403591e+00
3.270000e+01	3.640344e-02	5.408843e+00
3.273333e+01	4.002713e-02	5.427754e+00
3.276667e+01	4.650506e-02	5.461561e+00
3.280000e+01	5.319442e-02	5.496472e+00
3.283333e+01	5.681535e-02	5.515369e+00
3.286667e+01	5.656590e-02	5.514068e+00
3.290000e+01	5.440389e-02	5.502784e+00
3.293333e+01	5.279624e-02	5.494394e+00
3.296667e+01	5.273105e-02	5.494054e+00
33	5.359045e-02	5.498539e+00
3.303333e+01	5.430382e-02	5.502262e+00
3.306667e+01	5.437198e-02	5.502618e+00
3.310000e+01	5.401513e-02	5.500756e+00
3.313333e+01	5.369481e-02	5.499084e+00
3.316667e+01	5.364836e-02	5.498841e+00
3.320000e+01	5.379672e-02	5.499616e+00
3.323333e+01	5.394055e-02	5.500366e+00
3.326667e+01	5.396828e-02	5.500511e+00
3.330000e+01	5.390706e-02	5.500191e+00
3.333333e+01	5.384274e-02	5.499856e+00
3.336667e+01	5.382737e-02	5.499776e+00
3.340000e+01	5.385241e-02	5.499906e+00
3.343333e+01	5.388105e-02	5.500056e+00
3.346667e+01	5.388916e-02	5.500098e+00
3.350000e+01	5.387903e-02	5.500045e+00
3.353333e+01	5.386634e-02	5.499979e+00
3.356667e+01	5.386219e-02	5.499957e+00
3.360000e+01	5.386624e-02	5.499978e+00
3.363333e+01	5.387184e-02	5.500008e+00
3.366667e+01	5.367058e-02	5.498957e+00
3.370000e+01	5.231783e-02	5.491898e+00
3.373333e+01	4.838217e-02	5.471358e+00
3.376667e+01	4.185836e-02	5.437311e+00
3.380000e+01	3.531298e-02	5.403152e+00
3.383333e+01	3.183210e-02	5.384985e+00
3.386667e+01	3.210882e-02	5.386430e+00
3.390000e+01	3.400809e-02	5.396342e+00
3.393333e+01	3.420198e-02	5.397353e+00
3.396667e+01	3.031890e-02	5.377088e+00
34	2.296099e-02	5.338688e+00
3.403333e+01	1.572948e-02	5.300948e+00
3.406667e+01	1.218732e-02	5.282462e+00
3.410000e+01	1.281058e-02	5.285715e+00
3.413333e+01	1.522139e-02	5.298296e+00
3.416667e+01	1.680929e-02	5.306583e+00
3.420000e+01	1.671520e-02	5.306092e+00
3.423333e+01	1.574162e-02	5.301011e+00
3.426667e+01	1.503021e-02	5.297299e+00
3.430000e+01	1.502957e-02	5.297295e+00
3.433333e+01	1.543855e-02	5.299430e+00
3.436667e+01	1.576098e-02	5.301113e+00
3.440000e+01	1.577898e-02	5.301206e+00
3.443333e+01	1.560695e-02	5.300309e+00
3.446667e+01	1.546089e-02	5.299546e+00
3.450000e+01	1.544507e-02	5.299464e+00
3.453333e+01	1.551699e-02	5.299839e+00
3.456667e+01	1.558285e-02	5.300183e+00
3.460000e+01	1.559326e-02	5.300237e+00
3.463333e+01	1.536008e-02	5.299020e+00
3.466667e+01	1.397938e-02	5.291815e+00
3.470000e+01	1.024344e-02	5.272317e+00
3.473333e+01	5.084076e-03	5.245391e+00
3.476667e+01	2.484473e-03	5.231824e+00
3.480000e+01	5.528641e-03	5.247711e+00
3.483333e+01	1.234586e-02	5.283289e+00
3.486667e+01	1.792478e-02	5.312405e+00
3.490000e+01	1.919232e-02	5.319020e+00
3.493333e+01	1.714185e-02	5.308319e+00
3.496667e+01	1.476374e-02	5.295908e+00
35	1.402857e-02	5.292071e+00
3.503333e+01	1.480264e-02	5.296111e+00
3.506667e+01	1.583426e-02	5.301495e+00
3.510000e+01	1.620220e-02	5.303415e+00
3.513333e+01	1.589790e-02	5.301827e+00
3.516667e+01	1.544590e-02	5.299468e+00
3.520000e+01	1.506192e-02	5.297464e+00
3.523333e+01	1.382936e-02	5.291032e+00
3.526667e+01	1.009405e-02	5.271538e+00
3.530000e+01	3.658819e-03	5.237953e+00
3.533333e+01	-2.932434e-03	5.203554e+00
3.536667e+01	-6.500675e-03	5.184932e+00
3.540000e+01	-6.266369e-03	5.186155e+00
3.543333e+01	-4.146748e-03	5.197217e+00
3.546667e+01	-2.563777e-03	5.205478e+00
3.550000e+01	-2.493578e-03	5.205845e+00
3.553333e+01	-3.334752e-03	5.201455e+00
3.556667e+01	-4.036651e-03	5.197791e+00
3.560000e+01	-4.106285e-03	5.197428e+00
3.563333e+01	-3.757228e-03	5.199250e+00
3.566667e+01	-3.442204e-03	5.200894e+00
3.570000e+01	-3.408983e-03	5.201067e+00
3.573333e+01	-3.657663e-03	5.199769e+00
3.576667e+01	-4.164911e-03	5.197122e+00
3.580000e+01	-4.993340e-03	5.192799e+00
3.583333e+01	-6.170616e-03	5.186655e+00
3.586667e+01	-7.576631e-03	5.179317e+00
3.590000e+01	-9.012142e-03	5.171825e+00
3.593333e+01	-1.034722e-02	5.164858e+00
3.596667e+01	-1.158294e-02	5.158408e+00
36	-1.279524e-02	5.152082e+00
3.603333e+01	-1.404526e-02	5.145558e+00
3.606667e+01	-1.533842e-02	5.138809e+00
3.610000e+01	-1.664396e-02	5.131996e+00
3.613333e+01	-1.793442e-02	5.125261e+00
3.616667e+01	-1.920589e-02	5.118625e+00
3.620000e+01	-2.045753e-02	5.112093e+00
3.623333e+01	-2.162512e-02	5.106000e+00
3.626667e+01	-2.253886e-02	5.101231e+00
3.630000e+01	-2.322422e-02	5.097654e+00
3.633333e+01	-2.461861e-02	5.090377e+00
3.636667e+01	-2.835924e-02	5.070855e+00
3.640000e+01	-3.470636e-02	5.037731e+00
3.643333e+01	-4.121779e-02	5.003748e+00
3.646667e+01	-4.517648e-02	4.983089e+00
3.650000e+01	-4.767672e-02	4.970040e+00
3.653333e+01	-5.366174e-02	4.938805e+00
3.656667e+01	-6.648471e-02	4.871884e+00
3.660000e+01	-8.342691e-02	4.783465e+00
3.663333e+01	-9.773942e-02	4.708770e+00
3.666667e+01	-1.044301e-01	4.673852e+00
3.670000e+01	-1.037812e-01	4.677239e+00
3.673333e+01	-1.000716e-01	4.696599e+00
3.676667e+01	-9.735213e-02	4.710791e+00
3.680000e+01	-9.607705e-02	4.717446e+00
3.683333e+01	-9.340366e-02	4.731398e+00
3.686667e+01	-8.662576e-02	4.766771e+00
3.690000e+01	-7.616669e-02	4.821355e+00
3.693333e+01	-6.554763e-02	4.876774e+00
3.696667e+01	-5.878328e-02	4.912077e+00
37	-5.736939e-02	4.919455e+00
3.703333e+01	-5.944942e-02	4.908600e+00
3.706667e+01	-6.182636e-02	4.896195e+00
3.710000e+01	-6.256391e-02	4.892346e+00
3.713333e+01	-6.182073e-02	4.896225e+00
3.716667e+01	-6.062110e-02	4.902485e+00
3.720000e+01	-5.891408e-02	4.911394e+00
3.723333e+01	-5.527328e-02	4.930395e+00
3.726667e+01	-4.918514e-02	4.962168e+00
3.730000e+01	-4.301593e-02	4.994364e+00
3.733333e+01	-4.077081e-02	5.006081e+00
3.736667e+01	-4.478992e-02	4.985106e+00
3.740000e+01	-5.333152e-02	4.940529e+00
3.743333e+01	-6.146671e-02	4.898072e+00
3.746667e+01	-6.508201e-02	4.879204e+00
3.750000e+01	-6.401083e-02	4.884795e+00
3.753333e+01	-6.120607e-02	4.899432e+00
3.756667e+01	-5.976754e-02	4.906940e+00
3.760000e+01	-6.139633e-02	4.898439e+00
3.763333e+01	-6.647857e-02	4.871916e+00
3.766667e+01	-7.374509e-02	4.833993e+00
3.770000e+01	-8.021592e-02	4.800223e+00
3.773333e+01	-8.321045e-02	4.784595e+00
3.776667e+01	-8.279706e-02	4.786752e+00
3.780000e+01	-8.205845e-02	4.790607e+00
3.783333e+01	-8.465311e-02	4.777066e+00
3.786667e+01	-9.128124e-02	4.742474e+00
3.790000e+01	-9.866565e-02	4.703936e+00
3.793333e+01	-1.027459e-01	4.682642e+00
3.796667e+01	-1.024592e-01	4.684138e+00
38	-1.000039e-01	4.696952e+00
3.803333e+01	-9.818704e-02	4.706434e+00
3.806667e+01	-9.812629e-02	4.706751e+00
3.810000e+01	-9.911001e-02	4.701617e+00
3.813333e+01	-9.991884e-02	4.697396e+00
3.816667e+01	-9.999047e-02	4.697022e+00
3.820000e+01	-9.958119e-02	4.699158e+00
3.823333e+01	-9.921752e-02	4.701056e+00
3.826667e+01	-9.916715e-02	4.701319e+00
3.830000e+01	-9.913414e-02	4.701491e+00
3.833333e+01	-9.794641e-02	4.707690e+00
3.836667e+01	-9.404371e-02	4.728057e+00
3.840000e+01	-8.745054e-02	4.762466e+00
3.843333e+01	-8.083142e-02	4.797010e+00
3.846667e+01	-7.753578e-02	4.814210e+00
3.850000e+01	-7.919197e-02	4.805567e+00
3.853333e+01	-8.526058e-02	4.773895e+00
3.856667e+01	-9.333793e-02	4.731741e+00
3.860000e+01	-9.992259e-02	4.697376e+00
3.863333e+01	-1.025549e-01	4.683639e+00
3.866667e+01	-1.015883e-01	4.688683e+00
3.870000e+01	-9.942984e-02	4.699948e+00
3.873333e+01	-9.823776e-02	4.706169e+00
3.876667e+01	-9.849781e-02	4.704812e+00
3.880000e+01	-9.937359e-02	4.700241e+00
3.883333e+01	-9.991206e-02	4.697431e+00
3.886667e+01	-9.983281e-02	4.697845e+00
3.890000e+01	-9.946075e-02	4.699787e+00
3.893333e+01	-9.921359e-02	4.701077e+00
3.896667e+01	-9.923365e-02	4.700972e+00
39	-9.941932e-02	4.700003e+00
3.903333e+01	-9.974003e-02	4.698329e+00
3.906667e+01	-1.004696e-01	4.694522e+00
3.910000e+01	-1.020038e-01	4.686515e+00
3.913333e+01	-1.044262e-01	4.673873e+00
3.916667e+01	-1.073626e-01	4.658548e+00
3.920000e+01	-1.102926e-01	4.643257e+00
3.923333e+01	-1.129373e-01	4.629454e+00
3.926667e+01	-1.153547e-01	4.616838e+00
3.930000e+01	-1.177513e-01	4.604331e+00
3.933333e+01	-1.202605e-01	4.591236e+00
3.936667e+01	-1.228702e-01	4.577616e+00
3.940000e+01	-1.254945e-01	4.563920e+00
3.943333e+01	-1.280723e-01	4.550467e+00
3.946667e+01	-1.306051e-01	4.537249e+00
3.950000e+01	-1.331023e-01	4.524216e+00
3.953333e+01	-1.354384e-01	4.512024e+00
3.956667e+01	-1.372702e-01	4.502464e+00
3.960000e+01	-1.382371e-01	4.497418e+00
3.963333e+01	-1.383233e-01	4.496968e+00
3.966667e+01	-1.379363e-01	4.498988e+00
3.970000e+01	-1.375837e-01	4.500828e+00
3.973333e+01	-1.375146e-01	4.501189e+00
3.976667e+01	-1.378588e-01	4.499392e+00
3.980000e+01	-1.393589e-01	4.491564e+00
3.983333e+01	-1.433284e-01	4.470848e+00
3.986667e+01	-1.499977e-01	4.436042e+00
3.990000e+01	-1.578292e-01	4.395170e+00
3.993333e+01	-1.652256e-01	4.356569e+00
3.996667e+01	-1.714952e-01	4.323849e+00
40	-1.759674e-01	4.300509e+00
4.003333e+01	-1.779134e-01	4.290353e+00
4.006667e+01	-1.775776e-01	4.292106e+00
4.010000e+01	-1.762972e-01	4.298788e+00
4.013333e+01	-1.754326e-01	4.303300e+00
4.016667e+01	-1.754462e-01	4.303229e+00
4.020000e+01	-1.759400e-01	4.300652e+00
4.023333e+01	-1.763200e-01	4.298669e+00
4.026667e+01	-1.763364e-01	4.298583e+00
4.030000e+01	-1.761314e-01	4.299654e+00
4.033333e+01	-1.759606e-01	4.300545e+00
4.036667e+01	-1.759444e-01	4.300629e+00
4.040000e+01	-1.760302e-01	4.300181e+00
4.043333e+01	-1.761073e-01	4.299779e+00
4.046667e+01	-1.761184e-01	4.299721e+00
4.050000e+01	-1.760827e-01	4.299908e+00
4.053333e+01	-1.760481e-01	4.300088e+00
4.056667e+01	-1.760414e-01	4.300123e+00
4.060000e+01	-1.758528e-01	4.301107e+00
4.063333e+01	-1.745171e-01	4.308078e+00
4.066667e+01	-1.705876e-01	4.328585e+00
4.070000e+01	-1.640588e-01	4.362658e+00
4.073333e+01	-1.575059e-01	4.396857e+00
4.076667e+01	-1.540220e-01	4.415039e+00
4.080000e+01	-1.543007e-01	4.413585e+00
4.083333e+01	-1.562033e-01	4.403656e+00
4.086667e+01	-1.563986e-01	4.402636e+00
4.090000e+01	-1.525148e-01	4.422905e+00
4.093333e+01	-1.451554e-01	4.461313e+00
4.096667e+01	-1.377199e-01	4.500118e+00
41	-1.326235e-01	4.526715e+00
4.103333e+01	-1.279631e-01	4.551037e+00
4.106667e+01	-1.199182e-01	4.593022e+00
4.110000e+01	-1.082339e-01	4.654001e+00
4.113333e+01	-9.676041e-02	4.713879e+00
4.116667e+01	-8.844443e-02	4.757279e+00
4.120000e+01	-8.223817e-02	4.789669e+00
4.123333e+01	-7.540680e-02	4.825321e+00
4.126667e+01	-6.740696e-02	4.867071e+00
4.130000e+01	-6.047142e-02	4.903266e+00
4.133333e+01	-5.623821e-02	4.925359e+00
4.136667e+01	-5.320866e-02	4.941170e+00
4.140000e+01	-4.897972e-02	4.963240e+00
4.143333e+01	-4.378335e-02	4.990359e+00
4.146667e+01	-4.008846e-02	5.009642e+00
4.150000e+01	-3.943305e-02	5.013063e+00
4.153333e+01	-4.072143e-02	5.006339e+00
4.156667e+01	-4.096953e-02	5.005044e+00
4.160000e+01	-3.748057e-02	5.023252e+00
4.163333e+01	-3.040174e-02	5.060196e+00
4.166667e+01	-2.295933e-02	5.099037e+00
4.170000e+01	-1.810223e-02	5.124385e+00
4.173333e+01	-1.642268e-02	5.133151e+00
4.176667e+01	-1.894224e-02	5.120001e+00
4.180000e+01	-2.803717e-02	5.072536e+00
4.183333e+01	-4.140833e-02	5.002754e+00
4.186667e+01	-4.922014e-02	4.961985e+00
4.190000e+01	-4.287292e-02	4.995110e+00
4.193333e+01	-2.491446e-02	5.088833e+00
4.196667e+01	-7.483477e-03	5.179803e+00
42	-1.781323e-03	5.209562e+00
4.203333e+01	-9.106426e-03	5.171333e+00
4.206667e+01	-2.094226e-02	5.109563e+00
4.210000e+01	-2.690423e-02	5.078449e+00
4.213333e+01	-2.263047e-02	5.100753e+00
4.216667e+01	-1.179473e-02	5.157303e+00
4.220000e+01	-2.012336e-03	5.208356e+00
4.223333e+01	1.577658e-03	5.227092e+00
4.226667e+01	-2.586234e-04	5.217508e+00
4.230000e+01	-2.459809e-03	5.206021e+00
4.233333e+01	-1.982102e-04	5.217824e+00
4.236667e+01	6.807341e-03	5.254385e+00
4.240000e+01	1.349052e-02	5.289263e+00
4.243333e+01	1.381462e-02	5.290955e+00
4.246667e+01	6.565972e-03	5.253125e+00
4.250000e+01	-3.871342e-03	5.198654e+00
4.253333e+01	-1.204671e-02	5.155988e+00
4.256667e+01	-1.567733e-02	5.137040e+00
4.260000e+01	-1.641985e-02	5.133165e+00
4.263333e+01	-1.747850e-02	5.127640e+00
4.266667e+01	-2.018181e-02	5.113532e+00
4.270000e+01	-2.313762e-02	5.098106e+00
4.273333e+01	-2.449063e-02	5.091045e+00
4.276667e+01	-2.397905e-02	5.093715e+00
4.280000e+01	-2.277719e-02	5.099987e+00
4.283333e+01	-2.209496e-02	5.103548e+00
4.286667e+01	-2.223738e-02	5.102804e+00
4.290000e+01	-2.274122e-02	5.100175e+00
4.293333e+01	-2.305730e-02	5.098525e+00
4.296667e+01	-2.301657e-02	5.098738e+00
43	-2.280226e-02	5.099856e+00
4.303333e+01	-2.265681e-02	5.100616e+00
4.306667e+01	-2.266586e-02	5.100568e+00
4.310000e+01	-2.255366e-02	5.101154e+00
4.313333e+01	-2.126917e-02	5.107857e+00
4.316667e+01	-1.733590e-02	5.128385e+00
4.320000e+01	-1.077453e-02	5.162627e+00
4.323333e+01	-4.198149e-03	5.196949e+00
4.326667e+01	-7.145157e-04	5.215129e+00
4.330000e+01	-1.006975e-03	5.213603e+00
4.333333e+01	-3.123588e-03	5.202557e+00
4.336667e+01	-4.670587e-03	5.194483e+00
4.340000e+01	-4.714147e-03	5.194256e+00
4.343333e+01	-3.872740e-03	5.198647e+00
4.346667e+01	-3.186049e-03	5.202231e+00
4.350000e+01	-3.128547e-03	5.202531e+00
4.353333e+01	-3.478388e-03	5.200705e+00
4.356667e+01	-3.787021e-03	5.199094e+00
4.360000e+01	-3.828303e-03	5.198879e+00
4.363333e+01	-3.682614e-03	5.199639e+00
4.366667e+01	-3.543879e-03	5.200363e+00
4.370000e+01	-3.518624e-03	5.200495e+00
4.373333e+01	-3.578859e-03	5.200181e+00
4.376667e+01	-3.640967e-03	5.199856e+00
4.380000e+01	-3.655159e-03	5.199782e+00
4.383333e+01	-3.630471e-03	5.199911e+00
4.386667e+01	-3.602796e-03	5.200056e+00
4.390000e+01	-3.595227e-03	5.200095e+00
4.393333e+01	-3.605246e-03	5.200043e+00
4.396667e+01	-3.617523e-03	5.199979e+00
44	-3.621419e-03	5.199959e+00
4.403333e+01	-3.617400e-03	5.199979e+00
4.406667e+01	-3.611978e-03	5.200008e+00
4.410000e+01	-3.813360e-03	5.198957e+00
4.413333e+01	-5.166100e-03	5.191897e+00
4.416667e+01	-9.101680e-03	5.171358e+00
4.420000e+01	-1.582878e-02	5.136250e+00
4.423333e+01	-2.372531e-02	5.095039e+00
4.426667e+01	-3.154609e-02	5.054224e+00
4.430000e+01	-4.069782e-02	5.006462e+00
4.433333e+01	-5.435876e-02	4.935168e+00
4.436667e+01	-7.327445e-02	4.836449e+00
4.440000e+01	-9.256290e-02	4.735786e+00
4.443333e+01	-1.048051e-01	4.671895e+00
4.446667e+01	-1.068746e-01	4.661095e+00
4.450000e+01	-1.024025e-01	4.684434e+00
4.453333e+01	-9.769683e-02	4.708992e+00
4.456667e+01	-9.642837e-02	4.715612e+00
4.460000e+01	-9.806635e-02	4.707064e+00
4.463333e+01	-1.000703e-01	4.696605e+00
4.466667e+01	-1.005037e-01	4.694344e+00
4.470000e+01	-9.850199e-02	4.704790e+00
4.473333e+01	-9.369039e-02	4.729901e+00
4.476667e+01	-8.685114e-02	4.765594e+00
4.480000e+01	-8.056294e-02	4.798412e+00
4.483333e+01	-7.746705e-02	4.814569e+00
4.486667e+01	-7.789880e-02	4.812315e+00
4.490000e+01	-7.990126e-02	4.801865e+00
4.493333e+01	-8.127773e-02	4.794681e+00
4.496667e+01	-8.125272e-02	4.794812e+00
45	-8.045575e-02	4.798971e+00
4.503333e+01	-7.984373e-02	4.802165e+00
4.506667e+01	-7.981946e-02	4.802292e+00
4.510000e+01	-7.994904e-02	4.801616e+00
4.513333e+01	-7.887397e-02	4.807226e+00
4.516667e+01	-7.496615e-02	4.827620e+00
4.520000e+01	-6.830393e-02	4.862390e+00
4.523333e+01	-6.163332e-02	4.897203e+00
4.526667e+01	-5.813364e-02	4.915467e+00
4.530000e+01	-5.846789e-02	4.913723e+00
4.533333e+01	-6.062673e-02	4.902456e+00
4.536667e+01	-6.218290e-02	4.894334e+00
4.540000e+01	-6.220930e-02	4.894197e+00
4.543333e+01	-6.134905e-02	4.898686e+00
4.546667e+01	-6.065741e-02	4.902296e+00
4.550000e+01	-6.060689e-02	4.902559e+00
4.553333e+01	-6.096510e-02	4.900690e+00
4.556667e+01	-6.127630e-02	4.899066e+00
4.560000e+01	-6.131477e-02	4.898865e+00
4.563333e+01	-6.116538e-02	4.899645e+00
4.566667e+01	-6.102535e-02	4.900376e+00
4.570000e+01	-6.100122e-02	4.900501e+00
4.573333e+01	-6.106308e-02	4.900179e+00
4.576667e+01	-6.112583e-02	4.899851e+00
4.580000e+01	-6.113958e-02	4.899779e+00
4.583333e+01	-6.111418e-02	4.899912e+00
4.586667e+01	-6.088286e-02	4.901119e+00
4.590000e+01	-5.952431e-02	4.908209e+00
4.593333e+01	-5.560144e-02	4.928682e+00
4.596667e+01	-4.909107e-02	4.962659e+00
46	-4.254890e-02	4.996802e+00
4.603333e+01	-3.906280e-02	5.014995e+00
4.606667e+01	-3.933354e-02	5.013582e+00
4.610000e+01	-4.143444e-02	5.002618e+00
4.613333e+01	-4.277826e-02	4.995605e+00
4.616667e+01	-4.147987e-02	5.002381e+00
4.620000e+01	-3.671244e-02	5.027261e+00
4.623333e+01	-2.950328e-02	5.064885e+00
4.626667e+01	-2.289591e-02	5.099368e+00
4.630000e+01	-1.976055e-02	5.115731e+00
4.633333e+01	-2.034509e-02	5.112680e+00
4.636667e+01	-2.249083e-02	5.101482e+00
4.640000e+01	-2.389212e-02	5.094169e+00
4.643333e+01	-2.380394e-02	5.094629e+00
4.646667e+01	-2.294282e-02	5.099123e+00
4.650000e+01	-2.231669e-02	5.102391e+00
4.653333e+01	-2.231835e-02	5.102382e+00
4.656667e+01	-2.267987e-02	5.100495e+00
4.660000e+01	-2.296354e-02	5.099015e+00
4.663333e+01	-2.297837e-02	5.098937e+00
4.666667e+01	-2.282625e-02	5.099731e+00
4.670000e+01	-2.269771e-02	5.100402e+00
4.673333e+01	-2.268423e-02	5.100472e+00
4.676667e+01	-2.274785e-02	5.100140e+00
4.680000e+01	-2.280583e-02	5.099838e+00
4.683333e+01	-2.281481e-02	5.099791e+00
4.686667e+01	-2.278840e-02	5.099929e+00
4.690000e+01	-2.276237e-02	5.100065e+00
4.693333e+01	-2.275710e-02	5.100092e+00
4.696667e+01	-2.276798e-02	5.100035e+00
47	-2.277961e-02	5.099975e+00
4.703333e+01	-2.278249e-02	5.099960e+00
4.706667e+01	-2.277805e-02	5.099983e+00
4.710000e+01	-2.277288e-02	5.100010e+00
4.713333e+01	-2.277137e-02	5.100018e+00
4.716667e+01	-2.277316e-02	5.100008e+00
4.720000e+01	-2.277545e-02	5.099996e+00
4.723333e+01	-2.277622e-02	5.099992e+00
4.726667e+01	-2.277551e-02	5.099996e+00
4.730000e+01	-2.277450e-02	5.100001e+00
4.733333e+01	-2.277411e-02	5.100003e+00
4.736667e+01	-2.277439e-02	5.100002e+00
4.740000e+01	-2.277484e-02	5.100000e+00
4.743333e+01	-2.277502e-02	5.099999e+00
4.746667e+01	-2.277492e-02	5.099999e+00
4.750000e+01	-2.277472e-02	5.100000e+00
4.753333e+01	-2.277463e-02	5.100001e+00
4.756667e+01	-2.277467e-02	5.100000e+00
4.760000e+01	-2.277476e-02	5.100000e+00
4.763333e+01	-2.277480e-02	5.100000e+00
4.766667e+01	-2.277479e-02	5.100000e+00
4.770000e+01	-2.277475e-02	5.100000e+00
4.773333e+01	-2.277473e-02	5.100000e+00
4.776667e+01	-2.277473e-02	5.100000e+00
4.780000e+01	-2.277475e-02	5.100000e+00
4.783333e+01	-2.277476e-02	5.100000e+00
4.786667e+01	-2.277476e-02	5.100000e+00
4.790000e+01	-2.277475e-02	5.100000e+00
4.793333e+01	-2.277475e-02	5.100000e+00
4.796667e+01	-2.277475e-02	5.100000e+00
48	-2.277475e-02	5.100000e+00
4.803333e+01	-2.277475e-02	5.100000e+00
4.806667e+01	-2.277475e-02	5.100000e+00
4.810000e+01	-2.277475e-02	5.100000e+00
4.813333e+01	-2.277475e-02	5.100000e+00
4.816667e+01	-2.277475e-02	5.100000e+00
4.820000e+01	-2.277475e-02	5.100000e+00
4.823333e+01	-2.277475e-02	5.100000e+00
4.826667e+01	-2.277475e-02	5.100000e+00
4.830000e+01	-2.277475e-02	5.100000e+00
4.833333e+01	-2.277475e-02	5.100000e+00
4.836667e+01	-2.277475e-02	5.100000e+00
4.840000e+01	-2.277475e-02	5.100000e+00
4.843333e+01	-2.277475e-02	5.100000e+00
4.846667e+01	-2.277475e-02	5.100000e+00
4.850000e+01	-2.277475e-02	5.100000e+00
4.853333e+01	-2.277475e-02	5.100000e+00
4.856667e+01	-2.277475e-02	5.100000e+00
4.860000e+01	-2.277475e-02	5.100000e+00
4.863333e+01	-2.277475e-02	5.100000e+00
4.866667e+01	-2.277475e-02	5.100000e+00
4.870000e+01	-2.277475e-02	5.100000e+00
4.873333e+01	-2.277475e-02	5.100000e+00
4.876667e+01	-2.277475e-02	5.100000e+00
4.880000e+01	-2.277475e-02	5.100000e+00
4.883333e+01	-2.277475e-02	5.100000e+00
4.886667e+01	-2.277475e-02	5.100000e+00
4.890000e+01	-2.277475e-02	5.100000e+00
4.893333e+01	-2.277475e-02	5.100000e+00
4.896667e+01	-2.277475e-02	5.100000e+00
49	-2.277475e-02	5.100000e+00
4.903333e+01	-2.277475e-02	5.100000e+00
4.906667e+01	-2.277475e-02	5.100000e+00
4.910000e+01	-2.297809e-02	5.098939e+00
4.913333e+01	-2.432924e-02	5.091887e+00
4.916667e+01	-2.826243e-02	5.071361e+00
4.920000e+01	-3.478523e-02	5.037319e+00
4.923333e+01	-4.133123e-02	5.003156e+00
4.926667e+01	-4.481318e-02	4.984985e+00
4.930000e+01	-4.453695e-02	4.986426e+00
4.933333e+01	-4.243411e-02	4.997401e+00
4.936667e+01	-4.088860e-02	5.005466e+00
4.940000e+01	-4.083826e-02	5.005729e+00
4.943333e+01	-4.167345e-02	5.001370e+00
4.946667e+01	-4.256250e-02	4.996731e+00
4.950000e+01	-4.397397e-02	4.989364e+00
4.953333e+01	-4.756011e-02	4.970649e+00
4.956667e+01	-5.377485e-02	4.938215e+00
4.960000e+01	-6.027841e-02	4.904274e+00
4.963333e+01	-6.390480e-02	4.885348e+00
4.966667e+01	-6.376699e-02	4.886067e+00
4.970000e+01	-6.168988e-02	4.896907e+00
4.973333e+01	-6.008469e-02	4.905285e+00
4.976667e+01	-5.997240e-02	4.905871e+00
4.980000e+01	-6.079322e-02	4.901587e+00
4.983333e+01	-6.150337e-02	4.897881e+00
4.986667e+01	-6.159128e-02	4.897422e+00
4.990000e+01	-6.125187e-02	4.899193e+00
4.993333e+01	-6.093390e-02	4.900853e+00
4.996667e+01	-6.087922e-02	4.901138e+00
50	-6.101974e-02	4.900405e+00
5.003333e+01	-6.116213e-02	4.899662e+00
5.006667e+01	-6.119326e-02	4.899499e+00
5.010000e+01	-6.113555e-02	4.899800e+00
5.013333e+01	-6.086870e-02	4.901193e+00
5.016667e+01	-5.950079e-02	4.908332e+00
5.020000e+01	-5.559107e-02	4.928736e+00
5.023333e+01	-4.909647e-02	4.962631e+00
5.026667e+01	-4.255916e-02	4.996748e+00
5.030000e+01	-3.906776e-02	5.014969e+00
5.033333e+01	-3.933153e-02	5.013593e+00
5.036667e+01	-4.142999e-02	5.002641e+00
5.040000e+01	-4.297925e-02	4.994556e+00
5.043333e+01	-4.303508e-02	4.994264e+00
5.046667e+01	-4.220204e-02	4.998612e+00
5.050000e+01	-4.151487e-02	5.002198e+00
5.053333e+01	-4.145215e-02	5.002525e+00
5.056667e+01	-4.179815e-02	5.000720e+00
5.060000e+01	-4.190343e-02	5.000170e+00
5.063333e+01	-4.059577e-02	5.006995e+00
5.066667e+01	-3.651864e-02	5.028273e+00
5.070000e+01	-2.985721e-02	5.063038e+00
5.073333e+01	-2.328502e-02	5.097337e+00
5.076667e+01	-1.986252e-02	5.115199e+00
5.080000e+01	-1.999743e-02	5.114494e+00
5.083333e+01	-2.056037e-02	5.111557e+00
5.086667e+01	-1.679720e-02	5.131196e+00
5.090000e+01	-6.363925e-03	5.185646e+00
5.093333e+01	7.751138e-03	5.259310e+00
5.096667e+01	1.980609e-02	5.322223e+00
51	2.699307e-02	5.359731e+00
5.103333e+01	3.098912e-02	5.380586e+00
5.106667e+01	3.493381e-02	5.401173e+00
5.110000e+01	4.071607e-02	5.431350e+00
5.113333e+01	4.789392e-02	5.468810e+00
5.116667e+01	5.399484e-02	5.500650e+00
5.120000e+01	5.670066e-02	5.514771e+00
5.123333e+01	5.602670e-02	5.511254e+00
5.126667e+01	5.404260e-02	5.500899e+00
5.130000e+01	5.281896e-02	5.494513e+00
5.133333e+01	5.295585e-02	5.495227e+00
5.136667e+01	5.355088e-02	5.498333e+00
5.140000e+01	5.274872e-02	5.494146e+00
5.143333e+01	4.878931e-02	5.473483e+00
5.146667e+01	4.193013e-02	5.437686e+00
5.150000e+01	3.513443e-02	5.402220e+00
5.153333e+01	3.164991e-02	5.384035e+00
5.156667e+01	3.186497e-02	5.385157e+00
5.160000e+01	3.273026e-02	5.389673e+00
5.163333e+01	3.035003e-02	5.377251e+00
5.166667e+01	2.381782e-02	5.343160e+00
5.170000e+01	1.638518e-02	5.304370e+00
5.173333e+01	1.221147e-02	5.282588e+00
5.176667e+01	1.224899e-02	5.282784e+00
5.180000e+01	1.337091e-02	5.288639e+00
5.183333e+01	1.129516e-02	5.277806e+00
5.186667e+01	4.854802e-03	5.244195e+00
5.190000e+01	-2.681229e-03	5.204865e+00
5.193333e+01	-7.192873e-03	5.181320e+00
5.196667e+01	-8.349586e-03	5.175283e+00
52	-9.768569e-03	5.167877e+00
5.203333e+01	-1.457799e-02	5.142778e+00
5.206667e+01	-2.236970e-02	5.102114e+00
5.210000e+01	-3.079099e-02	5.058164e+00
5.213333e+01	-3.788991e-02	5.021116e+00
5.216667e+01	-4.262940e-02	4.996381e+00
5.220000e+01	-4.570277e-02	4.980342e+00
5.223333e+01	-5.027798e-02	4.956465e+00
5.226667e+01	-5.960920e-02	4.907766e+00
5.230000e+01	-7.334261e-02	4.836094e+00
5.233333e+01	-8.748530e-02	4.762285e+00
5.236667e+01	-9.773719e-02	4.708782e+00
5.240000e+01	-1.022104e-01	4.685436e+00
5.243333e+01	-1.019853e-01	4.686611e+00
5.246667e+01	-9.989135e-02	4.697539e+00
5.250000e+01	-9.843283e-02	4.705151e+00
5.253333e+01	-9.842558e-02	4.705189e+00
5.256667e+01	-9.921609e-02	4.701063e+00
5.260000e+01	-9.982928e-02	4.697863e+00
5.263333e+01	-9.985614e-02	4.697723e+00
5.266667e+01	-9.952561e-02	4.699448e+00
5.270000e+01	-9.925089e-02	4.700882e+00
5.273333e+01	-9.902227e-02	4.702075e+00
5.276667e+01	-9.780990e-02	4.708402e+00
5.280000e+01	-9.400071e-02	4.728282e+00
5.283333e+01	-8.749551e-02	4.762232e+00
5.286667e+01	-8.089173e-02	4.796696e+00
5.290000e+01	-7.735403e-02	4.815158e+00
5.293333e+01	-7.761967e-02	4.813772e+00
5.296667e+01	-7.974637e-02	4.802673e+00
53	-8.131681e-02	4.794477e+00
5.303333e+01	-8.137305e-02	4.794184e+00
5.306667e+01	-8.073143e-02	4.797532e+00
5.310000e+01	-8.138576e-02	4.794117e+00
5.313333e+01	-8.525552e-02	4.773922e+00
5.316667e+01	-9.212933e-02	4.738048e+00
5.320000e+01	-9.898831e-02	4.702252e+00
5.323333e+01	-1.025143e-01	4.683851e+00
5.326667e+01	-1.020920e-01	4.686054e+00
5.330000e+01	-9.984861e-02	4.697762e+00
5.333333e+01	-9.827657e-02	4.705967e+00
5.336667e+01	-9.828654e-02	4.705915e+00
5.340000e+01	-9.918463e-02	4.701228e+00
5.343333e+01	-9.988511e-02	4.697572e+00
5.346667e+01	-9.992075e-02	4.697386e+00
5.350000e+01	-9.954568e-02	4.699343e+00
5.353333e+01	-9.922979e-02	4.700992e+00
5.356667e+01	-9.919735e-02	4.701161e+00
5.360000e+01	-9.955755e-02	4.699281e+00
5.363333e+01	-1.010511e-01	4.691487e+00
5.366667e+01	-1.050061e-01	4.670846e+00
5.370000e+01	-1.114637e-01	4.637145e+00
5.373333e+01	-1.179457e-01	4.603316e+00
5.376667e+01	-1.214149e-01	4.585211e+00
5.380000e+01	-1.211655e-01	4.586513e+00
5.383333e+01	-1.190912e-01	4.597338e+00
5.386667e+01	-1.175528e-01	4.605367e+00
5.390000e+01	-1.174915e-01	4.605687e+00
5.393333e+01	-1.183139e-01	4.601394e+00
5.396667e+01	-1.189960e-01	4.597835e+00
54	-1.190607e-01	4.597497e+00
5.403333e+01	-1.187193e-01	4.599279e+00
5.406667e+01	-1.184131e-01	4.600877e+00
5.410000e+01	-1.181656e-01	4.602169e+00
5.413333e+01	-1.169564e-01	4.608479e+00
5.416667e+01	-1.131607e-01	4.628289e+00
5.420000e+01	-1.066643e-01	4.662192e+00
5.423333e+01	-1.000597e-01	4.696661e+00
5.426667e+01	-9.651626e-02	4.715154e+00
5.430000e+01	-9.657450e-02	4.714850e+00
5.433333e+01	-9.735016e-02	4.710802e+00
5.436667e+01	-9.498984e-02	4.723120e+00
5.440000e+01	-8.852513e-02	4.756858e+00
5.443333e+01	-8.093089e-02	4.796491e+00
5.446667e+01	-7.519662e-02	4.826418e+00
5.450000e+01	-7.012422e-02	4.852890e+00
5.453333e+01	-6.191867e-02	4.895713e+00
5.456667e+01	-4.935764e-02	4.961268e+00
5.460000e+01	-3.528792e-02	5.034696e+00
5.463333e+01	-2.322708e-02	5.097639e+00
5.466667e+01	-1.430047e-02	5.144226e+00
5.470000e+01	-7.857059e-03	5.177853e+00
5.473333e+01	-3.590469e-03	5.200120e+00
5.476667e+01	-1.594201e-03	5.210538e+00
5.480000e+01	-6.011803e-04	5.215721e+00
5.483333e+01	2.093971e-03	5.229786e+00
5.486667e+01	7.786184e-03	5.259493e+00
5.490000e+01	1.434603e-02	5.293728e+00
5.493333e+01	1.830332e-02	5.314381e+00
5.496667e+01	1.839337e-02	5.314851e+00
55	1.610390e-02	5.302902e+00
5.503333e+01	1.321368e-02	5.287819e+00
5.506667e+01	1.021346e-02	5.272161e+00
5.510000e+01	7.091922e-03	5.255870e+00
5.513333e+01	3.903590e-03	5.239230e+00
5.516667e+01	5.793119e-04	5.221882e+00
5.520000e+01	-2.544657e-03	5.205578e+00
5.523333e+01	-4.542301e-03	5.195153e+00
5.526667e+01	-4.899152e-03	5.193290e+00
5.530000e+01	-4.153527e-03	5.197182e+00
5.533333e+01	-3.341008e-03	5.201422e+00
5.536667e+01	-3.100560e-03	5.202677e+00
5.540000e+01	-3.366456e-03	5.201289e+00
5.543333e+01	-3.712513e-03	5.199483e+00
5.546667e+01	-3.832835e-03	5.198855e+00
5.550000e+01	-3.728850e-03	5.199398e+00
5.553333e+01	-3.577746e-03	5.200186e+00
5.556667e+01	-3.518702e-03	5.200495e+00
5.560000e+01	-3.559395e-03	5.200282e+00
5.563333e+01	-3.625578e-03	5.199937e+00
5.566667e+01	-3.654265e-03	5.199787e+00
5.570000e+01	-3.841992e-03	5.198807e+00
5.573333e+01	-5.164254e-03	5.191907e+00
5.576667e+01	-9.083680e-03	5.171452e+00
5.580000e+01	-1.561231e-02	5.137380e+00
5.583333e+01	-2.217086e-02	5.103152e+00
5.586667e+01	-2.565935e-02	5.084946e+00
5.590000e+01	-2.538102e-02	5.086398e+00
5.593333e+01	-2.327275e-02	5.097401e+00
5.596667e+01	-2.172417e-02	5.105483e+00
56	-2.167454e-02	5.105742e+00
5.603333e+01	-2.251207e-02	5.101371e+00
5.606667e+01	-2.319921e-02	5.097785e+00
5.610000e+01	-2.325931e-02	5.097471e+00
5.613333e+01	-2.291125e-02	5.099288e+00
5.616667e+01	-2.260253e-02	5.100899e+00
5.620000e+01	-2.256015e-02	5.101120e+00
5.623333e+01	-2.270502e-02	5.100364e+00
5.626667e+01	-2.284374e-02	5.099640e+00
5.630000e+01	-2.286946e-02	5.099506e+00
5.633333e+01	-2.280960e-02	5.099818e+00
5.636667e+01	-2.274752e-02	5.100142e+00
5.640000e+01	-2.273313e-02	5.100217e+00
5.643333e+01	-2.275765e-02	5.100089e+00
5.646667e+01	-2.298864e-02	5.098884e+00
5.650000e+01	-2.434744e-02	5.091792e+00
5.653333e+01	-2.827070e-02	5.071317e+00
5.656667e+01	-3.498457e-02	5.036279e+00
5.660000e+01	-4.287779e-02	4.995085e+00
5.663333e+01	-5.029692e-02	4.956366e+00
5.666667e+01	-5.675224e-02	4.922676e+00
5.670000e+01	-6.254852e-02	4.892426e+00
5.673333e+01	-6.861992e-02	4.860741e+00
5.676667e+01	-7.616491e-02	4.821364e+00
5.680000e+01	-8.557883e-02	4.772234e+00
5.683333e+01	-9.607554e-02	4.717454e+00
5.686667e+01	-1.062895e-01	4.664148e+00
5.690000e+01	-1.148834e-01	4.619298e+00
5.693333e+01	-1.215395e-01	4.584561e+00
5.696667e+01	-1.281701e-01	4.549957e+00
57	-1.374367e-01	4.501596e+00
5.703333e+01	-1.488685e-01	4.441935e+00
5.706667e+01	-1.582299e-01	4.393079e+00
5.710000e+01	-1.620121e-01	4.373340e+00
5.713333e+01	-1.616481e-01	4.375240e+00
5.716667e+01	-1.624438e-01	4.371087e+00
5.720000e+01	-1.685833e-01	4.339046e+00
5.723333e+01	-1.795619e-01	4.281750e+00
5.726667e+01	-1.909430e-01	4.222354e+00
5.730000e+01	-1.980096e-01	4.185474e+00
5.733333e+01	-1.992256e-01	4.179128e+00
5.736667e+01	-1.968168e-01	4.191699e+00
5.740000e+01	-1.942954e-01	4.204858e+00
5.743333e+01	-1.936338e-01	4.208311e+00
5.746667e+01	-1.945202e-01	4.203685e+00
5.750000e+01	-1.955856e-01	4.198125e+00
5.753333e+01	-1.959132e-01	4.196415e+00
5.756667e+01	-1.955585e-01	4.198266e+00
5.760000e+01	-1.950911e-01	4.200705e+00
5.763333e+01	-1.949278e-01	4.201558e+00
5.766667e+01	-1.950690e-01	4.200821e+00
5.770000e+01	-1.952747e-01	4.199747e+00
5.773333e+01	-1.953553e-01	4.199326e+00
5.776667e+01	-1.953001e-01	4.199615e+00
5.780000e+01	-1.952099e-01	4.200085e+00
5.783333e+01	-1.951707e-01	4.200290e+00
5.786667e+01	-1.951919e-01	4.200179e+00
5.790000e+01	-1.952312e-01	4.199974e+00
5.793333e+01	-1.952501e-01	4.199876e+00
5.796667e+01	-1.952422e-01	4.199917e+00
58	-1.952251e-01	4.200006e+00
5.803333e+01	-1.952161e-01	4.200053e+00
5.806667e+01	-1.952190e-01	4.200038e+00
5.810000e+01	-1.952264e-01	4.199999e+00
5.813333e+01	-1.952306e-01	4.199978e+00
5.816667e+01	-1.952296e-01	4.199983e+00
5.820000e+01	-1.952264e-01	4.199999e+00
5.823333e+01	-1.952245e-01	4.200009e+00
5.826667e+01	-1.952248e-01	4.200008e+00
5.830000e+01	-1.952261e-01	4.200001e+00
5.833333e+01	-1.952270e-01	4.199996e+00
5.836667e+01	-1.954303e-01	4.198935e+00
5.840000e+01	-1.967809e-01	4.191887e+00
5.843333e+01	-2.007136e-01	4.171362e+00
5.846667e+01	-2.072364e-01	4.137321e+00
5.850000e+01	-2.137827e-01	4.103157e+00
5.853333e+01	-2.172648e-01	4.084984e+00
5.856667e+01	-2.169886e-01	4.086425e+00
5.860000e+01	-2.148857e-01	4.097400e+00
5.863333e+01	-2.133401e-01	4.105467e+00
5.866667e+01	-2.132897e-01	4.105729e+00
5.870000e+01	-2.141250e-01	4.101370e+00
5.873333e+01	-2.148107e-01	4.097792e+00
5.876667e+01	-2.146677e-01	4.098538e+00
5.880000e+01	-2.129695e-01	4.107401e+00
5.883333e+01	-2.087282e-01	4.129535e+00
5.886667e+01	-2.021629e-01	4.163798e+00
5.890000e+01	-1.957614e-01	4.197207e+00
5.893333e+01	-1.924179e-01	4.214657e+00
5.896667e+01	-1.927198e-01	4.213081e+00
59	-1.947630e-01	4.202418e+00
5.903333e+01	-1.960432e-01	4.195736e+00
5.906667e+01	-1.947280e-01	4.202600e+00
5.910000e+01	-1.899841e-01	4.227358e+00
5.913333e+01	-1.825998e-01	4.265896e+00
5.916667e+01	-1.746500e-01	4.307385e+00
5.920000e+01	-1.673687e-01	4.345385e+00
5.923333e+01	-1.600668e-01	4.383492e+00
5.926667e+01	-1.515256e-01	4.428068e+00
5.930000e+01	-1.415747e-01	4.480000e+00
5.933333e+01	-1.310858e-01	4.534740e+00
5.936667e+01	-1.207704e-01	4.588575e+00
5.940000e+01	-1.101342e-01	4.644083e+00
5.943333e+01	-9.834869e-02	4.705590e+00
5.946667e+01	-8.662690e-02	4.766765e+00
5.950000e+01	-7.814732e-02	4.811018e+00
5.953333e+01	-7.425633e-02	4.831325e+00
5.956667e+01	-7.205894e-02	4.842793e+00
5.960000e+01	-6.711714e-02	4.868583e+00
5.963333e+01	-5.792364e-02	4.916563e+00
5.966667e+01	-4.730072e-02	4.972002e+00
5.970000e+01	-3.981917e-02	5.011048e+00
5.973333e+01	-3.763777e-02	5.022432e+00
5.976667e+01	-3.833249e-02	5.018806e+00
5.980000e+01	-3.707331e-02	5.025378e+00
5.983333e+01	-3.154161e-02	5.054247e+00
5.986667e+01	-2.428084e-02	5.092140e+00
5.990000e+01	-1.967862e-02	5.116158e+00
5.993333e+01	-1.948483e-02	5.117170e+00
5.996667e+01	-2.186165e-02	5.104765e+00
60	-2.409659e-02	5.093101e+00
6.003333e+01	-2.551941e-02	5.085676e+00
6.006667e+01	-2.716262e-02	5.077100e+00
6.010000e+01	-2.905837e-02	5.067207e+00
6.013333e+01	-3.026550e-02	5.060907e+00
6.016667e+01	-3.151956e-02	5.054362e+00
6.020000e+01	-3.468388e-02	5.037848e+00
6.023333e+01	-3.949612e-02	5.012734e+00
6.026667e+01	-4.337778e-02	4.992476e+00
6.030000e+01	-4.441877e-02	4.987043e+00
6.033333e+01	-4.315217e-02	4.993653e+00
6.036667e+01	-4.152111e-02	5.002165e+00
6.040000e+01	-4.092428e-02	5.005280e+00
6.043333e+01	-4.137742e-02	5.002915e+00
6.046667e+01	-4.207650e-02	4.999267e+00
6.050000e+01	-4.236760e-02	4.997748e+00
6.053333e+01	-4.219475e-02	4.998650e+00
6.056667e+01	-4.189079e-02	5.000236e+00
6.060000e+01	-4.175097e-02	5.000966e+00
6.063333e+01	-4.181624e-02	5.000625e+00
6.066667e+01	-4.194846e-02	4.999935e+00
6.070000e+01	-4.201505e-02	4.999588e+00
6.073333e+01	-4.199118e-02	4.999712e+00
6.076667e+01	-4.193388e-02	5.000011e+00
6.080000e+01	-4.190247e-02	5.000175e+00
6.083333e+01	-4.191080e-02	5.000132e+00
6.086667e+01	-4.193551e-02	5.000003e+00
6.090000e+01	-4.195020e-02	4.999926e+00
6.093333e+01	-4.194751e-02	4.999940e+00
6.096667e+01	-4.193690e-02	4.999995e+00
61	-4.193008e-02	5.000031e+00
6.103333e+01	-4.193084e-02	5.000027e+00
6.106667e+01	-4.193537e-02	5.000003e+00
6.110000e+01	-4.193851e-02	4.999987e+00
6.113333e+01	-4.193837e-02	4.999988e+00
6.116667e+01	-4.193644e-02	4.999998e+00
6.120000e+01	-4.193500e-02	5.000005e+00
6.123333e+01	-4.193498e-02	5.000005e+00
6.126667e+01	-4.193580e-02	5.000001e+00
6.130000e+01	-4.193645e-02	4.999998e+00
6.133333e+01	-4.193650e-02	4.999998e+00
6.136667e+01	-4.193615e-02	4.999999e+00
6.140000e+01	-4.193586e-02	5.000001e+00
6.143333e+01	-4.193582e-02	5.000001e+00
6.146667e+01	-4.193596e-02	5.000000e+00
6.150000e+01	-4.213944e-02	4.998938e+00
6.153333e+01	-4.349061e-02	4.991887e+00
6.156667e+01	-4.742374e-02	4.971360e+00
6.160000e+01	-5.394648e-02	4.937319e+00
6.163333e+01	-6.049247e-02	4.903157e+00
6.166667e+01	-6.397444e-02	4.884985e+00
6.170000e+01	-6.369824e-02	4.886426e+00
6.173333e+01	-6.159541e-02	4.897400e+00
6.176667e+01	-6.004989e-02	4.905466e+00
6.180000e+01	-5.999953e-02	4.905729e+00
6.183333e+01	-6.083473e-02	4.901370e+00
6.186667e+01	-6.152044e-02	4.897792e+00
6.190000e+01	-6.158076e-02	4.897477e+00
6.193333e+01	-6.123371e-02	4.899288e+00
6.196667e+01	-6.092565e-02	4.900896e+00
62	-6.088320e-02	4.901117e+00
6.203333e+01	-6.102765e-02	4.900364e+00
6.206667e+01	-6.116607e-02	4.899641e+00
6.210000e+01	-6.119180e-02	4.899507e+00
6.213333e+01	-6.113212e-02	4.899818e+00
6.216667e+01	-6.107017e-02	4.900142e+00
6.220000e+01	-6.105579e-02	4.900217e+00
6.223333e+01	-6.108023e-02	4.900089e+00
6.226667e+01	-6.110783e-02	4.899945e+00
6.230000e+01	-6.111547e-02	4.899905e+00
6.233333e+01	-6.110556e-02	4.899957e+00
6.236667e+01	-6.109332e-02	4.900021e+00
6.240000e+01	-6.108940e-02	4.900041e+00
6.243333e+01	-6.109337e-02	4.900021e+00
6.246667e+01	-6.109877e-02	4.899992e+00
6.250000e+01	-6.110074e-02	4.899982e+00
6.253333e+01	-6.089583e-02	4.901051e+00
6.256667e+01	-5.954231e-02	4.908115e+00
6.260000e+01	-5.560815e-02	4.928647e+00
6.263333e+01	-4.908595e-02	4.962686e+00
6.266667e+01	-4.254099e-02	4.996843e+00
6.270000e+01	-3.905951e-02	5.015012e+00
6.273333e+01	-3.933551e-02	5.013572e+00
6.276667e+01	-4.164124e-02	5.001538e+00
6.280000e+01	-4.453767e-02	4.986422e+00
6.283333e+01	-4.852130e-02	4.965632e+00
6.286667e+01	-5.420910e-02	4.935949e+00
6.290000e+01	-6.006949e-02	4.905364e+00
6.293333e+01	-6.349110e-02	4.887507e+00
6.296667e+01	-6.356183e-02	4.887138e+00
63	-6.176700e-02	4.896505e+00
6.303333e+01	-6.026394e-02	4.904349e+00
6.306667e+01	-6.006920e-02	4.905366e+00
6.310000e+01	-6.076599e-02	4.901729e+00
6.313333e+01	-6.142597e-02	4.898285e+00
6.316667e+01	-6.154595e-02	4.897659e+00
6.320000e+01	-6.126083e-02	4.899147e+00
6.323333e+01	-6.096716e-02	4.900679e+00
6.326667e+01	-6.090028e-02	4.901028e+00
6.330000e+01	-6.101714e-02	4.900418e+00
6.333333e+01	-6.114791e-02	4.899736e+00
6.336667e+01	-6.118355e-02	4.899550e+00
6.340000e+01	-6.113610e-02	4.899798e+00
6.343333e+01	-6.087474e-02	4.901162e+00
6.346667e+01	-5.950524e-02	4.908309e+00
6.350000e+01	-5.559109e-02	4.928736e+00
6.353333e+01	-4.909391e-02	4.962644e+00
6.356667e+01	-4.276047e-02	4.995697e+00
6.360000e+01	-4.062213e-02	5.006857e+00
6.363333e+01	-4.482029e-02	4.984947e+00
6.366667e+01	-5.344139e-02	4.939955e+00
6.370000e+01	-6.153583e-02	4.897711e+00
6.373333e+01	-6.527640e-02	4.878190e+00
6.376667e+01	-6.551832e-02	4.876927e+00
6.380000e+01	-6.666185e-02	4.870959e+00
6.383333e+01	-7.157667e-02	4.845310e+00
6.386667e+01	-7.841833e-02	4.809604e+00
6.390000e+01	-8.304395e-02	4.785464e+00
6.393333e+01	-8.349680e-02	4.783100e+00
6.396667e+01	-8.129677e-02	4.794582e+00
64	-7.916201e-02	4.805723e+00
6.403333e+01	-7.841163e-02	4.809639e+00
6.406667e+01	-7.846314e-02	4.809370e+00
6.410000e+01	-7.811818e-02	4.811170e+00
6.413333e+01	-7.686225e-02	4.817725e+00
6.416667e+01	-7.506578e-02	4.827101e+00
6.420000e+01	-7.335980e-02	4.836004e+00
6.423333e+01	-7.204011e-02	4.842891e+00
6.426667e+01	-7.097580e-02	4.848446e+00
6.430000e+01	-6.989099e-02	4.854107e+00
6.433333e+01	-6.864264e-02	4.860622e+00
6.436667e+01	-6.727700e-02	4.867749e+00
6.440000e+01	-6.591323e-02	4.874866e+00
6.443333e+01	-6.461866e-02	4.881623e+00
6.446667e+01	-6.339115e-02	4.888029e+00
6.450000e+01	-6.225594e-02	4.893953e+00
6.453333e+01	-6.135381e-02	4.898661e+00
6.456667e+01	-6.086224e-02	4.901227e+00
6.460000e+01	-6.080475e-02	4.901527e+00
6.463333e+01	-6.099160e-02	4.900552e+00
6.466667e+01	-6.117100e-02	4.899615e+00
6.470000e+01	-6.121181e-02	4.899402e+00
6.473333e+01	-6.094117e-02	4.900815e+00
6.476667e+01	-5.951444e-02	4.908261e+00
6.480000e+01	-5.556039e-02	4.928896e+00
6.483333e+01	-4.926787e-02	4.961736e+00
6.486667e+01	-4.410619e-02	4.988674e+00
6.490000e+01	-4.456801e-02	4.986264e+00
6.493333e+01	-5.135621e-02	4.950837e+00
6.496667e+01	-5.999041e-02	4.905777e+00
65	-6.501258e-02	4.879567e+00
6.503333e+01	-6.479098e-02	4.880723e+00
6.506667e+01	-6.185938e-02	4.896023e+00
6.510000e+01	-5.963076e-02	4.907654e+00
6.513333e+01	-5.951844e-02	4.908240e+00
6.516667e+01	-6.069787e-02	4.902085e+00
6.520000e+01	-6.169038e-02	4.896905e+00
6.523333e+01	-6.179377e-02	4.896365e+00
6.526667e+01	-6.130350e-02	4.898924e+00
6.530000e+01	-6.085762e-02	4.901251e+00
6.533333e+01	-6.078922e-02	4.901608e+00
6.536667e+01	-6.099281e-02	4.900545e+00
6.540000e+01	-6.119289e-02	4.899501e+00
6.543333e+01	-6.123309e-02	4.899291e+00
6.546667e+01	-6.114919e-02	4.899729e+00
6.550000e+01	-6.105979e-02	4.900196e+00
6.553333e+01	-6.103773e-02	4.900311e+00
6.556667e+01	-6.107199e-02	4.900132e+00
6.560000e+01	-6.111175e-02	4.899925e+00
6.563333e+01	-6.112333e-02	4.899864e+00
6.566667e+01	-6.110949e-02	4.899936e+00
6.570000e+01	-6.109188e-02	4.900028e+00
6.573333e+01	-6.108599e-02	4.900059e+00
6.576667e+01	-6.129485e-02	4.898969e+00
6.580000e+01	-6.265376e-02	4.891877e+00
6.583333e+01	-6.658989e-02	4.871335e+00
6.586667e+01	-7.311052e-02	4.837305e+00
6.590000e+01	-7.965311e-02	4.803160e+00
6.593333e+01	-8.313363e-02	4.784996e+00
6.596667e+01	-8.285823e-02	4.786433e+00
66	-8.075688e-02	4.797399e+00
6.603333e+01	-7.921207e-02	4.805462e+00
6.606667e+01	-7.895807e-02	4.806787e+00
6.610000e+01	-7.844147e-02	4.809483e+00
6.613333e+01	-7.519365e-02	4.826433e+00
6.616667e+01	-6.873128e-02	4.860159e+00
6.620000e+01	-6.183851e-02	4.896132e+00
6.623333e+01	-5.804866e-02	4.915910e+00
6.626667e+01	-5.828241e-02	4.914691e+00
6.630000e+01	-6.052957e-02	4.902963e+00
6.633333e+01	-6.221343e-02	4.894175e+00
6.636667e+01	-6.228951e-02	4.893778e+00
6.640000e+01	-6.139469e-02	4.898448e+00
6.643333e+01	-6.064707e-02	4.902350e+00
6.646667e+01	-6.057236e-02	4.902740e+00
6.650000e+01	-6.094384e-02	4.900801e+00
6.653333e+01	-6.127948e-02	4.899049e+00
6.656667e+01	-6.132956e-02	4.898788e+00
6.660000e+01	-6.117522e-02	4.899593e+00
6.663333e+01	-6.102457e-02	4.900380e+00
6.666667e+01	-6.119825e-02	4.899473e+00
6.670000e+01	-6.261305e-02	4.892090e+00
6.673333e+01	-6.661359e-02	4.871211e+00
6.676667e+01	-7.315274e-02	4.837084e+00
6.680000e+01	-7.967273e-02	4.803058e+00
6.683333e+01	-8.312471e-02	4.785042e+00
6.686667e+01	-8.283987e-02	4.786529e+00
6.690000e+01	-8.074755e-02	4.797448e+00
6.693333e+01	-7.921531e-02	4.805445e+00
6.696667e+01	-7.916936e-02	4.805685e+00
67	-8.000036e-02	4.801348e+00
6.703333e+01	-8.068021e-02	4.797800e+00
6.706667e+01	-8.073834e-02	4.797496e+00
6.710000e+01	-8.039294e-02	4.799299e+00
6.713333e+01	-8.008745e-02	4.800893e+00
6.716667e+01	-8.004608e-02	4.801109e+00
6.720000e+01	-8.018989e-02	4.800359e+00
6.723333e+01	-8.053052e-02	4.798581e+00
6.726667e+01	-8.190688e-02	4.791398e+00
6.730000e+01	-8.578064e-02	4.771181e+00
6.733333e+01	-9.224198e-02	4.737460e+00
6.736667e+01	-9.877385e-02	4.703371e+00
6.740000e+01	-1.022801e-01	4.685073e+00
6.743333e+01	-1.020313e-01	4.686371e+00
6.746667e+01	-9.993599e-02	4.697306e+00
6.750000e+01	-9.838060e-02	4.705424e+00
6.753333e+01	-9.831811e-02	4.705750e+00
6.756667e+01	-9.914943e-02	4.701411e+00
6.760000e+01	-9.983911e-02	4.697812e+00
6.763333e+01	-9.990479e-02	4.697469e+00
6.766667e+01	-9.955967e-02	4.699270e+00
6.770000e+01	-9.925005e-02	4.700886e+00
6.773333e+01	-9.920525e-02	4.701120e+00
6.776667e+01	-9.934874e-02	4.700371e+00
6.780000e+01	-9.948777e-02	4.699646e+00
6.783333e+01	-9.951453e-02	4.699506e+00
6.786667e+01	-9.945531e-02	4.699815e+00
6.790000e+01	-9.939313e-02	4.700140e+00
6.793333e+01	-9.937830e-02	4.700217e+00
6.796667e+01	-9.940252e-02	4.700091e+00
68	-9.943020e-02	4.699946e+00
6.803333e+01	-9.964138e-02	4.698844e+00
6.806667e+01	-1.009827e-01	4.691844e+00
6.810000e+01	-1.049037e-01	4.671381e+00
6.813333e+01	-1.114224e-01	4.637360e+00
6.816667e+01	-1.179724e-01	4.603177e+00
6.820000e+01	-1.214597e-01	4.584977e+00
6.823333e+01	-1.211855e-01	4.586408e+00
6.826667e+01	-1.190811e-01	4.597391e+00
6.830000e+01	-1.175332e-01	4.605469e+00
6.833333e+01	-1.172786e-01	4.606798e+00
6.836667e+01	-1.167632e-01	4.609488e+00
6.840000e+01	-1.135168e-01	4.626430e+00
6.843333e+01	-1.070547e-01	4.660155e+00
6.846667e+01	-1.001615e-01	4.696130e+00
6.850000e+01	-9.637101e-02	4.715912e+00
6.853333e+01	-9.660457e-02	4.714693e+00
6.856667e+01	-9.885194e-02	4.702964e+00
6.860000e+01	-1.005361e-01	4.694175e+00
6.863333e+01	-1.006122e-01	4.693777e+00
6.866667e+01	-9.951400e-02	4.699509e+00
6.870000e+01	-9.741511e-02	4.710463e+00
6.873333e+01	-9.340717e-02	4.731379e+00
6.876667e+01	-8.725587e-02	4.763482e+00
6.880000e+01	-8.104556e-02	4.795893e+00
6.883333e+01	-7.761372e-02	4.813803e+00
6.886667e+01	-7.773560e-02	4.813167e+00
6.890000e+01	-7.968776e-02	4.802979e+00
6.893333e+01	-8.120361e-02	4.795068e+00
6.896667e+01	-8.131760e-02	4.794473e+00
69	-8.054976e-02	4.798480e+00
6.903333e+01	-8.008374e-02	4.800912e+00
6.906667e+01	-8.134856e-02	4.794312e+00
6.910000e+01	-8.559884e-02	4.772130e+00
6.913333e+01	-9.242109e-02	4.736526e+00
6.916667e+01	-9.902005e-02	4.702087e+00
6.920000e+01	-1.023708e-01	4.684599e+00
6.923333e+01	-1.019606e-01	4.686740e+00
6.926667e+01	-9.982780e-02	4.697871e+00
6.930000e+01	-9.833612e-02	4.705656e+00
6.933333e+01	-9.834553e-02	4.705607e+00
6.936667e+01	-9.919676e-02	4.701164e+00
6.940000e+01	-9.986060e-02	4.697700e+00
6.943333e+01	-9.989440e-02	4.697523e+00
6.946667e+01	-9.953906e-02	4.699378e+00
6.950000e+01	-9.923979e-02	4.700940e+00
6.953333e+01	-9.920906e-02	4.701100e+00
6.956667e+01	-9.956101e-02	4.699263e+00
6.960000e+01	-1.010471e-01	4.691508e+00
6.963333e+01	-1.050009e-01	4.670874e+00
6.966667e+01	-1.114619e-01	4.637154e+00
6.970000e+01	-1.179473e-01	4.603308e+00
6.973333e+01	-1.214172e-01	4.585199e+00
6.976667e+01	-1.213697e-01	4.585447e+00
6.980000e+01	-1.206451e-01	4.589229e+00
6.983333e+01	-1.230394e-01	4.576733e+00
6.986667e+01	-1.295015e-01	4.543008e+00
6.990000e+01	-1.370740e-01	4.503488e+00
6.993333e+01	-1.425893e-01	4.474705e+00
6.996667e+01	-1.463108e-01	4.455283e+00
70	-1.503890e-01	4.433999e+00
7.003333e+01	-1.550832e-01	4.409501e+00
7.006667e+01	-1.584707e-01	4.391822e+00
7.010000e+01	-1.591718e-01	4.388163e+00
7.013333e+01	-1.578922e-01	4.394841e+00
7.016667e+01	-1.566367e-01	4.401393e+00
7.020000e+01	-1.575318e-01	4.396722e+00
7.023333e+01	-1.621340e-01	4.372704e+00
7.026667e+01	-1.706366e-01	4.328330e+00
7.030000e+01	-1.813464e-01	4.272437e+00
7.033333e+01	-1.911840e-01	4.221096e+00
7.036667e+01	-1.972272e-01	4.189557e+00
7.040000e+01	-1.985914e-01	4.182438e+00
7.043333e+01	-1.969730e-01	4.190884e+00
7.046667e+01	-1.950809e-01	4.200759e+00
7.050000e+01	-1.945630e-01	4.203462e+00
7.053333e+01	-1.953187e-01	4.199518e+00
7.056667e+01	-1.963291e-01	4.194245e+00
7.060000e+01	-1.968252e-01	4.191655e+00
7.063333e+01	-1.967732e-01	4.191927e+00
7.066667e+01	-1.965849e-01	4.192910e+00
7.070000e+01	-1.966045e-01	4.192807e+00
7.073333e+01	-1.968662e-01	4.191442e+00
7.076667e+01	-1.971986e-01	4.189707e+00
7.080000e+01	-1.974470e-01	4.188410e+00
7.083333e+01	-1.975883e-01	4.187673e+00
7.086667e+01	-1.976937e-01	4.187123e+00
7.090000e+01	-1.978326e-01	4.186398e+00
7.093333e+01	-1.980187e-01	4.185427e+00
7.096667e+01	-1.982227e-01	4.184362e+00
71	-1.984135e-01	4.183366e+00
7.103333e+01	-1.985836e-01	4.182478e+00
7.106667e+01	-1.987450e-01	4.181636e+00
7.110000e+01	-1.989114e-01	4.180768e+00
7.113333e+01	-1.990869e-01	4.179852e+00
7.116667e+01	-1.992666e-01	4.178914e+00
7.120000e+01	-1.994444e-01	4.177986e+00
7.123333e+01	-1.996182e-01	4.177079e+00
7.126667e+01	-1.997901e-01	4.176182e+00
7.130000e+01	-1.999626e-01	4.175282e+00
7.133333e+01	-2.001369e-01	4.174372e+00
7.136667e+01	-2.003120e-01	4.173458e+00
7.140000e+01	-2.004870e-01	4.172545e+00
7.143333e+01	-2.006612e-01	4.171636e+00
7.146667e+01	-2.008350e-01	4.170729e+00
7.150000e+01	-2.010088e-01	4.169822e+00
7.153333e+01	-2.011830e-01	4.168913e+00
7.156667e+01	-2.013574e-01	4.168003e+00
7.160000e+01	-2.015317e-01	4.167093e+00
7.163333e+01	-2.017059e-01	4.166184e+00
7.166667e+01	-2.018801e-01	4.165275e+00
7.170000e+01	-2.020542e-01	4.164366e+00
7.173333e+01	-2.022284e-01	4.163457e+00
7.176667e+01	-2.024026e-01	4.162548e+00
7.180000e+01	-2.025768e-01	4.161639e+00
7.183333e+01	-2.027510e-01	4.160729e+00
7.186667e+01	-2.029252e-01	4.159820e+00
7.190000e+01	-2.030994e-01	4.158911e+00
7.193333e+01	-2.032736e-01	4.158002e+00
7.196667e+01	-2.034478e-01	4.157093e+00
72	-2.036220e-01	4.156184e+00
7.203333e+01	-2.037961e-01	4.155275e+00
7.206667e+01	-2.039703e-01	4.154366e+00
7.210000e+01	-2.041445e-01	4.153457e+00
7.213333e+01	-2.043187e-01	4.152548e+00
7.216667e+01	-2.044929e-01	4.151639e+00
7.220000e+01	-2.046671e-01	4.150730e+00
7.223333e+01	-2.048413e-01	4.149820e+00
7.226667e+01	-2.050155e-01	4.148911e+00
7.230000e+01	-2.051897e-01	4.148002e+00
7.233333e+01	-2.053639e-01	4.147093e+00
7.236667e+01	-2.055381e-01	4.146184e+00
7.240000e+01	-2.057123e-01	4.145275e+00
7.243333e+01	-2.058865e-01	4.144366e+00
7.246667e+01	-2.060607e-01	4.143457e+00
7.250000e+01	-2.062349e-01	4.142548e+00
7.253333e+01	-2.064090e-01	4.141639e+00
7.256667e+01	-2.065832e-01	4.140730e+00
7.260000e+01	-2.067574e-01	4.139820e+00
7.263333e+01	-2.069316e-01	4.138911e+00
7.266667e+01	-2.071058e-01	4.138002e+00
7.270000e+01	-2.072800e-01	4.137093e+00
7.273333e+01	-2.074542e-01	4.136184e+00
7.276667e+01	-2.076284e-01	4.135275e+00
7.280000e+01	-2.078026e-01	4.134366e+00
7.283333e+01	-2.079768e-01	4.133457e+00
7.286667e+01	-2.081510e-01	4.132548e+00
7.290000e+01	-2.083252e-01	4.131639e+00
7.293333e+01	-2.084994e-01	4.130730e+00
7.296667e+01	-2.086736e-01	4.129820e+00
73	-2.088478e-01	4.128911e+00
7.303333e+01	-2.090219e-01	4.128002e+00
7.306667e+01	-2.091961e-01	4.127093e+00
7.310000e+01	-2.093703e-01	4.126184e+00
7.313333e+01	-2.095445e-01	4.125275e+00
7.316667e+01	-2.097187e-01	4.124366e+00
7.320000e+01	-2.098929e-01	4.123457e+00
7.323333e+01	-2.100671e-01	4.122548e+00
7.326667e+01	-2.102413e-01	4.121639e+00
7.330000e+01	-2.104155e-01	4.120730e+00
7.333333e+01	-2.105897e-01	4.119820e+00
7.336667e+01	-2.107639e-01	4.118911e+00
7.340000e+01	-2.109381e-01	4.118002e+00
7.343333e+01	-2.111123e-01	4.117093e+00
7.346667e+01	-2.112865e-01	4.116184e+00
7.350000e+01	-2.114607e-01	4.115275e+00
7.353333e+01	-2.116348e-01	4.114366e+00
7.356667e+01	-2.118090e-01	4.113457e+00
7.360000e+01	-2.119832e-01	4.112548e+00
7.363333e+01	-2.121574e-01	4.111639e+00
7.366667e+01	-2.123316e-01	4.110730e+00
7.370000e+01	-2.125058e-01	4.109820e+00
7.373333e+01	-2.126800e-01	4.108911e+00
7.376667e+01	-2.128542e-01	4.108002e+00
7.380000e+01	-2.130284e-01	4.107093e+00
7.383333e+01	-2.132026e-01	4.106184e+00
7.386667e+01	-2.133768e-01	4.105275e+00
7.390000e+01	-2.135510e-01	4.104366e+00
7.393333e+01	-2.137252e-01	4.103457e+00
7.396667e+01	-2.138975e-01	4.102557e+00
74	-2.140576e-01	4.101722e+00
7.403333e+01	-2.139804e-01	4.102125e+00
7.406667e+01	-2.127065e-01	4.108773e+00
7.410000e+01	-2.088146e-01	4.129084e+00
7.413333e+01	-2.021216e-01	4.164014e+00
7.416667e+01	-1.940570e-01	4.206102e+00
7.420000e+01	-1.853178e-01	4.251711e+00
7.423333e+01	-1.751451e-01	4.304801e+00
7.426667e+01	-1.641700e-01	4.362078e+00
7.430000e+01	-1.556759e-01	4.406408e+00
7.433333e+01	-1.525162e-01	4.422898e+00
7.436667e+01	-1.540632e-01	4.414824e+00
7.440000e+01	-1.570309e-01	4.399336e+00
7.443333e+01	-1.585685e-01	4.391312e+00
7.446667e+01	-1.581295e-01	4.393603e+00
7.450000e+01	-1.569145e-01	4.399944e+00
7.453333e+01	-1.562099e-01	4.403621e+00
7.456667e+01	-1.563527e-01	4.402876e+00
7.460000e+01	-1.568703e-01	4.400174e+00
7.463333e+01	-1.571955e-01	4.398477e+00
7.466667e+01	-1.571531e-01	4.398699e+00
7.470000e+01	-1.569317e-01	4.399854e+00
7.473333e+01	-1.565784e-01	4.401698e+00
7.476667e+01	-1.552368e-01	4.408699e+00
7.480000e+01	-1.513978e-01	4.428734e+00
7.483333e+01	-1.449438e-01	4.462417e+00
7.486667e+01	-1.383976e-01	4.496580e+00
7.490000e+01	-1.348758e-01	4.514960e+00
7.493333e+01	-1.351207e-01	4.513682e+00
7.496667e+01	-1.372218e-01	4.502717e+00
75	-1.387841e-01	4.494564e+00
7.503333e+01	-1.388487e-01	4.494227e+00
7.506667e+01	-1.380150e-01	4.498577e+00
7.510000e+01	-1.373223e-01	4.502193e+00
7.513333e+01	-1.372556e-01	4.502541e+00
7.516667e+01	-1.376016e-01	4.500735e+00
7.520000e+01	-1.379126e-01	4.499112e+00
7.523333e+01	-1.379579e-01	4.498876e+00
7.526667e+01	-1.378140e-01	4.499626e+00
7.530000e+01	-1.376744e-01	4.500355e+00
7.533333e+01	-1.376474e-01	4.500496e+00
7.536667e+01	-1.377068e-01	4.500186e+00
7.540000e+01	-1.377692e-01	4.499860e+00
7.543333e+01	-1.377841e-01	4.499782e+00
7.546667e+01	-1.377599e-01	4.499909e+00
7.550000e+01	-1.377321e-01	4.500054e+00
7.553333e+01	-1.377242e-01	4.500095e+00
7.556667e+01	-1.377340e-01	4.500044e+00
7.560000e+01	-1.377463e-01	4.499980e+00
7.563333e+01	-1.377504e-01	4.499959e+00
7.566667e+01	-1.377464e-01	4.499979e+00
7.570000e+01	-1.377410e-01	4.500007e+00
7.573333e+01	-1.377390e-01	4.500018e+00
7.576667e+01	-1.377405e-01	4.500010e+00
7.580000e+01	-1.377429e-01	4.499997e+00
7.583333e+01	-1.377439e-01	4.499992e+00
7.586667e+01	-1.377433e-01	4.499995e+00
7.590000e+01	-1.377423e-01	4.500001e+00
7.593333e+01	-1.377418e-01	4.500003e+00
7.596667e+01	-1.375387e-01	4.501063e+00
76	-1.361880e-01	4.508112e+00
7.603333e+01	-1.322550e-01	4.528638e+00
7.606667e+01	-1.255288e-01	4.563741e+00
7.610000e+01	-1.176314e-01	4.604956e+00
7.613333e+01	-1.102162e-01	4.643655e+00
7.616667e+01	-1.039697e-01	4.676255e+00
7.620000e+01	-9.952658e-02	4.699443e+00
7.623333e+01	-9.759019e-02	4.709549e+00
7.626667e+01	-9.791676e-02	4.707845e+00
7.630000e+01	-9.918436e-02	4.701229e+00
7.633333e+01	-9.984080e-02	4.697803e+00
7.636667e+01	-9.807301e-02	4.707029e+00
7.640000e+01	-9.094939e-02	4.744206e+00
7.643333e+01	-7.618256e-02	4.821272e+00
7.646667e+01	-5.657308e-02	4.923611e+00
7.650000e+01	-4.020173e-02	5.009051e+00
7.653333e+01	-3.368370e-02	5.043068e+00
7.656667e+01	-3.635572e-02	5.029123e+00
7.660000e+01	-4.222548e-02	4.998489e+00
7.663333e+01	-4.664152e-02	4.975443e+00
7.666667e+01	-4.982885e-02	4.958808e+00
7.670000e+01	-5.403079e-02	4.936879e+00
7.673333e+01	-5.917941e-02	4.910009e+00
7.676667e+01	-6.289452e-02	4.890621e+00
7.680000e+01	-6.360592e-02	4.886908e+00
7.683333e+01	-6.214628e-02	4.894526e+00
7.686667e+01	-6.053749e-02	4.902922e+00
7.690000e+01	-6.006578e-02	4.905383e+00
7.693333e+01	-6.060524e-02	4.902568e+00
7.696667e+01	-6.130113e-02	4.898936e+00
77	-6.133702e-02	4.898749e+00
7.703333e+01	-5.977406e-02	4.906906e+00
7.706667e+01	-5.553613e-02	4.929023e+00
7.710000e+01	-4.889537e-02	4.963680e+00
7.713333e+01	-4.243231e-02	4.997410e+00
7.716667e+01	-3.908391e-02	5.014885e+00
7.720000e+01	-3.941755e-02	5.013144e+00
7.723333e+01	-4.148852e-02	5.002336e+00
7.726667e+01	-4.297572e-02	4.994574e+00
7.730000e+01	-4.299848e-02	4.994455e+00
7.733333e+01	-4.217521e-02	4.998752e+00
7.736667e+01	-4.151485e-02	5.002198e+00
7.740000e+01	-4.146763e-02	5.002444e+00
7.743333e+01	-4.181038e-02	5.000656e+00
7.746667e+01	-4.210747e-02	4.999105e+00
7.750000e+01	-4.214375e-02	4.998916e+00
7.753333e+01	-4.200078e-02	4.999662e+00
7.756667e+01	-4.186708e-02	5.000360e+00
7.760000e+01	-4.184423e-02	5.000479e+00
7.763333e+01	-4.190345e-02	5.000170e+00
7.766667e+01	-4.196337e-02	4.999857e+00
7.770000e+01	-4.197642e-02	4.999789e+00
7.773333e+01	-4.195210e-02	4.999916e+00
7.776667e+01	-4.192537e-02	5.000056e+00
7.780000e+01	-4.191834e-02	5.000092e+00
7.783333e+01	-4.213157e-02	4.998980e+00
7.786667e+01	-4.353525e-02	4.991654e+00
7.790000e+01	-4.778299e-02	4.969486e+00
7.793333e+01	-5.539935e-02	4.929737e+00
7.796667e+01	-6.434220e-02	4.883065e+00
78	-7.153360e-02	4.845534e+00
7.803333e+01	-7.566664e-02	4.823965e+00
7.806667e+01	-7.791855e-02	4.812212e+00
7.810000e+01	-8.030582e-02	4.799753e+00
7.813333e+01	-8.387763e-02	4.781113e+00
7.816667e+01	-8.832452e-02	4.757905e+00
7.820000e+01	-9.278953e-02	4.734603e+00
7.823333e+01	-9.676696e-02	4.713845e+00
7.826667e+01	-1.003493e-01	4.695149e+00
7.830000e+01	-1.039010e-01	4.676614e+00
7.833333e+01	-1.076564e-01	4.657015e+00
7.836667e+01	-1.115494e-01	4.636698e+00
7.840000e+01	-1.151951e-01	4.617671e+00
7.843333e+01	-1.179694e-01	4.603193e+00
7.846667e+01	-1.191555e-01	4.597003e+00
7.850000e+01	-1.178704e-01	4.603709e+00
7.853333e+01	-1.133419e-01	4.627343e+00
7.856667e+01	-1.063150e-01	4.664015e+00
7.860000e+01	-9.969359e-02	4.698572e+00
7.863333e+01	-9.643087e-02	4.715599e+00
7.866667e+01	-9.692040e-02	4.713044e+00
7.870000e+01	-9.926851e-02	4.700790e+00
7.873333e+01	-1.020758e-01	4.686139e+00
7.876667e+01	-1.059651e-01	4.665842e+00
7.880000e+01	-1.116300e-01	4.636277e+00
7.883333e+01	-1.175269e-01	4.605502e+00
7.886667e+01	-1.211938e-01	4.586365e+00
7.890000e+01	-1.226277e-01	4.578882e+00
7.893333e+01	-1.247513e-01	4.567799e+00
7.896667e+01	-1.297524e-01	4.541699e+00
79	-1.360975e-01	4.508584e+00
7.903333e+01	-1.402822e-01	4.486745e+00
7.906667e+01	-1.406741e-01	4.484700e+00
7.910000e+01	-1.386943e-01	4.495032e+00
7.913333e+01	-1.368614e-01	4.504598e+00
7.916667e+01	-1.365138e-01	4.506412e+00
7.920000e+01	-1.372806e-01	4.502410e+00
7.923333e+01	-1.380841e-01	4.498217e+00
7.926667e+01	-1.382767e-01	4.497212e+00
7.930000e+01	-1.379660e-01	4.498833e+00
7.933333e+01	-1.376102e-01	4.500690e+00
7.936667e+01	-1.375090e-01	4.501218e+00
7.940000e+01	-1.376348e-01	4.500562e+00
7.943333e+01	-1.377924e-01	4.499739e+00
7.946667e+01	-1.378440e-01	4.499470e+00
7.950000e+01	-1.377937e-01	4.499732e+00
7.953333e+01	-1.377242e-01	4.500095e+00
7.956667e+01	-1.376984e-01	4.500230e+00
7.960000e+01	-1.377182e-01	4.500126e+00
7.963333e+01	-1.377488e-01	4.499967e+00
7.966667e+01	-1.377614e-01	4.499901e+00
7.970000e+01	-1.377537e-01	4.499941e+00
7.973333e+01	-1.377404e-01	4.500011e+00
7.976667e+01	-1.377343e-01	4.500043e+00
7.980000e+01	-1.377372e-01	4.500027e+00
7.983333e+01	-1.377430e-01	4.499997e+00
7.986667e+01	-1.377459e-01	4.499982e+00
7.990000e+01	-1.377448e-01	4.499987e+00
7.993333e+01	-1.377423e-01	4.500001e+00
7.996667e+01	-1.377409e-01	4.500008e+00
80	-1.377413e-01	4.500006e+00
8.003333e+01	-1.377424e-01	4.500000e+00
8.006667e+01	-1.375397e-01	4.501058e+00
8.010000e+01	-1.361884e-01	4.508110e+00
8.013333e+01	-1.322548e-01	4.528639e+00
8.016667e+01	-1.257317e-01	4.562682e+00
8.020000e+01	-1.191857e-01	4.596845e+00
8.023333e+01	-1.157040e-01	4.615016e+00
8.026667e+01	-1.159803e-01	4.613573e+00
8.030000e+01	-1.180832e-01	4.602599e+00
8.033333e+01	-1.196286e-01	4.594534e+00
8.036667e+01	-1.198822e-01	4.593210e+00
8.040000e+01	-1.203982e-01	4.590517e+00
8.043333e+01	-1.236457e-01	4.573569e+00
8.046667e+01	-1.301082e-01	4.539842e+00
8.050000e+01	-1.370013e-01	4.503868e+00
8.053333e+01	-1.407912e-01	4.484089e+00
8.056667e+01	-1.405574e-01	4.485309e+00
8.060000e+01	-1.383102e-01	4.497037e+00
8.063333e+01	-1.366262e-01	4.505825e+00
8.066667e+01	-1.365502e-01	4.506222e+00
8.070000e+01	-1.374450e-01	4.501552e+00
8.073333e+01	-1.381927e-01	4.497650e+00
8.076667e+01	-1.382674e-01	4.497260e+00
8.080000e+01	-1.378959e-01	4.499199e+00
8.083333e+01	-1.375602e-01	4.500951e+00
8.086667e+01	-1.375102e-01	4.501212e+00
8.090000e+01	-1.376645e-01	4.500407e+00
8.093333e+01	-1.380185e-01	4.498559e+00
8.096667e+01	-1.393993e-01	4.491353e+00
81	-1.432689e-01	4.471158e+00
8.103333e+01	-1.497243e-01	4.437468e+00
8.106667e+01	-1.562540e-01	4.403391e+00
8.110000e+01	-1.597619e-01	4.385083e+00
8.113333e+01	-1.595157e-01	4.386369e+00
8.116667e+01	-1.574214e-01	4.397298e+00
8.120000e+01	-1.558654e-01	4.405419e+00
8.123333e+01	-1.558018e-01	4.405751e+00
8.126667e+01	-1.566326e-01	4.401415e+00
8.130000e+01	-1.573225e-01	4.397814e+00
8.133333e+01	-1.573887e-01	4.397469e+00
8.136667e+01	-1.570438e-01	4.399269e+00
8.140000e+01	-1.567341e-01	4.400885e+00
8.143333e+01	-1.566891e-01	4.401120e+00
8.146667e+01	-1.568325e-01	4.400372e+00
8.150000e+01	-1.569715e-01	4.399646e+00
8.153333e+01	-1.569984e-01	4.399506e+00
8.156667e+01	-1.569392e-01	4.399815e+00
8.160000e+01	-1.568770e-01	4.400139e+00
8.163333e+01	-1.568621e-01	4.400217e+00
8.166667e+01	-1.568863e-01	4.400091e+00
0	0	0
0	0	0
0	0	0
