0	-7.304725e-03	5.297479e+00
3.333333e-02	-6.973411e-03	5.299247e+00
6.666667e-02	-6.670698e-03	5.300862e+00
1.000000e-01	-6.623379e-03	5.301115e+00
1.333333e-01	-6.760888e-03	5.300381e+00
1.666667e-01	-6.896658e-03	5.299656e+00
2.000000e-01	-6.924300e-03	5.299509e+00
2.333333e-01	-6.867662e-03	5.299811e+00
2.666667e-01	-6.807012e-03	5.300135e+00
3.000000e-01	-6.791892e-03	5.300215e+00
3.333333e-01	-6.815005e-03	5.300092e+00
3.666667e-01	-6.643119e-03	5.301009e+00
4.000000e-01	-5.329667e-03	5.308019e+00
4.333333e-01	-1.473816e-03	5.328595e+00
4.666667e-01	4.917178e-03	5.362700e+00
5.000000e-01	1.132295e-02	5.396885e+00
5.333333e-01	1.452558e-02	5.413975e+00
5.666667e-01	1.292880e-02	5.405454e+00
6.000000e-01	7.023786e-03	5.373942e+00
6.333333e-01	-8.652562e-04	5.331843e+00
6.666667e-01	-7.313922e-03	5.297430e+00
7.000000e-01	-9.901371e-03	5.283622e+00
7.333333e-01	-8.961191e-03	5.288639e+00
7.666667e-01	-6.846714e-03	5.299923e+00
8.000000e-01	-5.675141e-03	5.306175e+00
8.333333e-01	-6.125825e-03	5.303770e+00
8.666667e-01	-8.305054e-03	5.292141e+00
9.000000e-01	-1.268069e-02	5.268790e+00
9.333333e-01	-1.898343e-02	5.235156e+00
9.666667e-01	-2.502080e-02	5.202938e+00
1	-2.818322e-02	5.186062e+00
1.033333e+00	-2.793212e-02	5.187401e+00
1.066667e+00	-2.603086e-02	5.197547e+00
1.100000e+00	-2.463083e-02	5.205019e+00
1.133333e+00	-2.457979e-02	5.205291e+00
1.166667e+00	-2.533077e-02	5.201283e+00
1.200000e+00	-2.595050e-02	5.197976e+00
1.233333e+00	-2.600739e-02	5.197673e+00
1.266667e+00	-2.569571e-02	5.199336e+00
1.300000e+00	-2.541753e-02	5.200820e+00
1.333333e+00	-2.537822e-02	5.201030e+00
1.366667e+00	-2.550787e-02	5.200338e+00
1.400000e+00	-2.543396e-02	5.200733e+00
1.433333e+00	-2.413623e-02	5.207658e+00
1.466667e+00	-2.023617e-02	5.228471e+00
1.500000e+00	-1.380122e-02	5.262810e+00
1.533333e+00	-7.386318e-03	5.297043e+00
1.566667e+00	-4.003016e-03	5.315098e+00
1.600000e+00	-4.298050e-03	5.313524e+00
1.633333e+00	-6.361524e-03	5.302512e+00
1.666667e+00	-7.864095e-03	5.294494e+00
1.700000e+00	-7.902293e-03	5.294290e+00
1.733333e+00	-7.081929e-03	5.298668e+00
1.766667e+00	-6.414886e-03	5.302227e+00
1.800000e+00	-6.360768e-03	5.302516e+00
1.833333e+00	-6.701961e-03	5.300695e+00
1.866667e+00	-7.001829e-03	5.299095e+00
1.900000e+00	-7.041195e-03	5.298885e+00
1.933333e+00	-6.899056e-03	5.299644e+00
1.966667e+00	-6.764229e-03	5.300363e+00
2	-6.740005e-03	5.300492e+00
2.033333e+00	-6.798795e-03	5.300179e+00
2.066667e+00	-7.058025e-03	5.298795e+00
2.100000e+00	-8.393056e-03	5.291671e+00
2.133333e+00	-1.221547e-02	5.271273e+00
2.166667e+00	-1.856761e-02	5.237375e+00
2.200000e+00	-2.496206e-02	5.203251e+00
2.233333e+00	-2.837706e-02	5.185027e+00
2.266667e+00	-2.811885e-02	5.186405e+00
2.300000e+00	-2.606612e-02	5.197359e+00
2.333333e+00	-2.455074e-02	5.205446e+00
2.366667e+00	-2.449623e-02	5.205737e+00
2.400000e+00	-2.531113e-02	5.201388e+00
2.433333e+00	-2.598329e-02	5.197801e+00
2.466667e+00	-2.604459e-02	5.197474e+00
2.500000e+00	-2.570612e-02	5.199280e+00
2.533333e+00	-2.540424e-02	5.200891e+00
2.566667e+00	-2.536172e-02	5.201118e+00
2.600000e+00	-2.550253e-02	5.200367e+00
2.633333e+00	-2.563813e-02	5.199643e+00
2.666667e+00	-2.546488e-02	5.200568e+00
2.700000e+00	-2.408536e-02	5.207930e+00
2.733333e+00	-2.017817e-02	5.228780e+00
2.766667e+00	-1.378486e-02	5.262898e+00
2.800000e+00	-7.406921e-03	5.296933e+00
2.833333e+00	-4.028720e-03	5.314961e+00
2.866667e+00	-4.306425e-03	5.313479e+00
2.900000e+00	-6.353279e-03	5.302556e+00
2.933333e+00	-7.852752e-03	5.294554e+00
2.966667e+00	-7.898109e-03	5.294312e+00
3	-7.085181e-03	5.298650e+00
3.033333e+00	-6.221012e-03	5.303262e+00
3.066667e+00	-4.842590e-03	5.310618e+00
3.100000e+00	-1.333953e-03	5.329342e+00
3.133333e+00	4.746153e-03	5.361788e+00
3.166667e+00	1.110734e-02	5.395734e+00
3.200000e+00	1.465323e-02	5.414656e+00
3.233333e+00	1.451744e-02	5.413932e+00
3.266667e+00	1.248564e-02	5.403089e+00
3.300000e+00	1.091605e-02	5.394713e+00
3.333333e+00	1.080668e-02	5.394130e+00
3.366667e+00	1.160962e-02	5.398414e+00
3.400000e+00	1.230404e-02	5.402120e+00
3.433333e+00	1.238982e-02	5.402578e+00
3.466667e+00	1.185893e-02	5.399745e+00
3.500000e+00	1.022663e-02	5.391034e+00
3.533333e+00	6.326718e-03	5.370222e+00
3.566667e+00	8.513404e-05	5.336914e+00
3.600000e+00	-6.177362e-03	5.303495e+00
3.633333e+00	-9.552170e-03	5.285485e+00
3.666667e+00	-9.338491e-03	5.286626e+00
3.700000e+00	-7.344103e-03	5.297269e+00
3.733333e+00	-5.650170e-03	5.306308e+00
3.766667e+00	-4.256595e-03	5.313745e+00
3.800000e+00	-1.199287e-03	5.330060e+00
3.833333e+00	4.517656e-03	5.360568e+00
3.866667e+00	1.085117e-02	5.394367e+00
3.900000e+00	1.458360e-02	5.414285e+00
3.933333e+00	1.461045e-02	5.414428e+00
3.966667e+00	1.259912e-02	5.403695e+00
4	1.095178e-02	5.394904e+00
4.033333e+00	1.076929e-02	5.393930e+00
4.066667e+00	1.155948e-02	5.398147e+00
4.100000e+00	1.228610e-02	5.402024e+00
4.133333e+00	1.240464e-02	5.402657e+00
4.166667e+00	1.207984e-02	5.400924e+00
4.200000e+00	1.175570e-02	5.399194e+00
4.233333e+00	1.168770e-02	5.398831e+00
4.266667e+00	1.182128e-02	5.399544e+00
4.300000e+00	1.196590e-02	5.400316e+00
4.333333e+00	1.200279e-02	5.400513e+00
4.366667e+00	1.194834e-02	5.400222e+00
4.400000e+00	1.188407e-02	5.399879e+00
4.433333e+00	1.186483e-02	5.399776e+00
4.466667e+00	1.188678e-02	5.399893e+00
4.500000e+00	1.191522e-02	5.400045e+00
4.533333e+00	1.192497e-02	5.400097e+00
4.566667e+00	1.191623e-02	5.400051e+00
4.600000e+00	1.190370e-02	5.399984e+00
4.633333e+00	1.170001e-02	5.398897e+00
4.666667e+00	1.038206e-02	5.391864e+00
4.700000e+00	6.739896e-03	5.372427e+00
4.733333e+00	1.485713e-03	5.344389e+00
4.766667e+00	-2.392201e-03	5.323694e+00
4.800000e+00	-3.267280e-03	5.319024e+00
4.833333e+00	-2.975579e-03	5.320581e+00
4.866667e+00	-3.915114e-03	5.315567e+00
4.900000e+00	-6.077982e-03	5.304025e+00
4.933333e+00	-7.814566e-03	5.294758e+00
4.966667e+00	-8.086484e-03	5.293307e+00
5	-7.295316e-03	5.297529e+00
5.033333e+00	-6.687392e-03	5.300773e+00
5.066667e+00	-7.815490e-03	5.294753e+00
5.100000e+00	-1.197215e-02	5.272571e+00
5.133333e+00	-1.870798e-02	5.236626e+00
5.166667e+00	-2.521287e-02	5.201913e+00
5.200000e+00	-2.849377e-02	5.184404e+00
5.233333e+00	-2.806607e-02	5.186687e+00
5.266667e+00	-2.595709e-02	5.197941e+00
5.300000e+00	-2.449524e-02	5.205742e+00
5.333333e+00	-2.451545e-02	5.205634e+00
5.366667e+00	-2.535835e-02	5.201136e+00
5.400000e+00	-2.600944e-02	5.197662e+00
5.433333e+00	-2.603794e-02	5.197510e+00
5.466667e+00	-2.568576e-02	5.199389e+00
5.500000e+00	-2.539203e-02	5.200957e+00
5.533333e+00	-2.536385e-02	5.201107e+00
5.566667e+00	-2.551127e-02	5.200320e+00
5.600000e+00	-2.584265e-02	5.198552e+00
5.633333e+00	-2.718339e-02	5.191397e+00
5.666667e+00	-3.096861e-02	5.171197e+00
5.700000e+00	-3.728812e-02	5.137474e+00
5.733333e+00	-4.367831e-02	5.103373e+00
5.766667e+00	-4.710881e-02	5.085066e+00
5.800000e+00	-4.686529e-02	5.086365e+00
5.833333e+00	-4.481518e-02	5.097306e+00
5.866667e+00	-4.329340e-02	5.105427e+00
5.900000e+00	-4.323231e-02	5.105753e+00
5.933333e+00	-4.404573e-02	5.101412e+00
5.966667e+00	-4.472051e-02	5.097811e+00
6	-4.478475e-02	5.097468e+00
6.033333e+00	-4.444707e-02	5.099270e+00
6.066667e+00	-4.414412e-02	5.100887e+00
6.100000e+00	-4.410030e-02	5.101121e+00
6.133333e+00	-4.424070e-02	5.100371e+00
6.166667e+00	-4.437673e-02	5.099645e+00
6.200000e+00	-4.440291e-02	5.099506e+00
6.233333e+00	-4.434497e-02	5.099815e+00
6.266667e+00	-4.428413e-02	5.100140e+00
6.300000e+00	-4.426962e-02	5.100217e+00
6.333333e+00	-4.429332e-02	5.100091e+00
6.366667e+00	-4.432040e-02	5.099946e+00
6.400000e+00	-4.432807e-02	5.099905e+00
6.433333e+00	-4.431848e-02	5.099956e+00
6.466667e+00	-4.430648e-02	5.100020e+00
6.500000e+00	-4.430255e-02	5.100041e+00
6.533333e+00	-4.430639e-02	5.100021e+00
6.566667e+00	-4.431169e-02	5.099993e+00
6.600000e+00	-4.431365e-02	5.099982e+00
6.633333e+00	-4.431213e-02	5.099990e+00
6.666667e+00	-4.430981e-02	5.100003e+00
6.700000e+00	-4.430885e-02	5.100008e+00
6.733333e+00	-4.430943e-02	5.100005e+00
6.766667e+00	-4.431045e-02	5.099999e+00
6.800000e+00	-4.431091e-02	5.099997e+00
6.833333e+00	-4.431069e-02	5.099998e+00
6.866667e+00	-4.431025e-02	5.100000e+00
6.900000e+00	-4.431003e-02	5.100001e+00
6.933333e+00	-4.431011e-02	5.100001e+00
6.966667e+00	-4.431030e-02	5.100000e+00
7	-4.431041e-02	5.099999e+00
7.033333e+00	-4.431038e-02	5.100000e+00
7.066667e+00	-4.411144e-02	5.101061e+00
7.100000e+00	-4.279001e-02	5.108113e+00
7.133333e+00	-3.894351e-02	5.128640e+00
7.166667e+00	-3.256449e-02	5.162681e+00
7.200000e+00	-2.616277e-02	5.196844e+00
7.233333e+00	-2.275755e-02	5.215015e+00
7.266667e+00	-2.302768e-02	5.213574e+00
7.300000e+00	-2.508417e-02	5.202599e+00
7.333333e+00	-2.659562e-02	5.194534e+00
7.366667e+00	-2.684371e-02	5.193210e+00
7.400000e+00	-2.734830e-02	5.190517e+00
7.433333e+00	-3.052422e-02	5.173569e+00
7.466667e+00	-3.684428e-02	5.139842e+00
7.500000e+00	-4.358543e-02	5.103868e+00
7.533333e+00	-4.729192e-02	5.084089e+00
7.566667e+00	-4.706328e-02	5.085309e+00
7.600000e+00	-4.486552e-02	5.097037e+00
7.633333e+00	-4.321870e-02	5.105825e+00
7.666667e+00	-4.314431e-02	5.106222e+00
7.700000e+00	-4.401946e-02	5.101552e+00
7.733333e+00	-4.494950e-02	5.096589e+00
7.766667e+00	-4.634392e-02	5.089148e+00
7.800000e+00	-4.982713e-02	5.070560e+00
7.833333e+00	-5.587793e-02	5.038270e+00
7.866667e+00	-6.223069e-02	5.004369e+00
7.900000e+00	-6.578686e-02	4.985391e+00
7.933333e+00	-6.566405e-02	4.986047e+00
7.966667e+00	-6.363655e-02	4.996866e+00
8	-6.206285e-02	5.005264e+00
8.033333e+00	-6.194776e-02	5.005878e+00
8.066667e+00	-6.274856e-02	5.001605e+00
8.100000e+00	-6.344460e-02	4.997891e+00
8.133333e+00	-6.373175e-02	4.996358e+00
8.166667e+00	-6.472214e-02	4.991073e+00
8.200000e+00	-6.825710e-02	4.972209e+00
8.233333e+00	-7.458166e-02	4.938458e+00
8.266667e+00	-8.112037e-02	4.903564e+00
8.300000e+00	-8.466507e-02	4.884648e+00
8.333333e+00	-8.442581e-02	4.885925e+00
8.366667e+00	-8.231309e-02	4.897200e+00
8.400000e+00	-8.073944e-02	4.905597e+00
8.433333e+00	-8.067363e-02	4.905949e+00
8.466667e+00	-8.151327e-02	4.901468e+00
8.500000e+00	-8.221148e-02	4.897742e+00
8.533333e+00	-8.227904e-02	4.897381e+00
8.566667e+00	-8.193045e-02	4.899242e+00
8.600000e+00	-8.161698e-02	4.900914e+00
8.633333e+00	-8.157115e-02	4.901159e+00
8.666667e+00	-8.171606e-02	4.900386e+00
8.700000e+00	-8.185680e-02	4.899635e+00
8.733333e+00	-8.188409e-02	4.899489e+00
8.766667e+00	-8.182430e-02	4.899808e+00
8.800000e+00	-8.176137e-02	4.900144e+00
8.833333e+00	-8.174627e-02	4.900224e+00
8.866667e+00	-8.177072e-02	4.900094e+00
8.900000e+00	-8.179873e-02	4.899944e+00
8.933333e+00	-8.180670e-02	4.899902e+00
8.966667e+00	-8.179681e-02	4.899955e+00
9	-8.178440e-02	4.900021e+00
9.033333e+00	-8.178032e-02	4.900043e+00
9.066667e+00	-8.178428e-02	4.900022e+00
9.100000e+00	-8.178975e-02	4.899992e+00
9.133333e+00	-8.179179e-02	4.899982e+00
9.166667e+00	-8.179023e-02	4.899990e+00
9.200000e+00	-8.178782e-02	4.900003e+00
9.233333e+00	-8.178683e-02	4.900008e+00
9.266667e+00	-8.178743e-02	4.900005e+00
9.300000e+00	-8.178848e-02	4.899999e+00
9.333333e+00	-8.178896e-02	4.899997e+00
9.366667e+00	-8.178873e-02	4.899998e+00
9.400000e+00	-8.178828e-02	4.900000e+00
9.433333e+00	-8.178805e-02	4.900001e+00
9.466667e+00	-8.178813e-02	4.900001e+00
9.500000e+00	-8.198719e-02	4.898939e+00
9.533333e+00	-8.330867e-02	4.891887e+00
9.566667e+00	-8.715516e-02	4.871360e+00
9.600000e+00	-9.353412e-02	4.837319e+00
9.633333e+00	-9.993582e-02	4.803157e+00
9.666667e+00	-1.033410e-01	4.784985e+00
9.700000e+00	-1.030709e-01	4.786426e+00
9.733333e+00	-1.010145e-01	4.797400e+00
9.766667e+00	-9.950301e-02	4.805466e+00
9.800000e+00	-9.945376e-02	4.805729e+00
9.833333e+00	-1.002705e-01	4.801370e+00
9.866667e+00	-1.009411e-01	4.797792e+00
9.900000e+00	-1.010001e-01	4.797477e+00
9.933333e+00	-1.006607e-01	4.799288e+00
9.966667e+00	-1.003595e-01	4.800896e+00
10	-1.003180e-01	4.801117e+00
1.003333e+01	-1.004592e-01	4.800364e+00
1.006667e+01	-1.005946e-01	4.799641e+00
1.010000e+01	-1.006197e-01	4.799507e+00
1.013333e+01	-1.005614e-01	4.799818e+00
1.016667e+01	-1.005008e-01	4.800142e+00
1.020000e+01	-1.004867e-01	4.800217e+00
1.023333e+01	-1.005106e-01	4.800089e+00
1.026667e+01	-1.005376e-01	4.799945e+00
1.030000e+01	-1.005451e-01	4.799905e+00
1.033333e+01	-1.005354e-01	4.799957e+00
1.036667e+01	-1.005234e-01	4.800021e+00
1.040000e+01	-1.007185e-01	4.798980e+00
1.043333e+01	-1.020437e-01	4.791908e+00
1.046667e+01	-1.058955e-01	4.771353e+00
1.050000e+01	-1.122765e-01	4.737301e+00
1.053333e+01	-1.186767e-01	4.703147e+00
1.056667e+01	-1.220796e-01	4.684987e+00
1.060000e+01	-1.218085e-01	4.686434e+00
1.063333e+01	-1.197526e-01	4.697405e+00
1.066667e+01	-1.182422e-01	4.705466e+00
1.070000e+01	-1.181934e-01	4.705726e+00
1.073333e+01	-1.190100e-01	4.701368e+00
1.076667e+01	-1.196801e-01	4.697792e+00
1.080000e+01	-1.197389e-01	4.697478e+00
1.083333e+01	-1.193996e-01	4.699289e+00
1.086667e+01	-1.188996e-01	4.701957e+00
1.090000e+01	-1.175368e-01	4.709229e+00
1.093333e+01	-1.138316e-01	4.729003e+00
1.096667e+01	-1.075878e-01	4.762322e+00
11	-1.012112e-01	4.796351e+00
1.103333e+01	-9.774759e-02	4.814834e+00
1.106667e+01	-9.795719e-02	4.813715e+00
1.110000e+01	-9.999965e-02	4.802816e+00
1.113333e+01	-1.015350e-01	4.794623e+00
1.116667e+01	-1.016112e-01	4.794216e+00
1.120000e+01	-1.008019e-01	4.798535e+00
1.123333e+01	-1.001216e-01	4.802165e+00
1.126667e+01	-1.000506e-01	4.802544e+00
1.130000e+01	-1.003862e-01	4.800753e+00
1.133333e+01	-1.006914e-01	4.799125e+00
1.136667e+01	-1.007382e-01	4.798875e+00
1.140000e+01	-1.005988e-01	4.799619e+00
1.143333e+01	-1.004619e-01	4.800349e+00
1.146667e+01	-1.004344e-01	4.800496e+00
1.150000e+01	-1.006907e-01	4.799128e+00
1.153333e+01	-1.020733e-01	4.791750e+00
1.156667e+01	-1.059349e-01	4.771143e+00
1.160000e+01	-1.122905e-01	4.737227e+00
1.163333e+01	-1.186650e-01	4.703209e+00
1.166667e+01	-1.220623e-01	4.685080e+00
1.170000e+01	-1.218016e-01	4.686471e+00
1.173333e+01	-1.197572e-01	4.697381e+00
1.176667e+01	-1.182497e-01	4.705425e+00
1.180000e+01	-1.181967e-01	4.705708e+00
1.183333e+01	-1.190082e-01	4.701378e+00
1.186667e+01	-1.196768e-01	4.697810e+00
1.190000e+01	-1.197373e-01	4.697487e+00
1.193333e+01	-1.194002e-01	4.699286e+00
1.196667e+01	-1.190999e-01	4.700888e+00
12	-1.190578e-01	4.701113e+00
1.203333e+01	-1.191981e-01	4.700364e+00
1.206667e+01	-1.193330e-01	4.699644e+00
1.210000e+01	-1.193584e-01	4.699509e+00
1.213333e+01	-1.193004e-01	4.699818e+00
1.216667e+01	-1.192401e-01	4.700140e+00
1.220000e+01	-1.192259e-01	4.700216e+00
1.223333e+01	-1.192496e-01	4.700089e+00
1.226667e+01	-1.194754e-01	4.698885e+00
1.230000e+01	-1.208043e-01	4.691793e+00
1.233333e+01	-1.246412e-01	4.671318e+00
1.236667e+01	-1.310083e-01	4.637340e+00
1.240000e+01	-1.374062e-01	4.603197e+00
1.243333e+01	-1.408153e-01	4.585005e+00
1.246667e+01	-1.405504e-01	4.586419e+00
1.250000e+01	-1.384958e-01	4.597383e+00
1.253333e+01	-1.369828e-01	4.605457e+00
1.256667e+01	-1.369313e-01	4.605732e+00
1.260000e+01	-1.375483e-01	4.602439e+00
1.263333e+01	-1.368981e-01	4.605909e+00
1.266667e+01	-1.331116e-01	4.626116e+00
1.270000e+01	-1.263936e-01	4.661966e+00
1.273333e+01	-1.196903e-01	4.697737e+00
1.276667e+01	-1.162432e-01	4.716133e+00
1.280000e+01	-1.166544e-01	4.713939e+00
1.283333e+01	-1.188463e-01	4.702242e+00
1.286667e+01	-1.203831e-01	4.694040e+00
1.290000e+01	-1.203741e-01	4.694089e+00
1.293333e+01	-1.194967e-01	4.698771e+00
1.296667e+01	-1.188119e-01	4.702425e+00
13	-1.187768e-01	4.702612e+00
1.303333e+01	-1.191432e-01	4.700657e+00
1.306667e+01	-1.196508e-01	4.697948e+00
1.310000e+01	-1.210041e-01	4.690727e+00
1.313333e+01	-1.246973e-01	4.671018e+00
1.316667e+01	-1.309372e-01	4.637719e+00
1.320000e+01	-1.373176e-01	4.603670e+00
1.323333e+01	-1.407865e-01	4.585159e+00
1.326667e+01	-1.405789e-01	4.586267e+00
1.330000e+01	-1.385349e-01	4.597174e+00
1.333333e+01	-1.369972e-01	4.605380e+00
1.336667e+01	-1.369201e-01	4.605792e+00
1.340000e+01	-1.377300e-01	4.601470e+00
1.343333e+01	-1.384113e-01	4.597834e+00
1.346667e+01	-1.384827e-01	4.597453e+00
1.350000e+01	-1.381469e-01	4.599245e+00
1.353333e+01	-1.378413e-01	4.600876e+00
1.356667e+01	-1.377943e-01	4.601126e+00
1.360000e+01	-1.379337e-01	4.600382e+00
1.363333e+01	-1.380708e-01	4.599651e+00
1.366667e+01	-1.380984e-01	4.599504e+00
1.370000e+01	-1.380409e-01	4.599810e+00
1.373333e+01	-1.379797e-01	4.600137e+00
1.376667e+01	-1.379645e-01	4.600218e+00
1.380000e+01	-1.379880e-01	4.600093e+00
1.383333e+01	-1.380152e-01	4.599947e+00
1.386667e+01	-1.380232e-01	4.599905e+00
1.390000e+01	-1.380137e-01	4.599955e+00
1.393333e+01	-1.380016e-01	4.600020e+00
1.396667e+01	-1.379976e-01	4.600041e+00
14	-1.380014e-01	4.600021e+00
1.403333e+01	-1.380067e-01	4.599993e+00
1.406667e+01	-1.380087e-01	4.599982e+00
1.410000e+01	-1.380072e-01	4.599990e+00
1.413333e+01	-1.380049e-01	4.600002e+00
1.416667e+01	-1.380039e-01	4.600008e+00
1.420000e+01	-1.380045e-01	4.600005e+00
1.423333e+01	-1.380055e-01	4.599999e+00
1.426667e+01	-1.380060e-01	4.599997e+00
1.430000e+01	-1.380058e-01	4.599998e+00
1.433333e+01	-1.380053e-01	4.600000e+00
1.436667e+01	-1.380051e-01	4.600001e+00
1.440000e+01	-1.380052e-01	4.600001e+00
1.443333e+01	-1.380054e-01	4.600000e+00
1.446667e+01	-1.380055e-01	4.599999e+00
1.450000e+01	-1.380054e-01	4.600000e+00
1.453333e+01	-1.380054e-01	4.600000e+00
1.456667e+01	-1.380053e-01	4.600000e+00
1.460000e+01	-1.380053e-01	4.600000e+00
1.463333e+01	-1.380054e-01	4.600000e+00
1.466667e+01	-1.378065e-01	4.601061e+00
1.470000e+01	-1.364851e-01	4.608113e+00
1.473333e+01	-1.326386e-01	4.628639e+00
1.476667e+01	-1.262596e-01	4.662681e+00
1.480000e+01	-1.198578e-01	4.696844e+00
1.483333e+01	-1.164526e-01	4.715015e+00
1.486667e+01	-1.169216e-01	4.712513e+00
1.490000e+01	-1.202995e-01	4.694487e+00
1.493333e+01	-1.256574e-01	4.665894e+00
1.496667e+01	-1.320857e-01	4.631590e+00
15	-1.376707e-01	4.601786e+00
1.503333e+01	-1.404053e-01	4.587193e+00
1.506667e+01	-1.398773e-01	4.590010e+00
1.510000e+01	-1.370377e-01	4.605164e+00
1.513333e+01	-1.333024e-01	4.625097e+00
1.516667e+01	-1.307621e-01	4.638653e+00
1.520000e+01	-1.314150e-01	4.635169e+00
1.523333e+01	-1.349467e-01	4.616322e+00
1.526667e+01	-1.386559e-01	4.596528e+00
1.530000e+01	-1.401612e-01	4.588495e+00
1.533333e+01	-1.393755e-01	4.592688e+00
1.536667e+01	-1.378858e-01	4.600638e+00
1.540000e+01	-1.371371e-01	4.604633e+00
1.543333e+01	-1.373917e-01	4.603275e+00
1.546667e+01	-1.380210e-01	4.599916e+00
1.550000e+01	-1.383707e-01	4.598050e+00
1.553333e+01	-1.382840e-01	4.598513e+00
1.556667e+01	-1.380140e-01	4.599954e+00
1.560000e+01	-1.378513e-01	4.600822e+00
1.563333e+01	-1.378788e-01	4.600675e+00
1.566667e+01	-1.379946e-01	4.600057e+00
1.570000e+01	-1.380700e-01	4.599655e+00
1.573333e+01	-1.380625e-01	4.599695e+00
1.576667e+01	-1.380131e-01	4.599958e+00
1.580000e+01	-1.379785e-01	4.600144e+00
1.583333e+01	-1.379796e-01	4.600137e+00
1.586667e+01	-1.380006e-01	4.600025e+00
1.590000e+01	-1.382153e-01	4.598879e+00
1.593333e+01	-1.395371e-01	4.591826e+00
1.596667e+01	-1.433748e-01	4.571346e+00
16	-1.497466e-01	4.537343e+00
1.603333e+01	-1.561478e-01	4.503184e+00
1.606667e+01	-1.595567e-01	4.484992e+00
1.610000e+01	-1.592898e-01	4.486416e+00
1.613333e+01	-1.570349e-01	4.498450e+00
1.616667e+01	-1.542005e-01	4.513575e+00
1.620000e+01	-1.503033e-01	4.534372e+00
1.623333e+01	-1.447408e-01	4.564057e+00
1.626667e+01	-1.390103e-01	4.594637e+00
1.630000e+01	-1.356647e-01	4.612491e+00
1.633333e+01	-1.355956e-01	4.612860e+00
1.636667e+01	-1.373506e-01	4.603494e+00
1.640000e+01	-1.388202e-01	4.595652e+00
1.643333e+01	-1.390106e-01	4.594635e+00
1.646667e+01	-1.383293e-01	4.598271e+00
1.650000e+01	-1.376840e-01	4.601715e+00
1.653333e+01	-1.375667e-01	4.602341e+00
1.656667e+01	-1.378455e-01	4.600853e+00
1.660000e+01	-1.381326e-01	4.599321e+00
1.663333e+01	-1.381980e-01	4.598972e+00
1.666667e+01	-1.380838e-01	4.599582e+00
1.670000e+01	-1.379559e-01	4.600264e+00
1.673333e+01	-1.379210e-01	4.600450e+00
1.676667e+01	-1.379674e-01	4.600202e+00
1.680000e+01	-1.380242e-01	4.599900e+00
1.683333e+01	-1.380421e-01	4.599804e+00
1.686667e+01	-1.380235e-01	4.599903e+00
1.690000e+01	-1.379984e-01	4.600037e+00
1.693333e+01	-1.379894e-01	4.600085e+00
1.696667e+01	-1.379968e-01	4.600046e+00
17	-1.380078e-01	4.599987e+00
1.703333e+01	-1.380122e-01	4.599963e+00
1.706667e+01	-1.380094e-01	4.599979e+00
1.710000e+01	-1.380046e-01	4.600004e+00
1.713333e+01	-1.380024e-01	4.600016e+00
1.716667e+01	-1.380035e-01	4.600010e+00
1.720000e+01	-1.380056e-01	4.599999e+00
1.723333e+01	-1.380066e-01	4.599993e+00
1.726667e+01	-1.380062e-01	4.599995e+00
1.730000e+01	-1.380053e-01	4.600000e+00
1.733333e+01	-1.380048e-01	4.600003e+00
1.736667e+01	-1.380050e-01	4.600002e+00
1.740000e+01	-1.382042e-01	4.598939e+00
1.743333e+01	-1.395258e-01	4.591886e+00
1.746667e+01	-1.433723e-01	4.571360e+00
1.750000e+01	-1.497512e-01	4.537319e+00
1.753333e+01	-1.561528e-01	4.503157e+00
1.756667e+01	-1.595580e-01	4.484985e+00
1.760000e+01	-1.592880e-01	4.486426e+00
1.763333e+01	-1.572315e-01	4.497400e+00
1.766667e+01	-1.557201e-01	4.505466e+00
1.770000e+01	-1.556708e-01	4.505729e+00
1.773333e+01	-1.564876e-01	4.501370e+00
1.776667e+01	-1.571582e-01	4.497792e+00
1.780000e+01	-1.572172e-01	4.497477e+00
1.783333e+01	-1.568778e-01	4.499288e+00
1.786667e+01	-1.565765e-01	4.500896e+00
1.790000e+01	-1.565350e-01	4.501117e+00
1.793333e+01	-1.566762e-01	4.500364e+00
1.796667e+01	-1.568116e-01	4.499641e+00
18	-1.568368e-01	4.499507e+00
1.803333e+01	-1.567784e-01	4.499818e+00
1.806667e+01	-1.567178e-01	4.500142e+00
1.810000e+01	-1.567038e-01	4.500217e+00
1.813333e+01	-1.567277e-01	4.500089e+00
1.816667e+01	-1.567547e-01	4.499945e+00
1.820000e+01	-1.567621e-01	4.499905e+00
1.823333e+01	-1.567524e-01	4.499957e+00
1.826667e+01	-1.567405e-01	4.500021e+00
1.830000e+01	-1.567366e-01	4.500041e+00
1.833333e+01	-1.567405e-01	4.500021e+00
1.836667e+01	-1.567458e-01	4.499992e+00
1.840000e+01	-1.567477e-01	4.499982e+00
1.843333e+01	-1.567462e-01	4.499990e+00
1.846667e+01	-1.567439e-01	4.500003e+00
1.850000e+01	-1.567429e-01	4.500008e+00
1.853333e+01	-1.567435e-01	4.500005e+00
1.856667e+01	-1.567445e-01	4.499999e+00
1.860000e+01	-1.567450e-01	4.499997e+00
1.863333e+01	-1.567448e-01	4.499998e+00
1.866667e+01	-1.567443e-01	4.500000e+00
1.870000e+01	-1.567441e-01	4.500001e+00
1.873333e+01	-1.567442e-01	4.500001e+00
1.876667e+01	-1.567444e-01	4.500000e+00
1.880000e+01	-1.567445e-01	4.499999e+00
1.883333e+01	-1.567445e-01	4.500000e+00
1.886667e+01	-1.567444e-01	4.500000e+00
1.890000e+01	-1.567443e-01	4.500000e+00
1.893333e+01	-1.567443e-01	4.500000e+00
1.896667e+01	-1.567444e-01	4.500000e+00
19	-1.567444e-01	4.500000e+00
1.903333e+01	-1.567444e-01	4.500000e+00
1.906667e+01	-1.567444e-01	4.500000e+00
1.910000e+01	-1.567444e-01	4.500000e+00
1.913333e+01	-1.567444e-01	4.500000e+00
1.916667e+01	-1.567444e-01	4.500000e+00
1.920000e+01	-1.567444e-01	4.500000e+00
1.923333e+01	-1.565455e-01	4.501061e+00
1.926667e+01	-1.552241e-01	4.508113e+00
1.930000e+01	-1.513776e-01	4.528639e+00
1.933333e+01	-1.449986e-01	4.562681e+00
1.936667e+01	-1.385968e-01	4.596844e+00
1.940000e+01	-1.351916e-01	4.615015e+00
1.943333e+01	-1.354618e-01	4.613574e+00
1.946667e+01	-1.375183e-01	4.602599e+00
1.950000e+01	-1.390297e-01	4.594534e+00
1.953333e+01	-1.390789e-01	4.594271e+00
1.956667e+01	-1.382621e-01	4.598630e+00
1.960000e+01	-1.375916e-01	4.602208e+00
1.963333e+01	-1.375326e-01	4.602523e+00
1.966667e+01	-1.378720e-01	4.600712e+00
1.970000e+01	-1.381732e-01	4.599104e+00
1.973333e+01	-1.382147e-01	4.598883e+00
1.976667e+01	-1.380735e-01	4.599636e+00
1.980000e+01	-1.379381e-01	4.600359e+00
1.983333e+01	-1.379130e-01	4.600493e+00
1.986667e+01	-1.379713e-01	4.600182e+00
1.990000e+01	-1.380319e-01	4.599858e+00
1.993333e+01	-1.380460e-01	4.599783e+00
1.996667e+01	-1.380221e-01	4.599911e+00
20	-1.379951e-01	4.600055e+00
2.003333e+01	-1.379876e-01	4.600095e+00
2.006667e+01	-1.379973e-01	4.600043e+00
2.010000e+01	-1.380093e-01	4.599979e+00
2.013333e+01	-1.380131e-01	4.599959e+00
2.016667e+01	-1.380092e-01	4.599979e+00
2.020000e+01	-1.380039e-01	4.600008e+00
2.023333e+01	-1.380020e-01	4.600018e+00
2.026667e+01	-1.380035e-01	4.600010e+00
2.030000e+01	-1.380059e-01	4.599997e+00
2.033333e+01	-1.380068e-01	4.599992e+00
2.036667e+01	-1.380062e-01	4.599995e+00
2.040000e+01	-1.380052e-01	4.600001e+00
2.043333e+01	-1.380047e-01	4.600003e+00
2.046667e+01	-1.380050e-01	4.600002e+00
2.050000e+01	-1.380054e-01	4.600000e+00
2.053333e+01	-1.380056e-01	4.599999e+00
2.056667e+01	-1.380055e-01	4.599999e+00
2.060000e+01	-1.380054e-01	4.600000e+00
2.063333e+01	-1.382041e-01	4.598939e+00
2.066667e+01	-1.395255e-01	4.591888e+00
2.070000e+01	-1.433721e-01	4.571361e+00
2.073333e+01	-1.495524e-01	4.538380e+00
2.076667e+01	-1.548316e-01	4.510208e+00
2.080000e+01	-1.557116e-01	4.505511e+00
2.083333e+01	-1.529089e-01	4.520468e+00
2.086667e+01	-1.508297e-01	4.531563e+00
2.090000e+01	-1.523148e-01	4.523638e+00
2.093333e+01	-1.559410e-01	4.504287e+00
2.096667e+01	-1.585441e-01	4.490396e+00
21	-1.586696e-01	4.489726e+00
2.103333e+01	-1.572664e-01	4.497214e+00
2.106667e+01	-1.560610e-01	4.503647e+00
2.110000e+01	-1.559059e-01	4.504475e+00
2.113333e+01	-1.564760e-01	4.501432e+00
2.116667e+01	-1.570157e-01	4.498552e+00
2.120000e+01	-1.571129e-01	4.498033e+00
2.123333e+01	-1.568783e-01	4.499285e+00
2.126667e+01	-1.566372e-01	4.500572e+00
2.130000e+01	-1.567813e-01	4.499803e+00
2.133333e+01	-1.581988e-01	4.492238e+00
2.136667e+01	-1.621528e-01	4.471138e+00
2.140000e+01	-1.685610e-01	4.436941e+00
2.143333e+01	-1.749237e-01	4.402986e+00
2.146667e+01	-1.782844e-01	4.385052e+00
2.150000e+01	-1.780230e-01	4.386448e+00
2.153333e+01	-1.760660e-01	4.396891e+00
2.156667e+01	-1.747591e-01	4.403865e+00
2.160000e+01	-1.750010e-01	4.402574e+00
2.163333e+01	-1.761484e-01	4.396451e+00
2.166667e+01	-1.771422e-01	4.391148e+00
2.170000e+01	-1.774979e-01	4.389250e+00
2.173333e+01	-1.774377e-01	4.389571e+00
2.176667e+01	-1.774165e-01	4.389684e+00
2.180000e+01	-1.776656e-01	4.388355e+00
2.183333e+01	-1.781052e-01	4.386009e+00
2.186667e+01	-1.785390e-01	4.383694e+00
2.190000e+01	-1.788582e-01	4.381991e+00
2.193333e+01	-1.790903e-01	4.380752e+00
2.196667e+01	-1.793200e-01	4.379526e+00
22	-1.795981e-01	4.378042e+00
2.203333e+01	-1.799157e-01	4.376347e+00
2.206667e+01	-1.802366e-01	4.374634e+00
2.210000e+01	-1.805372e-01	4.373030e+00
2.213333e+01	-1.808200e-01	4.371522e+00
2.216667e+01	-1.811003e-01	4.370025e+00
2.220000e+01	-1.813891e-01	4.368484e+00
2.223333e+01	-1.816859e-01	4.366900e+00
2.226667e+01	-1.819842e-01	4.365309e+00
2.230000e+01	-1.822790e-01	4.363735e+00
2.233333e+01	-1.825702e-01	4.362181e+00
2.236667e+01	-1.828606e-01	4.360632e+00
2.240000e+01	-1.831524e-01	4.359074e+00
2.243333e+01	-1.834458e-01	4.357509e+00
2.246667e+01	-1.837397e-01	4.355941e+00
2.250000e+01	-1.840330e-01	4.354375e+00
2.253333e+01	-1.843255e-01	4.352814e+00
2.256667e+01	-1.846179e-01	4.351254e+00
2.260000e+01	-1.849104e-01	4.349693e+00
2.263333e+01	-1.852033e-01	4.348130e+00
2.266667e+01	-1.854963e-01	4.346566e+00
2.270000e+01	-1.857892e-01	4.345003e+00
2.273333e+01	-1.860820e-01	4.343441e+00
2.276667e+01	-1.863747e-01	4.341879e+00
2.280000e+01	-1.866675e-01	4.340317e+00
2.283333e+01	-1.869603e-01	4.338754e+00
2.286667e+01	-1.872531e-01	4.337191e+00
2.290000e+01	-1.875459e-01	4.335629e+00
2.293333e+01	-1.878387e-01	4.334066e+00
2.296667e+01	-1.881315e-01	4.332504e+00
23	-1.884243e-01	4.330941e+00
2.303333e+01	-1.887171e-01	4.329379e+00
2.306667e+01	-1.890099e-01	4.327816e+00
2.310000e+01	-1.893027e-01	4.326254e+00
2.313333e+01	-1.895955e-01	4.324691e+00
2.316667e+01	-1.898883e-01	4.323129e+00
2.320000e+01	-1.901811e-01	4.321566e+00
2.323333e+01	-1.904739e-01	4.320004e+00
2.326667e+01	-1.907667e-01	4.318441e+00
2.330000e+01	-1.910595e-01	4.316879e+00
2.333333e+01	-1.913523e-01	4.315316e+00
2.336667e+01	-1.916451e-01	4.313754e+00
2.340000e+01	-1.919378e-01	4.312191e+00
2.343333e+01	-1.922306e-01	4.310629e+00
2.346667e+01	-1.925234e-01	4.309066e+00
2.350000e+01	-1.928162e-01	4.307504e+00
2.353333e+01	-1.931059e-01	4.305958e+00
2.356667e+01	-1.933750e-01	4.304522e+00
2.360000e+01	-1.933913e-01	4.304435e+00
2.363333e+01	-1.922205e-01	4.310683e+00
2.366667e+01	-1.883045e-01	4.331580e+00
2.370000e+01	-1.807595e-01	4.371844e+00
2.373333e+01	-1.706715e-01	4.425678e+00
2.376667e+01	-1.609861e-01	4.477364e+00
2.380000e+01	-1.548620e-01	4.510045e+00
2.383333e+01	-1.534658e-01	4.517496e+00
2.386667e+01	-1.552042e-01	4.508219e+00
2.390000e+01	-1.573019e-01	4.497025e+00
2.393333e+01	-1.582136e-01	4.492160e+00
2.396667e+01	-1.589325e-01	4.488323e+00
24	-1.619077e-01	4.472446e+00
2.403333e+01	-1.679482e-01	4.440211e+00
2.406667e+01	-1.745839e-01	4.404800e+00
2.410000e+01	-1.783676e-01	4.384608e+00
2.413333e+01	-1.782605e-01	4.385180e+00
2.416667e+01	-1.761138e-01	4.396636e+00
2.420000e+01	-1.742383e-01	4.406644e+00
2.423333e+01	-1.727895e-01	4.414376e+00
2.426667e+01	-1.697935e-01	4.430364e+00
2.430000e+01	-1.641569e-01	4.460443e+00
2.433333e+01	-1.578513e-01	4.494093e+00
2.436667e+01	-1.540945e-01	4.514141e+00
2.440000e+01	-1.540323e-01	4.514473e+00
2.443333e+01	-1.560298e-01	4.503813e+00
2.446667e+01	-1.576867e-01	4.494971e+00
2.450000e+01	-1.578847e-01	4.493915e+00
2.453333e+01	-1.571012e-01	4.498096e+00
2.456667e+01	-1.563709e-01	4.501993e+00
2.460000e+01	-1.562456e-01	4.502662e+00
2.463333e+01	-1.565672e-01	4.500946e+00
2.466667e+01	-1.568927e-01	4.499208e+00
2.470000e+01	-1.567648e-01	4.499891e+00
2.473333e+01	-1.553114e-01	4.507647e+00
2.476667e+01	-1.513197e-01	4.528948e+00
2.480000e+01	-1.449025e-01	4.563194e+00
2.483333e+01	-1.385545e-01	4.597070e+00
2.486667e+01	-1.352137e-01	4.614897e+00
2.490000e+01	-1.355037e-01	4.613350e+00
2.493333e+01	-1.375385e-01	4.602491e+00
2.496667e+01	-1.390215e-01	4.594577e+00
25	-1.388619e-01	4.595429e+00
2.503333e+01	-1.367323e-01	4.606794e+00
2.506667e+01	-1.322277e-01	4.630832e+00
2.510000e+01	-1.257946e-01	4.665162e+00
2.513333e+01	-1.197289e-01	4.697531e+00
2.516667e+01	-1.168184e-01	4.713064e+00
2.520000e+01	-1.184490e-01	4.704362e+00
2.523333e+01	-1.242120e-01	4.673608e+00
2.526667e+01	-1.319695e-01	4.632210e+00
2.530000e+01	-1.383965e-01	4.597913e+00
2.533333e+01	-1.408440e-01	4.584852e+00
2.536667e+01	-1.386414e-01	4.596606e+00
2.540000e+01	-1.326929e-01	4.628350e+00
2.543333e+01	-1.251181e-01	4.668772e+00
2.546667e+01	-1.189418e-01	4.701732e+00
2.550000e+01	-1.165866e-01	4.714301e+00
2.553333e+01	-1.187170e-01	4.702931e+00
2.556667e+01	-1.245554e-01	4.671775e+00
2.560000e+01	-1.320851e-01	4.631593e+00
2.563333e+01	-1.380905e-01	4.599546e+00
2.566667e+01	-1.393714e-01	4.592710e+00
2.570000e+01	-1.347376e-01	4.617438e+00
2.573333e+01	-1.263560e-01	4.662166e+00
2.576667e+01	-1.187827e-01	4.702581e+00
2.580000e+01	-1.155646e-01	4.719754e+00
2.583333e+01	-1.166416e-01	4.714007e+00
2.586667e+01	-1.192243e-01	4.700224e+00
2.590000e+01	-1.206867e-01	4.692421e+00
2.593333e+01	-1.203947e-01	4.693979e+00
2.596667e+01	-1.193376e-01	4.699620e+00
26	-1.186747e-01	4.703157e+00
2.603333e+01	-1.187605e-01	4.702699e+00
2.606667e+01	-1.192097e-01	4.700303e+00
2.610000e+01	-1.195138e-01	4.698679e+00
2.613333e+01	-1.194942e-01	4.698784e+00
2.616667e+01	-1.193031e-01	4.699804e+00
2.620000e+01	-1.191636e-01	4.700548e+00
2.623333e+01	-1.191641e-01	4.700546e+00
2.626667e+01	-1.192450e-01	4.700114e+00
2.630000e+01	-1.193086e-01	4.699774e+00
2.633333e+01	-1.195109e-01	4.698695e+00
2.636667e+01	-1.207982e-01	4.691825e+00
2.640000e+01	-1.246159e-01	4.671453e+00
2.643333e+01	-1.309919e-01	4.637427e+00
2.646667e+01	-1.374078e-01	4.603189e+00
2.650000e+01	-1.408261e-01	4.584947e+00
2.653333e+01	-1.405579e-01	4.586378e+00
2.656667e+01	-1.384955e-01	4.597384e+00
2.660000e+01	-1.369782e-01	4.605481e+00
2.663333e+01	-1.369278e-01	4.605750e+00
2.666667e+01	-1.377471e-01	4.601378e+00
2.670000e+01	-1.384203e-01	4.597786e+00
2.673333e+01	-1.384799e-01	4.597468e+00
2.676667e+01	-1.381395e-01	4.599284e+00
2.680000e+01	-1.378371e-01	4.600898e+00
2.683333e+01	-1.377952e-01	4.601121e+00
2.686667e+01	-1.379369e-01	4.600365e+00
2.690000e+01	-1.380728e-01	4.599640e+00
2.693333e+01	-1.380981e-01	4.599505e+00
2.696667e+01	-1.380396e-01	4.599817e+00
27	-1.379788e-01	4.600142e+00
2.703333e+01	-1.381635e-01	4.599156e+00
2.706667e+01	-1.393100e-01	4.593038e+00
2.710000e+01	-1.420610e-01	4.578357e+00
2.713333e+01	-1.459225e-01	4.557751e+00
2.716667e+01	-1.495831e-01	4.538216e+00
2.720000e+01	-1.516322e-01	4.527281e+00
2.723333e+01	-1.505083e-01	4.533279e+00
2.726667e+01	-1.457520e-01	4.558661e+00
2.730000e+01	-1.396304e-01	4.591328e+00
2.733333e+01	-1.356329e-01	4.612661e+00
2.736667e+01	-1.352560e-01	4.614672e+00
2.740000e+01	-1.371148e-01	4.604753e+00
2.743333e+01	-1.388305e-01	4.595597e+00
2.746667e+01	-1.391525e-01	4.593878e+00
2.750000e+01	-1.384338e-01	4.597713e+00
2.753333e+01	-1.376841e-01	4.601715e+00
2.756667e+01	-1.377052e-01	4.601602e+00
2.760000e+01	-1.393181e-01	4.592994e+00
2.763333e+01	-1.434968e-01	4.570695e+00
2.766667e+01	-1.499692e-01	4.536155e+00
2.770000e+01	-1.562529e-01	4.502623e+00
2.773333e+01	-1.595110e-01	4.485236e+00
2.776667e+01	-1.591930e-01	4.486933e+00
2.780000e+01	-1.571838e-01	4.497655e+00
2.783333e+01	-1.557373e-01	4.505374e+00
2.786667e+01	-1.557120e-01	4.505509e+00
2.790000e+01	-1.565101e-01	4.501250e+00
2.793333e+01	-1.571521e-01	4.497824e+00
2.796667e+01	-1.571994e-01	4.497572e+00
28	-1.568672e-01	4.499344e+00
2.803333e+01	-1.565785e-01	4.500885e+00
2.806667e+01	-1.565426e-01	4.501077e+00
2.810000e+01	-1.566811e-01	4.500337e+00
2.813333e+01	-1.568111e-01	4.499644e+00
2.816667e+01	-1.568335e-01	4.499524e+00
2.820000e+01	-1.567762e-01	4.499830e+00
2.823333e+01	-1.567179e-01	4.500141e+00
2.826667e+01	-1.567052e-01	4.500209e+00
2.830000e+01	-1.569276e-01	4.499022e+00
2.833333e+01	-1.582749e-01	4.491832e+00
2.836667e+01	-1.621283e-01	4.471269e+00
2.840000e+01	-1.684978e-01	4.437278e+00
2.843333e+01	-1.748880e-01	4.403177e+00
2.846667e+01	-1.782896e-01	4.385025e+00
2.850000e+01	-1.780234e-01	4.386446e+00
2.853333e+01	-1.759719e-01	4.397393e+00
2.856667e+01	-1.744623e-01	4.405449e+00
2.860000e+01	-1.744115e-01	4.405720e+00
2.863333e+01	-1.752261e-01	4.401373e+00
2.866667e+01	-1.758958e-01	4.397799e+00
2.870000e+01	-1.759554e-01	4.397481e+00
2.873333e+01	-1.756170e-01	4.399287e+00
2.876667e+01	-1.753161e-01	4.400893e+00
2.880000e+01	-1.752744e-01	4.401115e+00
2.883333e+01	-1.754152e-01	4.400364e+00
2.886667e+01	-1.755504e-01	4.399643e+00
2.890000e+01	-1.755756e-01	4.399508e+00
2.893333e+01	-1.755174e-01	4.399818e+00
2.896667e+01	-1.754570e-01	4.400141e+00
29	-1.754429e-01	4.400216e+00
2.903333e+01	-1.752678e-01	4.401150e+00
2.906667e+01	-1.739734e-01	4.408058e+00
2.910000e+01	-1.701344e-01	4.428545e+00
2.913333e+01	-1.637457e-01	4.462638e+00
2.916667e+01	-1.573320e-01	4.496864e+00
2.920000e+01	-1.539229e-01	4.515057e+00
2.923333e+01	-1.541969e-01	4.513594e+00
2.926667e+01	-1.562587e-01	4.502592e+00
2.930000e+01	-1.577721e-01	4.494516e+00
2.933333e+01	-1.578198e-01	4.494261e+00
2.936667e+01	-1.570007e-01	4.498632e+00
2.940000e+01	-1.563291e-01	4.502216e+00
2.943333e+01	-1.562707e-01	4.502528e+00
2.946667e+01	-1.566111e-01	4.500711e+00
2.950000e+01	-1.569129e-01	4.499101e+00
2.953333e+01	-1.569542e-01	4.498881e+00
2.956667e+01	-1.568125e-01	4.499637e+00
2.960000e+01	-1.566769e-01	4.500360e+00
2.963333e+01	-1.566518e-01	4.500494e+00
2.966667e+01	-1.567103e-01	4.500182e+00
2.970000e+01	-1.567710e-01	4.499858e+00
2.973333e+01	-1.567851e-01	4.499783e+00
2.976667e+01	-1.567611e-01	4.499911e+00
2.980000e+01	-1.567340e-01	4.500055e+00
2.983333e+01	-1.567266e-01	4.500095e+00
2.986667e+01	-1.567363e-01	4.500043e+00
2.990000e+01	-1.567483e-01	4.499979e+00
2.993333e+01	-1.567521e-01	4.499959e+00
2.996667e+01	-1.567482e-01	4.499979e+00
30	-1.569418e-01	4.498946e+00
3.003333e+01	-1.582612e-01	4.491905e+00
3.006667e+01	-1.621093e-01	4.471370e+00
3.010000e+01	-1.684907e-01	4.437316e+00
3.013333e+01	-1.748934e-01	4.403149e+00
3.016667e+01	-1.782980e-01	4.384980e+00
3.020000e+01	-1.780268e-01	4.386427e+00
3.023333e+01	-1.759699e-01	4.397404e+00
3.026667e+01	-1.744586e-01	4.405468e+00
3.030000e+01	-1.744099e-01	4.405729e+00
3.033333e+01	-1.752269e-01	4.401369e+00
3.036667e+01	-1.758974e-01	4.397791e+00
3.040000e+01	-1.759562e-01	4.397477e+00
3.043333e+01	-1.756167e-01	4.399289e+00
3.046667e+01	-1.753154e-01	4.400896e+00
3.050000e+01	-1.752740e-01	4.401117e+00
3.053333e+01	-1.754153e-01	4.400363e+00
3.056667e+01	-1.755507e-01	4.399641e+00
3.060000e+01	-1.755758e-01	4.399507e+00
3.063333e+01	-1.755174e-01	4.399818e+00
3.066667e+01	-1.754568e-01	4.400142e+00
3.070000e+01	-1.754428e-01	4.400217e+00
3.073333e+01	-1.754667e-01	4.400089e+00
3.076667e+01	-1.754937e-01	4.399945e+00
3.080000e+01	-1.755012e-01	4.399905e+00
3.083333e+01	-1.754915e-01	4.399957e+00
3.086667e+01	-1.754795e-01	4.400021e+00
3.090000e+01	-1.754757e-01	4.400041e+00
3.093333e+01	-1.754795e-01	4.400021e+00
3.096667e+01	-1.754848e-01	4.399992e+00
31	-1.754867e-01	4.399982e+00
3.103333e+01	-1.754852e-01	4.399990e+00
3.106667e+01	-1.754829e-01	4.400003e+00
3.110000e+01	-1.754819e-01	4.400008e+00
3.113333e+01	-1.754825e-01	4.400005e+00
3.116667e+01	-1.754836e-01	4.399999e+00
3.120000e+01	-1.754840e-01	4.399997e+00
3.123333e+01	-1.754838e-01	4.399998e+00
3.126667e+01	-1.754833e-01	4.400000e+00
3.130000e+01	-1.754831e-01	4.400001e+00
3.133333e+01	-1.754832e-01	4.400001e+00
3.136667e+01	-1.754834e-01	4.400000e+00
3.140000e+01	-1.754835e-01	4.399999e+00
3.143333e+01	-1.754835e-01	4.400000e+00
3.146667e+01	-1.754834e-01	4.400000e+00
3.150000e+01	-1.754833e-01	4.400000e+00
3.153333e+01	-1.754834e-01	4.400000e+00
3.156667e+01	-1.754834e-01	4.400000e+00
3.160000e+01	-1.754834e-01	4.400000e+00
3.163333e+01	-1.754834e-01	4.400000e+00
3.166667e+01	-1.754834e-01	4.400000e+00
3.170000e+01	-1.754834e-01	4.400000e+00
3.173333e+01	-1.754834e-01	4.400000e+00
3.176667e+01	-1.754834e-01	4.400000e+00
3.180000e+01	-1.754834e-01	4.400000e+00
3.183333e+01	-1.754834e-01	4.400000e+00
3.186667e+01	-1.754834e-01	4.400000e+00
3.190000e+01	-1.754834e-01	4.400000e+00
3.193333e+01	-1.754834e-01	4.400000e+00
3.196667e+01	-1.754834e-01	4.400000e+00
32	-1.754834e-01	4.400000e+00
3.203333e+01	-1.754834e-01	4.400000e+00
3.206667e+01	-1.754834e-01	4.400000e+00
3.210000e+01	-1.754834e-01	4.400000e+00
3.213333e+01	-1.754834e-01	4.400000e+00
3.216667e+01	-1.754834e-01	4.400000e+00
3.220000e+01	-1.754834e-01	4.400000e+00
3.223333e+01	-1.754834e-01	4.400000e+00
3.226667e+01	-1.754834e-01	4.400000e+00
3.230000e+01	-1.754834e-01	4.400000e+00
3.233333e+01	-1.754834e-01	4.400000e+00
3.236667e+01	-1.754834e-01	4.400000e+00
3.240000e+01	-1.754834e-01	4.400000e+00
3.243333e+01	-1.754834e-01	4.400000e+00
3.246667e+01	-1.754834e-01	4.400000e+00
3.250000e+01	-1.754834e-01	4.400000e+00
3.253333e+01	-1.754834e-01	4.400000e+00
3.256667e+01	-1.754834e-01	4.400000e+00
3.260000e+01	-1.754834e-01	4.400000e+00
3.263333e+01	-1.754834e-01	4.400000e+00
3.266667e+01	-1.754834e-01	4.400000e+00
3.270000e+01	-1.754834e-01	4.400000e+00
3.273333e+01	-1.754834e-01	4.400000e+00
3.276667e+01	-1.754834e-01	4.400000e+00
3.280000e+01	-1.754834e-01	4.400000e+00
3.283333e+01	-1.754834e-01	4.400000e+00
3.286667e+01	-1.754834e-01	4.400000e+00
3.290000e+01	-1.754834e-01	4.400000e+00
3.293333e+01	-1.754834e-01	4.400000e+00
3.296667e+01	-1.754834e-01	4.400000e+00
33	-1.754834e-01	4.400000e+00
3.303333e+01	-1.754834e-01	4.400000e+00
3.306667e+01	-1.754834e-01	4.400000e+00
3.310000e+01	-1.754834e-01	4.400000e+00
3.313333e+01	-1.752845e-01	4.401061e+00
3.316667e+01	-1.739632e-01	4.408113e+00
3.320000e+01	-1.701166e-01	4.428639e+00
3.323333e+01	-1.639364e-01	4.461620e+00
3.326667e+01	-1.588561e-01	4.488731e+00
3.330000e+01	-1.592974e-01	4.486376e+00
3.333333e+01	-1.659466e-01	4.450893e+00
3.336667e+01	-1.744048e-01	4.405756e+00
3.340000e+01	-1.793215e-01	4.379518e+00
3.343333e+01	-1.791006e-01	4.380697e+00
3.346667e+01	-1.762273e-01	4.396030e+00
3.350000e+01	-1.740452e-01	4.407675e+00
3.353333e+01	-1.739370e-01	4.408252e+00
3.356667e+01	-1.750932e-01	4.402082e+00
3.360000e+01	-1.760651e-01	4.396896e+00
3.363333e+01	-1.761656e-01	4.396360e+00
3.366667e+01	-1.756849e-01	4.398925e+00
3.370000e+01	-1.752483e-01	4.401255e+00
3.373333e+01	-1.751816e-01	4.401611e+00
3.376667e+01	-1.753812e-01	4.400545e+00
3.380000e+01	-1.755772e-01	4.399500e+00
3.383333e+01	-1.756164e-01	4.399290e+00
3.386667e+01	-1.755341e-01	4.399729e+00
3.390000e+01	-1.754466e-01	4.400197e+00
3.393333e+01	-1.754250e-01	4.400311e+00
3.396667e+01	-1.754586e-01	4.400132e+00
34	-1.754976e-01	4.399924e+00
3.403333e+01	-1.755089e-01	4.399864e+00
3.406667e+01	-1.754953e-01	4.399936e+00
3.410000e+01	-1.754781e-01	4.400028e+00
3.413333e+01	-1.754723e-01	4.400059e+00
3.416667e+01	-1.754777e-01	4.400030e+00
3.420000e+01	-1.752865e-01	4.401051e+00
3.423333e+01	-1.739680e-01	4.408087e+00
3.426667e+01	-1.701193e-01	4.428625e+00
3.430000e+01	-1.637369e-01	4.462685e+00
3.433333e+01	-1.573338e-01	4.496855e+00
3.436667e+01	-1.539294e-01	4.515022e+00
3.440000e+01	-1.542010e-01	4.513573e+00
3.443333e+01	-1.562582e-01	4.502595e+00
3.446667e+01	-1.575704e-01	4.495592e+00
3.450000e+01	-1.562977e-01	4.502384e+00
3.453333e+01	-1.516340e-01	4.527271e+00
3.456667e+01	-1.445845e-01	4.564891e+00
3.460000e+01	-1.381240e-01	4.599367e+00
3.463333e+01	-1.350584e-01	4.615726e+00
3.466667e+01	-1.356298e-01	4.612677e+00
3.470000e+01	-1.377276e-01	4.601482e+00
3.473333e+01	-1.390978e-01	4.594170e+00
3.476667e+01	-1.390116e-01	4.594630e+00
3.480000e+01	-1.381697e-01	4.599123e+00
3.483333e+01	-1.375575e-01	4.602390e+00
3.486667e+01	-1.375591e-01	4.602381e+00
3.490000e+01	-1.379126e-01	4.600495e+00
3.493333e+01	-1.381899e-01	4.599015e+00
3.496667e+01	-1.382044e-01	4.598938e+00
35	-1.380557e-01	4.599731e+00
3.503333e+01	-1.379300e-01	4.600402e+00
3.506667e+01	-1.381157e-01	4.599411e+00
3.510000e+01	-1.393004e-01	4.593089e+00
3.513333e+01	-1.418823e-01	4.579311e+00
3.516667e+01	-1.444236e-01	4.565749e+00
3.520000e+01	-1.444204e-01	4.565766e+00
3.523333e+01	-1.413985e-01	4.581893e+00
3.526667e+01	-1.377180e-01	4.601534e+00
3.530000e+01	-1.359422e-01	4.611010e+00
3.533333e+01	-1.364987e-01	4.608040e+00
3.536667e+01	-1.379637e-01	4.600222e+00
3.540000e+01	-1.388254e-01	4.595624e+00
3.543333e+01	-1.386741e-01	4.596431e+00
3.546667e+01	-1.380610e-01	4.599703e+00
3.550000e+01	-1.376644e-01	4.601820e+00
3.553333e+01	-1.377048e-01	4.601604e+00
3.556667e+01	-1.379653e-01	4.600214e+00
3.560000e+01	-1.381474e-01	4.599242e+00
3.563333e+01	-1.381405e-01	4.599279e+00
3.566667e+01	-1.380299e-01	4.599869e+00
3.570000e+01	-1.379466e-01	4.600313e+00
3.573333e+01	-1.379449e-01	4.600323e+00
3.576667e+01	-1.379916e-01	4.600074e+00
3.580000e+01	-1.380294e-01	4.599872e+00
3.583333e+01	-1.380323e-01	4.599856e+00
3.586667e+01	-1.380127e-01	4.599961e+00
3.590000e+01	-1.379956e-01	4.600052e+00
3.593333e+01	-1.377945e-01	4.601125e+00
3.596667e+01	-1.364813e-01	4.608133e+00
36	-1.326425e-01	4.628619e+00
3.603333e+01	-1.262648e-01	4.662653e+00
3.606667e+01	-1.198597e-01	4.696834e+00
3.610000e+01	-1.164510e-01	4.715024e+00
3.613333e+01	-1.167204e-01	4.713586e+00
3.616667e+01	-1.187783e-01	4.702604e+00
3.620000e+01	-1.202913e-01	4.694530e+00
3.623333e+01	-1.203409e-01	4.694265e+00
3.626667e+01	-1.195236e-01	4.698627e+00
3.630000e+01	-1.188523e-01	4.702210e+00
3.633333e+01	-1.187931e-01	4.702525e+00
3.636667e+01	-1.191327e-01	4.700713e+00
3.640000e+01	-1.194343e-01	4.699104e+00
3.643333e+01	-1.194759e-01	4.698882e+00
3.646667e+01	-1.193346e-01	4.699636e+00
3.650000e+01	-1.193979e-01	4.699298e+00
3.653333e+01	-1.206941e-01	4.692381e+00
3.656667e+01	-1.245990e-01	4.671542e+00
3.660000e+01	-1.310387e-01	4.637177e+00
3.663333e+01	-1.374545e-01	4.602939e+00
3.666667e+01	-1.408358e-01	4.584895e+00
3.670000e+01	-1.405387e-01	4.586481e+00
3.673333e+01	-1.384747e-01	4.597495e+00
3.676667e+01	-1.369729e-01	4.605509e+00
3.680000e+01	-1.369357e-01	4.605708e+00
3.683333e+01	-1.377563e-01	4.601329e+00
3.686667e+01	-1.384230e-01	4.597771e+00
3.690000e+01	-1.384767e-01	4.597485e+00
3.693333e+01	-1.381354e-01	4.599306e+00
3.696667e+01	-1.378357e-01	4.600906e+00
37	-1.377965e-01	4.601115e+00
3.703333e+01	-1.379387e-01	4.600356e+00
3.706667e+01	-1.380735e-01	4.599637e+00
3.710000e+01	-1.380976e-01	4.599508e+00
3.713333e+01	-1.380388e-01	4.599822e+00
3.716667e+01	-1.381773e-01	4.599083e+00
3.720000e+01	-1.394850e-01	4.592104e+00
3.723333e+01	-1.433557e-01	4.571448e+00
3.726667e+01	-1.497616e-01	4.537263e+00
3.730000e+01	-1.561707e-01	4.503062e+00
3.733333e+01	-1.595661e-01	4.484942e+00
3.736667e+01	-1.592840e-01	4.486447e+00
3.740000e+01	-1.572237e-01	4.497442e+00
3.743333e+01	-1.557162e-01	4.505487e+00
3.746667e+01	-1.556723e-01	4.505721e+00
3.750000e+01	-1.564909e-01	4.501352e+00
3.753333e+01	-1.571600e-01	4.497782e+00
3.756667e+01	-1.572167e-01	4.497480e+00
3.760000e+01	-1.568763e-01	4.499296e+00
3.763333e+01	-1.565757e-01	4.500900e+00
3.766667e+01	-1.565352e-01	4.501116e+00
3.770000e+01	-1.566769e-01	4.500360e+00
3.773333e+01	-1.568120e-01	4.499639e+00
3.776667e+01	-1.568367e-01	4.499507e+00
3.780000e+01	-1.567782e-01	4.499820e+00
3.783333e+01	-1.567177e-01	4.500143e+00
3.786667e+01	-1.567038e-01	4.500217e+00
3.790000e+01	-1.567278e-01	4.500089e+00
3.793333e+01	-1.567547e-01	4.499945e+00
3.796667e+01	-1.567621e-01	4.499905e+00
38	-1.567524e-01	4.499957e+00
3.803333e+01	-1.567404e-01	4.500021e+00
3.806667e+01	-1.567366e-01	4.500041e+00
3.810000e+01	-1.567405e-01	4.500020e+00
3.813333e+01	-1.567458e-01	4.499992e+00
3.816667e+01	-1.567477e-01	4.499982e+00
3.820000e+01	-1.567462e-01	4.499990e+00
3.823333e+01	-1.567439e-01	4.500003e+00
3.826667e+01	-1.567429e-01	4.500008e+00
3.830000e+01	-1.567435e-01	4.500005e+00
3.833333e+01	-1.567445e-01	4.499999e+00
3.836667e+01	-1.567450e-01	4.499997e+00
3.840000e+01	-1.567448e-01	4.499998e+00
3.843333e+01	-1.567443e-01	4.500000e+00
3.846667e+01	-1.567441e-01	4.500001e+00
3.850000e+01	-1.567442e-01	4.500001e+00
3.853333e+01	-1.567444e-01	4.500000e+00
3.856667e+01	-1.567445e-01	4.499999e+00
3.860000e+01	-1.567445e-01	4.500000e+00
3.863333e+01	-1.567444e-01	4.500000e+00
3.866667e+01	-1.567443e-01	4.500000e+00
3.870000e+01	-1.567443e-01	4.500000e+00
3.873333e+01	-1.567444e-01	4.500000e+00
3.876667e+01	-1.567444e-01	4.500000e+00
3.880000e+01	-1.567444e-01	4.500000e+00
3.883333e+01	-1.567444e-01	4.500000e+00
3.886667e+01	-1.567444e-01	4.500000e+00
3.890000e+01	-1.567444e-01	4.500000e+00
3.893333e+01	-1.567444e-01	4.500000e+00
3.896667e+01	-1.567444e-01	4.500000e+00
39	-1.567444e-01	4.500000e+00
3.903333e+01	-1.567444e-01	4.500000e+00
3.906667e+01	-1.567444e-01	4.500000e+00
3.910000e+01	-1.567444e-01	4.500000e+00
3.913333e+01	-1.567444e-01	4.500000e+00
3.916667e+01	-1.567444e-01	4.500000e+00
3.920000e+01	-1.567444e-01	4.500000e+00
3.923333e+01	-1.567444e-01	4.500000e+00
3.926667e+01	-1.567444e-01	4.500000e+00
3.930000e+01	-1.567444e-01	4.500000e+00
3.933333e+01	-1.567444e-01	4.500000e+00
3.936667e+01	-1.567444e-01	4.500000e+00
3.940000e+01	-1.567444e-01	4.500000e+00
3.943333e+01	-1.567444e-01	4.500000e+00
3.946667e+01	-1.567444e-01	4.500000e+00
3.950000e+01	-1.567444e-01	4.500000e+00
3.953333e+01	-1.567444e-01	4.500000e+00
3.956667e+01	-1.567444e-01	4.500000e+00
3.960000e+01	-1.567444e-01	4.500000e+00
3.963333e+01	-1.567444e-01	4.500000e+00
3.966667e+01	-1.567444e-01	4.500000e+00
3.970000e+01	-1.567444e-01	4.500000e+00
3.973333e+01	-1.567444e-01	4.500000e+00
3.976667e+01	-1.567444e-01	4.500000e+00
3.980000e+01	-1.567444e-01	4.500000e+00
3.983333e+01	-1.567444e-01	4.500000e+00
3.986667e+01	-1.569432e-01	4.498939e+00
3.990000e+01	-1.582646e-01	4.491887e+00
3.993333e+01	-1.621111e-01	4.471361e+00
3.996667e+01	-1.684902e-01	4.437319e+00
40	-1.748919e-01	4.403156e+00
4.003333e+01	-1.782971e-01	4.384985e+00
4.006667e+01	-1.780270e-01	4.386426e+00
4.010000e+01	-1.759705e-01	4.397401e+00
4.013333e+01	-1.744590e-01	4.405466e+00
4.016667e+01	-1.744098e-01	4.405729e+00
4.020000e+01	-1.752266e-01	4.401370e+00
4.023333e+01	-1.758972e-01	4.397792e+00
4.026667e+01	-1.759562e-01	4.397477e+00
4.030000e+01	-1.756168e-01	4.399288e+00
4.033333e+01	-1.753155e-01	4.400896e+00
4.036667e+01	-1.752740e-01	4.401117e+00
4.040000e+01	-1.754153e-01	4.400364e+00
4.043333e+01	-1.755374e-01	4.399712e+00
4.046667e+01	-1.754612e-01	4.400118e+00
4.050000e+01	-1.750450e-01	4.402339e+00
4.053333e+01	-1.742014e-01	4.406841e+00
4.056667e+01	-1.729775e-01	4.413373e+00
4.060000e+01	-1.715646e-01	4.420913e+00
4.063333e+01	-1.701727e-01	4.428340e+00
4.066667e+01	-1.688984e-01	4.435140e+00
4.070000e+01	-1.677078e-01	4.441494e+00
4.073333e+01	-1.665181e-01	4.447843e+00
4.076667e+01	-1.652821e-01	4.454439e+00
4.080000e+01	-1.640091e-01	4.461232e+00
4.083333e+01	-1.627336e-01	4.468039e+00
4.086667e+01	-1.614907e-01	4.474672e+00
4.090000e+01	-1.603524e-01	4.480746e+00
4.093333e+01	-1.596449e-01	4.484521e+00
4.096667e+01	-1.603275e-01	4.480879e+00
41	-1.636178e-01	4.463320e+00
4.103333e+01	-1.693288e-01	4.432844e+00
4.106667e+01	-1.750447e-01	4.402341e+00
4.110000e+01	-1.780299e-01	4.386411e+00
4.113333e+01	-1.777297e-01	4.388012e+00
4.116667e+01	-1.758768e-01	4.397901e+00
4.120000e+01	-1.745491e-01	4.404986e+00
4.123333e+01	-1.747319e-01	4.404010e+00
4.126667e+01	-1.767923e-01	4.393015e+00
4.130000e+01	-1.812291e-01	4.369338e+00
4.133333e+01	-1.876485e-01	4.335081e+00
4.136667e+01	-1.937423e-01	4.302562e+00
4.140000e+01	-1.968818e-01	4.285808e+00
4.143333e+01	-1.965800e-01	4.287419e+00
4.146667e+01	-1.946520e-01	4.297708e+00
4.150000e+01	-1.932602e-01	4.305135e+00
4.153333e+01	-1.932310e-01	4.305290e+00
4.156667e+01	-1.941935e-01	4.300155e+00
4.160000e+01	-1.961318e-01	4.289811e+00
4.163333e+01	-2.000258e-01	4.269031e+00
4.166667e+01	-2.060873e-01	4.236684e+00
4.170000e+01	-2.122117e-01	4.204001e+00
4.173333e+01	-2.155816e-01	4.186017e+00
4.176667e+01	-2.154438e-01	4.186753e+00
4.180000e+01	-2.135121e-01	4.197061e+00
4.183333e+01	-2.120226e-01	4.205010e+00
4.186667e+01	-2.119185e-01	4.205565e+00
4.190000e+01	-2.126795e-01	4.201505e+00
4.193333e+01	-2.133376e-01	4.197992e+00
4.196667e+01	-2.134191e-01	4.197558e+00
42	-2.131046e-01	4.199236e+00
4.203333e+01	-2.128100e-01	4.200808e+00
4.206667e+01	-2.127594e-01	4.201078e+00
4.210000e+01	-2.128896e-01	4.200383e+00
4.213333e+01	-2.130215e-01	4.199679e+00
4.216667e+01	-2.130503e-01	4.199526e+00
4.220000e+01	-2.129968e-01	4.199811e+00
4.223333e+01	-2.129380e-01	4.200125e+00
4.226667e+01	-2.129225e-01	4.200208e+00
4.230000e+01	-2.129442e-01	4.200092e+00
4.233333e+01	-2.129704e-01	4.199952e+00
4.236667e+01	-2.129784e-01	4.199909e+00
4.240000e+01	-2.129697e-01	4.199956e+00
4.243333e+01	-2.129581e-01	4.200018e+00
4.246667e+01	-2.129540e-01	4.200039e+00
4.250000e+01	-2.129575e-01	4.200021e+00
4.253333e+01	-2.129626e-01	4.199994e+00
4.256667e+01	-2.129646e-01	4.199983e+00
4.260000e+01	-2.129632e-01	4.199990e+00
4.263333e+01	-2.129610e-01	4.200002e+00
4.266667e+01	-2.129600e-01	4.200007e+00
4.270000e+01	-2.129606e-01	4.200005e+00
4.273333e+01	-2.129615e-01	4.199999e+00
4.276667e+01	-2.129620e-01	4.199997e+00
4.280000e+01	-2.129618e-01	4.199998e+00
4.283333e+01	-2.129614e-01	4.200000e+00
4.286667e+01	-2.129612e-01	4.200001e+00
4.290000e+01	-2.129612e-01	4.200001e+00
4.293333e+01	-2.129614e-01	4.200000e+00
4.296667e+01	-2.129615e-01	4.199999e+00
43	-2.129615e-01	4.200000e+00
4.303333e+01	-2.129614e-01	4.200000e+00
4.306667e+01	-2.131602e-01	4.198939e+00
4.310000e+01	-2.144816e-01	4.191888e+00
4.313333e+01	-2.181293e-01	4.172422e+00
4.316667e+01	-2.233859e-01	4.144370e+00
4.320000e+01	-2.272625e-01	4.123683e+00
4.323333e+01	-2.279363e-01	4.120087e+00
4.326667e+01	-2.263221e-01	4.128702e+00
4.330000e+01	-2.236144e-01	4.143151e+00
4.333333e+01	-2.205218e-01	4.159654e+00
4.336667e+01	-2.183823e-01	4.171072e+00
4.340000e+01	-2.177814e-01	4.174278e+00
4.343333e+01	-2.172826e-01	4.176940e+00
4.346667e+01	-2.155355e-01	4.186263e+00
4.350000e+01	-2.131784e-01	4.198842e+00
4.353333e+01	-2.117516e-01	4.206456e+00
4.356667e+01	-2.118368e-01	4.206002e+00
4.360000e+01	-2.127315e-01	4.201227e+00
4.363333e+01	-2.134142e-01	4.197584e+00
4.366667e+01	-2.134498e-01	4.197394e+00
4.370000e+01	-2.130870e-01	4.199330e+00
4.373333e+01	-2.127797e-01	4.200970e+00
4.376667e+01	-2.127460e-01	4.201149e+00
4.380000e+01	-2.128965e-01	4.200346e+00
4.383333e+01	-2.130346e-01	4.199609e+00
4.386667e+01	-2.130566e-01	4.199492e+00
4.390000e+01	-2.129942e-01	4.199825e+00
4.393333e+01	-2.129323e-01	4.200155e+00
4.396667e+01	-2.129195e-01	4.200224e+00
44	-2.129452e-01	4.200087e+00
4.403333e+01	-2.129728e-01	4.199939e+00
4.406667e+01	-2.127809e-01	4.200963e+00
4.410000e+01	-2.114491e-01	4.208070e+00
4.413333e+01	-2.075903e-01	4.228663e+00
4.416667e+01	-2.012076e-01	4.262724e+00
4.420000e+01	-1.946112e-01	4.297925e+00
4.423333e+01	-1.898901e-01	4.323119e+00
4.426667e+01	-1.863155e-01	4.342195e+00
4.430000e+01	-1.819913e-01	4.365271e+00
4.433333e+01	-1.770986e-01	4.391380e+00
4.436667e+01	-1.737417e-01	4.409294e+00
4.440000e+01	-1.731957e-01	4.412208e+00
4.443333e+01	-1.745827e-01	4.404807e+00
4.446667e+01	-1.760356e-01	4.397053e+00
4.450000e+01	-1.764240e-01	4.394981e+00
4.453333e+01	-1.759080e-01	4.397734e+00
4.456667e+01	-1.752787e-01	4.401092e+00
4.460000e+01	-1.750785e-01	4.402161e+00
4.463333e+01	-1.752828e-01	4.401071e+00
4.466667e+01	-1.755590e-01	4.399597e+00
4.470000e+01	-1.756588e-01	4.399064e+00
4.473333e+01	-1.755780e-01	4.399495e+00
4.476667e+01	-1.754567e-01	4.400142e+00
4.480000e+01	-1.754076e-01	4.400404e+00
4.483333e+01	-1.754391e-01	4.400237e+00
4.486667e+01	-1.754922e-01	4.399953e+00
4.490000e+01	-1.755159e-01	4.399826e+00
4.493333e+01	-1.755040e-01	4.399890e+00
4.496667e+01	-1.752820e-01	4.401075e+00
45	-1.739492e-01	4.408187e+00
4.503333e+01	-1.701071e-01	4.428690e+00
4.506667e+01	-1.637381e-01	4.462678e+00
4.510000e+01	-1.575406e-01	4.495751e+00
4.513333e+01	-1.554552e-01	4.506880e+00
4.516667e+01	-1.595675e-01	4.484934e+00
4.520000e+01	-1.680006e-01	4.439932e+00
4.523333e+01	-1.759143e-01	4.397701e+00
4.526667e+01	-1.793706e-01	4.379256e+00
4.530000e+01	-1.782848e-01	4.385050e+00
4.533333e+01	-1.755576e-01	4.399604e+00
4.536667e+01	-1.739863e-01	4.407989e+00
4.540000e+01	-1.740771e-01	4.407504e+00
4.543333e+01	-1.738738e-01	4.408589e+00
4.546667e+01	-1.707398e-01	4.425314e+00
4.550000e+01	-1.642787e-01	4.459793e+00
4.553333e+01	-1.574022e-01	4.496490e+00
4.556667e+01	-1.536704e-01	4.516404e+00
4.560000e+01	-1.539573e-01	4.514873e+00
4.563333e+01	-1.564145e-01	4.501761e+00
4.566667e+01	-1.593968e-01	4.485846e+00
4.570000e+01	-1.632938e-01	4.465049e+00
4.573333e+01	-1.687708e-01	4.435822e+00
4.576667e+01	-1.744338e-01	4.405601e+00
4.580000e+01	-1.777757e-01	4.387767e+00
4.583333e+01	-1.776819e-01	4.388268e+00
4.586667e+01	-1.746362e-01	4.404521e+00
4.590000e+01	-1.693233e-01	4.432873e+00
4.593333e+01	-1.627388e-01	4.468011e+00
4.596667e+01	-1.570046e-01	4.498612e+00
46	-1.542425e-01	4.513351e+00
4.603333e+01	-1.546362e-01	4.511250e+00
4.606667e+01	-1.564201e-01	4.501731e+00
4.610000e+01	-1.578445e-01	4.494129e+00
4.613333e+01	-1.591472e-01	4.487178e+00
4.616667e+01	-1.622884e-01	4.470415e+00
4.620000e+01	-1.681240e-01	4.439273e+00
4.623333e+01	-1.745027e-01	4.405234e+00
4.626667e+01	-1.782021e-01	4.385492e+00
4.630000e+01	-1.781769e-01	4.385626e+00
4.633333e+01	-1.761435e-01	4.396477e+00
4.636667e+01	-1.745089e-01	4.405200e+00
4.640000e+01	-1.743491e-01	4.406053e+00
4.643333e+01	-1.751500e-01	4.401779e+00
4.646667e+01	-1.758718e-01	4.397927e+00
4.650000e+01	-1.759804e-01	4.397348e+00
4.653333e+01	-1.756506e-01	4.399108e+00
4.656667e+01	-1.753282e-01	4.400828e+00
4.660000e+01	-1.752645e-01	4.401168e+00
4.663333e+01	-1.754004e-01	4.400443e+00
4.666667e+01	-1.755444e-01	4.399674e+00
4.670000e+01	-1.755795e-01	4.399487e+00
4.673333e+01	-1.753251e-01	4.400845e+00
4.676667e+01	-1.739396e-01	4.408238e+00
4.680000e+01	-1.700746e-01	4.428864e+00
4.683333e+01	-1.637181e-01	4.462785e+00
4.686667e+01	-1.573447e-01	4.496796e+00
4.690000e+01	-1.539489e-01	4.514918e+00
4.693333e+01	-1.542101e-01	4.513524e+00
4.696667e+01	-1.562540e-01	4.502617e+00
47	-1.577608e-01	4.494576e+00
4.703333e+01	-1.578136e-01	4.494294e+00
4.706667e+01	-1.570023e-01	4.498624e+00
4.710000e+01	-1.563340e-01	4.502190e+00
4.713333e+01	-1.562736e-01	4.502512e+00
4.716667e+01	-1.566106e-01	4.500714e+00
4.720000e+01	-1.569108e-01	4.499112e+00
4.723333e+01	-1.569528e-01	4.498888e+00
4.726667e+01	-1.568126e-01	4.499636e+00
4.730000e+01	-1.566778e-01	4.500356e+00
4.733333e+01	-1.566524e-01	4.500491e+00
4.736667e+01	-1.567103e-01	4.500182e+00
4.740000e+01	-1.567706e-01	4.499860e+00
4.743333e+01	-1.567848e-01	4.499784e+00
4.746667e+01	-1.567611e-01	4.499911e+00
4.750000e+01	-1.567342e-01	4.500054e+00
4.753333e+01	-1.567267e-01	4.500094e+00
4.756667e+01	-1.567363e-01	4.500043e+00
4.760000e+01	-1.567482e-01	4.499979e+00
4.763333e+01	-1.567521e-01	4.499959e+00
4.766667e+01	-1.567482e-01	4.499979e+00
4.770000e+01	-1.567430e-01	4.500008e+00
4.773333e+01	-1.567410e-01	4.500018e+00
4.776667e+01	-1.567426e-01	4.500010e+00
4.780000e+01	-1.567449e-01	4.499997e+00
4.783333e+01	-1.567458e-01	4.499992e+00
4.786667e+01	-1.567452e-01	4.499995e+00
4.790000e+01	-1.567442e-01	4.500001e+00
4.793333e+01	-1.567438e-01	4.500003e+00
4.796667e+01	-1.567440e-01	4.500002e+00
48	-1.567444e-01	4.500000e+00
4.803333e+01	-1.569435e-01	4.498937e+00
4.806667e+01	-1.580659e-01	4.492948e+00
4.810000e+01	-1.607897e-01	4.478412e+00
4.813333e+01	-1.644447e-01	4.458908e+00
4.816667e+01	-1.669926e-01	4.445311e+00
4.820000e+01	-1.665286e-01	4.447787e+00
4.823333e+01	-1.628760e-01	4.467279e+00
4.826667e+01	-1.580931e-01	4.492802e+00
4.830000e+01	-1.549628e-01	4.509507e+00
4.833333e+01	-1.546386e-01	4.511237e+00
4.836667e+01	-1.560497e-01	4.503707e+00
4.840000e+01	-1.573657e-01	4.496684e+00
4.843333e+01	-1.576202e-01	4.495326e+00
4.846667e+01	-1.570756e-01	4.498233e+00
4.850000e+01	-1.565021e-01	4.501293e+00
4.853333e+01	-1.563635e-01	4.502033e+00
4.856667e+01	-1.565844e-01	4.500854e+00
4.860000e+01	-1.568382e-01	4.499499e+00
4.863333e+01	-1.569108e-01	4.499112e+00
4.866667e+01	-1.568214e-01	4.499589e+00
4.870000e+01	-1.567090e-01	4.500189e+00
4.873333e+01	-1.566719e-01	4.500387e+00
4.876667e+01	-1.567077e-01	4.500196e+00
4.880000e+01	-1.567573e-01	4.499931e+00
4.883333e+01	-1.569746e-01	4.498771e+00
4.886667e+01	-1.582819e-01	4.491795e+00
4.890000e+01	-1.621066e-01	4.471385e+00
4.893333e+01	-1.684766e-01	4.437391e+00
4.896667e+01	-1.748838e-01	4.403199e+00
49	-1.782986e-01	4.384977e+00
4.903333e+01	-1.780328e-01	4.386395e+00
4.906667e+01	-1.759742e-01	4.397381e+00
4.910000e+01	-1.744586e-01	4.405469e+00
4.913333e+01	-1.744073e-01	4.405742e+00
4.916667e+01	-1.752249e-01	4.401380e+00
4.920000e+01	-1.758973e-01	4.397791e+00
4.923333e+01	-1.759572e-01	4.397471e+00
4.926667e+01	-1.756176e-01	4.399284e+00
4.930000e+01	-1.753155e-01	4.400896e+00
4.933333e+01	-1.752736e-01	4.401120e+00
4.936667e+01	-1.754149e-01	4.400365e+00
4.940000e+01	-1.755506e-01	4.399641e+00
4.943333e+01	-1.755760e-01	4.399506e+00
4.946667e+01	-1.755176e-01	4.399817e+00
4.950000e+01	-1.754569e-01	4.400142e+00
4.953333e+01	-1.754427e-01	4.400217e+00
4.956667e+01	-1.754666e-01	4.400090e+00
4.960000e+01	-1.754937e-01	4.399945e+00
4.963333e+01	-1.755012e-01	4.399905e+00
4.966667e+01	-1.754915e-01	4.399957e+00
4.970000e+01	-1.754795e-01	4.400021e+00
4.973333e+01	-1.754756e-01	4.400041e+00
4.976667e+01	-1.754795e-01	4.400021e+00
4.980000e+01	-1.754848e-01	4.399992e+00
4.983333e+01	-1.754867e-01	4.399982e+00
4.986667e+01	-1.754852e-01	4.399990e+00
4.990000e+01	-1.756817e-01	4.398941e+00
4.993333e+01	-1.770022e-01	4.391895e+00
4.996667e+01	-1.808493e-01	4.371365e+00
50	-1.872294e-01	4.337318e+00
5.003333e+01	-1.936316e-01	4.303153e+00
5.006667e+01	-1.970365e-01	4.284982e+00
5.010000e+01	-1.967660e-01	4.286426e+00
5.013333e+01	-1.947092e-01	4.297402e+00
5.016667e+01	-1.931979e-01	4.305467e+00
5.020000e+01	-1.931488e-01	4.305729e+00
5.023333e+01	-1.939657e-01	4.301370e+00
5.026667e+01	-1.946363e-01	4.297791e+00
5.030000e+01	-1.946952e-01	4.297477e+00
5.033333e+01	-1.943557e-01	4.299288e+00
5.036667e+01	-1.940545e-01	4.300896e+00
5.040000e+01	-1.940130e-01	4.301117e+00
5.043333e+01	-1.941543e-01	4.300363e+00
5.046667e+01	-1.942897e-01	4.299641e+00
5.050000e+01	-1.943148e-01	4.299507e+00
5.053333e+01	-1.942564e-01	4.299818e+00
5.056667e+01	-1.941959e-01	4.300142e+00
5.060000e+01	-1.941818e-01	4.300217e+00
5.063333e+01	-1.942057e-01	4.300089e+00
5.066667e+01	-1.942327e-01	4.299945e+00
5.070000e+01	-1.942402e-01	4.299905e+00
5.073333e+01	-1.942305e-01	4.299957e+00
5.076667e+01	-1.942185e-01	4.300021e+00
5.080000e+01	-1.942147e-01	4.300041e+00
5.083333e+01	-1.942186e-01	4.300021e+00
5.086667e+01	-1.942238e-01	4.299992e+00
5.090000e+01	-1.942258e-01	4.299982e+00
5.093333e+01	-1.942242e-01	4.299990e+00
5.096667e+01	-1.942219e-01	4.300003e+00
51	-1.942210e-01	4.300008e+00
5.103333e+01	-1.942216e-01	4.300005e+00
5.106667e+01	-1.942226e-01	4.299999e+00
5.110000e+01	-1.942230e-01	4.299997e+00
5.113333e+01	-1.940239e-01	4.301059e+00
5.116667e+01	-1.927021e-01	4.308113e+00
5.120000e+01	-1.888554e-01	4.328641e+00
5.123333e+01	-1.824764e-01	4.362682e+00
5.126667e+01	-1.760749e-01	4.396844e+00
5.130000e+01	-1.726698e-01	4.415015e+00
5.133333e+01	-1.729399e-01	4.413573e+00
5.136667e+01	-1.749963e-01	4.402599e+00
5.140000e+01	-1.765077e-01	4.394534e+00
5.143333e+01	-1.765569e-01	4.394271e+00
5.146667e+01	-1.757402e-01	4.398630e+00
5.150000e+01	-1.750696e-01	4.402208e+00
5.153333e+01	-1.750106e-01	4.402523e+00
5.156667e+01	-1.753500e-01	4.400712e+00
5.160000e+01	-1.756513e-01	4.399104e+00
5.163333e+01	-1.756928e-01	4.398883e+00
5.166667e+01	-1.755515e-01	4.399636e+00
5.170000e+01	-1.754161e-01	4.400359e+00
5.173333e+01	-1.753910e-01	4.400493e+00
5.176667e+01	-1.754493e-01	4.400182e+00
5.180000e+01	-1.755099e-01	4.399858e+00
5.183333e+01	-1.755240e-01	4.399783e+00
5.186667e+01	-1.755001e-01	4.399911e+00
5.190000e+01	-1.754731e-01	4.400055e+00
5.193333e+01	-1.754656e-01	4.400095e+00
5.196667e+01	-1.754753e-01	4.400043e+00
52	-1.754873e-01	4.399979e+00
5.203333e+01	-1.754911e-01	4.399959e+00
5.206667e+01	-1.754872e-01	4.399979e+00
5.210000e+01	-1.754820e-01	4.400008e+00
5.213333e+01	-1.754800e-01	4.400018e+00
5.216667e+01	-1.754816e-01	4.400010e+00
5.220000e+01	-1.754839e-01	4.399997e+00
5.223333e+01	-1.754848e-01	4.399992e+00
5.226667e+01	-1.754842e-01	4.399995e+00
5.230000e+01	-1.754832e-01	4.400001e+00
5.233333e+01	-1.754828e-01	4.400003e+00
5.236667e+01	-1.754830e-01	4.400002e+00
5.240000e+01	-1.754834e-01	4.400000e+00
5.243333e+01	-1.754837e-01	4.399999e+00
5.246667e+01	-1.754836e-01	4.399999e+00
5.250000e+01	-1.754834e-01	4.400000e+00
5.253333e+01	-1.754833e-01	4.400001e+00
5.256667e+01	-1.754833e-01	4.400000e+00
5.260000e+01	-1.754834e-01	4.400000e+00
5.263333e+01	-1.754834e-01	4.400000e+00
5.266667e+01	-1.756823e-01	4.398939e+00
5.270000e+01	-1.770036e-01	4.391887e+00
5.273333e+01	-1.808501e-01	4.371361e+00
5.276667e+01	-1.872292e-01	4.337319e+00
5.280000e+01	-1.936309e-01	4.303156e+00
5.283333e+01	-1.970362e-01	4.284985e+00
5.286667e+01	-1.967660e-01	4.286426e+00
5.290000e+01	-1.947095e-01	4.297401e+00
5.293333e+01	-1.931981e-01	4.305466e+00
5.296667e+01	-1.931488e-01	4.305729e+00
53	-1.939656e-01	4.301370e+00
5.303333e+01	-1.946362e-01	4.297792e+00
5.306667e+01	-1.946952e-01	4.297477e+00
5.310000e+01	-1.943558e-01	4.299288e+00
5.313333e+01	-1.940545e-01	4.300896e+00
5.316667e+01	-1.940130e-01	4.301117e+00
5.320000e+01	-1.941543e-01	4.300364e+00
5.323333e+01	-1.942897e-01	4.299641e+00
5.326667e+01	-1.943148e-01	4.299507e+00
5.330000e+01	-1.942564e-01	4.299818e+00
5.333333e+01	-1.941959e-01	4.300142e+00
5.336667e+01	-1.941818e-01	4.300217e+00
5.340000e+01	-1.942057e-01	4.300089e+00
5.343333e+01	-1.942327e-01	4.299945e+00
5.346667e+01	-1.942402e-01	4.299905e+00
5.350000e+01	-1.942305e-01	4.299957e+00
5.353333e+01	-1.942185e-01	4.300021e+00
5.356667e+01	-1.942147e-01	4.300041e+00
5.360000e+01	-1.942186e-01	4.300021e+00
5.363333e+01	-1.942238e-01	4.299992e+00
5.366667e+01	-1.942258e-01	4.299982e+00
5.370000e+01	-1.942242e-01	4.299990e+00
5.373333e+01	-1.942219e-01	4.300003e+00
5.376667e+01	-1.944198e-01	4.298947e+00
5.380000e+01	-1.957418e-01	4.291892e+00
5.383333e+01	-1.995893e-01	4.271360e+00
5.386667e+01	-2.059688e-01	4.237316e+00
5.390000e+01	-2.123703e-01	4.203154e+00
5.393333e+01	-2.155763e-01	4.186046e+00
5.396667e+01	-2.139845e-01	4.194540e+00
54	-2.080816e-01	4.226041e+00
5.403333e+01	-2.001913e-01	4.268147e+00
5.406667e+01	-1.937404e-01	4.302572e+00
5.410000e+01	-1.911520e-01	4.316385e+00
5.413333e+01	-1.920926e-01	4.311366e+00
5.416667e+01	-1.942080e-01	4.300077e+00
5.420000e+01	-1.953801e-01	4.293822e+00
5.423333e+01	-1.951281e-01	4.295167e+00
5.426667e+01	-1.942698e-01	4.299747e+00
5.430000e+01	-1.935416e-01	4.303633e+00
5.433333e+01	-1.922966e-01	4.310277e+00
5.436667e+01	-1.888147e-01	4.328858e+00
5.440000e+01	-1.826785e-01	4.361604e+00
5.443333e+01	-1.762577e-01	4.395868e+00
5.446667e+01	-1.726972e-01	4.414869e+00
5.450000e+01	-1.728558e-01	4.414022e+00
5.453333e+01	-1.749142e-01	4.403038e+00
5.456667e+01	-1.764915e-01	4.394621e+00
5.460000e+01	-1.763927e-01	4.395147e+00
5.463333e+01	-1.742567e-01	4.406546e+00
5.466667e+01	-1.697118e-01	4.430800e+00
5.470000e+01	-1.632507e-01	4.465280e+00
5.473333e+01	-1.571861e-01	4.497643e+00
5.476667e+01	-1.540938e-01	4.514145e+00
5.480000e+01	-1.542170e-01	4.513487e+00
5.483333e+01	-1.548124e-01	4.510310e+00
5.486667e+01	-1.523371e-01	4.523519e+00
5.490000e+01	-1.459775e-01	4.557457e+00
5.493333e+01	-1.388164e-01	4.595672e+00
5.496667e+01	-1.348031e-01	4.617089e+00
55	-1.350305e-01	4.615875e+00
5.503333e+01	-1.374030e-01	4.603215e+00
5.506667e+01	-1.391879e-01	4.593690e+00
5.510000e+01	-1.392702e-01	4.593250e+00
5.513333e+01	-1.383216e-01	4.598312e+00
5.516667e+01	-1.375279e-01	4.602548e+00
5.520000e+01	-1.374480e-01	4.602974e+00
5.523333e+01	-1.378420e-01	4.600872e+00
5.526667e+01	-1.381985e-01	4.598969e+00
5.530000e+01	-1.382519e-01	4.598684e+00
5.533333e+01	-1.380882e-01	4.599558e+00
5.536667e+01	-1.379283e-01	4.600411e+00
5.540000e+01	-1.380955e-01	4.599519e+00
5.543333e+01	-1.394844e-01	4.592107e+00
5.546667e+01	-1.434024e-01	4.571199e+00
5.550000e+01	-1.497989e-01	4.537064e+00
5.553333e+01	-1.561730e-01	4.503049e+00
5.556667e+01	-1.595464e-01	4.485047e+00
5.560000e+01	-1.592671e-01	4.486537e+00
5.563333e+01	-1.572218e-01	4.497452e+00
5.566667e+01	-1.557244e-01	4.505443e+00
5.570000e+01	-1.556799e-01	4.505681e+00
5.573333e+01	-1.564922e-01	4.501346e+00
5.576667e+01	-1.571566e-01	4.497800e+00
5.580000e+01	-1.572132e-01	4.497498e+00
5.583333e+01	-1.568756e-01	4.499300e+00
5.586667e+01	-1.565771e-01	4.500893e+00
5.590000e+01	-1.565367e-01	4.501108e+00
5.593333e+01	-1.566773e-01	4.500358e+00
5.596667e+01	-1.568114e-01	4.499642e+00
56	-1.568361e-01	4.499511e+00
5.603333e+01	-1.567779e-01	4.499821e+00
5.606667e+01	-1.567179e-01	4.500141e+00
5.610000e+01	-1.567041e-01	4.500215e+00
5.613333e+01	-1.567279e-01	4.500088e+00
5.616667e+01	-1.567547e-01	4.499945e+00
5.620000e+01	-1.567620e-01	4.499906e+00
5.623333e+01	-1.567523e-01	4.499957e+00
5.626667e+01	-1.567405e-01	4.500021e+00
5.630000e+01	-1.567367e-01	4.500041e+00
5.633333e+01	-1.567406e-01	4.500020e+00
5.636667e+01	-1.567458e-01	4.499992e+00
5.640000e+01	-1.567477e-01	4.499982e+00
5.643333e+01	-1.567462e-01	4.499990e+00
5.646667e+01	-1.567439e-01	4.500003e+00
5.650000e+01	-1.567429e-01	4.500008e+00
5.653333e+01	-1.567435e-01	4.500004e+00
5.656667e+01	-1.567445e-01	4.499999e+00
5.660000e+01	-1.567450e-01	4.499997e+00
5.663333e+01	-1.567448e-01	4.499998e+00
5.666667e+01	-1.567443e-01	4.500000e+00
5.670000e+01	-1.567441e-01	4.500001e+00
5.673333e+01	-1.567442e-01	4.500001e+00
5.676667e+01	-1.567444e-01	4.500000e+00
5.680000e+01	-1.567445e-01	4.499999e+00
5.683333e+01	-1.567445e-01	4.500000e+00
5.686667e+01	-1.567444e-01	4.500000e+00
5.690000e+01	-1.567443e-01	4.500000e+00
5.693333e+01	-1.567443e-01	4.500000e+00
5.696667e+01	-1.567444e-01	4.500000e+00
57	-1.567444e-01	4.500000e+00
5.703333e+01	-1.567444e-01	4.500000e+00
5.706667e+01	-1.567444e-01	4.500000e+00
5.710000e+01	-1.567444e-01	4.500000e+00
5.713333e+01	-1.567444e-01	4.500000e+00
5.716667e+01	-1.565455e-01	4.501061e+00
5.720000e+01	-1.552241e-01	4.508113e+00
5.723333e+01	-1.513776e-01	4.528639e+00
5.726667e+01	-1.449986e-01	4.562681e+00
5.730000e+01	-1.385968e-01	4.596844e+00
5.733333e+01	-1.351916e-01	4.615015e+00
5.736667e+01	-1.354618e-01	4.613574e+00
5.740000e+01	-1.375183e-01	4.602599e+00
5.743333e+01	-1.390297e-01	4.594534e+00
5.746667e+01	-1.390789e-01	4.594271e+00
5.750000e+01	-1.382621e-01	4.598630e+00
5.753333e+01	-1.375916e-01	4.602208e+00
5.756667e+01	-1.375326e-01	4.602523e+00
5.760000e+01	-1.378720e-01	4.600712e+00
5.763333e+01	-1.381732e-01	4.599104e+00
5.766667e+01	-1.382147e-01	4.598883e+00
5.770000e+01	-1.380735e-01	4.599636e+00
5.773333e+01	-1.379381e-01	4.600359e+00
5.776667e+01	-1.379130e-01	4.600493e+00
5.780000e+01	-1.379713e-01	4.600182e+00
5.783333e+01	-1.380319e-01	4.599858e+00
5.786667e+01	-1.380460e-01	4.599783e+00
5.790000e+01	-1.380221e-01	4.599911e+00
5.793333e+01	-1.379951e-01	4.600055e+00
5.796667e+01	-1.379876e-01	4.600095e+00
58	-1.379973e-01	4.600043e+00
5.803333e+01	-1.380093e-01	4.599979e+00
5.806667e+01	-1.380131e-01	4.599959e+00
5.810000e+01	-1.380092e-01	4.599979e+00
5.813333e+01	-1.382028e-01	4.598946e+00
5.816667e+01	-1.395222e-01	4.591905e+00
5.820000e+01	-1.433703e-01	4.571370e+00
5.823333e+01	-1.497517e-01	4.537316e+00
5.826667e+01	-1.561544e-01	4.503149e+00
5.830000e+01	-1.595590e-01	4.484980e+00
5.833333e+01	-1.592878e-01	4.486427e+00
5.836667e+01	-1.572309e-01	4.497404e+00
5.840000e+01	-1.557196e-01	4.505468e+00
5.843333e+01	-1.556708e-01	4.505729e+00
5.846667e+01	-1.564879e-01	4.501369e+00
5.850000e+01	-1.571584e-01	4.497791e+00
5.853333e+01	-1.572172e-01	4.497477e+00
5.856667e+01	-1.568777e-01	4.499289e+00
5.860000e+01	-1.565764e-01	4.500896e+00
5.863333e+01	-1.565350e-01	4.501117e+00
5.866667e+01	-1.566763e-01	4.500363e+00
5.870000e+01	-1.568117e-01	4.499641e+00
5.873333e+01	-1.568368e-01	4.499507e+00
5.876667e+01	-1.567784e-01	4.499818e+00
5.880000e+01	-1.567178e-01	4.500142e+00
5.883333e+01	-1.567038e-01	4.500217e+00
5.886667e+01	-1.567277e-01	4.500089e+00
5.890000e+01	-1.567547e-01	4.499945e+00
5.893333e+01	-1.567621e-01	4.499905e+00
5.896667e+01	-1.567524e-01	4.499957e+00
59	-1.567405e-01	4.500021e+00
5.903333e+01	-1.567366e-01	4.500041e+00
5.906667e+01	-1.567405e-01	4.500021e+00
5.910000e+01	-1.567458e-01	4.499992e+00
5.913333e+01	-1.567477e-01	4.499982e+00
5.916667e+01	-1.567462e-01	4.499990e+00
5.920000e+01	-1.567439e-01	4.500003e+00
5.923333e+01	-1.567429e-01	4.500008e+00
5.926667e+01	-1.567435e-01	4.500005e+00
5.930000e+01	-1.567445e-01	4.499999e+00
5.933333e+01	-1.567450e-01	4.499997e+00
5.936667e+01	-1.567448e-01	4.499998e+00
5.940000e+01	-1.567443e-01	4.500000e+00
5.943333e+01	-1.567441e-01	4.500001e+00
5.946667e+01	-1.567442e-01	4.500001e+00
5.950000e+01	-1.567444e-01	4.500000e+00
5.953333e+01	-1.567445e-01	4.499999e+00
5.956667e+01	-1.567445e-01	4.500000e+00
5.960000e+01	-1.567444e-01	4.500000e+00
5.963333e+01	-1.567443e-01	4.500000e+00
5.966667e+01	-1.567443e-01	4.500000e+00
5.970000e+01	-1.567444e-01	4.500000e+00
5.973333e+01	-1.567444e-01	4.500000e+00
5.976667e+01	-1.567444e-01	4.500000e+00
5.980000e+01	-1.567444e-01	4.500000e+00
5.983333e+01	-1.567444e-01	4.500000e+00
5.986667e+01	-1.567444e-01	4.500000e+00
5.990000e+01	-1.567444e-01	4.500000e+00
5.993333e+01	-1.567444e-01	4.500000e+00
5.996667e+01	-1.567444e-01	4.500000e+00
60	-1.567444e-01	4.500000e+00
6.003333e+01	-1.567444e-01	4.500000e+00
6.006667e+01	-1.569432e-01	4.498939e+00
6.010000e+01	-1.582646e-01	4.491887e+00
6.013333e+01	-1.621111e-01	4.471361e+00
6.016667e+01	-1.684902e-01	4.437319e+00
6.020000e+01	-1.748919e-01	4.403156e+00
6.023333e+01	-1.782971e-01	4.384985e+00
6.026667e+01	-1.780270e-01	4.386426e+00
6.030000e+01	-1.759705e-01	4.397401e+00
6.033333e+01	-1.744590e-01	4.405466e+00
6.036667e+01	-1.744098e-01	4.405729e+00
6.040000e+01	-1.752266e-01	4.401370e+00
6.043333e+01	-1.758972e-01	4.397792e+00
6.046667e+01	-1.759562e-01	4.397477e+00
6.050000e+01	-1.756168e-01	4.399288e+00
6.053333e+01	-1.753155e-01	4.400896e+00
6.056667e+01	-1.752740e-01	4.401117e+00
6.060000e+01	-1.754153e-01	4.400364e+00
6.063333e+01	-1.755506e-01	4.399641e+00
6.066667e+01	-1.755758e-01	4.399507e+00
6.070000e+01	-1.755174e-01	4.399818e+00
6.073333e+01	-1.754569e-01	4.400142e+00
6.076667e+01	-1.754428e-01	4.400217e+00
6.080000e+01	-1.754667e-01	4.400089e+00
6.083333e+01	-1.754937e-01	4.399945e+00
6.086667e+01	-1.755012e-01	4.399905e+00
6.090000e+01	-1.754915e-01	4.399957e+00
6.093333e+01	-1.754795e-01	4.400021e+00
6.096667e+01	-1.754757e-01	4.400041e+00
61	-1.754795e-01	4.400021e+00
6.103333e+01	-1.754848e-01	4.399992e+00
6.106667e+01	-1.754867e-01	4.399982e+00
6.110000e+01	-1.754852e-01	4.399990e+00
6.113333e+01	-1.754829e-01	4.400003e+00
6.116667e+01	-1.754819e-01	4.400008e+00
6.120000e+01	-1.754825e-01	4.400005e+00
6.123333e+01	-1.754836e-01	4.399999e+00
6.126667e+01	-1.754840e-01	4.399997e+00
6.130000e+01	-1.754838e-01	4.399998e+00
6.133333e+01	-1.754833e-01	4.400000e+00
6.136667e+01	-1.754831e-01	4.400001e+00
6.140000e+01	-1.752844e-01	4.401062e+00
6.143333e+01	-1.739632e-01	4.408113e+00
6.146667e+01	-1.701168e-01	4.428639e+00
6.150000e+01	-1.637377e-01	4.462681e+00
6.153333e+01	-1.573358e-01	4.496844e+00
6.156667e+01	-1.537317e-01	4.516077e+00
6.160000e+01	-1.526805e-01	4.521687e+00
6.163333e+01	-1.508905e-01	4.531239e+00
6.166667e+01	-1.460229e-01	4.557215e+00
6.170000e+01	-1.396704e-01	4.591114e+00
6.173333e+01	-1.354484e-01	4.613645e+00
6.176667e+01	-1.350479e-01	4.615782e+00
6.180000e+01	-1.370455e-01	4.605123e+00
6.183333e+01	-1.388963e-01	4.595245e+00
6.186667e+01	-1.392468e-01	4.593375e+00
6.190000e+01	-1.384715e-01	4.597512e+00
6.193333e+01	-1.376597e-01	4.601845e+00
6.196667e+01	-1.374653e-01	4.602882e+00
62	-1.377796e-01	4.601205e+00
6.203333e+01	-1.381392e-01	4.599286e+00
6.206667e+01	-1.382413e-01	4.598741e+00
6.210000e+01	-1.381141e-01	4.599420e+00
6.213333e+01	-1.379548e-01	4.600270e+00
6.216667e+01	-1.379027e-01	4.600548e+00
6.220000e+01	-1.379536e-01	4.600276e+00
6.223333e+01	-1.380238e-01	4.599901e+00
6.226667e+01	-1.380499e-01	4.599763e+00
6.230000e+01	-1.380298e-01	4.599870e+00
6.233333e+01	-1.379989e-01	4.600034e+00
6.236667e+01	-1.379862e-01	4.600102e+00
6.240000e+01	-1.379939e-01	4.600061e+00
6.243333e+01	-1.380074e-01	4.599989e+00
6.246667e+01	-1.380136e-01	4.599956e+00
6.250000e+01	-1.380107e-01	4.599972e+00
6.253333e+01	-1.380048e-01	4.600003e+00
6.256667e+01	-1.380018e-01	4.600019e+00
6.260000e+01	-1.380029e-01	4.600013e+00
6.263333e+01	-1.380055e-01	4.599999e+00
6.266667e+01	-1.380069e-01	4.599992e+00
6.270000e+01	-1.380065e-01	4.599994e+00
6.273333e+01	-1.380054e-01	4.600000e+00
6.276667e+01	-1.380047e-01	4.600003e+00
6.280000e+01	-1.380049e-01	4.600003e+00
6.283333e+01	-1.380053e-01	4.600000e+00
6.286667e+01	-1.380056e-01	4.599999e+00
6.290000e+01	-1.380056e-01	4.599999e+00
6.293333e+01	-1.380054e-01	4.600000e+00
6.296667e+01	-1.380053e-01	4.600001e+00
63	-1.380053e-01	4.600001e+00
6.303333e+01	-1.380053e-01	4.600000e+00
6.306667e+01	-1.380054e-01	4.600000e+00
6.310000e+01	-1.380054e-01	4.600000e+00
6.313333e+01	-1.380054e-01	4.600000e+00
6.316667e+01	-1.380053e-01	4.600000e+00
6.320000e+01	-1.380053e-01	4.600000e+00
6.323333e+01	-1.380054e-01	4.600000e+00
6.326667e+01	-1.380054e-01	4.600000e+00
6.330000e+01	-1.380054e-01	4.600000e+00
6.333333e+01	-1.380054e-01	4.600000e+00
6.336667e+01	-1.380054e-01	4.600000e+00
6.340000e+01	-1.380054e-01	4.600000e+00
6.343333e+01	-1.382042e-01	4.598939e+00
6.346667e+01	-1.395256e-01	4.591887e+00
6.350000e+01	-1.433721e-01	4.571361e+00
6.353333e+01	-1.497512e-01	4.537319e+00
6.356667e+01	-1.561529e-01	4.503156e+00
6.360000e+01	-1.595581e-01	4.484985e+00
6.363333e+01	-1.592880e-01	4.486426e+00
6.366667e+01	-1.572315e-01	4.497401e+00
6.370000e+01	-1.557200e-01	4.505466e+00
6.373333e+01	-1.556708e-01	4.505729e+00
6.376667e+01	-1.564876e-01	4.501370e+00
6.380000e+01	-1.571582e-01	4.497792e+00
6.383333e+01	-1.572172e-01	4.497477e+00
6.386667e+01	-1.568778e-01	4.499288e+00
6.390000e+01	-1.565765e-01	4.500896e+00
6.393333e+01	-1.565350e-01	4.501117e+00
6.396667e+01	-1.566763e-01	4.500364e+00
64	-1.568116e-01	4.499641e+00
6.403333e+01	-1.566379e-01	4.500568e+00
6.406667e+01	-1.552582e-01	4.507931e+00
6.410000e+01	-1.513511e-01	4.528781e+00
6.413333e+01	-1.449580e-01	4.562898e+00
6.416667e+01	-1.385801e-01	4.596933e+00
6.420000e+01	-1.352019e-01	4.614961e+00
6.423333e+01	-1.354795e-01	4.613479e+00
6.426667e+01	-1.375263e-01	4.602556e+00
6.430000e+01	-1.392247e-01	4.593493e+00
6.433333e+01	-1.405914e-01	4.586200e+00
6.436667e+01	-1.436250e-01	4.570011e+00
6.440000e+01	-1.493388e-01	4.539520e+00
6.443333e+01	-1.556835e-01	4.505662e+00
6.446667e+01	-1.594266e-01	4.485687e+00
6.450000e+01	-1.594554e-01	4.485533e+00
6.453333e+01	-1.574394e-01	4.496291e+00
6.456667e+01	-1.557873e-01	4.505107e+00
6.460000e+01	-1.556037e-01	4.506087e+00
6.463333e+01	-1.563958e-01	4.501860e+00
6.466667e+01	-1.571245e-01	4.497971e+00
6.470000e+01	-1.572437e-01	4.497336e+00
6.473333e+01	-1.569181e-01	4.499073e+00
6.476667e+01	-1.565930e-01	4.500808e+00
6.480000e+01	-1.565247e-01	4.501172e+00
6.483333e+01	-1.566586e-01	4.500458e+00
6.486667e+01	-1.568036e-01	4.499684e+00
6.490000e+01	-1.568407e-01	4.499486e+00
6.493333e+01	-1.567861e-01	4.499777e+00
6.496667e+01	-1.567217e-01	4.500121e+00
65	-1.567023e-01	4.500224e+00
6.503333e+01	-1.567243e-01	4.500107e+00
6.506667e+01	-1.567529e-01	4.499955e+00
6.510000e+01	-1.567626e-01	4.499903e+00
6.513333e+01	-1.567539e-01	4.499949e+00
6.516667e+01	-1.567413e-01	4.500016e+00
6.520000e+01	-1.569353e-01	4.498981e+00
6.523333e+01	-1.582601e-01	4.491911e+00
6.526667e+01	-1.621122e-01	4.471355e+00
6.530000e+01	-1.684936e-01	4.437301e+00
6.533333e+01	-1.748940e-01	4.403145e+00
6.536667e+01	-1.782968e-01	4.384986e+00
6.540000e+01	-1.780255e-01	4.386434e+00
6.543333e+01	-1.759695e-01	4.397406e+00
6.546667e+01	-1.744591e-01	4.405466e+00
6.550000e+01	-1.744104e-01	4.405726e+00
6.553333e+01	-1.752270e-01	4.401368e+00
6.556667e+01	-1.758972e-01	4.397792e+00
6.560000e+01	-1.759559e-01	4.397478e+00
6.563333e+01	-1.756166e-01	4.399289e+00
6.566667e+01	-1.753155e-01	4.400896e+00
6.570000e+01	-1.752741e-01	4.401117e+00
6.573333e+01	-1.754154e-01	4.400363e+00
6.576667e+01	-1.755506e-01	4.399641e+00
6.580000e+01	-1.755758e-01	4.399507e+00
6.583333e+01	-1.755174e-01	4.399819e+00
6.586667e+01	-1.754568e-01	4.400142e+00
6.590000e+01	-1.754428e-01	4.400217e+00
6.593333e+01	-1.754667e-01	4.400089e+00
6.596667e+01	-1.754937e-01	4.399945e+00
66	-1.757000e-01	4.398844e+00
6.603333e+01	-1.770117e-01	4.391844e+00
6.606667e+01	-1.808462e-01	4.371381e+00
6.610000e+01	-1.872215e-01	4.337360e+00
6.613333e+01	-1.934282e-01	4.304238e+00
6.616667e+01	-1.955174e-01	4.293090e+00
6.620000e+01	-1.914026e-01	4.315048e+00
6.623333e+01	-1.829655e-01	4.360072e+00
6.626667e+01	-1.750500e-01	4.402313e+00
6.630000e+01	-1.715946e-01	4.420752e+00
6.633333e+01	-1.726821e-01	4.414949e+00
6.636667e+01	-1.756091e-01	4.399329e+00
6.640000e+01	-1.785014e-01	4.383895e+00
6.643333e+01	-1.820575e-01	4.364918e+00
6.646667e+01	-1.873181e-01	4.336845e+00
6.650000e+01	-1.930075e-01	4.306483e+00
6.653333e+01	-1.964950e-01	4.287872e+00
6.656667e+01	-1.966999e-01	4.286779e+00
6.660000e+01	-1.949699e-01	4.296011e+00
6.663333e+01	-1.934416e-01	4.304167e+00
6.666667e+01	-1.931904e-01	4.305507e+00
6.670000e+01	-1.938577e-01	4.301946e+00
6.673333e+01	-1.945271e-01	4.298374e+00
6.676667e+01	-1.946714e-01	4.297604e+00
6.680000e+01	-1.944001e-01	4.299052e+00
6.683333e+01	-1.941032e-01	4.300636e+00
6.686667e+01	-1.940258e-01	4.301049e+00
6.690000e+01	-1.941362e-01	4.300460e+00
6.693333e+01	-1.942680e-01	4.299757e+00
6.696667e+01	-1.943082e-01	4.299542e+00
67	-1.942637e-01	4.299780e+00
6.703333e+01	-1.942054e-01	4.300091e+00
6.706667e+01	-1.941852e-01	4.300199e+00
6.710000e+01	-1.942028e-01	4.300104e+00
6.713333e+01	-1.942285e-01	4.299968e+00
6.716667e+01	-1.942385e-01	4.299914e+00
6.720000e+01	-1.942316e-01	4.299951e+00
6.723333e+01	-1.942204e-01	4.300011e+00
6.726667e+01	-1.942155e-01	4.300037e+00
6.730000e+01	-1.942181e-01	4.300023e+00
6.733333e+01	-1.942230e-01	4.299997e+00
6.736667e+01	-1.942254e-01	4.299984e+00
6.740000e+01	-1.942244e-01	4.299989e+00
6.743333e+01	-1.942223e-01	4.300001e+00
6.746667e+01	-1.942211e-01	4.300007e+00
6.750000e+01	-1.942215e-01	4.300005e+00
6.753333e+01	-1.942224e-01	4.300000e+00
6.756667e+01	-1.942229e-01	4.299997e+00
6.760000e+01	-1.942228e-01	4.299998e+00
6.763333e+01	-1.942224e-01	4.300000e+00
6.766667e+01	-1.942222e-01	4.300001e+00
6.770000e+01	-1.944211e-01	4.298940e+00
6.773333e+01	-1.957426e-01	4.291887e+00
6.776667e+01	-1.995892e-01	4.271360e+00
6.780000e+01	-2.059683e-01	4.237319e+00
6.783333e+01	-2.123700e-01	4.203156e+00
6.786667e+01	-2.157751e-01	4.184985e+00
6.790000e+01	-2.155050e-01	4.186426e+00
6.793333e+01	-2.134485e-01	4.197401e+00
6.796667e+01	-2.119371e-01	4.205466e+00
68	-2.118879e-01	4.205729e+00
6.803333e+01	-2.127046e-01	4.201370e+00
6.806667e+01	-2.133752e-01	4.197792e+00
6.810000e+01	-2.134342e-01	4.197477e+00
6.813333e+01	-2.130948e-01	4.199288e+00
6.816667e+01	-2.127935e-01	4.200896e+00
6.820000e+01	-2.127520e-01	4.201117e+00
6.823333e+01	-2.128933e-01	4.200364e+00
6.826667e+01	-2.130287e-01	4.199641e+00
6.830000e+01	-2.130538e-01	4.199507e+00
6.833333e+01	-2.129955e-01	4.199818e+00
6.836667e+01	-2.129349e-01	4.200142e+00
6.840000e+01	-2.129208e-01	4.200217e+00
6.843333e+01	-2.127459e-01	4.201150e+00
6.846667e+01	-2.114515e-01	4.208058e+00
6.850000e+01	-2.076124e-01	4.228545e+00
6.853333e+01	-2.012237e-01	4.262638e+00
6.856667e+01	-1.948100e-01	4.296864e+00
6.860000e+01	-1.914009e-01	4.315057e+00
6.863333e+01	-1.916749e-01	4.313594e+00
6.866667e+01	-1.937367e-01	4.302592e+00
6.870000e+01	-1.952501e-01	4.294516e+00
6.873333e+01	-1.952978e-01	4.294261e+00
6.876667e+01	-1.944787e-01	4.298632e+00
6.880000e+01	-1.938071e-01	4.302216e+00
6.883333e+01	-1.937488e-01	4.302528e+00
6.886667e+01	-1.940892e-01	4.300711e+00
6.890000e+01	-1.943909e-01	4.299101e+00
6.893333e+01	-1.944322e-01	4.298881e+00
6.896667e+01	-1.940916e-01	4.300698e+00
69	-1.926347e-01	4.308473e+00
6.903333e+01	-1.887631e-01	4.329134e+00
6.906667e+01	-1.824426e-01	4.362863e+00
6.910000e+01	-1.761015e-01	4.396701e+00
6.913333e+01	-1.725115e-01	4.415860e+00
6.916667e+01	-1.714363e-01	4.421597e+00
6.920000e+01	-1.696192e-01	4.431294e+00
6.923333e+01	-1.647441e-01	4.457310e+00
6.926667e+01	-1.584013e-01	4.491158e+00
6.930000e+01	-1.541913e-01	4.513624e+00
6.933333e+01	-1.537947e-01	4.515741e+00
6.936667e+01	-1.557883e-01	4.505102e+00
6.940000e+01	-1.576339e-01	4.495253e+00
6.943333e+01	-1.581813e-01	4.492332e+00
6.946667e+01	-1.587290e-01	4.489409e+00
6.950000e+01	-1.617659e-01	4.473203e+00
6.953333e+01	-1.679516e-01	4.440193e+00
6.956667e+01	-1.746670e-01	4.404357e+00
6.960000e+01	-1.784308e-01	4.384271e+00
6.963333e+01	-1.780634e-01	4.386232e+00
6.966667e+01	-1.745586e-01	4.404935e+00
6.970000e+01	-1.690418e-01	4.434375e+00
6.973333e+01	-1.625616e-01	4.468957e+00
6.976667e+01	-1.570274e-01	4.498489e+00
6.980000e+01	-1.543629e-01	4.512709e+00
6.983333e+01	-1.547180e-01	4.510814e+00
6.986667e+01	-1.564150e-01	4.501758e+00
6.990000e+01	-1.577933e-01	4.494403e+00
6.993333e+01	-1.591097e-01	4.487378e+00
6.996667e+01	-1.622884e-01	4.470415e+00
70	-1.681457e-01	4.439157e+00
7.003333e+01	-1.743209e-01	4.406204e+00
7.006667e+01	-1.766828e-01	4.393599e+00
7.010000e+01	-1.728010e-01	4.414314e+00
7.013333e+01	-1.643900e-01	4.459200e+00
7.016667e+01	-1.563605e-01	4.502049e+00
7.020000e+01	-1.529991e-01	4.519987e+00
7.023333e+01	-1.553911e-01	4.507222e+00
7.026667e+01	-1.620130e-01	4.471884e+00
7.030000e+01	-1.700100e-01	4.429209e+00
7.033333e+01	-1.761311e-01	4.396543e+00
7.036667e+01	-1.783984e-01	4.384444e+00
7.040000e+01	-1.773949e-01	4.389799e+00
7.043333e+01	-1.754154e-01	4.400363e+00
7.046667e+01	-1.743869e-01	4.405851e+00
7.050000e+01	-1.746735e-01	4.404322e+00
7.053333e+01	-1.754762e-01	4.400038e+00
7.056667e+01	-1.759417e-01	4.397554e+00
7.060000e+01	-1.758471e-01	4.398059e+00
7.063333e+01	-1.755050e-01	4.399885e+00
7.066667e+01	-1.752904e-01	4.401030e+00
7.070000e+01	-1.753188e-01	4.400878e+00
7.073333e+01	-1.754651e-01	4.400098e+00
7.076667e+01	-1.755641e-01	4.399569e+00
7.080000e+01	-1.755576e-01	4.399604e+00
7.083333e+01	-1.754953e-01	4.399936e+00
7.086667e+01	-1.754499e-01	4.400179e+00
7.090000e+01	-1.754501e-01	4.400178e+00
7.093333e+01	-1.754765e-01	4.400037e+00
7.096667e+01	-1.754972e-01	4.399926e+00
71	-1.754983e-01	4.399921e+00
7.103333e+01	-1.754872e-01	4.399980e+00
7.106667e+01	-1.754778e-01	4.400030e+00
7.110000e+01	-1.754768e-01	4.400035e+00
7.113333e+01	-1.754814e-01	4.400011e+00
7.116667e+01	-1.754857e-01	4.399988e+00
7.120000e+01	-1.754863e-01	4.399984e+00
7.123333e+01	-1.754844e-01	4.399995e+00
7.126667e+01	-1.754825e-01	4.400005e+00
7.130000e+01	-1.754821e-01	4.400007e+00
7.133333e+01	-1.754829e-01	4.400003e+00
7.136667e+01	-1.754837e-01	4.399998e+00
7.140000e+01	-1.754840e-01	4.399997e+00
7.143333e+01	-1.754836e-01	4.399999e+00
7.146667e+01	-1.754833e-01	4.400001e+00
7.150000e+01	-1.754831e-01	4.400001e+00
7.153333e+01	-1.754833e-01	4.400001e+00
7.156667e+01	-1.754834e-01	4.400000e+00
7.160000e+01	-1.754835e-01	4.399999e+00
7.163333e+01	-1.754834e-01	4.400000e+00
7.166667e+01	-1.754834e-01	4.400000e+00
7.170000e+01	-1.754833e-01	4.400000e+00
7.173333e+01	-1.754834e-01	4.400000e+00
7.176667e+01	-1.754834e-01	4.400000e+00
7.180000e+01	-1.754834e-01	4.400000e+00
7.183333e+01	-1.754834e-01	4.400000e+00
7.186667e+01	-1.754834e-01	4.400000e+00
7.190000e+01	-1.752845e-01	4.401061e+00
7.193333e+01	-1.739632e-01	4.408113e+00
7.196667e+01	-1.701166e-01	4.428639e+00
72	-1.637376e-01	4.462681e+00
7.203333e+01	-1.573358e-01	4.496844e+00
7.206667e+01	-1.539306e-01	4.515015e+00
7.210000e+01	-1.542008e-01	4.513574e+00
7.213333e+01	-1.562573e-01	4.502599e+00
7.216667e+01	-1.577687e-01	4.494534e+00
7.220000e+01	-1.578180e-01	4.494271e+00
7.223333e+01	-1.570012e-01	4.498630e+00
7.226667e+01	-1.563306e-01	4.502208e+00
7.230000e+01	-1.562716e-01	4.502523e+00
7.233333e+01	-1.566110e-01	4.500712e+00
7.236667e+01	-1.569123e-01	4.499104e+00
7.240000e+01	-1.569538e-01	4.498883e+00
7.243333e+01	-1.568125e-01	4.499636e+00
7.246667e+01	-1.564783e-01	4.501420e+00
7.250000e+01	-1.553306e-01	4.507545e+00
7.253333e+01	-1.526650e-01	4.521770e+00
7.256667e+01	-1.490705e-01	4.540951e+00
7.260000e+01	-1.463379e-01	4.555534e+00
7.263333e+01	-1.454566e-01	4.560237e+00
7.266667e+01	-1.452357e-01	4.561415e+00
7.270000e+01	-1.436321e-01	4.569973e+00
7.273333e+01	-1.403704e-01	4.587379e+00
7.276667e+01	-1.373012e-01	4.603758e+00
7.280000e+01	-1.361642e-01	4.609826e+00
7.283333e+01	-1.369007e-01	4.605895e+00
7.286667e+01	-1.381525e-01	4.599215e+00
7.290000e+01	-1.387444e-01	4.596056e+00
7.293333e+01	-1.385026e-01	4.597346e+00
7.296667e+01	-1.379730e-01	4.600173e+00
73	-1.376940e-01	4.601661e+00
7.303333e+01	-1.377790e-01	4.601208e+00
7.306667e+01	-1.380067e-01	4.599993e+00
7.310000e+01	-1.381371e-01	4.599297e+00
7.313333e+01	-1.381085e-01	4.599450e+00
7.316667e+01	-1.380106e-01	4.599972e+00
7.320000e+01	-1.379499e-01	4.600296e+00
7.323333e+01	-1.379586e-01	4.600250e+00
7.326667e+01	-1.380005e-01	4.600026e+00
7.330000e+01	-1.380286e-01	4.599876e+00
7.333333e+01	-1.380265e-01	4.599887e+00
7.336667e+01	-1.380086e-01	4.599983e+00
7.340000e+01	-1.379957e-01	4.600051e+00
7.343333e+01	-1.381947e-01	4.598989e+00
7.346667e+01	-1.395237e-01	4.591898e+00
7.350000e+01	-1.433761e-01	4.571339e+00
7.353333e+01	-1.497554e-01	4.537296e+00
7.356667e+01	-1.561540e-01	4.503151e+00
7.360000e+01	-1.595565e-01	4.484993e+00
7.363333e+01	-1.592861e-01	4.486436e+00
7.366667e+01	-1.572309e-01	4.497404e+00
7.370000e+01	-1.557207e-01	4.505463e+00
7.373333e+01	-1.556716e-01	4.505725e+00
7.376667e+01	-1.564879e-01	4.501369e+00
7.380000e+01	-1.571579e-01	4.497793e+00
7.383333e+01	-1.572168e-01	4.497479e+00
7.386667e+01	-1.568776e-01	4.499289e+00
7.390000e+01	-1.565766e-01	4.500895e+00
7.393333e+01	-1.565352e-01	4.501117e+00
7.396667e+01	-1.566763e-01	4.500363e+00
74	-1.568116e-01	4.499641e+00
7.403333e+01	-1.568367e-01	4.499507e+00
7.406667e+01	-1.567784e-01	4.499819e+00
7.410000e+01	-1.569167e-01	4.499080e+00
7.413333e+01	-1.582240e-01	4.492104e+00
7.416667e+01	-1.620944e-01	4.471450e+00
7.420000e+01	-1.685005e-01	4.437264e+00
7.423333e+01	-1.749097e-01	4.403062e+00
7.426667e+01	-1.783052e-01	4.384942e+00
7.430000e+01	-1.780231e-01	4.386447e+00
7.433333e+01	-1.759628e-01	4.397442e+00
7.436667e+01	-1.744552e-01	4.405487e+00
7.440000e+01	-1.744112e-01	4.405721e+00
7.443333e+01	-1.752300e-01	4.401352e+00
7.446667e+01	-1.758990e-01	4.397782e+00
7.450000e+01	-1.759557e-01	4.397480e+00
7.453333e+01	-1.758142e-01	4.398235e+00
7.456667e+01	-1.768349e-01	4.392788e+00
7.460000e+01	-1.806409e-01	4.372477e+00
7.463333e+01	-1.871617e-01	4.337679e+00
7.466667e+01	-1.936986e-01	4.302795e+00
7.470000e+01	-1.971285e-01	4.284492e+00
7.473333e+01	-1.967998e-01	4.286246e+00
7.476667e+01	-1.946828e-01	4.297543e+00
7.480000e+01	-1.931575e-01	4.305683e+00
7.483333e+01	-1.931322e-01	4.305818e+00
7.486667e+01	-1.939760e-01	4.301315e+00
7.490000e+01	-1.946540e-01	4.297697e+00
7.493333e+01	-1.947032e-01	4.297434e+00
7.496667e+01	-1.943519e-01	4.299309e+00
75	-1.940468e-01	4.300937e+00
7.503333e+01	-1.940092e-01	4.301138e+00
7.506667e+01	-1.941557e-01	4.300356e+00
7.510000e+01	-1.942930e-01	4.299623e+00
7.513333e+01	-1.943166e-01	4.299497e+00
7.516667e+01	-1.942559e-01	4.299821e+00
7.520000e+01	-1.939956e-01	4.301211e+00
7.523333e+01	-1.928596e-01	4.307273e+00
7.526667e+01	-1.901605e-01	4.321676e+00
7.530000e+01	-1.863340e-01	4.342096e+00
7.533333e+01	-1.824721e-01	4.362705e+00
7.536667e+01	-1.790794e-01	4.380810e+00
7.540000e+01	-1.763408e-01	4.395424e+00
7.543333e+01	-1.747182e-01	4.404083e+00
7.546667e+01	-1.744474e-01	4.405529e+00
7.550000e+01	-1.750471e-01	4.402328e+00
7.553333e+01	-1.756944e-01	4.398874e+00
7.556667e+01	-1.758882e-01	4.397840e+00
7.560000e+01	-1.756806e-01	4.398947e+00
7.563333e+01	-1.754075e-01	4.400405e+00
7.566667e+01	-1.753110e-01	4.400920e+00
7.570000e+01	-1.753917e-01	4.400489e+00
7.573333e+01	-1.755106e-01	4.399855e+00
7.576667e+01	-1.753589e-01	4.400664e+00
7.580000e+01	-1.740061e-01	4.407884e+00
7.583333e+01	-1.701075e-01	4.428688e+00
7.586667e+01	-1.637056e-01	4.462852e+00
7.590000e+01	-1.573159e-01	4.496950e+00
7.593333e+01	-1.539334e-01	4.515001e+00
7.596667e+01	-1.542145e-01	4.513501e+00
76	-1.562665e-01	4.502550e+00
7.603333e+01	-1.577681e-01	4.494537e+00
7.606667e+01	-1.578121e-01	4.494302e+00
7.610000e+01	-1.569969e-01	4.498652e+00
7.613333e+01	-1.563306e-01	4.502208e+00
7.616667e+01	-1.562740e-01	4.502510e+00
7.620000e+01	-1.566129e-01	4.500702e+00
7.623333e+01	-1.569124e-01	4.499104e+00
7.626667e+01	-1.569527e-01	4.498888e+00
7.630000e+01	-1.568116e-01	4.499641e+00
7.633333e+01	-1.566770e-01	4.500359e+00
7.636667e+01	-1.566524e-01	4.500491e+00
7.640000e+01	-1.565119e-01	4.501241e+00
7.643333e+01	-1.552507e-01	4.507971e+00
7.646667e+01	-1.514181e-01	4.528424e+00
7.650000e+01	-1.450151e-01	4.562593e+00
7.653333e+01	-1.385865e-01	4.596899e+00
7.656667e+01	-1.351739e-01	4.615110e+00
7.660000e+01	-1.354538e-01	4.613616e+00
7.663333e+01	-1.375222e-01	4.602579e+00
7.666667e+01	-1.390374e-01	4.594492e+00
7.670000e+01	-1.390828e-01	4.594251e+00
7.673333e+01	-1.382607e-01	4.598637e+00
7.676667e+01	-1.375882e-01	4.602226e+00
7.680000e+01	-1.375308e-01	4.602533e+00
7.683333e+01	-1.378725e-01	4.600709e+00
7.686667e+01	-1.381747e-01	4.599096e+00
7.690000e+01	-1.382156e-01	4.598878e+00
7.693333e+01	-1.380733e-01	4.599637e+00
7.696667e+01	-1.379375e-01	4.600362e+00
77	-1.379126e-01	4.600495e+00
7.703333e+01	-1.379714e-01	4.600181e+00
7.706667e+01	-1.380322e-01	4.599857e+00
7.710000e+01	-1.380461e-01	4.599782e+00
7.713333e+01	-1.382209e-01	4.598850e+00
7.716667e+01	-1.395152e-01	4.591943e+00
7.720000e+01	-1.433543e-01	4.571456e+00
7.723333e+01	-1.497431e-01	4.537362e+00
7.726667e+01	-1.561569e-01	4.503135e+00
7.730000e+01	-1.595659e-01	4.484943e+00
7.733333e+01	-1.592918e-01	4.486406e+00
7.736667e+01	-1.572300e-01	4.497408e+00
7.740000e+01	-1.557167e-01	4.505484e+00
7.743333e+01	-1.556690e-01	4.505739e+00
7.746667e+01	-1.564881e-01	4.501368e+00
7.750000e+01	-1.571596e-01	4.497784e+00
7.753333e+01	-1.572180e-01	4.497472e+00
7.756667e+01	-1.566787e-01	4.500350e+00
7.760000e+01	-1.550556e-01	4.509012e+00
7.763333e+01	-1.511678e-01	4.529759e+00
7.766667e+01	-1.449305e-01	4.563044e+00
7.770000e+01	-1.386643e-01	4.596483e+00
7.773333e+01	-1.352842e-01	4.614521e+00
7.776667e+01	-1.354958e-01	4.613392e+00
7.780000e+01	-1.374916e-01	4.602742e+00
7.783333e+01	-1.389890e-01	4.594751e+00
7.786667e+01	-1.392611e-01	4.593299e+00
7.790000e+01	-1.397927e-01	4.590462e+00
7.793333e+01	-1.429761e-01	4.573474e+00
7.796667e+01	-1.492864e-01	4.539799e+00
78	-1.560156e-01	4.503889e+00
7.803333e+01	-1.597182e-01	4.484130e+00
7.806667e+01	-1.594935e-01	4.485329e+00
7.810000e+01	-1.573010e-01	4.497029e+00
7.813333e+01	-1.556561e-01	4.505807e+00
7.816667e+01	-1.555802e-01	4.506213e+00
7.820000e+01	-1.564530e-01	4.501555e+00
7.823333e+01	-1.569844e-01	4.498719e+00
7.826667e+01	-1.557367e-01	4.505377e+00
7.830000e+01	-1.515279e-01	4.527838e+00
7.833333e+01	-1.448210e-01	4.563628e+00
7.836667e+01	-1.383701e-01	4.598054e+00
7.840000e+01	-1.351154e-01	4.615422e+00
7.843333e+01	-1.355326e-01	4.613196e+00
7.846667e+01	-1.376182e-01	4.602066e+00
7.850000e+01	-1.390676e-01	4.594331e+00
7.853333e+01	-1.390511e-01	4.594420e+00
7.856667e+01	-1.384171e-01	4.597803e+00
7.860000e+01	-1.390933e-01	4.594194e+00
7.863333e+01	-1.429101e-01	4.573826e+00
7.866667e+01	-1.496369e-01	4.537929e+00
7.870000e+01	-1.563297e-01	4.502213e+00
7.873333e+01	-1.597635e-01	4.483889e+00
7.876667e+01	-1.593478e-01	4.486107e+00
7.880000e+01	-1.571600e-01	4.497782e+00
7.883333e+01	-1.556291e-01	4.505952e+00
7.886667e+01	-1.556404e-01	4.505891e+00
7.890000e+01	-1.565161e-01	4.501218e+00
7.893333e+01	-1.571983e-01	4.497578e+00
7.896667e+01	-1.572323e-01	4.497396e+00
79	-1.568665e-01	4.499348e+00
7.903333e+01	-1.565589e-01	4.500990e+00
7.906667e+01	-1.565276e-01	4.501157e+00
7.910000e+01	-1.566806e-01	4.500340e+00
7.913333e+01	-1.568193e-01	4.499600e+00
7.916667e+01	-1.568404e-01	4.499488e+00
7.920000e+01	-1.569756e-01	4.498766e+00
7.923333e+01	-1.582347e-01	4.492047e+00
7.926667e+01	-1.620688e-01	4.471586e+00
7.930000e+01	-1.684741e-01	4.437405e+00
7.933333e+01	-1.749037e-01	4.403094e+00
7.936667e+01	-1.783157e-01	4.384885e+00
7.940000e+01	-1.780349e-01	4.386384e+00
7.943333e+01	-1.759660e-01	4.397425e+00
7.946667e+01	-1.744509e-01	4.405510e+00
7.950000e+01	-1.744060e-01	4.405749e+00
7.953333e+01	-1.752283e-01	4.401361e+00
7.956667e+01	-1.759007e-01	4.397773e+00
7.960000e+01	-1.759580e-01	4.397467e+00
7.963333e+01	-1.756162e-01	4.399291e+00
7.966667e+01	-1.753140e-01	4.400904e+00
7.970000e+01	-1.752732e-01	4.401122e+00
7.973333e+01	-1.754155e-01	4.400362e+00
7.976667e+01	-1.755513e-01	4.399638e+00
7.980000e+01	-1.755762e-01	4.399505e+00
7.983333e+01	-1.755174e-01	4.399819e+00
7.986667e+01	-1.754566e-01	4.400143e+00
7.990000e+01	-1.754426e-01	4.400218e+00
7.993333e+01	-1.754667e-01	4.400089e+00
7.996667e+01	-1.754938e-01	4.399944e+00
80	-1.755012e-01	4.399905e+00
8.003333e+01	-1.754915e-01	4.399957e+00
8.006667e+01	-1.754794e-01	4.400021e+00
8.010000e+01	-1.754756e-01	4.400041e+00
8.013333e+01	-1.754795e-01	4.400021e+00
8.016667e+01	-1.754848e-01	4.399992e+00
8.020000e+01	-1.754868e-01	4.399982e+00
8.023333e+01	-1.754852e-01	4.399990e+00
8.026667e+01	-1.754829e-01	4.400003e+00
8.030000e+01	-1.754819e-01	4.400008e+00
8.033333e+01	-1.754825e-01	4.400005e+00
8.036667e+01	-1.754836e-01	4.399999e+00
8.040000e+01	-1.754840e-01	4.399997e+00
8.043333e+01	-1.754838e-01	4.399998e+00
8.046667e+01	-1.754833e-01	4.400000e+00
8.050000e+01	-1.754831e-01	4.400001e+00
8.053333e+01	-1.754832e-01	4.400001e+00
8.056667e+01	-1.754834e-01	4.400000e+00
8.060000e+01	-1.754835e-01	4.399999e+00
8.063333e+01	-1.754835e-01	4.400000e+00
8.066667e+01	-1.754834e-01	4.400000e+00
8.070000e+01	-1.754833e-01	4.400000e+00
8.073333e+01	-1.754834e-01	4.400000e+00
8.076667e+01	-1.754834e-01	4.400000e+00
8.080000e+01	-1.754834e-01	4.400000e+00
8.083333e+01	-1.754834e-01	4.400000e+00
8.086667e+01	-1.754834e-01	4.400000e+00
8.090000e+01	-1.754834e-01	4.400000e+00
8.093333e+01	-1.754834e-01	4.400000e+00
8.096667e+01	-1.754834e-01	4.400000e+00
81	-1.754834e-01	4.400000e+00
8.103333e+01	-1.754834e-01	4.400000e+00
8.106667e+01	-1.752845e-01	4.401061e+00
8.110000e+01	-1.739632e-01	4.408113e+00
8.113333e+01	-1.701166e-01	4.428639e+00
8.116667e+01	-1.637376e-01	4.462681e+00
8.120000e+01	-1.573358e-01	4.496844e+00
8.123333e+01	-1.539306e-01	4.515015e+00
8.126667e+01	-1.542008e-01	4.513574e+00
8.130000e+01	-1.562573e-01	4.502599e+00
8.133333e+01	-1.577687e-01	4.494534e+00
8.136667e+01	-1.578180e-01	4.494271e+00
8.140000e+01	-1.570012e-01	4.498630e+00
8.143333e+01	-1.563306e-01	4.502208e+00
8.146667e+01	-1.562716e-01	4.502523e+00
8.150000e+01	-1.566110e-01	4.500712e+00
8.153333e+01	-1.569123e-01	4.499104e+00
8.156667e+01	-1.569538e-01	4.498883e+00
8.160000e+01	-1.568125e-01	4.499636e+00
8.163333e+01	-1.566771e-01	4.500359e+00
8.166667e+01	-1.566520e-01	4.500493e+00
8.170000e+01	-1.567103e-01	4.500182e+00
0	0	0
0	0	0
