0	-6.858501e-03	4.909081e+00
3.333333e-02	-7.337523e-03	4.906713e+00
6.666667e-02	-8.683841e-03	4.900059e+00
1.000000e-01	-9.466705e-03	4.896189e+00
1.333333e-01	-9.308526e-03	4.896971e+00
1.666667e-01	-8.733111e-03	4.899815e+00
2.000000e-01	-8.371192e-03	4.901604e+00
2.333333e-01	-8.418208e-03	4.901372e+00
2.666667e-01	-8.664335e-03	4.900155e+00
3.000000e-01	-8.831284e-03	4.899330e+00
3.333333e-01	-8.820765e-03	4.899382e+00
3.666667e-01	-8.716008e-03	4.899900e+00
4.000000e-01	-8.639446e-03	4.900278e+00
4.333333e-01	-8.639575e-03	4.900277e+00
4.666667e-01	-8.683911e-03	4.900058e+00
5.000000e-01	-8.718814e-03	4.899886e+00
5.333333e-01	-8.720731e-03	4.899876e+00
5.666667e-01	-8.702078e-03	4.899968e+00
6.000000e-01	-8.686256e-03	4.900047e+00
6.333333e-01	-8.684551e-03	4.900055e+00
6.666667e-01	-8.692347e-03	4.900016e+00
7.000000e-01	-8.699483e-03	4.899981e+00
7.333333e-01	-8.700607e-03	4.899976e+00
7.666667e-01	-8.697372e-03	4.899992e+00
8.000000e-01	-8.694170e-03	4.900007e+00
8.333333e-01	-8.693513e-03	4.900011e+00
8.666667e-01	-8.694845e-03	4.900004e+00
9.000000e-01	-8.696275e-03	4.899997e+00
9.333333e-01	-8.696634e-03	4.899995e+00
9.666667e-01	-8.696091e-03	4.899998e+00
1	-8.695455e-03	4.900001e+00
1.033333e+00	-8.695267e-03	4.900002e+00
1.066667e+00	-8.695486e-03	4.900001e+00
1.100000e+00	-8.695768e-03	4.900000e+00
1.133333e+00	-8.695863e-03	4.899999e+00
1.166667e+00	-8.695776e-03	4.900000e+00
1.200000e+00	-8.695652e-03	4.900000e+00
1.233333e+00	-8.695604e-03	4.900000e+00
1.266667e+00	-8.695638e-03	4.900000e+00
1.300000e+00	-8.695693e-03	4.900000e+00
1.333333e+00	-8.695716e-03	4.900000e+00
1.366667e+00	-8.695703e-03	4.900000e+00
1.400000e+00	-8.695679e-03	4.900000e+00
1.433333e+00	-8.695668e-03	4.900000e+00
1.466667e+00	-8.695673e-03	4.900000e+00
1.500000e+00	-8.695683e-03	4.900000e+00
1.533333e+00	-8.695689e-03	4.900000e+00
1.566667e+00	-8.695687e-03	4.900000e+00
1.600000e+00	-8.695682e-03	4.900000e+00
1.633333e+00	-8.695680e-03	4.900000e+00
1.666667e+00	-8.695680e-03	4.900000e+00
1.700000e+00	-8.695682e-03	4.900000e+00
1.733333e+00	-8.695683e-03	4.900000e+00
1.766667e+00	-8.695683e-03	4.900000e+00
1.800000e+00	-8.695682e-03	4.900000e+00
1.833333e+00	-8.695682e-03	4.900000e+00
1.866667e+00	-8.695682e-03	4.900000e+00
1.900000e+00	-8.695682e-03	4.900000e+00
1.933333e+00	-8.695683e-03	4.900000e+00
1.966667e+00	-8.695683e-03	4.900000e+00
2	-8.695682e-03	4.900000e+00
2.033333e+00	-8.695682e-03	4.900000e+00
2.066667e+00	-8.695682e-03	4.900000e+00
2.100000e+00	-8.695682e-03	4.900000e+00
2.133333e+00	-8.695682e-03	4.900000e+00
2.166667e+00	-8.695682e-03	4.900000e+00
2.200000e+00	-8.695682e-03	4.900000e+00
2.233333e+00	-8.695682e-03	4.900000e+00
2.266667e+00	-8.480996e-03	4.901061e+00
2.300000e+00	-7.054437e-03	4.908113e+00
2.333333e+00	-2.901723e-03	4.928639e+00
2.366667e+00	3.985124e-03	4.962681e+00
2.400000e+00	1.089647e-02	4.996844e+00
2.433333e+00	1.478744e-02	5.016077e+00
2.466667e+00	1.592234e-02	5.021686e+00
2.500000e+00	1.785486e-02	5.031239e+00
2.533333e+00	2.310994e-02	5.057215e+00
2.566667e+00	2.996813e-02	5.091115e+00
2.600000e+00	3.452622e-02	5.113645e+00
2.633333e+00	3.495855e-02	5.115782e+00
2.666667e+00	3.280203e-02	5.105122e+00
2.700000e+00	3.080384e-02	5.095245e+00
2.733333e+00	3.042544e-02	5.093375e+00
2.766667e+00	3.126244e-02	5.097512e+00
2.800000e+00	3.213892e-02	5.101845e+00
2.833333e+00	3.256344e-02	5.103943e+00
2.866667e+00	3.365074e-02	5.109318e+00
2.900000e+00	3.741519e-02	5.127925e+00
2.933333e+00	4.419182e-02	5.161422e+00
2.966667e+00	5.124049e-02	5.196263e+00
3	5.508872e-02	5.215285e+00
3.033333e+00	5.485337e-02	5.214122e+00
3.066667e+00	5.279291e-02	5.203937e+00
3.100000e+00	5.251184e-02	5.202548e+00
3.133333e+00	5.658330e-02	5.222673e+00
3.166667e+00	6.458830e-02	5.262241e+00
3.200000e+00	7.368351e-02	5.307199e+00
3.233333e+00	8.158996e-02	5.346280e+00
3.266667e+00	8.781035e-02	5.377028e+00
3.300000e+00	9.216166e-02	5.398536e+00
3.333333e+00	9.394003e-02	5.407327e+00
3.366667e+00	9.232435e-02	5.399340e+00
3.400000e+00	8.697040e-02	5.372876e+00
3.433333e+00	7.908887e-02	5.333918e+00
3.466667e+00	7.171003e-02	5.297444e+00
3.500000e+00	6.757521e-02	5.277006e+00
3.533333e+00	6.684946e-02	5.273418e+00
3.566667e+00	6.745272e-02	5.276400e+00
3.600000e+00	6.725969e-02	5.275446e+00
3.633333e+00	6.565990e-02	5.267538e+00
3.666667e+00	6.338379e-02	5.256288e+00
3.700000e+00	6.137361e-02	5.246351e+00
3.733333e+00	5.996096e-02	5.239369e+00
3.766667e+00	5.886663e-02	5.233959e+00
3.800000e+00	5.769442e-02	5.228165e+00
3.833333e+00	5.636709e-02	5.221604e+00
3.866667e+00	5.517222e-02	5.215698e+00
3.900000e+00	5.439845e-02	5.211873e+00
3.933333e+00	5.394753e-02	5.209644e+00
3.966667e+00	5.343837e-02	5.207128e+00
4	5.270207e-02	5.203488e+00
4.033333e+00	5.177456e-02	5.198903e+00
4.066667e+00	5.000118e-02	5.190138e+00
4.100000e+00	4.592114e-02	5.169970e+00
4.133333e+00	3.928579e-02	5.137172e+00
4.166667e+00	3.253752e-02	5.103815e+00
4.200000e+00	2.884926e-02	5.085584e+00
4.233333e+00	2.903873e-02	5.086521e+00
4.266667e+00	3.118527e-02	5.097131e+00
4.300000e+00	3.281772e-02	5.105200e+00
4.333333e+00	3.291381e-02	5.105675e+00
4.366667e+00	3.206543e-02	5.101481e+00
4.400000e+00	3.134302e-02	5.097911e+00
4.433333e+00	3.126126e-02	5.097506e+00
4.466667e+00	3.161253e-02	5.099243e+00
4.500000e+00	3.193627e-02	5.100843e+00
4.533333e+00	3.220332e-02	5.102163e+00
4.566667e+00	3.348422e-02	5.108495e+00
4.600000e+00	3.749181e-02	5.128304e+00
4.633333e+00	4.434835e-02	5.162196e+00
4.666667e+00	5.131964e-02	5.196655e+00
4.700000e+00	5.527540e-02	5.216208e+00
4.733333e+00	5.642679e-02	5.221899e+00
4.766667e+00	5.833487e-02	5.231331e+00
4.800000e+00	6.356115e-02	5.257164e+00
4.833333e+00	7.041074e-02	5.291022e+00
4.866667e+00	7.497868e-02	5.313601e+00
4.900000e+00	7.542376e-02	5.315801e+00
4.933333e+00	7.327160e-02	5.305163e+00
4.966667e+00	7.126948e-02	5.295266e+00
5	7.088547e-02	5.293368e+00
5.033333e+00	7.172030e-02	5.297495e+00
5.066667e+00	7.259833e-02	5.301835e+00
5.100000e+00	7.281062e-02	5.302884e+00
5.133333e+00	7.247241e-02	5.301212e+00
5.166667e+00	7.208356e-02	5.299290e+00
5.200000e+00	7.175759e-02	5.297679e+00
5.233333e+00	7.046784e-02	5.291304e+00
5.266667e+00	6.648730e-02	5.271628e+00
5.300000e+00	5.965722e-02	5.237867e+00
5.333333e+00	5.269118e-02	5.203434e+00
5.366667e+00	4.893895e-02	5.184887e+00
5.400000e+00	4.920229e-02	5.186189e+00
5.433333e+00	5.144404e-02	5.197270e+00
5.466667e+00	5.310916e-02	5.205500e+00
5.500000e+00	5.317617e-02	5.205832e+00
5.533333e+00	5.228603e-02	5.201432e+00
5.566667e+00	5.154747e-02	5.197781e+00
5.600000e+00	5.147709e-02	5.197433e+00
5.633333e+00	5.184667e-02	5.199260e+00
5.666667e+00	5.217827e-02	5.200899e+00
5.700000e+00	5.222627e-02	5.201136e+00
5.733333e+00	5.207261e-02	5.200377e+00
5.766667e+00	5.192371e-02	5.199641e+00
5.800000e+00	5.189504e-02	5.199499e+00
5.833333e+00	5.195846e-02	5.199812e+00
5.866667e+00	5.202505e-02	5.200142e+00
5.900000e+00	5.204094e-02	5.200220e+00
5.933333e+00	5.201500e-02	5.200092e+00
5.966667e+00	5.198535e-02	5.199945e+00
6	5.197696e-02	5.199904e+00
6.033333e+00	5.198746e-02	5.199956e+00
6.066667e+00	5.200059e-02	5.200021e+00
6.100000e+00	5.200489e-02	5.200042e+00
6.133333e+00	5.200069e-02	5.200021e+00
6.166667e+00	5.199489e-02	5.199992e+00
6.200000e+00	5.199275e-02	5.199982e+00
6.233333e+00	5.199440e-02	5.199990e+00
6.266667e+00	5.199695e-02	5.200003e+00
6.300000e+00	5.199800e-02	5.200008e+00
6.333333e+00	5.199736e-02	5.200005e+00
6.366667e+00	5.199625e-02	5.199999e+00
6.400000e+00	5.199574e-02	5.199997e+00
6.433333e+00	5.199598e-02	5.199998e+00
6.466667e+00	5.199647e-02	5.200000e+00
6.500000e+00	5.199671e-02	5.200001e+00
6.533333e+00	5.199662e-02	5.200001e+00
6.566667e+00	5.199641e-02	5.200000e+00
6.600000e+00	5.199630e-02	5.199999e+00
6.633333e+00	5.199633e-02	5.200000e+00
6.666667e+00	5.199642e-02	5.200000e+00
6.700000e+00	5.199647e-02	5.200000e+00
6.733333e+00	5.199646e-02	5.200000e+00
6.766667e+00	5.198211e-02	5.199929e+00
6.800000e+00	5.188698e-02	5.199459e+00
6.833333e+00	5.161014e-02	5.198091e+00
6.866667e+00	5.113672e-02	5.195751e+00
6.900000e+00	5.056656e-02	5.192932e+00
6.933333e+00	4.993521e-02	5.189811e+00
6.966667e+00	4.910925e-02	5.185729e+00
7	4.795112e-02	5.180004e+00
7.033333e+00	4.650868e-02	5.172874e+00
7.066667e+00	4.498044e-02	5.165320e+00
7.100000e+00	4.353788e-02	5.158190e+00
7.133333e+00	4.221463e-02	5.151649e+00
7.166667e+00	4.093894e-02	5.145343e+00
7.200000e+00	3.963313e-02	5.138888e+00
7.233333e+00	3.827632e-02	5.132182e+00
7.266667e+00	3.689656e-02	5.125362e+00
7.300000e+00	3.552808e-02	5.118597e+00
7.333333e+00	3.419602e-02	5.112013e+00
7.366667e+00	3.296998e-02	5.105953e+00
7.400000e+00	3.201664e-02	5.101240e+00
7.433333e+00	3.129815e-02	5.097689e+00
7.466667e+00	2.982338e-02	5.090399e+00
7.500000e+00	2.586901e-02	5.070853e+00
7.533333e+00	1.916520e-02	5.037716e+00
7.566667e+00	1.229130e-02	5.003738e+00
7.600000e+00	8.328507e-03	4.984150e+00
7.633333e+00	7.116449e-03	4.978159e+00
7.666667e+00	5.164455e-03	4.968510e+00
7.700000e+00	-6.170438e-05	4.942678e+00
7.733333e+00	-6.885967e-03	4.908945e+00
7.766667e+00	-1.143404e-02	4.886464e+00
7.800000e+00	-1.187806e-02	4.884270e+00
7.833333e+00	-9.736550e-03	4.894855e+00
7.866667e+00	-7.743438e-03	4.904707e+00
7.900000e+00	-7.360367e-03	4.906600e+00
7.933333e+00	-8.190753e-03	4.902496e+00
7.966667e+00	-9.064717e-03	4.898176e+00
8	-9.276380e-03	4.897130e+00
8.033333e+00	-8.940022e-03	4.898792e+00
8.066667e+00	-8.552987e-03	4.900705e+00
8.100000e+00	-8.442071e-03	4.901254e+00
8.133333e+00	-8.578123e-03	4.900581e+00
8.166667e+00	-8.749485e-03	4.899734e+00
8.200000e+00	-8.806046e-03	4.899454e+00
8.233333e+00	-8.751657e-03	4.899723e+00
8.266667e+00	-8.676073e-03	4.900097e+00
8.300000e+00	-8.647873e-03	4.900236e+00
8.333333e+00	-8.669296e-03	4.900130e+00
8.366667e+00	-8.702489e-03	4.899966e+00
8.400000e+00	-8.716298e-03	4.899898e+00
8.433333e+00	-8.708013e-03	4.899939e+00
8.466667e+00	-8.693499e-03	4.900011e+00
8.500000e+00	-8.686836e-03	4.900044e+00
8.533333e+00	-8.689965e-03	4.900028e+00
8.566667e+00	-8.696283e-03	4.899997e+00
8.600000e+00	-8.699460e-03	4.899981e+00
8.633333e+00	-8.698315e-03	4.899987e+00
8.666667e+00	-8.695577e-03	4.900001e+00
8.700000e+00	-8.694078e-03	4.900008e+00
8.733333e+00	-8.694478e-03	4.900006e+00
8.766667e+00	-8.695659e-03	4.900000e+00
8.800000e+00	-8.696360e-03	4.899997e+00
8.833333e+00	-8.696230e-03	4.899997e+00
8.866667e+00	-8.695723e-03	4.900000e+00
8.900000e+00	-8.695398e-03	4.900001e+00
8.933333e+00	-8.695434e-03	4.900001e+00
8.966667e+00	-8.695651e-03	4.900000e+00
9	-8.695801e-03	4.899999e+00
9.033333e+00	-8.695794e-03	4.899999e+00
9.066667e+00	-8.695702e-03	4.900000e+00
9.100000e+00	-8.695633e-03	4.900000e+00
9.133333e+00	-8.695632e-03	4.900000e+00
9.166667e+00	-8.506242e-03	4.900936e+00
9.200000e+00	-7.247545e-03	4.907158e+00
9.233333e+00	-3.583388e-03	4.925270e+00
9.266667e+00	2.480630e-03	4.955244e+00
9.300000e+00	8.482344e-03	4.984911e+00
9.333333e+00	1.138530e-02	4.999260e+00
9.366667e+00	1.038203e-02	4.994301e+00
9.400000e+00	7.270540e-03	4.978921e+00
9.433333e+00	4.462015e-03	4.965038e+00
9.466667e+00	3.063544e-03	4.958126e+00
9.500000e+00	2.620638e-03	4.955936e+00
9.533333e+00	2.134455e-03	4.953533e+00
9.566667e+00	1.068783e-03	4.948266e+00
9.600000e+00	-4.282671e-04	4.940866e+00
9.633333e+00	-1.931576e-03	4.933435e+00
9.666667e+00	-3.191180e-03	4.927209e+00
9.700000e+00	-4.255128e-03	4.921950e+00
9.733333e+00	-5.305553e-03	4.916757e+00
9.766667e+00	-6.445702e-03	4.911122e+00
9.800000e+00	-7.590472e-03	4.905463e+00
9.833333e+00	-8.501670e-03	4.900959e+00
9.866667e+00	-8.965049e-03	4.898669e+00
9.900000e+00	-8.982002e-03	4.898585e+00
9.933333e+00	-8.990607e-03	4.898542e+00
9.966667e+00	-1.024593e-02	4.892337e+00
10	-1.437588e-02	4.871923e+00
1.003333e+01	-2.133984e-02	4.837500e+00
1.006667e+01	-2.832414e-02	4.802977e+00
1.010000e+01	-3.201354e-02	4.784740e+00
1.013333e+01	-3.169034e-02	4.786338e+00
1.016667e+01	-2.943778e-02	4.797472e+00
1.020000e+01	-2.779876e-02	4.805574e+00
1.023333e+01	-2.775858e-02	4.805772e+00
1.026667e+01	-2.865480e-02	4.801342e+00
1.030000e+01	-2.938265e-02	4.797745e+00
1.033333e+01	-2.944106e-02	4.797456e+00
1.036667e+01	-2.906824e-02	4.799299e+00
1.040000e+01	-2.895568e-02	4.799855e+00
1.043333e+01	-3.012486e-02	4.794076e+00
1.046667e+01	-3.300634e-02	4.779833e+00
1.050000e+01	-3.588763e-02	4.765591e+00
1.053333e+01	-3.593845e-02	4.765339e+00
1.056667e+01	-3.263913e-02	4.781648e+00
1.060000e+01	-2.860531e-02	4.801587e+00
1.063333e+01	-2.666189e-02	4.811193e+00
1.066667e+01	-2.727668e-02	4.808154e+00
1.070000e+01	-2.888467e-02	4.800206e+00
1.073333e+01	-2.982758e-02	4.795545e+00
1.076667e+01	-2.965905e-02	4.796378e+00
1.080000e+01	-2.898572e-02	4.799707e+00
1.083333e+01	-2.855151e-02	4.801853e+00
1.086667e+01	-2.859698e-02	4.801628e+00
1.090000e+01	-2.888318e-02	4.800214e+00
1.093333e+01	-2.886787e-02	4.800289e+00
1.096667e+01	-2.743325e-02	4.807381e+00
11	-2.315902e-02	4.828508e+00
1.103333e+01	-1.618098e-02	4.863000e+00
1.106667e+01	-9.267912e-03	4.897171e+00
1.110000e+01	-5.642954e-03	4.915090e+00
1.113333e+01	-5.976089e-03	4.913443e+00
1.116667e+01	-8.199364e-03	4.902453e+00
1.120000e+01	-9.809585e-03	4.894494e+00
1.123333e+01	-9.843965e-03	4.894324e+00
1.126667e+01	-8.959795e-03	4.898694e+00
1.130000e+01	-8.244799e-03	4.902229e+00
1.133333e+01	-8.189567e-03	4.902502e+00
1.136667e+01	-8.772153e-03	4.899622e+00
1.140000e+01	-1.052025e-02	4.890981e+00
1.143333e+01	-1.471398e-02	4.870252e+00
1.146667e+01	-2.144749e-02	4.836968e+00
1.150000e+01	-2.821421e-02	4.803520e+00
1.153333e+01	-3.186502e-02	4.785474e+00
1.156667e+01	-3.163683e-02	4.786602e+00
1.160000e+01	-2.948141e-02	4.797257e+00
1.163333e+01	-2.786408e-02	4.805251e+00
1.166667e+01	-2.778489e-02	4.805642e+00
1.170000e+01	-2.863781e-02	4.801426e+00
1.173333e+01	-2.935405e-02	4.797886e+00
1.176667e+01	-2.942832e-02	4.797519e+00
1.180000e+01	-2.907471e-02	4.799267e+00
1.183333e+01	-2.875346e-02	4.800855e+00
1.186667e+01	-2.870440e-02	4.801097e+00
1.190000e+01	-2.885124e-02	4.800371e+00
1.193333e+01	-2.899537e-02	4.799659e+00
1.196667e+01	-2.902422e-02	4.799516e+00
12	-2.896370e-02	4.799816e+00
1.203333e+01	-2.889929e-02	4.800134e+00
1.206667e+01	-2.888345e-02	4.800212e+00
1.210000e+01	-2.890817e-02	4.800090e+00
1.213333e+01	-2.893682e-02	4.799948e+00
1.216667e+01	-2.894514e-02	4.799907e+00
1.220000e+01	-2.893515e-02	4.799957e+00
1.223333e+01	-2.892246e-02	4.800019e+00
1.226667e+01	-2.891822e-02	4.800040e+00
1.230000e+01	-2.892221e-02	4.800021e+00
1.233333e+01	-2.892781e-02	4.799993e+00
1.236667e+01	-2.892992e-02	4.799983e+00
1.240000e+01	-2.892835e-02	4.799990e+00
1.243333e+01	-2.892589e-02	4.800002e+00
1.246667e+01	-2.892486e-02	4.800008e+00
1.250000e+01	-2.892547e-02	4.800005e+00
1.253333e+01	-2.892654e-02	4.799999e+00
1.256667e+01	-2.892704e-02	4.799997e+00
1.260000e+01	-2.892681e-02	4.799998e+00
1.263333e+01	-2.892634e-02	4.800000e+00
1.266667e+01	-2.892610e-02	4.800001e+00
1.270000e+01	-2.892619e-02	4.800001e+00
1.273333e+01	-2.892639e-02	4.800000e+00
1.276667e+01	-2.892650e-02	4.799999e+00
1.280000e+01	-2.892647e-02	4.800000e+00
1.283333e+01	-2.892638e-02	4.800000e+00
1.286667e+01	-2.892633e-02	4.800000e+00
1.290000e+01	-2.892634e-02	4.800000e+00
1.293333e+01	-2.892638e-02	4.800000e+00
1.296667e+01	-2.892640e-02	4.800000e+00
13	-2.892640e-02	4.800000e+00
1.303333e+01	-2.892639e-02	4.800000e+00
1.306667e+01	-2.892637e-02	4.800000e+00
1.310000e+01	-2.892637e-02	4.800000e+00
1.313333e+01	-2.892638e-02	4.800000e+00
1.316667e+01	-2.892639e-02	4.800000e+00
1.320000e+01	-2.892639e-02	4.800000e+00
1.323333e+01	-2.892638e-02	4.800000e+00
1.326667e+01	-2.892638e-02	4.800000e+00
1.330000e+01	-2.892638e-02	4.800000e+00
1.333333e+01	-2.914107e-02	4.798939e+00
1.336667e+01	-3.056763e-02	4.791887e+00
1.340000e+01	-3.472034e-02	4.771361e+00
1.343333e+01	-4.160719e-02	4.737319e+00
1.346667e+01	-4.851853e-02	4.703156e+00
1.350000e+01	-5.219481e-02	4.684985e+00
1.353333e+01	-5.190316e-02	4.686426e+00
1.356667e+01	-4.968296e-02	4.697401e+00
1.360000e+01	-4.783651e-02	4.706528e+00
1.363333e+01	-4.635680e-02	4.713842e+00
1.366667e+01	-4.308589e-02	4.730010e+00
1.370000e+01	-3.692303e-02	4.760473e+00
1.373333e+01	-3.007537e-02	4.794321e+00
1.376667e+01	-2.603266e-02	4.814304e+00
1.380000e+01	-2.599906e-02	4.814470e+00
1.383333e+01	-2.817445e-02	4.803717e+00
1.386667e+01	-2.995872e-02	4.794897e+00
1.390000e+01	-3.037271e-02	4.792851e+00
1.393333e+01	-3.094462e-02	4.790024e+00
1.396667e+01	-3.431034e-02	4.773387e+00
14	-4.106811e-02	4.739984e+00
1.403333e+01	-4.833069e-02	4.704085e+00
1.406667e+01	-5.235803e-02	4.684178e+00
1.410000e+01	-5.214032e-02	4.685254e+00
1.413333e+01	-4.977568e-02	4.696942e+00
1.416667e+01	-4.798731e-02	4.705782e+00
1.420000e+01	-4.789407e-02	4.706243e+00
1.423333e+01	-4.883475e-02	4.701593e+00
1.426667e+01	-4.962832e-02	4.697671e+00
1.430000e+01	-4.971290e-02	4.697253e+00
1.433333e+01	-4.932274e-02	4.699181e+00
1.436667e+01	-4.896670e-02	4.700941e+00
1.440000e+01	-4.891131e-02	4.701215e+00
1.443333e+01	-4.907326e-02	4.700414e+00
1.446667e+01	-4.923297e-02	4.699625e+00
1.450000e+01	-4.926538e-02	4.699465e+00
1.453333e+01	-4.919866e-02	4.699794e+00
1.456667e+01	-4.912732e-02	4.700147e+00
1.460000e+01	-4.910958e-02	4.700235e+00
1.463333e+01	-4.892212e-02	4.701161e+00
1.466667e+01	-4.752729e-02	4.708056e+00
1.470000e+01	-4.338387e-02	4.728537e+00
1.473333e+01	-3.648603e-02	4.762633e+00
1.476667e+01	-2.956064e-02	4.796865e+00
1.480000e+01	-2.587963e-02	4.815060e+00
1.483333e+01	-2.617566e-02	4.813597e+00
1.486667e+01	-2.840206e-02	4.802592e+00
1.490000e+01	-3.003618e-02	4.794514e+00
1.493333e+01	-3.008760e-02	4.794260e+00
1.496667e+01	-2.941776e-02	4.797571e+00
15	-3.011919e-02	4.794104e+00
1.503333e+01	-3.420889e-02	4.773889e+00
1.506667e+01	-4.146335e-02	4.738030e+00
1.510000e+01	-4.870050e-02	4.702257e+00
1.513333e+01	-5.242134e-02	4.683865e+00
1.516667e+01	-5.197667e-02	4.686063e+00
1.520000e+01	-4.961005e-02	4.697761e+00
1.523333e+01	-4.795121e-02	4.705961e+00
1.526667e+01	-4.796130e-02	4.705911e+00
1.530000e+01	-4.890863e-02	4.701228e+00
1.533333e+01	-4.964777e-02	4.697575e+00
1.536667e+01	-4.968555e-02	4.697388e+00
1.540000e+01	-4.928993e-02	4.699343e+00
1.543333e+01	-4.895662e-02	4.700991e+00
1.546667e+01	-4.892231e-02	4.701160e+00
1.550000e+01	-4.908777e-02	4.700343e+00
1.553333e+01	-4.945274e-02	4.698539e+00
1.556667e+01	-5.090225e-02	4.691374e+00
1.560000e+01	-5.498624e-02	4.671187e+00
1.563333e+01	-6.180561e-02	4.637479e+00
1.566667e+01	-6.870343e-02	4.603383e+00
1.570000e+01	-7.262272e-02	4.584010e+00
1.573333e+01	-7.400247e-02	4.577190e+00
1.576667e+01	-7.736896e-02	4.560549e+00
1.580000e+01	-8.655051e-02	4.515165e+00
1.583333e+01	-9.885558e-02	4.454341e+00
1.586667e+01	-1.061684e-01	4.418194e+00
1.590000e+01	-1.033948e-01	4.431904e+00
1.593333e+01	-9.404126e-02	4.478138e+00
1.596667e+01	-8.614857e-02	4.517152e+00
16	-8.442819e-02	4.525656e+00
1.603333e+01	-8.742962e-02	4.510820e+00
1.606667e+01	-9.081869e-02	4.494067e+00
1.610000e+01	-9.180639e-02	4.489185e+00
1.613333e+01	-9.043546e-02	4.495962e+00
1.616667e+01	-8.774541e-02	4.509259e+00
1.620000e+01	-8.430513e-02	4.526264e+00
1.623333e+01	-8.060287e-02	4.544564e+00
1.626667e+01	-7.707515e-02	4.562001e+00
1.630000e+01	-7.388541e-02	4.577768e+00
1.633333e+01	-7.218849e-02	4.586156e+00
1.636667e+01	-7.430856e-02	4.575677e+00
1.640000e+01	-8.077791e-02	4.543699e+00
1.643333e+01	-8.840024e-02	4.506022e+00
1.646667e+01	-9.289781e-02	4.483790e+00
1.650000e+01	-9.287524e-02	4.483902e+00
1.653333e+01	-9.040745e-02	4.496100e+00
1.656667e+01	-8.821297e-02	4.506947e+00
1.660000e+01	-8.660076e-02	4.514917e+00
1.663333e+01	-8.342531e-02	4.530613e+00
1.666667e+01	-7.741383e-02	4.560327e+00
1.670000e+01	-7.063036e-02	4.593858e+00
1.673333e+01	-6.655086e-02	4.614023e+00
1.676667e+01	-6.645118e-02	4.614516e+00
1.680000e+01	-6.859571e-02	4.603915e+00
1.683333e+01	-7.039382e-02	4.595027e+00
1.686667e+01	-7.040718e-02	4.594961e+00
1.690000e+01	-6.814066e-02	4.606165e+00
1.693333e+01	-6.319592e-02	4.630606e+00
1.696667e+01	-5.616754e-02	4.665347e+00
17	-4.960052e-02	4.697808e+00
1.703333e+01	-4.627704e-02	4.714236e+00
1.706667e+01	-4.664799e-02	4.712402e+00
1.710000e+01	-4.872699e-02	4.702126e+00
1.713333e+01	-5.020159e-02	4.694837e+00
1.716667e+01	-5.021236e-02	4.694784e+00
1.720000e+01	-4.938792e-02	4.698859e+00
1.723333e+01	-4.873369e-02	4.702093e+00
1.726667e+01	-4.869188e-02	4.702300e+00
1.730000e+01	-4.903526e-02	4.700602e+00
1.733333e+01	-4.932970e-02	4.699147e+00
1.736667e+01	-4.936351e-02	4.698980e+00
1.740000e+01	-4.922013e-02	4.699688e+00
1.743333e+01	-4.930223e-02	4.699283e+00
1.746667e+01	-5.070704e-02	4.692339e+00
1.750000e+01	-5.491921e-02	4.671518e+00
1.753333e+01	-6.186552e-02	4.637182e+00
1.756667e+01	-6.878942e-02	4.602958e+00
1.760000e+01	-7.244125e-02	4.584907e+00
1.763333e+01	-7.212306e-02	4.586480e+00
1.766667e+01	-6.989604e-02	4.597488e+00
1.770000e+01	-6.827424e-02	4.605504e+00
1.773333e+01	-6.823288e-02	4.605709e+00
1.776667e+01	-6.911824e-02	4.601332e+00
1.780000e+01	-6.983821e-02	4.597774e+00
1.783333e+01	-6.989667e-02	4.597485e+00
1.786667e+01	-6.952845e-02	4.599305e+00
1.790000e+01	-6.920480e-02	4.600904e+00
1.793333e+01	-6.937697e-02	4.600053e+00
1.796667e+01	-7.095693e-02	4.592244e+00
18	-7.525516e-02	4.570998e+00
1.803333e+01	-8.216817e-02	4.536827e+00
1.806667e+01	-8.901606e-02	4.502978e+00
1.810000e+01	-9.262718e-02	4.485128e+00
1.813333e+01	-9.232079e-02	4.486643e+00
1.816667e+01	-9.012660e-02	4.497488e+00
1.820000e+01	-8.852388e-02	4.505411e+00
1.823333e+01	-8.847861e-02	4.505634e+00
1.826667e+01	-8.934985e-02	4.501328e+00
1.830000e+01	-9.006095e-02	4.497813e+00
1.833333e+01	-9.033525e-02	4.496457e+00
1.836667e+01	-9.139963e-02	4.491196e+00
1.840000e+01	-9.523278e-02	4.472249e+00
1.843333e+01	-1.020769e-01	4.438418e+00
1.846667e+01	-1.091390e-01	4.403510e+00
1.850000e+01	-1.129590e-01	4.384628e+00
1.853333e+01	-1.129082e-01	4.384880e+00
1.856667e+01	-1.120521e-01	4.389111e+00
1.860000e+01	-1.145088e-01	4.376968e+00
1.863333e+01	-1.213278e-01	4.343261e+00
1.866667e+01	-1.291465e-01	4.304614e+00
1.870000e+01	-1.335754e-01	4.282722e+00
1.873333e+01	-1.333553e-01	4.283810e+00
1.876667e+01	-1.305436e-01	4.297708e+00
1.880000e+01	-1.271473e-01	4.314496e+00
1.883333e+01	-1.228926e-01	4.335527e+00
1.886667e+01	-1.170442e-01	4.364435e+00
1.890000e+01	-1.110086e-01	4.394269e+00
1.893333e+01	-1.072105e-01	4.413043e+00
1.896667e+01	-1.056445e-01	4.420783e+00
19	-1.033189e-01	4.432279e+00
1.903333e+01	-9.800284e-02	4.458556e+00
1.906667e+01	-9.132360e-02	4.491572e+00
1.910000e+01	-8.694187e-02	4.513230e+00
1.913333e+01	-8.654525e-02	4.515191e+00
1.916667e+01	-8.862805e-02	4.504896e+00
1.920000e+01	-9.054745e-02	4.495408e+00
1.923333e+01	-9.090629e-02	4.493634e+00
1.926667e+01	-9.009939e-02	4.497623e+00
1.930000e+01	-8.925794e-02	4.501782e+00
1.933333e+01	-8.905837e-02	4.502769e+00
1.936667e+01	-8.938547e-02	4.501152e+00
1.940000e+01	-8.975823e-02	4.499309e+00
1.943333e+01	-8.986322e-02	4.498790e+00
1.946667e+01	-8.973075e-02	4.499445e+00
1.950000e+01	-8.956563e-02	4.500261e+00
1.953333e+01	-8.951193e-02	4.500527e+00
1.956667e+01	-8.956497e-02	4.500265e+00
1.960000e+01	-8.963783e-02	4.499904e+00
1.963333e+01	-8.966467e-02	4.499772e+00
1.966667e+01	-8.942905e-02	4.500936e+00
1.970000e+01	-8.797048e-02	4.508146e+00
1.973333e+01	-8.380460e-02	4.528738e+00
1.976667e+01	-7.692586e-02	4.562739e+00
1.980000e+01	-7.002853e-02	4.596833e+00
1.983333e+01	-6.635861e-02	4.614973e+00
1.986667e+01	-6.664718e-02	4.613547e+00
1.990000e+01	-6.886129e-02	4.602602e+00
1.993333e+01	-7.049002e-02	4.594552e+00
1.996667e+01	-7.054430e-02	4.594283e+00
20	-6.945045e-02	4.599690e+00
2.003333e+01	-6.751603e-02	4.609252e+00
2.006667e+01	-6.472579e-02	4.623044e+00
2.010000e+01	-6.235694e-02	4.634753e+00
2.013333e+01	-6.265703e-02	4.633270e+00
2.016667e+01	-6.593703e-02	4.617057e+00
2.020000e+01	-6.975294e-02	4.598195e+00
2.023333e+01	-7.153566e-02	4.589383e+00
2.026667e+01	-7.092002e-02	4.592426e+00
2.030000e+01	-6.940421e-02	4.599919e+00
2.033333e+01	-6.853451e-02	4.604218e+00
2.036667e+01	-6.870753e-02	4.603362e+00
2.040000e+01	-6.934211e-02	4.600226e+00
2.043333e+01	-6.974315e-02	4.598243e+00
2.046667e+01	-6.969391e-02	4.598487e+00
2.050000e+01	-6.942389e-02	4.599822e+00
2.053333e+01	-6.923946e-02	4.600733e+00
2.056667e+01	-6.924997e-02	4.600681e+00
2.060000e+01	-6.936477e-02	4.600114e+00
2.063333e+01	-6.944926e-02	4.599696e+00
2.066667e+01	-6.944957e-02	4.599695e+00
2.070000e+01	-6.940101e-02	4.599935e+00
2.073333e+01	-6.936252e-02	4.600125e+00
2.076667e+01	-6.936021e-02	4.600136e+00
2.080000e+01	-6.938063e-02	4.600035e+00
2.083333e+01	-6.939807e-02	4.599949e+00
2.086667e+01	-6.940003e-02	4.599939e+00
2.090000e+01	-6.939150e-02	4.599982e+00
2.093333e+01	-6.938364e-02	4.600020e+00
2.096667e+01	-6.938237e-02	4.600027e+00
21	-6.938590e-02	4.600009e+00
2.103333e+01	-6.938943e-02	4.599992e+00
2.106667e+01	-6.939017e-02	4.599988e+00
2.110000e+01	-6.938871e-02	4.599995e+00
2.113333e+01	-6.960183e-02	4.598942e+00
2.116667e+01	-7.102798e-02	4.591893e+00
2.120000e+01	-7.518129e-02	4.571363e+00
2.123333e+01	-8.206884e-02	4.537318e+00
2.126667e+01	-8.898039e-02	4.503154e+00
2.130000e+01	-9.265643e-02	4.484983e+00
2.133333e+01	-9.236447e-02	4.486427e+00
2.136667e+01	-9.014416e-02	4.497402e+00
2.140000e+01	-8.851249e-02	4.505467e+00
2.143333e+01	-8.845948e-02	4.505729e+00
2.146667e+01	-8.934134e-02	4.501370e+00
2.150000e+01	-9.006528e-02	4.497791e+00
2.153333e+01	-9.012891e-02	4.497477e+00
2.156667e+01	-8.976246e-02	4.499288e+00
2.160000e+01	-8.943722e-02	4.500896e+00
2.163333e+01	-8.939243e-02	4.501117e+00
2.166667e+01	-8.954495e-02	4.500363e+00
2.170000e+01	-8.969110e-02	4.499641e+00
2.173333e+01	-8.971825e-02	4.499507e+00
2.176667e+01	-8.965523e-02	4.499818e+00
2.180000e+01	-8.958983e-02	4.500142e+00
2.183333e+01	-8.957465e-02	4.500217e+00
2.186667e+01	-8.960046e-02	4.500089e+00
2.190000e+01	-8.941490e-02	4.501006e+00
2.193333e+01	-8.799641e-02	4.508018e+00
2.196667e+01	-8.383324e-02	4.528596e+00
22	-7.693347e-02	4.562702e+00
2.203333e+01	-7.001798e-02	4.596885e+00
2.206667e+01	-6.634589e-02	4.615036e+00
2.210000e+01	-6.664325e-02	4.613566e+00
2.213333e+01	-6.886553e-02	4.602582e+00
2.216667e+01	-7.049563e-02	4.594524e+00
2.220000e+01	-7.054628e-02	4.594274e+00
2.223333e+01	-6.966345e-02	4.598637e+00
2.226667e+01	-6.894011e-02	4.602213e+00
2.230000e+01	-6.887753e-02	4.602522e+00
2.233333e+01	-6.924445e-02	4.600709e+00
2.236667e+01	-6.956945e-02	4.599102e+00
2.240000e+01	-6.961378e-02	4.598883e+00
2.243333e+01	-6.946104e-02	4.599638e+00
2.246667e+01	-6.931499e-02	4.600360e+00
2.250000e+01	-6.928803e-02	4.600493e+00
2.253333e+01	-6.935115e-02	4.600181e+00
2.256667e+01	-6.941652e-02	4.599858e+00
2.260000e+01	-6.943162e-02	4.599783e+00
2.263333e+01	-6.940576e-02	4.599911e+00
2.266667e+01	-6.937664e-02	4.600055e+00
2.270000e+01	-6.936860e-02	4.600095e+00
2.273333e+01	-6.937909e-02	4.600043e+00
2.276667e+01	-6.939201e-02	4.599979e+00
2.280000e+01	-6.939614e-02	4.599959e+00
2.283333e+01	-6.939193e-02	4.599979e+00
2.286667e+01	-6.938623e-02	4.600008e+00
2.290000e+01	-6.938416e-02	4.600018e+00
2.293333e+01	-6.960051e-02	4.598948e+00
2.296667e+01	-7.102958e-02	4.591885e+00
23	-7.518331e-02	4.571353e+00
2.303333e+01	-8.206951e-02	4.537314e+00
2.306667e+01	-8.897975e-02	4.503157e+00
2.310000e+01	-9.265554e-02	4.484988e+00
2.313333e+01	-9.236414e-02	4.486428e+00
2.316667e+01	-9.014441e-02	4.497400e+00
2.320000e+01	-8.851288e-02	4.505465e+00
2.323333e+01	-8.845964e-02	4.505728e+00
2.326667e+01	-8.934124e-02	4.501370e+00
2.330000e+01	-9.006511e-02	4.497792e+00
2.333333e+01	-9.012883e-02	4.497477e+00
2.336667e+01	-8.976249e-02	4.499288e+00
2.340000e+01	-8.943729e-02	4.500896e+00
2.343333e+01	-8.939247e-02	4.501117e+00
2.346667e+01	-8.954494e-02	4.500364e+00
2.350000e+01	-8.969106e-02	4.499641e+00
2.353333e+01	-8.971823e-02	4.499507e+00
2.356667e+01	-8.965523e-02	4.499818e+00
2.360000e+01	-8.958984e-02	4.500142e+00
2.363333e+01	-8.978934e-02	4.499155e+00
2.366667e+01	-9.124170e-02	4.491976e+00
2.370000e+01	-9.542354e-02	4.471306e+00
2.373333e+01	-1.023185e-01	4.437224e+00
2.376667e+01	-1.092193e-01	4.403113e+00
2.380000e+01	-1.128827e-01	4.385005e+00
2.383333e+01	-1.125869e-01	4.386467e+00
2.386667e+01	-1.103709e-01	4.397421e+00
2.390000e+01	-1.087448e-01	4.405459e+00
2.393333e+01	-1.084791e-01	4.406772e+00
2.396667e+01	-1.079327e-01	4.409473e+00
24	-1.045014e-01	4.426434e+00
2.403333e+01	-9.767725e-02	4.460166e+00
2.406667e+01	-9.040013e-02	4.496136e+00
2.410000e+01	-8.639969e-02	4.515910e+00
2.413333e+01	-8.664702e-02	4.514688e+00
2.416667e+01	-8.901949e-02	4.502961e+00
2.420000e+01	-9.079692e-02	4.494175e+00
2.423333e+01	-9.087700e-02	4.493779e+00
2.426667e+01	-8.993227e-02	4.498449e+00
2.430000e+01	-8.914309e-02	4.502350e+00
2.433333e+01	-8.906434e-02	4.502739e+00
2.436667e+01	-8.945654e-02	4.500801e+00
2.440000e+01	-8.981083e-02	4.499049e+00
2.443333e+01	-8.986366e-02	4.498788e+00
2.446667e+01	-8.970070e-02	4.499594e+00
2.450000e+01	-8.932699e-02	4.501441e+00
2.453333e+01	-8.786914e-02	4.508647e+00
2.456667e+01	-8.378363e-02	4.528842e+00
2.460000e+01	-7.696787e-02	4.562532e+00
2.463333e+01	-7.007378e-02	4.596609e+00
2.466667e+01	-6.637004e-02	4.614917e+00
2.470000e+01	-6.663005e-02	4.613631e+00
2.473333e+01	-6.884117e-02	4.602702e+00
2.476667e+01	-7.048404e-02	4.594581e+00
2.480000e+01	-7.055121e-02	4.594249e+00
2.483333e+01	-6.967403e-02	4.598585e+00
2.486667e+01	-6.916030e-02	4.601124e+00
2.490000e+01	-7.051700e-02	4.594418e+00
2.493333e+01	-7.503382e-02	4.572092e+00
2.496667e+01	-8.224767e-02	4.536434e+00
25	-8.920654e-02	4.502036e+00
2.503333e+01	-9.273145e-02	4.484613e+00
2.506667e+01	-9.229297e-02	4.486780e+00
2.510000e+01	-9.004442e-02	4.497895e+00
2.513333e+01	-8.847512e-02	4.505652e+00
2.516667e+01	-8.848763e-02	4.505590e+00
2.520000e+01	-8.938514e-02	4.501153e+00
2.523333e+01	-9.008357e-02	4.497701e+00
2.526667e+01	-9.011803e-02	4.497531e+00
2.530000e+01	-8.974331e-02	4.499383e+00
2.533333e+01	-8.942840e-02	4.500940e+00
2.536667e+01	-8.939654e-02	4.501097e+00
2.540000e+01	-8.955329e-02	4.500322e+00
2.543333e+01	-8.969530e-02	4.499620e+00
2.546667e+01	-8.971675e-02	4.499514e+00
2.550000e+01	-8.943693e-02	4.500897e+00
2.553333e+01	-8.794660e-02	4.508264e+00
2.556667e+01	-8.378121e-02	4.528854e+00
2.560000e+01	-7.692121e-02	4.562762e+00
2.563333e+01	-7.003837e-02	4.596784e+00
2.566667e+01	-6.636906e-02	4.614921e+00
2.570000e+01	-6.664974e-02	4.613534e+00
2.573333e+01	-6.885727e-02	4.602622e+00
2.576667e+01	-7.048537e-02	4.594575e+00
2.580000e+01	-7.054295e-02	4.594290e+00
2.583333e+01	-6.966676e-02	4.598621e+00
2.586667e+01	-6.894465e-02	4.602190e+00
2.590000e+01	-6.866451e-02	4.603575e+00
2.593333e+01	-6.760189e-02	4.608828e+00
2.596667e+01	-6.377350e-02	4.627751e+00
26	-5.693216e-02	4.661568e+00
2.603333e+01	-4.986940e-02	4.696479e+00
2.606667e+01	-4.604743e-02	4.715371e+00
2.610000e+01	-4.631164e-02	4.714065e+00
2.613333e+01	-4.859438e-02	4.702781e+00
2.616667e+01	-5.029133e-02	4.694393e+00
2.620000e+01	-5.035977e-02	4.694055e+00
2.623333e+01	-4.945236e-02	4.698540e+00
2.626667e+01	-4.869935e-02	4.702263e+00
2.630000e+01	-4.862756e-02	4.702617e+00
2.633333e+01	-4.900436e-02	4.700755e+00
2.636667e+01	-4.912779e-02	4.700145e+00
2.640000e+01	-4.775020e-02	4.706954e+00
2.643333e+01	-4.344083e-02	4.728255e+00
2.646667e+01	-3.640215e-02	4.763047e+00
2.650000e+01	-2.946157e-02	4.797355e+00
2.653333e+01	-2.584994e-02	4.815207e+00
2.656667e+01	-2.620948e-02	4.813430e+00
2.660000e+01	-2.844589e-02	4.802375e+00
2.663333e+01	-3.005122e-02	4.794440e+00
2.666667e+01	-3.007414e-02	4.794327e+00
2.670000e+01	-2.918377e-02	4.798728e+00
2.673333e+01	-2.847049e-02	4.802253e+00
2.676667e+01	-2.842021e-02	4.802502e+00
2.680000e+01	-2.879101e-02	4.800669e+00
2.683333e+01	-2.911198e-02	4.799083e+00
2.686667e+01	-2.915088e-02	4.798890e+00
2.690000e+01	-2.878150e-02	4.800716e+00
2.693333e+01	-2.721048e-02	4.808482e+00
2.696667e+01	-2.303320e-02	4.829130e+00
27	-1.621044e-02	4.862855e+00
2.703333e+01	-9.363843e-03	4.896697e+00
2.706667e+01	-5.701612e-03	4.914800e+00
2.710000e+01	-5.966936e-03	4.913488e+00
2.713333e+01	-8.158254e-03	4.902657e+00
2.716667e+01	-9.782442e-03	4.894628e+00
2.720000e+01	-9.846304e-03	4.894312e+00
2.723333e+01	-8.977323e-03	4.898608e+00
2.726667e+01	-8.257275e-03	4.902167e+00
2.730000e+01	-8.189282e-03	4.902503e+00
2.733333e+01	-8.550033e-03	4.900720e+00
2.736667e+01	-8.873303e-03	4.899122e+00
2.740000e+01	-8.919824e-03	4.898892e+00
2.743333e+01	-8.984501e-03	4.898572e+00
2.746667e+01	-1.026589e-02	4.892238e+00
2.750000e+01	-1.439077e-02	4.871849e+00
2.753333e+01	-2.133954e-02	4.837502e+00
2.756667e+01	-2.831581e-02	4.803018e+00
2.760000e+01	-3.200753e-02	4.784770e+00
2.763333e+01	-3.169055e-02	4.786337e+00
2.766667e+01	-2.944145e-02	4.797454e+00
2.770000e+01	-2.780151e-02	4.805560e+00
2.773333e+01	-2.775862e-02	4.805772e+00
2.776667e+01	-2.886792e-02	4.800289e+00
2.780000e+01	-3.102264e-02	4.789638e+00
2.783333e+01	-3.523493e-02	4.768817e+00
2.786667e+01	-4.174971e-02	4.736615e+00
2.790000e+01	-4.833371e-02	4.704070e+00
2.793333e+01	-5.196680e-02	4.686112e+00
2.796667e+01	-5.183014e-02	4.686787e+00
28	-4.975711e-02	4.697034e+00
2.803333e+01	-4.815188e-02	4.704969e+00
2.806667e+01	-4.803463e-02	4.705548e+00
2.810000e+01	-4.906523e-02	4.700454e+00
2.813333e+01	-5.120082e-02	4.689898e+00
2.816667e+01	-5.544349e-02	4.668926e+00
2.820000e+01	-6.220797e-02	4.635490e+00
2.823333e+01	-7.044329e-02	4.594783e+00
2.826667e+01	-7.964337e-02	4.549307e+00
2.830000e+01	-9.053076e-02	4.495491e+00
2.833333e+01	-1.024655e-01	4.436498e+00
2.836667e+01	-1.128793e-01	4.385022e+00
2.840000e+01	-1.205210e-01	4.347250e+00
2.843333e+01	-1.271410e-01	4.314527e+00
2.846667e+01	-1.350602e-01	4.275383e+00
2.850000e+01	-1.440253e-01	4.231068e+00
2.853333e+01	-1.513501e-01	4.194862e+00
2.856667e+01	-1.555220e-01	4.174240e+00
2.860000e+01	-1.584848e-01	4.159595e+00
2.863333e+01	-1.629356e-01	4.137595e+00
2.866667e+01	-1.685471e-01	4.109857e+00
2.870000e+01	-1.725550e-01	4.090046e+00
2.873333e+01	-1.732590e-01	4.086566e+00
2.876667e+01	-1.716318e-01	4.094610e+00
2.880000e+01	-1.698951e-01	4.103194e+00
2.883333e+01	-1.694183e-01	4.105551e+00
2.886667e+01	-1.700270e-01	4.102542e+00
2.890000e+01	-1.707804e-01	4.098818e+00
2.893333e+01	-1.710249e-01	4.097609e+00
2.896667e+01	-1.707841e-01	4.098800e+00
29	-1.704535e-01	4.100434e+00
2.903333e+01	-1.701172e-01	4.102096e+00
2.906667e+01	-1.687856e-01	4.108678e+00
2.910000e+01	-1.647781e-01	4.128487e+00
2.913333e+01	-1.579508e-01	4.162234e+00
2.916667e+01	-1.510027e-01	4.196579e+00
2.920000e+01	-1.470482e-01	4.216126e+00
2.923333e+01	-1.458845e-01	4.221878e+00
2.926667e+01	-1.437512e-01	4.232423e+00
2.930000e+01	-1.368826e-01	4.266375e+00
2.933333e+01	-1.244588e-01	4.327785e+00
2.936667e+01	-1.088561e-01	4.404909e+00
2.940000e+01	-9.461355e-02	4.475309e+00
2.943333e+01	-8.596126e-02	4.518078e+00
2.946667e+01	-8.315006e-02	4.531973e+00
2.950000e+01	-8.189278e-02	4.538188e+00
2.953333e+01	-7.802395e-02	4.557312e+00
2.956667e+01	-7.192044e-02	4.587481e+00
2.960000e+01	-6.720345e-02	4.610797e+00
2.963333e+01	-6.622716e-02	4.615623e+00
2.966667e+01	-6.804813e-02	4.606622e+00
2.970000e+01	-7.009380e-02	4.596510e+00
2.973333e+01	-7.070196e-02	4.593504e+00
2.976667e+01	-7.001822e-02	4.596884e+00
2.980000e+01	-6.912985e-02	4.601275e+00
2.983333e+01	-6.882215e-02	4.602796e+00
2.986667e+01	-6.909113e-02	4.601466e+00
2.990000e+01	-6.948051e-02	4.599542e+00
2.993333e+01	-6.963220e-02	4.598792e+00
2.996667e+01	-6.952697e-02	4.599312e+00
30	-6.935635e-02	4.600155e+00
3.003333e+01	-6.928257e-02	4.600520e+00
3.006667e+01	-6.932295e-02	4.600320e+00
3.010000e+01	-6.939743e-02	4.599952e+00
3.013333e+01	-6.943285e-02	4.599777e+00
3.016667e+01	-6.941776e-02	4.599852e+00
3.020000e+01	-6.938540e-02	4.600012e+00
3.023333e+01	-6.936858e-02	4.600095e+00
3.026667e+01	-6.937401e-02	4.600068e+00
3.030000e+01	-6.938802e-02	4.599999e+00
3.033333e+01	-6.918124e-02	4.601021e+00
3.036667e+01	-6.775283e-02	4.608082e+00
3.040000e+01	-6.359408e-02	4.628638e+00
3.043333e+01	-5.670355e-02	4.662698e+00
3.046667e+01	-4.979278e-02	4.696858e+00
3.050000e+01	-4.611908e-02	4.715017e+00
3.053333e+01	-4.641244e-02	4.713567e+00
3.056667e+01	-4.863249e-02	4.702593e+00
3.060000e+01	-5.026316e-02	4.694533e+00
3.063333e+01	-5.031552e-02	4.694274e+00
3.066667e+01	-4.943373e-02	4.698633e+00
3.070000e+01	-4.871022e-02	4.702209e+00
3.073333e+01	-4.864690e-02	4.702522e+00
3.076667e+01	-4.901333e-02	4.700711e+00
3.080000e+01	-4.933839e-02	4.699104e+00
3.083333e+01	-4.938303e-02	4.698883e+00
3.086667e+01	-4.923051e-02	4.699637e+00
3.090000e+01	-4.908445e-02	4.700359e+00
3.093333e+01	-4.905736e-02	4.700493e+00
3.096667e+01	-4.912038e-02	4.700181e+00
31	-4.918575e-02	4.699858e+00
3.103333e+01	-4.920090e-02	4.699783e+00
3.106667e+01	-4.917509e-02	4.699911e+00
3.110000e+01	-4.914597e-02	4.700055e+00
3.113333e+01	-4.913791e-02	4.700095e+00
3.116667e+01	-4.914838e-02	4.700043e+00
3.120000e+01	-4.916129e-02	4.699979e+00
3.123333e+01	-4.916543e-02	4.699959e+00
3.126667e+01	-4.916124e-02	4.699979e+00
3.130000e+01	-4.915554e-02	4.700008e+00
3.133333e+01	-4.936815e-02	4.698957e+00
3.136667e+01	-5.058168e-02	4.692958e+00
3.140000e+01	-5.331034e-02	4.679471e+00
3.143333e+01	-5.604549e-02	4.665951e+00
3.146667e+01	-5.628403e-02	4.664772e+00
3.150000e+01	-5.447443e-02	4.673716e+00
3.153333e+01	-5.465872e-02	4.672805e+00
3.156667e+01	-5.961726e-02	4.648296e+00
3.160000e+01	-6.711752e-02	4.611222e+00
3.163333e+01	-7.237265e-02	4.585246e+00
3.166667e+01	-7.301587e-02	4.582066e+00
3.170000e+01	-7.063763e-02	4.593822e+00
3.173333e+01	-6.834546e-02	4.605152e+00
3.176667e+01	-6.786223e-02	4.607541e+00
3.180000e+01	-6.878530e-02	4.602978e+00
3.183333e+01	-6.978978e-02	4.598013e+00
3.186667e+01	-7.005076e-02	4.596723e+00
3.190000e+01	-6.967794e-02	4.598566e+00
3.193333e+01	-6.923368e-02	4.600762e+00
3.196667e+01	-6.909870e-02	4.601429e+00
32	-6.924883e-02	4.600687e+00
3.203333e+01	-6.965989e-02	4.598655e+00
3.206667e+01	-7.115461e-02	4.591267e+00
3.210000e+01	-7.524763e-02	4.571035e+00
3.213333e+01	-8.204801e-02	4.537421e+00
3.216667e+01	-8.892563e-02	4.503425e+00
3.220000e+01	-9.262527e-02	4.485138e+00
3.223333e+01	-9.237153e-02	4.486392e+00
3.226667e+01	-9.016773e-02	4.497285e+00
3.230000e+01	-8.852701e-02	4.505395e+00
3.233333e+01	-8.845731e-02	4.505740e+00
3.236667e+01	-8.954593e-02	4.500359e+00
3.240000e+01	-9.169981e-02	4.489712e+00
3.243333e+01	-9.592340e-02	4.468835e+00
3.246667e+01	-1.024476e-01	4.436586e+00
3.250000e+01	-1.090325e-01	4.404037e+00
3.253333e+01	-1.126608e-01	4.386102e+00
3.256667e+01	-1.125199e-01	4.386799e+00
3.260000e+01	-1.104463e-01	4.397049e+00
3.263333e+01	-1.088430e-01	4.404974e+00
3.266667e+01	-1.087277e-01	4.405544e+00
3.270000e+01	-1.095439e-01	4.401509e+00
3.273333e+01	-1.104668e-01	4.396947e+00
3.276667e+01	-1.119825e-01	4.389455e+00
3.280000e+01	-1.157980e-01	4.370595e+00
3.283333e+01	-1.223679e-01	4.338120e+00
3.286667e+01	-1.292241e-01	4.304230e+00
3.290000e+01	-1.330400e-01	4.285368e+00
3.293333e+01	-1.331049e-01	4.285047e+00
3.296667e+01	-1.323426e-01	4.288816e+00
33	-1.348062e-01	4.276638e+00
3.303333e+01	-1.415766e-01	4.243172e+00
3.306667e+01	-1.493530e-01	4.204734e+00
3.310000e+01	-1.537765e-01	4.182868e+00
3.313333e+01	-1.535766e-01	4.183856e+00
3.316667e+01	-1.509987e-01	4.196599e+00
3.320000e+01	-1.490323e-01	4.206318e+00
3.323333e+01	-1.489220e-01	4.206864e+00
3.326667e+01	-1.497372e-01	4.202834e+00
3.330000e+01	-1.491845e-01	4.205566e+00
3.333333e+01	-1.451281e-01	4.225617e+00
3.336667e+01	-1.378140e-01	4.261771e+00
3.340000e+01	-1.305105e-01	4.297871e+00
3.343333e+01	-1.267718e-01	4.316352e+00
3.346667e+01	-1.272408e-01	4.314034e+00
3.350000e+01	-1.296368e-01	4.302190e+00
3.353333e+01	-1.313048e-01	4.293945e+00
3.356667e+01	-1.312850e-01	4.294043e+00
3.360000e+01	-1.305394e-01	4.297729e+00
3.363333e+01	-1.312222e-01	4.294354e+00
3.366667e+01	-1.353410e-01	4.273995e+00
3.370000e+01	-1.426291e-01	4.237969e+00
3.373333e+01	-1.498761e-01	4.202148e+00
3.376667e+01	-1.537998e-01	4.182753e+00
3.380000e+01	-1.547668e-01	4.177973e+00
3.383333e+01	-1.565479e-01	4.169169e+00
3.386667e+01	-1.617806e-01	4.143304e+00
3.390000e+01	-1.687086e-01	4.109059e+00
3.393333e+01	-1.733347e-01	4.086192e+00
3.396667e+01	-1.737804e-01	4.083989e+00
34	-1.715950e-01	4.094791e+00
3.403333e+01	-1.695665e-01	4.104819e+00
3.406667e+01	-1.691807e-01	4.106725e+00
3.410000e+01	-1.700295e-01	4.102530e+00
3.413333e+01	-1.709195e-01	4.098131e+00
3.416667e+01	-1.711332e-01	4.097074e+00
3.420000e+01	-1.707892e-01	4.098775e+00
3.423333e+01	-1.703949e-01	4.100724e+00
3.426667e+01	-1.704974e-01	4.100217e+00
3.430000e+01	-1.720632e-01	4.092477e+00
3.433333e+01	-1.763905e-01	4.071087e+00
3.436667e+01	-1.833346e-01	4.036763e+00
3.440000e+01	-1.901903e-01	4.002875e+00
3.443333e+01	-1.935749e-01	3.986145e+00
3.446667e+01	-1.918281e-01	3.994780e+00
3.450000e+01	-1.854771e-01	4.026173e+00
3.453333e+01	-1.769923e-01	4.068113e+00
3.456667e+01	-1.698271e-01	4.103530e+00
3.460000e+01	-1.655976e-01	4.124436e+00
3.463333e+01	-1.624457e-01	4.140016e+00
3.466667e+01	-1.578360e-01	4.162802e+00
3.470000e+01	-1.524079e-01	4.189633e+00
3.473333e+01	-1.498925e-01	4.202066e+00
3.476667e+01	-1.534135e-01	4.184662e+00
3.480000e+01	-1.619479e-01	4.142477e+00
3.483333e+01	-1.707854e-01	4.098794e+00
3.486667e+01	-1.761187e-01	4.072431e+00
3.490000e+01	-1.779341e-01	4.063458e+00
3.493333e+01	-1.777046e-01	4.064592e+00
3.496667e+01	-1.758667e-01	4.073677e+00
35	-1.728244e-01	4.088714e+00
3.503333e+01	-1.700650e-01	4.102354e+00
3.506667e+01	-1.689760e-01	4.107737e+00
3.510000e+01	-1.695306e-01	4.104996e+00
3.513333e+01	-1.705991e-01	4.099714e+00
3.516667e+01	-1.711519e-01	4.096982e+00
3.520000e+01	-1.709873e-01	4.097795e+00
3.523333e+01	-1.705425e-01	4.099994e+00
3.526667e+01	-1.702862e-01	4.101261e+00
3.530000e+01	-1.703399e-01	4.100995e+00
3.533333e+01	-1.705299e-01	4.100056e+00
3.536667e+01	-1.706486e-01	4.099470e+00
3.540000e+01	-1.706324e-01	4.099549e+00
3.543333e+01	-1.705512e-01	4.099951e+00
3.546667e+01	-1.704964e-01	4.100222e+00
3.550000e+01	-1.705002e-01	4.100203e+00
3.553333e+01	-1.705348e-01	4.100032e+00
3.556667e+01	-1.705599e-01	4.099908e+00
3.560000e+01	-1.705597e-01	4.099909e+00
3.563333e+01	-1.705451e-01	4.099981e+00
3.566667e+01	-1.705336e-01	4.100038e+00
3.570000e+01	-1.705330e-01	4.100041e+00
3.573333e+01	-1.705392e-01	4.100010e+00
3.576667e+01	-1.705444e-01	4.099985e+00
3.580000e+01	-1.705449e-01	4.099982e+00
3.583333e+01	-1.705424e-01	4.099995e+00
3.586667e+01	-1.705400e-01	4.100006e+00
3.590000e+01	-1.705397e-01	4.100008e+00
3.593333e+01	-1.705407e-01	4.100003e+00
3.596667e+01	-1.705418e-01	4.099998e+00
36	-1.705420e-01	4.099996e+00
3.603333e+01	-1.705416e-01	4.099999e+00
3.606667e+01	-1.705411e-01	4.100001e+00
3.610000e+01	-1.705410e-01	4.100002e+00
3.613333e+01	-1.705412e-01	4.100001e+00
3.616667e+01	-1.705414e-01	4.100000e+00
3.620000e+01	-1.703267e-01	4.101061e+00
3.623333e+01	-1.689001e-01	4.108112e+00
3.626667e+01	-1.647473e-01	4.128640e+00
3.630000e+01	-1.578604e-01	4.162681e+00
3.633333e+01	-1.509491e-01	4.196844e+00
3.636667e+01	-1.470582e-01	4.216077e+00
3.640000e+01	-1.459233e-01	4.221686e+00
3.643333e+01	-1.439908e-01	4.231239e+00
3.646667e+01	-1.387357e-01	4.257215e+00
3.650000e+01	-1.318775e-01	4.291115e+00
3.653333e+01	-1.273194e-01	4.313645e+00
3.656667e+01	-1.268871e-01	4.315782e+00
3.660000e+01	-1.290436e-01	4.305122e+00
3.663333e+01	-1.310418e-01	4.295245e+00
3.666667e+01	-1.314202e-01	4.293375e+00
3.670000e+01	-1.305832e-01	4.297512e+00
3.673333e+01	-1.297067e-01	4.301845e+00
3.676667e+01	-1.294968e-01	4.302882e+00
3.680000e+01	-1.298361e-01	4.301205e+00
3.683333e+01	-1.302244e-01	4.299286e+00
3.686667e+01	-1.303346e-01	4.298741e+00
3.690000e+01	-1.302134e-01	4.299340e+00
3.693333e+01	-1.301645e-01	4.299582e+00
3.696667e+01	-1.305428e-01	4.297712e+00
37	-1.315488e-01	4.292739e+00
3.703333e+01	-1.330940e-01	4.285101e+00
3.706667e+01	-1.348673e-01	4.276336e+00
3.710000e+01	-1.365689e-01	4.267925e+00
3.713333e+01	-1.380923e-01	4.260395e+00
3.716667e+01	-1.395129e-01	4.253373e+00
3.720000e+01	-1.409516e-01	4.246261e+00
3.723333e+01	-1.424627e-01	4.238792e+00
3.726667e+01	-1.440202e-01	4.231093e+00
3.730000e+01	-1.455726e-01	4.223420e+00
3.733333e+01	-1.470943e-01	4.215898e+00
3.736667e+01	-1.485949e-01	4.208481e+00
3.740000e+01	-1.500964e-01	4.201059e+00
3.743333e+01	-1.516109e-01	4.193572e+00
3.746667e+01	-1.531352e-01	4.186038e+00
3.750000e+01	-1.546596e-01	4.178503e+00
3.753333e+01	-1.561784e-01	4.170995e+00
3.756667e+01	-1.576929e-01	4.163509e+00
3.760000e+01	-1.592070e-01	4.156025e+00
3.763333e+01	-1.607235e-01	4.148529e+00
3.766667e+01	-1.622420e-01	4.141023e+00
3.770000e+01	-1.637607e-01	4.133517e+00
3.773333e+01	-1.652784e-01	4.126014e+00
3.776667e+01	-1.667952e-01	4.118517e+00
3.780000e+01	-1.683119e-01	4.111020e+00
3.783333e+01	-1.698290e-01	4.103521e+00
3.786667e+01	-1.713465e-01	4.096020e+00
3.790000e+01	-1.728641e-01	4.088519e+00
3.793333e+01	-1.743815e-01	4.081018e+00
3.796667e+01	-1.758987e-01	4.073518e+00
38	-1.774159e-01	4.066019e+00
3.803333e+01	-1.789331e-01	4.058519e+00
3.806667e+01	-1.804505e-01	4.051019e+00
3.810000e+01	-1.819678e-01	4.043519e+00
3.813333e+01	-1.834851e-01	4.036019e+00
3.816667e+01	-1.850024e-01	4.028519e+00
3.820000e+01	-1.865197e-01	4.021019e+00
3.823333e+01	-1.880209e-01	4.013599e+00
3.826667e+01	-1.894151e-01	4.006707e+00
3.830000e+01	-1.902832e-01	4.002416e+00
3.833333e+01	-1.894229e-01	4.006669e+00
3.836667e+01	-1.853181e-01	4.026959e+00
3.840000e+01	-1.782034e-01	4.062126e+00
3.843333e+01	-1.710861e-01	4.097307e+00
3.846667e+01	-1.673704e-01	4.115674e+00
3.850000e+01	-1.675303e-01	4.114883e+00
3.853333e+01	-1.684108e-01	4.110531e+00
3.856667e+01	-1.659107e-01	4.122889e+00
3.860000e+01	-1.590435e-01	4.156833e+00
3.863333e+01	-1.512120e-01	4.195544e+00
3.866667e+01	-1.465863e-01	4.218409e+00
3.870000e+01	-1.454013e-01	4.224267e+00
3.873333e+01	-1.438522e-01	4.231924e+00
3.876667e+01	-1.389278e-01	4.256265e+00
3.880000e+01	-1.318943e-01	4.291031e+00
3.883333e+01	-1.257497e-01	4.321404e+00
3.886667e+01	-1.210157e-01	4.344804e+00
3.890000e+01	-1.162604e-01	4.368309e+00
3.893333e+01	-1.114136e-01	4.392267e+00
3.896667e+01	-1.081824e-01	4.408239e+00
39	-1.076514e-01	4.410863e+00
3.903333e+01	-1.089679e-01	4.404356e+00
3.906667e+01	-1.101454e-01	4.398536e+00
3.910000e+01	-1.091035e-01	4.403686e+00
3.913333e+01	-1.044683e-01	4.426598e+00
3.916667e+01	-9.698091e-02	4.463608e+00
3.920000e+01	-8.987259e-02	4.498744e+00
3.923333e+01	-8.638632e-02	4.515977e+00
3.926667e+01	-8.694107e-02	4.513234e+00
3.930000e+01	-8.925899e-02	4.501777e+00
3.933333e+01	-9.081589e-02	4.494081e+00
3.936667e+01	-9.075357e-02	4.494389e+00
3.940000e+01	-8.982395e-02	4.498984e+00
3.943333e+01	-8.912896e-02	4.502420e+00
3.946667e+01	-8.911577e-02	4.502485e+00
3.950000e+01	-8.929059e-02	4.501621e+00
3.953333e+01	-8.817832e-02	4.507119e+00
3.956667e+01	-8.404843e-02	4.527533e+00
3.960000e+01	-7.699807e-02	4.562383e+00
3.963333e+01	-6.994459e-02	4.597248e+00
3.966667e+01	-6.625068e-02	4.615507e+00
3.970000e+01	-6.661054e-02	4.613728e+00
3.973333e+01	-6.889474e-02	4.602437e+00
3.976667e+01	-7.053758e-02	4.594317e+00
3.980000e+01	-7.056249e-02	4.594193e+00
3.983333e+01	-6.943732e-02	4.599755e+00
3.986667e+01	-6.728047e-02	4.610416e+00
3.990000e+01	-6.307567e-02	4.631201e+00
3.993333e+01	-5.656803e-02	4.663368e+00
3.996667e+01	-4.998534e-02	4.695906e+00
40	-4.634915e-02	4.713880e+00
4.003333e+01	-4.648262e-02	4.713220e+00
4.006667e+01	-4.834023e-02	4.704038e+00
4.010000e+01	-4.852017e-02	4.703148e+00
4.013333e+01	-4.448613e-02	4.723088e+00
4.016667e+01	-3.678376e-02	4.761161e+00
4.020000e+01	-2.916287e-02	4.798831e+00
4.023333e+01	-2.539599e-02	4.817451e+00
4.026667e+01	-2.602449e-02	4.814344e+00
4.030000e+01	-2.856217e-02	4.801800e+00
4.033333e+01	-3.024970e-02	4.793459e+00
4.036667e+01	-3.037816e-02	4.792824e+00
4.040000e+01	-3.078079e-02	4.790834e+00
4.043333e+01	-3.417796e-02	4.774042e+00
4.046667e+01	-4.105833e-02	4.740032e+00
4.050000e+01	-4.839946e-02	4.703745e+00
4.053333e+01	-5.241793e-02	4.683882e+00
4.056667e+01	-5.214784e-02	4.685217e+00
4.060000e+01	-4.974701e-02	4.697084e+00
4.063333e+01	-4.796034e-02	4.705915e+00
4.066667e+01	-4.788937e-02	4.706266e+00
4.070000e+01	-4.884662e-02	4.701535e+00
4.073333e+01	-4.964041e-02	4.697611e+00
4.076667e+01	-4.971557e-02	4.697239e+00
4.080000e+01	-4.931787e-02	4.699205e+00
4.083333e+01	-4.917600e-02	4.699907e+00
4.086667e+01	-5.055112e-02	4.693109e+00
4.090000e+01	-5.486920e-02	4.671765e+00
4.093333e+01	-6.191617e-02	4.636932e+00
4.096667e+01	-6.885827e-02	4.602617e+00
41	-7.246630e-02	4.584783e+00
4.103333e+01	-7.210304e-02	4.586579e+00
4.106667e+01	-6.986578e-02	4.597637e+00
4.110000e+01	-6.826193e-02	4.605565e+00
4.113333e+01	-6.824066e-02	4.605670e+00
4.116667e+01	-6.913149e-02	4.601267e+00
4.120000e+01	-6.984416e-02	4.597744e+00
4.123333e+01	-6.989372e-02	4.597499e+00
4.126667e+01	-6.952268e-02	4.599333e+00
4.130000e+01	-6.920195e-02	4.600919e+00
4.133333e+01	-6.916337e-02	4.601109e+00
4.136667e+01	-6.931819e-02	4.600344e+00
4.140000e+01	-6.946255e-02	4.599630e+00
4.143333e+01	-6.948697e-02	4.599510e+00
4.146667e+01	-6.942283e-02	4.599827e+00
4.150000e+01	-6.935812e-02	4.600147e+00
4.153333e+01	-6.934413e-02	4.600216e+00
4.156667e+01	-6.937049e-02	4.600085e+00
4.160000e+01	-6.939936e-02	4.599943e+00
4.163333e+01	-6.940691e-02	4.599905e+00
4.166667e+01	-6.939618e-02	4.599958e+00
4.170000e+01	-6.938336e-02	4.600022e+00
4.173333e+01	-6.959413e-02	4.598980e+00
4.176667e+01	-7.102500e-02	4.591907e+00
4.180000e+01	-7.518339e-02	4.571352e+00
4.183333e+01	-8.207221e-02	4.537301e+00
4.186667e+01	-8.898184e-02	4.503147e+00
4.190000e+01	-9.265563e-02	4.484987e+00
4.193333e+01	-9.236300e-02	4.486434e+00
4.196667e+01	-9.014347e-02	4.497405e+00
42	-8.851280e-02	4.505465e+00
4.203333e+01	-8.846012e-02	4.505726e+00
4.206667e+01	-8.934167e-02	4.501368e+00
4.210000e+01	-9.006517e-02	4.497792e+00
4.213333e+01	-9.012863e-02	4.497478e+00
4.216667e+01	-8.976230e-02	4.499289e+00
4.220000e+01	-8.943726e-02	4.500896e+00
4.223333e+01	-8.939255e-02	4.501117e+00
4.226667e+01	-8.954503e-02	4.500363e+00
4.230000e+01	-8.969108e-02	4.499641e+00
4.233333e+01	-8.971820e-02	4.499507e+00
4.236667e+01	-8.965519e-02	4.499819e+00
4.240000e+01	-8.958983e-02	4.500142e+00
4.243333e+01	-8.957467e-02	4.500217e+00
4.246667e+01	-8.960047e-02	4.500089e+00
4.250000e+01	-8.962959e-02	4.499945e+00
4.253333e+01	-8.963765e-02	4.499905e+00
4.256667e+01	-8.962719e-02	4.499957e+00
4.260000e+01	-8.961428e-02	4.500021e+00
4.263333e+01	-8.961014e-02	4.500041e+00
4.266667e+01	-8.961433e-02	4.500021e+00
4.270000e+01	-8.962003e-02	4.499992e+00
4.273333e+01	-8.962210e-02	4.499982e+00
4.276667e+01	-8.962045e-02	4.499990e+00
4.280000e+01	-8.983263e-02	4.498941e+00
4.283333e+01	-9.125817e-02	4.491895e+00
4.286667e+01	-9.541152e-02	4.471365e+00
4.290000e+01	-1.022995e-01	4.437318e+00
4.293333e+01	-1.092113e-01	4.403153e+00
4.296667e+01	-1.128873e-01	4.384982e+00
43	-1.125952e-01	4.386426e+00
4.303333e+01	-1.103748e-01	4.397402e+00
4.306667e+01	-1.087431e-01	4.405467e+00
4.310000e+01	-1.086902e-01	4.405729e+00
4.313333e+01	-1.095721e-01	4.401370e+00
4.316667e+01	-1.102960e-01	4.397791e+00
4.320000e+01	-1.103596e-01	4.397477e+00
4.323333e+01	-1.099931e-01	4.399288e+00
4.326667e+01	-1.096679e-01	4.400896e+00
4.330000e+01	-1.096231e-01	4.401117e+00
4.333333e+01	-1.097757e-01	4.400363e+00
4.336667e+01	-1.099218e-01	4.399641e+00
4.340000e+01	-1.099490e-01	4.399507e+00
4.343333e+01	-1.098859e-01	4.399818e+00
4.346667e+01	-1.098205e-01	4.400142e+00
4.350000e+01	-1.098053e-01	4.400217e+00
4.353333e+01	-1.098312e-01	4.400089e+00
4.356667e+01	-1.098603e-01	4.399945e+00
4.360000e+01	-1.098684e-01	4.399905e+00
4.363333e+01	-1.098579e-01	4.399957e+00
4.366667e+01	-1.098450e-01	4.400021e+00
4.370000e+01	-1.098408e-01	4.400041e+00
4.373333e+01	-1.098450e-01	4.400021e+00
4.376667e+01	-1.098507e-01	4.399992e+00
4.380000e+01	-1.098528e-01	4.399982e+00
4.383333e+01	-1.098511e-01	4.399990e+00
4.386667e+01	-1.098486e-01	4.400003e+00
4.390000e+01	-1.098476e-01	4.400008e+00
4.393333e+01	-1.098483e-01	4.400005e+00
4.396667e+01	-1.098494e-01	4.399999e+00
44	-1.098499e-01	4.399997e+00
4.403333e+01	-1.098496e-01	4.399998e+00
4.406667e+01	-1.098491e-01	4.400000e+00
4.410000e+01	-1.098489e-01	4.400001e+00
4.413333e+01	-1.098490e-01	4.400001e+00
4.416667e+01	-1.098492e-01	4.400000e+00
4.420000e+01	-1.098493e-01	4.399999e+00
4.423333e+01	-1.098493e-01	4.400000e+00
4.426667e+01	-1.098492e-01	4.400000e+00
4.430000e+01	-1.096344e-01	4.401061e+00
4.433333e+01	-1.082079e-01	4.408113e+00
4.436667e+01	-1.040552e-01	4.428639e+00
4.440000e+01	-9.716840e-02	4.462681e+00
4.443333e+01	-9.025705e-02	4.496844e+00
4.446667e+01	-8.658076e-02	4.515015e+00
4.450000e+01	-8.687239e-02	4.513574e+00
4.453333e+01	-8.909260e-02	4.502599e+00
4.456667e+01	-9.072437e-02	4.494534e+00
4.460000e+01	-9.077753e-02	4.494271e+00
4.463333e+01	-8.989572e-02	4.498630e+00
4.466667e+01	-8.917173e-02	4.502208e+00
4.470000e+01	-8.932274e-02	4.501462e+00
4.473333e+01	-9.111572e-02	4.492599e+00
4.476667e+01	-9.559369e-02	4.470465e+00
4.480000e+01	-1.025253e-01	4.436202e+00
4.483333e+01	-1.092842e-01	4.402793e+00
4.486667e+01	-1.128143e-01	4.385343e+00
4.490000e+01	-1.124955e-01	4.386919e+00
4.493333e+01	-1.103383e-01	4.397582e+00
4.496667e+01	-1.089866e-01	4.404264e+00
45	-1.103752e-01	4.397400e+00
4.503333e+01	-1.153839e-01	4.372642e+00
4.506667e+01	-1.227510e-01	4.336227e+00
4.510000e+01	-1.282913e-01	4.308841e+00
4.513333e+01	-1.274590e-01	4.312955e+00
4.516667e+01	-1.199681e-01	4.349982e+00
4.520000e+01	-1.107959e-01	4.395320e+00
4.523333e+01	-1.056362e-01	4.420825e+00
4.526667e+01	-1.060151e-01	4.418952e+00
4.530000e+01	-1.093569e-01	4.402433e+00
4.533333e+01	-1.130779e-01	4.384041e+00
4.536667e+01	-1.172845e-01	4.363247e+00
4.540000e+01	-1.229090e-01	4.335446e+00
4.543333e+01	-1.287962e-01	4.306345e+00
4.546667e+01	-1.323921e-01	4.288571e+00
4.550000e+01	-1.326269e-01	4.287410e+00
4.553333e+01	-1.306532e-01	4.297166e+00
4.556667e+01	-1.276544e-01	4.311989e+00
4.560000e+01	-1.234438e-01	4.332802e+00
4.563333e+01	-1.186579e-01	4.356459e+00
4.566667e+01	-1.165864e-01	4.366698e+00
4.570000e+01	-1.199514e-01	4.350065e+00
4.573333e+01	-1.268809e-01	4.315813e+00
4.576667e+01	-1.324730e-01	4.288171e+00
4.580000e+01	-1.337310e-01	4.281952e+00
4.583333e+01	-1.316751e-01	4.292115e+00
4.586667e+01	-1.292965e-01	4.303872e+00
4.590000e+01	-1.285616e-01	4.307505e+00
4.593333e+01	-1.293351e-01	4.303681e+00
4.596667e+01	-1.303659e-01	4.298586e+00
46	-1.307336e-01	4.296769e+00
4.603333e+01	-1.306443e-01	4.297210e+00
4.606667e+01	-1.316194e-01	4.292390e+00
4.610000e+01	-1.355916e-01	4.272756e+00
4.613333e+01	-1.425969e-01	4.238129e+00
4.616667e+01	-1.497059e-01	4.202989e+00
4.620000e+01	-1.536844e-01	4.183323e+00
4.623333e+01	-1.547786e-01	4.177914e+00
4.626667e+01	-1.566599e-01	4.168616e+00
4.630000e+01	-1.619963e-01	4.142237e+00
4.633333e+01	-1.691411e-01	4.106921e+00
4.636667e+01	-1.741535e-01	4.082145e+00
4.640000e+01	-1.751007e-01	4.077463e+00
4.643333e+01	-1.734271e-01	4.085736e+00
4.646667e+01	-1.718544e-01	4.093510e+00
4.650000e+01	-1.718736e-01	4.093415e+00
4.653333e+01	-1.731183e-01	4.087262e+00
4.656667e+01	-1.744263e-01	4.080796e+00
4.660000e+01	-1.750804e-01	4.077563e+00
4.663333e+01	-1.751819e-01	4.077062e+00
4.666667e+01	-1.752241e-01	4.076853e+00
4.670000e+01	-1.755385e-01	4.075299e+00
4.673333e+01	-1.761016e-01	4.072516e+00
4.676667e+01	-1.767037e-01	4.069539e+00
4.680000e+01	-1.771929e-01	4.067121e+00
4.683333e+01	-1.775705e-01	4.065255e+00
4.686667e+01	-1.779253e-01	4.063501e+00
4.690000e+01	-1.783266e-01	4.061517e+00
4.693333e+01	-1.787778e-01	4.059287e+00
4.696667e+01	-1.792414e-01	4.056996e+00
47	-1.796860e-01	4.054798e+00
4.703333e+01	-1.801085e-01	4.052709e+00
4.706667e+01	-1.805245e-01	4.050653e+00
4.710000e+01	-1.809481e-01	4.048559e+00
4.713333e+01	-1.813815e-01	4.046417e+00
4.716667e+01	-1.818182e-01	4.044258e+00
4.720000e+01	-1.822519e-01	4.042115e+00
4.723333e+01	-1.826813e-01	4.039992e+00
4.726667e+01	-1.831090e-01	4.037878e+00
4.730000e+01	-1.835379e-01	4.035758e+00
4.733333e+01	-1.839687e-01	4.033628e+00
4.736667e+01	-1.844003e-01	4.031495e+00
4.740000e+01	-1.848315e-01	4.029364e+00
4.743333e+01	-1.852618e-01	4.027237e+00
4.746667e+01	-1.856918e-01	4.025111e+00
4.750000e+01	-1.861219e-01	4.022985e+00
4.753333e+01	-1.865523e-01	4.020858e+00
4.756667e+01	-1.869830e-01	4.018729e+00
4.760000e+01	-1.874136e-01	4.016601e+00
4.763333e+01	-1.878440e-01	4.014473e+00
4.766667e+01	-1.882744e-01	4.012346e+00
4.770000e+01	-1.887047e-01	4.010218e+00
4.773333e+01	-1.891352e-01	4.008091e+00
4.776667e+01	-1.895657e-01	4.005963e+00
4.780000e+01	-1.899916e-01	4.003858e+00
4.783333e+01	-1.903871e-01	4.001903e+00
4.786667e+01	-1.906942e-01	4.000384e+00
4.790000e+01	-1.908549e-01	3.999590e+00
4.793333e+01	-1.908684e-01	3.999523e+00
4.796667e+01	-1.908038e-01	3.999843e+00
48	-1.907454e-01	4.000131e+00
4.803333e+01	-1.907342e-01	4.000187e+00
4.806667e+01	-1.907577e-01	4.000070e+00
4.810000e+01	-1.907824e-01	3.999949e+00
4.813333e+01	-1.907883e-01	3.999919e+00
4.816667e+01	-1.907788e-01	3.999966e+00
4.820000e+01	-1.907679e-01	4.000020e+00
4.823333e+01	-1.905502e-01	4.001096e+00
4.826667e+01	-1.891275e-01	4.008129e+00
4.830000e+01	-1.849796e-01	4.028632e+00
4.833333e+01	-1.780943e-01	4.062666e+00
4.836667e+01	-1.711814e-01	4.096836e+00
4.840000e+01	-1.675183e-01	4.114942e+00
4.843333e+01	-1.679264e-01	4.112925e+00
4.846667e+01	-1.705611e-01	4.099902e+00
4.850000e+01	-1.730996e-01	4.087354e+00
4.853333e+01	-1.745525e-01	4.080172e+00
4.856667e+01	-1.753325e-01	4.076317e+00
4.860000e+01	-1.762493e-01	4.071785e+00
4.863333e+01	-1.776681e-01	4.064772e+00
4.866667e+01	-1.794006e-01	4.056208e+00
4.870000e+01	-1.810883e-01	4.047866e+00
4.873333e+01	-1.825585e-01	4.040599e+00
4.876667e+01	-1.838829e-01	4.034053e+00
4.880000e+01	-1.852182e-01	4.027452e+00
4.883333e+01	-1.866463e-01	4.020393e+00
4.886667e+01	-1.881261e-01	4.013078e+00
4.890000e+01	-1.895032e-01	4.006271e+00
4.893333e+01	-1.905444e-01	4.001125e+00
4.896667e+01	-1.910630e-01	3.998561e+00
49	-1.910866e-01	3.998445e+00
4.903333e+01	-1.908642e-01	3.999544e+00
4.906667e+01	-1.906764e-01	4.000472e+00
4.910000e+01	-1.908634e-01	3.999548e+00
4.913333e+01	-1.923718e-01	3.992092e+00
4.916667e+01	-1.966039e-01	3.971173e+00
4.920000e+01	-2.035062e-01	3.937055e+00
4.923333e+01	-2.103842e-01	3.903057e+00
4.926667e+01	-2.140253e-01	3.885059e+00
4.930000e+01	-2.137253e-01	3.886542e+00
4.933333e+01	-2.115188e-01	3.897449e+00
4.936667e+01	-2.099026e-01	3.905438e+00
4.940000e+01	-2.098539e-01	3.905678e+00
4.943333e+01	-2.107302e-01	3.901347e+00
4.946667e+01	-2.114472e-01	3.897803e+00
4.950000e+01	-2.115087e-01	3.897499e+00
4.953333e+01	-2.111444e-01	3.899299e+00
4.956667e+01	-2.108222e-01	3.900892e+00
4.960000e+01	-2.107786e-01	3.901108e+00
4.963333e+01	-2.109302e-01	3.900358e+00
4.966667e+01	-2.110750e-01	3.899643e+00
4.970000e+01	-2.111016e-01	3.899511e+00
4.973333e+01	-2.108243e-01	3.900882e+00
4.976667e+01	-2.093329e-01	3.908254e+00
4.980000e+01	-2.051653e-01	3.928854e+00
4.983333e+01	-1.983041e-01	3.962769e+00
4.986667e+01	-1.914216e-01	3.996789e+00
4.990000e+01	-1.877533e-01	4.014921e+00
4.993333e+01	-1.878198e-01	4.014592e+00
4.996667e+01	-1.886007e-01	4.010733e+00
50	-1.860756e-01	4.023214e+00
5.003333e+01	-1.792461e-01	4.056972e+00
5.006667e+01	-1.714586e-01	4.095466e+00
5.010000e+01	-1.670604e-01	4.117206e+00
5.013333e+01	-1.670720e-01	4.117148e+00
5.016667e+01	-1.682296e-01	4.111427e+00
5.020000e+01	-1.660329e-01	4.122285e+00
5.023333e+01	-1.592447e-01	4.155839e+00
5.026667e+01	-1.513001e-01	4.195109e+00
5.030000e+01	-1.467542e-01	4.217579e+00
5.033333e+01	-1.467400e-01	4.217649e+00
5.036667e+01	-1.479626e-01	4.211606e+00
5.040000e+01	-1.458321e-01	4.222137e+00
5.043333e+01	-1.390585e-01	4.255619e+00
5.046667e+01	-1.308726e-01	4.296082e+00
5.050000e+01	-1.248706e-01	4.325750e+00
5.053333e+01	-1.209106e-01	4.345324e+00
5.056667e+01	-1.166837e-01	4.366217e+00
5.060000e+01	-1.115930e-01	4.391380e+00
5.063333e+01	-1.066074e-01	4.416024e+00
5.066667e+01	-1.016821e-01	4.440370e+00
5.070000e+01	-9.611052e-02	4.467910e+00
5.073333e+01	-9.072995e-02	4.494506e+00
5.076667e+01	-8.754836e-02	4.510233e+00
5.080000e+01	-8.736426e-02	4.511143e+00
5.083333e+01	-8.892565e-02	4.503425e+00
5.086667e+01	-9.031059e-02	4.496579e+00
5.090000e+01	-9.054809e-02	4.495405e+00
5.093333e+01	-8.995373e-02	4.498343e+00
5.096667e+01	-8.934993e-02	4.501327e+00
51	-8.921505e-02	4.501994e+00
5.103333e+01	-8.945591e-02	4.500804e+00
5.106667e+01	-8.972327e-02	4.499482e+00
5.110000e+01	-8.979495e-02	4.499128e+00
5.113333e+01	-8.969709e-02	4.499611e+00
5.116667e+01	-8.957852e-02	4.500198e+00
5.120000e+01	-8.954155e-02	4.500380e+00
5.123333e+01	-8.958088e-02	4.500186e+00
5.126667e+01	-8.963327e-02	4.499927e+00
5.130000e+01	-8.965188e-02	4.499835e+00
5.133333e+01	-8.963628e-02	4.499912e+00
5.136667e+01	-8.961323e-02	4.500026e+00
5.140000e+01	-8.960406e-02	4.500071e+00
5.143333e+01	-8.961014e-02	4.500041e+00
5.146667e+01	-8.962023e-02	4.499991e+00
5.150000e+01	-8.983937e-02	4.498908e+00
5.153333e+01	-9.126361e-02	4.491868e+00
5.156667e+01	-9.541192e-02	4.471363e+00
5.160000e+01	-1.022966e-01	4.437332e+00
5.163333e+01	-1.092088e-01	4.403165e+00
5.166667e+01	-1.128870e-01	4.384984e+00
5.170000e+01	-1.125964e-01	4.386421e+00
5.173333e+01	-1.103759e-01	4.397397e+00
5.176667e+01	-1.087433e-01	4.405466e+00
5.180000e+01	-1.086897e-01	4.405731e+00
5.183333e+01	-1.095716e-01	4.401372e+00
5.186667e+01	-1.102959e-01	4.397792e+00
5.190000e+01	-1.105745e-01	4.396415e+00
5.193333e+01	-1.116346e-01	4.391175e+00
5.196667e+01	-1.154619e-01	4.372256e+00
52	-1.223039e-01	4.338437e+00
5.203333e+01	-1.293677e-01	4.303520e+00
5.206667e+01	-1.331902e-01	4.284626e+00
5.210000e+01	-1.329258e-01	4.285933e+00
5.213333e+01	-1.306425e-01	4.297219e+00
5.216667e+01	-1.287307e-01	4.306669e+00
5.220000e+01	-1.272358e-01	4.314059e+00
5.223333e+01	-1.239907e-01	4.330099e+00
5.226667e+01	-1.178569e-01	4.360418e+00
5.230000e+01	-1.110174e-01	4.394226e+00
5.233333e+01	-1.069642e-01	4.414261e+00
5.236667e+01	-1.069177e-01	4.414490e+00
5.240000e+01	-1.090889e-01	4.403758e+00
5.243333e+01	-1.108774e-01	4.394918e+00
5.246667e+01	-1.110824e-01	4.393904e+00
5.250000e+01	-1.102298e-01	4.398119e+00
5.253333e+01	-1.094412e-01	4.402017e+00
5.256667e+01	-1.093096e-01	4.402667e+00
5.260000e+01	-1.096598e-01	4.400936e+00
5.263333e+01	-1.100115e-01	4.399198e+00
5.266667e+01	-1.100865e-01	4.398827e+00
5.270000e+01	-1.099426e-01	4.399538e+00
5.273333e+01	-1.097857e-01	4.400314e+00
5.276667e+01	-1.097452e-01	4.400514e+00
5.280000e+01	-1.098038e-01	4.400224e+00
5.283333e+01	-1.098735e-01	4.399880e+00
5.286667e+01	-1.098946e-01	4.399776e+00
5.290000e+01	-1.098710e-01	4.399892e+00
5.293333e+01	-1.098401e-01	4.400045e+00
5.296667e+01	-1.098295e-01	4.400097e+00
53	-1.098389e-01	4.400051e+00
5.303333e+01	-1.098524e-01	4.399984e+00
5.306667e+01	-1.098577e-01	4.399958e+00
5.310000e+01	-1.098540e-01	4.399976e+00
5.313333e+01	-1.098481e-01	4.400005e+00
5.316667e+01	-1.100602e-01	4.398957e+00
5.320000e+01	-1.112735e-01	4.392960e+00
5.323333e+01	-1.140022e-01	4.379472e+00
5.326667e+01	-1.167376e-01	4.365951e+00
5.330000e+01	-1.167616e-01	4.365832e+00
5.333333e+01	-1.135254e-01	4.381829e+00
5.336667e+01	-1.095569e-01	4.401445e+00
5.340000e+01	-1.076285e-01	4.410977e+00
5.343333e+01	-1.082174e-01	4.408066e+00
5.346667e+01	-1.097963e-01	4.400261e+00
5.350000e+01	-1.107312e-01	4.395640e+00
5.353333e+01	-1.105732e-01	4.396421e+00
5.356667e+01	-1.096981e-01	4.400747e+00
5.360000e+01	-1.078414e-01	4.409924e+00
5.363333e+01	-1.037300e-01	4.430247e+00
5.366667e+01	-9.712362e-02	4.462902e+00
5.370000e+01	-9.040959e-02	4.496090e+00
5.373333e+01	-8.672691e-02	4.514293e+00
5.376667e+01	-8.668486e-02	4.514501e+00
5.380000e+01	-8.738833e-02	4.511024e+00
5.383333e+01	-8.486501e-02	4.523496e+00
5.386667e+01	-7.808154e-02	4.557027e+00
5.390000e+01	-7.032938e-02	4.595346e+00
5.393333e+01	-6.593244e-02	4.617080e+00
5.396667e+01	-6.613934e-02	4.616057e+00
54	-6.870743e-02	4.603363e+00
5.403333e+01	-7.066199e-02	4.593702e+00
5.406667e+01	-7.076873e-02	4.593174e+00
5.410000e+01	-6.974275e-02	4.598245e+00
5.413333e+01	-6.887414e-02	4.602539e+00
5.416667e+01	-6.877966e-02	4.603006e+00
5.420000e+01	-6.920536e-02	4.600902e+00
5.423333e+01	-6.959517e-02	4.598975e+00
5.426667e+01	-6.965665e-02	4.598671e+00
5.430000e+01	-6.926532e-02	4.600605e+00
5.433333e+01	-6.766393e-02	4.608521e+00
5.436667e+01	-6.347538e-02	4.629225e+00
5.440000e+01	-5.644658e-02	4.663968e+00
5.443333e+01	-4.818677e-02	4.704796e+00
5.446667e+01	-4.037734e-02	4.743398e+00
5.450000e+01	-3.375247e-02	4.776145e+00
5.453333e+01	-2.902661e-02	4.799505e+00
5.456667e+01	-2.675717e-02	4.810722e+00
5.460000e+01	-2.568739e-02	4.816010e+00
5.463333e+01	-2.288843e-02	4.829845e+00
5.466667e+01	-1.691458e-02	4.859374e+00
5.470000e+01	-9.987926e-03	4.893612e+00
5.473333e+01	-5.789486e-03	4.914365e+00
5.476667e+01	-5.679825e-03	4.914907e+00
5.480000e+01	-7.883029e-03	4.904017e+00
5.483333e+01	-9.731684e-03	4.894879e+00
5.486667e+01	-9.965201e-03	4.893725e+00
5.490000e+01	-9.100317e-03	4.898000e+00
5.493333e+01	-8.285546e-03	4.902027e+00
5.496667e+01	-8.140509e-03	4.902744e+00
55	-8.709913e-03	4.899930e+00
5.503333e+01	-1.049950e-02	4.891084e+00
5.506667e+01	-1.473358e-02	4.870155e+00
5.510000e+01	-2.147493e-02	4.836832e+00
5.513333e+01	-2.822454e-02	4.803469e+00
5.516667e+01	-3.207200e-02	4.784451e+00
5.520000e+01	-3.326603e-02	4.778549e+00
5.523333e+01	-3.527031e-02	4.768642e+00
5.526667e+01	-4.054786e-02	4.742555e+00
5.530000e+01	-4.738230e-02	4.708773e+00
5.533333e+01	-5.190868e-02	4.686399e+00
5.536667e+01	-5.232971e-02	4.684318e+00
5.540000e+01	-5.039729e-02	4.693870e+00
5.543333e+01	-4.983961e-02	4.696626e+00
5.546667e+01	-5.361949e-02	4.677942e+00
5.550000e+01	-6.133967e-02	4.639782e+00
5.553333e+01	-6.912139e-02	4.601317e+00
5.556667e+01	-7.300480e-02	4.582121e+00
5.560000e+01	-7.237529e-02	4.585233e+00
5.563333e+01	-6.976948e-02	4.598113e+00
5.566667e+01	-6.802880e-02	4.606717e+00
5.570000e+01	-6.811245e-02	4.606304e+00
5.573333e+01	-6.916506e-02	4.601101e+00
5.576667e+01	-6.994472e-02	4.597247e+00
5.580000e+01	-7.016833e-02	4.596142e+00
5.583333e+01	-7.115310e-02	4.591274e+00
5.586667e+01	-7.473806e-02	4.573554e+00
5.590000e+01	-8.038983e-02	4.545617e+00
5.593333e+01	-8.476063e-02	4.524012e+00
5.596667e+01	-8.586257e-02	4.518565e+00
56	-8.556522e-02	4.520035e+00
5.603333e+01	-8.650258e-02	4.515402e+00
5.606667e+01	-8.898144e-02	4.503149e+00
5.610000e+01	-9.227138e-02	4.486887e+00
5.613333e+01	-9.674958e-02	4.464751e+00
5.616667e+01	-1.028141e-01	4.434774e+00
5.620000e+01	-1.088610e-01	4.404884e+00
5.623333e+01	-1.125302e-01	4.386748e+00
5.626667e+01	-1.139858e-01	4.379553e+00
5.630000e+01	-1.162998e-01	4.368115e+00
5.633333e+01	-1.216716e-01	4.341562e+00
5.636667e+01	-1.284019e-01	4.308294e+00
5.640000e+01	-1.327918e-01	4.286595e+00
5.643333e+01	-1.329506e-01	4.285810e+00
5.646667e+01	-1.294183e-01	4.303270e+00
5.650000e+01	-1.233414e-01	4.333308e+00
5.653333e+01	-1.161052e-01	4.369077e+00
5.656667e+01	-1.100110e-01	4.399200e+00
5.660000e+01	-1.071788e-01	4.413200e+00
5.663333e+01	-1.076662e-01	4.410791e+00
5.666667e+01	-1.095547e-01	4.401456e+00
5.670000e+01	-1.108124e-01	4.395239e+00
5.673333e+01	-1.107621e-01	4.395488e+00
5.676667e+01	-1.100148e-01	4.399182e+00
5.680000e+01	-1.094566e-01	4.401941e+00
5.683333e+01	-1.094460e-01	4.401993e+00
5.686667e+01	-1.097585e-01	4.400448e+00
5.690000e+01	-1.100105e-01	4.399203e+00
5.693333e+01	-1.100287e-01	4.399112e+00
5.696667e+01	-1.098975e-01	4.399761e+00
57	-1.097836e-01	4.400324e+00
5.703333e+01	-1.097695e-01	4.400394e+00
5.706667e+01	-1.098242e-01	4.400123e+00
5.710000e+01	-1.098755e-01	4.399870e+00
5.713333e+01	-1.098844e-01	4.399826e+00
5.716667e+01	-1.098617e-01	4.399938e+00
5.720000e+01	-1.098387e-01	4.400052e+00
5.723333e+01	-1.098337e-01	4.400077e+00
5.726667e+01	-1.098430e-01	4.400031e+00
5.730000e+01	-1.098533e-01	4.399980e+00
5.733333e+01	-1.098560e-01	4.399966e+00
5.736667e+01	-1.098522e-01	4.399985e+00
5.740000e+01	-1.098476e-01	4.400008e+00
5.743333e+01	-1.098462e-01	4.400015e+00
5.746667e+01	-1.098477e-01	4.400007e+00
5.750000e+01	-1.098498e-01	4.399997e+00
5.753333e+01	-1.098505e-01	4.399994e+00
5.756667e+01	-1.096352e-01	4.401058e+00
5.760000e+01	-1.082077e-01	4.408114e+00
5.763333e+01	-1.040547e-01	4.428642e+00
5.766667e+01	-9.716806e-02	4.462683e+00
5.770000e+01	-9.025710e-02	4.496843e+00
5.773333e+01	-8.658099e-02	4.515014e+00
5.776667e+01	-8.687255e-02	4.513573e+00
5.780000e+01	-8.909258e-02	4.502600e+00
5.783333e+01	-9.072427e-02	4.494534e+00
5.786667e+01	-9.077745e-02	4.494271e+00
5.790000e+01	-8.968103e-02	4.499691e+00
5.793333e+01	-8.753053e-02	4.510321e+00
5.796667e+01	-8.331412e-02	4.531162e+00
58	-7.679367e-02	4.563393e+00
5.803333e+01	-7.020756e-02	4.595948e+00
5.806667e+01	-6.657609e-02	4.613898e+00
5.810000e+01	-6.671525e-02	4.613210e+00
5.813333e+01	-6.878931e-02	4.602958e+00
5.816667e+01	-7.039391e-02	4.595027e+00
5.820000e+01	-7.051007e-02	4.594453e+00
5.823333e+01	-6.969366e-02	4.598488e+00
5.826667e+01	-6.898487e-02	4.601992e+00
5.830000e+01	-6.889538e-02	4.602434e+00
5.833333e+01	-6.923267e-02	4.600767e+00
5.836667e+01	-6.954985e-02	4.599199e+00
5.840000e+01	-6.960512e-02	4.598926e+00
5.843333e+01	-6.925085e-02	4.600677e+00
5.846667e+01	-6.768229e-02	4.608430e+00
5.850000e+01	-6.349822e-02	4.629112e+00
5.853333e+01	-5.666868e-02	4.662870e+00
5.856667e+01	-4.982066e-02	4.696720e+00
5.860000e+01	-4.616122e-02	4.714808e+00
5.863333e+01	-4.642957e-02	4.713482e+00
5.866667e+01	-4.840698e-02	4.703708e+00
5.870000e+01	-4.860347e-02	4.702737e+00
5.873333e+01	-4.451327e-02	4.722954e+00
5.876667e+01	-3.675704e-02	4.761293e+00
5.880000e+01	-2.912611e-02	4.799013e+00
5.883333e+01	-2.538243e-02	4.817518e+00
5.886667e+01	-2.624972e-02	4.813231e+00
5.890000e+01	-3.021957e-02	4.793608e+00
5.893333e+01	-3.605031e-02	4.764787e+00
5.896667e+01	-4.284019e-02	4.731224e+00
59	-4.872463e-02	4.702138e+00
5.903333e+01	-5.164922e-02	4.687681e+00
5.906667e+01	-5.135585e-02	4.689132e+00
5.910000e+01	-4.956697e-02	4.697974e+00
5.913333e+01	-4.827585e-02	4.704356e+00
5.916667e+01	-4.824216e-02	4.704522e+00
5.920000e+01	-4.894256e-02	4.701060e+00
5.923333e+01	-4.951225e-02	4.698244e+00
5.926667e+01	-4.955904e-02	4.698013e+00
5.930000e+01	-4.926843e-02	4.699450e+00
5.933333e+01	-4.879807e-02	4.701775e+00
5.936667e+01	-4.733777e-02	4.708993e+00
5.940000e+01	-4.330611e-02	4.728921e+00
5.943333e+01	-3.653419e-02	4.762395e+00
5.946667e+01	-2.964356e-02	4.796455e+00
5.950000e+01	-2.591721e-02	4.814874e+00
5.953333e+01	-2.615740e-02	4.813687e+00
5.956667e+01	-2.836594e-02	4.802770e+00
5.960000e+01	-3.001823e-02	4.794603e+00
5.963333e+01	-3.009432e-02	4.794227e+00
5.966667e+01	-2.921874e-02	4.798555e+00
5.970000e+01	-2.848643e-02	4.802175e+00
5.973333e+01	-2.841257e-02	4.802540e+00
5.976667e+01	-2.877578e-02	4.800744e+00
5.980000e+01	-2.910438e-02	4.799120e+00
5.983333e+01	-2.915368e-02	4.798876e+00
5.986667e+01	-2.921748e-02	4.798561e+00
5.990000e+01	-3.049656e-02	4.792239e+00
5.993333e+01	-3.462014e-02	4.771856e+00
5.996667e+01	-4.156920e-02	4.737507e+00
60	-4.854646e-02	4.703018e+00
6.003333e+01	-5.223880e-02	4.684767e+00
6.006667e+01	-5.192172e-02	4.686334e+00
6.010000e+01	-4.967219e-02	4.697454e+00
6.013333e+01	-4.803198e-02	4.705561e+00
6.016667e+01	-4.798911e-02	4.705773e+00
6.020000e+01	-4.888391e-02	4.701350e+00
6.023333e+01	-4.982688e-02	4.696689e+00
6.026667e+01	-5.131302e-02	4.689343e+00
6.030000e+01	-5.509358e-02	4.670656e+00
6.033333e+01	-6.186771e-02	4.637172e+00
6.036667e+01	-7.016242e-02	4.596171e+00
6.040000e+01	-7.814644e-02	4.556706e+00
6.043333e+01	-8.488883e-02	4.523379e+00
6.046667e+01	-8.960651e-02	4.500059e+00
6.050000e+01	-9.158692e-02	4.490270e+00
6.053333e+01	-9.117621e-02	4.492300e+00
6.056667e+01	-8.982286e-02	4.498990e+00
6.060000e+01	-8.915605e-02	4.502286e+00
6.063333e+01	-9.062252e-02	4.495037e+00
6.066667e+01	-9.529860e-02	4.471923e+00
6.070000e+01	-1.025735e-01	4.435964e+00
6.073333e+01	-1.094907e-01	4.401772e+00
6.076667e+01	-1.129489e-01	4.384678e+00
6.080000e+01	-1.124825e-01	4.386984e+00
6.083333e+01	-1.102504e-01	4.398017e+00
6.086667e+01	-1.087102e-01	4.405630e+00
6.090000e+01	-1.087514e-01	4.405426e+00
6.093333e+01	-1.097599e-01	4.400441e+00
6.096667e+01	-1.108595e-01	4.395006e+00
61	-1.117933e-01	4.390390e+00
6.103333e+01	-1.128204e-01	4.385314e+00
6.106667e+01	-1.141730e-01	4.378628e+00
6.110000e+01	-1.157853e-01	4.370658e+00
6.113333e+01	-1.174239e-01	4.362558e+00
6.116667e+01	-1.189296e-01	4.355116e+00
6.120000e+01	-1.203119e-01	4.348283e+00
6.123333e+01	-1.216723e-01	4.341559e+00
6.126667e+01	-1.230865e-01	4.334568e+00
6.130000e+01	-1.245560e-01	4.327305e+00
6.133333e+01	-1.260381e-01	4.319979e+00
6.136667e+01	-1.274829e-01	4.312837e+00
6.140000e+01	-1.288012e-01	4.306320e+00
6.143333e+01	-1.298162e-01	4.301303e+00
6.146667e+01	-1.303482e-01	4.298674e+00
6.150000e+01	-1.303974e-01	4.298430e+00
6.153333e+01	-1.301875e-01	4.299468e+00
6.156667e+01	-1.302095e-01	4.299359e+00
6.160000e+01	-1.318119e-01	4.291439e+00
6.163333e+01	-1.374671e-01	4.263485e+00
6.166667e+01	-1.485878e-01	4.208516e+00
6.170000e+01	-1.624062e-01	4.140211e+00
6.173333e+01	-1.729633e-01	4.088028e+00
6.176667e+01	-1.763122e-01	4.071474e+00
6.180000e+01	-1.737899e-01	4.083942e+00
6.183333e+01	-1.699503e-01	4.102921e+00
6.186667e+01	-1.682812e-01	4.111172e+00
6.190000e+01	-1.691152e-01	4.107049e+00
6.193333e+01	-1.707160e-01	4.099136e+00
6.196667e+01	-1.714967e-01	4.095277e+00
62	-1.709766e-01	4.097848e+00
6.203333e+01	-1.688604e-01	4.108309e+00
6.206667e+01	-1.643406e-01	4.130650e+00
6.210000e+01	-1.575628e-01	4.164153e+00
6.213333e+01	-1.509493e-01	4.196843e+00
6.216667e+01	-1.474450e-01	4.214164e+00
6.220000e+01	-1.477002e-01	4.212903e+00
6.223333e+01	-1.497923e-01	4.202562e+00
6.226667e+01	-1.511294e-01	4.195953e+00
6.230000e+01	-1.497669e-01	4.202688e+00
6.233333e+01	-1.447872e-01	4.227302e+00
6.236667e+01	-1.372133e-01	4.264740e+00
6.240000e+01	-1.300211e-01	4.300291e+00
6.243333e+01	-1.252613e-01	4.323818e+00
6.246667e+01	-1.217085e-01	4.341379e+00
6.250000e+01	-1.170868e-01	4.364225e+00
6.253333e+01	-1.114499e-01	4.392088e+00
6.256667e+01	-1.062618e-01	4.417732e+00
6.260000e+01	-1.014922e-01	4.441309e+00
6.263333e+01	-9.637508e-02	4.466602e+00
6.266667e+01	-9.252027e-02	4.485656e+00
6.270000e+01	-9.343110e-02	4.481154e+00
6.273333e+01	-1.000290e-01	4.448541e+00
6.276667e+01	-1.084538e-01	4.406897e+00
6.280000e+01	-1.135378e-01	4.381767e+00
6.283333e+01	-1.135294e-01	4.381809e+00
6.286667e+01	-1.107376e-01	4.395608e+00
6.290000e+01	-1.084937e-01	4.406700e+00
6.293333e+01	-1.082859e-01	4.407727e+00
6.296667e+01	-1.093978e-01	4.402231e+00
63	-1.103920e-01	4.397317e+00
6.303333e+01	-1.105359e-01	4.396605e+00
6.306667e+01	-1.100767e-01	4.398875e+00
6.310000e+01	-1.094172e-01	4.402135e+00
6.313333e+01	-1.079052e-01	4.409609e+00
6.316667e+01	-1.039420e-01	4.429199e+00
6.320000e+01	-9.725398e-02	4.462258e+00
6.323333e+01	-9.038997e-02	4.496187e+00
6.326667e+01	-8.663616e-02	4.514742e+00
6.330000e+01	-8.662462e-02	4.514799e+00
6.333333e+01	-8.739324e-02	4.510999e+00
6.336667e+01	-8.490368e-02	4.523305e+00
6.340000e+01	-7.810921e-02	4.556890e+00
6.343333e+01	-7.032886e-02	4.595348e+00
6.346667e+01	-6.591604e-02	4.617161e+00
6.350000e+01	-6.612670e-02	4.616119e+00
6.353333e+01	-6.870693e-02	4.603365e+00
6.356667e+01	-7.066890e-02	4.593667e+00
6.360000e+01	-7.077447e-02	4.593146e+00
6.363333e+01	-6.974329e-02	4.598243e+00
6.366667e+01	-6.887124e-02	4.602553e+00
6.370000e+01	-6.899176e-02	4.601958e+00
6.373333e+01	-7.084624e-02	4.592791e+00
6.376667e+01	-7.539033e-02	4.570330e+00
6.380000e+01	-8.233862e-02	4.535984e+00
6.383333e+01	-8.907237e-02	4.502699e+00
6.386667e+01	-9.257311e-02	4.485395e+00
6.390000e+01	-9.224560e-02	4.487014e+00
6.393333e+01	-9.009853e-02	4.497627e+00
6.396667e+01	-8.833049e-02	4.506367e+00
64	-8.687038e-02	4.513584e+00
6.403333e+01	-8.356964e-02	4.529899e+00
6.406667e+01	-7.737190e-02	4.560535e+00
6.410000e+01	-7.051398e-02	4.594433e+00
6.413333e+01	-6.648332e-02	4.614357e+00
6.416667e+01	-6.625046e-02	4.615508e+00
6.420000e+01	-6.700452e-02	4.611780e+00
6.423333e+01	-6.463127e-02	4.623511e+00
6.426667e+01	-5.793692e-02	4.656601e+00
6.430000e+01	-5.016834e-02	4.695001e+00
6.433333e+01	-4.570695e-02	4.717054e+00
6.436667e+01	-4.587250e-02	4.716236e+00
6.440000e+01	-4.844521e-02	4.703519e+00
6.443333e+01	-5.042731e-02	4.693721e+00
6.446667e+01	-5.055310e-02	4.693100e+00
6.450000e+01	-4.952624e-02	4.698175e+00
6.453333e+01	-4.864592e-02	4.702527e+00
6.456667e+01	-4.854273e-02	4.703037e+00
6.460000e+01	-4.896831e-02	4.700933e+00
6.463333e+01	-4.936306e-02	4.698982e+00
6.466667e+01	-4.964320e-02	4.697597e+00
6.470000e+01	-5.067869e-02	4.692479e+00
6.473333e+01	-5.344263e-02	4.678817e+00
6.476667e+01	-5.756569e-02	4.658436e+00
6.480000e+01	-6.181542e-02	4.637430e+00
6.483333e+01	-6.554616e-02	4.618989e+00
6.486667e+01	-6.850995e-02	4.604339e+00
6.490000e+01	-7.001346e-02	4.596907e+00
6.493333e+01	-6.884861e-02	4.602665e+00
6.496667e+01	-6.404370e-02	4.626416e+00
65	-5.647195e-02	4.663843e+00
6.503333e+01	-4.936514e-02	4.698972e+00
6.506667e+01	-4.613042e-02	4.714961e+00
6.510000e+01	-4.813777e-02	4.705038e+00
6.513333e+01	-5.460871e-02	4.673053e+00
6.516667e+01	-6.303868e-02	4.631383e+00
6.520000e+01	-6.987709e-02	4.597581e+00
6.523333e+01	-7.262339e-02	4.584006e+00
6.526667e+01	-7.164258e-02	4.588855e+00
6.530000e+01	-6.941395e-02	4.599871e+00
6.533333e+01	-6.817208e-02	4.606009e+00
6.536667e+01	-6.843076e-02	4.604731e+00
6.540000e+01	-6.933324e-02	4.600270e+00
6.543333e+01	-6.989342e-02	4.597501e+00
6.546667e+01	-6.981600e-02	4.597883e+00
6.550000e+01	-6.964760e-02	4.598716e+00
6.553333e+01	-7.081729e-02	4.592934e+00
6.556667e+01	-7.520345e-02	4.571253e+00
6.560000e+01	-8.368000e-02	4.529354e+00
6.563333e+01	-9.486187e-02	4.474082e+00
6.566667e+01	-1.054237e-01	4.421875e+00
6.570000e+01	-1.119742e-01	4.389496e+00
6.573333e+01	-1.133766e-01	4.382564e+00
6.576667e+01	-1.114507e-01	4.392084e+00
6.580000e+01	-1.091899e-01	4.403259e+00
6.583333e+01	-1.083381e-01	4.407469e+00
6.586667e+01	-1.085822e-01	4.406263e+00
6.590000e+01	-1.086498e-01	4.405929e+00
6.593333e+01	-1.078087e-01	4.410086e+00
6.596667e+01	-1.062853e-01	4.417616e+00
66	-1.046434e-01	4.425732e+00
6.603333e+01	-1.031617e-01	4.433056e+00
6.606667e+01	-1.017704e-01	4.439933e+00
6.610000e+01	-1.003102e-01	4.447151e+00
6.613333e+01	-9.873069e-02	4.454958e+00
6.616667e+01	-9.709726e-02	4.463033e+00
6.620000e+01	-9.549227e-02	4.470966e+00
6.623333e+01	-9.394207e-02	4.478629e+00
6.626667e+01	-9.243544e-02	4.486076e+00
6.630000e+01	-9.102822e-02	4.493032e+00
6.633333e+01	-8.991657e-02	4.498527e+00
6.636667e+01	-8.932179e-02	4.501467e+00
6.640000e+01	-8.926225e-02	4.501761e+00
6.643333e+01	-8.949581e-02	4.500606e+00
6.646667e+01	-8.992766e-02	4.498472e+00
6.650000e+01	-9.139941e-02	4.491197e+00
6.653333e+01	-9.546737e-02	4.471089e+00
6.656667e+01	-1.022626e-01	4.437500e+00
6.660000e+01	-1.093651e-01	4.402393e+00
6.663333e+01	-1.145021e-01	4.377001e+00
6.666667e+01	-1.184034e-01	4.357716e+00
6.670000e+01	-1.230821e-01	4.334590e+00
6.673333e+01	-1.283479e-01	4.308561e+00
6.676667e+01	-1.319532e-01	4.290740e+00
6.680000e+01	-1.325373e-01	4.287853e+00
6.683333e+01	-1.310466e-01	4.295222e+00
6.686667e+01	-1.294864e-01	4.302934e+00
6.690000e+01	-1.288551e-01	4.306054e+00
6.693333e+01	-1.279830e-01	4.310365e+00
6.696667e+01	-1.245060e-01	4.327552e+00
67	-1.178338e-01	4.360532e+00
6.703333e+01	-1.107030e-01	4.395779e+00
6.706667e+01	-1.067302e-01	4.415417e+00
6.710000e+01	-1.069147e-01	4.414505e+00
6.713333e+01	-1.092217e-01	4.403102e+00
6.716667e+01	-1.109838e-01	4.394392e+00
6.720000e+01	-1.110896e-01	4.393869e+00
6.723333e+01	-1.099593e-01	4.399456e+00
6.726667e+01	-1.077517e-01	4.410368e+00
6.730000e+01	-1.035098e-01	4.431335e+00
6.733333e+01	-9.700226e-02	4.463502e+00
6.736667e+01	-9.044104e-02	4.495934e+00
6.740000e+01	-8.682175e-02	4.513824e+00
6.743333e+01	-8.695615e-02	4.513160e+00
6.746667e+01	-8.901941e-02	4.502961e+00
6.750000e+01	-9.061825e-02	4.495058e+00
6.753333e+01	-9.073609e-02	4.494476e+00
6.756667e+01	-8.992435e-02	4.498488e+00
6.760000e+01	-8.921826e-02	4.501978e+00
6.763333e+01	-8.912821e-02	4.502423e+00
6.766667e+01	-8.946350e-02	4.500766e+00
6.770000e+01	-8.977942e-02	4.499204e+00
6.773333e+01	-8.983486e-02	4.498930e+00
6.776667e+01	-8.969613e-02	4.499616e+00
6.780000e+01	-8.955471e-02	4.500315e+00
6.783333e+01	-8.952331e-02	4.500470e+00
6.786667e+01	-8.958026e-02	4.500189e+00
6.790000e+01	-8.964332e-02	4.499877e+00
6.793333e+01	-8.966016e-02	4.499794e+00
6.796667e+01	-8.963701e-02	4.499908e+00
68	-8.960902e-02	4.500047e+00
6.803333e+01	-8.960031e-02	4.500090e+00
6.806667e+01	-8.960962e-02	4.500044e+00
6.810000e+01	-8.962199e-02	4.499983e+00
6.813333e+01	-8.962637e-02	4.499961e+00
6.816667e+01	-8.962268e-02	4.499979e+00
6.820000e+01	-8.961724e-02	4.500006e+00
6.823333e+01	-8.961508e-02	4.500017e+00
6.826667e+01	-8.961651e-02	4.500010e+00
6.830000e+01	-8.961890e-02	4.499998e+00
6.833333e+01	-8.940526e-02	4.501054e+00
6.836667e+01	-8.797815e-02	4.508108e+00
6.840000e+01	-8.382440e-02	4.528640e+00
6.843333e+01	-7.693705e-02	4.562684e+00
6.846667e+01	-7.002591e-02	4.596846e+00
6.850000e+01	-6.635008e-02	4.615015e+00
6.853333e+01	-6.664197e-02	4.613573e+00
6.856667e+01	-6.886210e-02	4.602598e+00
6.860000e+01	-7.049367e-02	4.594534e+00
6.863333e+01	-7.054671e-02	4.594271e+00
6.866667e+01	-6.966492e-02	4.598630e+00
6.870000e+01	-6.894103e-02	4.602208e+00
6.873333e+01	-6.887740e-02	4.602523e+00
6.876667e+01	-6.924381e-02	4.600712e+00
6.880000e+01	-6.956903e-02	4.599104e+00
6.883333e+01	-6.961382e-02	4.598883e+00
6.886667e+01	-6.946131e-02	4.599637e+00
6.890000e+01	-6.910049e-02	4.601420e+00
6.893333e+01	-6.764678e-02	4.608606e+00
6.896667e+01	-6.355708e-02	4.628821e+00
69	-5.673563e-02	4.662539e+00
6.903333e+01	-4.983947e-02	4.696627e+00
6.906667e+01	-4.613738e-02	4.714926e+00
6.910000e+01	-4.639990e-02	4.713629e+00
6.913333e+01	-4.861203e-02	4.702694e+00
6.916667e+01	-5.003957e-02	4.695638e+00
6.920000e+01	-4.867908e-02	4.702363e+00
6.923333e+01	-4.364870e-02	4.727228e+00
6.926667e+01	-3.603368e-02	4.764869e+00
6.930000e+01	-2.926764e-02	4.798313e+00
6.933333e+01	-2.738227e-02	4.807633e+00
6.936667e+01	-3.215354e-02	4.784048e+00
6.940000e+01	-4.130791e-02	4.738798e+00
6.943333e+01	-4.991422e-02	4.696258e+00
6.946667e+01	-5.492342e-02	4.671497e+00
6.950000e+01	-5.787441e-02	4.656910e+00
6.953333e+01	-6.187959e-02	4.637113e+00
6.956667e+01	-6.716113e-02	4.611006e+00
6.960000e+01	-7.116635e-02	4.591209e+00
6.963333e+01	-7.227088e-02	4.585749e+00
6.966667e+01	-7.221680e-02	4.586016e+00
6.970000e+01	-7.464065e-02	4.574035e+00
6.973333e+01	-8.097213e-02	4.542739e+00
6.976667e+01	-8.842581e-02	4.505895e+00
6.980000e+01	-9.284851e-02	4.484034e+00
6.983333e+01	-9.283431e-02	4.484104e+00
6.986667e+01	-9.040330e-02	4.496121e+00
6.990000e+01	-8.844553e-02	4.505798e+00
6.993333e+01	-8.825705e-02	4.506730e+00
6.996667e+01	-8.943509e-02	4.500906e+00
70	-9.172809e-02	4.489572e+00
7.003333e+01	-9.600975e-02	4.468408e+00
7.006667e+01	-1.024993e-01	4.436330e+00
7.010000e+01	-1.090234e-01	4.404082e+00
7.013333e+01	-1.128384e-01	4.385224e+00
7.016667e+01	-1.141372e-01	4.378805e+00
7.020000e+01	-1.162427e-01	4.368397e+00
7.023333e+01	-1.215396e-01	4.342214e+00
7.026667e+01	-1.285455e-01	4.307584e+00
7.030000e+01	-1.344532e-01	4.278383e+00
7.033333e+01	-1.390162e-01	4.255828e+00
7.036667e+01	-1.437736e-01	4.232312e+00
7.040000e+01	-1.487209e-01	4.207858e+00
7.043333e+01	-1.520300e-01	4.191501e+00
7.046667e+01	-1.525645e-01	4.188859e+00
7.050000e+01	-1.512058e-01	4.195575e+00
7.053333e+01	-1.497782e-01	4.202631e+00
7.056667e+01	-1.493901e-01	4.204550e+00
7.060000e+01	-1.498902e-01	4.202078e+00
7.063333e+01	-1.505067e-01	4.199030e+00
7.066667e+01	-1.509208e-01	4.196984e+00
7.070000e+01	-1.521500e-01	4.190908e+00
7.073333e+01	-1.560324e-01	4.171717e+00
7.076667e+01	-1.628201e-01	4.138166e+00
7.080000e+01	-1.698094e-01	4.103618e+00
7.083333e+01	-1.736043e-01	4.084859e+00
7.086667e+01	-1.733613e-01	4.086061e+00
7.090000e+01	-1.711108e-01	4.097185e+00
7.093333e+01	-1.694272e-01	4.105507e+00
7.096667e+01	-1.693505e-01	4.105886e+00
71	-1.702438e-01	4.101471e+00
7.103333e+01	-1.709904e-01	4.097780e+00
7.106667e+01	-1.710653e-01	4.097410e+00
7.110000e+01	-1.706946e-01	4.099242e+00
7.113333e+01	-1.703596e-01	4.100898e+00
7.116667e+01	-1.703095e-01	4.101146e+00
7.120000e+01	-1.704635e-01	4.100385e+00
7.123333e+01	-1.706138e-01	4.099641e+00
7.126667e+01	-1.706435e-01	4.099495e+00
7.130000e+01	-1.705800e-01	4.099809e+00
7.133333e+01	-1.705128e-01	4.100141e+00
7.136667e+01	-1.704964e-01	4.100222e+00
7.140000e+01	-1.705224e-01	4.100093e+00
7.143333e+01	-1.705523e-01	4.099946e+00
7.146667e+01	-1.705609e-01	4.099903e+00
7.150000e+01	-1.705504e-01	4.099955e+00
7.153333e+01	-1.705371e-01	4.100020e+00
7.156667e+01	-1.705328e-01	4.100042e+00
7.160000e+01	-1.705369e-01	4.100021e+00
7.163333e+01	-1.705428e-01	4.099993e+00
7.166667e+01	-1.705450e-01	4.099982e+00
7.170000e+01	-1.705433e-01	4.099990e+00
7.173333e+01	-1.705408e-01	4.100003e+00
7.176667e+01	-1.705397e-01	4.100008e+00
7.180000e+01	-1.705403e-01	4.100005e+00
7.183333e+01	-1.705415e-01	4.099999e+00
7.186667e+01	-1.705420e-01	4.099997e+00
7.190000e+01	-1.705417e-01	4.099998e+00
7.193333e+01	-1.705412e-01	4.100000e+00
7.196667e+01	-1.705410e-01	4.100001e+00
72	-1.705411e-01	4.100001e+00
7.203333e+01	-1.705413e-01	4.100000e+00
7.206667e+01	-1.705414e-01	4.099999e+00
7.210000e+01	-1.705414e-01	4.100000e+00
7.213333e+01	-1.705413e-01	4.100000e+00
7.216667e+01	-1.705412e-01	4.100000e+00
7.220000e+01	-1.705412e-01	4.100000e+00
7.223333e+01	-1.707560e-01	4.098939e+00
7.226667e+01	-1.721826e-01	4.091887e+00
7.230000e+01	-1.763353e-01	4.071360e+00
7.233333e+01	-1.832221e-01	4.037319e+00
7.236667e+01	-1.903481e-01	4.002095e+00
7.240000e+01	-1.954510e-01	3.976872e+00
7.243333e+01	-1.993120e-01	3.957787e+00
7.246667e+01	-2.039787e-01	3.934720e+00
7.250000e+01	-2.092583e-01	3.908623e+00
7.253333e+01	-2.128814e-01	3.890714e+00
7.256667e+01	-2.134715e-01	3.887797e+00
7.260000e+01	-2.119753e-01	3.895192e+00
7.263333e+01	-2.104072e-01	3.902943e+00
7.266667e+01	-2.099877e-01	3.905017e+00
7.270000e+01	-2.105442e-01	3.902266e+00
7.273333e+01	-2.112234e-01	3.898909e+00
7.276667e+01	-2.114396e-01	3.897840e+00
7.280000e+01	-2.112193e-01	3.898929e+00
7.283333e+01	-2.109212e-01	3.900403e+00
7.286667e+01	-2.108134e-01	3.900936e+00
7.290000e+01	-2.109005e-01	3.900505e+00
7.293333e+01	-2.110315e-01	3.899858e+00
7.296667e+01	-2.110844e-01	3.899596e+00
73	-2.110505e-01	3.899763e+00
7.303333e+01	-2.109932e-01	3.900047e+00
7.306667e+01	-2.109676e-01	3.900174e+00
7.310000e+01	-2.109805e-01	3.900110e+00
7.313333e+01	-2.112201e-01	3.898925e+00
7.316667e+01	-2.126589e-01	3.891813e+00
7.320000e+01	-2.168069e-01	3.871310e+00
7.323333e+01	-2.236829e-01	3.837322e+00
7.326667e+01	-2.305884e-01	3.803188e+00
7.330000e+01	-2.342664e-01	3.785008e+00
7.333333e+01	-2.339794e-01	3.786426e+00
7.336667e+01	-2.317620e-01	3.797387e+00
7.340000e+01	-2.301296e-01	3.805456e+00
7.343333e+01	-2.300745e-01	3.805728e+00
7.346667e+01	-2.309550e-01	3.801376e+00
7.350000e+01	-2.316792e-01	3.797797e+00
7.353333e+01	-2.317437e-01	3.797477e+00
7.356667e+01	-2.313779e-01	3.799286e+00
7.360000e+01	-2.310526e-01	3.800894e+00
7.363333e+01	-2.310074e-01	3.801117e+00
7.366667e+01	-2.311596e-01	3.800365e+00
7.370000e+01	-2.313058e-01	3.799642e+00
7.373333e+01	-2.313331e-01	3.799507e+00
7.376667e+01	-2.312702e-01	3.799818e+00
7.380000e+01	-2.312048e-01	3.800141e+00
7.383333e+01	-2.314043e-01	3.799155e+00
7.386667e+01	-2.328566e-01	3.791977e+00
7.390000e+01	-2.370384e-01	3.771306e+00
7.393333e+01	-2.439334e-01	3.737224e+00
7.396667e+01	-2.508343e-01	3.703113e+00
74	-2.544976e-01	3.685005e+00
7.403333e+01	-2.542018e-01	3.686467e+00
7.406667e+01	-2.519858e-01	3.697421e+00
7.410000e+01	-2.503597e-01	3.705459e+00
7.413333e+01	-2.503087e-01	3.705711e+00
7.416667e+01	-2.511888e-01	3.701361e+00
7.420000e+01	-2.519103e-01	3.697794e+00
7.423333e+01	-2.519730e-01	3.697485e+00
7.426667e+01	-2.516072e-01	3.699293e+00
7.430000e+01	-2.512830e-01	3.700895e+00
7.433333e+01	-2.512387e-01	3.701114e+00
7.436667e+01	-2.513910e-01	3.700361e+00
7.440000e+01	-2.515366e-01	3.699641e+00
7.443333e+01	-2.515636e-01	3.699508e+00
7.446667e+01	-2.515006e-01	3.699819e+00
7.450000e+01	-2.514354e-01	3.700142e+00
7.453333e+01	-2.514204e-01	3.700216e+00
7.456667e+01	-2.514461e-01	3.700089e+00
7.460000e+01	-2.514752e-01	3.699945e+00
7.463333e+01	-2.514832e-01	3.699905e+00
7.466667e+01	-2.514728e-01	3.699957e+00
7.470000e+01	-2.514599e-01	3.700021e+00
7.473333e+01	-2.514558e-01	3.700041e+00
7.476667e+01	-2.514599e-01	3.700020e+00
7.480000e+01	-2.514656e-01	3.699992e+00
7.483333e+01	-2.514677e-01	3.699982e+00
7.486667e+01	-2.514660e-01	3.699990e+00
7.490000e+01	-2.514635e-01	3.700003e+00
7.493333e+01	-2.514625e-01	3.700008e+00
7.496667e+01	-2.514632e-01	3.700005e+00
75	-2.514643e-01	3.699999e+00
7.503333e+01	-2.514648e-01	3.699997e+00
7.506667e+01	-2.512498e-01	3.701059e+00
7.510000e+01	-2.498228e-01	3.708113e+00
7.513333e+01	-2.456698e-01	3.728641e+00
7.516667e+01	-2.387831e-01	3.762682e+00
7.520000e+01	-2.318719e-01	3.796844e+00
7.523333e+01	-2.281958e-01	3.815015e+00
7.526667e+01	-2.284874e-01	3.813573e+00
7.530000e+01	-2.307075e-01	3.802599e+00
7.533333e+01	-2.323392e-01	3.794534e+00
7.536667e+01	-2.323924e-01	3.794271e+00
7.540000e+01	-2.315106e-01	3.798630e+00
7.543333e+01	-2.307867e-01	3.802208e+00
7.546667e+01	-2.307230e-01	3.802523e+00
7.550000e+01	-2.310894e-01	3.800712e+00
7.553333e+01	-2.314146e-01	3.799104e+00
7.556667e+01	-2.312447e-01	3.799944e+00
7.560000e+01	-2.296657e-01	3.807749e+00
7.563333e+01	-2.251521e-01	3.830059e+00
7.566667e+01	-2.168116e-01	3.871287e+00
7.570000e+01	-2.058105e-01	3.925665e+00
7.573333e+01	-1.953128e-01	3.977555e+00
7.576667e+01	-1.887083e-01	4.010201e+00
7.580000e+01	-1.872264e-01	4.017526e+00
7.583333e+01	-1.889060e-01	4.009224e+00
7.586667e+01	-1.897447e-01	4.005078e+00
7.590000e+01	-1.863524e-01	4.021846e+00
7.593333e+01	-1.788077e-01	4.059139e+00
7.596667e+01	-1.707403e-01	4.099016e+00
76	-1.652757e-01	4.126028e+00
7.603333e+01	-1.614558e-01	4.144909e+00
7.606667e+01	-1.557718e-01	4.173005e+00
7.610000e+01	-1.465139e-01	4.218767e+00
7.613333e+01	-1.359051e-01	4.271206e+00
7.616667e+01	-1.282249e-01	4.309169e+00
7.620000e+01	-1.259611e-01	4.320359e+00
7.623333e+01	-1.278580e-01	4.310983e+00
7.626667e+01	-1.305754e-01	4.297550e+00
7.630000e+01	-1.316905e-01	4.292039e+00
7.633333e+01	-1.310510e-01	4.295200e+00
7.636667e+01	-1.299194e-01	4.300793e+00
7.640000e+01	-1.293969e-01	4.303376e+00
7.643333e+01	-1.296360e-01	4.302194e+00
7.646667e+01	-1.301247e-01	4.299779e+00
7.650000e+01	-1.303716e-01	4.298558e+00
7.653333e+01	-1.302840e-01	4.298991e+00
7.656667e+01	-1.300723e-01	4.300038e+00
7.660000e+01	-1.299560e-01	4.300613e+00
7.663333e+01	-1.299865e-01	4.300462e+00
7.666667e+01	-1.298631e-01	4.301071e+00
7.670000e+01	-1.284910e-01	4.307854e+00
7.673333e+01	-1.243284e-01	4.328430e+00
7.676667e+01	-1.174023e-01	4.362665e+00
7.680000e+01	-1.102511e-01	4.398013e+00
7.683333e+01	-1.051510e-01	4.423223e+00
7.686667e+01	-1.013067e-01	4.442225e+00
7.690000e+01	-9.643696e-02	4.466296e+00
7.693333e+01	-8.973032e-02	4.499447e+00
7.696667e+01	-8.194736e-02	4.537918e+00
77	-7.425035e-02	4.575964e+00
7.703333e+01	-6.740859e-02	4.609783e+00
7.706667e+01	-6.115068e-02	4.640716e+00
7.710000e+01	-5.497748e-02	4.671230e+00
7.713333e+01	-4.972995e-02	4.697168e+00
7.716667e+01	-4.700501e-02	4.710638e+00
7.720000e+01	-4.713252e-02	4.710007e+00
7.723333e+01	-4.869106e-02	4.702304e+00
7.726667e+01	-4.989746e-02	4.696340e+00
7.730000e+01	-4.999524e-02	4.695857e+00
7.733333e+01	-4.939284e-02	4.698835e+00
7.736667e+01	-4.886293e-02	4.701454e+00
7.740000e+01	-4.879087e-02	4.701810e+00
7.743333e+01	-4.903861e-02	4.700586e+00
7.746667e+01	-4.906045e-02	4.700478e+00
7.750000e+01	-4.789198e-02	4.706253e+00
7.753333e+01	-4.506346e-02	4.720235e+00
7.756667e+01	-4.222356e-02	4.734272e+00
7.760000e+01	-4.217478e-02	4.734513e+00
7.763333e+01	-4.545179e-02	4.718315e+00
7.766667e+01	-4.946685e-02	4.698469e+00
7.770000e+01	-5.139300e-02	4.688948e+00
7.773333e+01	-5.067031e-02	4.692520e+00
7.776667e+01	-4.865694e-02	4.702472e+00
7.780000e+01	-4.680955e-02	4.711604e+00
7.783333e+01	-4.557477e-02	4.717707e+00
7.786667e+01	-4.458227e-02	4.722613e+00
7.790000e+01	-4.337451e-02	4.728583e+00
7.793333e+01	-4.184803e-02	4.736129e+00
7.796667e+01	-4.019747e-02	4.744287e+00
78	-3.863625e-02	4.752004e+00
7.803333e+01	-3.721841e-02	4.759013e+00
7.806667e+01	-3.586221e-02	4.765716e+00
7.810000e+01	-3.447167e-02	4.772590e+00
7.813333e+01	-3.301832e-02	4.779774e+00
7.816667e+01	-3.155057e-02	4.787029e+00
7.820000e+01	-3.019752e-02	4.793717e+00
7.823333e+01	-2.916840e-02	4.798804e+00
7.826667e+01	-2.864533e-02	4.801389e+00
7.830000e+01	-2.861131e-02	4.801557e+00
7.833333e+01	-2.904276e-02	4.799425e+00
7.836667e+01	-3.065859e-02	4.791438e+00
7.840000e+01	-3.484358e-02	4.770751e+00
7.843333e+01	-4.165123e-02	4.737101e+00
7.846667e+01	-4.869736e-02	4.702272e+00
7.850000e+01	-5.378281e-02	4.677135e+00
7.853333e+01	-5.767600e-02	4.657891e+00
7.856667e+01	-6.237789e-02	4.634650e+00
7.860000e+01	-6.766667e-02	4.608507e+00
7.863333e+01	-7.127670e-02	4.590663e+00
7.866667e+01	-7.185122e-02	4.587823e+00
7.870000e+01	-7.035023e-02	4.595243e+00
7.873333e+01	-6.857274e-02	4.604029e+00
7.876667e+01	-6.673353e-02	4.613120e+00
7.880000e+01	-6.313977e-02	4.630884e+00
7.883333e+01	-5.693000e-02	4.661579e+00
7.886667e+01	-5.023180e-02	4.694688e+00
7.890000e+01	-4.633405e-02	4.713954e+00
7.893333e+01	-4.632843e-02	4.713982e+00
7.896667e+01	-4.844215e-02	4.703534e+00
79	-5.016160e-02	4.695035e+00
7.903333e+01	-5.034540e-02	4.694126e+00
7.906667e+01	-4.951597e-02	4.698226e+00
7.910000e+01	-4.875784e-02	4.701973e+00
7.913333e+01	-4.863694e-02	4.702571e+00
7.916667e+01	-4.897797e-02	4.700885e+00
7.920000e+01	-4.931624e-02	4.699213e+00
7.923333e+01	-4.917131e-02	4.699930e+00
7.926667e+01	-4.760440e-02	4.707675e+00
7.930000e+01	-4.330072e-02	4.728948e+00
7.933333e+01	-3.637588e-02	4.763177e+00
7.936667e+01	-2.952179e-02	4.797057e+00
7.940000e+01	-2.591263e-02	4.814897e+00
7.943333e+01	-2.622414e-02	4.813357e+00
7.946667e+01	-2.842124e-02	4.802497e+00
7.950000e+01	-3.002330e-02	4.794578e+00
7.953333e+01	-3.006636e-02	4.794365e+00
7.956667e+01	-2.919376e-02	4.798678e+00
7.960000e+01	-2.848287e-02	4.802192e+00
7.963333e+01	-2.842420e-02	4.802482e+00
7.966667e+01	-2.878701e-02	4.800689e+00
7.970000e+01	-2.910652e-02	4.799110e+00
7.973333e+01	-2.914888e-02	4.798900e+00
7.976667e+01	-2.899777e-02	4.799647e+00
7.980000e+01	-2.885413e-02	4.800357e+00
7.983333e+01	-2.882814e-02	4.800486e+00
7.986667e+01	-2.889063e-02	4.800177e+00
7.990000e+01	-2.895494e-02	4.799859e+00
7.993333e+01	-2.896957e-02	4.799787e+00
7.996667e+01	-2.894395e-02	4.799913e+00
80	-2.891529e-02	4.800055e+00
8.003333e+01	-2.890748e-02	4.800093e+00
8.006667e+01	-2.891788e-02	4.800042e+00
8.010000e+01	-2.893060e-02	4.799979e+00
8.013333e+01	-2.893462e-02	4.799959e+00
8.016667e+01	-2.893045e-02	4.799980e+00
8.020000e+01	-2.892483e-02	4.800008e+00
8.023333e+01	-2.892281e-02	4.800018e+00
8.026667e+01	-2.892446e-02	4.800009e+00
8.030000e+01	-2.892693e-02	4.799997e+00
8.033333e+01	-2.892793e-02	4.799992e+00
8.036667e+01	-2.892728e-02	4.799996e+00
8.040000e+01	-2.892620e-02	4.800001e+00
8.043333e+01	-2.892572e-02	4.800003e+00
8.046667e+01	-2.892596e-02	4.800002e+00
8.050000e+01	-2.892644e-02	4.800000e+00
8.053333e+01	-2.892667e-02	4.799999e+00
8.056667e+01	-2.892658e-02	4.799999e+00
8.060000e+01	-2.892637e-02	4.800000e+00
8.063333e+01	-2.892626e-02	4.800001e+00
8.066667e+01	-2.892629e-02	4.800000e+00
8.070000e+01	-2.892638e-02	4.800000e+00
8.073333e+01	-2.892643e-02	4.800000e+00
8.076667e+01	-2.892642e-02	4.800000e+00
8.080000e+01	-2.892639e-02	4.800000e+00
8.083333e+01	-2.892636e-02	4.800000e+00
8.086667e+01	-2.892636e-02	4.800000e+00
8.090000e+01	-2.914107e-02	4.798939e+00
8.093333e+01	-3.056764e-02	4.791887e+00
8.096667e+01	-3.472035e-02	4.771361e+00
81	-4.160719e-02	4.737319e+00
8.103333e+01	-4.851853e-02	4.703156e+00
8.106667e+01	-5.219481e-02	4.684985e+00
8.110000e+01	-5.190316e-02	4.686426e+00
8.113333e+01	-4.968296e-02	4.697401e+00
8.116667e+01	-4.805120e-02	4.705466e+00
8.120000e+01	-4.799805e-02	4.705729e+00
8.123333e+01	-4.887985e-02	4.701370e+00
8.126667e+01	-4.960383e-02	4.697792e+00
8.130000e+01	-4.966752e-02	4.697477e+00
8.133333e+01	-4.930109e-02	4.699288e+00
8.136667e+01	-4.897584e-02	4.700896e+00
8.140000e+01	-4.893103e-02	4.701117e+00
8.143333e+01	-4.908354e-02	4.700364e+00
8.146667e+01	-4.922968e-02	4.699641e+00
8.150000e+01	-4.925685e-02	4.699507e+00
8.153333e+01	-4.897915e-02	4.700880e+00
8.156667e+01	-4.748719e-02	4.708254e+00
8.160000e+01	-4.331929e-02	4.728856e+00
8.163333e+01	-3.645825e-02	4.762770e+00
8.166667e+01	-2.957604e-02	4.796789e+00
0	0	0
0	0	0
0	0	0
