0	-4.781620e-02	4.370530e+00
3.333333e-02	-4.716381e-02	4.373525e+00
6.666667e-02	-4.225236e-02	4.396068e+00
1.000000e-01	-3.729572e-02	4.418819e+00
1.333333e-01	-3.272470e-02	4.439800e+00
1.666667e-01	-2.716535e-02	4.465318e+00
2.000000e-01	-2.123962e-02	4.492517e+00
2.333333e-01	-1.740884e-02	4.510100e+00
2.666667e-01	-1.695104e-02	4.512202e+00
3.000000e-01	-1.866029e-02	4.504356e+00
3.333333e-01	-2.032588e-02	4.496711e+00
3.666667e-01	-2.070453e-02	4.494973e+00
4.000000e-01	-2.006131e-02	4.497925e+00
4.333333e-01	-1.933763e-02	4.501247e+00
4.666667e-01	-1.913618e-02	4.502172e+00
5.000000e-01	-1.916243e-02	4.502051e+00
5.333333e-01	-1.794500e-02	4.507639e+00
5.666667e-01	-1.357565e-02	4.527695e+00
6.000000e-01	-6.056078e-03	4.562209e+00
6.333333e-01	1.527388e-03	4.597018e+00
6.666667e-01	5.537726e-03	4.615425e+00
7.000000e-01	5.182900e-03	4.613796e+00
7.333333e-01	2.730151e-03	4.602538e+00
7.666667e-01	9.476852e-04	4.594357e+00
8.000000e-01	9.062668e-04	4.594167e+00
8.333333e-01	1.882937e-03	4.598650e+00
8.666667e-01	2.674789e-03	4.602284e+00
9.000000e-01	2.737364e-03	4.602571e+00
9.333333e-01	2.330977e-03	4.600706e+00
9.666667e-01	1.974884e-03	4.599072e+00
1	1.928841e-03	4.598860e+00
1.033333e+00	2.098186e-03	4.599638e+00
1.066667e+00	2.258328e-03	4.600373e+00
1.100000e+00	2.286800e-03	4.600503e+00
1.133333e+00	2.216734e-03	4.600182e+00
1.166667e+00	2.145013e-03	4.599853e+00
1.200000e+00	2.128917e-03	4.599779e+00
1.233333e+00	2.157657e-03	4.599911e+00
1.266667e+00	2.189630e-03	4.600057e+00
1.300000e+00	2.198247e-03	4.600097e+00
1.333333e+00	2.186573e-03	4.600043e+00
1.366667e+00	2.172384e-03	4.599978e+00
1.400000e+00	2.167936e-03	4.599958e+00
1.433333e+00	2.172625e-03	4.599979e+00
1.466667e+00	2.178893e-03	4.600008e+00
1.500000e+00	2.181130e-03	4.600018e+00
1.533333e+00	2.179272e-03	4.600010e+00
1.566667e+00	2.176515e-03	4.599997e+00
1.600000e+00	2.175412e-03	4.599992e+00
1.633333e+00	2.176136e-03	4.599995e+00
1.666667e+00	2.177344e-03	4.600001e+00
1.700000e+00	2.177879e-03	4.600003e+00
1.733333e+00	2.177603e-03	4.600002e+00
1.766667e+00	2.177076e-03	4.600000e+00
1.800000e+00	2.176820e-03	4.599999e+00
1.833333e+00	2.176922e-03	4.599999e+00
1.866667e+00	2.177151e-03	4.600000e+00
1.900000e+00	2.177272e-03	4.600001e+00
1.933333e+00	2.408432e-03	4.601062e+00
1.966667e+00	3.944595e-03	4.608113e+00
2	8.416600e-03	4.628639e+00
2.033333e+00	1.583306e-02	4.662681e+00
2.066667e+00	2.327594e-02	4.696844e+00
2.100000e+00	2.723496e-02	4.715016e+00
2.133333e+00	2.692087e-02	4.713574e+00
2.166667e+00	2.452992e-02	4.702599e+00
2.200000e+00	2.277266e-02	4.694534e+00
2.233333e+00	2.271542e-02	4.694271e+00
2.266667e+00	2.366505e-02	4.698630e+00
2.300000e+00	2.444471e-02	4.702208e+00
2.333333e+00	2.451329e-02	4.702523e+00
2.366667e+00	2.411868e-02	4.700712e+00
2.400000e+00	2.376841e-02	4.699104e+00
2.433333e+00	2.372016e-02	4.698883e+00
2.466667e+00	2.388439e-02	4.699636e+00
2.500000e+00	2.404178e-02	4.700359e+00
2.533333e+00	2.407103e-02	4.700493e+00
2.566667e+00	2.423437e-02	4.701243e+00
2.600000e+00	2.570020e-02	4.707971e+00
2.633333e+00	3.015591e-02	4.728423e+00
2.666667e+00	3.760015e-02	4.762592e+00
2.700000e+00	4.507436e-02	4.796899e+00
2.733333e+00	4.904204e-02	4.815110e+00
2.766667e+00	4.871670e-02	4.813617e+00
2.800000e+00	4.631185e-02	4.802579e+00
2.833333e+00	4.455013e-02	4.794492e+00
2.866667e+00	4.449741e-02	4.794250e+00
2.900000e+00	4.545317e-02	4.798637e+00
2.933333e+00	4.623506e-02	4.802226e+00
2.966667e+00	4.630186e-02	4.802533e+00
3	4.590456e-02	4.800709e+00
3.033333e+00	4.555319e-02	4.799096e+00
3.066667e+00	4.550563e-02	4.798878e+00
3.100000e+00	4.567105e-02	4.799637e+00
3.133333e+00	4.582896e-02	4.800362e+00
3.166667e+00	4.585795e-02	4.800495e+00
3.200000e+00	4.578958e-02	4.800181e+00
3.233333e+00	4.595009e-02	4.800918e+00
3.266667e+00	4.747010e-02	4.807895e+00
3.300000e+00	5.197017e-02	4.828550e+00
3.333333e+00	5.941812e-02	4.862736e+00
3.366667e+00	6.686961e-02	4.896939e+00
3.400000e+00	7.058604e-02	4.913997e+00
3.433333e+00	6.872173e-02	4.905440e+00
3.466667e+00	6.185428e-02	4.873918e+00
3.500000e+00	5.268513e-02	4.831832e+00
3.533333e+00	4.519123e-02	4.797435e+00
3.566667e+00	4.218409e-02	4.783632e+00
3.600000e+00	4.327602e-02	4.788644e+00
3.633333e+00	4.573283e-02	4.799921e+00
3.666667e+00	4.709438e-02	4.806170e+00
3.700000e+00	4.680205e-02	4.804829e+00
3.733333e+00	4.580536e-02	4.800254e+00
3.766667e+00	4.519047e-02	4.797432e+00
3.800000e+00	4.527902e-02	4.797838e+00
3.833333e+00	4.570235e-02	4.799781e+00
3.866667e+00	4.598450e-02	4.801076e+00
3.900000e+00	4.596243e-02	4.800975e+00
3.933333e+00	4.578206e-02	4.800147e+00
3.966667e+00	4.565259e-02	4.799553e+00
4	4.565468e-02	4.799562e+00
4.033333e+00	4.573113e-02	4.799913e+00
4.066667e+00	4.579023e-02	4.800184e+00
4.100000e+00	4.579269e-02	4.800196e+00
4.133333e+00	4.576047e-02	4.800048e+00
4.166667e+00	4.596484e-02	4.800986e+00
4.200000e+00	4.749855e-02	4.808026e+00
4.233333e+00	5.198410e-02	4.828614e+00
4.266667e+00	5.941266e-02	4.862711e+00
4.300000e+00	6.685726e-02	4.896882e+00
4.333333e+00	7.081064e-02	4.915028e+00
4.366667e+00	7.049112e-02	4.913562e+00
4.400000e+00	6.809913e-02	4.902582e+00
4.433333e+00	6.634419e-02	4.894527e+00
4.466667e+00	6.628939e-02	4.894276e+00
4.500000e+00	6.723959e-02	4.898637e+00
4.533333e+00	6.801830e-02	4.902211e+00
4.566667e+00	6.808580e-02	4.902521e+00
4.600000e+00	6.769089e-02	4.900709e+00
4.633333e+00	6.734101e-02	4.899103e+00
4.666667e+00	6.729323e-02	4.898883e+00
4.700000e+00	6.745762e-02	4.899638e+00
4.733333e+00	6.761486e-02	4.900360e+00
4.766667e+00	6.764390e-02	4.900493e+00
4.800000e+00	6.757596e-02	4.900181e+00
4.833333e+00	6.750559e-02	4.899858e+00
4.866667e+00	6.748933e-02	4.899783e+00
4.900000e+00	6.751716e-02	4.899911e+00
4.933333e+00	6.754851e-02	4.900055e+00
4.966667e+00	6.755716e-02	4.900095e+00
5	6.754587e-02	4.900043e+00
5.033333e+00	6.753197e-02	4.899979e+00
5.066667e+00	6.752752e-02	4.899959e+00
5.100000e+00	6.753205e-02	4.899979e+00
5.133333e+00	6.753819e-02	4.900008e+00
5.166667e+00	6.754042e-02	4.900018e+00
5.200000e+00	6.753863e-02	4.900010e+00
5.233333e+00	6.730473e-02	4.898936e+00
5.266667e+00	6.576737e-02	4.891880e+00
5.300000e+00	6.129601e-02	4.871356e+00
5.333333e+00	5.364954e-02	4.836259e+00
5.366667e+00	4.467098e-02	4.795047e+00
5.400000e+00	3.600846e-02	4.755286e+00
5.433333e+00	2.736931e-02	4.715632e+00
5.466667e+00	1.784511e-02	4.671916e+00
5.500000e+00	7.995812e-03	4.626708e+00
5.533333e+00	-6.117423e-04	4.587199e+00
5.566667e+00	-7.601357e-03	4.555117e+00
5.600000e+00	-1.395737e-02	4.525943e+00
5.633333e+00	-2.055696e-02	4.495650e+00
5.666667e+00	-2.778584e-02	4.462470e+00
5.700000e+00	-3.526035e-02	4.428162e+00
5.733333e+00	-4.128215e-02	4.400522e+00
5.766667e+00	-4.403315e-02	4.387894e+00
5.800000e+00	-4.353754e-02	4.390169e+00
5.833333e+00	-4.168263e-02	4.398683e+00
5.866667e+00	-4.045116e-02	4.404336e+00
5.900000e+00	-4.050120e-02	4.404106e+00
5.933333e+00	-4.123335e-02	4.400746e+00
5.966667e+00	-4.178005e-02	4.398236e+00
6	-4.179057e-02	4.398188e+00
6.033333e+00	-4.148469e-02	4.399592e+00
6.066667e+00	-4.100671e-02	4.401786e+00
6.100000e+00	-3.945255e-02	4.408919e+00
6.133333e+00	-3.510888e-02	4.428857e+00
6.166667e+00	-2.780400e-02	4.462386e+00
6.200000e+00	-2.014380e-02	4.497547e+00
6.233333e+00	-1.459498e-02	4.523016e+00
6.266667e+00	-1.038676e-02	4.542332e+00
6.300000e+00	-5.352561e-03	4.565439e+00
6.333333e+00	3.108441e-04	4.591434e+00
6.366667e+00	4.190086e-03	4.609239e+00
6.400000e+00	4.820683e-03	4.612134e+00
6.433333e+00	3.218503e-03	4.604780e+00
6.466667e+00	1.771070e-03	4.598136e+00
6.500000e+00	2.858152e-03	4.603126e+00
6.533333e+00	7.925866e-03	4.626387e+00
6.566667e+00	1.606926e-02	4.663765e+00
6.600000e+00	2.374353e-02	4.698990e+00
6.633333e+00	2.746679e-02	4.716080e+00
6.666667e+00	2.683367e-02	4.713174e+00
6.700000e+00	2.432731e-02	4.701669e+00
6.733333e+00	2.266328e-02	4.694032e+00
6.766667e+00	2.274621e-02	4.694412e+00
6.800000e+00	2.375253e-02	4.699031e+00
6.833333e+00	2.449593e-02	4.702443e+00
6.866667e+00	2.450315e-02	4.702477e+00
6.900000e+00	2.408109e-02	4.700539e+00
6.933333e+00	2.374462e-02	4.698995e+00
6.966667e+00	2.372310e-02	4.698896e+00
7	2.390047e-02	4.699710e+00
7.033333e+00	2.405276e-02	4.700409e+00
7.066667e+00	2.407041e-02	4.700490e+00
7.100000e+00	2.399634e-02	4.700150e+00
7.133333e+00	2.392771e-02	4.699835e+00
7.166667e+00	2.391637e-02	4.699783e+00
7.200000e+00	2.371588e-02	4.698863e+00
7.233333e+00	2.221039e-02	4.691953e+00
7.266667e+00	1.774487e-02	4.671456e+00
7.300000e+00	1.031579e-02	4.637356e+00
7.333333e+00	2.628029e-03	4.602070e+00
7.366667e+00	-2.870768e-03	4.576830e+00
7.400000e+00	-7.023610e-03	4.557769e+00
7.433333e+00	-1.204302e-02	4.534729e+00
7.466667e+00	-1.772676e-02	4.508641e+00
7.500000e+00	-2.163058e-02	4.490722e+00
7.533333e+00	-2.226883e-02	4.487793e+00
7.566667e+00	-2.065847e-02	4.495184e+00
7.600000e+00	-1.896898e-02	4.502939e+00
7.633333e+00	-1.851595e-02	4.505019e+00
7.666667e+00	-1.911485e-02	4.502270e+00
7.700000e+00	-1.984657e-02	4.498911e+00
7.733333e+00	-2.007990e-02	4.497840e+00
7.766667e+00	-1.984291e-02	4.498928e+00
7.800000e+00	-1.952178e-02	4.500402e+00
7.833333e+00	-1.940543e-02	4.500936e+00
7.866667e+00	-1.949913e-02	4.500506e+00
7.900000e+00	-1.940901e-02	4.500919e+00
7.933333e+00	-1.792989e-02	4.507709e+00
7.966667e+00	-1.342140e-02	4.528403e+00
8	-5.943190e-03	4.562728e+00
8.033333e+00	1.527306e-03	4.597017e+00
8.066667e+00	5.472442e-03	4.615125e+00
8.100000e+00	5.131450e-03	4.613560e+00
8.133333e+00	2.727284e-03	4.602525e+00
8.166667e+00	1.206346e-03	4.595544e+00
8.200000e+00	2.697048e-03	4.602386e+00
8.233333e+00	8.124987e-03	4.627301e+00
8.266667e+00	1.631928e-02	4.664913e+00
8.300000e+00	2.382565e-02	4.699367e+00
8.333333e+00	2.738711e-02	4.715714e+00
8.366667e+00	2.672336e-02	4.712667e+00
8.400000e+00	2.405514e-02	4.700420e+00
8.433333e+00	2.092723e-02	4.686063e+00
8.466667e+00	1.655514e-02	4.665995e+00
8.500000e+00	1.011663e-02	4.636442e+00
8.533333e+00	3.384966e-03	4.605544e+00
8.566667e+00	-3.446400e-04	4.588425e+00
8.600000e+00	1.095139e-03	4.595034e+00
8.633333e+00	7.635954e-03	4.625056e+00
8.666667e+00	1.679277e-02	4.667086e+00
8.700000e+00	2.446560e-02	4.702304e+00
8.733333e+00	2.762096e-02	4.716787e+00
8.766667e+00	2.654256e-02	4.711837e+00
8.800000e+00	2.401079e-02	4.700217e+00
8.833333e+00	2.258229e-02	4.693660e+00
8.866667e+00	2.286511e-02	4.694958e+00
8.900000e+00	2.366179e-02	4.698615e+00
8.933333e+00	2.277051e-02	4.694524e+00
8.966667e+00	1.821563e-02	4.673617e+00
9	1.036297e-02	4.637573e+00
9.033333e+00	2.393324e-03	4.600992e+00
9.066667e+00	-3.083035e-03	4.575856e+00
9.100000e+00	-7.055388e-03	4.557623e+00
9.133333e+00	-1.194543e-02	4.535177e+00
9.166667e+00	-1.786261e-02	4.508017e+00
9.200000e+00	-2.337922e-02	4.482696e+00
9.233333e+00	-2.877978e-02	4.457908e+00
9.266667e+00	-3.612452e-02	4.424195e+00
9.300000e+00	-4.654887e-02	4.376347e+00
9.333333e+00	-5.898074e-02	4.319285e+00
9.366667e+00	-7.140912e-02	4.262239e+00
9.400000e+00	-8.267511e-02	4.210528e+00
9.433333e+00	-9.276412e-02	4.164219e+00
9.466667e+00	-1.016873e-01	4.123261e+00
9.500000e+00	-1.092180e-01	4.088696e+00
9.533333e+00	-1.158587e-01	4.058215e+00
9.566667e+00	-1.223147e-01	4.028582e+00
9.600000e+00	-1.278543e-01	4.003155e+00
9.633333e+00	-1.309098e-01	3.989130e+00
9.666667e+00	-1.312851e-01	3.987407e+00
9.700000e+00	-1.306391e-01	3.990373e+00
9.733333e+00	-1.308543e-01	3.989385e+00
9.766667e+00	-1.325123e-01	3.981775e+00
9.800000e+00	-1.349033e-01	3.970800e+00
9.833333e+00	-1.370661e-01	3.960873e+00
9.866667e+00	-1.386257e-01	3.953714e+00
9.900000e+00	-1.398371e-01	3.948153e+00
9.933333e+00	-1.411198e-01	3.942266e+00
9.966667e+00	-1.426591e-01	3.935201e+00
10	-1.443598e-01	3.927394e+00
1.003333e+01	-1.460396e-01	3.919684e+00
1.006667e+01	-1.475933e-01	3.912553e+00
1.010000e+01	-1.489629e-01	3.906266e+00
1.013333e+01	-1.500177e-01	3.901425e+00
1.016667e+01	-1.505893e-01	3.898801e+00
1.020000e+01	-1.506635e-01	3.898461e+00
1.023333e+01	-1.504548e-01	3.899418e+00
1.026667e+01	-1.502488e-01	3.900364e+00
1.030000e+01	-1.501981e-01	3.900597e+00
1.033333e+01	-1.502720e-01	3.900257e+00
1.036667e+01	-1.503583e-01	3.899861e+00
1.040000e+01	-1.503838e-01	3.899744e+00
1.043333e+01	-1.503544e-01	3.899879e+00
1.046667e+01	-1.503166e-01	3.900053e+00
1.050000e+01	-1.503039e-01	3.900111e+00
1.053333e+01	-1.503156e-01	3.900057e+00
1.056667e+01	-1.503322e-01	3.899981e+00
1.060000e+01	-1.503386e-01	3.899952e+00
1.063333e+01	-1.503340e-01	3.899973e+00
1.066667e+01	-1.503266e-01	3.900007e+00
1.070000e+01	-1.503236e-01	3.900021e+00
1.073333e+01	-1.503253e-01	3.900013e+00
1.076667e+01	-1.503285e-01	3.899998e+00
1.080000e+01	-1.503300e-01	3.899991e+00
1.083333e+01	-1.503293e-01	3.899994e+00
1.086667e+01	-1.503280e-01	3.900001e+00
1.090000e+01	-1.500961e-01	3.901065e+00
1.093333e+01	-1.485600e-01	3.908115e+00
1.096667e+01	-1.440886e-01	3.928639e+00
11	-1.366725e-01	3.962679e+00
1.103333e+01	-1.292295e-01	3.996842e+00
1.106667e+01	-1.252703e-01	4.015015e+00
1.110000e+01	-1.253530e-01	4.014636e+00
1.113333e+01	-1.262077e-01	4.010713e+00
1.116667e+01	-1.232618e-01	4.024234e+00
1.120000e+01	-1.143664e-01	4.065064e+00
1.123333e+01	-1.015019e-01	4.124113e+00
1.126667e+01	-8.934675e-02	4.179905e+00
1.130000e+01	-8.214939e-02	4.212941e+00
1.133333e+01	-8.074474e-02	4.219388e+00
1.136667e+01	-8.163009e-02	4.215324e+00
1.140000e+01	-7.965448e-02	4.224392e+00
1.143333e+01	-7.288142e-02	4.255481e+00
1.146667e+01	-6.455878e-02	4.293682e+00
1.150000e+01	-5.932113e-02	4.317723e+00
1.153333e+01	-5.778175e-02	4.324788e+00
1.156667e+01	-5.605275e-02	4.332724e+00
1.160000e+01	-5.085276e-02	4.356592e+00
1.163333e+01	-4.362541e-02	4.389766e+00
1.166667e+01	-3.857629e-02	4.412941e+00
1.170000e+01	-3.790853e-02	4.416006e+00
1.173333e+01	-4.015263e-02	4.405706e+00
1.176667e+01	-4.235957e-02	4.395576e+00
1.180000e+01	-4.285576e-02	4.393299e+00
1.183333e+01	-4.199251e-02	4.397261e+00
1.186667e+01	-4.102746e-02	4.401691e+00
1.190000e+01	-4.076277e-02	4.402906e+00
1.193333e+01	-4.110981e-02	4.401313e+00
1.196667e+01	-4.153585e-02	4.399357e+00
12	-4.167137e-02	4.398735e+00
1.203333e+01	-4.153219e-02	4.399374e+00
1.206667e+01	-4.134415e-02	4.400237e+00
1.210000e+01	-4.127624e-02	4.400549e+00
1.213333e+01	-4.133131e-02	4.400296e+00
1.216667e+01	-4.141399e-02	4.399916e+00
1.220000e+01	-4.144740e-02	4.399763e+00
1.223333e+01	-4.142598e-02	4.399861e+00
1.226667e+01	-4.138978e-02	4.400028e+00
1.230000e+01	-4.137360e-02	4.400102e+00
1.233333e+01	-4.138175e-02	4.400064e+00
1.236667e+01	-4.139753e-02	4.399992e+00
1.240000e+01	-4.140527e-02	4.399956e+00
1.243333e+01	-4.140225e-02	4.399970e+00
1.246667e+01	-4.139541e-02	4.400002e+00
1.250000e+01	-4.139175e-02	4.400019e+00
1.253333e+01	-4.139282e-02	4.400014e+00
1.256667e+01	-4.139577e-02	4.400000e+00
1.260000e+01	-4.139749e-02	4.399992e+00
1.263333e+01	-4.139713e-02	4.399994e+00
1.266667e+01	-4.139586e-02	4.400000e+00
1.270000e+01	-4.139506e-02	4.400003e+00
1.273333e+01	-4.139517e-02	4.400003e+00
1.276667e+01	-4.139571e-02	4.400000e+00
1.280000e+01	-4.139608e-02	4.399999e+00
1.283333e+01	-4.139606e-02	4.399999e+00
1.286667e+01	-4.139583e-02	4.400000e+00
1.290000e+01	-4.139566e-02	4.400001e+00
1.293333e+01	-4.139566e-02	4.400001e+00
1.296667e+01	-4.139576e-02	4.400000e+00
13	-4.139583e-02	4.400000e+00
1.303333e+01	-4.139584e-02	4.400000e+00
1.306667e+01	-4.139580e-02	4.400000e+00
1.310000e+01	-4.139576e-02	4.400000e+00
1.313333e+01	-4.139576e-02	4.400000e+00
1.316667e+01	-4.139577e-02	4.400000e+00
1.320000e+01	-4.139579e-02	4.400000e+00
1.323333e+01	-4.139579e-02	4.400000e+00
1.326667e+01	-4.139579e-02	4.400000e+00
1.330000e+01	-4.139578e-02	4.400000e+00
1.333333e+01	-4.139578e-02	4.400000e+00
1.336667e+01	-4.139578e-02	4.400000e+00
1.340000e+01	-4.139578e-02	4.400000e+00
1.343333e+01	-4.139578e-02	4.400000e+00
1.346667e+01	-4.139578e-02	4.400000e+00
1.350000e+01	-4.139578e-02	4.400000e+00
1.353333e+01	-4.139578e-02	4.400000e+00
1.356667e+01	-4.139578e-02	4.400000e+00
1.360000e+01	-4.139578e-02	4.400000e+00
1.363333e+01	-4.139578e-02	4.400000e+00
1.366667e+01	-4.139578e-02	4.400000e+00
1.370000e+01	-4.139578e-02	4.400000e+00
1.373333e+01	-4.139578e-02	4.400000e+00
1.376667e+01	-4.139578e-02	4.400000e+00
1.380000e+01	-4.139578e-02	4.400000e+00
1.383333e+01	-4.139578e-02	4.400000e+00
1.386667e+01	-4.139578e-02	4.400000e+00
1.390000e+01	-4.139578e-02	4.400000e+00
1.393333e+01	-4.139578e-02	4.400000e+00
1.396667e+01	-4.139578e-02	4.400000e+00
14	-4.139578e-02	4.400000e+00
1.403333e+01	-4.139578e-02	4.400000e+00
1.406667e+01	-4.139578e-02	4.400000e+00
1.410000e+01	-4.139578e-02	4.400000e+00
1.413333e+01	-4.139578e-02	4.400000e+00
1.416667e+01	-4.282920e-02	4.393421e+00
1.420000e+01	-5.235403e-02	4.349702e+00
1.423333e+01	-8.008080e-02	4.222435e+00
1.426667e+01	-1.258779e-01	4.012227e+00
1.430000e+01	-1.706094e-01	3.806908e+00
1.433333e+01	-1.901636e-01	3.717155e+00
1.436667e+01	-1.772915e-01	3.776238e+00
1.440000e+01	-1.455886e-01	3.921754e+00
1.443333e+01	-1.146475e-01	4.063774e+00
1.446667e+01	-9.449761e-02	4.156262e+00
1.450000e+01	-8.250304e-02	4.211317e+00
1.453333e+01	-7.086047e-02	4.264757e+00
1.456667e+01	-5.503999e-02	4.337373e+00
1.460000e+01	-3.681710e-02	4.421016e+00
1.463333e+01	-2.182302e-02	4.489839e+00
1.466667e+01	-1.457970e-02	4.523086e+00
1.470000e+01	-1.492375e-02	4.521507e+00
1.473333e+01	-1.867277e-02	4.504299e+00
1.476667e+01	-2.164588e-02	4.490652e+00
1.480000e+01	-2.327784e-02	4.483161e+00
1.483333e+01	-2.629794e-02	4.469299e+00
1.486667e+01	-3.275971e-02	4.439640e+00
1.490000e+01	-4.164061e-02	4.398876e+00
1.493333e+01	-5.067574e-02	4.357405e+00
1.496667e+01	-5.830952e-02	4.322366e+00
15	-6.343115e-02	4.298858e+00
1.503333e+01	-6.538092e-02	4.289908e+00
1.506667e+01	-6.477066e-02	4.292709e+00
1.510000e+01	-6.328647e-02	4.299522e+00
1.513333e+01	-6.241313e-02	4.303530e+00
1.516667e+01	-6.253148e-02	4.302987e+00
1.520000e+01	-6.311068e-02	4.300328e+00
1.523333e+01	-6.326612e-02	4.299615e+00
1.526667e+01	-6.170249e-02	4.306792e+00
1.530000e+01	-5.698713e-02	4.328436e+00
1.533333e+01	-4.939516e-02	4.363283e+00
1.536667e+01	-4.172329e-02	4.398497e+00
1.540000e+01	-3.630025e-02	4.423389e+00
1.543333e+01	-3.198660e-02	4.443188e+00
1.546667e+01	-2.613270e-02	4.470058e+00
1.550000e+01	-1.858290e-02	4.504711e+00
1.553333e+01	-1.183168e-02	4.535699e+00
1.556667e+01	-7.851546e-03	4.553968e+00
1.560000e+01	-6.181840e-03	4.561632e+00
1.563333e+01	-4.906525e-03	4.567486e+00
1.566667e+01	-2.614723e-03	4.578005e+00
1.570000e+01	7.306237e-04	4.593360e+00
1.573333e+01	4.334438e-03	4.609902e+00
1.576667e+01	7.537704e-03	4.624605e+00
1.580000e+01	1.027553e-02	4.637172e+00
1.583333e+01	1.287676e-02	4.649111e+00
1.586667e+01	1.563869e-02	4.661789e+00
1.590000e+01	1.857534e-02	4.675268e+00
1.593333e+01	2.137648e-02	4.688125e+00
1.596667e+01	2.351729e-02	4.697951e+00
16	2.457868e-02	4.702823e+00
1.603333e+01	2.461326e-02	4.702982e+00
1.606667e+01	2.414513e-02	4.700833e+00
1.610000e+01	2.352743e-02	4.697998e+00
1.613333e+01	2.194026e-02	4.690713e+00
1.616667e+01	1.764190e-02	4.670983e+00
1.620000e+01	1.015822e-02	4.636633e+00
1.623333e+01	1.208382e-03	4.595553e+00
1.626667e+01	-7.293723e-03	4.556529e+00
1.630000e+01	-1.446874e-02	4.523595e+00
1.633333e+01	-1.976801e-02	4.499272e+00
1.636667e+01	-2.347681e-02	4.482248e+00
1.640000e+01	-2.754519e-02	4.463574e+00
1.643333e+01	-3.351168e-02	4.436188e+00
1.646667e+01	-3.998879e-02	4.406458e+00
1.650000e+01	-4.397349e-02	4.388168e+00
1.653333e+01	-4.421890e-02	4.387042e+00
1.656667e+01	-4.225258e-02	4.396067e+00
1.660000e+01	-4.050930e-02	4.404069e+00
1.663333e+01	-4.021945e-02	4.405399e+00
1.666667e+01	-4.097808e-02	4.401917e+00
1.670000e+01	-4.174153e-02	4.398413e+00
1.673333e+01	-4.190759e-02	4.397651e+00
1.676667e+01	-4.159921e-02	4.399066e+00
1.680000e+01	-4.126062e-02	4.400620e+00
1.683333e+01	-4.094056e-02	4.402089e+00
1.686667e+01	-3.952976e-02	4.408565e+00
1.690000e+01	-3.520795e-02	4.428402e+00
1.693333e+01	-2.783754e-02	4.462232e+00
1.696667e+01	-2.034420e-02	4.496627e+00
17	-1.608758e-02	4.516165e+00
1.703333e+01	-1.484217e-02	4.521881e+00
1.706667e+01	-1.278110e-02	4.531342e+00
1.710000e+01	-7.151145e-03	4.557183e+00
1.713333e+01	2.229658e-04	4.591030e+00
1.716667e+01	5.139417e-03	4.613597e+00
1.720000e+01	5.849008e-03	4.616854e+00
1.723333e+01	5.068495e-03	4.613271e+00
1.726667e+01	7.385702e-03	4.623907e+00
1.730000e+01	1.438906e-02	4.656053e+00
1.733333e+01	2.273058e-02	4.694340e+00
1.736667e+01	2.763457e-02	4.716850e+00
1.740000e+01	2.754889e-02	4.716457e+00
1.743333e+01	2.479388e-02	4.703811e+00
1.746667e+01	2.261810e-02	4.693824e+00
1.750000e+01	2.244113e-02	4.693012e+00
1.753333e+01	2.353803e-02	4.698047e+00
1.756667e+01	2.450300e-02	4.702476e+00
1.760000e+01	2.463266e-02	4.703071e+00
1.763333e+01	2.417917e-02	4.700989e+00
1.766667e+01	2.374716e-02	4.699007e+00
1.770000e+01	2.366845e-02	4.698645e+00
1.773333e+01	2.385588e-02	4.699506e+00
1.776667e+01	2.381797e-02	4.699332e+00
1.780000e+01	2.232587e-02	4.692483e+00
1.783333e+01	1.777698e-02	4.671603e+00
1.786667e+01	1.027440e-02	4.637166e+00
1.790000e+01	2.808017e-03	4.602896e+00
1.793333e+01	-1.119792e-03	4.584867e+00
1.796667e+01	-7.675079e-04	4.586484e+00
18	1.635556e-03	4.597514e+00
1.803333e+01	3.611492e-03	4.606584e+00
1.806667e+01	5.188119e-03	4.613820e+00
1.810000e+01	8.704475e-03	4.629961e+00
1.813333e+01	1.534622e-02	4.660446e+00
1.816667e+01	2.272789e-02	4.694328e+00
1.820000e+01	2.708448e-02	4.714325e+00
1.823333e+01	2.734994e-02	4.715543e+00
1.826667e+01	2.654027e-02	4.711827e+00
1.830000e+01	2.908940e-02	4.723527e+00
1.833333e+01	3.629196e-02	4.756587e+00
1.836667e+01	4.465657e-02	4.794981e+00
1.840000e+01	4.946377e-02	4.817046e+00
1.843333e+01	4.928843e-02	4.816241e+00
1.846667e+01	4.651863e-02	4.803528e+00
1.850000e+01	4.438300e-02	4.793725e+00
1.853333e+01	4.424623e-02	4.793097e+00
1.856667e+01	4.536525e-02	4.798234e+00
1.860000e+01	4.641769e-02	4.803064e+00
1.863333e+01	4.689643e-02	4.805262e+00
1.866667e+01	4.724161e-02	4.806846e+00
1.870000e+01	4.805743e-02	4.810591e+00
1.873333e+01	4.946068e-02	4.817032e+00
1.876667e+01	5.110603e-02	4.824584e+00
1.880000e+01	5.261148e-02	4.831494e+00
1.883333e+01	5.386362e-02	4.837241e+00
1.886667e+01	5.499371e-02	4.842428e+00
1.890000e+01	5.617265e-02	4.847840e+00
1.893333e+01	5.746051e-02	4.853751e+00
1.896667e+01	5.880618e-02	4.859928e+00
19	6.013465e-02	4.866025e+00
1.903333e+01	6.141617e-02	4.871908e+00
1.906667e+01	6.267060e-02	4.877665e+00
1.910000e+01	6.393079e-02	4.883450e+00
1.913333e+01	6.519756e-02	4.889264e+00
1.916667e+01	6.638655e-02	4.894722e+00
1.920000e+01	6.731077e-02	4.898964e+00
1.923333e+01	6.779008e-02	4.901164e+00
1.926667e+01	6.782576e-02	4.901328e+00
1.930000e+01	6.762896e-02	4.900424e+00
1.933333e+01	6.722312e-02	4.898562e+00
1.936667e+01	6.565552e-02	4.891366e+00
1.940000e+01	6.125548e-02	4.871170e+00
1.943333e+01	5.368165e-02	4.836406e+00
1.946667e+01	4.471931e-02	4.795269e+00
1.950000e+01	3.625908e-02	4.756436e+00
1.953333e+01	2.889295e-02	4.722626e+00
1.956667e+01	2.229601e-02	4.692346e+00
1.960000e+01	1.563407e-02	4.661767e+00
1.963333e+01	8.603372e-03	4.629496e+00
1.966667e+01	2.606384e-03	4.601970e+00
1.970000e+01	-1.485871e-04	4.589325e+00
1.973333e+01	1.684033e-03	4.597737e+00
1.976667e+01	7.989739e-03	4.626680e+00
1.980000e+01	1.673594e-02	4.666825e+00
1.983333e+01	2.421849e-02	4.701170e+00
1.986667e+01	2.745935e-02	4.716046e+00
1.990000e+01	2.655776e-02	4.711907e+00
1.993333e+01	2.411602e-02	4.700700e+00
1.996667e+01	2.265645e-02	4.694000e+00
20	2.286280e-02	4.694947e+00
2.003333e+01	2.384832e-02	4.699471e+00
2.006667e+01	2.450406e-02	4.702481e+00
2.010000e+01	2.445421e-02	4.702252e+00
2.013333e+01	2.403779e-02	4.700341e+00
2.016667e+01	2.373873e-02	4.698968e+00
2.020000e+01	2.374348e-02	4.698990e+00
2.023333e+01	2.391994e-02	4.699800e+00
2.026667e+01	2.428755e-02	4.701487e+00
2.030000e+01	2.582944e-02	4.708564e+00
2.033333e+01	3.022714e-02	4.728750e+00
2.036667e+01	3.758167e-02	4.762507e+00
2.040000e+01	4.501862e-02	4.796643e+00
2.043333e+01	4.900875e-02	4.814957e+00
2.046667e+01	4.872264e-02	4.813644e+00
2.050000e+01	4.656696e-02	4.803750e+00
2.053333e+01	4.633303e-02	4.802676e+00
2.056667e+01	5.073529e-02	4.822882e+00
2.060000e+01	5.909893e-02	4.861271e+00
2.063333e+01	6.732676e-02	4.899037e+00
2.066667e+01	7.135994e-02	4.917550e+00
2.070000e+01	7.065261e-02	4.914303e+00
2.073333e+01	6.790922e-02	4.901711e+00
2.076667e+01	6.610122e-02	4.893412e+00
2.080000e+01	6.620750e-02	4.893900e+00
2.083333e+01	6.731539e-02	4.898985e+00
2.086667e+01	6.812541e-02	4.902703e+00
2.090000e+01	6.812649e-02	4.902708e+00
2.093333e+01	6.766111e-02	4.900572e+00
2.096667e+01	6.729400e-02	4.898887e+00
21	6.727336e-02	4.898792e+00
2.103333e+01	6.746910e-02	4.899691e+00
2.106667e+01	6.763540e-02	4.900454e+00
2.110000e+01	6.765347e-02	4.900537e+00
2.113333e+01	6.757164e-02	4.900161e+00
2.116667e+01	6.749665e-02	4.899817e+00
2.120000e+01	6.748477e-02	4.899763e+00
2.123333e+01	6.751873e-02	4.899918e+00
2.126667e+01	6.755238e-02	4.900073e+00
2.130000e+01	6.755931e-02	4.900105e+00
2.133333e+01	6.754533e-02	4.900040e+00
2.136667e+01	6.753030e-02	4.899971e+00
2.140000e+01	6.752652e-02	4.899954e+00
2.143333e+01	6.753222e-02	4.899980e+00
2.146667e+01	6.753890e-02	4.900011e+00
2.150000e+01	6.754088e-02	4.900020e+00
2.153333e+01	6.753858e-02	4.900009e+00
2.156667e+01	6.753562e-02	4.899996e+00
2.160000e+01	6.753462e-02	4.899991e+00
2.163333e+01	6.753554e-02	4.899995e+00
2.166667e+01	6.753684e-02	4.900001e+00
2.170000e+01	6.753734e-02	4.900004e+00
2.173333e+01	6.730578e-02	4.898941e+00
2.176667e+01	6.576895e-02	4.891887e+00
2.180000e+01	6.129664e-02	4.871359e+00
2.183333e+01	5.388033e-02	4.837318e+00
2.186667e+01	4.643775e-02	4.803157e+00
2.190000e+01	4.224768e-02	4.783924e+00
2.193333e+01	4.102544e-02	4.778314e+00
2.196667e+01	3.894421e-02	4.768761e+00
22	3.328495e-02	4.742785e+00
2.203333e+01	2.589938e-02	4.708885e+00
2.206667e+01	2.099081e-02	4.686355e+00
2.210000e+01	2.052526e-02	4.684218e+00
2.213333e+01	2.284761e-02	4.694878e+00
2.216667e+01	2.499944e-02	4.704755e+00
2.220000e+01	2.540694e-02	4.706625e+00
2.223333e+01	2.450557e-02	4.702488e+00
2.226667e+01	2.356169e-02	4.698155e+00
2.230000e+01	2.333573e-02	4.697118e+00
2.233333e+01	2.370108e-02	4.698795e+00
2.236667e+01	2.411920e-02	4.700714e+00
2.240000e+01	2.400669e-02	4.700198e+00
2.243333e+01	2.232254e-02	4.692468e+00
2.246667e+01	1.766531e-02	4.671091e+00
2.250000e+01	1.018823e-02	4.636771e+00
2.253333e+01	2.804566e-03	4.602880e+00
2.256667e+01	-1.072727e-03	4.585083e+00
2.260000e+01	-7.283846e-04	4.586664e+00
2.263333e+01	1.639226e-03	4.597531e+00
2.266667e+01	3.129391e-03	4.604371e+00
2.270000e+01	1.635533e-03	4.597514e+00
2.273333e+01	-3.545920e-03	4.573731e+00
2.276667e+01	-1.042126e-02	4.542173e+00
2.280000e+01	-1.475852e-02	4.522265e+00
2.283333e+01	-1.384567e-02	4.526455e+00
2.286667e+01	-8.689722e-03	4.550121e+00
2.290000e+01	-2.321333e-03	4.579352e+00
2.293333e+01	2.442698e-03	4.601219e+00
2.296667e+01	4.227643e-03	4.609412e+00
23	3.569996e-03	4.606393e+00
2.303333e+01	2.166833e-03	4.599953e+00
2.306667e+01	1.417014e-03	4.596511e+00
2.310000e+01	1.600010e-03	4.597351e+00
2.313333e+01	2.161173e-03	4.599927e+00
2.316667e+01	2.495077e-03	4.601459e+00
2.320000e+01	2.666614e-03	4.602247e+00
2.323333e+01	3.964126e-03	4.608202e+00
2.326667e+01	8.282836e-03	4.628025e+00
2.330000e+01	1.571635e-02	4.662145e+00
2.333333e+01	2.326120e-02	4.696776e+00
2.336667e+01	2.729078e-02	4.715272e+00
2.340000e+01	2.697343e-02	4.713815e+00
2.343333e+01	2.453912e-02	4.702642e+00
2.346667e+01	2.274955e-02	4.694428e+00
2.350000e+01	2.269187e-02	4.694163e+00
2.353333e+01	2.365982e-02	4.698606e+00
2.356667e+01	2.445419e-02	4.702252e+00
2.360000e+01	2.452379e-02	4.702571e+00
2.363333e+01	2.412149e-02	4.700725e+00
2.366667e+01	2.376456e-02	4.699086e+00
2.370000e+01	2.371550e-02	4.698861e+00
2.373333e+01	2.388294e-02	4.699630e+00
2.376667e+01	2.404333e-02	4.700366e+00
2.380000e+01	2.407309e-02	4.700503e+00
2.383333e+01	2.400390e-02	4.700185e+00
2.386667e+01	2.393213e-02	4.699856e+00
2.390000e+01	2.391548e-02	4.699779e+00
2.393333e+01	2.394382e-02	4.699909e+00
2.396667e+01	2.397579e-02	4.700056e+00
24	2.398464e-02	4.700097e+00
2.403333e+01	2.397315e-02	4.700044e+00
2.406667e+01	2.395898e-02	4.699979e+00
2.410000e+01	2.395443e-02	4.699958e+00
2.413333e+01	2.419023e-02	4.701040e+00
2.416667e+01	2.573275e-02	4.708120e+00
2.420000e+01	3.020709e-02	4.728658e+00
2.423333e+01	3.762172e-02	4.762691e+00
2.426667e+01	4.506180e-02	4.796841e+00
2.430000e+01	4.901968e-02	4.815008e+00
2.433333e+01	4.870631e-02	4.813569e+00
2.436667e+01	4.631657e-02	4.802600e+00
2.440000e+01	4.455986e-02	4.794537e+00
2.443333e+01	4.450236e-02	4.794273e+00
2.446667e+01	4.545145e-02	4.798629e+00
2.450000e+01	4.623085e-02	4.802207e+00
2.453333e+01	4.629953e-02	4.802522e+00
2.456667e+01	4.590515e-02	4.800712e+00
2.460000e+01	4.555501e-02	4.799105e+00
2.463333e+01	4.550672e-02	4.798883e+00
2.466667e+01	4.567085e-02	4.799636e+00
2.470000e+01	4.582818e-02	4.800359e+00
2.473333e+01	4.585745e-02	4.800493e+00
2.476667e+01	4.578963e-02	4.800182e+00
2.480000e+01	4.571923e-02	4.799858e+00
2.483333e+01	4.570287e-02	4.799783e+00
2.486667e+01	4.573064e-02	4.799911e+00
2.490000e+01	4.599320e-02	4.801116e+00
2.493333e+01	4.753816e-02	4.808207e+00
2.496667e+01	5.199896e-02	4.828682e+00
25	5.940150e-02	4.862660e+00
2.503333e+01	6.683987e-02	4.896802e+00
2.506667e+01	7.057218e-02	4.913934e+00
2.510000e+01	6.872798e-02	4.905469e+00
2.513333e+01	6.186721e-02	4.873978e+00
2.516667e+01	5.269173e-02	4.831862e+00
2.520000e+01	4.518896e-02	4.797425e+00
2.523333e+01	4.217849e-02	4.783606e+00
2.526667e+01	4.304172e-02	4.787569e+00
2.530000e+01	4.396616e-02	4.791812e+00
2.533333e+01	4.085727e-02	4.777542e+00
2.536667e+01	3.314753e-02	4.742154e+00
2.540000e+01	2.470631e-02	4.703409e+00
2.543333e+01	2.013164e-02	4.682411e+00
2.546667e+01	2.053463e-02	4.684261e+00
2.550000e+01	2.358084e-02	4.698243e+00
2.553333e+01	2.715688e-02	4.714657e+00
2.556667e+01	3.166397e-02	4.735345e+00
2.560000e+01	3.795011e-02	4.764198e+00
2.563333e+01	4.448364e-02	4.794187e+00
2.566667e+01	4.837618e-02	4.812054e+00
2.570000e+01	4.853330e-02	4.812775e+00
2.573333e+01	4.655181e-02	4.803680e+00
2.576667e+01	4.484526e-02	4.795847e+00
2.580000e+01	4.459151e-02	4.794682e+00
2.583333e+01	4.535688e-02	4.798195e+00
2.586667e+01	4.610473e-02	4.801628e+00
2.590000e+01	4.648588e-02	4.803377e+00
2.593333e+01	4.771010e-02	4.808997e+00
2.596667e+01	5.185001e-02	4.827999e+00
26	5.918480e-02	4.861666e+00
2.603333e+01	6.675504e-02	4.896413e+00
2.606667e+01	7.086167e-02	4.915262e+00
2.610000e+01	7.059043e-02	4.914018e+00
2.613333e+01	6.814799e-02	4.902807e+00
2.616667e+01	6.632536e-02	4.894441e+00
2.620000e+01	6.624630e-02	4.894078e+00
2.623333e+01	6.721649e-02	4.898531e+00
2.626667e+01	6.802497e-02	4.902242e+00
2.630000e+01	6.810441e-02	4.902607e+00
2.633333e+01	6.793291e-02	4.901819e+00
2.636667e+01	6.910626e-02	4.907205e+00
2.640000e+01	7.352475e-02	4.927486e+00
2.643333e+01	8.110856e-02	4.962296e+00
2.646667e+01	8.871431e-02	4.997206e+00
2.650000e+01	9.270511e-02	5.015524e+00
2.653333e+01	9.232200e-02	5.013766e+00
2.656667e+01	8.985822e-02	5.002457e+00
2.660000e+01	8.808340e-02	4.994310e+00
2.663333e+01	8.805438e-02	4.994177e+00
2.666667e+01	8.903642e-02	4.998685e+00
2.670000e+01	8.982534e-02	5.002306e+00
2.673333e+01	8.988250e-02	5.002568e+00
2.676667e+01	8.947354e-02	5.000691e+00
2.680000e+01	8.911854e-02	4.999062e+00
2.683333e+01	8.907485e-02	4.998861e+00
2.686667e+01	8.924542e-02	4.999644e+00
2.690000e+01	8.917397e-02	4.999316e+00
2.693333e+01	8.766516e-02	4.992391e+00
2.696667e+01	8.312246e-02	4.971540e+00
27	7.563442e-02	4.937169e+00
2.703333e+01	6.794474e-02	4.901874e+00
2.706667e+01	6.247849e-02	4.876784e+00
2.710000e+01	5.835244e-02	4.857845e+00
2.713333e+01	5.333535e-02	4.834817e+00
2.716667e+01	4.740678e-02	4.807604e+00
2.720000e+01	4.195458e-02	4.782579e+00
2.723333e+01	3.684261e-02	4.759115e+00
2.726667e+01	3.104219e-02	4.732491e+00
2.730000e+01	2.529430e-02	4.706108e+00
2.733333e+01	2.178935e-02	4.690020e+00
2.736667e+01	2.150219e-02	4.688702e+00
2.740000e+01	2.315897e-02	4.696307e+00
2.743333e+01	2.445112e-02	4.702238e+00
2.746667e+01	2.321004e-02	4.696541e+00
2.750000e+01	1.811059e-02	4.673135e+00
2.753333e+01	1.003112e-02	4.636050e+00
2.756667e+01	2.656821e-03	4.602202e+00
2.760000e+01	4.871332e-04	4.592243e+00
2.763333e+01	5.566240e-03	4.615556e+00
2.766667e+01	1.545848e-02	4.660961e+00
2.770000e+01	2.455629e-02	4.702720e+00
2.773333e+01	2.844288e-02	4.720560e+00
2.776667e+01	2.713601e-02	4.714561e+00
2.780000e+01	2.400627e-02	4.700196e+00
2.783333e+01	2.223760e-02	4.692078e+00
2.786667e+01	2.259646e-02	4.693725e+00
2.790000e+01	2.388027e-02	4.699618e+00
2.793333e+01	2.468308e-02	4.703302e+00
2.796667e+01	2.457692e-02	4.702815e+00
28	2.403114e-02	4.700310e+00
2.803333e+01	2.366259e-02	4.698618e+00
2.806667e+01	2.368726e-02	4.698732e+00
2.810000e+01	2.391959e-02	4.699798e+00
2.813333e+01	2.408855e-02	4.700574e+00
2.816667e+01	2.408760e-02	4.700569e+00
2.820000e+01	2.398922e-02	4.700118e+00
2.823333e+01	2.389675e-02	4.699693e+00
2.826667e+01	2.377497e-02	4.699134e+00
2.830000e+01	2.340041e-02	4.697415e+00
2.833333e+01	2.252496e-02	4.693397e+00
2.836667e+01	2.112202e-02	4.686957e+00
2.840000e+01	1.943418e-02	4.679210e+00
2.843333e+01	1.776884e-02	4.671566e+00
2.846667e+01	1.627622e-02	4.664715e+00
2.850000e+01	1.491037e-02	4.658446e+00
2.853333e+01	1.354823e-02	4.652193e+00
2.856667e+01	1.211713e-02	4.645625e+00
2.860000e+01	1.062967e-02	4.638797e+00
2.863333e+01	9.137428e-03	4.631948e+00
2.866667e+01	7.673875e-03	4.625230e+00
2.870000e+01	6.235666e-03	4.618629e+00
2.873333e+01	4.816284e-03	4.612114e+00
2.876667e+01	3.487375e-03	4.606014e+00
2.880000e+01	2.214015e-03	4.600169e+00
2.883333e+01	1.279352e-04	4.590594e+00
2.886667e+01	-4.392817e-03	4.569844e+00
2.890000e+01	-1.158893e-02	4.536814e+00
2.893333e+01	-1.883119e-02	4.503572e+00
2.896667e+01	-2.298222e-02	4.484518e+00
29	-2.451587e-02	4.477479e+00
2.903333e+01	-2.821797e-02	4.460486e+00
2.906667e+01	-3.836981e-02	4.413889e+00
2.910000e+01	-5.337065e-02	4.345035e+00
2.913333e+01	-6.745225e-02	4.280401e+00
2.916667e+01	-7.787448e-02	4.232563e+00
2.920000e+01	-8.713969e-02	4.190035e+00
2.923333e+01	-9.747270e-02	4.142607e+00
2.926667e+01	-1.067152e-01	4.100183e+00
2.930000e+01	-1.111990e-01	4.079603e+00
2.933333e+01	-1.103802e-01	4.083361e+00
2.936667e+01	-1.072349e-01	4.097798e+00
2.940000e+01	-1.048945e-01	4.108540e+00
2.943333e+01	-1.032099e-01	4.116273e+00
2.946667e+01	-9.846326e-02	4.138060e+00
2.950000e+01	-8.752180e-02	4.188281e+00
2.953333e+01	-7.268451e-02	4.256385e+00
2.956667e+01	-6.075519e-02	4.311140e+00
2.960000e+01	-5.668215e-02	4.329835e+00
2.963333e+01	-5.912300e-02	4.318632e+00
2.966667e+01	-6.195615e-02	4.305628e+00
2.970000e+01	-5.949208e-02	4.316938e+00
2.973333e+01	-5.120806e-02	4.354962e+00
2.976667e+01	-4.194372e-02	4.397485e+00
2.980000e+01	-3.704941e-02	4.419950e+00
2.983333e+01	-3.767410e-02	4.417083e+00
2.986667e+01	-4.061686e-02	4.403575e+00
2.990000e+01	-4.127538e-02	4.400553e+00
2.993333e+01	-3.675330e-02	4.421309e+00
2.996667e+01	-2.804996e-02	4.461257e+00
30	-1.962344e-02	4.499935e+00
3.003333e+01	-1.562980e-02	4.518266e+00
3.006667e+01	-1.625193e-02	4.515410e+00
3.010000e+01	-1.755138e-02	4.509446e+00
3.013333e+01	-1.487580e-02	4.521727e+00
3.016667e+01	-7.290629e-03	4.556543e+00
3.020000e+01	1.302685e-03	4.595986e+00
3.023333e+01	6.069220e-03	4.617865e+00
3.026667e+01	5.729671e-03	4.616306e+00
3.030000e+01	2.853824e-03	4.603106e+00
3.033333e+01	7.294082e-04	4.593355e+00
3.036667e+01	6.627592e-04	4.593049e+00
3.040000e+01	1.817022e-03	4.598347e+00
3.043333e+01	2.763497e-03	4.602691e+00
3.046667e+01	2.845425e-03	4.603067e+00
3.050000e+01	2.364968e-03	4.600862e+00
3.053333e+01	1.939263e-03	4.598908e+00
3.056667e+01	1.881101e-03	4.598641e+00
3.060000e+01	2.081106e-03	4.599559e+00
3.063333e+01	2.272436e-03	4.600437e+00
3.066667e+01	2.307798e-03	4.600600e+00
3.070000e+01	2.225148e-03	4.600220e+00
3.073333e+01	2.139519e-03	4.599827e+00
3.076667e+01	2.119721e-03	4.599736e+00
3.080000e+01	2.153577e-03	4.599892e+00
3.083333e+01	2.191724e-03	4.600067e+00
3.086667e+01	2.202257e-03	4.600115e+00
3.090000e+01	2.188526e-03	4.600052e+00
3.093333e+01	2.171608e-03	4.599975e+00
3.096667e+01	2.166196e-03	4.599950e+00
31	2.171700e-03	4.599975e+00
3.103333e+01	1.947973e-03	4.598948e+00
3.106667e+01	4.144232e-04	4.591909e+00
3.110000e+01	-4.059814e-03	4.571372e+00
3.113333e+01	-1.147955e-02	4.537316e+00
3.116667e+01	-1.892371e-02	4.503147e+00
3.120000e+01	-2.288186e-02	4.484979e+00
3.123333e+01	-2.256635e-02	4.486427e+00
3.126667e+01	-2.017476e-02	4.497405e+00
3.130000e+01	-1.841783e-02	4.505469e+00
3.133333e+01	-1.836122e-02	4.505729e+00
3.136667e+01	-1.931115e-02	4.501369e+00
3.140000e+01	-2.009069e-02	4.497791e+00
3.143333e+01	-2.015899e-02	4.497477e+00
3.146667e+01	-1.976425e-02	4.499289e+00
3.150000e+01	-1.941402e-02	4.500896e+00
3.153333e+01	-1.936589e-02	4.501117e+00
3.156667e+01	-1.953019e-02	4.500363e+00
3.160000e+01	-1.968756e-02	4.499641e+00
3.163333e+01	-1.971676e-02	4.499507e+00
3.166667e+01	-1.964887e-02	4.499818e+00
3.170000e+01	-1.957845e-02	4.500142e+00
3.173333e+01	-1.956211e-02	4.500217e+00
3.176667e+01	-1.958992e-02	4.500089e+00
3.180000e+01	-1.962129e-02	4.499945e+00
3.183333e+01	-1.962998e-02	4.499905e+00
3.186667e+01	-1.961870e-02	4.499957e+00
3.190000e+01	-1.960479e-02	4.500021e+00
3.193333e+01	-1.960033e-02	4.500041e+00
3.196667e+01	-1.960485e-02	4.500021e+00
32	-1.961099e-02	4.499992e+00
3.203333e+01	-1.961322e-02	4.499982e+00
3.206667e+01	-1.961144e-02	4.499990e+00
3.210000e+01	-1.960874e-02	4.500003e+00
3.213333e+01	-1.960764e-02	4.500008e+00
3.216667e+01	-1.960833e-02	4.500005e+00
3.220000e+01	-1.960951e-02	4.499999e+00
3.223333e+01	-1.937885e-02	4.501058e+00
3.226667e+01	-1.784232e-02	4.508111e+00
3.230000e+01	-1.336975e-02	4.528640e+00
3.233333e+01	-5.953041e-03	4.562682e+00
3.236667e+01	1.489693e-03	4.596845e+00
3.240000e+01	5.448461e-03	4.615015e+00
3.243333e+01	5.134263e-03	4.613573e+00
3.246667e+01	2.974555e-03	4.603660e+00
3.250000e+01	2.753664e-03	4.602646e+00
3.253333e+01	7.168543e-03	4.622911e+00
3.256667e+01	1.553461e-02	4.661311e+00
3.260000e+01	2.375705e-02	4.699052e+00
3.263333e+01	2.778459e-02	4.717538e+00
3.266667e+01	2.707592e-02	4.714286e+00
3.270000e+01	2.410354e-02	4.700642e+00
3.273333e+01	2.076178e-02	4.685304e+00
3.276667e+01	1.639671e-02	4.665268e+00
3.280000e+01	1.008726e-02	4.636308e+00
3.283333e+01	3.453331e-03	4.605858e+00
3.286667e+01	-5.049381e-04	4.587689e+00
3.290000e+01	-6.558898e-04	4.586996e+00
3.293333e+01	1.368432e-03	4.596288e+00
3.296667e+01	3.105219e-03	4.604260e+00
33	3.159895e-03	4.604511e+00
3.303333e+01	1.059556e-03	4.594870e+00
3.306667e+01	-3.535311e-03	4.573780e+00
3.310000e+01	-1.000959e-02	4.544063e+00
3.313333e+01	-1.581696e-02	4.517407e+00
3.316667e+01	-1.798059e-02	4.507476e+00
3.320000e+01	-1.567834e-02	4.518043e+00
3.323333e+01	-1.074548e-02	4.540685e+00
3.326667e+01	-5.810057e-03	4.563339e+00
3.330000e+01	-2.269399e-03	4.579590e+00
3.333333e+01	1.627422e-04	4.590754e+00
3.336667e+01	2.503345e-03	4.601497e+00
3.340000e+01	5.400655e-03	4.614796e+00
3.343333e+01	8.787468e-03	4.630341e+00
3.346667e+01	1.223938e-02	4.646186e+00
3.350000e+01	1.542760e-02	4.660820e+00
3.353333e+01	1.821018e-02	4.673592e+00
3.356667e+01	2.050076e-02	4.684106e+00
3.360000e+01	2.224666e-02	4.692119e+00
3.363333e+01	2.344802e-02	4.697634e+00
3.366667e+01	2.410984e-02	4.700671e+00
3.370000e+01	2.404852e-02	4.700390e+00
3.373333e+01	2.236953e-02	4.692683e+00
3.376667e+01	1.746601e-02	4.670176e+00
3.380000e+01	8.427607e-03	4.628690e+00
3.383333e+01	-3.677566e-03	4.573127e+00
3.386667e+01	-1.674097e-02	4.513166e+00
3.390000e+01	-2.983900e-02	4.453046e+00
3.393333e+01	-4.354150e-02	4.390151e+00
3.396667e+01	-5.789966e-02	4.324247e+00
34	-7.157475e-02	4.261478e+00
3.403333e+01	-8.335949e-02	4.207386e+00
3.406667e+01	-9.350833e-02	4.160803e+00
3.410000e+01	-1.032815e-01	4.115944e+00
3.413333e+01	-1.134547e-01	4.069249e+00
3.416667e+01	-1.230562e-01	4.025178e+00
3.420000e+01	-1.297181e-01	3.994600e+00
3.423333e+01	-1.321217e-01	3.983567e+00
3.426667e+01	-1.323167e-01	3.982672e+00
3.430000e+01	-1.345670e-01	3.972343e+00
3.433333e+01	-1.409356e-01	3.943112e+00
3.436667e+01	-1.487822e-01	3.907096e+00
3.440000e+01	-1.536473e-01	3.884765e+00
3.443333e+01	-1.538141e-01	3.883999e+00
3.446667e+01	-1.512816e-01	3.895623e+00
3.450000e+01	-1.491367e-01	3.905468e+00
3.453333e+01	-1.490872e-01	3.905696e+00
3.456667e+01	-1.516207e-01	3.894067e+00
3.460000e+01	-1.570391e-01	3.869196e+00
3.463333e+01	-1.646280e-01	3.834363e+00
3.466667e+01	-1.716619e-01	3.802078e+00
3.470000e+01	-1.751993e-01	3.785841e+00
3.473333e+01	-1.747889e-01	3.787724e+00
3.476667e+01	-1.725656e-01	3.797930e+00
3.480000e+01	-1.709961e-01	3.805133e+00
3.483333e+01	-1.709902e-01	3.805161e+00
3.486667e+01	-1.721029e-01	3.800053e+00
3.490000e+01	-1.743356e-01	3.789806e+00
3.493333e+01	-1.788498e-01	3.769085e+00
3.496667e+01	-1.858990e-01	3.736729e+00
35	-1.930283e-01	3.704006e+00
3.503333e+01	-1.967211e-01	3.687056e+00
3.506667e+01	-1.950242e-01	3.694845e+00
3.510000e+01	-1.883024e-01	3.725698e+00
3.513333e+01	-1.791514e-01	3.767701e+00
3.516667e+01	-1.715877e-01	3.802418e+00
3.520000e+01	-1.685150e-01	3.816522e+00
3.523333e+01	-1.695955e-01	3.811562e+00
3.526667e+01	-1.718500e-01	3.801214e+00
3.530000e+01	-1.717047e-01	3.801881e+00
3.533333e+01	-1.669468e-01	3.823720e+00
3.536667e+01	-1.585218e-01	3.862391e+00
3.540000e+01	-1.504510e-01	3.899436e+00
3.543333e+01	-1.465770e-01	3.917217e+00
3.546667e+01	-1.473193e-01	3.913810e+00
3.550000e+01	-1.499982e-01	3.901514e+00
3.553333e+01	-1.517352e-01	3.893541e+00
3.556667e+01	-1.516101e-01	3.894116e+00
3.560000e+01	-1.505284e-01	3.899080e+00
3.563333e+01	-1.495188e-01	3.903715e+00
3.566667e+01	-1.479911e-01	3.910727e+00
3.570000e+01	-1.439739e-01	3.929166e+00
3.573333e+01	-1.369106e-01	3.961586e+00
3.576667e+01	-1.294835e-01	3.995677e+00
3.580000e+01	-1.253330e-01	4.014728e+00
3.583333e+01	-1.254869e-01	4.014021e+00
3.586667e+01	-1.278622e-01	4.003119e+00
3.590000e+01	-1.296996e-01	3.994685e+00
3.593333e+01	-1.298292e-01	3.994090e+00
3.596667e+01	-1.288903e-01	3.998400e+00
36	-1.280773e-01	4.002131e+00
3.603333e+01	-1.279762e-01	4.002595e+00
3.606667e+01	-1.283645e-01	4.000813e+00
3.610000e+01	-1.287285e-01	3.999142e+00
3.613333e+01	-1.287912e-01	3.998854e+00
3.616667e+01	-1.286305e-01	3.999592e+00
3.620000e+01	-1.284675e-01	4.000340e+00
3.623333e+01	-1.284318e-01	4.000504e+00
3.626667e+01	-1.284978e-01	4.000201e+00
3.630000e+01	-1.285705e-01	3.999867e+00
3.633333e+01	-1.285897e-01	3.999779e+00
3.636667e+01	-1.285629e-01	3.999902e+00
3.640000e+01	-1.285306e-01	4.000051e+00
3.643333e+01	-1.285206e-01	4.000096e+00
3.646667e+01	-1.285314e-01	4.000047e+00
3.650000e+01	-1.285457e-01	3.999981e+00
3.653333e+01	-1.285507e-01	3.999958e+00
3.656667e+01	-1.285464e-01	3.999978e+00
3.660000e+01	-1.283090e-01	4.001068e+00
3.663333e+01	-1.267702e-01	4.008131e+00
3.666667e+01	-1.222998e-01	4.028650e+00
3.670000e+01	-1.148861e-01	4.062679e+00
3.673333e+01	-1.074445e-01	4.096836e+00
3.676667e+01	-1.034849e-01	4.115011e+00
3.680000e+01	-1.037978e-01	4.113575e+00
3.683333e+01	-1.061881e-01	4.102603e+00
3.686667e+01	-1.079456e-01	4.094536e+00
3.690000e+01	-1.080034e-01	4.094271e+00
3.693333e+01	-1.070540e-01	4.098628e+00
3.696667e+01	-1.062743e-01	4.102207e+00
37	-1.062055e-01	4.102523e+00
3.703333e+01	-1.065999e-01	4.100712e+00
3.706667e+01	-1.071814e-01	4.098043e+00
3.710000e+01	-1.087661e-01	4.090770e+00
3.713333e+01	-1.130739e-01	4.070997e+00
3.716667e+01	-1.203330e-01	4.037678e+00
3.720000e+01	-1.277465e-01	4.003649e+00
3.723333e+01	-1.317734e-01	3.985166e+00
3.726667e+01	-1.315297e-01	3.986285e+00
3.730000e+01	-1.291551e-01	3.997184e+00
3.733333e+01	-1.273701e-01	4.005377e+00
3.736667e+01	-1.272815e-01	4.005784e+00
3.740000e+01	-1.282224e-01	4.001465e+00
3.743333e+01	-1.290133e-01	3.997835e+00
3.746667e+01	-1.290958e-01	3.997456e+00
3.750000e+01	-1.287057e-01	3.999247e+00
3.753333e+01	-1.283509e-01	4.000875e+00
3.756667e+01	-1.282965e-01	4.001125e+00
3.760000e+01	-1.284585e-01	4.000381e+00
3.763333e+01	-1.286177e-01	3.999651e+00
3.766667e+01	-1.286496e-01	3.999504e+00
3.770000e+01	-1.285829e-01	3.999811e+00
3.773333e+01	-1.285118e-01	4.000137e+00
3.776667e+01	-1.284942e-01	4.000218e+00
3.780000e+01	-1.287527e-01	3.999031e+00
3.783333e+01	-1.303206e-01	3.991835e+00
3.786667e+01	-1.348018e-01	3.971266e+00
3.790000e+01	-1.422073e-01	3.937275e+00
3.793333e+01	-1.496361e-01	3.903176e+00
3.796667e+01	-1.535904e-01	3.885026e+00
38	-1.532807e-01	3.886447e+00
3.803333e+01	-1.508960e-01	3.897393e+00
3.806667e+01	-1.491410e-01	3.905448e+00
3.810000e+01	-1.490821e-01	3.905719e+00
3.813333e+01	-1.500290e-01	3.901373e+00
3.816667e+01	-1.508075e-01	3.897799e+00
3.820000e+01	-1.508768e-01	3.897482e+00
3.823333e+01	-1.504833e-01	3.899287e+00
3.826667e+01	-1.501336e-01	3.900893e+00
3.830000e+01	-1.500851e-01	3.901115e+00
3.833333e+01	-1.504800e-01	3.899303e+00
3.836667e+01	-1.521734e-01	3.891530e+00
3.840000e+01	-1.566748e-01	3.870868e+00
3.843333e+01	-1.640236e-01	3.837137e+00
3.846667e+01	-1.713962e-01	3.803297e+00
3.850000e+01	-1.753388e-01	3.785201e+00
3.853333e+01	-1.752836e-01	3.785454e+00
3.856667e+01	-1.744602e-01	3.789233e+00
3.860000e+01	-1.774149e-01	3.775671e+00
3.863333e+01	-1.862992e-01	3.734892e+00
3.866667e+01	-1.991498e-01	3.675908e+00
3.870000e+01	-2.115316e-01	3.619075e+00
3.873333e+01	-2.202697e-01	3.578967e+00
3.876667e+01	-2.259214e-01	3.553026e+00
3.880000e+01	-2.309185e-01	3.530090e+00
3.883333e+01	-2.360943e-01	3.506333e+00
3.886667e+01	-2.409434e-01	3.484075e+00
3.890000e+01	-2.459801e-01	3.460956e+00
3.893333e+01	-2.520538e-01	3.433078e+00
3.896667e+01	-2.580577e-01	3.405520e+00
39	-2.616079e-01	3.389225e+00
3.903333e+01	-2.617840e-01	3.388417e+00
3.906667e+01	-2.602451e-01	3.395480e+00
3.910000e+01	-2.602330e-01	3.395536e+00
3.913333e+01	-2.644555e-01	3.376154e+00
3.916667e+01	-2.725498e-01	3.339002e+00
3.920000e+01	-2.806690e-01	3.301734e+00
3.923333e+01	-2.847721e-01	3.282901e+00
3.926667e+01	-2.841826e-01	3.285607e+00
3.930000e+01	-2.814918e-01	3.297958e+00
3.933333e+01	-2.796571e-01	3.306379e+00
3.936667e+01	-2.797121e-01	3.306127e+00
3.940000e+01	-2.807948e-01	3.301157e+00
3.943333e+01	-2.816147e-01	3.297394e+00
3.946667e+01	-2.816381e-01	3.297286e+00
3.950000e+01	-2.811846e-01	3.299368e+00
3.953333e+01	-2.805828e-01	3.302130e+00
3.956667e+01	-2.790162e-01	3.309320e+00
3.960000e+01	-2.747343e-01	3.328974e+00
3.963333e+01	-2.672542e-01	3.363309e+00
3.966667e+01	-2.582973e-01	3.404421e+00
3.970000e+01	-2.497870e-01	3.443483e+00
3.973333e+01	-2.423781e-01	3.477490e+00
3.976667e+01	-2.357763e-01	3.507792e+00
3.980000e+01	-2.289040e-01	3.539336e+00
3.983333e+01	-2.201252e-01	3.579631e+00
3.986667e+01	-2.081230e-01	3.634721e+00
3.990000e+01	-1.932397e-01	3.703035e+00
3.993333e+01	-1.786681e-01	3.769919e+00
3.996667e+01	-1.690981e-01	3.813846e+00
40	-1.667865e-01	3.824456e+00
4.003333e+01	-1.695351e-01	3.811840e+00
4.006667e+01	-1.729661e-01	3.796091e+00
4.010000e+01	-1.739605e-01	3.791527e+00
4.013333e+01	-1.714793e-01	3.802916e+00
4.016667e+01	-1.655751e-01	3.830016e+00
4.020000e+01	-1.575746e-01	3.866738e+00
4.023333e+01	-1.504790e-01	3.899307e+00
4.026667e+01	-1.470234e-01	3.915168e+00
4.030000e+01	-1.472014e-01	3.914351e+00
4.033333e+01	-1.485438e-01	3.908190e+00
4.036667e+01	-1.486239e-01	3.907822e+00
4.040000e+01	-1.468771e-01	3.915840e+00
4.043333e+01	-1.443289e-01	3.927536e+00
4.046667e+01	-1.421764e-01	3.937416e+00
4.050000e+01	-1.407979e-01	3.943743e+00
4.053333e+01	-1.398053e-01	3.948300e+00
4.056667e+01	-1.386724e-01	3.953500e+00
4.060000e+01	-1.372065e-01	3.960228e+00
4.063333e+01	-1.355592e-01	3.967789e+00
4.066667e+01	-1.339608e-01	3.975126e+00
4.070000e+01	-1.325059e-01	3.981804e+00
4.073333e+01	-1.311512e-01	3.988022e+00
4.076667e+01	-1.298830e-01	3.993843e+00
4.080000e+01	-1.288513e-01	3.998578e+00
4.083333e+01	-1.282747e-01	4.001225e+00
4.086667e+01	-1.281988e-01	4.001573e+00
4.090000e+01	-1.284132e-01	4.000589e+00
4.093333e+01	-1.286248e-01	3.999618e+00
4.096667e+01	-1.289073e-01	3.998322e+00
41	-1.303665e-01	3.991624e+00
4.103333e+01	-1.347493e-01	3.971507e+00
4.106667e+01	-1.421398e-01	3.937584e+00
4.110000e+01	-1.496134e-01	3.903280e+00
4.113333e+01	-1.536115e-01	3.884929e+00
4.116667e+01	-1.533105e-01	3.886311e+00
4.120000e+01	-1.509072e-01	3.897342e+00
4.123333e+01	-1.491327e-01	3.905487e+00
4.126667e+01	-1.490690e-01	3.905779e+00
4.130000e+01	-1.500235e-01	3.901398e+00
4.133333e+01	-1.508107e-01	3.897785e+00
4.136667e+01	-1.508825e-01	3.897455e+00
4.140000e+01	-1.504860e-01	3.899275e+00
4.143333e+01	-1.501324e-01	3.900898e+00
4.146667e+01	-1.500826e-01	3.901127e+00
4.150000e+01	-1.502476e-01	3.900370e+00
4.153333e+01	-1.504064e-01	3.899641e+00
4.156667e+01	-1.504364e-01	3.899503e+00
4.160000e+01	-1.503683e-01	3.899816e+00
4.163333e+01	-1.502972e-01	3.900142e+00
4.166667e+01	-1.502805e-01	3.900218e+00
4.170000e+01	-1.503084e-01	3.900090e+00
4.173333e+01	-1.503400e-01	3.899945e+00
4.176667e+01	-1.503489e-01	3.899905e+00
4.180000e+01	-1.503376e-01	3.899956e+00
4.183333e+01	-1.503236e-01	3.900021e+00
4.186667e+01	-1.503190e-01	3.900042e+00
4.190000e+01	-1.503235e-01	3.900021e+00
4.193333e+01	-1.503297e-01	3.899992e+00
4.196667e+01	-1.503320e-01	3.899982e+00
42	-1.503302e-01	3.899990e+00
4.203333e+01	-1.503275e-01	3.900003e+00
4.206667e+01	-1.503264e-01	3.900008e+00
4.210000e+01	-1.503271e-01	3.900005e+00
4.213333e+01	-1.503283e-01	3.899999e+00
4.216667e+01	-1.503288e-01	3.899997e+00
4.220000e+01	-1.503285e-01	3.899998e+00
4.223333e+01	-1.503280e-01	3.900000e+00
4.226667e+01	-1.503278e-01	3.900001e+00
4.230000e+01	-1.503279e-01	3.900001e+00
4.233333e+01	-1.503281e-01	3.900000e+00
4.236667e+01	-1.503282e-01	3.899999e+00
4.240000e+01	-1.503282e-01	3.900000e+00
4.243333e+01	-1.503281e-01	3.900000e+00
4.246667e+01	-1.503280e-01	3.900000e+00
4.250000e+01	-1.503280e-01	3.900000e+00
4.253333e+01	-1.503281e-01	3.900000e+00
4.256667e+01	-1.503281e-01	3.900000e+00
4.260000e+01	-1.503281e-01	3.900000e+00
4.263333e+01	-1.503281e-01	3.900000e+00
4.266667e+01	-1.503281e-01	3.900000e+00
4.270000e+01	-1.503281e-01	3.900000e+00
4.273333e+01	-1.503281e-01	3.900000e+00
4.276667e+01	-1.500969e-01	3.901061e+00
4.280000e+01	-1.485606e-01	3.908113e+00
4.283333e+01	-1.440886e-01	3.928639e+00
4.286667e+01	-1.366721e-01	3.962681e+00
4.290000e+01	-1.292293e-01	3.996844e+00
4.293333e+01	-1.252703e-01	4.015015e+00
4.296667e+01	-1.255844e-01	4.013574e+00
43	-1.279753e-01	4.002599e+00
4.303333e+01	-1.297326e-01	3.994534e+00
4.306667e+01	-1.297898e-01	3.994271e+00
4.310000e+01	-1.288402e-01	3.998630e+00
4.313333e+01	-1.280605e-01	4.002208e+00
4.316667e+01	-1.279919e-01	4.002523e+00
4.320000e+01	-1.283865e-01	4.000712e+00
4.323333e+01	-1.287368e-01	3.999104e+00
4.326667e+01	-1.287851e-01	3.998883e+00
4.330000e+01	-1.286208e-01	3.999636e+00
4.333333e+01	-1.284634e-01	4.000359e+00
4.336667e+01	-1.284342e-01	4.000493e+00
4.340000e+01	-1.285020e-01	4.000182e+00
4.343333e+01	-1.285725e-01	3.999858e+00
4.346667e+01	-1.285888e-01	3.999783e+00
4.350000e+01	-1.285610e-01	3.999911e+00
4.353333e+01	-1.285297e-01	4.000055e+00
4.356667e+01	-1.285210e-01	4.000095e+00
4.360000e+01	-1.285322e-01	4.000043e+00
4.363333e+01	-1.285461e-01	3.999979e+00
4.366667e+01	-1.285506e-01	3.999959e+00
4.370000e+01	-1.285461e-01	3.999979e+00
4.373333e+01	-1.285400e-01	4.000008e+00
4.376667e+01	-1.285377e-01	4.000018e+00
4.380000e+01	-1.285395e-01	4.000010e+00
4.383333e+01	-1.285422e-01	3.999997e+00
4.386667e+01	-1.285433e-01	3.999992e+00
4.390000e+01	-1.285426e-01	3.999995e+00
4.393333e+01	-1.285414e-01	4.000001e+00
4.396667e+01	-1.285409e-01	4.000003e+00
44	-1.285412e-01	4.000002e+00
4.403333e+01	-1.285417e-01	4.000000e+00
4.406667e+01	-1.285419e-01	3.999999e+00
4.410000e+01	-1.285418e-01	3.999999e+00
4.413333e+01	-1.285416e-01	4.000000e+00
4.416667e+01	-1.285415e-01	4.000001e+00
4.420000e+01	-1.285415e-01	4.000000e+00
4.423333e+01	-1.285416e-01	4.000000e+00
4.426667e+01	-1.285417e-01	4.000000e+00
4.430000e+01	-1.285417e-01	4.000000e+00
4.433333e+01	-1.287728e-01	3.998939e+00
4.436667e+01	-1.303091e-01	3.991887e+00
4.440000e+01	-1.347811e-01	3.971361e+00
4.443333e+01	-1.421976e-01	3.937319e+00
4.446667e+01	-1.496404e-01	3.903156e+00
4.450000e+01	-1.535994e-01	3.884985e+00
4.453333e+01	-1.532853e-01	3.886426e+00
4.456667e+01	-1.508944e-01	3.897401e+00
4.460000e+01	-1.491371e-01	3.905466e+00
4.463333e+01	-1.493111e-01	3.904668e+00
4.466667e+01	-1.517970e-01	3.893258e+00
4.470000e+01	-1.570487e-01	3.869152e+00
4.473333e+01	-1.645337e-01	3.834796e+00
4.476667e+01	-1.715820e-01	3.802445e+00
4.480000e+01	-1.754219e-01	3.784819e+00
4.483333e+01	-1.765958e-01	3.779431e+00
4.486667e+01	-1.788412e-01	3.769125e+00
4.490000e+01	-1.846578e-01	3.742427e+00
4.493333e+01	-1.923038e-01	3.707331e+00
4.496667e+01	-1.986808e-01	3.678061e+00
45	-2.035480e-01	3.655720e+00
4.503333e+01	-2.086258e-01	3.632413e+00
4.506667e+01	-2.139445e-01	3.608000e+00
4.510000e+01	-2.175274e-01	3.591555e+00
4.513333e+01	-2.183546e-01	3.587758e+00
4.516667e+01	-2.184325e-01	3.587400e+00
4.520000e+01	-2.213594e-01	3.573966e+00
4.523333e+01	-2.285800e-01	3.540823e+00
4.526667e+01	-2.380951e-01	3.497149e+00
4.530000e+01	-2.471933e-01	3.455388e+00
4.533333e+01	-2.545143e-01	3.421784e+00
4.536667e+01	-2.593550e-01	3.399566e+00
4.540000e+01	-2.612644e-01	3.390801e+00
4.543333e+01	-2.607846e-01	3.393004e+00
4.546667e+01	-2.596577e-01	3.398176e+00
4.550000e+01	-2.603447e-01	3.395023e+00
4.553333e+01	-2.648812e-01	3.374201e+00
4.556667e+01	-2.728204e-01	3.337759e+00
4.560000e+01	-2.806365e-01	3.301883e+00
4.563333e+01	-2.845902e-01	3.283736e+00
4.566667e+01	-2.840579e-01	3.286179e+00
4.570000e+01	-2.817297e-01	3.296865e+00
4.573333e+01	-2.815020e-01	3.297911e+00
4.576667e+01	-2.860087e-01	3.277225e+00
4.580000e+01	-2.944512e-01	3.238474e+00
4.583333e+01	-3.026808e-01	3.200700e+00
4.586667e+01	-3.069010e-01	3.181329e+00
4.590000e+01	-3.076941e-01	3.177689e+00
4.593333e+01	-3.094200e-01	3.169767e+00
4.596667e+01	-3.157006e-01	3.140939e+00
46	-3.276088e-01	3.086280e+00
4.603333e+01	-3.453199e-01	3.004986e+00
4.606667e+01	-3.667672e-01	2.906543e+00
4.610000e+01	-3.853594e-01	2.821205e+00
4.613333e+01	-3.941472e-01	2.780868e+00
4.616667e+01	-3.924443e-01	2.788685e+00
4.620000e+01	-3.860089e-01	2.818223e+00
4.623333e+01	-3.812946e-01	2.839862e+00
4.626667e+01	-3.806526e-01	2.842809e+00
4.630000e+01	-3.823143e-01	2.835181e+00
4.633333e+01	-3.834918e-01	2.829777e+00
4.636667e+01	-3.829705e-01	2.832170e+00
4.640000e+01	-3.813881e-01	2.839433e+00
4.643333e+01	-3.799472e-01	2.846047e+00
4.646667e+01	-3.792291e-01	2.849343e+00
4.650000e+01	-3.789993e-01	2.850398e+00
4.653333e+01	-3.787369e-01	2.851602e+00
4.656667e+01	-3.781668e-01	2.854219e+00
4.660000e+01	-3.773729e-01	2.857862e+00
4.663333e+01	-3.765803e-01	2.861501e+00
4.666667e+01	-3.759178e-01	2.864542e+00
4.670000e+01	-3.753574e-01	2.867114e+00
4.673333e+01	-3.748023e-01	2.869662e+00
4.676667e+01	-3.741924e-01	2.872461e+00
4.680000e+01	-3.735362e-01	2.875473e+00
4.683333e+01	-3.728751e-01	2.878508e+00
4.686667e+01	-3.722370e-01	2.881437e+00
4.690000e+01	-3.716197e-01	2.884270e+00
4.693333e+01	-3.710057e-01	2.887088e+00
4.696667e+01	-3.703822e-01	2.889950e+00
47	-3.697492e-01	2.892855e+00
4.703333e+01	-3.691144e-01	2.895769e+00
4.706667e+01	-3.684835e-01	2.898665e+00
4.710000e+01	-3.678568e-01	2.901542e+00
4.713333e+01	-3.672312e-01	2.904413e+00
4.716667e+01	-3.666039e-01	2.907293e+00
4.720000e+01	-3.659748e-01	2.910180e+00
4.723333e+01	-3.653451e-01	2.913070e+00
4.726667e+01	-3.647161e-01	2.915958e+00
4.730000e+01	-3.640879e-01	2.918841e+00
4.733333e+01	-3.634599e-01	2.921723e+00
4.736667e+01	-3.628318e-01	2.924607e+00
4.740000e+01	-3.622032e-01	2.927492e+00
4.743333e+01	-3.615745e-01	2.930377e+00
4.746667e+01	-3.609459e-01	2.933263e+00
4.750000e+01	-3.603175e-01	2.936147e+00
4.753333e+01	-3.596892e-01	2.939031e+00
4.756667e+01	-3.590608e-01	2.941916e+00
4.760000e+01	-3.584323e-01	2.944800e+00
4.763333e+01	-3.578038e-01	2.947685e+00
4.766667e+01	-3.571753e-01	2.950570e+00
4.770000e+01	-3.565469e-01	2.953454e+00
4.773333e+01	-3.559184e-01	2.956339e+00
4.776667e+01	-3.552900e-01	2.959223e+00
4.780000e+01	-3.546615e-01	2.962108e+00
4.783333e+01	-3.540331e-01	2.964993e+00
4.786667e+01	-3.534046e-01	2.967877e+00
4.790000e+01	-3.527761e-01	2.970762e+00
4.793333e+01	-3.521477e-01	2.973647e+00
4.796667e+01	-3.515192e-01	2.976531e+00
48	-3.508908e-01	2.979416e+00
4.803333e+01	-3.502623e-01	2.982300e+00
4.806667e+01	-3.496339e-01	2.985185e+00
4.810000e+01	-3.490054e-01	2.988070e+00
4.813333e+01	-3.483770e-01	2.990954e+00
4.816667e+01	-3.477485e-01	2.993839e+00
4.820000e+01	-3.471200e-01	2.996724e+00
4.823333e+01	-3.464916e-01	2.999608e+00
4.826667e+01	-3.458631e-01	3.002493e+00
4.830000e+01	-3.452347e-01	3.005377e+00
4.833333e+01	-3.446062e-01	3.008262e+00
4.836667e+01	-3.439778e-01	3.011147e+00
4.840000e+01	-3.433493e-01	3.014031e+00
4.843333e+01	-3.427209e-01	3.016916e+00
4.846667e+01	-3.420924e-01	3.019800e+00
4.850000e+01	-3.414639e-01	3.022685e+00
4.853333e+01	-3.408355e-01	3.025570e+00
4.856667e+01	-3.402070e-01	3.028454e+00
4.860000e+01	-3.395786e-01	3.031339e+00
4.863333e+01	-3.389501e-01	3.034224e+00
4.866667e+01	-3.383217e-01	3.037108e+00
4.870000e+01	-3.376932e-01	3.039993e+00
4.873333e+01	-3.370648e-01	3.042877e+00
4.876667e+01	-3.364363e-01	3.045762e+00
4.880000e+01	-3.358078e-01	3.048647e+00
4.883333e+01	-3.351794e-01	3.051531e+00
4.886667e+01	-3.345509e-01	3.054416e+00
4.890000e+01	-3.339225e-01	3.057300e+00
4.893333e+01	-3.332940e-01	3.060185e+00
4.896667e+01	-3.326656e-01	3.063070e+00
49	-3.320371e-01	3.065954e+00
4.903333e+01	-3.314087e-01	3.068839e+00
4.906667e+01	-3.307802e-01	3.071724e+00
4.910000e+01	-3.301517e-01	3.074608e+00
4.913333e+01	-3.295233e-01	3.077493e+00
4.916667e+01	-3.288948e-01	3.080377e+00
4.920000e+01	-3.282664e-01	3.083262e+00
4.923333e+01	-3.276379e-01	3.086147e+00
4.926667e+01	-3.270095e-01	3.089031e+00
4.930000e+01	-3.263810e-01	3.091916e+00
4.933333e+01	-3.255280e-01	3.095831e+00
4.936667e+01	-3.234143e-01	3.105533e+00
4.940000e+01	-3.184938e-01	3.128118e+00
4.943333e+01	-3.108428e-01	3.163236e+00
4.946667e+01	-3.033801e-01	3.197490e+00
4.950000e+01	-2.995155e-01	3.215229e+00
4.953333e+01	-2.999149e-01	3.213396e+00
4.956667e+01	-3.023221e-01	3.202346e+00
4.960000e+01	-3.040450e-01	3.194438e+00
4.963333e+01	-3.040663e-01	3.194341e+00
4.966667e+01	-3.031080e-01	3.198739e+00
4.970000e+01	-3.023423e-01	3.202254e+00
4.973333e+01	-3.022895e-01	3.202496e+00
4.976667e+01	-3.026886e-01	3.200664e+00
4.980000e+01	-3.030333e-01	3.199082e+00
4.983333e+01	-3.030745e-01	3.198893e+00
4.986667e+01	-3.029080e-01	3.199657e+00
4.990000e+01	-3.027528e-01	3.200369e+00
4.993333e+01	-3.027267e-01	3.200489e+00
4.996667e+01	-3.027957e-01	3.200173e+00
50	-3.028652e-01	3.199853e+00
5.003333e+01	-3.028802e-01	3.199785e+00
5.006667e+01	-3.028519e-01	3.199915e+00
5.010000e+01	-3.028208e-01	3.200057e+00
5.013333e+01	-3.028127e-01	3.200094e+00
5.016667e+01	-3.028243e-01	3.200041e+00
5.020000e+01	-3.028381e-01	3.199978e+00
5.023333e+01	-3.028423e-01	3.199959e+00
5.026667e+01	-3.028376e-01	3.199980e+00
5.030000e+01	-3.028315e-01	3.200008e+00
5.033333e+01	-3.028294e-01	3.200018e+00
5.036667e+01	-3.028312e-01	3.200009e+00
5.040000e+01	-3.028339e-01	3.199997e+00
5.043333e+01	-3.028350e-01	3.199992e+00
5.046667e+01	-3.028343e-01	3.199996e+00
5.050000e+01	-3.028331e-01	3.200001e+00
5.053333e+01	-3.028326e-01	3.200003e+00
5.056667e+01	-3.028328e-01	3.200002e+00
5.060000e+01	-3.028334e-01	3.200000e+00
5.063333e+01	-3.030648e-01	3.198937e+00
5.066667e+01	-3.046010e-01	3.191886e+00
5.070000e+01	-3.090728e-01	3.171361e+00
5.073333e+01	-3.164891e-01	3.137320e+00
5.076667e+01	-3.239320e-01	3.103157e+00
5.080000e+01	-3.278911e-01	3.084985e+00
5.083333e+01	-3.275771e-01	3.086426e+00
5.086667e+01	-3.251861e-01	3.097400e+00
5.090000e+01	-3.234288e-01	3.105466e+00
5.093333e+01	-3.233716e-01	3.105729e+00
5.096667e+01	-3.243212e-01	3.101370e+00
51	-3.251009e-01	3.097792e+00
5.103333e+01	-3.251695e-01	3.097477e+00
5.106667e+01	-3.247748e-01	3.099288e+00
5.110000e+01	-3.244246e-01	3.100896e+00
5.113333e+01	-3.243763e-01	3.101117e+00
5.116667e+01	-3.245405e-01	3.100364e+00
5.120000e+01	-3.246979e-01	3.099641e+00
5.123333e+01	-3.247272e-01	3.099507e+00
5.126667e+01	-3.246593e-01	3.099818e+00
5.130000e+01	-3.245889e-01	3.100142e+00
5.133333e+01	-3.245725e-01	3.100217e+00
5.136667e+01	-3.246003e-01	3.100089e+00
5.140000e+01	-3.246317e-01	3.099945e+00
5.143333e+01	-3.246404e-01	3.099905e+00
5.146667e+01	-3.246291e-01	3.099957e+00
5.150000e+01	-3.246152e-01	3.100021e+00
5.153333e+01	-3.246108e-01	3.100041e+00
5.156667e+01	-3.246153e-01	3.100021e+00
5.160000e+01	-3.246214e-01	3.099992e+00
5.163333e+01	-3.246237e-01	3.099982e+00
5.166667e+01	-3.246219e-01	3.099990e+00
5.170000e+01	-3.246192e-01	3.100003e+00
5.173333e+01	-3.246181e-01	3.100008e+00
5.176667e+01	-3.246188e-01	3.100005e+00
5.180000e+01	-3.246199e-01	3.099999e+00
5.183333e+01	-3.243893e-01	3.101058e+00
5.186667e+01	-3.228528e-01	3.108111e+00
5.190000e+01	-3.183802e-01	3.128640e+00
5.193333e+01	-3.109635e-01	3.162682e+00
5.196667e+01	-3.035207e-01	3.196845e+00
52	-2.995620e-01	3.215015e+00
5.203333e+01	-2.998762e-01	3.213573e+00
5.206667e+01	-3.020359e-01	3.203660e+00
5.210000e+01	-3.022568e-01	3.202646e+00
5.213333e+01	-2.978419e-01	3.222911e+00
5.216667e+01	-2.894758e-01	3.261311e+00
5.220000e+01	-2.812534e-01	3.299052e+00
5.223333e+01	-2.772258e-01	3.317538e+00
5.226667e+01	-2.777033e-01	3.315347e+00
5.230000e+01	-2.789082e-01	3.309816e+00
5.233333e+01	-2.762417e-01	3.322056e+00
5.236667e+01	-2.687182e-01	3.356588e+00
5.240000e+01	-2.599372e-01	3.396893e+00
5.243333e+01	-2.536330e-01	3.425829e+00
5.246667e+01	-2.494743e-01	3.444918e+00
5.250000e+01	-2.449139e-01	3.465851e+00
5.253333e+01	-2.395949e-01	3.490265e+00
5.256667e+01	-2.357136e-01	3.508080e+00
5.260000e+01	-2.348825e-01	3.511895e+00
5.263333e+01	-2.363277e-01	3.505261e+00
5.266667e+01	-2.379983e-01	3.497593e+00
5.270000e+01	-2.385320e-01	3.495144e+00
5.273333e+01	-2.380075e-01	3.497551e+00
5.276667e+01	-2.375191e-01	3.499792e+00
5.280000e+01	-2.387886e-01	3.493965e+00
5.283333e+01	-2.434643e-01	3.472504e+00
5.286667e+01	-2.514261e-01	3.435960e+00
5.290000e+01	-2.605352e-01	3.394148e+00
5.293333e+01	-2.688875e-01	3.355811e+00
5.296667e+01	-2.758526e-01	3.323842e+00
53	-2.808418e-01	3.300941e+00
5.303333e+01	-2.830733e-01	3.290698e+00
5.306667e+01	-2.827618e-01	3.292128e+00
5.310000e+01	-2.813504e-01	3.298607e+00
5.313333e+01	-2.803618e-01	3.303144e+00
5.316667e+01	-2.801161e-01	3.304272e+00
5.320000e+01	-2.791207e-01	3.308841e+00
5.323333e+01	-2.750819e-01	3.327379e+00
5.326667e+01	-2.674657e-01	3.362337e+00
5.330000e+01	-2.582629e-01	3.404579e+00
5.333333e+01	-2.496377e-01	3.444168e+00
5.336667e+01	-2.422803e-01	3.477939e+00
5.340000e+01	-2.357855e-01	3.507750e+00
5.343333e+01	-2.289678e-01	3.539043e+00
5.346667e+01	-2.204013e-01	3.578363e+00
5.350000e+01	-2.096579e-01	3.627676e+00
5.353333e+01	-1.976847e-01	3.682633e+00
5.356667e+01	-1.860640e-01	3.735972e+00
5.360000e+01	-1.765403e-01	3.779686e+00
5.363333e+01	-1.707569e-01	3.806232e+00
5.366667e+01	-1.692304e-01	3.813238e+00
5.370000e+01	-1.705760e-01	3.807062e+00
5.373333e+01	-1.724296e-01	3.798554e+00
5.376667e+01	-1.731853e-01	3.795085e+00
5.380000e+01	-1.727637e-01	3.797020e+00
5.383333e+01	-1.720122e-01	3.800470e+00
5.386667e+01	-1.716637e-01	3.802069e+00
5.390000e+01	-1.718202e-01	3.801351e+00
5.393333e+01	-1.721432e-01	3.799868e+00
5.396667e+01	-1.723071e-01	3.799116e+00
54	-1.722497e-01	3.799380e+00
5.403333e+01	-1.721098e-01	3.800022e+00
5.406667e+01	-1.718015e-01	3.801437e+00
5.410000e+01	-1.702853e-01	3.808396e+00
5.413333e+01	-1.658735e-01	3.828646e+00
5.416667e+01	-1.584931e-01	3.862522e+00
5.420000e+01	-1.510438e-01	3.896715e+00
5.423333e+01	-1.470590e-01	3.915005e+00
5.426667e+01	-1.473563e-01	3.913640e+00
5.430000e+01	-1.497490e-01	3.902658e+00
5.433333e+01	-1.515174e-01	3.894541e+00
5.436667e+01	-1.515823e-01	3.894243e+00
5.440000e+01	-1.506323e-01	3.898603e+00
5.443333e+01	-1.498480e-01	3.902204e+00
5.446667e+01	-1.497759e-01	3.902535e+00
5.450000e+01	-1.501704e-01	3.900724e+00
5.453333e+01	-1.505227e-01	3.899107e+00
5.456667e+01	-1.505725e-01	3.898878e+00
5.460000e+01	-1.504084e-01	3.899631e+00
5.463333e+01	-1.502502e-01	3.900357e+00
5.466667e+01	-1.502202e-01	3.900495e+00
5.470000e+01	-1.500568e-01	3.901245e+00
5.473333e+01	-1.485913e-01	3.907972e+00
5.476667e+01	-1.441359e-01	3.928422e+00
5.480000e+01	-1.366917e-01	3.962591e+00
5.483333e+01	-1.292174e-01	3.996898e+00
5.486667e+01	-1.252496e-01	4.015111e+00
5.490000e+01	-1.255749e-01	4.013617e+00
5.493333e+01	-1.279798e-01	4.002579e+00
5.496667e+01	-1.297416e-01	3.994492e+00
55	-1.295631e-01	3.995311e+00
5.503333e+01	-1.270711e-01	4.006750e+00
5.506667e+01	-1.218171e-01	4.030866e+00
5.510000e+01	-1.143338e-01	4.065214e+00
5.513333e+01	-1.072883e-01	4.097553e+00
5.516667e+01	-1.036807e-01	4.114112e+00
5.520000e+01	-1.040423e-01	4.112452e+00
5.523333e+01	-1.062679e-01	4.102237e+00
5.526667e+01	-1.078672e-01	4.094896e+00
5.530000e+01	-1.078954e-01	4.094766e+00
5.533333e+01	-1.070142e-01	4.098811e+00
5.536667e+01	-1.063052e-01	4.102065e+00
5.540000e+01	-1.062529e-01	4.102305e+00
5.543333e+01	-1.066195e-01	4.100623e+00
5.546667e+01	-1.069383e-01	4.099160e+00
5.550000e+01	-1.069778e-01	4.098978e+00
5.553333e+01	-1.068250e-01	4.099680e+00
5.556667e+01	-1.066816e-01	4.100338e+00
5.560000e+01	-1.068880e-01	4.099390e+00
5.563333e+01	-1.084875e-01	4.092048e+00
5.566667e+01	-1.130238e-01	4.071227e+00
5.570000e+01	-1.204544e-01	4.037120e+00
5.573333e+01	-1.281025e-01	4.002016e+00
5.576667e+01	-1.335690e-01	3.976924e+00
5.580000e+01	-1.377194e-01	3.957874e+00
5.583333e+01	-1.429867e-01	3.933697e+00
5.586667e+01	-1.502213e-01	3.900490e+00
5.590000e+01	-1.585990e-01	3.862036e+00
5.593333e+01	-1.668780e-01	3.824036e+00
5.596667e+01	-1.742402e-01	3.790243e+00
56	-1.812118e-01	3.758244e+00
5.603333e+01	-1.896314e-01	3.719597e+00
5.606667e+01	-2.012935e-01	3.666068e+00
5.610000e+01	-2.161161e-01	3.598032e+00
5.613333e+01	-2.308362e-01	3.530467e+00
5.616667e+01	-2.405584e-01	3.485842e+00
5.620000e+01	-2.431355e-01	3.474013e+00
5.623333e+01	-2.418622e-01	3.479858e+00
5.626667e+01	-2.428354e-01	3.475391e+00
5.630000e+01	-2.490080e-01	3.447059e+00
5.633333e+01	-2.574205e-01	3.408445e+00
5.636667e+01	-2.628417e-01	3.383562e+00
5.640000e+01	-2.631211e-01	3.382279e+00
5.643333e+01	-2.603576e-01	3.394964e+00
5.646667e+01	-2.579658e-01	3.405942e+00
5.650000e+01	-2.573927e-01	3.408572e+00
5.653333e+01	-2.569482e-01	3.410613e+00
5.656667e+01	-2.535322e-01	3.426293e+00
5.660000e+01	-2.463202e-01	3.459396e+00
5.663333e+01	-2.384302e-01	3.495611e+00
5.666667e+01	-2.340010e-01	3.515941e+00
5.670000e+01	-2.342026e-01	3.515015e+00
5.673333e+01	-2.367763e-01	3.503202e+00
5.676667e+01	-2.387428e-01	3.494176e+00
5.680000e+01	-2.388594e-01	3.493641e+00
5.683333e+01	-2.378358e-01	3.498339e+00
5.686667e+01	-2.369634e-01	3.502343e+00
5.690000e+01	-2.368645e-01	3.502797e+00
5.693333e+01	-2.372887e-01	3.500850e+00
5.696667e+01	-2.376798e-01	3.499055e+00
57	-2.377433e-01	3.498764e+00
5.703333e+01	-2.375673e-01	3.499571e+00
5.706667e+01	-2.373920e-01	3.500376e+00
5.710000e+01	-2.373553e-01	3.500544e+00
5.713333e+01	-2.374277e-01	3.500212e+00
5.716667e+01	-2.375060e-01	3.499853e+00
5.720000e+01	-2.375259e-01	3.499761e+00
5.723333e+01	-2.374964e-01	3.499897e+00
5.726667e+01	-2.374616e-01	3.500056e+00
5.730000e+01	-2.374512e-01	3.500104e+00
5.733333e+01	-2.374631e-01	3.500050e+00
5.736667e+01	-2.372473e-01	3.501040e+00
5.740000e+01	-2.357163e-01	3.508067e+00
5.743333e+01	-2.312395e-01	3.528616e+00
5.746667e+01	-2.238163e-01	3.562689e+00
5.750000e+01	-2.161397e-01	3.597924e+00
5.753333e+01	-2.106463e-01	3.623139e+00
5.756667e+01	-2.064912e-01	3.642211e+00
5.760000e+01	-2.014670e-01	3.665272e+00
5.763333e+01	-1.955495e-01	3.692433e+00
5.766667e+01	-1.901102e-01	3.717400e+00
5.770000e+01	-1.850020e-01	3.740847e+00
5.773333e+01	-1.791971e-01	3.767491e+00
5.776667e+01	-1.734435e-01	3.793900e+00
5.780000e+01	-1.699366e-01	3.809997e+00
5.783333e+01	-1.696512e-01	3.811307e+00
5.786667e+01	-1.710793e-01	3.804752e+00
5.790000e+01	-1.710674e-01	3.804806e+00
5.793333e+01	-1.668898e-01	3.823982e+00
5.796667e+01	-1.588449e-01	3.860908e+00
58	-1.507385e-01	3.898116e+00
5.803333e+01	-1.466172e-01	3.917033e+00
5.806667e+01	-1.471848e-01	3.914428e+00
5.810000e+01	-1.498689e-01	3.902108e+00
5.813333e+01	-1.517109e-01	3.893653e+00
5.816667e+01	-1.516656e-01	3.893861e+00
5.820000e+01	-1.505863e-01	3.898815e+00
5.823333e+01	-1.497635e-01	3.902591e+00
5.826667e+01	-1.495047e-01	3.903780e+00
5.830000e+01	-1.484202e-01	3.908757e+00
5.833333e+01	-1.443199e-01	3.927578e+00
5.836667e+01	-1.369356e-01	3.961472e+00
5.840000e+01	-1.293034e-01	3.996503e+00
5.843333e+01	-1.251765e-01	4.015446e+00
5.846667e+01	-1.254676e-01	4.014110e+00
5.850000e+01	-1.279373e-01	4.002774e+00
5.853333e+01	-1.297701e-01	3.994361e+00
5.856667e+01	-1.298413e-01	3.994034e+00
5.860000e+01	-1.288591e-01	3.998543e+00
5.863333e+01	-1.280457e-01	4.002276e+00
5.866667e+01	-1.279693e-01	4.002627e+00
5.870000e+01	-1.283772e-01	4.000755e+00
5.873333e+01	-1.287425e-01	3.999078e+00
5.876667e+01	-1.287950e-01	3.998837e+00
5.880000e+01	-1.286253e-01	3.999616e+00
5.883333e+01	-1.284613e-01	4.000369e+00
5.886667e+01	-1.284299e-01	4.000513e+00
5.890000e+01	-1.284999e-01	4.000192e+00
5.893333e+01	-1.285733e-01	3.999855e+00
5.896667e+01	-1.285907e-01	3.999775e+00
59	-1.285620e-01	3.999906e+00
5.903333e+01	-1.285294e-01	4.000056e+00
5.906667e+01	-1.285202e-01	4.000098e+00
5.910000e+01	-1.285318e-01	4.000045e+00
5.913333e+01	-1.285462e-01	3.999979e+00
5.916667e+01	-1.285510e-01	3.999957e+00
5.920000e+01	-1.285463e-01	3.999978e+00
5.923333e+01	-1.285399e-01	4.000008e+00
5.926667e+01	-1.285376e-01	4.000019e+00
5.930000e+01	-1.285394e-01	4.000010e+00
5.933333e+01	-1.285422e-01	3.999997e+00
5.936667e+01	-1.285434e-01	3.999992e+00
5.940000e+01	-1.285427e-01	3.999995e+00
5.943333e+01	-1.283102e-01	4.001062e+00
5.946667e+01	-1.267734e-01	4.008116e+00
5.950000e+01	-1.223016e-01	4.028642e+00
5.953333e+01	-1.148857e-01	4.062681e+00
5.956667e+01	-1.074431e-01	4.096842e+00
5.960000e+01	-1.034840e-01	4.115014e+00
5.963333e+01	-1.037979e-01	4.113574e+00
5.966667e+01	-1.059575e-01	4.103661e+00
5.970000e+01	-1.061785e-01	4.102647e+00
5.973333e+01	-1.017638e-01	4.122910e+00
5.976667e+01	-9.316660e-02	4.162372e+00
5.980000e+01	-8.340784e-02	4.207164e+00
5.983333e+01	-7.490816e-02	4.246178e+00
5.986667e+01	-6.796917e-02	4.278028e+00
5.990000e+01	-6.173128e-02	4.306660e+00
5.993333e+01	-5.510575e-02	4.337071e+00
5.996667e+01	-4.789639e-02	4.370162e+00
60	-4.173749e-02	4.398432e+00
6.003333e+01	-3.872684e-02	4.412250e+00
6.006667e+01	-3.909742e-02	4.410549e+00
6.010000e+01	-4.100378e-02	4.401799e+00
6.013333e+01	-4.234799e-02	4.395629e+00
6.016667e+01	-4.235712e-02	4.395587e+00
6.020000e+01	-4.160649e-02	4.399033e+00
6.023333e+01	-4.101102e-02	4.401766e+00
6.026667e+01	-4.097271e-02	4.401942e+00
6.030000e+01	-4.128485e-02	4.400509e+00
6.033333e+01	-4.155263e-02	4.399280e+00
6.036667e+01	-4.158347e-02	4.399139e+00
6.040000e+01	-4.145316e-02	4.399737e+00
6.043333e+01	-4.110140e-02	4.401351e+00
6.046667e+01	-3.954533e-02	4.408494e+00
6.050000e+01	-3.512730e-02	4.428772e+00
6.053333e+01	-2.776492e-02	4.462566e+00
6.056667e+01	-2.033352e-02	4.496676e+00
6.060000e+01	-1.635231e-02	4.514950e+00
6.063333e+01	-1.664225e-02	4.513619e+00
6.066667e+01	-1.902699e-02	4.502673e+00
6.070000e+01	-2.079329e-02	4.494566e+00
6.073333e+01	-2.086125e-02	4.494254e+00
6.076667e+01	-1.991486e-02	4.498598e+00
6.080000e+01	-1.913156e-02	4.502193e+00
6.083333e+01	-1.905823e-02	4.502529e+00
6.086667e+01	-1.945120e-02	4.500726e+00
6.090000e+01	-1.980292e-02	4.499111e+00
6.093333e+01	-1.985326e-02	4.498880e+00
6.096667e+01	-1.968984e-02	4.499630e+00
61	-1.953188e-02	4.500355e+00
6.103333e+01	-1.927052e-02	4.501555e+00
6.106667e+01	-1.780172e-02	4.508297e+00
6.110000e+01	-1.340031e-02	4.528499e+00
6.113333e+01	-6.000609e-03	4.562464e+00
6.116667e+01	1.469824e-03	4.596753e+00
6.120000e+01	5.460270e-03	4.615070e+00
6.123333e+01	5.155059e-03	4.613669e+00
6.126667e+01	2.752941e-03	4.602643e+00
6.130000e+01	9.817502e-04	4.594513e+00
6.133333e+01	9.199724e-04	4.594230e+00
6.136667e+01	1.874067e-03	4.598609e+00
6.140000e+01	2.659873e-03	4.602216e+00
6.143333e+01	2.730722e-03	4.602541e+00
6.146667e+01	2.334355e-03	4.600722e+00
6.150000e+01	1.981387e-03	4.599102e+00
6.153333e+01	1.932019e-03	4.598875e+00
6.156667e+01	2.096937e-03	4.599632e+00
6.160000e+01	2.255506e-03	4.600360e+00
6.163333e+01	2.285295e-03	4.600496e+00
6.166667e+01	2.217178e-03	4.600184e+00
6.170000e+01	2.146233e-03	4.599858e+00
6.173333e+01	2.129622e-03	4.599782e+00
6.176667e+01	2.157509e-03	4.599910e+00
6.180000e+01	2.189106e-03	4.600055e+00
6.183333e+01	2.197919e-03	4.600095e+00
6.186667e+01	2.186617e-03	4.600044e+00
6.190000e+01	2.172608e-03	4.599979e+00
6.193333e+01	2.168087e-03	4.599958e+00
6.196667e+01	2.172615e-03	4.599979e+00
62	2.178798e-03	4.600008e+00
6.203333e+01	1.949864e-03	4.598957e+00
6.206667e+01	4.118139e-04	4.591897e+00
6.210000e+01	-4.294161e-03	4.570297e+00
6.213333e+01	-1.324799e-02	4.529199e+00
6.216667e+01	-2.539338e-02	4.473451e+00
6.220000e+01	-3.830390e-02	4.414192e+00
6.223333e+01	-5.013537e-02	4.359885e+00
6.226667e+01	-6.088760e-02	4.310532e+00
6.230000e+01	-7.226794e-02	4.258297e+00
6.233333e+01	-8.566753e-02	4.196792e+00
6.236667e+01	-9.940501e-02	4.133737e+00
6.240000e+01	-1.091381e-01	4.089062e+00
6.243333e+01	-1.120438e-01	4.075725e+00
6.246667e+01	-1.096667e-01	4.086636e+00
6.250000e+01	-1.061865e-01	4.102610e+00
6.253333e+01	-1.047089e-01	4.109392e+00
6.256667e+01	-1.052526e-01	4.106897e+00
6.260000e+01	-1.051601e-01	4.107321e+00
6.263333e+01	-1.013795e-01	4.124674e+00
6.266667e+01	-9.367826e-02	4.160023e+00
6.270000e+01	-8.538244e-02	4.198101e+00
6.273333e+01	-7.956186e-02	4.224817e+00
6.276667e+01	-7.550646e-02	4.243432e+00
6.280000e+01	-7.074972e-02	4.265265e+00
6.283333e+01	-6.521683e-02	4.290661e+00
6.286667e+01	-6.104902e-02	4.309791e+00
6.290000e+01	-5.876150e-02	4.320291e+00
6.293333e+01	-5.582959e-02	4.333749e+00
6.296667e+01	-5.011254e-02	4.359990e+00
63	-4.317112e-02	4.391851e+00
6.303333e+01	-3.864568e-02	4.412623e+00
6.306667e+01	-3.799448e-02	4.415612e+00
6.310000e+01	-3.859521e-02	4.412855e+00
6.313333e+01	-3.610250e-02	4.424296e+00
6.316667e+01	-2.906458e-02	4.456600e+00
6.320000e+01	-2.079719e-02	4.494548e+00
6.323333e+01	-1.597165e-02	4.516697e+00
6.326667e+01	-1.584519e-02	4.517277e+00
6.330000e+01	-1.703365e-02	4.511822e+00
6.333333e+01	-1.470245e-02	4.522523e+00
6.336667e+01	-7.452940e-03	4.555798e+00
6.340000e+01	1.074542e-03	4.594939e+00
6.343333e+01	5.983039e-03	4.617469e+00
6.346667e+01	5.793499e-03	4.616599e+00
6.350000e+01	2.953966e-03	4.603566e+00
6.353333e+01	7.715297e-04	4.593548e+00
6.356667e+01	6.381286e-04	4.592936e+00
6.360000e+01	1.773255e-03	4.598146e+00
6.363333e+01	2.743201e-03	4.602598e+00
6.366667e+01	2.854701e-03	4.603110e+00
6.370000e+01	2.384012e-03	4.600950e+00
6.373333e+01	1.948927e-03	4.598953e+00
6.376667e+01	1.877722e-03	4.598626e+00
6.380000e+01	2.072857e-03	4.599521e+00
6.383333e+01	2.267881e-03	4.600417e+00
6.386667e+01	2.308970e-03	4.600605e+00
6.390000e+01	2.228705e-03	4.600237e+00
6.393333e+01	2.141647e-03	4.599837e+00
6.396667e+01	2.119345e-03	4.599735e+00
64	2.152051e-03	4.599885e+00
6.403333e+01	2.190737e-03	4.600062e+00
6.406667e+01	2.202360e-03	4.600116e+00
6.410000e+01	2.189177e-03	4.600055e+00
6.413333e+01	2.172063e-03	4.599977e+00
6.416667e+01	2.181591e-03	4.600020e+00
6.420000e+01	2.304667e-03	4.600585e+00
6.423333e+01	2.728173e-03	4.602529e+00
6.426667e+01	3.641487e-03	4.606721e+00
6.430000e+01	5.046019e-03	4.613168e+00
6.433333e+01	6.713233e-03	4.620821e+00
6.436667e+01	8.361394e-03	4.628386e+00
6.440000e+01	9.852368e-03	4.635229e+00
6.443333e+01	1.122685e-02	4.641538e+00
6.446667e+01	1.259675e-02	4.647826e+00
6.450000e+01	1.402898e-02	4.654400e+00
6.453333e+01	1.551286e-02	4.661211e+00
6.456667e+01	1.700161e-02	4.668044e+00
6.460000e+01	1.846449e-02	4.674759e+00
6.463333e+01	1.990418e-02	4.681367e+00
6.466667e+01	2.132512e-02	4.687889e+00
6.470000e+01	2.265440e-02	4.693991e+00
6.473333e+01	2.369596e-02	4.698772e+00
6.476667e+01	2.424508e-02	4.701292e+00
6.480000e+01	2.429358e-02	4.701515e+00
6.483333e+01	2.407348e-02	4.700504e+00
6.486667e+01	2.364202e-02	4.698524e+00
6.490000e+01	2.206671e-02	4.691293e+00
6.493333e+01	1.767482e-02	4.671134e+00
6.496667e+01	1.011174e-02	4.636420e+00
65	1.153175e-03	4.595300e+00
6.503333e+01	-7.541440e-03	4.555392e+00
6.506667e+01	-1.621732e-02	4.515569e+00
6.510000e+01	-2.598310e-02	4.470744e+00
6.513333e+01	-3.712444e-02	4.419605e+00
6.516667e+01	-4.865153e-02	4.366696e+00
6.520000e+01	-5.858024e-02	4.321123e+00
6.523333e+01	-6.496784e-02	4.291804e+00
6.526667e+01	-6.809077e-02	4.277470e+00
6.530000e+01	-7.104923e-02	4.263890e+00
6.533333e+01	-7.644482e-02	4.239125e+00
6.536667e+01	-8.309716e-02	4.208590e+00
6.540000e+01	-8.754687e-02	4.188166e+00
6.543333e+01	-8.805892e-02	4.185816e+00
6.546667e+01	-8.603542e-02	4.195104e+00
6.550000e+01	-8.409350e-02	4.204017e+00
6.553333e+01	-8.368006e-02	4.205915e+00
6.556667e+01	-8.445594e-02	4.202354e+00
6.560000e+01	-8.530435e-02	4.198459e+00
6.563333e+01	-8.552747e-02	4.197435e+00
6.566667e+01	-8.498381e-02	4.199931e+00
6.570000e+01	-8.307277e-02	4.208702e+00
6.573333e+01	-7.848566e-02	4.229757e+00
6.576667e+01	-7.096372e-02	4.264283e+00
6.580000e+01	-6.215021e-02	4.304737e+00
6.583333e+01	-5.377714e-02	4.343169e+00
6.586667e+01	-4.662483e-02	4.375999e+00
6.590000e+01	-4.150005e-02	4.399521e+00
6.593333e+01	-3.926966e-02	4.409759e+00
6.596667e+01	-3.942929e-02	4.409026e+00
66	-3.936629e-02	4.409315e+00
6.603333e+01	-3.588576e-02	4.425291e+00
6.606667e+01	-2.868169e-02	4.458358e+00
6.610000e+01	-2.220616e-02	4.488080e+00
6.613333e+01	-2.228316e-02	4.487727e+00
6.616667e+01	-2.999615e-02	4.452324e+00
6.620000e+01	-4.029754e-02	4.405041e+00
6.623333e+01	-4.774609e-02	4.370852e+00
6.626667e+01	-5.221051e-02	4.350360e+00
6.630000e+01	-5.772367e-02	4.325055e+00
6.633333e+01	-6.701322e-02	4.282416e+00
6.636667e+01	-7.848148e-02	4.229776e+00
6.640000e+01	-8.853191e-02	4.183645e+00
6.643333e+01	-9.574170e-02	4.150552e+00
6.646667e+01	-1.012112e-01	4.125447e+00
6.650000e+01	-1.053988e-01	4.106226e+00
6.653333e+01	-1.064885e-01	4.101224e+00
6.656667e+01	-1.023431e-01	4.120252e+00
6.660000e+01	-9.379292e-02	4.159497e+00
6.663333e+01	-8.521363e-02	4.198876e+00
6.666667e+01	-8.096355e-02	4.218384e+00
6.670000e+01	-8.145472e-02	4.216129e+00
6.673333e+01	-8.279771e-02	4.209965e+00
6.676667e+01	-8.023442e-02	4.221730e+00
6.680000e+01	-7.248309e-02	4.257309e+00
6.683333e+01	-6.234047e-02	4.303864e+00
6.686667e+01	-5.305405e-02	4.346488e+00
6.690000e+01	-4.594689e-02	4.379110e+00
6.693333e+01	-4.138361e-02	4.400056e+00
6.696667e+01	-3.956943e-02	4.408383e+00
67	-3.973290e-02	4.407633e+00
6.703333e+01	-3.943254e-02	4.409011e+00
6.706667e+01	-3.576258e-02	4.425856e+00
6.710000e+01	-2.831505e-02	4.460041e+00
6.713333e+01	-2.040303e-02	4.496357e+00
6.716667e+01	-1.609375e-02	4.516136e+00
6.720000e+01	-1.640032e-02	4.514729e+00
6.723333e+01	-1.898603e-02	4.502861e+00
6.726667e+01	-2.090068e-02	4.494073e+00
6.730000e+01	-2.096949e-02	4.493757e+00
6.733333e+01	-1.993814e-02	4.498491e+00
6.736667e+01	-1.908737e-02	4.502396e+00
6.740000e+01	-1.900993e-02	4.502751e+00
6.743333e+01	-1.943863e-02	4.500783e+00
6.746667e+01	-1.982091e-02	4.499029e+00
6.750000e+01	-1.987472e-02	4.498782e+00
6.753333e+01	-1.946517e-02	4.500662e+00
6.756667e+01	-1.775718e-02	4.508501e+00
6.760000e+01	-1.325271e-02	4.529177e+00
6.763333e+01	-5.909907e-03	4.562880e+00
6.766667e+01	1.224900e-03	4.595629e+00
6.770000e+01	3.629576e-03	4.606667e+00
6.773333e+01	-1.126414e-03	4.584837e+00
6.776667e+01	-1.089959e-02	4.539978e+00
6.780000e+01	-1.985890e-02	4.498854e+00
6.783333e+01	-2.235109e-02	4.487415e+00
6.786667e+01	-1.686169e-02	4.512612e+00
6.790000e+01	-7.815817e-03	4.554132e+00
6.793333e+01	-3.014325e-03	4.576171e+00
6.796667e+01	-6.802455e-03	4.558784e+00
68	-1.585680e-02	4.517224e+00
6.803333e+01	-2.303657e-02	4.484269e+00
6.806667e+01	-2.438703e-02	4.478070e+00
6.810000e+01	-2.150254e-02	4.491310e+00
6.813333e+01	-1.841541e-02	4.505480e+00
6.816667e+01	-1.759683e-02	4.509237e+00
6.820000e+01	-1.871195e-02	4.504119e+00
6.823333e+01	-2.006023e-02	4.497930e+00
6.826667e+01	-2.048110e-02	4.495999e+00
6.830000e+01	-2.003580e-02	4.498042e+00
6.833333e+01	-1.967327e-02	4.499706e+00
6.836667e+01	-2.122976e-02	4.492562e+00
6.840000e+01	-2.741463e-02	4.464174e+00
6.843333e+01	-3.956427e-02	4.408407e+00
6.846667e+01	-5.452751e-02	4.339725e+00
6.850000e+01	-6.609168e-02	4.286646e+00
6.853333e+01	-7.115847e-02	4.263389e+00
6.856667e+01	-7.287507e-02	4.255510e+00
6.860000e+01	-7.640081e-02	4.239327e+00
6.863333e+01	-8.361531e-02	4.206212e+00
6.866667e+01	-9.296291e-02	4.163307e+00
6.870000e+01	-1.020160e-01	4.121753e+00
6.873333e+01	-1.094307e-01	4.087719e+00
6.876667e+01	-1.157671e-01	4.058635e+00
6.880000e+01	-1.220708e-01	4.029701e+00
6.883333e+01	-1.276832e-01	4.003940e+00
6.886667e+01	-1.307859e-01	3.989699e+00
6.890000e+01	-1.308036e-01	3.989617e+00
6.893333e+01	-1.291503e-01	3.997206e+00
6.896667e+01	-1.277813e-01	4.003490e+00
69	-1.276065e-01	4.004292e+00
6.903333e+01	-1.282407e-01	4.001381e+00
6.906667e+01	-1.288401e-01	3.998630e+00
6.910000e+01	-1.289487e-01	3.998131e+00
6.913333e+01	-1.286898e-01	3.999320e+00
6.916667e+01	-1.284234e-01	4.000543e+00
6.920000e+01	-1.283629e-01	4.000820e+00
6.923333e+01	-1.284690e-01	4.000333e+00
6.926667e+01	-1.285876e-01	3.999789e+00
6.930000e+01	-1.286199e-01	3.999641e+00
6.933333e+01	-1.285768e-01	3.999839e+00
6.936667e+01	-1.285241e-01	4.000080e+00
6.940000e+01	-1.285075e-01	4.000157e+00
6.943333e+01	-1.285248e-01	4.000077e+00
6.946667e+01	-1.285481e-01	3.999970e+00
6.950000e+01	-1.285564e-01	3.999932e+00
6.953333e+01	-1.285496e-01	3.999964e+00
6.956667e+01	-1.285393e-01	4.000010e+00
6.960000e+01	-1.283040e-01	4.001091e+00
6.963333e+01	-1.267704e-01	4.008130e+00
6.966667e+01	-1.223029e-01	4.028636e+00
6.970000e+01	-1.148884e-01	4.062668e+00
6.973333e+01	-1.074445e-01	4.096836e+00
6.976667e+01	-1.034836e-01	4.115016e+00
6.980000e+01	-1.035655e-01	4.114640e+00
6.983333e+01	-1.044206e-01	4.110716e+00
6.986667e+01	-1.017066e-01	4.123173e+00
6.990000e+01	-9.434786e-02	4.156950e+00
6.993333e+01	-8.595527e-02	4.195472e+00
6.996667e+01	-8.121626e-02	4.217224e+00
70	-8.146155e-02	4.216098e+00
7.003333e+01	-8.424713e-02	4.203312e+00
7.006667e+01	-8.635480e-02	4.193638e+00
7.010000e+01	-8.646040e-02	4.193153e+00
7.013333e+01	-8.534653e-02	4.198266e+00
7.016667e+01	-8.440942e-02	4.202567e+00
7.020000e+01	-8.431154e-02	4.203016e+00
7.023333e+01	-8.477400e-02	4.200894e+00
7.026667e+01	-8.542593e-02	4.197901e+00
7.030000e+01	-8.702682e-02	4.190553e+00
7.033333e+01	-9.130685e-02	4.170908e+00
7.036667e+01	-9.853453e-02	4.137733e+00
7.040000e+01	-1.059394e-01	4.103744e+00
7.043333e+01	-1.099775e-01	4.085209e+00
7.046667e+01	-1.097478e-01	4.086264e+00
7.050000e+01	-1.073777e-01	4.097143e+00
7.053333e+01	-1.055881e-01	4.105357e+00
7.056667e+01	-1.054934e-01	4.105792e+00
7.060000e+01	-1.064321e-01	4.101483e+00
7.063333e+01	-1.072248e-01	4.097844e+00
7.066667e+01	-1.070788e-01	4.098515e+00
7.070000e+01	-1.051535e-01	4.107352e+00
7.073333e+01	-1.003259e-01	4.129510e+00
7.076667e+01	-9.285390e-02	4.163807e+00
7.080000e+01	-8.557253e-02	4.197228e+00
7.083333e+01	-8.154178e-02	4.215730e+00
7.086667e+01	-8.035206e-02	4.221190e+00
7.090000e+01	-7.820443e-02	4.231048e+00
7.093333e+01	-7.247401e-02	4.257351e+00
7.096667e+01	-6.507066e-02	4.291332e+00
71	-6.018919e-02	4.313738e+00
7.103333e+01	-5.975528e-02	4.315730e+00
7.106667e+01	-6.208694e-02	4.305027e+00
7.110000e+01	-6.422783e-02	4.295201e+00
7.113333e+01	-6.462132e-02	4.293395e+00
7.116667e+01	-6.371522e-02	4.297554e+00
7.120000e+01	-6.277571e-02	4.301866e+00
7.123333e+01	-6.255592e-02	4.302875e+00
7.126667e+01	-6.292362e-02	4.301187e+00
7.130000e+01	-6.334003e-02	4.299276e+00
7.133333e+01	-6.345600e-02	4.298743e+00
7.136667e+01	-6.330697e-02	4.299427e+00
7.140000e+01	-6.312245e-02	4.300274e+00
7.143333e+01	-6.306301e-02	4.300547e+00
7.146667e+01	-6.312273e-02	4.300273e+00
7.150000e+01	-6.320418e-02	4.299899e+00
7.153333e+01	-6.323393e-02	4.299763e+00
7.156667e+01	-6.321034e-02	4.299871e+00
7.160000e+01	-6.316565e-02	4.300076e+00
7.163333e+01	-6.308306e-02	4.300455e+00
7.166667e+01	-6.285224e-02	4.301515e+00
7.170000e+01	-6.234267e-02	4.303854e+00
7.173333e+01	-6.153825e-02	4.307546e+00
7.176667e+01	-6.057101e-02	4.311986e+00
7.180000e+01	-5.961250e-02	4.316385e+00
7.183333e+01	-5.874941e-02	4.320347e+00
7.186667e+01	-5.795855e-02	4.323977e+00
7.190000e+01	-5.717158e-02	4.327589e+00
7.193333e+01	-5.634671e-02	4.331375e+00
7.196667e+01	-5.548982e-02	4.335308e+00
72	-5.462946e-02	4.339257e+00
7.203333e+01	-5.378480e-02	4.343134e+00
7.206667e+01	-5.295452e-02	4.346945e+00
7.210000e+01	-5.212649e-02	4.350746e+00
7.213333e+01	-5.129194e-02	4.354577e+00
7.216667e+01	-5.045095e-02	4.358437e+00
7.220000e+01	-4.960864e-02	4.362303e+00
7.223333e+01	-4.876902e-02	4.366157e+00
7.226667e+01	-4.793228e-02	4.369997e+00
7.230000e+01	-4.709625e-02	4.373835e+00
7.233333e+01	-4.625913e-02	4.377677e+00
7.236667e+01	-4.542073e-02	4.381525e+00
7.240000e+01	-4.458195e-02	4.385375e+00
7.243333e+01	-4.374362e-02	4.389223e+00
7.246667e+01	-4.291474e-02	4.393028e+00
7.250000e+01	-4.214514e-02	4.396560e+00
7.253333e+01	-4.154737e-02	4.399304e+00
7.256667e+01	-4.146579e-02	4.399679e+00
7.260000e+01	-4.297545e-02	4.392749e+00
7.263333e+01	-4.757324e-02	4.371645e+00
7.266667e+01	-5.533466e-02	4.336020e+00
7.270000e+01	-6.456679e-02	4.293645e+00
7.273333e+01	-7.448835e-02	4.248105e+00
7.276667e+01	-8.601477e-02	4.195199e+00
7.280000e+01	-9.870280e-02	4.136960e+00
7.283333e+01	-1.099021e-01	4.085555e+00
7.286667e+01	-1.179830e-01	4.048464e+00
7.290000e+01	-1.236500e-01	4.022452e+00
7.293333e+01	-1.277168e-01	4.003786e+00
7.296667e+01	-1.299206e-01	3.993671e+00
73	-1.301012e-01	3.992842e+00
7.303333e+01	-1.290923e-01	3.997472e+00
7.306667e+01	-1.281391e-01	4.001847e+00
7.310000e+01	-1.279216e-01	4.002846e+00
7.313333e+01	-1.282826e-01	4.001189e+00
7.316667e+01	-1.286912e-01	3.999314e+00
7.320000e+01	-1.288071e-01	3.998781e+00
7.323333e+01	-1.286642e-01	3.999438e+00
7.326667e+01	-1.284850e-01	4.000260e+00
7.330000e+01	-1.284263e-01	4.000529e+00
7.333333e+01	-1.284834e-01	4.000267e+00
7.336667e+01	-1.283312e-01	4.000966e+00
7.340000e+01	-1.268242e-01	4.007883e+00
7.343333e+01	-1.223295e-01	4.028513e+00
7.346667e+01	-1.148784e-01	4.062714e+00
7.350000e+01	-1.074213e-01	4.096943e+00
7.353333e+01	-1.034710e-01	4.115074e+00
7.356667e+01	-1.038002e-01	4.113563e+00
7.360000e+01	-1.061981e-01	4.102557e+00
7.363333e+01	-1.079520e-01	4.094506e+00
7.366667e+01	-1.077715e-01	4.095335e+00
7.370000e+01	-1.052823e-01	4.106760e+00
7.373333e+01	-1.000318e-01	4.130860e+00
7.376667e+01	-9.254962e-02	4.165204e+00
7.380000e+01	-8.550295e-02	4.197548e+00
7.383333e+01	-8.189380e-02	4.214114e+00
7.386667e+01	-8.225490e-02	4.212456e+00
7.390000e+01	-8.448087e-02	4.202239e+00
7.393333e+01	-8.608088e-02	4.194895e+00
7.396667e+01	-8.610939e-02	4.194764e+00
74	-8.522797e-02	4.198810e+00
7.403333e+01	-8.451871e-02	4.202065e+00
7.406667e+01	-8.446625e-02	4.202306e+00
7.410000e+01	-8.483291e-02	4.200623e+00
7.413333e+01	-8.515181e-02	4.199160e+00
7.416667e+01	-8.496027e-02	4.200039e+00
7.420000e+01	-8.350231e-02	4.206731e+00
7.423333e+01	-8.042304e-02	4.220865e+00
7.426667e+01	-7.745382e-02	4.234493e+00
7.430000e+01	-7.749075e-02	4.234324e+00
7.433333e+01	-8.103888e-02	4.218038e+00
7.436667e+01	-8.532608e-02	4.198360e+00
7.440000e+01	-8.714575e-02	4.190007e+00
7.443333e+01	-8.494713e-02	4.200099e+00
7.446667e+01	-7.876746e-02	4.228464e+00
7.450000e+01	-7.035471e-02	4.267078e+00
7.453333e+01	-6.309458e-02	4.300402e+00
7.456667e+01	-5.985060e-02	4.315292e+00
7.460000e+01	-6.062361e-02	4.311744e+00
7.463333e+01	-6.296458e-02	4.300999e+00
7.466667e+01	-6.418664e-02	4.295390e+00
7.470000e+01	-6.249681e-02	4.303146e+00
7.473333e+01	-5.708446e-02	4.327989e+00
7.476667e+01	-4.901746e-02	4.365016e+00
7.480000e+01	-4.160250e-02	4.399051e+00
7.483333e+01	-3.803960e-02	4.415405e+00
7.486667e+01	-3.864939e-02	4.412606e+00
7.490000e+01	-4.081350e-02	4.402673e+00
7.493333e+01	-4.086714e-02	4.402426e+00
7.496667e+01	-3.631784e-02	4.423308e+00
75	-2.794238e-02	4.461751e+00
7.503333e+01	-1.979019e-02	4.499170e+00
7.506667e+01	-1.582350e-02	4.517377e+00
7.510000e+01	-1.653958e-02	4.514090e+00
7.513333e+01	-1.925146e-02	4.501643e+00
7.516667e+01	-2.102955e-02	4.493481e+00
7.520000e+01	-2.091787e-02	4.493994e+00
7.523333e+01	-1.982301e-02	4.499019e+00
7.526667e+01	-1.902639e-02	4.502676e+00
7.530000e+01	-1.902834e-02	4.502667e+00
7.533333e+01	-1.948839e-02	4.500555e+00
7.536667e+01	-1.961833e-02	4.499959e+00
7.540000e+01	-1.810109e-02	4.506923e+00
7.543333e+01	-1.343545e-02	4.528338e+00
7.546667e+01	-5.855350e-03	4.563131e+00
7.550000e+01	1.604716e-03	4.597373e+00
7.553333e+01	5.482754e-03	4.615173e+00
7.556667e+01	5.094858e-03	4.613392e+00
7.560000e+01	2.692459e-03	4.602365e+00
7.563333e+01	1.200015e-03	4.595515e+00
7.566667e+01	2.712174e-03	4.602456e+00
7.570000e+01	7.909381e-03	4.626311e+00
7.573333e+01	1.455538e-02	4.656816e+00
7.576667e+01	1.757993e-02	4.670699e+00
7.580000e+01	1.372419e-02	4.653001e+00
7.583333e+01	5.622663e-03	4.615815e+00
7.586667e+01	-7.689395e-04	4.586477e+00
7.590000e+01	-2.012921e-03	4.580768e+00
7.593333e+01	6.953511e-04	4.593199e+00
7.596667e+01	4.067425e-03	4.608676e+00
76	5.927999e-03	4.617216e+00
7.603333e+01	6.293194e-03	4.618893e+00
7.606667e+01	6.560799e-03	4.620121e+00
7.610000e+01	8.076218e-03	4.627077e+00
7.613333e+01	1.112613e-02	4.641076e+00
7.616667e+01	1.497741e-02	4.658753e+00
7.620000e+01	1.869818e-02	4.675832e+00
7.623333e+01	2.187834e-02	4.690429e+00
7.626667e+01	2.470248e-02	4.703391e+00
7.630000e+01	2.755126e-02	4.716467e+00
7.633333e+01	3.062219e-02	4.730563e+00
7.636667e+01	3.385358e-02	4.745395e+00
7.640000e+01	3.708345e-02	4.760220e+00
7.643333e+01	4.018661e-02	4.774464e+00
7.646667e+01	4.299738e-02	4.787365e+00
7.650000e+01	4.516589e-02	4.797319e+00
7.653333e+01	4.631436e-02	4.802590e+00
7.656667e+01	4.643264e-02	4.803133e+00
7.660000e+01	4.575745e-02	4.800034e+00
7.663333e+01	4.380556e-02	4.791075e+00
7.666667e+01	3.901330e-02	4.769078e+00
7.670000e+01	2.998918e-02	4.727657e+00
7.673333e+01	1.671287e-02	4.666719e+00
7.676667e+01	6.800444e-04	4.593128e+00
7.680000e+01	-1.546560e-02	4.519020e+00
7.683333e+01	-2.925654e-02	4.455719e+00
7.686667e+01	-4.035154e-02	4.404793e+00
7.690000e+01	-5.101455e-02	4.355850e+00
7.693333e+01	-6.386075e-02	4.296886e+00
7.696667e+01	-7.889559e-02	4.227876e+00
77	-9.334979e-02	4.161531e+00
7.703333e+01	-1.040035e-01	4.112630e+00
7.706667e+01	-1.091879e-01	4.088834e+00
7.710000e+01	-1.095700e-01	4.087080e+00
7.713333e+01	-1.074027e-01	4.097028e+00
7.716667e+01	-1.041925e-01	4.111763e+00
7.720000e+01	-9.921346e-02	4.134616e+00
7.723333e+01	-9.095810e-02	4.172509e+00
7.726667e+01	-7.950492e-02	4.225079e+00
7.730000e+01	-6.673670e-02	4.283685e+00
7.733333e+01	-5.485159e-02	4.338238e+00
7.736667e+01	-4.556166e-02	4.380879e+00
7.740000e+01	-3.988279e-02	4.406945e+00
7.743333e+01	-3.695210e-02	4.420397e+00
7.746667e+01	-3.373748e-02	4.435152e+00
7.750000e+01	-2.779813e-02	4.462413e+00
7.753333e+01	-1.951103e-02	4.500451e+00
7.756667e+01	-1.069206e-02	4.540930e+00
7.760000e+01	-2.901527e-03	4.576689e+00
7.763333e+01	2.468391e-03	4.601337e+00
7.766667e+01	4.526186e-03	4.610782e+00
7.770000e+01	3.859345e-03	4.607721e+00
7.773333e+01	2.268622e-03	4.600420e+00
7.776667e+01	1.343928e-03	4.596176e+00
7.780000e+01	1.483237e-03	4.596815e+00
7.783333e+01	2.108587e-03	4.599685e+00
7.786667e+01	2.519508e-03	4.601571e+00
7.790000e+01	2.484629e-03	4.601411e+00
7.793333e+01	2.221384e-03	4.600203e+00
7.796667e+01	2.034466e-03	4.599345e+00
78	2.039161e-03	4.599367e+00
7.803333e+01	2.381983e-03	4.600940e+00
7.806667e+01	4.003541e-03	4.608383e+00
7.810000e+01	8.478379e-03	4.628923e+00
7.813333e+01	1.584774e-02	4.662748e+00
7.816667e+01	2.325182e-02	4.696733e+00
7.820000e+01	2.720745e-02	4.714889e+00
7.823333e+01	2.691311e-02	4.713538e+00
7.826667e+01	2.453969e-02	4.702644e+00
7.830000e+01	2.278485e-02	4.694590e+00
7.833333e+01	2.295059e-02	4.695350e+00
7.836667e+01	2.542860e-02	4.706724e+00
7.840000e+01	3.067885e-02	4.730823e+00
7.843333e+01	3.816727e-02	4.765195e+00
7.846667e+01	4.521903e-02	4.797563e+00
7.850000e+01	4.882857e-02	4.814130e+00
7.853333e+01	4.846485e-02	4.812461e+00
7.856667e+01	4.623657e-02	4.802233e+00
7.860000e+01	4.463628e-02	4.794888e+00
7.863333e+01	4.460885e-02	4.794762e+00
7.866667e+01	4.549131e-02	4.798812e+00
7.870000e+01	4.620076e-02	4.802069e+00
7.873333e+01	4.625276e-02	4.802307e+00
7.876667e+01	4.588564e-02	4.800622e+00
7.880000e+01	4.556664e-02	4.799158e+00
7.883333e+01	4.552716e-02	4.798977e+00
7.886667e+01	4.568026e-02	4.799680e+00
7.890000e+01	4.583921e-02	4.800409e+00
7.893333e+01	4.596638e-02	4.800993e+00
7.896667e+01	4.621653e-02	4.802141e+00
79	4.676447e-02	4.804656e+00
7.903333e+01	4.766253e-02	4.808778e+00
7.906667e+01	4.886289e-02	4.814288e+00
7.910000e+01	5.027722e-02	4.820780e+00
7.913333e+01	5.179594e-02	4.827751e+00
7.916667e+01	5.331778e-02	4.834736e+00
7.920000e+01	5.479141e-02	4.841500e+00
7.923333e+01	5.622383e-02	4.848075e+00
7.926667e+01	5.764928e-02	4.854618e+00
7.930000e+01	5.909201e-02	4.861240e+00
7.933333e+01	6.055219e-02	4.867942e+00
7.936667e+01	6.201622e-02	4.874662e+00
7.940000e+01	6.347330e-02	4.881350e+00
7.943333e+01	6.490727e-02	4.887932e+00
7.946667e+01	6.623680e-02	4.894034e+00
7.950000e+01	6.727102e-02	4.898781e+00
7.953333e+01	6.781421e-02	4.901275e+00
7.956667e+01	6.763107e-02	4.900434e+00
7.960000e+01	6.564660e-02	4.891325e+00
7.963333e+01	5.944070e-02	4.862840e+00
7.966667e+01	4.728227e-02	4.807033e+00
7.970000e+01	3.096561e-02	4.732139e+00
7.973333e+01	1.494390e-02	4.658600e+00
7.976667e+01	2.135389e-03	4.599808e+00
7.980000e+01	-8.642584e-03	4.550337e+00
7.983333e+01	-2.060979e-02	4.495408e+00
7.986667e+01	-3.488729e-02	4.429874e+00
7.990000e+01	-4.948091e-02	4.362889e+00
7.993333e+01	-6.203432e-02	4.305269e+00
7.996667e+01	-7.226104e-02	4.258328e+00
80	-8.165331e-02	4.215218e+00
8.003333e+01	-9.148159e-02	4.170106e+00
8.006667e+01	-1.010312e-01	4.126273e+00
8.010000e+01	-1.078513e-01	4.094969e+00
8.013333e+01	-1.101786e-01	4.084286e+00
8.016667e+01	-1.088679e-01	4.090302e+00
8.020000e+01	-1.065810e-01	4.100800e+00
8.023333e+01	-1.054639e-01	4.105927e+00
8.026667e+01	-1.058508e-01	4.104151e+00
8.030000e+01	-1.067836e-01	4.099869e+00
8.033333e+01	-1.072952e-01	4.097521e+00
8.036667e+01	-1.071625e-01	4.098130e+00
8.040000e+01	-1.065329e-01	4.101020e+00
8.043333e+01	-1.045283e-01	4.110221e+00
8.046667e+01	-9.856317e-02	4.137601e+00
8.050000e+01	-8.684562e-02	4.191385e+00
8.053333e+01	-7.186501e-02	4.260146e+00
8.056667e+01	-5.891481e-02	4.319588e+00
8.060000e+01	-5.072480e-02	4.357180e+00
8.063333e+01	-4.596274e-02	4.379038e+00
8.066667e+01	-4.267037e-02	4.394150e+00
8.070000e+01	-4.055690e-02	4.403850e+00
8.073333e+01	-4.000177e-02	4.406399e+00
8.076667e+01	-4.066378e-02	4.403360e+00
8.080000e+01	-4.155968e-02	4.399248e+00
8.083333e+01	-4.193240e-02	4.397537e+00
8.086667e+01	-4.149571e-02	4.399541e+00
8.090000e+01	-3.958382e-02	4.408317e+00
8.093333e+01	-3.493197e-02	4.429669e+00
8.096667e+01	-2.758908e-02	4.463373e+00
81	-2.030758e-02	4.496795e+00
8.103333e+01	-1.643330e-02	4.514578e+00
8.106667e+01	-1.672107e-02	4.513257e+00
8.110000e+01	-1.904235e-02	4.502602e+00
8.113333e+01	-2.075988e-02	4.494719e+00
8.116667e+01	-2.082602e-02	4.494415e+00
8.120000e+01	-1.990637e-02	4.498637e+00
8.123333e+01	-1.914522e-02	4.502130e+00
8.126667e+01	-1.907391e-02	4.502458e+00
8.130000e+01	-1.945568e-02	4.500705e+00
8.133333e+01	-1.979739e-02	4.499137e+00
8.136667e+01	-1.984631e-02	4.498912e+00
8.140000e+01	-1.968755e-02	4.499641e+00
8.143333e+01	-1.953409e-02	4.500345e+00
8.146667e+01	-1.950478e-02	4.500480e+00
8.150000e+01	-1.957032e-02	4.500179e+00
8.153333e+01	-1.963896e-02	4.499864e+00
8.156667e+01	-1.965524e-02	4.499789e+00
8.160000e+01	-1.962842e-02	4.499912e+00
8.163333e+01	-1.959786e-02	4.500053e+00
8.166667e+01	-1.958925e-02	4.500092e+00
0	0	0
0	0	0
0	0	0
