0	-4.102532e-03	3.708050e+00
3.333333e-02	-9.294945e-05	3.722979e+00
6.666667e-02	3.043958e-03	3.734659e+00
1.000000e-01	5.822798e-03	3.745006e+00
1.333333e-01	9.675112e-03	3.759349e+00
1.666667e-01	1.511613e-02	3.779608e+00
2.000000e-01	2.140231e-02	3.803013e+00
2.333333e-01	2.748053e-02	3.825644e+00
2.666667e-01	3.289791e-02	3.845815e+00
3.000000e-01	3.790239e-02	3.864448e+00
3.333333e-01	4.295783e-02	3.883271e+00
3.666667e-01	4.829113e-02	3.903129e+00
4.000000e-01	5.381458e-02	3.923695e+00
4.333333e-01	5.932789e-02	3.944222e+00
4.666667e-01	6.466651e-02	3.964100e+00
5.000000e-01	6.953939e-02	3.982243e+00
5.333333e-01	7.330905e-02	3.996279e+00
5.666667e-01	7.529990e-02	4.003691e+00
6.000000e-01	7.549528e-02	4.004419e+00
6.333333e-01	7.471705e-02	4.001521e+00
6.666667e-01	7.399534e-02	3.998834e+00
7.000000e-01	7.384520e-02	3.998275e+00
7.333333e-01	7.412625e-02	3.999321e+00
7.666667e-01	7.414513e-02	3.999392e+00
8.000000e-01	7.204409e-02	3.991569e+00
8.333333e-01	6.452415e-02	3.963570e+00
8.666667e-01	4.973476e-02	3.908504e+00
9.000000e-01	3.137675e-02	3.840151e+00
9.333333e-01	1.736659e-02	3.787987e+00
9.666667e-01	1.293230e-02	3.771477e+00
1	1.627732e-02	3.783931e+00
1.033333e+00	2.129775e-02	3.802624e+00
1.066667e+00	2.324334e-02	3.809868e+00
1.100000e+00	2.155272e-02	3.803573e+00
1.133333e+00	1.853116e-02	3.792323e+00
1.166667e+00	1.643171e-02	3.784506e+00
1.200000e+00	1.578666e-02	3.782104e+00
1.233333e+00	1.575197e-02	3.781975e+00
1.266667e+00	1.536276e-02	3.780526e+00
1.300000e+00	1.434437e-02	3.776734e+00
1.333333e+00	1.303548e-02	3.771861e+00
1.366667e+00	1.186098e-02	3.767488e+00
1.400000e+00	1.096020e-02	3.764134e+00
1.433333e+00	1.019758e-02	3.761294e+00
1.466667e+00	9.385800e-03	3.758272e+00
1.500000e+00	8.455394e-03	3.754808e+00
1.533333e+00	7.459824e-03	3.751101e+00
1.566667e+00	6.481385e-03	3.747458e+00
1.600000e+00	5.554112e-03	3.744005e+00
1.633333e+00	4.657303e-03	3.740666e+00
1.666667e+00	3.754967e-03	3.737306e+00
1.700000e+00	2.830668e-03	3.733865e+00
1.733333e+00	1.892237e-03	3.730371e+00
1.766667e+00	9.553467e-04	3.726882e+00
1.800000e+00	2.783666e-05	3.723429e+00
1.833333e+00	-8.931634e-04	3.720000e+00
1.866667e+00	-1.814448e-03	3.716570e+00
1.900000e+00	-2.739717e-03	3.713124e+00
1.933333e+00	-3.667966e-03	3.709668e+00
1.966667e+00	-4.586436e-03	3.706249e+00
2	-5.437916e-03	3.703078e+00
2.033333e+00	-4.957889e-03	3.704866e+00
2.066667e+00	2.272895e-03	3.731788e+00
2.100000e+00	2.429603e-02	3.813787e+00
2.133333e+00	6.100588e-02	3.950470e+00
2.166667e+00	9.783239e-02	4.087587e+00
2.200000e+00	1.173784e-01	4.160363e+00
2.233333e+00	1.157792e-01	4.154409e+00
2.266667e+00	1.036514e-01	4.109253e+00
2.300000e+00	9.307979e-02	4.069892e+00
2.333333e+00	8.730491e-02	4.048390e+00
2.366667e+00	8.286807e-02	4.031870e+00
2.400000e+00	7.754386e-02	4.012046e+00
2.433333e+00	7.299323e-02	3.995103e+00
2.466667e+00	7.142429e-02	3.989261e+00
2.500000e+00	7.264123e-02	3.993792e+00
2.533333e+00	7.457288e-02	4.000984e+00
2.566667e+00	7.517283e-02	4.003218e+00
2.600000e+00	7.288607e-02	3.994704e+00
2.633333e+00	6.655485e-02	3.971131e+00
2.666667e+00	5.699090e-02	3.935521e+00
2.700000e+00	4.795393e-02	3.901873e+00
2.733333e+00	4.342506e-02	3.885011e+00
2.766667e+00	4.429467e-02	3.888249e+00
2.800000e+00	4.908864e-02	3.906098e+00
2.833333e+00	5.661660e-02	3.934127e+00
2.866667e+00	6.573794e-02	3.968089e+00
2.900000e+00	7.381445e-02	3.998161e+00
2.933333e+00	7.817750e-02	4.014406e+00
2.966667e+00	7.885097e-02	4.016913e+00
3	7.810061e-02	4.014119e+00
3.033333e+00	7.730196e-02	4.011146e+00
3.066667e+00	7.517064e-02	4.003210e+00
3.100000e+00	6.932807e-02	3.981456e+00
3.133333e+00	5.911343e-02	3.943424e+00
3.166667e+00	4.638140e-02	3.896018e+00
3.200000e+00	3.376344e-02	3.849038e+00
3.233333e+00	2.262530e-02	3.807567e+00
3.266667e+00	1.261831e-02	3.770307e+00
3.300000e+00	2.675469e-03	3.733287e+00
3.333333e+00	-7.860267e-03	3.694059e+00
3.366667e+00	-1.889977e-02	3.652955e+00
3.400000e+00	-2.999531e-02	3.611643e+00
3.433333e+00	-4.073091e-02	3.571671e+00
3.466667e+00	-5.048288e-02	3.535361e+00
3.500000e+00	-5.713838e-02	3.510581e+00
3.533333e+00	-5.541223e-02	3.517008e+00
3.566667e+00	-3.925983e-02	3.577148e+00
3.600000e+00	-1.028696e-02	3.685024e+00
3.633333e+00	1.895558e-02	3.793903e+00
3.666667e+00	3.578892e-02	3.856579e+00
3.700000e+00	3.958322e-02	3.870707e+00
3.733333e+00	3.956607e-02	3.870643e+00
3.766667e+00	4.398201e-02	3.887085e+00
3.800000e+00	5.438798e-02	3.925829e+00
3.833333e+00	6.692040e-02	3.972492e+00
3.866667e+00	7.639579e-02	4.007772e+00
3.900000e+00	8.116699e-02	4.025536e+00
3.933333e+00	8.493084e-02	4.039550e+00
3.966667e+00	9.285526e-02	4.069056e+00
4	1.061961e-01	4.118728e+00
4.033333e+00	1.208923e-01	4.173447e+00
4.066667e+00	1.309666e-01	4.210956e+00
4.100000e+00	1.335230e-01	4.220475e+00
4.133333e+00	1.307210e-01	4.210042e+00
4.166667e+00	1.271488e-01	4.196742e+00
4.200000e+00	1.258604e-01	4.191944e+00
4.233333e+00	1.268402e-01	4.195593e+00
4.266667e+00	1.283349e-01	4.201158e+00
4.300000e+00	1.289469e-01	4.203436e+00
4.333333e+00	1.285695e-01	4.202032e+00
4.366667e+00	1.279205e-01	4.199615e+00
4.400000e+00	1.276273e-01	4.198523e+00
4.433333e+00	1.277709e-01	4.199058e+00
4.466667e+00	1.280536e-01	4.200110e+00
4.500000e+00	1.281935e-01	4.200631e+00
4.533333e+00	1.281405e-01	4.200434e+00
4.566667e+00	1.280179e-01	4.199978e+00
4.600000e+00	1.279518e-01	4.199732e+00
4.633333e+00	1.279705e-01	4.199801e+00
4.666667e+00	1.280234e-01	4.199998e+00
4.700000e+00	1.280544e-01	4.200113e+00
4.733333e+00	1.283333e-01	4.201152e+00
4.766667e+00	1.302044e-01	4.208119e+00
4.800000e+00	1.357030e-01	4.228592e+00
4.833333e+00	1.448476e-01	4.262640e+00
4.866667e+00	1.540326e-01	4.296839e+00
4.900000e+00	1.589198e-01	4.315035e+00
4.933333e+00	1.585322e-01	4.313592e+00
4.966667e+00	1.555806e-01	4.302602e+00
5	1.534113e-01	4.294525e+00
5.033333e+00	1.533407e-01	4.294263e+00
5.066667e+00	1.547981e-01	4.299689e+00
5.100000e+00	1.576545e-01	4.310324e+00
5.133333e+00	1.632521e-01	4.331166e+00
5.166667e+00	1.719077e-01	4.363394e+00
5.200000e+00	1.806506e-01	4.395946e+00
5.233333e+00	1.854716e-01	4.413896e+00
5.266667e+00	1.850022e-01	4.412149e+00
5.300000e+00	1.806401e-01	4.395907e+00
5.333333e+00	1.748195e-01	4.374235e+00
5.366667e+00	1.704907e-01	4.358118e+00
5.400000e+00	1.696902e-01	4.355137e+00
5.433333e+00	1.712620e-01	4.360989e+00
5.466667e+00	1.720690e-01	4.363994e+00
5.500000e+00	1.706676e-01	4.358776e+00
5.533333e+00	1.684845e-01	4.350648e+00
5.566667e+00	1.680960e-01	4.349201e+00
5.600000e+00	1.710750e-01	4.360293e+00
5.633333e+00	1.766037e-01	4.380878e+00
5.666667e+00	1.818345e-01	4.400354e+00
5.700000e+00	1.842368e-01	4.409299e+00
5.733333e+00	1.836430e-01	4.407088e+00
5.766667e+00	1.818751e-01	4.400506e+00
5.800000e+00	1.806955e-01	4.396113e+00
5.833333e+00	1.801025e-01	4.393906e+00
5.866667e+00	1.782577e-01	4.387037e+00
5.900000e+00	1.731348e-01	4.367963e+00
5.933333e+00	1.644363e-01	4.335575e+00
5.966667e+00	1.538356e-01	4.296105e+00
6	1.434451e-01	4.257418e+00
6.033333e+00	1.342596e-01	4.223218e+00
6.066667e+00	1.259250e-01	4.192185e+00
6.100000e+00	1.175868e-01	4.161139e+00
6.133333e+00	1.087626e-01	4.128284e+00
6.166667e+00	9.955828e-02	4.094013e+00
6.200000e+00	9.033385e-02	4.059668e+00
6.233333e+00	8.131251e-02	4.026078e+00
6.266667e+00	7.246275e-02	3.993128e+00
6.300000e+00	6.372595e-02	3.960598e+00
6.333333e+00	5.553552e-02	3.930102e+00
6.366667e+00	4.910541e-02	3.906161e+00
6.400000e+00	4.571095e-02	3.893522e+00
6.433333e+00	4.541019e-02	3.892402e+00
6.466667e+00	4.677099e-02	3.897469e+00
6.500000e+00	4.800975e-02	3.902081e+00
6.533333e+00	4.825149e-02	3.902981e+00
6.566667e+00	4.775562e-02	3.901135e+00
6.600000e+00	4.723239e-02	3.899187e+00
6.633333e+00	4.853036e-02	3.904020e+00
6.666667e+00	5.819986e-02	3.940022e+00
6.700000e+00	8.599538e-02	4.043514e+00
6.733333e+00	1.306351e-01	4.209722e+00
6.766667e+00	1.685700e-01	4.350966e+00
6.800000e+00	1.689247e-01	4.352287e+00
6.833333e+00	1.248711e-01	4.188261e+00
6.866667e+00	6.403713e-02	3.961756e+00
6.900000e+00	2.265941e-02	3.807694e+00
6.933333e+00	1.347853e-02	3.773510e+00
6.966667e+00	2.261512e-02	3.807529e+00
7	3.157761e-02	3.840899e+00
7.033333e+00	3.462312e-02	3.852238e+00
7.066667e+00	3.635569e-02	3.858689e+00
7.100000e+00	4.047499e-02	3.874027e+00
7.133333e+00	4.521665e-02	3.891682e+00
7.166667e+00	4.711622e-02	3.898754e+00
7.200000e+00	4.535704e-02	3.892204e+00
7.233333e+00	4.199378e-02	3.879682e+00
7.266667e+00	3.943146e-02	3.870141e+00
7.300000e+00	3.845724e-02	3.866514e+00
7.333333e+00	3.829723e-02	3.865918e+00
7.366667e+00	3.787055e-02	3.864330e+00
7.400000e+00	3.676376e-02	3.860209e+00
7.433333e+00	3.527337e-02	3.854660e+00
7.466667e+00	3.387252e-02	3.849444e+00
7.500000e+00	3.276366e-02	3.845315e+00
7.533333e+00	3.183340e-02	3.841851e+00
7.566667e+00	3.087536e-02	3.838284e+00
7.600000e+00	2.979225e-02	3.834252e+00
7.633333e+00	2.862652e-02	3.829911e+00
7.666667e+00	2.746789e-02	3.825597e+00
7.700000e+00	2.636258e-02	3.821482e+00
7.733333e+00	2.529524e-02	3.817508e+00
7.766667e+00	2.422705e-02	3.813531e+00
7.800000e+00	2.313624e-02	3.809469e+00
7.833333e+00	2.202808e-02	3.805343e+00
7.866667e+00	2.091931e-02	3.801215e+00
7.900000e+00	1.982008e-02	3.797122e+00
7.933333e+00	1.872872e-02	3.793058e+00
7.966667e+00	1.763807e-02	3.788998e+00
8	1.654342e-02	3.784922e+00
8.033333e+00	1.544521e-02	3.780833e+00
8.066667e+00	1.434651e-02	3.776742e+00
8.100000e+00	1.324946e-02	3.772657e+00
8.133333e+00	1.215402e-02	3.768579e+00
8.166667e+00	1.105888e-02	3.764501e+00
8.200000e+00	9.963048e-03	3.760421e+00
8.233333e+00	8.866504e-03	3.756338e+00
8.266667e+00	7.769792e-03	3.752255e+00
8.300000e+00	6.673360e-03	3.748172e+00
8.333333e+00	5.577247e-03	3.744091e+00
8.366667e+00	4.481224e-03	3.740010e+00
8.400000e+00	3.385086e-03	3.735929e+00
8.433333e+00	2.288808e-03	3.731847e+00
8.466667e+00	1.192483e-03	3.727765e+00
8.500000e+00	9.620450e-05	3.723684e+00
8.533333e+00	-1.000012e-03	3.719602e+00
8.566667e+00	-2.096206e-03	3.715520e+00
8.600000e+00	-3.192417e-03	3.711439e+00
8.633333e+00	-4.277023e-03	3.707401e+00
8.666667e+00	-5.284340e-03	3.703650e+00
8.700000e+00	-6.066628e-03	3.700737e+00
8.733333e+00	-6.475729e-03	3.699214e+00
8.766667e+00	-6.510323e-03	3.699085e+00
8.800000e+00	-6.345714e-03	3.699698e+00
8.833333e+00	-6.196913e-03	3.700252e+00
8.866667e+00	-6.168421e-03	3.700358e+00
8.900000e+00	-6.228347e-03	3.700135e+00
8.933333e+00	-6.576163e-03	3.698840e+00
8.966667e+00	-8.200032e-03	3.692794e+00
9	-1.179499e-02	3.679409e+00
9.033333e+00	-1.539709e-02	3.665997e+00
9.066667e+00	-1.542181e-02	3.665905e+00
9.100000e+00	-1.113685e-02	3.681859e+00
9.133333e+00	-5.881387e-03	3.701427e+00
9.166667e+00	-3.325078e-03	3.710945e+00
9.200000e+00	-4.102337e-03	3.708051e+00
9.233333e+00	-6.192656e-03	3.700268e+00
9.266667e+00	-7.247471e-03	3.696341e+00
9.300000e+00	-5.814056e-03	3.701678e+00
9.333333e+00	-1.372587e-03	3.718215e+00
9.366667e+00	5.063058e-03	3.742177e+00
9.400000e+00	1.056146e-02	3.762649e+00
9.433333e+00	1.199078e-02	3.767971e+00
9.466667e+00	8.507947e-03	3.755003e+00
9.500000e+00	2.018969e-03	3.730843e+00
9.533333e+00	-4.676505e-03	3.705913e+00
9.566667e+00	-9.985614e-03	3.686146e+00
9.600000e+00	-1.408767e-02	3.670872e+00
9.633333e+00	-1.801274e-02	3.656258e+00
9.666667e+00	-2.248041e-02	3.639623e+00
9.700000e+00	-2.747426e-02	3.621030e+00
9.733333e+00	-3.257005e-02	3.602056e+00
9.766667e+00	-3.744316e-02	3.583912e+00
9.800000e+00	-4.208222e-02	3.566640e+00
9.833333e+00	-4.666542e-02	3.549575e+00
9.866667e+00	-5.128948e-02	3.532358e+00
9.900000e+00	-5.568347e-02	3.515998e+00
9.933333e+00	-5.913407e-02	3.503150e+00
9.966667e+00	-6.093431e-02	3.496447e+00
10	-6.106922e-02	3.495945e+00
1.003333e+01	-6.032778e-02	3.498705e+00
1.006667e+01	-5.881440e-02	3.504340e+00
1.010000e+01	-5.215995e-02	3.529117e+00
1.013333e+01	-3.021127e-02	3.610839e+00
1.016667e+01	1.347755e-02	3.773507e+00
1.020000e+01	6.836875e-02	3.977884e+00
1.023333e+01	1.106465e-01	4.135298e+00
1.026667e+01	1.242494e-01	4.185946e+00
1.030000e+01	1.142785e-01	4.148822e+00
1.033333e+01	9.889240e-02	4.091534e+00
1.036667e+01	9.209704e-02	4.066233e+00
1.040000e+01	9.514849e-02	4.077594e+00
1.043333e+01	1.007436e-01	4.098427e+00
1.046667e+01	1.021138e-01	4.103528e+00
1.050000e+01	9.814965e-02	4.088768e+00
1.053333e+01	9.210153e-02	4.066249e+00
1.056667e+01	8.737205e-02	4.048640e+00
1.060000e+01	8.486527e-02	4.039306e+00
1.063333e+01	8.335649e-02	4.033689e+00
1.066667e+01	8.135787e-02	4.026247e+00
1.070000e+01	7.839909e-02	4.015231e+00
1.073333e+01	7.496629e-02	4.002449e+00
1.076667e+01	7.171402e-02	3.990340e+00
1.080000e+01	6.887780e-02	3.979780e+00
1.083333e+01	6.626540e-02	3.970053e+00
1.086667e+01	6.358917e-02	3.960089e+00
1.090000e+01	6.073329e-02	3.949455e+00
1.093333e+01	5.777257e-02	3.938431e+00
1.096667e+01	5.483293e-02	3.927486e+00
11	5.197051e-02	3.916828e+00
1.103333e+01	4.915682e-02	3.906352e+00
1.106667e+01	4.633696e-02	3.895853e+00
1.110000e+01	4.348407e-02	3.885231e+00
1.113333e+01	4.060870e-02	3.874525e+00
1.116667e+01	3.773467e-02	3.863824e+00
1.120000e+01	3.487469e-02	3.853175e+00
1.123333e+01	3.202502e-02	3.842565e+00
1.126667e+01	2.917536e-02	3.831955e+00
1.130000e+01	2.631976e-02	3.821322e+00
1.133333e+01	2.345946e-02	3.810673e+00
1.136667e+01	2.059889e-02	3.800022e+00
1.140000e+01	1.774081e-02	3.789380e+00
1.143333e+01	1.488487e-02	3.778747e+00
1.146667e+01	1.202916e-02	3.768114e+00
1.150000e+01	9.172413e-03	3.757477e+00
1.153333e+01	6.314701e-03	3.746837e+00
1.156667e+01	3.456836e-03	3.736196e+00
1.160000e+01	5.994040e-04	3.725557e+00
1.163333e+01	-2.257597e-03	3.714920e+00
1.166667e+01	-5.114509e-03	3.704282e+00
1.170000e+01	-7.971600e-03	3.693644e+00
1.173333e+01	-1.082888e-02	3.683006e+00
1.176667e+01	-1.368621e-02	3.672367e+00
1.180000e+01	-1.654347e-02	3.661729e+00
1.183333e+01	-1.940064e-02	3.651090e+00
1.186667e+01	-2.225779e-02	3.640452e+00
1.190000e+01	-2.511497e-02	3.629814e+00
1.193333e+01	-2.794186e-02	3.619289e+00
1.196667e+01	-3.056730e-02	3.609513e+00
12	-3.289124e-02	3.600861e+00
1.203333e+01	-3.585137e-02	3.589839e+00
1.206667e+01	-4.173958e-02	3.567915e+00
1.210000e+01	-5.263221e-02	3.527358e+00
1.213333e+01	-6.882657e-02	3.467062e+00
1.216667e+01	-8.857366e-02	3.393537e+00
1.220000e+01	-1.085546e-01	3.319141e+00
1.223333e+01	-1.253397e-01	3.256645e+00
1.226667e+01	-1.368487e-01	3.213793e+00
1.230000e+01	-1.425557e-01	3.192544e+00
1.233333e+01	-1.434210e-01	3.189322e+00
1.236667e+01	-1.417378e-01	3.195590e+00
1.240000e+01	-1.400005e-01	3.202058e+00
1.243333e+01	-1.395115e-01	3.203879e+00
1.246667e+01	-1.400652e-01	3.201817e+00
1.250000e+01	-1.419043e-01	3.194970e+00
1.253333e+01	-1.497110e-01	3.165903e+00
1.256667e+01	-1.715452e-01	3.084607e+00
1.260000e+01	-2.078130e-01	2.949570e+00
1.263333e+01	-2.444014e-01	2.813339e+00
1.266667e+01	-2.640098e-01	2.740331e+00
1.270000e+01	-2.625942e-01	2.745602e+00
1.273333e+01	-2.500044e-01	2.792478e+00
1.276667e+01	-2.356242e-01	2.846020e+00
1.280000e+01	-2.187446e-01	2.908868e+00
1.283333e+01	-1.959723e-01	2.993657e+00
1.286667e+01	-1.723036e-01	3.081783e+00
1.290000e+01	-1.580178e-01	3.134974e+00
1.293333e+01	-1.571874e-01	3.138066e+00
1.296667e+01	-1.640978e-01	3.112336e+00
13	-1.699439e-01	3.090569e+00
1.303333e+01	-1.704055e-01	3.088850e+00
1.306667e+01	-1.670834e-01	3.101219e+00
1.310000e+01	-1.637726e-01	3.113547e+00
1.313333e+01	-1.625743e-01	3.118008e+00
1.316667e+01	-1.629892e-01	3.116464e+00
1.320000e+01	-1.634379e-01	3.114793e+00
1.323333e+01	-1.629776e-01	3.116507e+00
1.326667e+01	-1.617813e-01	3.120961e+00
1.330000e+01	-1.605304e-01	3.125619e+00
1.333333e+01	-1.596622e-01	3.128851e+00
1.336667e+01	-1.591274e-01	3.130842e+00
1.340000e+01	-1.586346e-01	3.132677e+00
1.343333e+01	-1.579821e-01	3.135107e+00
1.346667e+01	-1.571795e-01	3.138095e+00
1.350000e+01	-1.563507e-01	3.141181e+00
1.353333e+01	-1.555879e-01	3.144021e+00
1.356667e+01	-1.548924e-01	3.146611e+00
1.360000e+01	-1.542118e-01	3.149145e+00
1.363333e+01	-1.535041e-01	3.151780e+00
1.366667e+01	-1.527664e-01	3.154526e+00
1.370000e+01	-1.520207e-01	3.157303e+00
1.373333e+01	-1.512860e-01	3.160038e+00
1.376667e+01	-1.505646e-01	3.162724e+00
1.380000e+01	-1.498473e-01	3.165395e+00
1.383333e+01	-1.491257e-01	3.168082e+00
1.386667e+01	-1.483981e-01	3.170791e+00
1.390000e+01	-1.476685e-01	3.173508e+00
1.393333e+01	-1.469406e-01	3.176218e+00
1.396667e+01	-1.462153e-01	3.178918e+00
14	-1.454911e-01	3.181615e+00
1.403333e+01	-1.447661e-01	3.184314e+00
1.406667e+01	-1.440400e-01	3.187017e+00
1.410000e+01	-1.433134e-01	3.189723e+00
1.413333e+01	-1.425871e-01	3.192427e+00
1.416667e+01	-1.415840e-01	3.196162e+00
1.420000e+01	-1.381684e-01	3.208879e+00
1.423333e+01	-1.264560e-01	3.252489e+00
1.426667e+01	-1.005032e-01	3.349119e+00
1.430000e+01	-6.387652e-02	3.485492e+00
1.433333e+01	-3.157898e-02	3.605747e+00
1.436667e+01	-1.770812e-02	3.657392e+00
1.440000e+01	-2.372994e-02	3.634971e+00
1.443333e+01	-4.021205e-02	3.573603e+00
1.446667e+01	-5.616769e-02	3.514195e+00
1.450000e+01	-6.626790e-02	3.476588e+00
1.453333e+01	-7.220434e-02	3.454485e+00
1.456667e+01	-7.801030e-02	3.432868e+00
1.460000e+01	-8.447613e-02	3.408793e+00
1.463333e+01	-8.907503e-02	3.391670e+00
1.466667e+01	-8.967904e-02	3.389421e+00
1.470000e+01	-8.598173e-02	3.403187e+00
1.473333e+01	-7.846474e-02	3.431176e+00
1.476667e+01	-6.872139e-02	3.467453e+00
1.480000e+01	-6.020709e-02	3.499155e+00
1.483333e+01	-5.619265e-02	3.514102e+00
1.486667e+01	-5.688396e-02	3.511528e+00
1.490000e+01	-5.957302e-02	3.501516e+00
1.493333e+01	-6.107546e-02	3.495922e+00
1.496667e+01	-5.910268e-02	3.503267e+00
15	-5.251985e-02	3.527777e+00
1.503333e+01	-4.258180e-02	3.564779e+00
1.506667e+01	-3.339451e-02	3.598987e+00
1.510000e+01	-2.981687e-02	3.612307e+00
1.513333e+01	-3.624507e-02	3.588373e+00
1.516667e+01	-5.575633e-02	3.515726e+00
1.520000e+01	-8.487787e-02	3.407297e+00
1.523333e+01	-1.104179e-01	3.312204e+00
1.526667e+01	-1.183562e-01	3.282647e+00
1.530000e+01	-1.071693e-01	3.324299e+00
1.533333e+01	-8.914020e-02	3.391427e+00
1.536667e+01	-7.825968e-02	3.431939e+00
1.540000e+01	-7.883446e-02	3.429799e+00
1.543333e+01	-8.532059e-02	3.405649e+00
1.546667e+01	-9.016071e-02	3.387628e+00
1.550000e+01	-9.030424e-02	3.387093e+00
1.553333e+01	-8.765280e-02	3.396965e+00
1.556667e+01	-8.519875e-02	3.406103e+00
1.560000e+01	-8.340829e-02	3.412769e+00
1.563333e+01	-8.089662e-02	3.422121e+00
1.566667e+01	-7.824447e-02	3.431996e+00
1.570000e+01	-7.839270e-02	3.431444e+00
1.573333e+01	-8.260515e-02	3.415760e+00
1.576667e+01	-8.877098e-02	3.392802e+00
1.580000e+01	-9.417879e-02	3.372667e+00
1.583333e+01	-9.811174e-02	3.358023e+00
1.586667e+01	-1.015851e-01	3.345091e+00
1.590000e+01	-1.056938e-01	3.329793e+00
1.593333e+01	-1.106176e-01	3.311460e+00
1.596667e+01	-1.158220e-01	3.292082e+00
16	-1.207723e-01	3.273651e+00
1.603333e+01	-1.253563e-01	3.256583e+00
1.606667e+01	-1.297969e-01	3.240049e+00
1.610000e+01	-1.343361e-01	3.223148e+00
1.613333e+01	-1.390360e-01	3.205649e+00
1.616667e+01	-1.438058e-01	3.187890e+00
1.620000e+01	-1.485380e-01	3.170270e+00
1.623333e+01	-1.532002e-01	3.152911e+00
1.626667e+01	-1.578287e-01	3.135678e+00
1.630000e+01	-1.624713e-01	3.118392e+00
1.633333e+01	-1.671443e-01	3.100993e+00
1.636667e+01	-1.718333e-01	3.083534e+00
1.640000e+01	-1.765172e-01	3.066095e+00
1.643333e+01	-1.811879e-01	3.048704e+00
1.646667e+01	-1.858016e-01	3.031525e+00
1.650000e+01	-1.900876e-01	3.015567e+00
1.653333e+01	-1.931356e-01	3.004219e+00
1.656667e+01	-1.921330e-01	3.007952e+00
1.660000e+01	-1.810885e-01	3.049074e+00
1.663333e+01	-1.544206e-01	3.148367e+00
1.666667e+01	-1.152877e-01	3.294072e+00
1.670000e+01	-7.753057e-02	3.434654e+00
1.673333e+01	-5.628239e-02	3.513768e+00
1.676667e+01	-5.699731e-02	3.511106e+00
1.680000e+01	-7.261786e-02	3.452945e+00
1.683333e+01	-9.054059e-02	3.386213e+00
1.686667e+01	-1.028046e-01	3.340550e+00
1.690000e+01	-1.092198e-01	3.316664e+00
1.693333e+01	-1.125921e-01	3.304108e+00
1.696667e+01	-1.144207e-01	3.297300e+00
17	-1.149101e-01	3.295478e+00
1.703333e+01	-1.143869e-01	3.297426e+00
1.706667e+01	-1.136211e-01	3.300277e+00
1.710000e+01	-1.129720e-01	3.302694e+00
1.713333e+01	-1.112103e-01	3.309253e+00
1.716667e+01	-1.060097e-01	3.328617e+00
1.720000e+01	-9.703994e-02	3.362014e+00
1.723333e+01	-8.782266e-02	3.396333e+00
1.726667e+01	-8.252478e-02	3.416059e+00
1.730000e+01	-8.093803e-02	3.421967e+00
1.733333e+01	-7.838567e-02	3.431470e+00
1.736667e+01	-7.146578e-02	3.457235e+00
1.740000e+01	-6.325309e-02	3.487814e+00
1.743333e+01	-6.287997e-02	3.489203e+00
1.746667e+01	-7.882095e-02	3.429849e+00
1.750000e+01	-1.088102e-01	3.318190e+00
1.753333e+01	-1.370955e-01	3.212874e+00
1.756667e+01	-1.467367e-01	3.176977e+00
1.760000e+01	-1.350439e-01	3.220513e+00
1.763333e+01	-1.139690e-01	3.298982e+00
1.766667e+01	-9.679366e-02	3.362931e+00
1.770000e+01	-8.827323e-02	3.394655e+00
1.773333e+01	-8.607256e-02	3.402849e+00
1.776667e+01	-8.638984e-02	3.401668e+00
1.780000e+01	-8.692052e-02	3.399692e+00
1.783333e+01	-8.700990e-02	3.399359e+00
1.786667e+01	-8.684417e-02	3.399976e+00
1.790000e+01	-8.672395e-02	3.400424e+00
1.793333e+01	-8.674771e-02	3.400335e+00
1.796667e+01	-8.683806e-02	3.399999e+00
18	-8.689275e-02	3.399795e+00
1.803333e+01	-8.688161e-02	3.399837e+00
1.806667e+01	-8.684050e-02	3.399990e+00
1.810000e+01	-8.681443e-02	3.400087e+00
1.813333e+01	-8.681772e-02	3.400075e+00
1.816667e+01	-8.683543e-02	3.400009e+00
1.820000e+01	-8.684753e-02	3.399964e+00
1.823333e+01	-8.684684e-02	3.399966e+00
1.826667e+01	-8.683930e-02	3.399994e+00
1.830000e+01	-8.683376e-02	3.400015e+00
1.833333e+01	-8.683373e-02	3.400015e+00
1.836667e+01	-8.683692e-02	3.400003e+00
1.840000e+01	-8.683945e-02	3.399994e+00
1.843333e+01	-8.683960e-02	3.399993e+00
1.846667e+01	-8.683826e-02	3.399998e+00
1.850000e+01	-8.683711e-02	3.400003e+00
1.853333e+01	-8.683698e-02	3.400003e+00
1.856667e+01	-8.683754e-02	3.400001e+00
1.860000e+01	-8.683806e-02	3.399999e+00
1.863333e+01	-8.683814e-02	3.399999e+00
1.866667e+01	-8.683791e-02	3.400000e+00
1.870000e+01	-8.683768e-02	3.400000e+00
1.873333e+01	-8.683763e-02	3.400001e+00
1.876667e+01	-8.683773e-02	3.400000e+00
1.880000e+01	-8.683783e-02	3.400000e+00
1.883333e+01	-8.683786e-02	3.400000e+00
1.886667e+01	-8.683782e-02	3.400000e+00
1.890000e+01	-8.683777e-02	3.400000e+00
1.893333e+01	-8.683776e-02	3.400000e+00
1.896667e+01	-8.655276e-02	3.401061e+00
19	-8.465892e-02	3.408113e+00
1.903333e+01	-7.914590e-02	3.428639e+00
1.906667e+01	-7.000311e-02	3.462681e+00
1.910000e+01	-6.082780e-02	3.496844e+00
1.913333e+01	-5.594726e-02	3.515015e+00
1.916667e+01	-5.633445e-02	3.513574e+00
1.920000e+01	-5.928194e-02	3.502599e+00
1.923333e+01	-6.144822e-02	3.494534e+00
1.926667e+01	-6.151878e-02	3.494271e+00
1.930000e+01	-6.034812e-02	3.498630e+00
1.933333e+01	-5.938698e-02	3.502208e+00
1.936667e+01	-5.930244e-02	3.502523e+00
1.940000e+01	-5.950388e-02	3.501773e+00
1.943333e+01	-5.832683e-02	3.506156e+00
1.946667e+01	-5.448214e-02	3.520471e+00
1.950000e+01	-4.875606e-02	3.541791e+00
1.953333e+01	-4.301649e-02	3.563161e+00
1.956667e+01	-3.813242e-02	3.581346e+00
1.960000e+01	-3.430848e-02	3.595584e+00
1.963333e+01	-3.179006e-02	3.604961e+00
1.966667e+01	-2.952235e-02	3.613404e+00
1.970000e+01	-2.482682e-02	3.630887e+00
1.973333e+01	-1.657042e-02	3.661628e+00
1.976667e+01	-7.664489e-03	3.694788e+00
1.980000e+01	-2.503778e-03	3.714003e+00
1.983333e+01	-2.517976e-03	3.713950e+00
1.986667e+01	-5.331759e-03	3.703473e+00
1.990000e+01	-7.606622e-03	3.695003e+00
1.993333e+01	-7.839459e-03	3.694136e+00
1.996667e+01	-6.733966e-03	3.698253e+00
20	-5.730529e-03	3.701989e+00
2.003333e+01	-5.289995e-03	3.703629e+00
2.006667e+01	-3.851053e-03	3.708987e+00
2.010000e+01	9.290296e-04	3.726784e+00
2.013333e+01	8.087522e-03	3.753438e+00
2.016667e+01	1.193717e-02	3.767771e+00
2.020000e+01	7.874914e-03	3.752646e+00
2.023333e+01	-1.638082e-03	3.717226e+00
2.026667e+01	-9.542601e-03	3.687795e+00
2.030000e+01	-1.141065e-02	3.680840e+00
2.033333e+01	-8.844710e-03	3.690394e+00
2.036667e+01	-7.370709e-03	3.695882e+00
2.040000e+01	-1.181265e-02	3.679343e+00
2.043333e+01	-2.202835e-02	3.641307e+00
2.046667e+01	-3.266358e-02	3.601708e+00
2.050000e+01	-3.807781e-02	3.581549e+00
2.053333e+01	-3.727023e-02	3.584556e+00
2.056667e+01	-3.339863e-02	3.598971e+00
2.060000e+01	-2.907735e-02	3.615061e+00
2.063333e+01	-2.365696e-02	3.635243e+00
2.066667e+01	-1.596438e-02	3.663885e+00
2.070000e+01	-7.876425e-03	3.693999e+00
2.073333e+01	-3.018493e-03	3.712087e+00
2.076667e+01	-3.082447e-03	3.711848e+00
2.080000e+01	-7.431704e-03	3.695655e+00
2.083333e+01	-1.478933e-02	3.668260e+00
2.086667e+01	-2.236410e-02	3.640057e+00
2.090000e+01	-2.507823e-02	3.629951e+00
2.093333e+01	-1.988286e-02	3.649295e+00
2.096667e+01	-1.012936e-02	3.685610e+00
21	-2.687638e-03	3.713318e+00
2.103333e+01	-1.322823e-03	3.718400e+00
2.106667e+01	-4.303289e-03	3.707303e+00
2.110000e+01	-7.482654e-03	3.695465e+00
2.113333e+01	-8.330274e-03	3.692309e+00
2.116667e+01	-6.904998e-03	3.697616e+00
2.120000e+01	-3.627193e-03	3.709820e+00
2.123333e+01	2.320689e-03	3.731966e+00
2.126667e+01	1.100900e-02	3.764315e+00
2.130000e+01	1.957542e-02	3.796211e+00
2.133333e+01	2.423836e-02	3.813573e+00
2.136667e+01	2.403124e-02	3.812801e+00
2.140000e+01	2.135147e-02	3.802824e+00
2.143333e+01	1.929231e-02	3.795157e+00
2.146667e+01	1.915158e-02	3.794633e+00
2.150000e+01	2.020500e-02	3.798555e+00
2.153333e+01	2.111419e-02	3.801940e+00
2.156667e+01	2.122549e-02	3.802355e+00
2.160000e+01	2.107517e-02	3.801795e+00
2.163333e+01	2.256210e-02	3.807331e+00
2.166667e+01	2.800573e-02	3.827600e+00
2.170000e+01	3.732878e-02	3.862313e+00
2.173333e+01	4.668633e-02	3.897154e+00
2.176667e+01	5.160645e-02	3.915473e+00
2.180000e+01	5.114520e-02	3.913756e+00
2.183333e+01	4.807571e-02	3.902327e+00
2.186667e+01	4.561753e-02	3.893174e+00
2.190000e+01	4.474881e-02	3.889940e+00
2.193333e+01	4.433820e-02	3.888411e+00
2.196667e+01	4.290081e-02	3.883059e+00
22	3.987105e-02	3.871778e+00
2.203333e+01	3.570823e-02	3.856279e+00
2.206667e+01	3.127899e-02	3.839787e+00
2.210000e+01	2.717617e-02	3.824511e+00
2.213333e+01	2.345918e-02	3.810672e+00
2.216667e+01	1.986165e-02	3.797277e+00
2.220000e+01	1.614152e-02	3.783425e+00
2.223333e+01	1.225847e-02	3.768968e+00
2.226667e+01	8.318255e-03	3.754297e+00
2.230000e+01	4.426879e-03	3.739808e+00
2.233333e+01	6.068539e-04	3.725585e+00
2.236667e+01	-3.185192e-03	3.711466e+00
2.240000e+01	-6.996407e-03	3.697275e+00
2.243333e+01	-1.083890e-02	3.682969e+00
2.246667e+01	-1.469499e-02	3.668611e+00
2.250000e+01	-1.854373e-02	3.654281e+00
2.253333e+01	-2.237882e-02	3.640002e+00
2.256667e+01	-2.620738e-02	3.625747e+00
2.260000e+01	-3.003868e-02	3.611482e+00
2.263333e+01	-3.387592e-02	3.597194e+00
2.266667e+01	-3.771625e-02	3.582895e+00
2.270000e+01	-4.155560e-02	3.568600e+00
2.273333e+01	-4.539238e-02	3.554315e+00
2.276667e+01	-4.922771e-02	3.540035e+00
2.280000e+01	-5.302265e-02	3.525905e+00
2.283333e+01	-5.654815e-02	3.512778e+00
2.286667e+01	-5.928675e-02	3.502581e+00
2.290000e+01	-6.071914e-02	3.497248e+00
2.293333e+01	-6.084029e-02	3.496797e+00
2.296667e+01	-6.026391e-02	3.498943e+00
23	-6.002789e-02	3.499822e+00
2.303333e+01	-6.182198e-02	3.493142e+00
2.306667e+01	-6.754485e-02	3.471834e+00
2.310000e+01	-7.690755e-02	3.436973e+00
2.313333e+01	-8.613546e-02	3.402615e+00
2.316667e+01	-9.093121e-02	3.384759e+00
2.320000e+01	-9.044718e-02	3.386561e+00
2.323333e+01	-8.755620e-02	3.397325e+00
2.326667e+01	-8.606515e-02	3.402877e+00
2.330000e+01	-8.829980e-02	3.394556e+00
2.333333e+01	-9.443580e-02	3.371710e+00
2.336667e+01	-1.030332e-01	3.339699e+00
2.340000e+01	-1.121842e-01	3.305627e+00
2.343333e+01	-1.206624e-01	3.274060e+00
2.346667e+01	-1.283407e-01	3.245471e+00
2.350000e+01	-1.357570e-01	3.217858e+00
2.353333e+01	-1.434097e-01	3.189365e+00
2.356667e+01	-1.513927e-01	3.159641e+00
2.360000e+01	-1.594988e-01	3.129459e+00
2.363333e+01	-1.675122e-01	3.099623e+00
2.366667e+01	-1.753817e-01	3.070322e+00
2.370000e+01	-1.831917e-01	3.041243e+00
2.373333e+01	-1.910378e-01	3.012029e+00
2.376667e+01	-1.989468e-01	2.982582e+00
2.380000e+01	-2.068007e-01	2.953339e+00
2.383333e+01	-2.140838e-01	2.926222e+00
2.386667e+01	-2.197181e-01	2.905243e+00
2.390000e+01	-2.226497e-01	2.894328e+00
2.393333e+01	-2.228877e-01	2.893442e+00
2.396667e+01	-2.217020e-01	2.897857e+00
24	-2.206368e-01	2.901823e+00
2.403333e+01	-2.204366e-01	2.902568e+00
2.406667e+01	-2.208685e-01	2.900960e+00
2.410000e+01	-2.213181e-01	2.899286e+00
2.413333e+01	-2.214240e-01	2.898892e+00
2.416667e+01	-2.212494e-01	2.899542e+00
2.420000e+01	-2.210513e-01	2.900279e+00
2.423333e+01	-2.209962e-01	2.900485e+00
2.426667e+01	-2.210671e-01	2.900221e+00
2.430000e+01	-2.211548e-01	2.899894e+00
2.433333e+01	-2.211831e-01	2.899789e+00
2.436667e+01	-2.211546e-01	2.899895e+00
2.440000e+01	-2.211159e-01	2.900039e+00
2.443333e+01	-2.211018e-01	2.900092e+00
2.446667e+01	-2.211130e-01	2.900050e+00
2.450000e+01	-2.211300e-01	2.899986e+00
2.453333e+01	-2.208520e-01	2.901022e+00
2.456667e+01	-2.180987e-01	2.911273e+00
2.460000e+01	-2.068966e-01	2.952982e+00
2.463333e+01	-1.812114e-01	3.048616e+00
2.466667e+01	-1.446094e-01	3.184897e+00
2.470000e+01	-1.122062e-01	3.305545e+00
2.473333e+01	-9.795341e-02	3.358613e+00
2.476667e+01	-1.021057e-01	3.343153e+00
2.480000e+01	-1.134482e-01	3.300921e+00
2.483333e+01	-1.212002e-01	3.272057e+00
2.486667e+01	-1.228314e-01	3.265984e+00
2.490000e+01	-1.223604e-01	3.267738e+00
2.493333e+01	-1.241452e-01	3.261092e+00
2.496667e+01	-1.290708e-01	3.242753e+00
25	-1.352011e-01	3.219928e+00
2.503333e+01	-1.404619e-01	3.200340e+00
2.506667e+01	-1.443331e-01	3.185926e+00
2.510000e+01	-1.476072e-01	3.173736e+00
2.513333e+01	-1.512123e-01	3.160313e+00
2.516667e+01	-1.554240e-01	3.144631e+00
2.520000e+01	-1.599231e-01	3.127880e+00
2.523333e+01	-1.642986e-01	3.111588e+00
2.526667e+01	-1.684106e-01	3.096278e+00
2.530000e+01	-1.723861e-01	3.081476e+00
2.533333e+01	-1.764062e-01	3.066508e+00
2.536667e+01	-1.805403e-01	3.051115e+00
2.540000e+01	-1.847385e-01	3.035484e+00
2.543333e+01	-1.889216e-01	3.019909e+00
2.546667e+01	-1.930555e-01	3.004517e+00
2.550000e+01	-1.971595e-01	2.989236e+00
2.553333e+01	-2.012683e-01	2.973938e+00
2.556667e+01	-2.053543e-01	2.958725e+00
2.560000e+01	-2.091627e-01	2.944545e+00
2.563333e+01	-2.113544e-01	2.936384e+00
2.566667e+01	-2.075141e-01	2.950683e+00
2.570000e+01	-1.909030e-01	3.012531e+00
2.573333e+01	-1.601496e-01	3.127036e+00
2.576667e+01	-1.260274e-01	3.254085e+00
2.580000e+01	-1.055006e-01	3.330512e+00
2.583333e+01	-1.076885e-01	3.322366e+00
2.586667e+01	-1.272851e-01	3.249401e+00
2.590000e+01	-1.510940e-01	3.160753e+00
2.593333e+01	-1.692753e-01	3.093058e+00
2.596667e+01	-1.803907e-01	3.051672e+00
26	-1.876791e-01	3.024535e+00
2.603333e+01	-1.931496e-01	3.004166e+00
2.606667e+01	-1.962836e-01	2.992498e+00
2.610000e+01	-1.965646e-01	2.991451e+00
2.613333e+01	-1.950847e-01	2.996962e+00
2.616667e+01	-1.936675e-01	3.002238e+00
2.620000e+01	-1.933394e-01	3.003460e+00
2.623333e+01	-1.938776e-01	3.001456e+00
2.626667e+01	-1.942059e-01	3.000233e+00
2.630000e+01	-1.924884e-01	3.006629e+00
2.633333e+01	-1.867622e-01	3.027949e+00
2.636667e+01	-1.773501e-01	3.062993e+00
2.640000e+01	-1.680856e-01	3.097488e+00
2.643333e+01	-1.632901e-01	3.115343e+00
2.646667e+01	-1.640809e-01	3.112399e+00
2.650000e+01	-1.689666e-01	3.094208e+00
2.653333e+01	-1.766124e-01	3.065740e+00
2.656667e+01	-1.857737e-01	3.031629e+00
2.660000e+01	-1.937566e-01	3.001906e+00
2.663333e+01	-1.976890e-01	2.987265e+00
2.666667e+01	-1.969550e-01	2.989998e+00
2.670000e+01	-1.926106e-01	3.006173e+00
2.673333e+01	-1.853582e-01	3.033176e+00
2.676667e+01	-1.761944e-01	3.067296e+00
2.680000e+01	-1.679823e-01	3.097872e+00
2.683333e+01	-1.635857e-01	3.114243e+00
2.686667e+01	-1.618468e-01	3.120717e+00
2.690000e+01	-1.567019e-01	3.139873e+00
2.693333e+01	-1.419729e-01	3.194714e+00
2.696667e+01	-1.181712e-01	3.283336e+00
27	-9.396901e-02	3.373448e+00
2.703333e+01	-7.920976e-02	3.428402e+00
2.706667e+01	-7.571163e-02	3.441426e+00
2.710000e+01	-7.611676e-02	3.439918e+00
2.713333e+01	-7.252037e-02	3.453308e+00
2.716667e+01	-6.445574e-02	3.483336e+00
2.720000e+01	-5.733996e-02	3.509830e+00
2.723333e+01	-5.534790e-02	3.517247e+00
2.726667e+01	-5.921708e-02	3.502841e+00
2.730000e+01	-7.231546e-02	3.454071e+00
2.733333e+01	-1.026234e-01	3.341225e+00
2.736667e+01	-1.500599e-01	3.164604e+00
2.740000e+01	-1.965383e-01	2.991549e+00
2.743333e+01	-2.191119e-01	2.907500e+00
2.746667e+01	-2.114519e-01	2.936021e+00
2.750000e+01	-1.872459e-01	3.026148e+00
2.753333e+01	-1.651393e-01	3.108458e+00
2.756667e+01	-1.538746e-01	3.150400e+00
2.760000e+01	-1.500950e-01	3.164473e+00
2.763333e+01	-1.460962e-01	3.179361e+00
2.766667e+01	-1.376536e-01	3.210796e+00
2.770000e+01	-1.258381e-01	3.254789e+00
2.773333e+01	-1.139231e-01	3.299153e+00
2.776667e+01	-1.038737e-01	3.336570e+00
2.780000e+01	-9.535184e-02	3.368299e+00
2.783333e+01	-8.695690e-02	3.399557e+00
2.786667e+01	-7.788035e-02	3.433351e+00
2.790000e+01	-6.878197e-02	3.467228e+00
2.793333e+01	-6.125180e-02	3.495265e+00
2.796667e+01	-5.566545e-02	3.516065e+00
28	-5.000875e-02	3.537126e+00
2.803333e+01	-4.250153e-02	3.565078e+00
2.806667e+01	-3.497548e-02	3.593100e+00
2.810000e+01	-3.217379e-02	3.603532e+00
2.813333e+01	-3.746256e-02	3.583840e+00
2.816667e+01	-4.897166e-02	3.540988e+00
2.820000e+01	-6.020720e-02	3.499154e+00
2.823333e+01	-6.540843e-02	3.479788e+00
2.826667e+01	-6.439318e-02	3.483569e+00
2.830000e+01	-6.243686e-02	3.490853e+00
2.833333e+01	-6.559635e-02	3.479089e+00
2.836667e+01	-7.504031e-02	3.443926e+00
2.840000e+01	-8.578695e-02	3.403913e+00
2.843333e+01	-9.172983e-02	3.381785e+00
2.846667e+01	-9.127563e-02	3.383476e+00
2.850000e+01	-8.766372e-02	3.396925e+00
2.853333e+01	-8.501282e-02	3.406795e+00
2.856667e+01	-8.494394e-02	3.407051e+00
2.860000e+01	-8.639583e-02	3.401646e+00
2.863333e+01	-8.757778e-02	3.397245e+00
2.866667e+01	-8.767402e-02	3.396886e+00
2.870000e+01	-8.706920e-02	3.399138e+00
2.873333e+01	-8.653728e-02	3.401119e+00
2.876667e+01	-8.646719e-02	3.401380e+00
2.880000e+01	-8.671914e-02	3.400442e+00
2.883333e+01	-8.695833e-02	3.399551e+00
2.886667e+01	-8.700143e-02	3.399391e+00
2.890000e+01	-8.689723e-02	3.399779e+00
2.893333e+01	-8.679013e-02	3.400177e+00
2.896667e+01	-8.676585e-02	3.400268e+00
29	-8.680857e-02	3.400109e+00
2.903333e+01	-8.685630e-02	3.399931e+00
2.906667e+01	-8.686928e-02	3.399883e+00
2.910000e+01	-8.685193e-02	3.399947e+00
2.913333e+01	-8.683075e-02	3.400026e+00
2.916667e+01	-8.710908e-02	3.398990e+00
2.920000e+01	-8.900990e-02	3.391913e+00
2.923333e+01	-9.453228e-02	3.371351e+00
2.926667e+01	-1.036784e-01	3.337297e+00
2.930000e+01	-1.128510e-01	3.303144e+00
2.933333e+01	-1.177274e-01	3.284988e+00
2.936667e+01	-1.173386e-01	3.286436e+00
2.940000e+01	-1.143921e-01	3.297406e+00
2.943333e+01	-1.122277e-01	3.305465e+00
2.946667e+01	-1.121579e-01	3.305725e+00
2.950000e+01	-1.133282e-01	3.301368e+00
2.953333e+01	-1.142885e-01	3.297792e+00
2.956667e+01	-1.140877e-01	3.298540e+00
2.960000e+01	-1.117075e-01	3.307402e+00
2.963333e+01	-1.057630e-01	3.329535e+00
2.966667e+01	-9.656092e-02	3.363798e+00
2.970000e+01	-8.758802e-02	3.397207e+00
2.973333e+01	-8.290137e-02	3.414657e+00
2.976667e+01	-8.332453e-02	3.413081e+00
2.980000e+01	-8.590336e-02	3.403479e+00
2.983333e+01	-8.608902e-02	3.402788e+00
2.986667e+01	-8.062644e-02	3.423127e+00
2.990000e+01	-7.034724e-02	3.461400e+00
2.993333e+01	-6.024945e-02	3.498997e+00
2.996667e+01	-5.529508e-02	3.517444e+00
30	-5.586981e-02	3.515304e+00
3.003333e+01	-5.733809e-02	3.509837e+00
3.006667e+01	-5.404534e-02	3.522097e+00
3.010000e+01	-4.449121e-02	3.557670e+00
3.013333e+01	-3.206493e-02	3.603937e+00
3.016667e+01	-2.067693e-02	3.646338e+00
3.020000e+01	-1.191824e-02	3.678950e+00
3.023333e+01	-6.260363e-03	3.700016e+00
3.026667e+01	-3.996725e-03	3.708444e+00
3.030000e+01	-4.480553e-03	3.706643e+00
3.033333e+01	-6.017685e-03	3.700920e+00
3.036667e+01	-7.018753e-03	3.697192e+00
3.040000e+01	-6.697266e-03	3.698389e+00
3.043333e+01	-4.219365e-03	3.707615e+00
3.046667e+01	1.730984e-03	3.729770e+00
3.050000e+01	1.088411e-02	3.763850e+00
3.053333e+01	1.981699e-02	3.797110e+00
3.056667e+01	2.450102e-02	3.814551e+00
3.060000e+01	2.409897e-02	3.813054e+00
3.063333e+01	2.125320e-02	3.802458e+00
3.066667e+01	1.917567e-02	3.794723e+00
3.070000e+01	1.911635e-02	3.794502e+00
3.073333e+01	2.024459e-02	3.798703e+00
3.076667e+01	2.116577e-02	3.802132e+00
3.080000e+01	2.124331e-02	3.802421e+00
3.083333e+01	2.077441e-02	3.800675e+00
3.086667e+01	2.036051e-02	3.799134e+00
3.090000e+01	2.030500e-02	3.798927e+00
3.093333e+01	2.050026e-02	3.799654e+00
3.096667e+01	2.068630e-02	3.800347e+00
31	2.072023e-02	3.800473e+00
3.103333e+01	2.063950e-02	3.800173e+00
3.106667e+01	2.055622e-02	3.799863e+00
3.110000e+01	2.053716e-02	3.799792e+00
3.113333e+01	2.057025e-02	3.799915e+00
3.116667e+01	2.060736e-02	3.800053e+00
3.120000e+01	2.061752e-02	3.800091e+00
3.123333e+01	2.060409e-02	3.800041e+00
3.126667e+01	2.058763e-02	3.799980e+00
3.130000e+01	2.058240e-02	3.799960e+00
3.133333e+01	2.058779e-02	3.799980e+00
3.136667e+01	2.059506e-02	3.800007e+00
3.140000e+01	2.059768e-02	3.800017e+00
3.143333e+01	2.059555e-02	3.800009e+00
3.146667e+01	2.059235e-02	3.799997e+00
3.150000e+01	2.059106e-02	3.799993e+00
3.153333e+01	2.030688e-02	3.798934e+00
3.156667e+01	1.841442e-02	3.791888e+00
3.160000e+01	1.261701e-02	3.770303e+00
3.163333e+01	1.580046e-03	3.729208e+00
3.166667e+01	-1.310890e-02	3.674517e+00
3.170000e+01	-2.713251e-02	3.622302e+00
3.173333e+01	-3.592051e-02	3.589582e+00
3.176667e+01	-3.785330e-02	3.582385e+00
3.180000e+01	-3.529969e-02	3.591893e+00
3.183333e+01	-3.228169e-02	3.603130e+00
3.186667e+01	-3.128618e-02	3.606837e+00
3.190000e+01	-3.217682e-02	3.603521e+00
3.193333e+01	-3.314700e-02	3.599908e+00
3.196667e+01	-3.172777e-02	3.605193e+00
32	-2.586746e-02	3.627012e+00
3.203333e+01	-1.617874e-02	3.663087e+00
3.206667e+01	-6.774120e-03	3.698103e+00
3.210000e+01	-2.028140e-03	3.715774e+00
3.213333e+01	-2.368836e-03	3.714505e+00
3.216667e+01	-3.532815e-03	3.710172e+00
3.220000e+01	-1.353042e-04	3.722822e+00
3.223333e+01	9.299836e-03	3.757952e+00
3.226667e+01	2.142006e-02	3.803079e+00
3.230000e+01	3.225504e-02	3.843421e+00
3.233333e+01	4.020609e-02	3.873026e+00
3.236667e+01	4.498953e-02	3.890836e+00
3.240000e+01	4.648509e-02	3.896404e+00
3.243333e+01	4.525724e-02	3.891833e+00
3.246667e+01	4.278015e-02	3.882610e+00
3.250000e+01	4.055977e-02	3.874343e+00
3.253333e+01	3.922139e-02	3.869359e+00
3.256667e+01	3.845761e-02	3.866516e+00
3.260000e+01	3.765925e-02	3.863543e+00
3.263333e+01	3.650915e-02	3.859261e+00
3.266667e+01	3.510204e-02	3.854022e+00
3.270000e+01	3.369433e-02	3.848780e+00
3.273333e+01	3.243391e-02	3.844087e+00
3.276667e+01	3.128980e-02	3.839827e+00
3.280000e+01	3.015232e-02	3.835592e+00
3.283333e+01	2.895291e-02	3.831126e+00
3.286667e+01	2.770084e-02	3.826465e+00
3.290000e+01	2.644300e-02	3.821781e+00
3.293333e+01	2.521105e-02	3.817194e+00
3.296667e+01	2.400285e-02	3.812696e+00
33	2.279843e-02	3.808211e+00
3.303333e+01	2.158326e-02	3.803687e+00
3.306667e+01	2.035744e-02	3.799123e+00
3.310000e+01	1.912942e-02	3.794550e+00
3.313333e+01	1.790583e-02	3.789995e+00
3.316667e+01	1.668698e-02	3.785456e+00
3.320000e+01	1.546934e-02	3.780923e+00
3.323333e+01	1.424990e-02	3.776382e+00
3.326667e+01	1.302834e-02	3.771834e+00
3.330000e+01	1.180615e-02	3.767283e+00
3.333333e+01	1.058469e-02	3.762736e+00
3.336667e+01	9.364171e-03	3.758191e+00
3.340000e+01	8.143966e-03	3.753648e+00
3.343333e+01	6.923472e-03	3.749104e+00
3.346667e+01	5.702565e-03	3.744558e+00
3.350000e+01	4.481500e-03	3.740011e+00
3.353333e+01	3.260549e-03	3.735465e+00
3.356667e+01	2.039779e-03	3.730920e+00
3.360000e+01	8.190855e-04	3.726375e+00
3.363333e+01	-4.016514e-04	3.721830e+00
3.366667e+01	-1.622467e-03	3.717284e+00
3.370000e+01	-2.843320e-03	3.712739e+00
3.373333e+01	-4.051202e-03	3.708241e+00
3.376667e+01	-5.172965e-03	3.704065e+00
3.380000e+01	-6.044118e-03	3.700821e+00
3.383333e+01	-6.499695e-03	3.699125e+00
3.386667e+01	-6.538228e-03	3.698981e+00
3.390000e+01	-6.639939e-03	3.698603e+00
3.393333e+01	-8.368096e-03	3.692168e+00
3.396667e+01	-1.413440e-02	3.670698e+00
34	-2.523778e-02	3.629357e+00
3.403333e+01	-3.999605e-02	3.574407e+00
3.406667e+01	-5.403609e-02	3.522131e+00
3.410000e+01	-6.279725e-02	3.489511e+00
3.413333e+01	-6.469950e-02	3.482428e+00
3.416667e+01	-6.213734e-02	3.491968e+00
3.420000e+01	-5.884522e-02	3.504225e+00
3.423333e+01	-5.596938e-02	3.514933e+00
3.426667e+01	-5.135137e-02	3.532127e+00
3.430000e+01	-4.345941e-02	3.561512e+00
3.433333e+01	-3.475277e-02	3.593929e+00
3.436667e+01	-2.952277e-02	3.613402e+00
3.440000e+01	-2.936574e-02	3.613987e+00
3.443333e+01	-3.208653e-02	3.603857e+00
3.446667e+01	-3.438844e-02	3.595286e+00
3.450000e+01	-3.441184e-02	3.595199e+00
3.453333e+01	-3.145653e-02	3.606202e+00
3.456667e+01	-2.493108e-02	3.630499e+00
3.460000e+01	-1.560019e-02	3.665241e+00
3.463333e+01	-6.859275e-03	3.697786e+00
3.466667e+01	-2.429309e-03	3.714280e+00
3.470000e+01	-2.920865e-03	3.712450e+00
3.473333e+01	-5.690447e-03	3.702138e+00
3.476667e+01	-7.656159e-03	3.694819e+00
3.480000e+01	-7.671297e-03	3.694763e+00
3.483333e+01	-6.572797e-03	3.698853e+00
3.486667e+01	-5.700611e-03	3.702100e+00
3.490000e+01	-5.644541e-03	3.702309e+00
3.493333e+01	-5.862395e-03	3.701498e+00
3.496667e+01	-4.662355e-03	3.705966e+00
35	-7.162175e-05	3.723059e+00
3.503333e+01	7.762315e-03	3.752227e+00
3.506667e+01	1.530803e-02	3.780322e+00
3.510000e+01	1.821745e-02	3.791155e+00
3.513333e+01	1.513441e-02	3.779676e+00
3.516667e+01	8.438622e-03	3.754745e+00
3.520000e+01	1.685806e-03	3.729602e+00
3.523333e+01	-3.193761e-03	3.711434e+00
3.526667e+01	-6.557841e-03	3.698908e+00
3.530000e+01	-9.779770e-03	3.686912e+00
3.533333e+01	-1.374997e-02	3.672130e+00
3.536667e+01	-1.838902e-02	3.654857e+00
3.540000e+01	-2.312403e-02	3.637227e+00
3.543333e+01	-2.754933e-02	3.620750e+00
3.546667e+01	-3.167536e-02	3.605388e+00
3.550000e+01	-3.574434e-02	3.590238e+00
3.553333e+01	-3.994122e-02	3.574611e+00
3.556667e+01	-4.427192e-02	3.558487e+00
3.560000e+01	-4.863427e-02	3.542244e+00
3.563333e+01	-5.294427e-02	3.526197e+00
3.566667e+01	-5.719470e-02	3.510371e+00
3.570000e+01	-6.142837e-02	3.494608e+00
3.573333e+01	-6.568323e-02	3.478765e+00
3.576667e+01	-6.996451e-02	3.462825e+00
3.580000e+01	-7.425438e-02	3.446852e+00
3.583333e+01	-7.853575e-02	3.430911e+00
3.586667e+01	-8.280547e-02	3.415014e+00
3.590000e+01	-8.707090e-02	3.399132e+00
3.593333e+01	-9.133968e-02	3.383238e+00
3.596667e+01	-9.561358e-02	3.367325e+00
36	-9.988959e-02	3.351404e+00
3.603333e+01	-1.041643e-01	3.335488e+00
3.606667e+01	-1.084368e-01	3.319580e+00
3.610000e+01	-1.127082e-01	3.303676e+00
3.613333e+01	-1.169802e-01	3.287770e+00
3.616667e+01	-1.212531e-01	3.271861e+00
3.620000e+01	-1.255265e-01	3.255949e+00
3.623333e+01	-1.297997e-01	3.240039e+00
3.626667e+01	-1.340725e-01	3.224130e+00
3.630000e+01	-1.383451e-01	3.208222e+00
3.633333e+01	-1.426177e-01	3.192313e+00
3.636667e+01	-1.468905e-01	3.176404e+00
3.640000e+01	-1.511181e-01	3.160664e+00
3.643333e+01	-1.550897e-01	3.145876e+00
3.646667e+01	-1.584854e-01	3.133232e+00
3.650000e+01	-1.612583e-01	3.122908e+00
3.653333e+01	-1.637248e-01	3.113725e+00
3.656667e+01	-1.662824e-01	3.104202e+00
3.660000e+01	-1.698325e-01	3.090984e+00
3.663333e+01	-1.762343e-01	3.067148e+00
3.666667e+01	-1.869740e-01	3.027160e+00
3.670000e+01	-2.010936e-01	2.974588e+00
3.673333e+01	-2.148196e-01	2.923482e+00
3.676667e+01	-2.236884e-01	2.890461e+00
3.680000e+01	-2.258528e-01	2.882402e+00
3.683333e+01	-2.234352e-01	2.891403e+00
3.686667e+01	-2.203915e-01	2.902736e+00
3.690000e+01	-2.192976e-01	2.906809e+00
3.693333e+01	-2.201255e-01	2.903726e+00
3.696667e+01	-2.213881e-01	2.899025e+00
37	-2.219048e-01	2.897101e+00
3.703333e+01	-2.215864e-01	2.898287e+00
3.706667e+01	-2.210390e-01	2.900325e+00
3.710000e+01	-2.207918e-01	2.901246e+00
3.713333e+01	-2.209131e-01	2.900794e+00
3.716667e+01	-2.211515e-01	2.899906e+00
3.720000e+01	-2.212694e-01	2.899467e+00
3.723333e+01	-2.212247e-01	2.899634e+00
3.726667e+01	-2.211212e-01	2.900019e+00
3.730000e+01	-2.210655e-01	2.900227e+00
3.733333e+01	-2.210813e-01	2.900168e+00
3.736667e+01	-2.211260e-01	2.900001e+00
3.740000e+01	-2.211521e-01	2.899904e+00
3.743333e+01	-2.210785e-01	2.900178e+00
3.746667e+01	-2.205363e-01	2.902197e+00
3.750000e+01	-2.186782e-01	2.909115e+00
3.753333e+01	-2.146393e-01	2.924153e+00
3.756667e+01	-2.084052e-01	2.947365e+00
3.760000e+01	-2.009970e-01	2.974948e+00
3.763333e+01	-1.936759e-01	3.002207e+00
3.766667e+01	-1.870590e-01	3.026844e+00
3.770000e+01	-1.809629e-01	3.049541e+00
3.773333e+01	-1.748864e-01	3.072166e+00
3.776667e+01	-1.685303e-01	3.095832e+00
3.780000e+01	-1.619433e-01	3.120358e+00
3.783333e+01	-1.553349e-01	3.144963e+00
3.786667e+01	-1.488425e-01	3.169136e+00
3.790000e+01	-1.424539e-01	3.192923e+00
3.793333e+01	-1.360800e-01	3.216655e+00
3.796667e+01	-1.296579e-01	3.240567e+00
38	-1.231891e-01	3.264652e+00
3.803333e+01	-1.167115e-01	3.288770e+00
3.806667e+01	-1.102538e-01	3.312814e+00
3.810000e+01	-1.038170e-01	3.336781e+00
3.813333e+01	-9.738511e-02	3.360729e+00
3.816667e+01	-9.094505e-02	3.384707e+00
3.820000e+01	-8.456411e-02	3.408466e+00
3.823333e+01	-7.856669e-02	3.430796e+00
3.826667e+01	-7.350957e-02	3.449625e+00
3.830000e+01	-6.999885e-02	3.462697e+00
3.833333e+01	-6.904311e-02	3.466255e+00
3.836667e+01	-7.200015e-02	3.455245e+00
3.840000e+01	-7.893682e-02	3.429418e+00
3.843333e+01	-8.806323e-02	3.395437e+00
3.846667e+01	-9.763987e-02	3.359780e+00
3.850000e+01	-1.066392e-01	3.326273e+00
3.853333e+01	-1.135035e-01	3.300715e+00
3.856667e+01	-1.165993e-01	3.289188e+00
3.860000e+01	-1.160904e-01	3.291083e+00
3.863333e+01	-1.140580e-01	3.298650e+00
3.866667e+01	-1.126811e-01	3.303777e+00
3.870000e+01	-1.127064e-01	3.303683e+00
3.873333e+01	-1.134983e-01	3.300734e+00
3.876667e+01	-1.141059e-01	3.298472e+00
3.880000e+01	-1.141304e-01	3.298381e+00
3.883333e+01	-1.138008e-01	3.299608e+00
3.886667e+01	-1.135274e-01	3.300626e+00
3.890000e+01	-1.135022e-01	3.300720e+00
3.893333e+01	-1.136402e-01	3.300206e+00
3.896667e+01	-1.137636e-01	3.299747e+00
39	-1.137811e-01	3.299681e+00
3.903333e+01	-1.137237e-01	3.299895e+00
3.906667e+01	-1.136683e-01	3.300101e+00
3.910000e+01	-1.136577e-01	3.300141e+00
3.913333e+01	-1.136814e-01	3.300052e+00
3.916667e+01	-1.137062e-01	3.299960e+00
3.920000e+01	-1.137121e-01	3.299938e+00
3.923333e+01	-1.134174e-01	3.301036e+00
3.926667e+01	-1.115125e-01	3.308128e+00
3.930000e+01	-1.059963e-01	3.328666e+00
3.933333e+01	-9.685749e-02	3.362693e+00
3.936667e+01	-8.770065e-02	3.396787e+00
3.940000e+01	-8.292547e-02	3.414567e+00
3.943333e+01	-8.367736e-02	3.411767e+00
3.946667e+01	-8.742433e-02	3.397816e+00
3.950000e+01	-9.082840e-02	3.385142e+00
3.953333e+01	-9.237055e-02	3.379400e+00
3.956667e+01	-9.265338e-02	3.378347e+00
3.960000e+01	-9.300482e-02	3.377038e+00
3.963333e+01	-9.412906e-02	3.372852e+00
3.966667e+01	-9.582077e-02	3.366553e+00
3.970000e+01	-9.751379e-02	3.360250e+00
3.973333e+01	-9.888055e-02	3.355161e+00
3.976667e+01	-9.998947e-02	3.351032e+00
3.980000e+01	-1.010836e-01	3.346958e+00
3.983333e+01	-1.023150e-01	3.342373e+00
3.986667e+01	-1.036632e-01	3.337354e+00
3.990000e+01	-1.050243e-01	3.332286e+00
3.993333e+01	-1.063280e-01	3.327432e+00
3.996667e+01	-1.075790e-01	3.322774e+00
40	-1.088216e-01	3.318147e+00
4.003333e+01	-1.100880e-01	3.313432e+00
4.006667e+01	-1.113645e-01	3.308679e+00
4.010000e+01	-1.125557e-01	3.304244e+00
4.013333e+01	-1.134745e-01	3.300823e+00
4.016667e+01	-1.139475e-01	3.299062e+00
4.020000e+01	-1.142658e-01	3.297877e+00
4.023333e+01	-1.159646e-01	3.291551e+00
4.026667e+01	-1.215907e-01	3.270604e+00
4.030000e+01	-1.325972e-01	3.229623e+00
4.033333e+01	-1.473569e-01	3.174668e+00
4.036667e+01	-1.617379e-01	3.121123e+00
4.040000e+01	-1.724360e-01	3.081290e+00
4.043333e+01	-1.798532e-01	3.053673e+00
4.046667e+01	-1.864104e-01	3.029259e+00
4.050000e+01	-1.925592e-01	3.006365e+00
4.053333e+01	-1.964559e-01	2.991856e+00
4.056667e+01	-1.969735e-01	2.989929e+00
4.060000e+01	-1.952856e-01	2.996213e+00
4.063333e+01	-1.935893e-01	3.002530e+00
4.066667e+01	-1.931652e-01	3.004109e+00
4.070000e+01	-1.935027e-01	3.002852e+00
4.073333e+01	-1.920575e-01	3.008233e+00
4.076667e+01	-1.848724e-01	3.034985e+00
4.080000e+01	-1.699698e-01	3.090473e+00
4.083333e+01	-1.513295e-01	3.159876e+00
4.086667e+01	-1.371622e-01	3.212626e+00
4.090000e+01	-1.324820e-01	3.230052e+00
4.093333e+01	-1.340645e-01	3.224159e+00
4.096667e+01	-1.337204e-01	3.225441e+00
41	-1.267760e-01	3.251297e+00
4.103333e+01	-1.164385e-01	3.289787e+00
4.106667e+01	-1.093993e-01	3.315996e+00
4.110000e+01	-1.087556e-01	3.318393e+00
4.113333e+01	-1.121321e-01	3.305821e+00
4.116667e+01	-1.149445e-01	3.295350e+00
4.120000e+01	-1.136070e-01	3.300330e+00
4.123333e+01	-1.067685e-01	3.325791e+00
4.126667e+01	-9.651532e-02	3.363967e+00
4.130000e+01	-8.871081e-02	3.393026e+00
4.133333e+01	-8.926990e-02	3.390944e+00
4.136667e+01	-9.837332e-02	3.357049e+00
4.140000e+01	-1.095214e-01	3.315542e+00
4.143333e+01	-1.153798e-01	3.293729e+00
4.146667e+01	-1.139027e-01	3.299229e+00
4.150000e+01	-1.085818e-01	3.319040e+00
4.153333e+01	-1.040667e-01	3.335851e+00
4.156667e+01	-1.023433e-01	3.342268e+00
4.160000e+01	-1.023822e-01	3.342123e+00
4.163333e+01	-1.022231e-01	3.342716e+00
4.166667e+01	-1.008990e-01	3.347646e+00
4.170000e+01	-9.877145e-02	3.355567e+00
4.173333e+01	-9.668207e-02	3.363347e+00
4.176667e+01	-9.508620e-02	3.369288e+00
4.180000e+01	-9.385729e-02	3.373864e+00
4.183333e+01	-9.263272e-02	3.378424e+00
4.186667e+01	-9.119957e-02	3.383760e+00
4.190000e+01	-8.959940e-02	3.389718e+00
4.193333e+01	-8.798800e-02	3.395717e+00
4.196667e+01	-8.646422e-02	3.401391e+00
42	-8.501607e-02	3.406783e+00
4.203333e+01	-8.357694e-02	3.412141e+00
4.206667e+01	-8.210125e-02	3.417636e+00
4.210000e+01	-8.059148e-02	3.423257e+00
4.213333e+01	-7.907598e-02	3.428900e+00
4.216667e+01	-7.757562e-02	3.434486e+00
4.220000e+01	-7.609053e-02	3.440016e+00
4.223333e+01	-7.460874e-02	3.445533e+00
4.226667e+01	-7.312072e-02	3.451073e+00
4.230000e+01	-7.162589e-02	3.456639e+00
4.233333e+01	-7.012928e-02	3.462211e+00
4.236667e+01	-6.863521e-02	3.467774e+00
4.240000e+01	-6.714416e-02	3.473326e+00
4.243333e+01	-6.565403e-02	3.478874e+00
4.246667e+01	-6.416289e-02	3.484426e+00
4.250000e+01	-6.268624e-02	3.489924e+00
4.253333e+01	-6.131433e-02	3.495032e+00
4.256667e+01	-6.024912e-02	3.498998e+00
4.260000e+01	-5.969242e-02	3.501071e+00
4.263333e+01	-5.993071e-02	3.500184e+00
4.266667e+01	-6.204882e-02	3.492297e+00
4.270000e+01	-6.776434e-02	3.471017e+00
4.273333e+01	-7.694575e-02	3.436831e+00
4.276667e+01	-8.603939e-02	3.402973e+00
4.280000e+01	-9.111946e-02	3.384058e+00
4.283333e+01	-9.260576e-02	3.378524e+00
4.286667e+01	-9.520430e-02	3.368849e+00
4.290000e+01	-1.022184e-01	3.342733e+00
4.293333e+01	-1.113338e-01	3.308793e+00
4.296667e+01	-1.170866e-01	3.287374e+00
43	-1.157500e-01	3.292350e+00
4.303333e+01	-1.073686e-01	3.323557e+00
4.306667e+01	-9.557846e-02	3.367456e+00
4.310000e+01	-8.590815e-02	3.403461e+00
4.313333e+01	-8.214150e-02	3.417486e+00
4.316667e+01	-8.369017e-02	3.411720e+00
4.320000e+01	-8.691298e-02	3.399720e+00
4.323333e+01	-8.862755e-02	3.393336e+00
4.326667e+01	-8.789847e-02	3.396051e+00
4.330000e+01	-8.468905e-02	3.408000e+00
4.333333e+01	-7.839783e-02	3.431425e+00
4.336667e+01	-6.939847e-02	3.464932e+00
4.340000e+01	-6.078374e-02	3.497008e+00
4.343333e+01	-5.626176e-02	3.513844e+00
4.346667e+01	-5.632282e-02	3.513617e+00
4.350000e+01	-5.713694e-02	3.510586e+00
4.353333e+01	-5.362508e-02	3.523662e+00
4.356667e+01	-4.456099e-02	3.557410e+00
4.360000e+01	-3.431685e-02	3.595553e+00
4.363333e+01	-2.855081e-02	3.617021e+00
4.366667e+01	-2.885427e-02	3.615892e+00
4.370000e+01	-3.224516e-02	3.603266e+00
4.373333e+01	-3.480881e-02	3.593721e+00
4.376667e+01	-3.493657e-02	3.593245e+00
4.380000e+01	-3.358153e-02	3.598290e+00
4.383333e+01	-3.244196e-02	3.602533e+00
4.386667e+01	-3.232321e-02	3.602976e+00
4.390000e+01	-3.288577e-02	3.600881e+00
4.393333e+01	-3.339736e-02	3.598976e+00
4.396667e+01	-3.347583e-02	3.598684e+00
44	-3.324224e-02	3.599554e+00
4.403333e+01	-3.301269e-02	3.600408e+00
4.406667e+01	-3.296659e-02	3.600580e+00
4.410000e+01	-3.306285e-02	3.600222e+00
4.413333e+01	-3.316542e-02	3.599840e+00
4.416667e+01	-3.319072e-02	3.599746e+00
4.420000e+01	-3.315141e-02	3.599892e+00
4.423333e+01	-3.310579e-02	3.600062e+00
4.426667e+01	-3.309251e-02	3.600111e+00
4.430000e+01	-3.310839e-02	3.600052e+00
4.433333e+01	-3.312859e-02	3.599977e+00
4.436667e+01	-3.313535e-02	3.599952e+00
4.440000e+01	-3.312901e-02	3.599975e+00
4.443333e+01	-3.312011e-02	3.600008e+00
4.446667e+01	-3.311674e-02	3.600021e+00
4.450000e+01	-3.311923e-02	3.600012e+00
4.453333e+01	-3.312314e-02	3.599997e+00
4.456667e+01	-3.312479e-02	3.599991e+00
4.460000e+01	-3.312383e-02	3.599995e+00
4.463333e+01	-3.312212e-02	3.600001e+00
4.466667e+01	-3.312133e-02	3.600004e+00
4.470000e+01	-3.312169e-02	3.600003e+00
4.473333e+01	-3.312243e-02	3.600000e+00
4.476667e+01	-3.340782e-02	3.598937e+00
4.480000e+01	-3.501654e-02	3.592947e+00
4.483333e+01	-3.863538e-02	3.579473e+00
4.486667e+01	-4.226496e-02	3.565959e+00
4.490000e+01	-4.228291e-02	3.565892e+00
4.493333e+01	-3.787654e-02	3.582299e+00
4.496667e+01	-3.221445e-02	3.603380e+00
45	-2.879082e-02	3.616128e+00
4.503333e+01	-2.823811e-02	3.618186e+00
4.506667e+01	-2.874967e-02	3.616281e+00
4.510000e+01	-2.842663e-02	3.617484e+00
4.513333e+01	-2.680400e-02	3.623525e+00
4.516667e+01	-2.462540e-02	3.631637e+00
4.520000e+01	-2.275599e-02	3.638597e+00
4.523333e+01	-2.145219e-02	3.643452e+00
4.526667e+01	-2.041676e-02	3.647307e+00
4.530000e+01	-1.926664e-02	3.651589e+00
4.533333e+01	-1.787108e-02	3.656785e+00
4.536667e+01	-1.634814e-02	3.662456e+00
4.540000e+01	-1.486650e-02	3.667973e+00
4.543333e+01	-1.349102e-02	3.673094e+00
4.546667e+01	-1.217542e-02	3.677992e+00
4.550000e+01	-1.084573e-02	3.682943e+00
4.553333e+01	-9.470322e-03	3.688064e+00
4.556667e+01	-8.066995e-03	3.693289e+00
4.560000e+01	-6.668053e-03	3.698498e+00
4.563333e+01	-5.288703e-03	3.703634e+00
4.566667e+01	-3.922275e-03	3.708721e+00
4.570000e+01	-2.554722e-03	3.713813e+00
4.573333e+01	-1.178815e-03	3.718936e+00
4.576667e+01	2.030325e-04	3.724081e+00
4.580000e+01	1.584739e-03	3.729226e+00
4.583333e+01	2.962903e-03	3.734357e+00
4.586667e+01	4.338353e-03	3.739478e+00
4.590000e+01	5.713709e-03	3.744599e+00
4.593333e+01	7.090559e-03	3.749726e+00
4.596667e+01	8.468642e-03	3.754857e+00
46	9.846834e-03	3.759988e+00
4.603333e+01	1.122440e-02	3.765117e+00
4.606667e+01	1.260141e-02	3.770244e+00
4.610000e+01	1.397834e-02	3.775371e+00
4.613333e+01	1.534092e-02	3.780445e+00
4.616667e+01	1.662124e-02	3.785212e+00
4.620000e+01	1.770139e-02	3.789233e+00
4.623333e+01	1.822778e-02	3.791193e+00
4.626667e+01	1.694333e-02	3.786411e+00
4.630000e+01	1.197666e-02	3.767918e+00
4.633333e+01	3.366034e-03	3.735858e+00
4.636667e+01	-5.679393e-03	3.702179e+00
4.640000e+01	-1.227933e-02	3.677605e+00
4.643333e+01	-1.774221e-02	3.657265e+00
4.646667e+01	-2.625229e-02	3.625580e+00
4.650000e+01	-4.074968e-02	3.571601e+00
4.653333e+01	-6.048956e-02	3.498103e+00
4.656667e+01	-8.143042e-02	3.420133e+00
4.660000e+01	-9.897625e-02	3.354805e+00
4.663333e+01	-1.105331e-01	3.311775e+00
4.666667e+01	-1.158397e-01	3.292017e+00
4.670000e+01	-1.163620e-01	3.290072e+00
4.673333e+01	-1.146395e-01	3.296485e+00
4.676667e+01	-1.130694e-01	3.302331e+00
4.680000e+01	-1.127349e-01	3.303577e+00
4.683333e+01	-1.133139e-01	3.301421e+00
4.686667e+01	-1.139436e-01	3.299076e+00
4.690000e+01	-1.143906e-01	3.297412e+00
4.693333e+01	-1.160519e-01	3.291226e+00
4.696667e+01	-1.212901e-01	3.271723e+00
47	-1.303510e-01	3.237986e+00
4.703333e+01	-1.396206e-01	3.203473e+00
4.706667e+01	-1.446226e-01	3.184848e+00
4.710000e+01	-1.442768e-01	3.186136e+00
4.713333e+01	-1.412917e-01	3.197250e+00
4.716667e+01	-1.390718e-01	3.205516e+00
4.720000e+01	-1.389808e-01	3.205855e+00
4.723333e+01	-1.401662e-01	3.201441e+00
4.726667e+01	-1.411508e-01	3.197775e+00
4.730000e+01	-1.412454e-01	3.197423e+00
4.733333e+01	-1.407532e-01	3.199255e+00
4.736667e+01	-1.403112e-01	3.200901e+00
4.740000e+01	-1.402469e-01	3.201141e+00
4.743333e+01	-1.401665e-01	3.201440e+00
4.746667e+01	-1.384521e-01	3.207823e+00
4.750000e+01	-1.328322e-01	3.228748e+00
4.753333e+01	-1.230922e-01	3.265013e+00
4.756667e+01	-1.127058e-01	3.303685e+00
4.760000e+01	-1.060700e-01	3.328392e+00
4.763333e+01	-1.044324e-01	3.334490e+00
4.766667e+01	-1.053858e-01	3.330940e+00
4.770000e+01	-1.057262e-01	3.329672e+00
4.773333e+01	-1.040902e-01	3.335764e+00
4.776667e+01	-1.012141e-01	3.346472e+00
4.780000e+01	-9.848123e-02	3.356648e+00
4.783333e+01	-9.657222e-02	3.363756e+00
4.786667e+01	-9.523071e-02	3.368750e+00
4.790000e+01	-9.386211e-02	3.373846e+00
4.793333e+01	-9.216392e-02	3.380169e+00
4.796667e+01	-9.031381e-02	3.387058e+00
48	-8.872092e-02	3.392988e+00
4.803333e+01	-8.764355e-02	3.397000e+00
4.806667e+01	-8.705382e-02	3.399196e+00
4.810000e+01	-8.679524e-02	3.400158e+00
4.813333e+01	-8.673529e-02	3.400382e+00
4.816667e+01	-8.677661e-02	3.400228e+00
4.820000e+01	-8.683783e-02	3.400000e+00
4.823333e+01	-8.686809e-02	3.399887e+00
4.826667e+01	-8.657572e-02	3.400976e+00
4.830000e+01	-8.465989e-02	3.408109e+00
4.833333e+01	-7.941881e-02	3.427623e+00
4.836667e+01	-7.217204e-02	3.454605e+00
4.840000e+01	-6.851888e-02	3.468207e+00
4.843333e+01	-7.278704e-02	3.452316e+00
4.846667e+01	-8.234891e-02	3.416714e+00
4.850000e+01	-9.017304e-02	3.387582e+00
4.853333e+01	-9.194943e-02	3.380968e+00
4.856667e+01	-8.907263e-02	3.391679e+00
4.860000e+01	-8.602234e-02	3.403036e+00
4.863333e+01	-8.688574e-02	3.399821e+00
4.866667e+01	-9.348491e-02	3.375251e+00
4.870000e+01	-1.037896e-01	3.336883e+00
4.873333e+01	-1.115868e-01	3.307851e+00
4.876667e+01	-1.105273e-01	3.311796e+00
4.880000e+01	-1.003634e-01	3.349640e+00
4.883333e+01	-8.798731e-02	3.395720e+00
4.886667e+01	-8.110693e-02	3.421338e+00
4.890000e+01	-8.170111e-02	3.419126e+00
4.893333e+01	-8.594203e-02	3.403335e+00
4.896667e+01	-8.900593e-02	3.391927e+00
49	-8.875499e-02	3.392862e+00
4.903333e+01	-8.514523e-02	3.406302e+00
4.906667e+01	-7.826283e-02	3.431927e+00
4.910000e+01	-6.902856e-02	3.466310e+00
4.913333e+01	-6.028500e-02	3.498865e+00
4.916667e+01	-5.412803e-02	3.521789e+00
4.920000e+01	-4.907503e-02	3.540603e+00
4.923333e+01	-4.258054e-02	3.564784e+00
4.926667e+01	-3.529349e-02	3.591916e+00
4.930000e+01	-3.043707e-02	3.609998e+00
4.933333e+01	-2.977759e-02	3.612454e+00
4.936667e+01	-3.188859e-02	3.604594e+00
4.940000e+01	-3.399702e-02	3.596743e+00
4.943333e+01	-3.450308e-02	3.594859e+00
4.946667e+01	-3.371337e-02	3.597799e+00
4.950000e+01	-3.283391e-02	3.601074e+00
4.953333e+01	-3.269213e-02	3.601602e+00
4.956667e+01	-3.325559e-02	3.599504e+00
4.960000e+01	-3.397149e-02	3.596838e+00
4.963333e+01	-3.437913e-02	3.595321e+00
4.966667e+01	-3.445736e-02	3.595029e+00
4.970000e+01	-3.450659e-02	3.594846e+00
4.973333e+01	-3.479079e-02	3.593788e+00
4.976667e+01	-3.532215e-02	3.591809e+00
4.980000e+01	-3.593129e-02	3.589541e+00
4.983333e+01	-3.646300e-02	3.587562e+00
4.986667e+01	-3.688807e-02	3.585979e+00
4.990000e+01	-3.727275e-02	3.584547e+00
4.993333e+01	-3.768674e-02	3.583005e+00
4.996667e+01	-3.814708e-02	3.581291e+00
50	-3.862710e-02	3.579504e+00
5.003333e+01	-3.909588e-02	3.577759e+00
5.006667e+01	-3.954446e-02	3.576088e+00
5.010000e+01	-3.998358e-02	3.574453e+00
5.013333e+01	-4.042692e-02	3.572803e+00
5.016667e+01	-4.087905e-02	3.571119e+00
5.020000e+01	-4.133567e-02	3.569419e+00
5.023333e+01	-4.179076e-02	3.567725e+00
5.026667e+01	-4.224205e-02	3.566044e+00
5.030000e+01	-4.269122e-02	3.564372e+00
5.033333e+01	-4.314092e-02	3.562698e+00
5.036667e+01	-4.359225e-02	3.561017e+00
5.040000e+01	-4.404458e-02	3.559333e+00
5.043333e+01	-4.449674e-02	3.557650e+00
5.046667e+01	-4.494820e-02	3.555969e+00
5.050000e+01	-4.539919e-02	3.554289e+00
5.053333e+01	-4.585024e-02	3.552610e+00
5.056667e+01	-4.630158e-02	3.550930e+00
5.060000e+01	-4.675313e-02	3.549248e+00
5.063333e+01	-4.720468e-02	3.547567e+00
5.066667e+01	-4.765610e-02	3.545886e+00
5.070000e+01	-4.810742e-02	3.544206e+00
5.073333e+01	-4.855874e-02	3.542525e+00
5.076667e+01	-4.901011e-02	3.540845e+00
5.080000e+01	-4.946153e-02	3.539164e+00
5.083333e+01	-4.991295e-02	3.537483e+00
5.086667e+01	-5.036435e-02	3.535802e+00
5.090000e+01	-5.081573e-02	3.534122e+00
5.093333e+01	-5.126711e-02	3.532441e+00
5.096667e+01	-5.171849e-02	3.530761e+00
51	-5.216989e-02	3.529080e+00
5.103333e+01	-5.262128e-02	3.527399e+00
5.106667e+01	-5.307268e-02	3.525719e+00
5.110000e+01	-5.352406e-02	3.524038e+00
5.113333e+01	-5.397545e-02	3.522357e+00
5.116667e+01	-5.442684e-02	3.520677e+00
5.120000e+01	-5.487823e-02	3.518996e+00
5.123333e+01	-5.532962e-02	3.517315e+00
5.126667e+01	-5.578101e-02	3.515634e+00
5.130000e+01	-5.623240e-02	3.513954e+00
5.133333e+01	-5.668379e-02	3.512273e+00
5.136667e+01	-5.713518e-02	3.510592e+00
5.140000e+01	-5.758657e-02	3.508912e+00
5.143333e+01	-5.803796e-02	3.507231e+00
5.146667e+01	-5.848935e-02	3.505550e+00
5.150000e+01	-5.894074e-02	3.503870e+00
5.153333e+01	-5.939213e-02	3.502189e+00
5.156667e+01	-5.984352e-02	3.500508e+00
5.160000e+01	-6.029491e-02	3.498828e+00
5.163333e+01	-6.074630e-02	3.497147e+00
5.166667e+01	-6.119769e-02	3.495466e+00
5.170000e+01	-6.164908e-02	3.493786e+00
5.173333e+01	-6.210047e-02	3.492105e+00
5.176667e+01	-6.255186e-02	3.490424e+00
5.180000e+01	-6.300325e-02	3.488744e+00
5.183333e+01	-6.345464e-02	3.487063e+00
5.186667e+01	-6.390603e-02	3.485382e+00
5.190000e+01	-6.435742e-02	3.483702e+00
5.193333e+01	-6.480881e-02	3.482021e+00
5.196667e+01	-6.526020e-02	3.480340e+00
52	-6.571159e-02	3.478660e+00
5.203333e+01	-6.616299e-02	3.476979e+00
5.206667e+01	-6.661438e-02	3.475298e+00
5.210000e+01	-6.706577e-02	3.473618e+00
5.213333e+01	-6.751716e-02	3.471937e+00
5.216667e+01	-6.796855e-02	3.470256e+00
5.220000e+01	-6.841994e-02	3.468576e+00
5.223333e+01	-6.887133e-02	3.466895e+00
5.226667e+01	-6.932272e-02	3.465214e+00
5.230000e+01	-6.977411e-02	3.463534e+00
5.233333e+01	-7.022550e-02	3.461853e+00
5.236667e+01	-7.067689e-02	3.460172e+00
5.240000e+01	-7.112828e-02	3.458492e+00
5.243333e+01	-7.157967e-02	3.456811e+00
5.246667e+01	-7.203106e-02	3.455130e+00
5.250000e+01	-7.248245e-02	3.453450e+00
5.253333e+01	-7.293384e-02	3.451769e+00
5.256667e+01	-7.338523e-02	3.450088e+00
5.260000e+01	-7.383662e-02	3.448408e+00
5.263333e+01	-7.428801e-02	3.446727e+00
5.266667e+01	-7.473940e-02	3.445046e+00
5.270000e+01	-7.519079e-02	3.443366e+00
5.273333e+01	-7.564218e-02	3.441685e+00
5.276667e+01	-7.609357e-02	3.440004e+00
5.280000e+01	-7.654496e-02	3.438324e+00
5.283333e+01	-7.699635e-02	3.436643e+00
5.286667e+01	-7.744774e-02	3.434962e+00
5.290000e+01	-7.789913e-02	3.433282e+00
5.293333e+01	-7.835052e-02	3.431601e+00
5.296667e+01	-7.880191e-02	3.429920e+00
53	-7.925330e-02	3.428240e+00
5.303333e+01	-7.970469e-02	3.426559e+00
5.306667e+01	-8.015608e-02	3.424878e+00
5.310000e+01	-8.060747e-02	3.423198e+00
5.313333e+01	-8.105886e-02	3.421517e+00
5.316667e+01	-8.151025e-02	3.419836e+00
5.320000e+01	-8.196164e-02	3.418155e+00
5.323333e+01	-8.241303e-02	3.416475e+00
5.326667e+01	-8.286442e-02	3.414794e+00
5.330000e+01	-8.331581e-02	3.413113e+00
5.333333e+01	-8.376720e-02	3.411433e+00
5.336667e+01	-8.421859e-02	3.409752e+00
5.340000e+01	-8.466998e-02	3.408071e+00
5.343333e+01	-8.512137e-02	3.406391e+00
5.346667e+01	-8.557276e-02	3.404710e+00
5.350000e+01	-8.601936e-02	3.403047e+00
5.353333e+01	-8.643413e-02	3.401503e+00
5.356667e+01	-8.704126e-02	3.399242e+00
5.360000e+01	-8.938858e-02	3.390503e+00
5.363333e+01	-9.680972e-02	3.362871e+00
5.366667e+01	-1.113978e-01	3.308555e+00
5.370000e+01	-1.302246e-01	3.238457e+00
5.373333e+01	-1.483414e-01	3.171002e+00
5.376667e+01	-1.657794e-01	3.106075e+00
5.380000e+01	-1.862692e-01	3.029785e+00
5.383333e+01	-2.086550e-01	2.946435e+00
5.386667e+01	-2.253445e-01	2.884294e+00
5.390000e+01	-2.305394e-01	2.864952e+00
5.393333e+01	-2.263858e-01	2.880417e+00
5.396667e+01	-2.201555e-01	2.903615e+00
54	-2.174512e-01	2.913684e+00
5.403333e+01	-2.188054e-01	2.908642e+00
5.406667e+01	-2.214054e-01	2.898961e+00
5.410000e+01	-2.223914e-01	2.895290e+00
5.413333e+01	-2.200048e-01	2.904176e+00
5.416667e+01	-2.133725e-01	2.928870e+00
5.420000e+01	-2.033473e-01	2.966197e+00
5.423333e+01	-1.924535e-01	3.006758e+00
5.426667e+01	-1.822582e-01	3.044719e+00
5.430000e+01	-1.718885e-01	3.083328e+00
5.433333e+01	-1.600892e-01	3.127261e+00
5.436667e+01	-1.477393e-01	3.173244e+00
5.440000e+01	-1.369978e-01	3.213238e+00
5.443333e+01	-1.286835e-01	3.244195e+00
5.446667e+01	-1.239119e-01	3.261961e+00
5.450000e+01	-1.285329e-01	3.244756e+00
5.453333e+01	-1.496717e-01	3.166049e+00
5.456667e+01	-1.842448e-01	3.037322e+00
5.460000e+01	-2.162517e-01	2.918150e+00
5.463333e+01	-2.301899e-01	2.866253e+00
5.466667e+01	-2.246593e-01	2.886846e+00
5.470000e+01	-2.109215e-01	2.937996e+00
5.473333e+01	-2.009572e-01	2.975096e+00
5.476667e+01	-1.986363e-01	2.983738e+00
5.480000e+01	-2.002790e-01	2.977622e+00
5.483333e+01	-2.007081e-01	2.976024e+00
5.486667e+01	-1.979130e-01	2.986431e+00
5.490000e+01	-1.932754e-01	3.003698e+00
5.493333e+01	-1.890430e-01	3.019457e+00
5.496667e+01	-1.861922e-01	3.030071e+00
55	-1.841966e-01	3.037502e+00
5.503333e+01	-1.820773e-01	3.045392e+00
5.506667e+01	-1.793665e-01	3.055485e+00
5.510000e+01	-1.762607e-01	3.067050e+00
5.513333e+01	-1.731849e-01	3.078502e+00
5.516667e+01	-1.703611e-01	3.089016e+00
5.520000e+01	-1.677187e-01	3.098854e+00
5.523333e+01	-1.650739e-01	3.108702e+00
5.526667e+01	-1.623222e-01	3.118947e+00
5.530000e+01	-1.594878e-01	3.129500e+00
5.533333e+01	-1.566498e-01	3.140067e+00
5.536667e+01	-1.538567e-01	3.150467e+00
5.540000e+01	-1.511012e-01	3.160726e+00
5.543333e+01	-1.483493e-01	3.170972e+00
5.546667e+01	-1.455787e-01	3.181289e+00
5.550000e+01	-1.427910e-01	3.191668e+00
5.553333e+01	-1.400009e-01	3.202056e+00
5.556667e+01	-1.372186e-01	3.212416e+00
5.560000e+01	-1.344439e-01	3.222747e+00
5.563333e+01	-1.316707e-01	3.233073e+00
5.566667e+01	-1.288943e-01	3.243410e+00
5.570000e+01	-1.261144e-01	3.253760e+00
5.573333e+01	-1.233338e-01	3.264114e+00
5.576667e+01	-1.205544e-01	3.274462e+00
5.580000e+01	-1.177766e-01	3.284805e+00
5.583333e+01	-1.149992e-01	3.295146e+00
5.586667e+01	-1.122213e-01	3.305489e+00
5.590000e+01	-1.094427e-01	3.315835e+00
5.593333e+01	-1.066639e-01	3.326181e+00
5.596667e+01	-1.038853e-01	3.336527e+00
56	-1.011070e-01	3.346871e+00
5.603333e+01	-9.832878e-02	3.357215e+00
5.606667e+01	-9.555049e-02	3.367560e+00
5.610000e+01	-9.277208e-02	3.377905e+00
5.613333e+01	-8.999362e-02	3.388250e+00
5.616667e+01	-8.721519e-02	3.398595e+00
5.620000e+01	-8.443681e-02	3.408940e+00
5.623333e+01	-8.165846e-02	3.419284e+00
5.626667e+01	-7.888010e-02	3.429629e+00
5.630000e+01	-7.610171e-02	3.439974e+00
5.633333e+01	-7.332332e-02	3.450319e+00
5.636667e+01	-7.054492e-02	3.460664e+00
5.640000e+01	-6.776654e-02	3.471008e+00
5.643333e+01	-6.501764e-02	3.481243e+00
5.646667e+01	-6.246467e-02	3.490749e+00
5.650000e+01	-6.048199e-02	3.498131e+00
5.653333e+01	-5.973014e-02	3.500931e+00
5.656667e+01	-6.153630e-02	3.494206e+00
5.660000e+01	-6.746651e-02	3.472126e+00
5.663333e+01	-7.698644e-02	3.436680e+00
5.666667e+01	-8.623396e-02	3.402248e+00
5.670000e+01	-9.067760e-02	3.385703e+00
5.673333e+01	-8.823738e-02	3.394789e+00
5.676667e+01	-7.973880e-02	3.426432e+00
5.680000e+01	-6.849108e-02	3.468311e+00
5.683333e+01	-5.931532e-02	3.502475e+00
5.686667e+01	-5.590006e-02	3.515191e+00
5.690000e+01	-5.904971e-02	3.503464e+00
5.693333e+01	-6.736682e-02	3.472497e+00
5.696667e+01	-7.784264e-02	3.433492e+00
57	-8.626117e-02	3.402147e+00
5.703333e+01	-8.947623e-02	3.390176e+00
5.706667e+01	-8.774801e-02	3.396611e+00
5.710000e+01	-8.408242e-02	3.410259e+00
5.713333e+01	-8.140676e-02	3.420221e+00
5.716667e+01	-8.059498e-02	3.423244e+00
5.720000e+01	-8.071388e-02	3.422801e+00
5.723333e+01	-8.051393e-02	3.423546e+00
5.726667e+01	-7.953264e-02	3.427199e+00
5.730000e+01	-7.811954e-02	3.432461e+00
5.733333e+01	-7.681600e-02	3.437314e+00
5.736667e+01	-7.584759e-02	3.440920e+00
5.740000e+01	-7.508002e-02	3.443778e+00
5.743333e+01	-7.427723e-02	3.446767e+00
5.746667e+01	-7.333068e-02	3.450291e+00
5.750000e+01	-7.229108e-02	3.454162e+00
5.753333e+01	-7.126114e-02	3.457997e+00
5.756667e+01	-7.029259e-02	3.461603e+00
5.760000e+01	-6.936688e-02	3.465050e+00
5.763333e+01	-6.843950e-02	3.468503e+00
5.766667e+01	-6.748605e-02	3.472053e+00
5.770000e+01	-6.651300e-02	3.475676e+00
5.773333e+01	-6.553955e-02	3.479300e+00
5.776667e+01	-6.457710e-02	3.482884e+00
5.780000e+01	-6.363375e-02	3.486396e+00
5.783333e+01	-6.275872e-02	3.489654e+00
5.786667e+01	-6.234061e-02	3.491211e+00
5.790000e+01	-6.373892e-02	3.486005e+00
5.793333e+01	-6.882507e-02	3.467067e+00
5.796667e+01	-7.745793e-02	3.434924e+00
58	-8.610899e-02	3.402714e+00
5.803333e+01	-9.066708e-02	3.385742e+00
5.806667e+01	-9.025557e-02	3.387274e+00
5.810000e+01	-8.746330e-02	3.397671e+00
5.813333e+01	-8.543806e-02	3.405212e+00
5.816667e+01	-8.539350e-02	3.405378e+00
5.820000e+01	-8.650489e-02	3.401239e+00
5.823333e+01	-8.740444e-02	3.397890e+00
5.826667e+01	-8.775947e-02	3.396568e+00
5.830000e+01	-8.919085e-02	3.391239e+00
5.833333e+01	-9.458434e-02	3.371157e+00
5.836667e+01	-1.055691e-01	3.330257e+00
5.840000e+01	-1.204502e-01	3.274850e+00
5.843333e+01	-1.355105e-01	3.218776e+00
5.846667e+01	-1.500124e-01	3.164780e+00
5.850000e+01	-1.684047e-01	3.096300e+00
5.853333e+01	-1.931981e-01	3.003986e+00
5.856667e+01	-2.176878e-01	2.912803e+00
5.860000e+01	-2.313665e-01	2.861873e+00
5.863333e+01	-2.311318e-01	2.862746e+00
5.866667e+01	-2.235544e-01	2.890960e+00
5.870000e+01	-2.175169e-01	2.913439e+00
5.873333e+01	-2.169418e-01	2.915580e+00
5.876667e+01	-2.198621e-01	2.904707e+00
5.880000e+01	-2.222103e-01	2.895964e+00
5.883333e+01	-2.215067e-01	2.898584e+00
5.886667e+01	-2.178835e-01	2.912074e+00
5.890000e+01	-2.129806e-01	2.930329e+00
5.893333e+01	-2.083353e-01	2.947625e+00
5.896667e+01	-2.044800e-01	2.961980e+00
59	-2.010738e-01	2.974662e+00
5.903333e+01	-1.975748e-01	2.987690e+00
5.906667e+01	-1.937524e-01	3.001922e+00
5.910000e+01	-1.897322e-01	3.016891e+00
5.913333e+01	-1.857431e-01	3.031743e+00
5.916667e+01	-1.818926e-01	3.046080e+00
5.920000e+01	-1.781330e-01	3.060078e+00
5.923333e+01	-1.743651e-01	3.074108e+00
5.926667e+01	-1.705379e-01	3.088357e+00
5.930000e+01	-1.666689e-01	3.102763e+00
5.933333e+01	-1.628011e-01	3.117164e+00
5.936667e+01	-1.589585e-01	3.131471e+00
5.940000e+01	-1.551349e-01	3.145707e+00
5.943333e+01	-1.513120e-01	3.159942e+00
5.946667e+01	-1.474784e-01	3.174215e+00
5.950000e+01	-1.436362e-01	3.188521e+00
5.953333e+01	-1.397932e-01	3.202830e+00
5.956667e+01	-1.359546e-01	3.217122e+00
5.960000e+01	-1.321200e-01	3.231400e+00
5.963333e+01	-1.282859e-01	3.245675e+00
5.966667e+01	-1.244500e-01	3.259957e+00
5.970000e+01	-1.206123e-01	3.274246e+00
5.973333e+01	-1.167743e-01	3.288537e+00
5.976667e+01	-1.129370e-01	3.302824e+00
5.980000e+01	-1.091006e-01	3.317108e+00
5.983333e+01	-1.052643e-01	3.331392e+00
5.986667e+01	-1.014277e-01	3.345677e+00
5.990000e+01	-9.759073e-02	3.359963e+00
5.993333e+01	-9.375368e-02	3.374250e+00
5.996667e+01	-8.991676e-02	3.388536e+00
60	-8.607999e-02	3.402822e+00
6.003333e+01	-8.224328e-02	3.417107e+00
6.006667e+01	-7.840651e-02	3.431392e+00
6.010000e+01	-7.456968e-02	3.445678e+00
6.013333e+01	-7.073282e-02	3.459964e+00
6.016667e+01	-6.665168e-02	3.475159e+00
6.020000e+01	-6.123228e-02	3.495338e+00
6.023333e+01	-5.298130e-02	3.526059e+00
6.026667e+01	-4.269167e-02	3.564370e+00
6.030000e+01	-3.528912e-02	3.591932e+00
6.033333e+01	-3.649773e-02	3.587432e+00
6.036667e+01	-4.654850e-02	3.550010e+00
6.040000e+01	-5.877102e-02	3.504502e+00
6.043333e+01	-6.560810e-02	3.479045e+00
6.046667e+01	-6.507166e-02	3.481042e+00
6.050000e+01	-6.090094e-02	3.496571e+00
6.053333e+01	-5.785825e-02	3.507900e+00
6.056667e+01	-5.751493e-02	3.509179e+00
6.060000e+01	-5.730551e-02	3.509958e+00
6.063333e+01	-5.315104e-02	3.525427e+00
6.066667e+01	-4.410941e-02	3.559092e+00
6.070000e+01	-3.451625e-02	3.594810e+00
6.073333e+01	-3.091753e-02	3.608209e+00
6.076667e+01	-3.674112e-02	3.586526e+00
6.080000e+01	-4.912447e-02	3.540419e+00
6.083333e+01	-6.102649e-02	3.496104e+00
6.086667e+01	-6.820436e-02	3.469378e+00
6.090000e+01	-7.393206e-02	3.448052e+00
6.093333e+01	-8.484087e-02	3.407435e+00
6.096667e+01	-1.027748e-01	3.340661e+00
61	-1.233793e-01	3.263944e+00
6.103333e+01	-1.427457e-01	3.191837e+00
6.106667e+01	-1.625415e-01	3.118130e+00
6.110000e+01	-1.859687e-01	3.030903e+00
6.113333e+01	-2.101332e-01	2.940931e+00
6.116667e+01	-2.267467e-01	2.879074e+00
6.120000e+01	-2.308507e-01	2.863793e+00
6.123333e+01	-2.258437e-01	2.882436e+00
6.126667e+01	-2.195504e-01	2.905868e+00
6.130000e+01	-2.172845e-01	2.914304e+00
6.133333e+01	-2.190214e-01	2.907837e+00
6.136667e+01	-2.216715e-01	2.897970e+00
6.140000e+01	-2.227614e-01	2.893912e+00
6.143333e+01	-2.220971e-01	2.896386e+00
6.146667e+01	-2.206620e-01	2.901729e+00
6.150000e+01	-2.182456e-01	2.910726e+00
6.153333e+01	-2.129847e-01	2.930314e+00
6.156667e+01	-2.040575e-01	2.963553e+00
6.160000e+01	-1.932375e-01	3.003839e+00
6.163333e+01	-1.827512e-01	3.042883e+00
6.166667e+01	-1.737785e-01	3.076291e+00
6.170000e+01	-1.673760e-01	3.100130e+00
6.173333e+01	-1.642586e-01	3.111737e+00
6.176667e+01	-1.632717e-01	3.115412e+00
6.180000e+01	-1.617366e-01	3.121127e+00
6.183333e+01	-1.577291e-01	3.136049e+00
6.186667e+01	-1.514967e-01	3.159254e+00
6.190000e+01	-1.446863e-01	3.184611e+00
6.193333e+01	-1.386489e-01	3.207091e+00
6.196667e+01	-1.335631e-01	3.226027e+00
62	-1.287951e-01	3.243779e+00
6.203333e+01	-1.237343e-01	3.262622e+00
6.206667e+01	-1.182602e-01	3.283004e+00
6.210000e+01	-1.126289e-01	3.303971e+00
6.213333e+01	-1.071119e-01	3.324513e+00
6.216667e+01	-1.017757e-01	3.344381e+00
6.220000e+01	-9.628803e-02	3.364814e+00
6.223333e+01	-8.952624e-02	3.389990e+00
6.226667e+01	-8.016891e-02	3.424830e+00
6.230000e+01	-6.897355e-02	3.466514e+00
6.233333e+01	-5.959729e-02	3.501425e+00
6.236667e+01	-5.552626e-02	3.516583e+00
6.240000e+01	-5.666303e-02	3.512350e+00
6.243333e+01	-5.976459e-02	3.500802e+00
6.246667e+01	-6.163682e-02	3.493831e+00
6.250000e+01	-6.139096e-02	3.494747e+00
6.253333e+01	-5.985507e-02	3.500465e+00
6.256667e+01	-5.711850e-02	3.510655e+00
6.260000e+01	-5.166012e-02	3.530978e+00
6.263333e+01	-4.304503e-02	3.563055e+00
6.266667e+01	-3.425365e-02	3.595788e+00
6.270000e+01	-2.937105e-02	3.613967e+00
6.273333e+01	-2.953489e-02	3.613357e+00
6.276667e+01	-3.230744e-02	3.603034e+00
6.280000e+01	-3.446479e-02	3.595002e+00
6.283333e+01	-3.462938e-02	3.594389e+00
6.286667e+01	-3.353804e-02	3.598452e+00
6.290000e+01	-3.258516e-02	3.602000e+00
6.293333e+01	-3.246130e-02	3.602461e+00
6.296667e+01	-3.291196e-02	3.600783e+00
63	-3.333824e-02	3.599196e+00
6.303333e+01	-3.341406e-02	3.598914e+00
6.306667e+01	-3.322766e-02	3.599608e+00
6.310000e+01	-3.303688e-02	3.600318e+00
6.313333e+01	-3.299409e-02	3.600478e+00
6.316667e+01	-3.307057e-02	3.600193e+00
6.320000e+01	-3.315562e-02	3.599876e+00
6.323333e+01	-3.317852e-02	3.599791e+00
6.326667e+01	-3.314745e-02	3.599907e+00
6.330000e+01	-3.310971e-02	3.600047e+00
6.333333e+01	-3.309789e-02	3.600091e+00
6.336667e+01	-3.311036e-02	3.600045e+00
6.340000e+01	-3.312704e-02	3.599983e+00
6.343333e+01	-3.313299e-02	3.599960e+00
6.346667e+01	-3.312804e-02	3.599979e+00
6.350000e+01	-3.312071e-02	3.600006e+00
6.353333e+01	-3.340279e-02	3.598956e+00
6.356667e+01	-3.529857e-02	3.591897e+00
6.360000e+01	-4.081481e-02	3.571359e+00
6.363333e+01	-4.995902e-02	3.537312e+00
6.366667e+01	-5.913359e-02	3.503152e+00
6.370000e+01	-6.401272e-02	3.484985e+00
6.373333e+01	-6.362485e-02	3.486429e+00
6.376667e+01	-6.067765e-02	3.497403e+00
6.380000e+01	-5.851197e-02	3.505466e+00
6.383333e+01	-5.844173e-02	3.505728e+00
6.386667e+01	-5.961230e-02	3.501369e+00
6.390000e+01	-6.057317e-02	3.497792e+00
6.393333e+01	-6.094257e-02	3.496416e+00
6.396667e+01	-6.206500e-02	3.492237e+00
64	-6.525248e-02	3.480369e+00
6.403333e+01	-6.882283e-02	3.467076e+00
6.406667e+01	-6.905780e-02	3.466201e+00
6.410000e+01	-6.495700e-02	3.481469e+00
6.413333e+01	-5.968877e-02	3.501085e+00
6.416667e+01	-5.676548e-02	3.511969e+00
6.420000e+01	-5.651027e-02	3.512919e+00
6.423333e+01	-5.667036e-02	3.512323e+00
6.426667e+01	-5.531803e-02	3.517358e+00
6.430000e+01	-5.235900e-02	3.528376e+00
6.433333e+01	-4.875875e-02	3.541781e+00
6.436667e+01	-4.526677e-02	3.554782e+00
6.440000e+01	-4.199957e-02	3.566947e+00
6.443333e+01	-3.874247e-02	3.579075e+00
6.446667e+01	-3.533614e-02	3.591757e+00
6.450000e+01	-3.180689e-02	3.604898e+00
6.453333e+01	-2.827160e-02	3.618061e+00
6.456667e+01	-2.480510e-02	3.630968e+00
6.460000e+01	-2.139699e-02	3.643657e+00
6.463333e+01	-1.799511e-02	3.656324e+00
6.466667e+01	-1.456425e-02	3.669098e+00
6.470000e+01	-1.110684e-02	3.681971e+00
6.473333e+01	-7.645220e-03	3.694860e+00
6.476667e+01	-4.195611e-03	3.707704e+00
6.480000e+01	-7.579208e-04	3.720503e+00
6.483333e+01	2.677306e-03	3.733294e+00
6.486667e+01	6.117475e-03	3.746103e+00
6.490000e+01	9.562966e-03	3.758931e+00
6.493333e+01	1.300980e-02	3.771765e+00
6.496667e+01	1.645462e-02	3.784591e+00
65	1.989707e-02	3.797409e+00
6.503333e+01	2.333883e-02	3.810223e+00
6.506667e+01	2.678139e-02	3.823041e+00
6.510000e+01	3.022500e-02	3.835863e+00
6.513333e+01	3.366897e-02	3.848686e+00
6.516667e+01	3.711261e-02	3.861508e+00
6.520000e+01	4.055580e-02	3.874328e+00
6.523333e+01	4.399880e-02	3.887147e+00
6.526667e+01	4.744194e-02	3.899967e+00
6.530000e+01	5.088527e-02	3.912788e+00
6.533333e+01	5.432869e-02	3.925609e+00
6.536667e+01	5.777207e-02	3.938430e+00
6.540000e+01	6.117881e-02	3.951114e+00
6.543333e+01	6.437925e-02	3.963030e+00
6.546667e+01	6.707917e-02	3.973083e+00
6.550000e+01	6.910752e-02	3.980635e+00
6.553333e+01	7.063118e-02	3.986308e+00
6.556667e+01	7.199729e-02	3.991395e+00
6.560000e+01	7.332776e-02	3.996348e+00
6.563333e+01	7.436493e-02	4.000210e+00
6.566667e+01	7.451596e-02	4.000772e+00
6.570000e+01	7.249200e-02	3.993237e+00
6.573333e+01	6.663923e-02	3.971445e+00
6.576667e+01	5.749861e-02	3.937411e+00
6.580000e+01	4.971839e-02	3.908443e+00
6.583333e+01	4.895591e-02	3.905604e+00
6.586667e+01	5.599833e-02	3.931825e+00
6.590000e+01	6.526376e-02	3.966324e+00
6.593333e+01	6.982908e-02	3.983322e+00
6.596667e+01	6.724009e-02	3.973682e+00
66	6.032846e-02	3.947948e+00
6.603333e+01	5.353676e-02	3.922660e+00
6.606667e+01	4.918371e-02	3.906452e+00
6.610000e+01	4.668940e-02	3.897165e+00
6.613333e+01	4.427878e-02	3.888190e+00
6.616667e+01	4.087416e-02	3.875513e+00
6.620000e+01	3.664036e-02	3.859749e+00
6.623333e+01	3.232616e-02	3.843686e+00
6.626667e+01	2.842668e-02	3.829167e+00
6.630000e+01	2.490036e-02	3.816037e+00
6.633333e+01	2.142871e-02	3.803111e+00
6.636667e+01	1.778461e-02	3.789543e+00
6.640000e+01	1.397290e-02	3.775351e+00
6.643333e+01	1.012863e-02	3.761038e+00
6.646667e+01	6.355503e-03	3.746989e+00
6.650000e+01	2.657318e-03	3.733219e+00
6.653333e+01	-1.022854e-03	3.719517e+00
6.656667e+01	-4.732114e-03	3.705706e+00
6.660000e+01	-8.474730e-03	3.691771e+00
6.663333e+01	-1.222685e-02	3.677801e+00
6.666667e+01	-1.596720e-02	3.663874e+00
6.670000e+01	-1.969277e-02	3.650003e+00
6.673333e+01	-2.341349e-02	3.636149e+00
6.676667e+01	-2.713891e-02	3.622278e+00
6.680000e+01	-3.087085e-02	3.608383e+00
6.683333e+01	-3.460521e-02	3.594479e+00
6.686667e+01	-3.833772e-02	3.580582e+00
6.690000e+01	-4.206737e-02	3.566695e+00
6.693333e+01	-4.579583e-02	3.552813e+00
6.696667e+01	-4.952500e-02	3.538928e+00
67	-5.321585e-02	3.525185e+00
6.703333e+01	-5.721425e-02	3.510298e+00
6.706667e+01	-6.394939e-02	3.485221e+00
6.710000e+01	-7.826134e-02	3.431933e+00
6.713333e+01	-1.027474e-01	3.340763e+00
6.716667e+01	-1.334682e-01	3.226380e+00
6.720000e+01	-1.629242e-01	3.116705e+00
6.723333e+01	-1.852191e-01	3.033694e+00
6.726667e+01	-1.974916e-01	2.988000e+00
6.730000e+01	-2.004714e-01	2.976905e+00
6.733333e+01	-1.993345e-01	2.981138e+00
6.736667e+01	-2.011409e-01	2.974412e+00
6.740000e+01	-2.089499e-01	2.945337e+00
6.743333e+01	-2.190878e-01	2.907590e+00
6.746667e+01	-2.254547e-01	2.883884e+00
6.750000e+01	-2.256815e-01	2.883040e+00
6.753333e+01	-2.223659e-01	2.895385e+00
6.756667e+01	-2.195587e-01	2.905837e+00
6.760000e+01	-2.191967e-01	2.907185e+00
6.763333e+01	-2.205077e-01	2.902303e+00
6.766667e+01	-2.217478e-01	2.897686e+00
6.770000e+01	-2.219712e-01	2.896854e+00
6.773333e+01	-2.213234e-01	2.899266e+00
6.776667e+01	-2.200422e-01	2.904037e+00
6.780000e+01	-2.177968e-01	2.912397e+00
6.783333e+01	-2.143913e-01	2.925077e+00
6.786667e+01	-2.102706e-01	2.940420e+00
6.790000e+01	-2.055018e-01	2.958175e+00
6.793333e+01	-1.990862e-01	2.982063e+00
6.796667e+01	-1.901068e-01	3.015496e+00
68	-1.790246e-01	3.056759e+00
6.803333e+01	-1.673556e-01	3.100206e+00
6.806667e+01	-1.563552e-01	3.141164e+00
6.810000e+01	-1.462376e-01	3.178835e+00
6.813333e+01	-1.364528e-01	3.215267e+00
6.816667e+01	-1.264303e-01	3.252584e+00
6.820000e+01	-1.160299e-01	3.291308e+00
6.823333e+01	-1.055774e-01	3.330226e+00
6.826667e+01	-9.565843e-02	3.367158e+00
6.830000e+01	-8.641516e-02	3.401574e+00
6.833333e+01	-7.714656e-02	3.436084e+00
6.836667e+01	-6.745839e-02	3.472156e+00
6.840000e+01	-5.793465e-02	3.507616e+00
6.843333e+01	-4.890085e-02	3.541252e+00
6.846667e+01	-4.038358e-02	3.572964e+00
6.850000e+01	-3.359178e-02	3.598252e+00
6.853333e+01	-3.030371e-02	3.610495e+00
6.856667e+01	-3.063369e-02	3.609266e+00
6.860000e+01	-3.263910e-02	3.601799e+00
6.863333e+01	-3.381229e-02	3.597431e+00
6.866667e+01	-3.197172e-02	3.604284e+00
6.870000e+01	-2.568138e-02	3.627705e+00
6.873333e+01	-1.589700e-02	3.664136e+00
6.876667e+01	-6.661919e-03	3.698521e+00
6.880000e+01	-2.102849e-03	3.715496e+00
6.883333e+01	-2.777427e-03	3.712984e+00
6.886667e+01	-5.765827e-03	3.701857e+00
6.890000e+01	-8.083448e-03	3.693228e+00
6.893333e+01	-9.918836e-03	3.686394e+00
6.896667e+01	-1.423666e-02	3.670318e+00
69	-2.247351e-02	3.639649e+00
6.903333e+01	-3.162199e-02	3.605586e+00
6.906667e+01	-3.700881e-02	3.585530e+00
6.910000e+01	-3.707200e-02	3.585294e+00
6.913333e+01	-3.428435e-02	3.595674e+00
6.916667e+01	-3.214831e-02	3.603627e+00
6.920000e+01	-3.221838e-02	3.603366e+00
6.923333e+01	-3.371660e-02	3.597787e+00
6.926667e+01	-3.512335e-02	3.592550e+00
6.930000e+01	-3.569905e-02	3.590406e+00
6.933333e+01	-3.573765e-02	3.590262e+00
6.936667e+01	-3.587567e-02	3.589749e+00
6.940000e+01	-3.642042e-02	3.587720e+00
6.943333e+01	-3.723278e-02	3.584696e+00
6.946667e+01	-3.802083e-02	3.581761e+00
6.950000e+01	-3.863422e-02	3.579478e+00
6.953333e+01	-3.912341e-02	3.577656e+00
6.956667e+01	-3.961547e-02	3.575824e+00
6.960000e+01	-4.018156e-02	3.573716e+00
6.963333e+01	-4.080443e-02	3.571397e+00
6.966667e+01	-4.142933e-02	3.569070e+00
6.970000e+01	-4.202304e-02	3.566860e+00
6.973333e+01	-4.259096e-02	3.564745e+00
6.976667e+01	-4.315655e-02	3.562639e+00
6.980000e+01	-4.373522e-02	3.560485e+00
6.983333e+01	-4.432554e-02	3.558287e+00
6.986667e+01	-4.491749e-02	3.556083e+00
6.990000e+01	-4.550401e-02	3.553899e+00
6.993333e+01	-4.608530e-02	3.551735e+00
6.996667e+01	-4.666559e-02	3.549574e+00
70	-4.724813e-02	3.547405e+00
7.003333e+01	-4.783301e-02	3.545227e+00
7.006667e+01	-4.841844e-02	3.543048e+00
7.010000e+01	-4.900295e-02	3.540871e+00
7.013333e+01	-4.958642e-02	3.538699e+00
7.016667e+01	-5.016960e-02	3.536528e+00
7.020000e+01	-5.075315e-02	3.534355e+00
7.023333e+01	-5.133716e-02	3.532180e+00
7.026667e+01	-5.192132e-02	3.530005e+00
7.030000e+01	-5.250534e-02	3.527831e+00
7.033333e+01	-5.308914e-02	3.525657e+00
7.036667e+01	-5.367288e-02	3.523484e+00
7.040000e+01	-5.425667e-02	3.521310e+00
7.043333e+01	-5.484055e-02	3.519136e+00
7.046667e+01	-5.542447e-02	3.516962e+00
7.050000e+01	-5.600837e-02	3.514788e+00
7.053333e+01	-5.659223e-02	3.512614e+00
7.056667e+01	-5.717607e-02	3.510440e+00
7.060000e+01	-5.775991e-02	3.508266e+00
7.063333e+01	-5.834378e-02	3.506092e+00
7.066667e+01	-5.892146e-02	3.503942e+00
7.070000e+01	-5.945796e-02	3.501944e+00
7.073333e+01	-5.987461e-02	3.500393e+00
7.076667e+01	-6.009249e-02	3.499581e+00
7.080000e+01	-6.011092e-02	3.499513e+00
7.083333e+01	-6.002325e-02	3.499839e+00
7.086667e+01	-6.022901e-02	3.499073e+00
7.090000e+01	-6.210770e-02	3.492078e+00
7.093333e+01	-6.765264e-02	3.471433e+00
7.096667e+01	-7.711389e-02	3.436205e+00
71	-8.819105e-02	3.394961e+00
7.103333e+01	-9.857171e-02	3.356311e+00
7.106667e+01	-1.073126e-01	3.323766e+00
7.110000e+01	-1.135363e-01	3.300593e+00
7.113333e+01	-1.162557e-01	3.290467e+00
7.116667e+01	-1.158045e-01	3.292147e+00
7.120000e+01	-1.140298e-01	3.298755e+00
7.123333e+01	-1.125376e-01	3.304311e+00
7.126667e+01	-1.106548e-01	3.311322e+00
7.130000e+01	-1.058249e-01	3.329305e+00
7.133333e+01	-9.721230e-02	3.361372e+00
7.136667e+01	-8.806331e-02	3.395437e+00
7.140000e+01	-8.289931e-02	3.414664e+00
7.143333e+01	-8.285109e-02	3.414844e+00
7.146667e+01	-8.446345e-02	3.408840e+00
7.150000e+01	-8.293159e-02	3.414544e+00
7.153333e+01	-7.682369e-02	3.437286e+00
7.156667e+01	-6.965225e-02	3.463987e+00
7.160000e+01	-6.644638e-02	3.475924e+00
7.163333e+01	-6.917165e-02	3.465777e+00
7.166667e+01	-7.569065e-02	3.441504e+00
7.170000e+01	-8.239488e-02	3.416542e+00
7.173333e+01	-8.721758e-02	3.398586e+00
7.176667e+01	-9.044928e-02	3.386553e+00
7.180000e+01	-9.348765e-02	3.375240e+00
7.183333e+01	-9.727870e-02	3.361125e+00
7.186667e+01	-1.017717e-01	3.344396e+00
7.190000e+01	-1.063840e-01	3.327223e+00
7.193333e+01	-1.106858e-01	3.311206e+00
7.196667e+01	-1.146742e-01	3.296356e+00
72	-1.185948e-01	3.281758e+00
7.203333e+01	-1.226430e-01	3.266686e+00
7.206667e+01	-1.268310e-01	3.251092e+00
7.210000e+01	-1.310556e-01	3.235363e+00
7.213333e+01	-1.352282e-01	3.219827e+00
7.216667e+01	-1.393387e-01	3.204522e+00
7.220000e+01	-1.434303e-01	3.189288e+00
7.223333e+01	-1.475428e-01	3.173976e+00
7.226667e+01	-1.516827e-01	3.158561e+00
7.230000e+01	-1.558322e-01	3.143111e+00
7.233333e+01	-1.599734e-01	3.127692e+00
7.236667e+01	-1.641025e-01	3.112318e+00
7.240000e+01	-1.682269e-01	3.096962e+00
7.243333e+01	-1.723545e-01	3.081594e+00
7.246667e+01	-1.764874e-01	3.066205e+00
7.250000e+01	-1.806226e-01	3.050809e+00
7.253333e+01	-1.847566e-01	3.035416e+00
7.256667e+01	-1.888883e-01	3.020033e+00
7.260000e+01	-1.930188e-01	3.004654e+00
7.263333e+01	-1.971498e-01	2.989272e+00
7.266667e+01	-2.012819e-01	2.973887e+00
7.270000e+01	-2.054144e-01	2.958501e+00
7.273333e+01	-2.095468e-01	2.943114e+00
7.276667e+01	-2.136349e-01	2.927893e+00
7.280000e+01	-2.174314e-01	2.913758e+00
7.283333e+01	-2.203798e-01	2.902780e+00
7.286667e+01	-2.219218e-01	2.897038e+00
7.290000e+01	-2.220523e-01	2.896552e+00
7.293333e+01	-2.214320e-01	2.898862e+00
7.296667e+01	-2.208711e-01	2.900950e+00
73	-2.207637e-01	2.901350e+00
7.303333e+01	-2.209895e-01	2.900510e+00
7.306667e+01	-2.212262e-01	2.899628e+00
7.310000e+01	-2.212828e-01	2.899417e+00
7.313333e+01	-2.211916e-01	2.899757e+00
7.316667e+01	-2.210874e-01	2.900145e+00
7.320000e+01	-2.210579e-01	2.900255e+00
7.323333e+01	-2.210950e-01	2.900117e+00
7.326667e+01	-2.211411e-01	2.899945e+00
7.330000e+01	-2.211137e-01	2.900047e+00
7.333333e+01	-2.207744e-01	2.901311e+00
7.336667e+01	-2.196084e-01	2.905652e+00
7.340000e+01	-2.170936e-01	2.915015e+00
7.343333e+01	-2.132256e-01	2.929417e+00
7.346667e+01	-2.086338e-01	2.946514e+00
7.350000e+01	-2.040945e-01	2.963415e+00
7.353333e+01	-1.999881e-01	2.978704e+00
7.356667e+01	-1.962028e-01	2.992798e+00
7.360000e+01	-1.924301e-01	3.006845e+00
7.363333e+01	-1.884857e-01	3.021532e+00
7.366667e+01	-1.843990e-01	3.036748e+00
7.370000e+01	-1.802988e-01	3.052014e+00
7.373333e+01	-1.762699e-01	3.067015e+00
7.376667e+01	-1.723050e-01	3.081778e+00
7.380000e+01	-1.683492e-01	3.096507e+00
7.383333e+01	-1.643637e-01	3.111346e+00
7.386667e+01	-1.603496e-01	3.126292e+00
7.390000e+01	-1.563300e-01	3.141258e+00
7.393333e+01	-1.523226e-01	3.156179e+00
7.396667e+01	-1.483280e-01	3.171052e+00
74	-1.443365e-01	3.185913e+00
7.403333e+01	-1.403400e-01	3.200794e+00
7.406667e+01	-1.363378e-01	3.215695e+00
7.410000e+01	-1.323340e-01	3.230603e+00
7.413333e+01	-1.283322e-01	3.245503e+00
7.416667e+01	-1.243329e-01	3.260394e+00
7.420000e+01	-1.203344e-01	3.275281e+00
7.423333e+01	-1.163352e-01	3.290172e+00
7.426667e+01	-1.123348e-01	3.305066e+00
7.430000e+01	-1.083340e-01	3.319963e+00
7.433333e+01	-1.043335e-01	3.334858e+00
7.436667e+01	-1.003335e-01	3.349751e+00
7.440000e+01	-9.633377e-02	3.364643e+00
7.443333e+01	-9.233386e-02	3.379536e+00
7.446667e+01	-8.833374e-02	3.394430e+00
7.450000e+01	-8.433353e-02	3.409324e+00
7.453333e+01	-8.033336e-02	3.424218e+00
7.456667e+01	-7.633328e-02	3.439112e+00
7.460000e+01	-7.233326e-02	3.454005e+00
7.463333e+01	-6.833321e-02	3.468899e+00
7.466667e+01	-6.433312e-02	3.483792e+00
7.470000e+01	-6.033301e-02	3.498686e+00
7.473333e+01	-5.633291e-02	3.513580e+00
7.476667e+01	-5.233283e-02	3.528473e+00
7.480000e+01	-4.837520e-02	3.543209e+00
7.483333e+01	-4.465719e-02	3.557052e+00
7.486667e+01	-4.147819e-02	3.568889e+00
7.490000e+01	-3.888224e-02	3.578554e+00
7.493333e+01	-3.657320e-02	3.587151e+00
7.496667e+01	-3.444561e-02	3.595073e+00
75	-3.289515e-02	3.600846e+00
7.503333e+01	-3.232991e-02	3.602951e+00
7.506667e+01	-3.260790e-02	3.601916e+00
7.510000e+01	-3.314036e-02	3.599933e+00
7.513333e+01	-3.341869e-02	3.598897e+00
7.516667e+01	-3.335675e-02	3.599127e+00
7.520000e+01	-3.324393e-02	3.599547e+00
7.523333e+01	-3.348294e-02	3.598657e+00
7.526667e+01	-3.430862e-02	3.595583e+00
7.530000e+01	-3.563925e-02	3.590629e+00
7.533333e+01	-3.716886e-02	3.584934e+00
7.536667e+01	-3.861446e-02	3.579551e+00
7.540000e+01	-3.988732e-02	3.574812e+00
7.543333e+01	-4.106935e-02	3.570411e+00
7.546667e+01	-4.227644e-02	3.565916e+00
7.550000e+01	-4.355457e-02	3.561157e+00
7.553333e+01	-4.487412e-02	3.556244e+00
7.556667e+01	-4.618542e-02	3.551362e+00
7.560000e+01	-4.746640e-02	3.546593e+00
7.563333e+01	-4.872824e-02	3.541894e+00
7.566667e+01	-4.999253e-02	3.537187e+00
7.570000e+01	-5.126979e-02	3.532431e+00
7.573333e+01	-5.255587e-02	3.527643e+00
7.576667e+01	-5.384142e-02	3.522856e+00
7.580000e+01	-5.512144e-02	3.518090e+00
7.583333e+01	-5.638384e-02	3.513390e+00
7.586667e+01	-5.755606e-02	3.509025e+00
7.590000e+01	-5.791164e-02	3.507701e+00
7.593333e+01	-5.469261e-02	3.519687e+00
7.596667e+01	-4.397078e-02	3.559608e+00
76	-2.592887e-02	3.626784e+00
7.603333e+01	-7.841086e-03	3.694130e+00
7.606667e+01	1.721398e-03	3.729735e+00
7.610000e+01	8.957296e-04	3.726660e+00
7.613333e+01	-4.932345e-03	3.704961e+00
7.616667e+01	-9.464558e-03	3.688086e+00
7.620000e+01	-1.146803e-02	3.680626e+00
7.623333e+01	-1.466312e-02	3.668730e+00
7.626667e+01	-2.192019e-02	3.641709e+00
7.630000e+01	-3.094185e-02	3.608119e+00
7.633333e+01	-3.707145e-02	3.585296e+00
7.636667e+01	-3.914085e-02	3.577591e+00
7.640000e+01	-3.992411e-02	3.574675e+00
7.643333e+01	-4.071350e-02	3.571736e+00
7.646667e+01	-3.848369e-02	3.580038e+00
7.650000e+01	-3.002028e-02	3.611550e+00
7.653333e+01	-1.715142e-02	3.659465e+00
7.656667e+01	-6.170114e-03	3.700352e+00
7.660000e+01	-2.175622e-03	3.715225e+00
7.663333e+01	-4.881598e-03	3.705150e+00
7.666667e+01	-9.948488e-03	3.686284e+00
7.670000e+01	-1.334965e-02	3.673620e+00
7.673333e+01	-1.410300e-02	3.670815e+00
7.676667e+01	-1.369385e-02	3.672339e+00
7.680000e+01	-1.387264e-02	3.671673e+00
7.683333e+01	-1.517912e-02	3.666809e+00
7.686667e+01	-1.703546e-02	3.659897e+00
7.690000e+01	-1.867538e-02	3.653791e+00
7.693333e+01	-1.982770e-02	3.649500e+00
7.696667e+01	-2.072066e-02	3.646176e+00
77	-2.169072e-02	3.642564e+00
7.703333e+01	-2.287141e-02	3.638168e+00
7.706667e+01	-2.417370e-02	3.633319e+00
7.710000e+01	-2.545021e-02	3.628566e+00
7.713333e+01	-2.663613e-02	3.624150e+00
7.716667e+01	-2.776548e-02	3.619945e+00
7.720000e+01	-2.890254e-02	3.615712e+00
7.723333e+01	-3.007838e-02	3.611334e+00
7.726667e+01	-3.128034e-02	3.606858e+00
7.730000e+01	-3.248051e-02	3.602390e+00
7.733333e+01	-3.366418e-02	3.597983e+00
7.736667e+01	-3.483586e-02	3.593620e+00
7.740000e+01	-3.600761e-02	3.589257e+00
7.743333e+01	-3.718636e-02	3.584868e+00
7.746667e+01	-3.837057e-02	3.580459e+00
7.750000e+01	-3.955506e-02	3.576049e+00
7.753333e+01	-4.073661e-02	3.571650e+00
7.756667e+01	-4.191568e-02	3.567260e+00
7.760000e+01	-4.309449e-02	3.562871e+00
7.763333e+01	-4.427453e-02	3.558477e+00
7.766667e+01	-4.545569e-02	3.554079e+00
7.770000e+01	-4.663702e-02	3.549681e+00
7.773333e+01	-4.781785e-02	3.545284e+00
7.776667e+01	-4.899816e-02	3.540889e+00
7.780000e+01	-5.017838e-02	3.536495e+00
7.783333e+01	-5.135881e-02	3.532100e+00
7.786667e+01	-5.253946e-02	3.527704e+00
7.790000e+01	-5.372017e-02	3.523308e+00
7.793333e+01	-5.490079e-02	3.518912e+00
7.796667e+01	-5.608132e-02	3.514516e+00
78	-5.726181e-02	3.510121e+00
7.803333e+01	-5.844234e-02	3.505725e+00
7.806667e+01	-5.962291e-02	3.501330e+00
7.810000e+01	-6.080350e-02	3.496934e+00
7.813333e+01	-6.198407e-02	3.492538e+00
7.816667e+01	-6.316463e-02	3.488143e+00
7.820000e+01	-6.434517e-02	3.483747e+00
7.823333e+01	-6.552572e-02	3.479352e+00
7.826667e+01	-6.670628e-02	3.474956e+00
7.830000e+01	-6.788685e-02	3.470561e+00
7.833333e+01	-6.906741e-02	3.466165e+00
7.836667e+01	-7.024797e-02	3.461769e+00
7.840000e+01	-7.142853e-02	3.457374e+00
7.843333e+01	-7.260908e-02	3.452978e+00
7.846667e+01	-7.378964e-02	3.448582e+00
7.850000e+01	-7.497020e-02	3.444187e+00
7.853333e+01	-7.615076e-02	3.439791e+00
7.856667e+01	-7.733132e-02	3.435396e+00
7.860000e+01	-7.851188e-02	3.431000e+00
7.863333e+01	-7.969244e-02	3.426604e+00
7.866667e+01	-8.087300e-02	3.422209e+00
7.870000e+01	-8.205355e-02	3.417813e+00
7.873333e+01	-8.323411e-02	3.413418e+00
7.876667e+01	-8.441467e-02	3.409022e+00
7.880000e+01	-8.559523e-02	3.404626e+00
7.883333e+01	-8.677579e-02	3.400231e+00
7.886667e+01	-8.795635e-02	3.395835e+00
7.890000e+01	-8.913691e-02	3.391440e+00
7.893333e+01	-9.031747e-02	3.387044e+00
7.896667e+01	-9.149802e-02	3.382648e+00
79	-9.267858e-02	3.378253e+00
7.903333e+01	-9.385914e-02	3.373857e+00
7.906667e+01	-9.503970e-02	3.369462e+00
7.910000e+01	-9.622026e-02	3.365066e+00
7.913333e+01	-9.740082e-02	3.360670e+00
7.916667e+01	-9.858138e-02	3.356275e+00
7.920000e+01	-9.976194e-02	3.351879e+00
7.923333e+01	-1.009425e-01	3.347484e+00
7.926667e+01	-1.021231e-01	3.343088e+00
7.930000e+01	-1.033036e-01	3.338692e+00
7.933333e+01	-1.044842e-01	3.334297e+00
7.936667e+01	-1.056647e-01	3.329901e+00
7.940000e+01	-1.068453e-01	3.325506e+00
7.943333e+01	-1.080258e-01	3.321110e+00
7.946667e+01	-1.091939e-01	3.316761e+00
7.950000e+01	-1.102912e-01	3.312675e+00
7.953333e+01	-1.112294e-01	3.309182e+00
7.956667e+01	-1.119956e-01	3.306329e+00
7.960000e+01	-1.126770e-01	3.303792e+00
7.963333e+01	-1.133050e-01	3.301454e+00
7.966667e+01	-1.137626e-01	3.299750e+00
7.970000e+01	-1.139294e-01	3.299129e+00
7.973333e+01	-1.138473e-01	3.299435e+00
7.976667e+01	-1.139752e-01	3.298959e+00
7.980000e+01	-1.157869e-01	3.292213e+00
7.983333e+01	-1.213222e-01	3.271603e+00
7.986667e+01	-1.305289e-01	3.237324e+00
7.990000e+01	-1.397418e-01	3.203021e+00
7.993333e+01	-1.446152e-01	3.184876e+00
7.996667e+01	-1.439159e-01	3.187480e+00
80	-1.390572e-01	3.205570e+00
8.003333e+01	-1.313800e-01	3.234155e+00
8.006667e+01	-1.218932e-01	3.269477e+00
8.010000e+01	-1.119796e-01	3.306389e+00
8.013333e+01	-1.023701e-01	3.342168e+00
8.016667e+01	-9.307040e-02	3.376794e+00
8.020000e+01	-8.498750e-02	3.406889e+00
8.023333e+01	-7.973251e-02	3.426455e+00
8.026667e+01	-7.762822e-02	3.434290e+00
8.030000e+01	-7.713592e-02	3.436123e+00
8.033333e+01	-7.630094e-02	3.439232e+00
8.036667e+01	-7.426353e-02	3.446818e+00
8.040000e+01	-7.144202e-02	3.457323e+00
8.043333e+01	-6.867796e-02	3.467615e+00
8.046667e+01	-6.640737e-02	3.476069e+00
8.050000e+01	-6.449336e-02	3.483196e+00
8.053333e+01	-6.257671e-02	3.490332e+00
8.056667e+01	-6.045256e-02	3.498241e+00
8.060000e+01	-5.816639e-02	3.506753e+00
8.063333e+01	-5.587227e-02	3.515295e+00
8.066667e+01	-5.366546e-02	3.523511e+00
8.070000e+01	-5.153210e-02	3.531455e+00
8.073333e+01	-4.940623e-02	3.539370e+00
8.076667e+01	-4.724384e-02	3.547421e+00
8.080000e+01	-4.504831e-02	3.555596e+00
8.083333e+01	-4.284773e-02	3.563789e+00
8.086667e+01	-4.066233e-02	3.571926e+00
8.090000e+01	-3.849180e-02	3.580008e+00
8.093333e+01	-3.632425e-02	3.588078e+00
8.096667e+01	-3.415045e-02	3.596172e+00
81	-3.197000e-02	3.604291e+00
8.103333e+01	-2.978792e-02	3.612415e+00
8.106667e+01	-2.760838e-02	3.620530e+00
8.110000e+01	-2.543181e-02	3.628634e+00
8.113333e+01	-2.325609e-02	3.636735e+00
8.116667e+01	-2.107935e-02	3.644840e+00
8.120000e+01	-1.890129e-02	3.652950e+00
8.123333e+01	-1.672279e-02	3.661061e+00
8.126667e+01	-1.454471e-02	3.669171e+00
8.130000e+01	-1.236721e-02	3.677278e+00
8.133333e+01	-1.021303e-02	3.685299e+00
8.136667e+01	-8.212243e-03	3.692748e+00
8.140000e+01	-6.658207e-03	3.698535e+00
8.143333e+01	-5.845372e-03	3.701561e+00
8.146667e+01	-6.061555e-03	3.700756e+00
8.150000e+01	-8.282415e-03	3.692487e+00
8.153333e+01	-1.437611e-02	3.669798e+00
8.156667e+01	-2.546941e-02	3.628494e+00
8.160000e+01	-4.032371e-02	3.573187e+00
8.163333e+01	-5.611609e-02	3.514387e+00
8.166667e+01	-7.038738e-02	3.461250e+00
0	0	0
0	0	0
0	0	0
