0	1.313957e-02	3.395025e+00
3.333333e-02	1.443092e-02	3.399352e+00
6.666667e-02	1.532334e-02	3.402343e+00
1.000000e-01	1.528426e-02	3.402212e+00
1.333333e-01	1.474023e-02	3.400389e+00
1.666667e-01	1.433453e-02	3.399029e+00
2.000000e-01	1.432890e-02	3.399010e+00
2.333333e-01	1.455876e-02	3.399780e+00
2.666667e-01	1.474328e-02	3.400399e+00
3.000000e-01	1.475600e-02	3.400441e+00
3.333333e-01	1.465943e-02	3.400118e+00
3.666667e-01	1.457590e-02	3.399838e+00
4.000000e-01	1.456580e-02	3.399804e+00
4.333333e-01	1.460610e-02	3.399939e+00
4.666667e-01	1.464372e-02	3.400065e+00
5.000000e-01	1.496680e-02	3.401148e+00
5.333333e-01	1.705440e-02	3.408143e+00
5.666667e-01	2.316312e-02	3.428614e+00
6.000000e-01	3.300142e-02	3.461582e+00
6.333333e-01	4.109877e-02	3.488716e+00
6.666667e-01	4.040352e-02	3.486386e+00
7.000000e-01	2.981664e-02	3.450910e+00
7.333333e-01	1.666077e-02	3.406824e+00
7.666667e-01	1.093193e-02	3.387627e+00
8.000000e-01	1.740829e-02	3.409329e+00
8.333333e-01	3.215399e-02	3.458742e+00
8.666667e-01	4.590326e-02	3.504816e+00
9.000000e-01	5.177461e-02	3.524491e+00
9.333333e-01	5.010611e-02	3.518899e+00
9.666667e-01	4.621504e-02	3.505860e+00
1	4.475496e-02	3.500968e+00
1.033333e+00	4.653550e-02	3.506934e+00
1.066667e+00	4.951954e-02	3.516934e+00
1.100000e+00	5.160378e-02	3.523918e+00
1.133333e+00	5.228723e-02	3.526208e+00
1.166667e+00	5.238400e-02	3.526533e+00
1.200000e+00	5.282560e-02	3.528012e+00
1.233333e+00	5.387747e-02	3.531537e+00
1.266667e+00	5.521143e-02	3.536007e+00
1.300000e+00	5.641536e-02	3.540042e+00
1.333333e+00	5.735380e-02	3.543186e+00
1.366667e+00	5.815794e-02	3.545881e+00
1.400000e+00	5.900953e-02	3.548735e+00
1.433333e+00	5.997614e-02	3.551974e+00
1.466667e+00	6.100608e-02	3.555425e+00
1.500000e+00	6.201952e-02	3.558821e+00
1.533333e+00	6.298335e-02	3.562051e+00
1.566667e+00	6.391758e-02	3.565182e+00
1.600000e+00	6.485712e-02	3.568330e+00
1.633333e+00	6.581796e-02	3.571550e+00
1.666667e+00	6.679252e-02	3.574815e+00
1.700000e+00	6.776561e-02	3.578076e+00
1.733333e+00	6.872960e-02	3.581307e+00
1.766667e+00	6.968728e-02	3.584516e+00
1.800000e+00	7.064522e-02	3.587726e+00
1.833333e+00	7.160702e-02	3.590949e+00
1.866667e+00	7.256150e-02	3.594147e+00
1.900000e+00	7.344815e-02	3.597118e+00
1.933333e+00	7.413557e-02	3.599422e+00
1.966667e+00	7.449398e-02	3.600623e+00
2	7.452342e-02	3.600722e+00
2.033333e+00	7.437862e-02	3.600236e+00
2.066667e+00	7.424830e-02	3.599800e+00
2.100000e+00	7.422369e-02	3.599717e+00
2.133333e+00	7.427645e-02	3.599894e+00
2.166667e+00	7.433146e-02	3.600078e+00
2.200000e+00	7.434447e-02	3.600122e+00
2.233333e+00	7.432314e-02	3.600051e+00
2.266667e+00	7.429891e-02	3.599969e+00
2.300000e+00	7.429214e-02	3.599947e+00
2.333333e+00	7.430079e-02	3.599976e+00
2.366667e+00	7.431153e-02	3.600012e+00
2.400000e+00	7.431499e-02	3.600023e+00
2.433333e+00	7.462820e-02	3.601073e+00
2.466667e+00	7.672775e-02	3.608108e+00
2.500000e+00	8.285160e-02	3.628629e+00
2.533333e+00	9.301162e-02	3.662676e+00
2.566667e+00	1.032085e-01	3.696845e+00
2.600000e+00	1.086321e-01	3.715020e+00
2.633333e+00	1.082014e-01	3.713576e+00
2.666667e+00	1.049255e-01	3.702599e+00
2.700000e+00	1.025181e-01	3.694532e+00
2.733333e+00	1.024399e-01	3.694270e+00
2.766667e+00	1.037411e-01	3.698630e+00
2.800000e+00	1.048092e-01	3.702209e+00
2.833333e+00	1.052197e-01	3.703585e+00
2.866667e+00	1.067833e-01	3.708824e+00
2.900000e+00	1.124290e-01	3.727743e+00
2.933333e+00	1.225216e-01	3.761563e+00
2.966667e+00	1.329414e-01	3.796480e+00
3	1.385799e-01	3.815374e+00
3.033333e+00	1.381897e-01	3.814067e+00
3.066667e+00	1.351384e-01	3.803842e+00
3.100000e+00	1.347393e-01	3.802505e+00
3.133333e+00	1.407640e-01	3.822694e+00
3.166667e+00	1.522615e-01	3.861222e+00
3.200000e+00	1.635672e-01	3.899107e+00
3.233333e+00	1.690958e-01	3.917633e+00
3.266667e+00	1.681097e-01	3.914329e+00
3.300000e+00	1.643359e-01	3.901683e+00
3.333333e+00	1.618567e-01	3.893375e+00
3.366667e+00	1.620094e-01	3.893887e+00
3.400000e+00	1.635342e-01	3.898996e+00
3.433333e+00	1.646452e-01	3.902719e+00
3.466667e+00	1.646438e-01	3.902714e+00
3.500000e+00	1.640031e-01	3.900568e+00
3.533333e+00	1.638161e-01	3.899941e+00
3.566667e+00	1.658933e-01	3.906902e+00
3.600000e+00	1.722884e-01	3.928332e+00
3.633333e+00	1.826753e-01	3.963138e+00
3.666667e+00	1.928943e-01	3.997382e+00
3.700000e+00	1.982044e-01	4.015176e+00
3.733333e+00	1.976713e-01	4.013390e+00
3.766667e+00	1.943802e-01	4.002361e+00
3.800000e+00	1.920201e-01	3.994452e+00
3.833333e+00	1.919878e-01	3.994344e+00
3.866667e+00	1.932980e-01	3.998735e+00
3.900000e+00	1.940300e-01	4.001187e+00
3.933333e+00	1.919990e-01	3.994382e+00
3.966667e+00	1.853278e-01	3.972026e+00
4	1.746972e-01	3.936403e+00
4.033333e+00	1.644455e-01	3.902050e+00
4.066667e+00	1.592503e-01	3.884641e+00
4.100000e+00	1.598930e-01	3.886795e+00
4.133333e+00	1.632039e-01	3.897890e+00
4.166667e+00	1.655166e-01	3.905639e+00
4.200000e+00	1.654998e-01	3.905583e+00
4.233333e+00	1.641785e-01	3.901155e+00
4.266667e+00	1.631493e-01	3.897706e+00
4.300000e+00	1.630978e-01	3.897534e+00
4.333333e+00	1.636494e-01	3.899382e+00
4.366667e+00	1.644301e-01	3.901999e+00
4.400000e+00	1.665816e-01	3.909208e+00
4.433333e+00	1.724765e-01	3.928962e+00
4.466667e+00	1.824259e-01	3.962302e+00
4.500000e+00	1.925890e-01	3.996359e+00
4.533333e+00	1.981076e-01	4.014852e+00
4.566667e+00	1.977714e-01	4.013725e+00
4.600000e+00	1.945151e-01	4.002813e+00
4.633333e+00	1.920686e-01	3.994615e+00
4.666667e+00	1.919482e-01	3.994212e+00
4.700000e+00	1.932387e-01	3.998536e+00
4.733333e+00	1.943228e-01	4.002169e+00
4.766667e+00	1.944354e-01	4.002546e+00
4.800000e+00	1.935836e-01	3.999692e+00
4.833333e+00	1.909930e-01	3.991011e+00
4.866667e+00	1.847931e-01	3.970235e+00
4.900000e+00	1.748566e-01	3.936938e+00
4.933333e+00	1.648800e-01	3.903506e+00
4.966667e+00	1.595009e-01	3.885481e+00
5	1.598396e-01	3.886616e+00
5.033333e+00	1.630170e-01	3.897263e+00
5.066667e+00	1.654000e-01	3.905249e+00
5.100000e+00	1.655158e-01	3.905637e+00
5.133333e+00	1.642584e-01	3.901423e+00
5.166667e+00	1.632031e-01	3.897887e+00
5.200000e+00	1.630941e-01	3.897521e+00
5.233333e+00	1.636154e-01	3.899268e+00
5.266667e+00	1.640887e-01	3.900855e+00
5.300000e+00	1.641609e-01	3.901096e+00
5.333333e+00	1.639444e-01	3.900371e+00
5.366667e+00	1.637320e-01	3.899659e+00
5.400000e+00	1.636895e-01	3.899517e+00
5.433333e+00	1.637788e-01	3.899816e+00
5.466667e+00	1.638737e-01	3.900134e+00
5.500000e+00	1.638970e-01	3.900212e+00
5.533333e+00	1.638606e-01	3.900090e+00
5.566667e+00	1.638183e-01	3.899948e+00
5.600000e+00	1.638061e-01	3.899907e+00
5.633333e+00	1.638208e-01	3.899957e+00
5.666667e+00	1.638395e-01	3.900019e+00
5.700000e+00	1.638458e-01	3.900040e+00
5.733333e+00	1.638399e-01	3.900021e+00
5.766667e+00	1.638316e-01	3.899993e+00
5.800000e+00	1.638285e-01	3.899983e+00
5.833333e+00	1.638308e-01	3.899990e+00
5.866667e+00	1.638345e-01	3.900002e+00
5.900000e+00	1.635193e-01	3.898946e+00
5.933333e+00	1.614141e-01	3.891892e+00
5.966667e+00	1.552869e-01	3.871360e+00
6	1.451276e-01	3.837316e+00
6.033333e+00	1.349331e-01	3.803154e+00
6.066667e+00	1.295110e-01	3.784985e+00
6.100000e+00	1.299416e-01	3.786428e+00
6.133333e+00	1.332164e-01	3.797402e+00
6.166667e+00	1.356231e-01	3.805466e+00
6.200000e+00	1.357013e-01	3.805729e+00
6.233333e+00	1.344006e-01	3.801370e+00
6.266667e+00	1.333328e-01	3.797792e+00
6.300000e+00	1.332390e-01	3.797477e+00
6.333333e+00	1.337795e-01	3.799288e+00
6.366667e+00	1.342592e-01	3.800896e+00
6.400000e+00	1.343253e-01	3.801117e+00
6.433333e+00	1.341003e-01	3.800363e+00
6.466667e+00	1.338847e-01	3.799641e+00
6.500000e+00	1.338447e-01	3.799507e+00
6.533333e+00	1.339376e-01	3.799818e+00
6.566667e+00	1.340341e-01	3.800142e+00
6.600000e+00	1.340565e-01	3.800217e+00
6.633333e+00	1.340184e-01	3.800089e+00
6.666667e+00	1.339755e-01	3.799945e+00
6.700000e+00	1.339636e-01	3.799905e+00
6.733333e+00	1.339790e-01	3.799957e+00
6.766667e+00	1.339980e-01	3.800021e+00
6.800000e+00	1.340042e-01	3.800041e+00
6.833333e+00	1.339980e-01	3.800021e+00
6.866667e+00	1.339896e-01	3.799992e+00
6.900000e+00	1.339865e-01	3.799982e+00
6.933333e+00	1.339889e-01	3.799990e+00
6.966667e+00	1.339926e-01	3.800003e+00
7	1.339941e-01	3.800008e+00
7.033333e+00	1.339932e-01	3.800005e+00
7.066667e+00	1.339916e-01	3.799999e+00
7.100000e+00	1.339908e-01	3.799997e+00
7.133333e+00	1.339912e-01	3.799998e+00
7.166667e+00	1.339919e-01	3.800000e+00
7.200000e+00	1.339923e-01	3.800001e+00
7.233333e+00	1.339921e-01	3.800001e+00
7.266667e+00	1.339918e-01	3.800000e+00
7.300000e+00	1.339917e-01	3.799999e+00
7.333333e+00	1.339917e-01	3.800000e+00
7.366667e+00	1.339918e-01	3.800000e+00
7.400000e+00	1.339919e-01	3.800000e+00
7.433333e+00	1.339919e-01	3.800000e+00
7.466667e+00	1.339918e-01	3.800000e+00
7.500000e+00	1.339918e-01	3.800000e+00
7.533333e+00	1.339918e-01	3.800000e+00
7.566667e+00	1.336752e-01	3.798939e+00
7.600000e+00	1.315709e-01	3.791887e+00
7.633333e+00	1.254453e-01	3.771361e+00
7.666667e+00	1.152866e-01	3.737319e+00
7.700000e+00	1.050919e-01	3.703156e+00
7.733333e+00	9.966905e-02	3.684985e+00
7.766667e+00	9.978258e-02	3.685365e+00
7.800000e+00	1.009533e-01	3.689288e+00
7.833333e+00	9.723467e-02	3.676827e+00
7.866667e+00	8.715442e-02	3.643048e+00
7.900000e+00	7.565891e-02	3.604527e+00
7.933333e+00	6.916817e-02	3.582776e+00
7.966667e+00	6.950444e-02	3.583903e+00
8	7.331992e-02	3.596689e+00
8.033333e+00	7.620668e-02	3.606362e+00
8.066667e+00	7.635118e-02	3.606846e+00
8.100000e+00	7.482548e-02	3.601734e+00
8.133333e+00	7.354197e-02	3.597433e+00
8.166667e+00	7.340797e-02	3.596984e+00
8.200000e+00	7.404142e-02	3.599106e+00
8.233333e+00	7.461767e-02	3.601037e+00
8.266667e+00	7.470616e-02	3.601334e+00
8.300000e+00	7.444314e-02	3.600453e+00
8.333333e+00	7.418459e-02	3.599586e+00
8.366667e+00	7.413261e-02	3.599412e+00
8.400000e+00	7.424100e-02	3.599775e+00
8.433333e+00	7.435652e-02	3.600162e+00
8.466667e+00	7.438504e-02	3.600258e+00
8.500000e+00	7.434078e-02	3.600110e+00
8.533333e+00	7.428940e-02	3.599937e+00
8.566667e+00	7.427443e-02	3.599887e+00
8.600000e+00	7.429231e-02	3.599947e+00
8.633333e+00	7.431506e-02	3.600023e+00
8.666667e+00	7.432268e-02	3.600049e+00
8.700000e+00	7.431555e-02	3.600025e+00
8.733333e+00	7.430552e-02	3.599991e+00
8.766667e+00	7.430173e-02	3.599979e+00
8.800000e+00	7.430453e-02	3.599988e+00
8.833333e+00	7.430893e-02	3.600003e+00
8.866667e+00	7.431079e-02	3.600009e+00
8.900000e+00	7.430970e-02	3.600006e+00
8.933333e+00	7.430778e-02	3.599999e+00
8.966667e+00	7.430689e-02	3.599996e+00
9	7.430729e-02	3.599997e+00
9.033333e+00	7.430813e-02	3.600000e+00
9.066667e+00	7.430856e-02	3.600002e+00
9.100000e+00	7.399173e-02	3.598940e+00
9.133333e+00	7.188708e-02	3.591887e+00
9.166667e+00	6.576130e-02	3.571360e+00
9.200000e+00	5.560270e-02	3.537318e+00
9.233333e+00	4.540808e-02	3.503156e+00
9.266667e+00	3.998536e-02	3.484985e+00
9.300000e+00	4.041555e-02	3.486426e+00
9.333333e+00	4.369046e-02	3.497401e+00
9.366667e+00	4.609740e-02	3.505466e+00
9.400000e+00	4.617581e-02	3.505729e+00
9.433333e+00	4.487510e-02	3.501370e+00
9.466667e+00	4.380719e-02	3.497792e+00
9.500000e+00	4.371325e-02	3.497477e+00
9.533333e+00	4.425374e-02	3.499288e+00
9.566667e+00	4.473351e-02	3.500896e+00
9.600000e+00	4.511629e-02	3.502179e+00
9.633333e+00	4.699562e-02	3.508476e+00
9.666667e+00	5.290563e-02	3.528281e+00
9.700000e+00	6.302421e-02	3.562188e+00
9.733333e+00	7.331193e-02	3.596662e+00
9.766667e+00	7.883121e-02	3.615157e+00
9.800000e+00	7.842341e-02	3.613791e+00
9.833333e+00	7.511036e-02	3.602689e+00
9.866667e+00	7.266041e-02	3.594479e+00
9.900000e+00	7.257010e-02	3.594176e+00
9.933333e+00	7.388627e-02	3.598587e+00
9.966667e+00	7.497326e-02	3.602229e+00
10	7.507331e-02	3.602564e+00
1.003333e+01	7.452662e-02	3.600732e+00
1.006667e+01	7.403843e-02	3.599096e+00
1.010000e+01	7.396927e-02	3.598865e+00
1.013333e+01	7.419667e-02	3.599627e+00
1.016667e+01	7.441595e-02	3.600362e+00
1.020000e+01	7.445752e-02	3.600501e+00
1.023333e+01	7.436363e-02	3.600186e+00
1.026667e+01	7.426554e-02	3.599858e+00
1.030000e+01	7.424241e-02	3.599780e+00
1.033333e+01	7.428084e-02	3.599909e+00
1.036667e+01	7.432451e-02	3.600055e+00
1.040000e+01	7.433677e-02	3.600096e+00
1.043333e+01	7.432120e-02	3.600044e+00
1.046667e+01	7.430184e-02	3.599979e+00
1.050000e+01	7.429556e-02	3.599958e+00
1.053333e+01	7.430179e-02	3.599979e+00
1.056667e+01	7.431034e-02	3.600008e+00
1.060000e+01	7.431348e-02	3.600018e+00
1.063333e+01	7.431102e-02	3.600010e+00
1.066667e+01	7.430726e-02	3.599997e+00
1.070000e+01	7.430572e-02	3.599992e+00
1.073333e+01	7.430667e-02	3.599995e+00
1.076667e+01	7.430832e-02	3.600001e+00
1.080000e+01	7.430906e-02	3.600003e+00
1.083333e+01	7.430870e-02	3.600002e+00
1.086667e+01	7.430798e-02	3.600000e+00
1.090000e+01	7.430763e-02	3.599999e+00
1.093333e+01	7.430776e-02	3.599999e+00
1.096667e+01	7.430807e-02	3.600000e+00
11	7.430824e-02	3.600001e+00
1.103333e+01	7.430819e-02	3.600000e+00
1.106667e+01	7.430806e-02	3.600000e+00
1.110000e+01	7.430798e-02	3.600000e+00
1.113333e+01	7.430800e-02	3.600000e+00
1.116667e+01	7.430805e-02	3.600000e+00
1.120000e+01	7.430809e-02	3.600000e+00
1.123333e+01	7.430809e-02	3.600000e+00
1.126667e+01	7.430806e-02	3.600000e+00
1.130000e+01	7.399136e-02	3.598939e+00
1.133333e+01	7.188708e-02	3.591887e+00
1.136667e+01	6.607819e-02	3.572422e+00
1.140000e+01	5.770715e-02	3.544370e+00
1.143333e+01	5.153367e-02	3.523683e+00
1.146667e+01	5.014392e-02	3.519026e+00
1.150000e+01	5.061026e-02	3.520589e+00
1.153333e+01	4.911326e-02	3.515572e+00
1.156667e+01	4.566723e-02	3.504025e+00
1.160000e+01	4.290087e-02	3.494755e+00
1.163333e+01	4.246812e-02	3.493305e+00
1.166667e+01	4.372877e-02	3.497529e+00
1.170000e+01	4.501398e-02	3.501836e+00
1.173333e+01	4.532167e-02	3.502867e+00
1.176667e+01	4.482745e-02	3.501211e+00
1.180000e+01	4.425911e-02	3.499306e+00
1.183333e+01	4.409488e-02	3.498756e+00
1.186667e+01	4.429298e-02	3.499420e+00
1.190000e+01	4.454397e-02	3.500261e+00
1.193333e+01	4.462754e-02	3.500541e+00
1.196667e+01	4.454850e-02	3.500276e+00
12	4.443788e-02	3.499905e+00
1.203333e+01	4.439629e-02	3.499766e+00
1.206667e+01	4.442739e-02	3.499870e+00
1.210000e+01	4.447595e-02	3.500033e+00
1.213333e+01	4.449629e-02	3.500101e+00
1.216667e+01	4.448428e-02	3.500061e+00
1.220000e+01	4.446305e-02	3.499990e+00
1.223333e+01	4.445325e-02	3.499957e+00
1.226667e+01	4.445777e-02	3.499972e+00
1.230000e+01	4.446701e-02	3.500003e+00
1.233333e+01	4.447168e-02	3.500018e+00
1.236667e+01	4.447003e-02	3.500013e+00
1.240000e+01	4.446603e-02	3.500000e+00
1.243333e+01	4.446383e-02	3.499992e+00
1.246667e+01	4.446440e-02	3.499994e+00
1.250000e+01	4.446613e-02	3.500000e+00
1.253333e+01	4.446716e-02	3.500003e+00
1.256667e+01	4.446697e-02	3.500003e+00
1.260000e+01	4.446623e-02	3.500000e+00
1.263333e+01	4.446575e-02	3.499999e+00
1.266667e+01	4.446580e-02	3.499999e+00
1.270000e+01	4.446612e-02	3.500000e+00
1.273333e+01	4.446634e-02	3.500001e+00
1.276667e+01	4.446633e-02	3.500001e+00
1.280000e+01	4.446620e-02	3.500000e+00
1.283333e+01	4.446610e-02	3.500000e+00
1.286667e+01	4.446609e-02	3.500000e+00
1.290000e+01	4.446615e-02	3.500000e+00
1.293333e+01	4.446620e-02	3.500000e+00
1.296667e+01	4.446620e-02	3.500000e+00
13	4.446618e-02	3.500000e+00
1.303333e+01	4.446616e-02	3.500000e+00
1.306667e+01	4.446615e-02	3.500000e+00
1.310000e+01	4.446616e-02	3.500000e+00
1.313333e+01	4.446617e-02	3.500000e+00
1.316667e+01	4.446617e-02	3.500000e+00
1.320000e+01	4.446617e-02	3.500000e+00
1.323333e+01	4.446617e-02	3.500000e+00
1.326667e+01	4.446616e-02	3.500000e+00
1.330000e+01	4.446617e-02	3.500000e+00
1.333333e+01	4.446617e-02	3.500000e+00
1.336667e+01	4.446617e-02	3.500000e+00
1.340000e+01	4.446617e-02	3.500000e+00
1.343333e+01	4.446617e-02	3.500000e+00
1.346667e+01	4.446617e-02	3.500000e+00
1.350000e+01	4.446617e-02	3.500000e+00
1.353333e+01	4.446617e-02	3.500000e+00
1.356667e+01	4.446617e-02	3.500000e+00
1.360000e+01	4.446617e-02	3.500000e+00
1.363333e+01	4.446617e-02	3.500000e+00
1.366667e+01	4.446617e-02	3.500000e+00
1.370000e+01	4.446617e-02	3.500000e+00
1.373333e+01	4.446617e-02	3.500000e+00
1.376667e+01	4.446617e-02	3.500000e+00
1.380000e+01	4.446617e-02	3.500000e+00
1.383333e+01	4.446617e-02	3.500000e+00
1.386667e+01	4.446617e-02	3.500000e+00
1.390000e+01	4.446617e-02	3.500000e+00
1.393333e+01	4.446617e-02	3.500000e+00
1.396667e+01	4.446617e-02	3.500000e+00
14	4.446617e-02	3.500000e+00
1.403333e+01	4.446617e-02	3.500000e+00
1.406667e+01	4.414949e-02	3.498939e+00
1.410000e+01	4.204520e-02	3.491887e+00
1.413333e+01	3.591962e-02	3.471361e+00
1.416667e+01	2.576097e-02	3.437319e+00
1.420000e+01	1.556619e-02	3.403156e+00
1.423333e+01	1.014338e-02	3.384985e+00
1.426667e+01	1.057359e-02	3.386426e+00
1.430000e+01	1.384856e-02	3.397401e+00
1.433333e+01	1.625555e-02	3.405466e+00
1.436667e+01	1.633395e-02	3.405729e+00
1.440000e+01	1.503321e-02	3.401370e+00
1.443333e+01	1.396528e-02	3.397792e+00
1.446667e+01	1.387135e-02	3.397477e+00
1.450000e+01	1.441185e-02	3.399288e+00
1.453333e+01	1.489163e-02	3.400896e+00
1.456667e+01	1.495772e-02	3.401117e+00
1.460000e+01	1.473276e-02	3.400364e+00
1.463333e+01	1.451718e-02	3.399641e+00
1.466667e+01	1.447712e-02	3.399507e+00
1.470000e+01	1.457007e-02	3.399818e+00
1.473333e+01	1.466654e-02	3.400142e+00
1.476667e+01	1.468894e-02	3.400217e+00
1.480000e+01	1.465087e-02	3.400089e+00
1.483333e+01	1.460790e-02	3.399945e+00
1.486667e+01	1.459599e-02	3.399905e+00
1.490000e+01	1.461143e-02	3.399957e+00
1.493333e+01	1.463048e-02	3.400021e+00
1.496667e+01	1.463660e-02	3.400041e+00
15	1.463041e-02	3.400021e+00
1.503333e+01	1.462200e-02	3.399992e+00
1.506667e+01	1.461894e-02	3.399982e+00
1.510000e+01	1.462138e-02	3.399990e+00
1.513333e+01	1.462508e-02	3.400003e+00
1.516667e+01	1.462658e-02	3.400008e+00
1.520000e+01	1.462563e-02	3.400005e+00
1.523333e+01	1.462401e-02	3.399999e+00
1.526667e+01	1.462329e-02	3.399997e+00
1.530000e+01	1.462365e-02	3.399998e+00
1.533333e+01	1.462435e-02	3.400000e+00
1.536667e+01	1.462470e-02	3.400001e+00
1.540000e+01	1.462457e-02	3.400001e+00
1.543333e+01	1.462426e-02	3.400000e+00
1.546667e+01	1.462410e-02	3.399999e+00
1.550000e+01	1.462414e-02	3.400000e+00
1.553333e+01	1.462428e-02	3.400000e+00
1.556667e+01	1.462435e-02	3.400000e+00
1.560000e+01	1.462434e-02	3.400000e+00
1.563333e+01	1.462428e-02	3.400000e+00
1.566667e+01	1.462424e-02	3.400000e+00
1.570000e+01	1.462425e-02	3.400000e+00
1.573333e+01	1.462427e-02	3.400000e+00
1.576667e+01	1.462429e-02	3.400000e+00
1.580000e+01	1.462429e-02	3.400000e+00
1.583333e+01	1.462428e-02	3.400000e+00
1.586667e+01	1.462427e-02	3.400000e+00
1.590000e+01	1.462427e-02	3.400000e+00
1.593333e+01	1.494096e-02	3.401061e+00
1.596667e+01	1.704525e-02	3.408113e+00
16	2.317083e-02	3.428639e+00
1.603333e+01	3.332948e-02	3.462681e+00
1.606667e+01	4.352425e-02	3.496844e+00
1.610000e+01	4.894706e-02	3.515015e+00
1.613333e+01	4.851686e-02	3.513574e+00
1.616667e+01	4.524188e-02	3.502599e+00
1.620000e+01	4.283490e-02	3.494534e+00
1.623333e+01	4.275649e-02	3.494271e+00
1.626667e+01	4.405723e-02	3.498630e+00
1.630000e+01	4.512516e-02	3.502208e+00
1.633333e+01	4.521910e-02	3.502523e+00
1.636667e+01	4.467859e-02	3.500712e+00
1.640000e+01	4.419882e-02	3.499104e+00
1.643333e+01	4.381604e-02	3.497821e+00
1.646667e+01	4.193671e-02	3.491524e+00
1.650000e+01	3.602671e-02	3.471719e+00
1.653333e+01	2.590813e-02	3.437812e+00
1.656667e+01	1.562040e-02	3.403338e+00
1.660000e+01	1.010112e-02	3.384843e+00
1.663333e+01	1.050893e-02	3.386209e+00
1.666667e+01	1.382197e-02	3.397311e+00
1.670000e+01	1.627193e-02	3.405521e+00
1.673333e+01	1.636224e-02	3.405824e+00
1.676667e+01	1.504606e-02	3.401413e+00
1.680000e+01	1.395908e-02	3.397771e+00
1.683333e+01	1.385903e-02	3.397436e+00
1.686667e+01	1.440572e-02	3.399268e+00
1.690000e+01	1.489390e-02	3.400904e+00
1.693333e+01	1.496306e-02	3.401135e+00
1.696667e+01	1.441898e-02	3.399312e+00
17	1.209542e-02	3.391526e+00
1.703333e+01	5.928261e-03	3.370860e+00
1.706667e+01	-3.819809e-03	3.338194e+00
1.710000e+01	-1.212889e-02	3.310350e+00
1.713333e+01	-1.350727e-02	3.305731e+00
1.716667e+01	-8.765752e-03	3.321620e+00
1.720000e+01	-3.710714e-03	3.338560e+00
1.723333e+01	-2.066662e-03	3.344069e+00
1.726667e+01	-3.792640e-03	3.338285e+00
1.730000e+01	-7.882655e-03	3.324579e+00
1.733333e+01	-1.284828e-02	3.307940e+00
1.736667e+01	-1.647288e-02	3.295794e+00
1.740000e+01	-1.740656e-02	3.292665e+00
1.743333e+01	-1.629474e-02	3.296391e+00
1.746667e+01	-1.487159e-02	3.301160e+00
1.750000e+01	-1.434810e-02	3.302914e+00
1.753333e+01	-1.473422e-02	3.301620e+00
1.756667e+01	-1.533555e-02	3.299605e+00
1.760000e+01	-1.558763e-02	3.298760e+00
1.763333e+01	-1.544055e-02	3.299253e+00
1.766667e+01	-1.517963e-02	3.300127e+00
1.770000e+01	-1.505894e-02	3.300532e+00
1.773333e+01	-1.511446e-02	3.300346e+00
1.776667e+01	-1.522794e-02	3.299965e+00
1.780000e+01	-1.528536e-02	3.299773e+00
1.783333e+01	-1.526509e-02	3.299841e+00
1.786667e+01	-1.521592e-02	3.300006e+00
1.790000e+01	-1.521147e-02	3.300021e+00
1.793333e+01	-1.539144e-02	3.299417e+00
1.796667e+01	-1.602312e-02	3.297301e+00
18	-1.737186e-02	3.292781e+00
1.803333e+01	-1.943387e-02	3.285871e+00
1.806667e+01	-2.187640e-02	3.277686e+00
1.810000e+01	-2.429143e-02	3.269594e+00
1.813333e+01	-2.647903e-02	3.262263e+00
1.816667e+01	-2.849796e-02	3.255498e+00
1.820000e+01	-3.051011e-02	3.248755e+00
1.823333e+01	-3.261235e-02	3.241710e+00
1.826667e+01	-3.478933e-02	3.234415e+00
1.830000e+01	-3.697344e-02	3.227096e+00
1.833333e+01	-3.912015e-02	3.219903e+00
1.836667e+01	-4.121070e-02	3.212897e+00
1.840000e+01	-4.314608e-02	3.206412e+00
1.843333e+01	-4.465947e-02	3.201341e+00
1.846667e+01	-4.546230e-02	3.198650e+00
1.850000e+01	-4.553984e-02	3.198390e+00
1.853333e+01	-4.522362e-02	3.199450e+00
1.856667e+01	-4.493138e-02	3.200429e+00
1.860000e+01	-4.487147e-02	3.200630e+00
1.863333e+01	-4.498611e-02	3.200246e+00
1.866667e+01	-4.542603e-02	3.198772e+00
1.870000e+01	-4.756150e-02	3.191616e+00
1.873333e+01	-5.364092e-02	3.171244e+00
1.876667e+01	-6.374536e-02	3.137384e+00
1.880000e+01	-7.392411e-02	3.103275e+00
1.883333e+01	-7.936558e-02	3.085041e+00
1.886667e+01	-7.895935e-02	3.086402e+00
1.890000e+01	-7.569249e-02	3.097349e+00
1.893333e+01	-7.327806e-02	3.105440e+00
1.896667e+01	-7.318910e-02	3.105738e+00
19	-7.448580e-02	3.101393e+00
1.903333e+01	-7.555665e-02	3.097804e+00
1.906667e+01	-7.565522e-02	3.097474e+00
1.910000e+01	-7.511669e-02	3.099279e+00
1.913333e+01	-7.463579e-02	3.100890e+00
1.916667e+01	-7.456767e-02	3.101118e+00
1.920000e+01	-7.479168e-02	3.100368e+00
1.923333e+01	-7.500768e-02	3.099644e+00
1.926667e+01	-7.504863e-02	3.099507e+00
1.930000e+01	-7.495613e-02	3.099817e+00
1.933333e+01	-7.485951e-02	3.100140e+00
1.936667e+01	-7.452004e-02	3.101278e+00
1.940000e+01	-7.245361e-02	3.108203e+00
1.943333e+01	-6.637106e-02	3.128585e+00
1.946667e+01	-5.622448e-02	3.162586e+00
1.950000e+01	-4.601436e-02	3.196800e+00
1.953333e+01	-4.057248e-02	3.215036e+00
1.956667e+01	-4.099650e-02	3.213615e+00
1.960000e+01	-4.427762e-02	3.202620e+00
1.963333e+01	-4.669302e-02	3.194526e+00
1.966667e+01	-4.677451e-02	3.194253e+00
1.970000e+01	-4.547135e-02	3.198620e+00
1.973333e+01	-4.439973e-02	3.202211e+00
1.976667e+01	-4.430427e-02	3.202531e+00
1.980000e+01	-4.484572e-02	3.200716e+00
1.983333e+01	-4.532711e-02	3.199103e+00
1.986667e+01	-4.539394e-02	3.198879e+00
1.990000e+01	-4.516862e-02	3.199634e+00
1.993333e+01	-4.495234e-02	3.200359e+00
1.996667e+01	-4.491192e-02	3.200495e+00
20	-4.500500e-02	3.200183e+00
2.003333e+01	-4.510178e-02	3.199858e+00
2.006667e+01	-4.512434e-02	3.199783e+00
2.010000e+01	-4.508623e-02	3.199910e+00
2.013333e+01	-4.504313e-02	3.200055e+00
2.016667e+01	-4.503114e-02	3.200095e+00
2.020000e+01	-4.472991e-02	3.201104e+00
2.023333e+01	-4.264474e-02	3.208092e+00
2.026667e+01	-3.652531e-02	3.228598e+00
2.030000e+01	-2.636047e-02	3.262660e+00
2.033333e+01	-1.615725e-02	3.296851e+00
2.036667e+01	-1.073136e-02	3.315033e+00
2.040000e+01	-1.116402e-02	3.313584e+00
2.043333e+01	-1.444270e-02	3.302597e+00
2.046667e+01	-1.685120e-02	3.294526e+00
2.050000e+01	-1.692865e-02	3.294266e+00
2.053333e+01	-1.562629e-02	3.298631e+00
2.056667e+01	-1.455763e-02	3.302212e+00
2.060000e+01	-1.446405e-02	3.302525e+00
2.063333e+01	-1.500526e-02	3.300712e+00
2.066667e+01	-1.548539e-02	3.299103e+00
2.070000e+01	-1.555135e-02	3.298882e+00
2.073333e+01	-1.500941e-02	3.300698e+00
2.076667e+01	-1.268937e-02	3.308472e+00
2.080000e+01	-6.523770e-03	3.329133e+00
2.083333e+01	3.541797e-03	3.362863e+00
2.086667e+01	1.332335e-02	3.395641e+00
2.090000e+01	1.661948e-02	3.406686e+00
2.093333e+01	1.010182e-02	3.384845e+00
2.096667e+01	-3.288796e-03	3.339973e+00
21	-1.587866e-02	3.297785e+00
2.103333e+01	-2.139533e-02	3.279299e+00
2.106667e+01	-1.968346e-02	3.285035e+00
2.110000e+01	-1.534667e-02	3.299568e+00
2.113333e+01	-1.283955e-02	3.307969e+00
2.116667e+01	-1.329323e-02	3.306449e+00
2.120000e+01	-1.475400e-02	3.301554e+00
2.123333e+01	-1.378619e-02	3.304797e+00
2.126667e+01	-7.533284e-03	3.325750e+00
2.130000e+01	3.379942e-03	3.362320e+00
2.133333e+01	1.409551e-02	3.398228e+00
2.136667e+01	1.949309e-02	3.416315e+00
2.140000e+01	1.874218e-02	3.413799e+00
2.143333e+01	1.522887e-02	3.402026e+00
2.146667e+01	1.281918e-02	3.393951e+00
2.150000e+01	1.287635e-02	3.394143e+00
2.153333e+01	1.428560e-02	3.398865e+00
2.156667e+01	1.536080e-02	3.402468e+00
2.160000e+01	1.539777e-02	3.402592e+00
2.163333e+01	1.480814e-02	3.400616e+00
2.166667e+01	1.432251e-02	3.398989e+00
2.170000e+01	1.428018e-02	3.398847e+00
2.173333e+01	1.452728e-02	3.399675e+00
2.176667e+01	1.474658e-02	3.400410e+00
2.180000e+01	1.477680e-02	3.400511e+00
2.183333e+01	1.467393e-02	3.400166e+00
2.186667e+01	1.457532e-02	3.399836e+00
2.190000e+01	1.455697e-02	3.399774e+00
2.193333e+01	1.459946e-02	3.399917e+00
2.196667e+01	1.464359e-02	3.400065e+00
22	1.465385e-02	3.400099e+00
2.203333e+01	1.463645e-02	3.400041e+00
2.206667e+01	1.461679e-02	3.399975e+00
2.210000e+01	1.461134e-02	3.399957e+00
2.213333e+01	1.461840e-02	3.399980e+00
2.216667e+01	1.462711e-02	3.400009e+00
2.220000e+01	1.462991e-02	3.400019e+00
2.223333e+01	1.462708e-02	3.400009e+00
2.226667e+01	1.462324e-02	3.399997e+00
2.230000e+01	1.462183e-02	3.399992e+00
2.233333e+01	1.462295e-02	3.399996e+00
2.236667e+01	1.462464e-02	3.400001e+00
2.240000e+01	1.462533e-02	3.400004e+00
2.243333e+01	1.462490e-02	3.400002e+00
2.246667e+01	1.462416e-02	3.400000e+00
2.250000e+01	1.462382e-02	3.399998e+00
2.253333e+01	1.462399e-02	3.399999e+00
2.256667e+01	1.462431e-02	3.400000e+00
2.260000e+01	1.462447e-02	3.400001e+00
2.263333e+01	1.462441e-02	3.400000e+00
2.266667e+01	1.462427e-02	3.400000e+00
2.270000e+01	1.462419e-02	3.400000e+00
2.273333e+01	1.462422e-02	3.400000e+00
2.276667e+01	1.462428e-02	3.400000e+00
2.280000e+01	1.462431e-02	3.400000e+00
2.283333e+01	1.462430e-02	3.400000e+00
2.286667e+01	1.462428e-02	3.400000e+00
2.290000e+01	1.462426e-02	3.400000e+00
2.293333e+01	1.462426e-02	3.400000e+00
2.296667e+01	1.462428e-02	3.400000e+00
23	1.462428e-02	3.400000e+00
2.303333e+01	1.462428e-02	3.400000e+00
2.306667e+01	1.462428e-02	3.400000e+00
2.310000e+01	1.462427e-02	3.400000e+00
2.313333e+01	1.430759e-02	3.398939e+00
2.316667e+01	1.220331e-02	3.391887e+00
2.320000e+01	6.077728e-03	3.371361e+00
2.323333e+01	-4.080919e-03	3.337319e+00
2.326667e+01	-1.427570e-02	3.303156e+00
2.330000e+01	-1.969851e-02	3.284985e+00
2.333333e+01	-1.926830e-02	3.286426e+00
2.336667e+01	-1.599333e-02	3.297401e+00
2.340000e+01	-1.358634e-02	3.305466e+00
2.343333e+01	-1.350794e-02	3.305729e+00
2.346667e+01	-1.480868e-02	3.301370e+00
2.350000e+01	-1.555993e-02	3.298853e+00
2.353333e+01	-1.354958e-02	3.305590e+00
2.356667e+01	-6.883490e-03	3.327928e+00
2.360000e+01	3.754932e-03	3.363577e+00
2.363333e+01	1.401581e-02	3.397961e+00
2.366667e+01	1.921366e-02	3.415379e+00
2.370000e+01	1.856787e-02	3.413215e+00
2.373333e+01	1.525283e-02	3.402106e+00
2.376667e+01	1.293879e-02	3.394352e+00
2.380000e+01	1.295686e-02	3.394413e+00
2.383333e+01	1.428000e-02	3.398846e+00
2.386667e+01	1.530986e-02	3.402297e+00
2.390000e+01	1.536083e-02	3.402468e+00
2.393333e+01	1.480842e-02	3.400617e+00
2.396667e+01	1.434408e-02	3.399061e+00
24	1.429704e-02	3.398903e+00
2.403333e+01	1.452811e-02	3.399678e+00
2.406667e+01	1.473750e-02	3.400379e+00
2.410000e+01	1.476916e-02	3.400485e+00
2.413333e+01	1.467315e-02	3.400164e+00
2.416667e+01	1.457912e-02	3.399849e+00
2.420000e+01	1.456042e-02	3.399786e+00
2.423333e+01	1.459999e-02	3.399919e+00
2.426667e+01	1.464201e-02	3.400059e+00
2.430000e+01	1.465230e-02	3.400094e+00
2.433333e+01	1.463614e-02	3.400040e+00
2.436667e+01	1.461744e-02	3.399977e+00
2.440000e+01	1.461203e-02	3.399959e+00
2.443333e+01	1.461857e-02	3.399981e+00
2.446667e+01	1.462685e-02	3.400009e+00
2.450000e+01	1.462960e-02	3.400018e+00
2.453333e+01	1.462699e-02	3.400009e+00
2.456667e+01	1.462334e-02	3.399997e+00
2.460000e+01	1.462197e-02	3.399992e+00
2.463333e+01	1.462300e-02	3.399996e+00
2.466667e+01	1.462460e-02	3.400001e+00
2.470000e+01	1.462527e-02	3.400003e+00
2.473333e+01	1.462487e-02	3.400002e+00
2.476667e+01	1.462417e-02	3.400000e+00
2.480000e+01	1.462385e-02	3.399999e+00
2.483333e+01	1.462400e-02	3.399999e+00
2.486667e+01	1.462430e-02	3.400000e+00
2.490000e+01	1.462446e-02	3.400001e+00
2.493333e+01	1.462440e-02	3.400000e+00
2.496667e+01	1.462427e-02	3.400000e+00
25	1.462420e-02	3.400000e+00
2.503333e+01	1.462422e-02	3.400000e+00
2.506667e+01	1.462428e-02	3.400000e+00
2.510000e+01	1.462431e-02	3.400000e+00
2.513333e+01	1.462430e-02	3.400000e+00
2.516667e+01	1.462428e-02	3.400000e+00
2.520000e+01	1.462426e-02	3.400000e+00
2.523333e+01	1.462426e-02	3.400000e+00
2.526667e+01	1.430760e-02	3.398939e+00
2.530000e+01	1.220332e-02	3.391887e+00
2.533333e+01	6.077733e-03	3.371361e+00
2.536667e+01	-4.080920e-03	3.337319e+00
2.540000e+01	-1.427570e-02	3.303156e+00
2.543333e+01	-1.969851e-02	3.284985e+00
2.546667e+01	-1.926830e-02	3.286426e+00
2.550000e+01	-1.599333e-02	3.297401e+00
2.553333e+01	-1.358634e-02	3.305466e+00
2.556667e+01	-1.350794e-02	3.305729e+00
2.560000e+01	-1.449200e-02	3.302432e+00
2.563333e+01	-1.345564e-02	3.305904e+00
2.566667e+01	-7.423994e-03	3.326116e+00
2.570000e+01	3.275158e-03	3.361969e+00
2.573333e+01	1.363303e-02	3.396678e+00
2.576667e+01	1.701765e-02	3.408020e+00
2.580000e+01	1.023690e-02	3.385298e+00
2.583333e+01	-3.412301e-03	3.339560e+00
2.586667e+01	-1.605413e-02	3.297197e+00
2.590000e+01	-2.146239e-02	3.279074e+00
2.593333e+01	-1.963498e-02	3.285197e+00
2.596667e+01	-1.526967e-02	3.299826e+00
26	-1.280682e-02	3.308079e+00
2.603333e+01	-1.331189e-02	3.306386e+00
2.606667e+01	-1.510431e-02	3.300380e+00
2.610000e+01	-1.622290e-02	3.296631e+00
2.613333e+01	-1.607283e-02	3.297134e+00
2.616667e+01	-1.531063e-02	3.299688e+00
2.620000e+01	-1.479697e-02	3.301410e+00
2.623333e+01	-1.483224e-02	3.301291e+00
2.626667e+01	-1.515673e-02	3.300204e+00
2.630000e+01	-1.539226e-02	3.299415e+00
2.633333e+01	-1.539057e-02	3.299420e+00
2.636667e+01	-1.525314e-02	3.299881e+00
2.640000e+01	-1.514571e-02	3.300241e+00
2.643333e+01	-1.514036e-02	3.300259e+00
2.646667e+01	-1.519822e-02	3.300065e+00
2.650000e+01	-1.524694e-02	3.299902e+00
2.653333e+01	-1.525196e-02	3.299885e+00
2.656667e+01	-1.522776e-02	3.299966e+00
2.660000e+01	-1.520578e-02	3.300040e+00
2.663333e+01	-1.520241e-02	3.300051e+00
2.666667e+01	-1.521246e-02	3.300017e+00
2.670000e+01	-1.522233e-02	3.299984e+00
2.673333e+01	-1.522431e-02	3.299978e+00
2.676667e+01	-1.522017e-02	3.299991e+00
2.680000e+01	-1.521576e-02	3.300006e+00
2.683333e+01	-1.521467e-02	3.300010e+00
2.686667e+01	-1.553304e-02	3.298943e+00
2.690000e+01	-1.763929e-02	3.291885e+00
2.693333e+01	-2.376545e-02	3.271356e+00
2.696667e+01	-3.392341e-02	3.237317e+00
27	-4.411732e-02	3.203157e+00
2.703333e+01	-4.953984e-02	3.184986e+00
2.706667e+01	-4.910991e-02	3.186427e+00
2.710000e+01	-4.583531e-02	3.197400e+00
2.713333e+01	-4.342847e-02	3.205466e+00
2.716667e+01	-4.334997e-02	3.205729e+00
2.720000e+01	-4.465054e-02	3.201370e+00
2.723333e+01	-4.571839e-02	3.197792e+00
2.726667e+01	-4.581237e-02	3.197477e+00
2.730000e+01	-4.527194e-02	3.199288e+00
2.733333e+01	-4.479220e-02	3.200896e+00
2.736667e+01	-4.472609e-02	3.201117e+00
2.740000e+01	-4.495101e-02	3.200364e+00
2.743333e+01	-4.516658e-02	3.199641e+00
2.746667e+01	-4.520665e-02	3.199507e+00
2.750000e+01	-4.511372e-02	3.199818e+00
2.753333e+01	-4.501725e-02	3.200142e+00
2.756667e+01	-4.499485e-02	3.200217e+00
2.760000e+01	-4.503291e-02	3.200089e+00
2.763333e+01	-4.507588e-02	3.199945e+00
2.766667e+01	-4.508779e-02	3.199905e+00
2.770000e+01	-4.507235e-02	3.199957e+00
2.773333e+01	-4.505330e-02	3.200021e+00
2.776667e+01	-4.504719e-02	3.200041e+00
2.780000e+01	-4.505337e-02	3.200021e+00
2.783333e+01	-4.506178e-02	3.199992e+00
2.786667e+01	-4.506485e-02	3.199982e+00
2.790000e+01	-4.506240e-02	3.199990e+00
2.793333e+01	-4.505870e-02	3.200003e+00
2.796667e+01	-4.505720e-02	3.200008e+00
28	-4.505815e-02	3.200005e+00
2.803333e+01	-4.505977e-02	3.199999e+00
2.806667e+01	-4.506049e-02	3.199997e+00
2.810000e+01	-4.506013e-02	3.199998e+00
2.813333e+01	-4.505943e-02	3.200000e+00
2.816667e+01	-4.505908e-02	3.200001e+00
2.820000e+01	-4.505921e-02	3.200001e+00
2.823333e+01	-4.505952e-02	3.200000e+00
2.826667e+01	-4.505968e-02	3.199999e+00
2.830000e+01	-4.505964e-02	3.200000e+00
2.833333e+01	-4.505951e-02	3.200000e+00
2.836667e+01	-4.505943e-02	3.200000e+00
2.840000e+01	-4.505944e-02	3.200000e+00
2.843333e+01	-4.505950e-02	3.200000e+00
2.846667e+01	-4.505954e-02	3.200000e+00
2.850000e+01	-4.505953e-02	3.200000e+00
2.853333e+01	-4.505951e-02	3.200000e+00
2.856667e+01	-4.505949e-02	3.200000e+00
2.860000e+01	-4.505949e-02	3.200000e+00
2.863333e+01	-4.505950e-02	3.200000e+00
2.866667e+01	-4.505951e-02	3.200000e+00
2.870000e+01	-4.505951e-02	3.200000e+00
2.873333e+01	-4.505951e-02	3.200000e+00
2.876667e+01	-4.505950e-02	3.200000e+00
2.880000e+01	-4.505950e-02	3.200000e+00
2.883333e+01	-4.505950e-02	3.200000e+00
2.886667e+01	-4.505951e-02	3.200000e+00
2.890000e+01	-4.505951e-02	3.200000e+00
2.893333e+01	-4.505950e-02	3.200000e+00
2.896667e+01	-4.505950e-02	3.200000e+00
29	-4.505950e-02	3.200000e+00
2.903333e+01	-4.505950e-02	3.200000e+00
2.906667e+01	-4.505950e-02	3.200000e+00
2.910000e+01	-4.505950e-02	3.200000e+00
2.913333e+01	-4.505950e-02	3.200000e+00
2.916667e+01	-4.505950e-02	3.200000e+00
2.920000e+01	-4.505950e-02	3.200000e+00
2.923333e+01	-4.505950e-02	3.200000e+00
2.926667e+01	-4.505950e-02	3.200000e+00
2.930000e+01	-4.505950e-02	3.200000e+00
2.933333e+01	-4.505950e-02	3.200000e+00
2.936667e+01	-4.505950e-02	3.200000e+00
2.940000e+01	-4.505950e-02	3.200000e+00
2.943333e+01	-4.505950e-02	3.200000e+00
2.946667e+01	-4.505950e-02	3.200000e+00
2.950000e+01	-4.505950e-02	3.200000e+00
2.953333e+01	-4.505950e-02	3.200000e+00
2.956667e+01	-4.505950e-02	3.200000e+00
2.960000e+01	-4.505950e-02	3.200000e+00
2.963333e+01	-4.505950e-02	3.200000e+00
2.966667e+01	-4.505950e-02	3.200000e+00
2.970000e+01	-4.505950e-02	3.200000e+00
2.973333e+01	-4.505950e-02	3.200000e+00
2.976667e+01	-4.505950e-02	3.200000e+00
2.980000e+01	-4.505950e-02	3.200000e+00
2.983333e+01	-4.505950e-02	3.200000e+00
2.986667e+01	-4.505950e-02	3.200000e+00
2.990000e+01	-4.505950e-02	3.200000e+00
2.993333e+01	-4.505950e-02	3.200000e+00
2.996667e+01	-4.505950e-02	3.200000e+00
30	-4.505950e-02	3.200000e+00
3.003333e+01	-4.505950e-02	3.200000e+00
3.006667e+01	-4.505950e-02	3.200000e+00
3.010000e+01	-4.505950e-02	3.200000e+00
3.013333e+01	-4.505950e-02	3.200000e+00
3.016667e+01	-4.505950e-02	3.200000e+00
3.020000e+01	-4.505950e-02	3.200000e+00
3.023333e+01	-4.505950e-02	3.200000e+00
3.026667e+01	-4.505950e-02	3.200000e+00
3.030000e+01	-4.505950e-02	3.200000e+00
3.033333e+01	-4.505950e-02	3.200000e+00
3.036667e+01	-4.505950e-02	3.200000e+00
3.040000e+01	-4.505950e-02	3.200000e+00
3.043333e+01	-4.505950e-02	3.200000e+00
3.046667e+01	-4.505950e-02	3.200000e+00
3.050000e+01	-4.505950e-02	3.200000e+00
3.053333e+01	-4.505950e-02	3.200000e+00
3.056667e+01	-4.505950e-02	3.200000e+00
3.060000e+01	-4.505950e-02	3.200000e+00
3.063333e+01	-4.505950e-02	3.200000e+00
3.066667e+01	-4.505950e-02	3.200000e+00
3.070000e+01	-4.505950e-02	3.200000e+00
3.073333e+01	-4.505950e-02	3.200000e+00
3.076667e+01	-4.505950e-02	3.200000e+00
3.080000e+01	-4.505950e-02	3.200000e+00
3.083333e+01	-4.505950e-02	3.200000e+00
3.086667e+01	-4.505950e-02	3.200000e+00
3.090000e+01	-4.505950e-02	3.200000e+00
3.093333e+01	-4.505950e-02	3.200000e+00
3.096667e+01	-4.505950e-02	3.200000e+00
31	-4.505950e-02	3.200000e+00
3.103333e+01	-4.505950e-02	3.200000e+00
3.106667e+01	-4.505950e-02	3.200000e+00
3.110000e+01	-4.505950e-02	3.200000e+00
3.113333e+01	-4.505950e-02	3.200000e+00
3.116667e+01	-4.505950e-02	3.200000e+00
3.120000e+01	-4.505950e-02	3.200000e+00
3.123333e+01	-4.505950e-02	3.200000e+00
3.126667e+01	-4.505950e-02	3.200000e+00
3.130000e+01	-4.505950e-02	3.200000e+00
3.133333e+01	-4.505950e-02	3.200000e+00
3.136667e+01	-4.505950e-02	3.200000e+00
3.140000e+01	-4.505950e-02	3.200000e+00
3.143333e+01	-4.505950e-02	3.200000e+00
3.146667e+01	-4.505950e-02	3.200000e+00
3.150000e+01	-4.505950e-02	3.200000e+00
3.153333e+01	-4.505950e-02	3.200000e+00
3.156667e+01	-4.505950e-02	3.200000e+00
3.160000e+01	-4.505950e-02	3.200000e+00
3.163333e+01	-4.505950e-02	3.200000e+00
3.166667e+01	-4.505950e-02	3.200000e+00
3.170000e+01	-4.505950e-02	3.200000e+00
3.173333e+01	-4.505950e-02	3.200000e+00
3.176667e+01	-4.505950e-02	3.200000e+00
3.180000e+01	-4.505950e-02	3.200000e+00
3.183333e+01	-4.505950e-02	3.200000e+00
3.186667e+01	-4.505950e-02	3.200000e+00
3.190000e+01	-4.505950e-02	3.200000e+00
3.193333e+01	-4.505950e-02	3.200000e+00
3.196667e+01	-4.505950e-02	3.200000e+00
32	-4.505950e-02	3.200000e+00
3.203333e+01	-4.505950e-02	3.200000e+00
3.206667e+01	-4.505950e-02	3.200000e+00
3.210000e+01	-4.505950e-02	3.200000e+00
3.213333e+01	-4.505950e-02	3.200000e+00
3.216667e+01	-4.505950e-02	3.200000e+00
3.220000e+01	-4.505950e-02	3.200000e+00
3.223333e+01	-4.505950e-02	3.200000e+00
3.226667e+01	-4.505950e-02	3.200000e+00
3.230000e+01	-4.505950e-02	3.200000e+00
3.233333e+01	-4.505950e-02	3.200000e+00
3.236667e+01	-4.505950e-02	3.200000e+00
3.240000e+01	-4.505950e-02	3.200000e+00
3.243333e+01	-4.505950e-02	3.200000e+00
3.246667e+01	-4.505950e-02	3.200000e+00
3.250000e+01	-4.505950e-02	3.200000e+00
3.253333e+01	-4.505950e-02	3.200000e+00
3.256667e+01	-4.505950e-02	3.200000e+00
3.260000e+01	-4.505950e-02	3.200000e+00
3.263333e+01	-4.505950e-02	3.200000e+00
3.266667e+01	-4.505950e-02	3.200000e+00
3.270000e+01	-4.505950e-02	3.200000e+00
3.273333e+01	-4.505950e-02	3.200000e+00
3.276667e+01	-4.505950e-02	3.200000e+00
3.280000e+01	-4.505950e-02	3.200000e+00
3.283333e+01	-4.505950e-02	3.200000e+00
3.286667e+01	-4.505950e-02	3.200000e+00
3.290000e+01	-4.505950e-02	3.200000e+00
3.293333e+01	-4.505950e-02	3.200000e+00
3.296667e+01	-4.505950e-02	3.200000e+00
33	-4.505950e-02	3.200000e+00
3.303333e+01	-4.505950e-02	3.200000e+00
3.306667e+01	-4.505950e-02	3.200000e+00
3.310000e+01	-4.505950e-02	3.200000e+00
3.313333e+01	-4.505950e-02	3.200000e+00
3.316667e+01	-4.505950e-02	3.200000e+00
3.320000e+01	-4.505950e-02	3.200000e+00
3.323333e+01	-4.505950e-02	3.200000e+00
3.326667e+01	-4.505950e-02	3.200000e+00
3.330000e+01	-4.505950e-02	3.200000e+00
3.333333e+01	-4.505950e-02	3.200000e+00
3.336667e+01	-4.505950e-02	3.200000e+00
3.340000e+01	-4.505950e-02	3.200000e+00
3.343333e+01	-4.505950e-02	3.200000e+00
3.346667e+01	-4.505950e-02	3.200000e+00
3.350000e+01	-4.505950e-02	3.200000e+00
3.353333e+01	-4.505950e-02	3.200000e+00
3.356667e+01	-4.505950e-02	3.200000e+00
3.360000e+01	-4.505950e-02	3.200000e+00
3.363333e+01	-4.505950e-02	3.200000e+00
3.366667e+01	-4.505950e-02	3.200000e+00
3.370000e+01	-4.505950e-02	3.200000e+00
3.373333e+01	-4.505950e-02	3.200000e+00
3.376667e+01	-4.505950e-02	3.200000e+00
3.380000e+01	-4.505950e-02	3.200000e+00
3.383333e+01	-4.505950e-02	3.200000e+00
3.386667e+01	-4.505950e-02	3.200000e+00
3.390000e+01	-4.505950e-02	3.200000e+00
3.393333e+01	-4.505950e-02	3.200000e+00
3.396667e+01	-4.505950e-02	3.200000e+00
34	-4.505950e-02	3.200000e+00
3.403333e+01	-4.505950e-02	3.200000e+00
3.406667e+01	-4.505950e-02	3.200000e+00
3.410000e+01	-4.505950e-02	3.200000e+00
3.413333e+01	-4.505950e-02	3.200000e+00
3.416667e+01	-4.505950e-02	3.200000e+00
3.420000e+01	-4.505950e-02	3.200000e+00
3.423333e+01	-4.505950e-02	3.200000e+00
3.426667e+01	-4.505950e-02	3.200000e+00
3.430000e+01	-4.505950e-02	3.200000e+00
3.433333e+01	-4.505950e-02	3.200000e+00
3.436667e+01	-4.505950e-02	3.200000e+00
3.440000e+01	-4.505950e-02	3.200000e+00
3.443333e+01	-4.505950e-02	3.200000e+00
3.446667e+01	-4.505950e-02	3.200000e+00
3.450000e+01	-4.505950e-02	3.200000e+00
3.453333e+01	-4.505950e-02	3.200000e+00
3.456667e+01	-4.505950e-02	3.200000e+00
3.460000e+01	-4.505950e-02	3.200000e+00
3.463333e+01	-4.505950e-02	3.200000e+00
3.466667e+01	-4.505950e-02	3.200000e+00
3.470000e+01	-4.505950e-02	3.200000e+00
3.473333e+01	-4.505950e-02	3.200000e+00
3.476667e+01	-4.505950e-02	3.200000e+00
3.480000e+01	-4.505950e-02	3.200000e+00
3.483333e+01	-4.505950e-02	3.200000e+00
3.486667e+01	-4.505950e-02	3.200000e+00
3.490000e+01	-4.505950e-02	3.200000e+00
3.493333e+01	-4.505950e-02	3.200000e+00
3.496667e+01	-4.505950e-02	3.200000e+00
35	-4.505950e-02	3.200000e+00
3.503333e+01	-4.505950e-02	3.200000e+00
3.506667e+01	-4.505950e-02	3.200000e+00
3.510000e+01	-4.505950e-02	3.200000e+00
3.513333e+01	-4.505950e-02	3.200000e+00
3.516667e+01	-4.505950e-02	3.200000e+00
3.520000e+01	-4.505950e-02	3.200000e+00
3.523333e+01	-4.505950e-02	3.200000e+00
3.526667e+01	-4.505950e-02	3.200000e+00
3.530000e+01	-4.505950e-02	3.200000e+00
3.533333e+01	-4.505950e-02	3.200000e+00
3.536667e+01	-4.505950e-02	3.200000e+00
3.540000e+01	-4.505950e-02	3.200000e+00
3.543333e+01	-4.505950e-02	3.200000e+00
3.546667e+01	-4.505950e-02	3.200000e+00
3.550000e+01	-4.505950e-02	3.200000e+00
3.553333e+01	-4.505950e-02	3.200000e+00
3.556667e+01	-4.505950e-02	3.200000e+00
3.560000e+01	-4.505950e-02	3.200000e+00
3.563333e+01	-4.505950e-02	3.200000e+00
3.566667e+01	-4.505950e-02	3.200000e+00
3.570000e+01	-4.505950e-02	3.200000e+00
3.573333e+01	-4.505950e-02	3.200000e+00
3.576667e+01	-4.505950e-02	3.200000e+00
3.580000e+01	-4.505950e-02	3.200000e+00
3.583333e+01	-4.505950e-02	3.200000e+00
3.586667e+01	-4.505950e-02	3.200000e+00
3.590000e+01	-4.505950e-02	3.200000e+00
3.593333e+01	-4.505950e-02	3.200000e+00
3.596667e+01	-4.505950e-02	3.200000e+00
36	-4.505950e-02	3.200000e+00
3.603333e+01	-4.505950e-02	3.200000e+00
3.606667e+01	-4.505950e-02	3.200000e+00
3.610000e+01	-4.505950e-02	3.200000e+00
3.613333e+01	-4.505950e-02	3.200000e+00
3.616667e+01	-4.505950e-02	3.200000e+00
3.620000e+01	-4.505950e-02	3.200000e+00
3.623333e+01	-4.505950e-02	3.200000e+00
3.626667e+01	-4.505950e-02	3.200000e+00
3.630000e+01	-4.505950e-02	3.200000e+00
3.633333e+01	-4.505950e-02	3.200000e+00
3.636667e+01	-4.505950e-02	3.200000e+00
3.640000e+01	-4.505950e-02	3.200000e+00
3.643333e+01	-4.505950e-02	3.200000e+00
3.646667e+01	-4.505950e-02	3.200000e+00
3.650000e+01	-4.505950e-02	3.200000e+00
3.653333e+01	-4.505950e-02	3.200000e+00
3.656667e+01	-4.505950e-02	3.200000e+00
3.660000e+01	-4.505950e-02	3.200000e+00
3.663333e+01	-4.505950e-02	3.200000e+00
3.666667e+01	-4.505950e-02	3.200000e+00
3.670000e+01	-4.505950e-02	3.200000e+00
3.673333e+01	-4.505950e-02	3.200000e+00
3.676667e+01	-4.505950e-02	3.200000e+00
3.680000e+01	-4.505950e-02	3.200000e+00
3.683333e+01	-4.505950e-02	3.200000e+00
3.686667e+01	-4.505950e-02	3.200000e+00
3.690000e+01	-4.505950e-02	3.200000e+00
3.693333e+01	-4.505950e-02	3.200000e+00
3.696667e+01	-4.505950e-02	3.200000e+00
37	-4.505950e-02	3.200000e+00
3.703333e+01	-4.505950e-02	3.200000e+00
3.706667e+01	-4.505950e-02	3.200000e+00
3.710000e+01	-4.505950e-02	3.200000e+00
3.713333e+01	-4.505950e-02	3.200000e+00
3.716667e+01	-4.505950e-02	3.200000e+00
3.720000e+01	-4.505950e-02	3.200000e+00
3.723333e+01	-4.505950e-02	3.200000e+00
3.726667e+01	-4.505950e-02	3.200000e+00
3.730000e+01	-4.505950e-02	3.200000e+00
3.733333e+01	-4.505950e-02	3.200000e+00
3.736667e+01	-4.505950e-02	3.200000e+00
3.740000e+01	-4.505950e-02	3.200000e+00
3.743333e+01	-4.505950e-02	3.200000e+00
3.746667e+01	-4.505950e-02	3.200000e+00
3.750000e+01	-4.505950e-02	3.200000e+00
3.753333e+01	-4.505950e-02	3.200000e+00
3.756667e+01	-4.505950e-02	3.200000e+00
3.760000e+01	-4.474282e-02	3.201061e+00
3.763333e+01	-4.263854e-02	3.208113e+00
3.766667e+01	-3.651295e-02	3.228639e+00
3.770000e+01	-2.635431e-02	3.262681e+00
3.773333e+01	-1.615953e-02	3.296844e+00
3.776667e+01	-1.073672e-02	3.315015e+00
3.780000e+01	-1.116693e-02	3.313574e+00
3.783333e+01	-1.444190e-02	3.302599e+00
3.786667e+01	-1.684888e-02	3.294534e+00
3.790000e+01	-1.692729e-02	3.294271e+00
3.793333e+01	-1.562655e-02	3.298630e+00
3.796667e+01	-1.455862e-02	3.302208e+00
38	-1.446468e-02	3.302523e+00
3.803333e+01	-1.500519e-02	3.300712e+00
3.806667e+01	-1.548496e-02	3.299104e+00
3.810000e+01	-1.555106e-02	3.298883e+00
3.813333e+01	-1.532610e-02	3.299636e+00
3.816667e+01	-1.511052e-02	3.300359e+00
3.820000e+01	-1.507045e-02	3.300493e+00
3.823333e+01	-1.516340e-02	3.300182e+00
3.826667e+01	-1.525987e-02	3.299858e+00
3.830000e+01	-1.528227e-02	3.299783e+00
3.833333e+01	-1.524421e-02	3.299911e+00
3.836667e+01	-1.520123e-02	3.300055e+00
3.840000e+01	-1.518933e-02	3.300095e+00
3.843333e+01	-1.520476e-02	3.300043e+00
3.846667e+01	-1.554050e-02	3.298918e+00
3.850000e+01	-1.765090e-02	3.291846e+00
3.853333e+01	-2.377030e-02	3.271340e+00
3.856667e+01	-3.392053e-02	3.237327e+00
3.860000e+01	-4.411225e-02	3.203174e+00
3.863333e+01	-4.953750e-02	3.184994e+00
3.866667e+01	-4.911099e-02	3.186423e+00
3.870000e+01	-4.583752e-02	3.197393e+00
3.873333e+01	-4.342959e-02	3.205462e+00
3.876667e+01	-4.334957e-02	3.205730e+00
3.880000e+01	-4.464958e-02	3.201374e+00
3.883333e+01	-4.571787e-02	3.197794e+00
3.886667e+01	-4.581251e-02	3.197477e+00
3.890000e+01	-4.527235e-02	3.199287e+00
3.893333e+01	-4.479245e-02	3.200895e+00
3.896667e+01	-4.472604e-02	3.201117e+00
39	-4.495084e-02	3.200364e+00
3.903333e+01	-4.516646e-02	3.199642e+00
3.906667e+01	-4.520666e-02	3.199507e+00
3.910000e+01	-4.511379e-02	3.199818e+00
3.913333e+01	-4.501730e-02	3.200141e+00
3.916667e+01	-4.499485e-02	3.200217e+00
3.920000e+01	-4.503288e-02	3.200089e+00
3.923333e+01	-4.507586e-02	3.199945e+00
3.926667e+01	-4.508779e-02	3.199905e+00
3.930000e+01	-4.507237e-02	3.199957e+00
3.933333e+01	-4.505331e-02	3.200021e+00
3.936667e+01	-4.504719e-02	3.200041e+00
3.940000e+01	-4.505336e-02	3.200021e+00
3.943333e+01	-4.506178e-02	3.199992e+00
3.946667e+01	-4.506484e-02	3.199982e+00
3.950000e+01	-4.506240e-02	3.199990e+00
3.953333e+01	-4.505871e-02	3.200003e+00
3.956667e+01	-4.505720e-02	3.200008e+00
3.960000e+01	-4.505815e-02	3.200005e+00
3.963333e+01	-4.505977e-02	3.199999e+00
3.966667e+01	-4.506049e-02	3.199997e+00
3.970000e+01	-4.506013e-02	3.199998e+00
3.973333e+01	-4.505943e-02	3.200000e+00
3.976667e+01	-4.505908e-02	3.200001e+00
3.980000e+01	-4.505921e-02	3.200001e+00
3.983333e+01	-4.505952e-02	3.200000e+00
3.986667e+01	-4.505968e-02	3.199999e+00
3.990000e+01	-4.474296e-02	3.201061e+00
3.993333e+01	-4.263854e-02	3.208113e+00
3.996667e+01	-3.651288e-02	3.228640e+00
40	-2.635425e-02	3.262681e+00
4.003333e+01	-1.615952e-02	3.296844e+00
4.006667e+01	-1.073675e-02	3.315015e+00
4.010000e+01	-1.116695e-02	3.313574e+00
4.013333e+01	-1.412522e-02	3.303661e+00
4.016667e+01	-1.442790e-02	3.302646e+00
4.020000e+01	-8.380725e-03	3.322910e+00
4.023333e+01	3.078651e-03	3.361311e+00
4.026667e+01	1.434135e-02	3.399052e+00
4.030000e+01	1.985810e-02	3.417538e+00
4.033333e+01	1.888739e-02	3.414286e+00
4.036667e+01	1.513264e-02	3.401704e+00
4.040000e+01	1.265956e-02	3.393416e+00
4.043333e+01	1.280612e-02	3.393907e+00
4.046667e+01	1.432243e-02	3.398989e+00
4.050000e+01	1.543043e-02	3.402701e+00
4.053333e+01	1.574810e-02	3.403766e+00
4.056667e+01	1.721541e-02	3.408683e+00
4.060000e+01	2.283882e-02	3.427527e+00
4.063333e+01	3.296944e-02	3.461475e+00
4.066667e+01	4.343215e-02	3.496535e+00
4.070000e+01	4.908244e-02	3.515469e+00
4.073333e+01	4.867687e-02	3.514110e+00
4.076667e+01	4.528989e-02	3.502760e+00
4.080000e+01	4.278032e-02	3.494351e+00
4.083333e+01	4.300238e-02	3.495095e+00
4.086667e+01	4.613721e-02	3.505600e+00
4.090000e+01	5.127246e-02	3.522808e+00
4.093333e+01	5.540893e-02	3.536669e+00
4.096667e+01	5.488542e-02	3.534915e+00
41	4.961312e-02	3.517247e+00
4.103333e+01	4.368884e-02	3.497395e+00
4.106667e+01	4.107683e-02	3.488642e+00
4.110000e+01	4.216955e-02	3.492304e+00
4.113333e+01	4.454090e-02	3.500250e+00
4.116667e+01	4.582394e-02	3.504550e+00
4.120000e+01	4.549061e-02	3.503433e+00
4.123333e+01	4.449285e-02	3.500089e+00
4.126667e+01	4.389773e-02	3.498095e+00
4.130000e+01	4.400322e-02	3.498449e+00
4.133333e+01	4.442948e-02	3.499877e+00
4.136667e+01	4.470461e-02	3.500799e+00
4.140000e+01	4.467539e-02	3.500701e+00
4.143333e+01	4.449343e-02	3.500091e+00
4.146667e+01	4.436679e-02	3.499667e+00
4.150000e+01	4.437202e-02	3.499685e+00
4.153333e+01	4.444932e-02	3.499944e+00
4.156667e+01	4.450727e-02	3.500138e+00
4.160000e+01	4.450833e-02	3.500141e+00
4.163333e+01	4.447568e-02	3.500032e+00
4.166667e+01	4.444931e-02	3.499944e+00
4.170000e+01	4.444738e-02	3.499937e+00
4.173333e+01	4.446108e-02	3.499983e+00
4.176667e+01	4.447301e-02	3.500023e+00
4.180000e+01	4.447451e-02	3.500028e+00
4.183333e+01	4.446879e-02	3.500009e+00
4.186667e+01	4.446342e-02	3.499991e+00
4.190000e+01	4.446248e-02	3.499988e+00
4.193333e+01	4.446485e-02	3.499996e+00
4.196667e+01	4.446726e-02	3.500004e+00
42	4.415111e-02	3.498944e+00
4.203333e+01	4.204585e-02	3.491890e+00
4.206667e+01	3.591919e-02	3.471359e+00
4.210000e+01	2.576026e-02	3.437317e+00
4.213333e+01	1.556588e-02	3.403155e+00
4.216667e+01	1.014354e-02	3.384985e+00
4.220000e+01	1.057390e-02	3.386427e+00
4.223333e+01	1.384872e-02	3.397401e+00
4.226667e+01	1.657217e-02	3.406527e+00
4.230000e+01	1.875478e-02	3.413841e+00
4.233333e+01	2.357969e-02	3.430010e+00
4.236667e+01	3.267050e-02	3.460473e+00
4.240000e+01	4.277138e-02	3.494321e+00
4.243333e+01	4.873467e-02	3.514304e+00
4.246667e+01	4.878420e-02	3.514470e+00
4.250000e+01	4.557530e-02	3.503717e+00
4.253333e+01	4.294337e-02	3.494897e+00
4.256667e+01	4.264940e-02	3.493912e+00
4.260000e+01	4.391008e-02	3.498137e+00
4.263333e+01	4.507096e-02	3.502027e+00
4.266667e+01	4.526136e-02	3.502665e+00
4.270000e+01	4.474325e-02	3.500929e+00
4.273333e+01	4.422541e-02	3.499193e+00
4.276667e+01	4.411634e-02	3.498828e+00
4.280000e+01	4.432940e-02	3.499542e+00
4.283333e+01	4.456041e-02	3.500316e+00
4.286667e+01	4.461953e-02	3.500514e+00
4.290000e+01	4.453270e-02	3.500223e+00
4.293333e+01	4.443004e-02	3.499879e+00
4.296667e+01	4.439923e-02	3.499776e+00
43	4.475091e-02	3.500954e+00
4.303333e+01	4.690062e-02	3.508158e+00
4.306667e+01	5.304180e-02	3.528737e+00
4.310000e+01	6.318652e-02	3.562732e+00
4.313333e+01	7.336130e-02	3.596827e+00
4.316667e+01	7.877637e-02	3.614973e+00
4.320000e+01	7.835162e-02	3.613550e+00
4.323333e+01	7.508542e-02	3.602605e+00
4.326667e+01	7.268220e-02	3.594552e+00
4.330000e+01	7.260171e-02	3.594282e+00
4.333333e+01	7.389861e-02	3.598628e+00
4.336667e+01	7.496473e-02	3.602201e+00
4.340000e+01	7.505945e-02	3.602518e+00
4.343333e+01	7.452061e-02	3.600712e+00
4.346667e+01	7.404170e-02	3.599107e+00
4.350000e+01	7.397532e-02	3.598885e+00
4.353333e+01	7.419956e-02	3.599636e+00
4.356667e+01	7.441473e-02	3.600357e+00
4.360000e+01	7.445490e-02	3.600492e+00
4.363333e+01	7.436226e-02	3.600182e+00
4.366667e+01	7.426597e-02	3.599859e+00
4.370000e+01	7.424354e-02	3.599784e+00
4.373333e+01	7.428148e-02	3.599911e+00
4.376667e+01	7.432436e-02	3.600055e+00
4.380000e+01	7.433628e-02	3.600095e+00
4.383333e+01	7.432090e-02	3.600043e+00
4.386667e+01	7.430188e-02	3.599979e+00
4.390000e+01	7.429577e-02	3.599959e+00
4.393333e+01	7.430193e-02	3.599979e+00
4.396667e+01	7.431032e-02	3.600008e+00
44	7.399671e-02	3.598957e+00
4.403333e+01	7.188998e-02	3.591897e+00
4.406667e+01	6.576071e-02	3.571358e+00
4.410000e+01	5.560056e-02	3.537311e+00
4.413333e+01	4.540673e-02	3.503152e+00
4.416667e+01	3.998553e-02	3.484985e+00
4.420000e+01	4.041647e-02	3.486429e+00
4.423333e+01	4.369108e-02	3.497403e+00
4.426667e+01	4.609736e-02	3.505466e+00
4.430000e+01	4.617542e-02	3.505728e+00
4.433333e+01	4.487481e-02	3.501369e+00
4.436667e+01	4.380719e-02	3.497792e+00
4.440000e+01	4.371342e-02	3.497478e+00
4.443333e+01	4.425387e-02	3.499289e+00
4.446667e+01	4.473352e-02	3.500896e+00
4.450000e+01	4.479954e-02	3.501117e+00
4.453333e+01	4.457459e-02	3.500363e+00
4.456667e+01	4.435907e-02	3.499641e+00
4.460000e+01	4.431904e-02	3.499507e+00
4.463333e+01	4.441198e-02	3.499818e+00
4.466667e+01	4.419175e-02	3.499080e+00
4.470000e+01	4.210985e-02	3.492104e+00
4.473333e+01	3.594620e-02	3.471450e+00
4.476667e+01	2.574459e-02	3.437264e+00
4.480000e+01	1.553791e-02	3.403062e+00
4.483333e+01	1.013054e-02	3.384942e+00
4.486667e+01	1.057979e-02	3.386447e+00
4.490000e+01	1.386088e-02	3.397442e+00
4.493333e+01	1.626168e-02	3.405487e+00
4.496667e+01	1.664835e-02	3.406783e+00
45	1.744884e-02	3.409465e+00
4.503333e+01	2.250894e-02	3.426421e+00
4.506667e+01	3.257735e-02	3.460161e+00
4.510000e+01	4.331413e-02	3.496140e+00
4.513333e+01	4.921577e-02	3.515916e+00
4.516667e+01	4.885004e-02	3.514690e+00
4.520000e+01	4.534938e-02	3.502960e+00
4.523333e+01	4.272717e-02	3.494173e+00
4.526667e+01	4.260941e-02	3.493778e+00
4.530000e+01	4.400344e-02	3.498449e+00
4.533333e+01	4.516771e-02	3.502351e+00
4.536667e+01	4.528374e-02	3.502740e+00
4.540000e+01	4.470501e-02	3.500800e+00
4.543333e+01	4.418231e-02	3.499049e+00
4.546667e+01	4.410443e-02	3.498788e+00
4.550000e+01	4.434491e-02	3.499594e+00
4.553333e+01	4.457953e-02	3.500380e+00
4.556667e+01	4.462565e-02	3.500534e+00
4.560000e+01	4.452648e-02	3.500202e+00
4.563333e+01	4.442160e-02	3.499851e+00
4.566667e+01	4.439616e-02	3.499765e+00
4.570000e+01	4.443669e-02	3.499901e+00
4.573333e+01	4.448336e-02	3.500058e+00
4.576667e+01	4.449676e-02	3.500103e+00
4.580000e+01	4.448037e-02	3.500048e+00
4.583333e+01	4.445969e-02	3.499978e+00
4.586667e+01	4.445286e-02	3.499955e+00
4.590000e+01	4.445941e-02	3.499977e+00
4.593333e+01	4.446852e-02	3.500008e+00
4.596667e+01	4.447193e-02	3.500019e+00
46	4.446935e-02	3.500011e+00
4.603333e+01	4.446535e-02	3.499997e+00
4.606667e+01	4.446368e-02	3.499992e+00
4.610000e+01	4.446468e-02	3.499995e+00
4.613333e+01	4.446643e-02	3.500001e+00
4.616667e+01	4.446723e-02	3.500004e+00
4.620000e+01	4.446686e-02	3.500002e+00
4.623333e+01	4.446610e-02	3.500000e+00
4.626667e+01	4.446571e-02	3.499998e+00
4.630000e+01	4.446585e-02	3.499999e+00
4.633333e+01	4.446618e-02	3.500000e+00
4.636667e+01	4.446636e-02	3.500001e+00
4.640000e+01	4.446631e-02	3.500000e+00
4.643333e+01	4.446617e-02	3.500000e+00
4.646667e+01	4.446609e-02	3.500000e+00
4.650000e+01	4.446610e-02	3.500000e+00
4.653333e+01	4.446616e-02	3.500000e+00
4.656667e+01	4.446620e-02	3.500000e+00
4.660000e+01	4.446620e-02	3.500000e+00
4.663333e+01	4.446617e-02	3.500000e+00
4.666667e+01	4.446615e-02	3.500000e+00
4.670000e+01	4.446615e-02	3.500000e+00
4.673333e+01	4.446617e-02	3.500000e+00
4.676667e+01	4.446617e-02	3.500000e+00
4.680000e+01	4.446617e-02	3.500000e+00
4.683333e+01	4.446617e-02	3.500000e+00
4.686667e+01	4.446616e-02	3.500000e+00
4.690000e+01	4.446616e-02	3.500000e+00
4.693333e+01	4.446617e-02	3.500000e+00
4.696667e+01	4.446617e-02	3.500000e+00
47	4.446617e-02	3.500000e+00
4.703333e+01	4.446617e-02	3.500000e+00
4.706667e+01	4.446617e-02	3.500000e+00
4.710000e+01	4.446617e-02	3.500000e+00
4.713333e+01	4.446617e-02	3.500000e+00
4.716667e+01	4.446617e-02	3.500000e+00
4.720000e+01	4.446617e-02	3.500000e+00
4.723333e+01	4.446617e-02	3.500000e+00
4.726667e+01	4.446617e-02	3.500000e+00
4.730000e+01	4.446617e-02	3.500000e+00
4.733333e+01	4.446617e-02	3.500000e+00
4.736667e+01	4.446617e-02	3.500000e+00
4.740000e+01	4.446617e-02	3.500000e+00
4.743333e+01	4.446617e-02	3.500000e+00
4.746667e+01	4.446617e-02	3.500000e+00
4.750000e+01	4.446617e-02	3.500000e+00
4.753333e+01	4.446617e-02	3.500000e+00
4.756667e+01	4.446617e-02	3.500000e+00
4.760000e+01	4.446617e-02	3.500000e+00
4.763333e+01	4.446617e-02	3.500000e+00
4.766667e+01	4.446617e-02	3.500000e+00
4.770000e+01	4.414949e-02	3.498939e+00
4.773333e+01	4.204520e-02	3.491887e+00
4.776667e+01	3.591962e-02	3.471361e+00
4.780000e+01	2.576097e-02	3.437319e+00
4.783333e+01	1.556619e-02	3.403156e+00
4.786667e+01	1.014338e-02	3.384985e+00
4.790000e+01	1.057359e-02	3.386426e+00
4.793333e+01	1.384856e-02	3.397401e+00
4.796667e+01	1.625555e-02	3.405466e+00
48	1.633395e-02	3.405729e+00
4.803333e+01	1.503321e-02	3.401370e+00
4.806667e+01	1.396528e-02	3.397792e+00
4.810000e+01	1.387135e-02	3.397477e+00
4.813333e+01	1.441185e-02	3.399288e+00
4.816667e+01	1.489163e-02	3.400896e+00
4.820000e+01	1.495772e-02	3.401117e+00
4.823333e+01	1.473276e-02	3.400364e+00
4.826667e+01	1.420050e-02	3.398580e+00
4.830000e+01	1.205615e-02	3.391394e+00
4.833333e+01	6.023516e-03	3.371179e+00
4.836667e+01	-4.038660e-03	3.337461e+00
4.840000e+01	-1.421104e-02	3.303373e+00
4.843333e+01	-1.967192e-02	3.285074e+00
4.846667e+01	-1.928468e-02	3.286371e+00
4.850000e+01	-1.602161e-02	3.297306e+00
4.853333e+01	-1.359919e-02	3.305423e+00
4.856667e+01	-1.350174e-02	3.305750e+00
4.860000e+01	-1.479636e-02	3.301412e+00
4.863333e+01	-1.587047e-02	3.297812e+00
4.866667e+01	-1.597282e-02	3.297469e+00
4.870000e+01	-1.543538e-02	3.299270e+00
4.873333e+01	-1.495316e-02	3.300886e+00
4.876667e+01	-1.488337e-02	3.301120e+00
4.880000e+01	-1.510682e-02	3.300371e+00
4.883333e+01	-1.532335e-02	3.299646e+00
4.886667e+01	-1.568172e-02	3.298445e+00
4.890000e+01	-1.769378e-02	3.291702e+00
4.893333e+01	-2.372253e-02	3.271500e+00
4.896667e+01	-3.385808e-02	3.237536e+00
49	-4.409057e-02	3.203247e+00
4.903333e+01	-4.955649e-02	3.184931e+00
4.906667e+01	-4.913849e-02	3.186331e+00
4.910000e+01	-4.584825e-02	3.197357e+00
4.913333e+01	-4.342216e-02	3.205487e+00
4.916667e+01	-4.333751e-02	3.205770e+00
4.920000e+01	-4.464436e-02	3.201391e+00
4.923333e+01	-4.572071e-02	3.197784e+00
4.926667e+01	-4.613445e-02	3.196398e+00
4.930000e+01	-4.769583e-02	3.191166e+00
4.933333e+01	-5.333793e-02	3.172259e+00
4.936667e+01	-6.342895e-02	3.138444e+00
4.940000e+01	-7.384962e-02	3.103524e+00
4.943333e+01	-7.948963e-02	3.084625e+00
4.946667e+01	-7.910023e-02	3.085930e+00
4.950000e+01	-7.573195e-02	3.097217e+00
4.953333e+01	-7.322779e-02	3.105608e+00
4.956667e+01	-7.312664e-02	3.105947e+00
4.960000e+01	-7.446557e-02	3.101460e+00
4.963333e+01	-7.557678e-02	3.097737e+00
4.966667e+01	-7.568279e-02	3.097382e+00
4.970000e+01	-7.512681e-02	3.099245e+00
4.973333e+01	-7.462784e-02	3.100917e+00
4.976667e+01	-7.455555e-02	3.101159e+00
4.980000e+01	-7.478671e-02	3.100384e+00
4.983333e+01	-7.501076e-02	3.099634e+00
4.986667e+01	-7.505393e-02	3.099489e+00
4.990000e+01	-7.495853e-02	3.099809e+00
4.993333e+01	-7.485834e-02	3.100144e+00
4.996667e+01	-7.483442e-02	3.100224e+00
50	-7.487343e-02	3.100094e+00
5.003333e+01	-7.491803e-02	3.099944e+00
5.006667e+01	-7.524736e-02	3.098841e+00
5.010000e+01	-7.733585e-02	3.091842e+00
5.013333e+01	-8.344167e-02	3.071382e+00
5.016667e+01	-9.359385e-02	3.037362e+00
5.020000e+01	-1.037949e-01	3.003178e+00
5.023333e+01	-1.092265e-01	2.984977e+00
5.026667e+01	-1.087995e-01	2.986408e+00
5.030000e+01	-1.055220e-01	2.997390e+00
5.033333e+01	-1.031112e-01	3.005469e+00
5.036667e+01	-1.030312e-01	3.005737e+00
5.040000e+01	-1.043329e-01	3.001375e+00
5.043333e+01	-1.054025e-01	2.997791e+00
5.046667e+01	-1.054972e-01	2.997474e+00
5.050000e+01	-1.049564e-01	2.999286e+00
5.053333e+01	-1.044759e-01	3.000896e+00
5.056667e+01	-1.044094e-01	3.001119e+00
5.060000e+01	-1.046345e-01	3.000365e+00
5.063333e+01	-1.048504e-01	2.999641e+00
5.066667e+01	-1.048906e-01	2.999506e+00
5.070000e+01	-1.047976e-01	2.999818e+00
5.073333e+01	-1.047010e-01	3.000142e+00
5.076667e+01	-1.046785e-01	3.000217e+00
5.080000e+01	-1.047166e-01	3.000089e+00
5.083333e+01	-1.047597e-01	2.999945e+00
5.086667e+01	-1.047716e-01	2.999905e+00
5.090000e+01	-1.047562e-01	2.999957e+00
5.093333e+01	-1.044204e-01	3.001082e+00
5.096667e+01	-1.023100e-01	3.008154e+00
51	-9.619059e-02	3.028660e+00
5.103333e+01	-8.604036e-02	3.062673e+00
5.106667e+01	-7.584866e-02	3.096826e+00
5.110000e+01	-7.042340e-02	3.115006e+00
5.113333e+01	-7.084991e-02	3.113577e+00
5.116667e+01	-7.412337e-02	3.102607e+00
5.120000e+01	-7.653131e-02	3.094538e+00
5.123333e+01	-7.661133e-02	3.094270e+00
5.126667e+01	-7.531132e-02	3.098626e+00
5.130000e+01	-7.424303e-02	3.102206e+00
5.133333e+01	-7.414839e-02	3.102523e+00
5.136667e+01	-7.468854e-02	3.100713e+00
5.140000e+01	-7.516845e-02	3.099105e+00
5.143333e+01	-7.523486e-02	3.098883e+00
5.146667e+01	-7.501006e-02	3.099636e+00
5.150000e+01	-7.479444e-02	3.100358e+00
5.153333e+01	-7.475424e-02	3.100493e+00
5.156667e+01	-7.484711e-02	3.100182e+00
5.160000e+01	-7.462691e-02	3.100920e+00
5.163333e+01	-7.254508e-02	3.107896e+00
5.166667e+01	-6.638147e-02	3.128550e+00
5.170000e+01	-5.617984e-02	3.162736e+00
5.173333e+01	-4.597313e-02	3.196938e+00
5.176667e+01	-4.056575e-02	3.215059e+00
5.180000e+01	-4.101501e-02	3.213553e+00
5.183333e+01	-4.397943e-02	3.203619e+00
5.186667e+01	-4.427595e-02	3.202626e+00
5.190000e+01	-3.822035e-02	3.222918e+00
5.193333e+01	-2.675790e-02	3.261329e+00
5.196667e+01	-1.549764e-02	3.299062e+00
52	-9.984588e-03	3.317536e+00
5.203333e+01	-1.095680e-02	3.314278e+00
5.206667e+01	-1.471061e-02	3.301699e+00
5.210000e+01	-1.718207e-02	3.293417e+00
5.213333e+01	-1.703478e-02	3.293911e+00
5.216667e+01	-1.551883e-02	3.298991e+00
5.220000e+01	-1.441154e-02	3.302701e+00
5.223333e+01	-1.441090e-02	3.302703e+00
5.226667e+01	-1.504774e-02	3.300569e+00
5.230000e+01	-1.554961e-02	3.298887e+00
5.233333e+01	-1.557747e-02	3.298794e+00
5.236667e+01	-1.530959e-02	3.299692e+00
5.240000e+01	-1.508223e-02	3.300454e+00
5.243333e+01	-1.474100e-02	3.301597e+00
5.246667e+01	-1.274870e-02	3.308273e+00
5.250000e+01	-6.725648e-03	3.328457e+00
5.253333e+01	3.416821e-03	3.362444e+00
5.256667e+01	1.365808e-02	3.396762e+00
5.260000e+01	1.912690e-02	3.415088e+00
5.263333e+01	1.870614e-02	3.413678e+00
5.266667e+01	1.541203e-02	3.402640e+00
5.270000e+01	1.298449e-02	3.394505e+00
5.273333e+01	1.321761e-02	3.395286e+00
5.276667e+01	1.663044e-02	3.406723e+00
5.280000e+01	2.383309e-02	3.430859e+00
5.283333e+01	3.408837e-02	3.465224e+00
5.286667e+01	4.342282e-02	3.496504e+00
5.290000e+01	4.625752e-02	3.506003e+00
5.293333e+01	3.963427e-02	3.483808e+00
5.296667e+01	2.642686e-02	3.439550e+00
53	1.404245e-02	3.398050e+00
5.303333e+01	8.581993e-03	3.379752e+00
5.306667e+01	1.021950e-02	3.385240e+00
5.310000e+01	1.446514e-02	3.399467e+00
5.313333e+01	1.694333e-02	3.407771e+00
5.316667e+01	1.651949e-02	3.406351e+00
5.320000e+01	1.478229e-02	3.400530e+00
5.323333e+01	1.366033e-02	3.396770e+00
5.326667e+01	1.377585e-02	3.397157e+00
5.330000e+01	1.451273e-02	3.399626e+00
5.333333e+01	1.502638e-02	3.401347e+00
5.336667e+01	1.500574e-02	3.401278e+00
5.340000e+01	1.469278e-02	3.400230e+00
5.343333e+01	1.445790e-02	3.399442e+00
5.346667e+01	1.477013e-02	3.400489e+00
5.350000e+01	1.700661e-02	3.407983e+00
5.353333e+01	2.323905e-02	3.428868e+00
5.356667e+01	3.340562e-02	3.462936e+00
5.360000e+01	4.354490e-02	3.496913e+00
5.363333e+01	4.891936e-02	3.514923e+00
5.366667e+01	4.848307e-02	3.513461e+00
5.370000e+01	4.523123e-02	3.502564e+00
5.373333e+01	4.252934e-02	3.493510e+00
5.376667e+01	4.035045e-02	3.486208e+00
5.380000e+01	3.551603e-02	3.470008e+00
5.383333e+01	2.641556e-02	3.439513e+00
5.386667e+01	1.662924e-02	3.406719e+00
5.390000e+01	1.277414e-02	3.393800e+00
5.393333e+01	1.885450e-02	3.414175e+00
5.396667e+01	3.222319e-02	3.458974e+00
54	4.504831e-02	3.501951e+00
5.403333e+01	5.076317e-02	3.521101e+00
5.406667e+01	4.907170e-02	3.515433e+00
5.410000e+01	4.463649e-02	3.500571e+00
5.413333e+01	4.203995e-02	3.491870e+00
5.416667e+01	4.247995e-02	3.493344e+00
5.420000e+01	4.429828e-02	3.499437e+00
5.423333e+01	4.547490e-02	3.503380e+00
5.426667e+01	4.535564e-02	3.502981e+00
5.430000e+01	4.458422e-02	3.500396e+00
5.433333e+01	4.404548e-02	3.498590e+00
5.436667e+01	4.406629e-02	3.498660e+00
5.440000e+01	4.439387e-02	3.499758e+00
5.443333e+01	4.464019e-02	3.500583e+00
5.446667e+01	4.464522e-02	3.500600e+00
5.450000e+01	4.419019e-02	3.499075e+00
5.453333e+01	4.197385e-02	3.491648e+00
5.456667e+01	3.583982e-02	3.471093e+00
5.460000e+01	2.573924e-02	3.437246e+00
5.463333e+01	1.559515e-02	3.403253e+00
5.466667e+01	1.017879e-02	3.385103e+00
5.470000e+01	1.058478e-02	3.386464e+00
5.473333e+01	1.383694e-02	3.397362e+00
5.476667e+01	1.623991e-02	3.405414e+00
5.480000e+01	1.632833e-02	3.405710e+00
5.483333e+01	1.503781e-02	3.401386e+00
5.486667e+01	1.428884e-02	3.398876e+00
5.490000e+01	1.629508e-02	3.405599e+00
5.493333e+01	2.295661e-02	3.427922e+00
5.496667e+01	3.359381e-02	3.463567e+00
55	4.385636e-02	3.497957e+00
5.503333e+01	4.905623e-02	3.515381e+00
5.506667e+01	4.841108e-02	3.513219e+00
5.510000e+01	4.509536e-02	3.502108e+00
5.513333e+01	4.278043e-02	3.494351e+00
5.516667e+01	4.279819e-02	3.494411e+00
5.520000e+01	4.412159e-02	3.498845e+00
5.523333e+01	4.515184e-02	3.502298e+00
5.526667e+01	4.520296e-02	3.502469e+00
5.530000e+01	4.465045e-02	3.500618e+00
5.533333e+01	4.418594e-02	3.499061e+00
5.536667e+01	4.413882e-02	3.498903e+00
5.540000e+01	4.436993e-02	3.499678e+00
5.543333e+01	4.457940e-02	3.500379e+00
5.546667e+01	4.461109e-02	3.500486e+00
5.550000e+01	4.451507e-02	3.500164e+00
5.553333e+01	4.442101e-02	3.499849e+00
5.556667e+01	4.440229e-02	3.499786e+00
5.560000e+01	4.444187e-02	3.499919e+00
5.563333e+01	4.448390e-02	3.500059e+00
5.566667e+01	4.449420e-02	3.500094e+00
5.570000e+01	4.447803e-02	3.500040e+00
5.573333e+01	4.445933e-02	3.499977e+00
5.576667e+01	4.445392e-02	3.499959e+00
5.580000e+01	4.446045e-02	3.499981e+00
5.583333e+01	4.446874e-02	3.500009e+00
5.586667e+01	4.447150e-02	3.500018e+00
5.590000e+01	4.446889e-02	3.500009e+00
5.593333e+01	4.446523e-02	3.499997e+00
5.596667e+01	4.446386e-02	3.499992e+00
56	4.446489e-02	3.499996e+00
5.603333e+01	4.446649e-02	3.500001e+00
5.606667e+01	4.446716e-02	3.500003e+00
5.610000e+01	4.446677e-02	3.500002e+00
5.613333e+01	4.446606e-02	3.500000e+00
5.616667e+01	4.446574e-02	3.499999e+00
5.620000e+01	4.446589e-02	3.499999e+00
5.623333e+01	4.446620e-02	3.500000e+00
5.626667e+01	4.446635e-02	3.500001e+00
5.630000e+01	4.446629e-02	3.500000e+00
5.633333e+01	4.446616e-02	3.500000e+00
5.636667e+01	4.414941e-02	3.498939e+00
5.640000e+01	4.204514e-02	3.491887e+00
5.643333e+01	3.591962e-02	3.471361e+00
5.646667e+01	2.576100e-02	3.437319e+00
5.650000e+01	1.556622e-02	3.403156e+00
5.653333e+01	1.014338e-02	3.384985e+00
5.656667e+01	1.057357e-02	3.386426e+00
5.660000e+01	1.384855e-02	3.397401e+00
5.663333e+01	1.625555e-02	3.405466e+00
5.666667e+01	1.633396e-02	3.405729e+00
5.670000e+01	1.503322e-02	3.401370e+00
5.673333e+01	1.364861e-02	3.396731e+00
5.676667e+01	1.145038e-02	3.389364e+00
5.680000e+01	5.865299e-03	3.370649e+00
5.683333e+01	-3.813573e-03	3.338215e+00
5.686667e+01	-1.394225e-02	3.304274e+00
5.690000e+01	-1.959002e-02	3.285348e+00
5.693333e+01	-1.937539e-02	3.286067e+00
5.696667e+01	-1.614049e-02	3.296907e+00
57	-1.364055e-02	3.305285e+00
5.703333e+01	-1.346568e-02	3.305871e+00
5.706667e+01	-1.474402e-02	3.301587e+00
5.710000e+01	-1.585001e-02	3.297881e+00
5.713333e+01	-1.630360e-02	3.296361e+00
5.716667e+01	-1.787929e-02	3.291081e+00
5.720000e+01	-2.350967e-02	3.272213e+00
5.723333e+01	-3.358316e-02	3.238457e+00
5.726667e+01	-4.399678e-02	3.203561e+00
5.730000e+01	-4.964136e-02	3.184646e+00
5.733333e+01	-4.925963e-02	3.185925e+00
5.736667e+01	-4.589477e-02	3.197201e+00
5.740000e+01	-4.338887e-02	3.205598e+00
5.743333e+01	-4.328437e-02	3.205948e+00
5.746667e+01	-4.462167e-02	3.201467e+00
5.750000e+01	-4.573352e-02	3.197741e+00
5.753333e+01	-4.584098e-02	3.197381e+00
5.756667e+01	-4.528577e-02	3.199242e+00
5.760000e+01	-4.478658e-02	3.200915e+00
5.763333e+01	-4.471366e-02	3.201159e+00
5.766667e+01	-4.494446e-02	3.200386e+00
5.770000e+01	-4.516859e-02	3.199634e+00
5.773333e+01	-4.521202e-02	3.199489e+00
5.776667e+01	-4.511679e-02	3.199808e+00
5.780000e+01	-4.501658e-02	3.200144e+00
5.783333e+01	-4.499254e-02	3.200224e+00
5.786667e+01	-4.503148e-02	3.200094e+00
5.790000e+01	-4.507609e-02	3.199944e+00
5.793333e+01	-4.508878e-02	3.199902e+00
5.796667e+01	-4.507302e-02	3.199955e+00
58	-4.505325e-02	3.200021e+00
5.803333e+01	-4.504676e-02	3.200043e+00
5.806667e+01	-4.505307e-02	3.200022e+00
5.810000e+01	-4.506179e-02	3.199992e+00
5.813333e+01	-4.506502e-02	3.199982e+00
5.816667e+01	-4.506254e-02	3.199990e+00
5.820000e+01	-4.505871e-02	3.200003e+00
5.823333e+01	-4.505712e-02	3.200008e+00
5.826667e+01	-4.505808e-02	3.200005e+00
5.830000e+01	-4.505976e-02	3.199999e+00
5.833333e+01	-4.506053e-02	3.199997e+00
5.836667e+01	-4.506016e-02	3.199998e+00
5.840000e+01	-4.505943e-02	3.200000e+00
5.843333e+01	-4.505907e-02	3.200001e+00
5.846667e+01	-4.505920e-02	3.200001e+00
5.850000e+01	-4.505952e-02	3.200000e+00
5.853333e+01	-4.505969e-02	3.199999e+00
5.856667e+01	-4.505964e-02	3.200000e+00
5.860000e+01	-4.505951e-02	3.200000e+00
5.863333e+01	-4.505943e-02	3.200000e+00
5.866667e+01	-4.505944e-02	3.200000e+00
5.870000e+01	-4.505950e-02	3.200000e+00
5.873333e+01	-4.505954e-02	3.200000e+00
5.876667e+01	-4.474285e-02	3.201061e+00
5.880000e+01	-4.263854e-02	3.208113e+00
5.883333e+01	-3.651294e-02	3.228639e+00
5.886667e+01	-2.635429e-02	3.262681e+00
5.890000e+01	-1.615952e-02	3.296844e+00
5.893333e+01	-1.073672e-02	3.315015e+00
5.896667e+01	-1.116693e-02	3.313574e+00
59	-1.444190e-02	3.302599e+00
5.903333e+01	-1.716556e-02	3.293472e+00
5.906667e+01	-1.934825e-02	3.286158e+00
5.910000e+01	-2.417310e-02	3.269990e+00
5.913333e+01	-3.326382e-02	3.239527e+00
5.916667e+01	-4.336466e-02	3.205679e+00
5.920000e+01	-4.932797e-02	3.185696e+00
5.923333e+01	-4.937754e-02	3.185530e+00
5.926667e+01	-4.616866e-02	3.196283e+00
5.930000e+01	-4.353672e-02	3.205103e+00
5.933333e+01	-4.324274e-02	3.206088e+00
5.936667e+01	-4.450341e-02	3.201863e+00
5.940000e+01	-4.566429e-02	3.197973e+00
5.943333e+01	-4.585469e-02	3.197335e+00
5.946667e+01	-4.533659e-02	3.199071e+00
5.950000e+01	-4.481875e-02	3.200807e+00
5.953333e+01	-4.470968e-02	3.201172e+00
5.956667e+01	-4.492273e-02	3.200458e+00
5.960000e+01	-4.515375e-02	3.199684e+00
5.963333e+01	-4.521287e-02	3.199486e+00
5.966667e+01	-4.512604e-02	3.199777e+00
5.970000e+01	-4.502338e-02	3.200121e+00
5.973333e+01	-4.499256e-02	3.200224e+00
5.976667e+01	-4.502757e-02	3.200107e+00
5.980000e+01	-4.507299e-02	3.199955e+00
5.983333e+01	-4.508859e-02	3.199903e+00
5.986667e+01	-4.507466e-02	3.199949e+00
5.990000e+01	-4.505466e-02	3.200016e+00
5.993333e+01	-4.504692e-02	3.200042e+00
5.996667e+01	-4.505238e-02	3.200024e+00
60	-4.506115e-02	3.199994e+00
6.003333e+01	-4.506492e-02	3.199982e+00
6.006667e+01	-4.537950e-02	3.198928e+00
6.010000e+01	-4.716328e-02	3.192950e+00
6.013333e+01	-5.149944e-02	3.178420e+00
6.016667e+01	-5.763758e-02	3.157851e+00
6.020000e+01	-6.380096e-02	3.137197e+00
6.023333e+01	-6.918850e-02	3.119144e+00
6.026667e+01	-7.352998e-02	3.104596e+00
6.030000e+01	-7.610730e-02	3.095959e+00
6.033333e+01	-7.654468e-02	3.094493e+00
6.036667e+01	-7.559838e-02	3.097664e+00
6.040000e+01	-7.457085e-02	3.101108e+00
6.043333e+01	-7.425983e-02	3.102150e+00
6.046667e+01	-7.426986e-02	3.102116e+00
6.050000e+01	-7.291561e-02	3.106654e+00
6.053333e+01	-6.873221e-02	3.120673e+00
6.056667e+01	-6.246804e-02	3.141664e+00
6.060000e+01	-5.643435e-02	3.161883e+00
6.063333e+01	-5.307652e-02	3.173135e+00
6.066667e+01	-5.490978e-02	3.166992e+00
6.070000e+01	-6.257293e-02	3.141313e+00
6.073333e+01	-7.236645e-02	3.108495e+00
6.076667e+01	-7.871678e-02	3.087215e+00
6.080000e+01	-7.927842e-02	3.085333e+00
6.083333e+01	-7.629717e-02	3.095323e+00
6.086667e+01	-7.357044e-02	3.104460e+00
6.090000e+01	-7.307418e-02	3.106123e+00
6.093333e+01	-7.422853e-02	3.102255e+00
6.096667e+01	-7.542079e-02	3.098260e+00
61	-7.569669e-02	3.097335e+00
6.103333e+01	-7.522778e-02	3.098906e+00
6.106667e+01	-7.469940e-02	3.100677e+00
6.110000e+01	-7.455364e-02	3.101165e+00
6.113333e+01	-7.474386e-02	3.100528e+00
6.116667e+01	-7.497807e-02	3.099743e+00
6.120000e+01	-7.505290e-02	3.099492e+00
6.123333e+01	-7.497661e-02	3.099748e+00
6.126667e+01	-7.487319e-02	3.100095e+00
6.130000e+01	-7.483569e-02	3.100220e+00
6.133333e+01	-7.486586e-02	3.100119e+00
6.136667e+01	-7.491132e-02	3.099967e+00
6.140000e+01	-7.492976e-02	3.099905e+00
6.143333e+01	-7.491803e-02	3.099944e+00
6.146667e+01	-7.489813e-02	3.100011e+00
6.150000e+01	-7.488921e-02	3.100041e+00
6.153333e+01	-7.489366e-02	3.100026e+00
6.156667e+01	-7.490234e-02	3.099997e+00
6.160000e+01	-7.490660e-02	3.099983e+00
6.163333e+01	-7.490496e-02	3.099988e+00
6.166667e+01	-7.490120e-02	3.100001e+00
6.170000e+01	-7.489918e-02	3.100007e+00
6.173333e+01	-7.489976e-02	3.100005e+00
6.176667e+01	-7.490139e-02	3.100000e+00
6.180000e+01	-7.490233e-02	3.099997e+00
6.183333e+01	-7.490214e-02	3.099998e+00
6.186667e+01	-7.490144e-02	3.100000e+00
6.190000e+01	-7.490100e-02	3.100001e+00
6.193333e+01	-7.490106e-02	3.100001e+00
6.196667e+01	-7.490136e-02	3.100000e+00
62	-7.490156e-02	3.099999e+00
6.203333e+01	-7.490155e-02	3.099999e+00
6.206667e+01	-7.490142e-02	3.100000e+00
6.210000e+01	-7.490133e-02	3.100000e+00
6.213333e+01	-7.490133e-02	3.100000e+00
6.216667e+01	-7.490138e-02	3.100000e+00
6.220000e+01	-7.490142e-02	3.100000e+00
6.223333e+01	-7.490143e-02	3.100000e+00
6.226667e+01	-7.490140e-02	3.100000e+00
6.230000e+01	-7.490138e-02	3.100000e+00
6.233333e+01	-7.490138e-02	3.100000e+00
6.236667e+01	-7.490139e-02	3.100000e+00
6.240000e+01	-7.490140e-02	3.100000e+00
6.243333e+01	-7.490140e-02	3.100000e+00
6.246667e+01	-7.490140e-02	3.100000e+00
6.250000e+01	-7.490139e-02	3.100000e+00
6.253333e+01	-7.490139e-02	3.100000e+00
6.256667e+01	-7.490139e-02	3.100000e+00
6.260000e+01	-7.490140e-02	3.100000e+00
6.263333e+01	-7.490140e-02	3.100000e+00
6.266667e+01	-7.490140e-02	3.100000e+00
6.270000e+01	-7.490139e-02	3.100000e+00
6.273333e+01	-7.490139e-02	3.100000e+00
6.276667e+01	-7.490139e-02	3.100000e+00
6.280000e+01	-7.490139e-02	3.100000e+00
6.283333e+01	-7.490139e-02	3.100000e+00
6.286667e+01	-7.490139e-02	3.100000e+00
6.290000e+01	-7.490139e-02	3.100000e+00
6.293333e+01	-7.490139e-02	3.100000e+00
6.296667e+01	-7.490139e-02	3.100000e+00
63	-7.490139e-02	3.100000e+00
6.303333e+01	-7.490139e-02	3.100000e+00
6.306667e+01	-7.490139e-02	3.100000e+00
6.310000e+01	-7.490139e-02	3.100000e+00
6.313333e+01	-7.490139e-02	3.100000e+00
6.316667e+01	-7.490139e-02	3.100000e+00
6.320000e+01	-7.490139e-02	3.100000e+00
6.323333e+01	-7.490139e-02	3.100000e+00
6.326667e+01	-7.490139e-02	3.100000e+00
6.330000e+01	-7.490139e-02	3.100000e+00
6.333333e+01	-7.490139e-02	3.100000e+00
6.336667e+01	-7.490139e-02	3.100000e+00
6.340000e+01	-7.490139e-02	3.100000e+00
6.343333e+01	-7.490139e-02	3.100000e+00
6.346667e+01	-7.490139e-02	3.100000e+00
6.350000e+01	-7.490139e-02	3.100000e+00
6.353333e+01	-7.490139e-02	3.100000e+00
6.356667e+01	-7.490139e-02	3.100000e+00
6.360000e+01	-7.490139e-02	3.100000e+00
6.363333e+01	-7.490139e-02	3.100000e+00
6.366667e+01	-7.490139e-02	3.100000e+00
6.370000e+01	-7.490139e-02	3.100000e+00
6.373333e+01	-7.490139e-02	3.100000e+00
6.376667e+01	-7.490139e-02	3.100000e+00
6.380000e+01	-7.490139e-02	3.100000e+00
6.383333e+01	-7.490139e-02	3.100000e+00
6.386667e+01	-7.490139e-02	3.100000e+00
6.390000e+01	-7.490139e-02	3.100000e+00
6.393333e+01	-7.490139e-02	3.100000e+00
6.396667e+01	-7.490139e-02	3.100000e+00
64	-7.490139e-02	3.100000e+00
6.403333e+01	-7.490139e-02	3.100000e+00
6.406667e+01	-7.490139e-02	3.100000e+00
6.410000e+01	-7.490139e-02	3.100000e+00
6.413333e+01	-7.490139e-02	3.100000e+00
6.416667e+01	-7.490139e-02	3.100000e+00
6.420000e+01	-7.490139e-02	3.100000e+00
6.423333e+01	-7.490139e-02	3.100000e+00
6.426667e+01	-7.490139e-02	3.100000e+00
6.430000e+01	-7.490139e-02	3.100000e+00
6.433333e+01	-7.490139e-02	3.100000e+00
6.436667e+01	-7.490139e-02	3.100000e+00
6.440000e+01	-7.490139e-02	3.100000e+00
6.443333e+01	-7.490139e-02	3.100000e+00
6.446667e+01	-7.490139e-02	3.100000e+00
6.450000e+01	-7.490139e-02	3.100000e+00
6.453333e+01	-7.490139e-02	3.100000e+00
6.456667e+01	-7.490139e-02	3.100000e+00
6.460000e+01	-7.490139e-02	3.100000e+00
6.463333e+01	-7.490139e-02	3.100000e+00
6.466667e+01	-7.490139e-02	3.100000e+00
6.470000e+01	-7.490139e-02	3.100000e+00
6.473333e+01	-7.490139e-02	3.100000e+00
6.476667e+01	-7.490139e-02	3.100000e+00
6.480000e+01	-7.490139e-02	3.100000e+00
6.483333e+01	-7.490139e-02	3.100000e+00
6.486667e+01	-7.490139e-02	3.100000e+00
6.490000e+01	-7.490139e-02	3.100000e+00
6.493333e+01	-7.490139e-02	3.100000e+00
6.496667e+01	-7.490139e-02	3.100000e+00
65	-7.490139e-02	3.100000e+00
6.503333e+01	-7.490139e-02	3.100000e+00
6.506667e+01	-7.490139e-02	3.100000e+00
6.510000e+01	-7.490139e-02	3.100000e+00
6.513333e+01	-7.490139e-02	3.100000e+00
6.516667e+01	-7.490139e-02	3.100000e+00
6.520000e+01	-7.490139e-02	3.100000e+00
6.523333e+01	-7.490139e-02	3.100000e+00
6.526667e+01	-7.490139e-02	3.100000e+00
6.530000e+01	-7.490139e-02	3.100000e+00
6.533333e+01	-7.490139e-02	3.100000e+00
6.536667e+01	-7.490139e-02	3.100000e+00
6.540000e+01	-7.490139e-02	3.100000e+00
6.543333e+01	-7.490139e-02	3.100000e+00
6.546667e+01	-7.490139e-02	3.100000e+00
6.550000e+01	-7.490139e-02	3.100000e+00
6.553333e+01	-7.490139e-02	3.100000e+00
6.556667e+01	-7.490139e-02	3.100000e+00
6.560000e+01	-7.490139e-02	3.100000e+00
6.563333e+01	-7.490139e-02	3.100000e+00
6.566667e+01	-7.490139e-02	3.100000e+00
6.570000e+01	-7.490139e-02	3.100000e+00
6.573333e+01	-7.490139e-02	3.100000e+00
6.576667e+01	-7.490139e-02	3.100000e+00
6.580000e+01	-7.490139e-02	3.100000e+00
6.583333e+01	-7.490139e-02	3.100000e+00
6.586667e+01	-7.490139e-02	3.100000e+00
6.590000e+01	-7.490139e-02	3.100000e+00
6.593333e+01	-7.490139e-02	3.100000e+00
6.596667e+01	-7.490139e-02	3.100000e+00
66	-7.490139e-02	3.100000e+00
6.603333e+01	-7.490139e-02	3.100000e+00
6.606667e+01	-7.490139e-02	3.100000e+00
6.610000e+01	-7.490139e-02	3.100000e+00
6.613333e+01	-7.490139e-02	3.100000e+00
6.616667e+01	-7.490139e-02	3.100000e+00
6.620000e+01	-7.490139e-02	3.100000e+00
6.623333e+01	-7.490139e-02	3.100000e+00
6.626667e+01	-7.490139e-02	3.100000e+00
6.630000e+01	-7.490139e-02	3.100000e+00
6.633333e+01	-7.490139e-02	3.100000e+00
6.636667e+01	-7.490139e-02	3.100000e+00
6.640000e+01	-7.490139e-02	3.100000e+00
6.643333e+01	-7.490139e-02	3.100000e+00
6.646667e+01	-7.490139e-02	3.100000e+00
6.650000e+01	-7.490139e-02	3.100000e+00
6.653333e+01	-7.490139e-02	3.100000e+00
6.656667e+01	-7.490139e-02	3.100000e+00
6.660000e+01	-7.490139e-02	3.100000e+00
6.663333e+01	-7.490139e-02	3.100000e+00
6.666667e+01	-7.490139e-02	3.100000e+00
6.670000e+01	-7.490139e-02	3.100000e+00
6.673333e+01	-7.490139e-02	3.100000e+00
6.676667e+01	-7.490139e-02	3.100000e+00
6.680000e+01	-7.490139e-02	3.100000e+00
6.683333e+01	-7.490139e-02	3.100000e+00
6.686667e+01	-7.490139e-02	3.100000e+00
6.690000e+01	-7.490139e-02	3.100000e+00
6.693333e+01	-7.458472e-02	3.101061e+00
6.696667e+01	-7.248043e-02	3.108113e+00
67	-6.667152e-02	3.127578e+00
6.703333e+01	-5.830048e-02	3.155630e+00
6.706667e+01	-5.244368e-02	3.175256e+00
6.710000e+01	-5.315822e-02	3.172861e+00
6.713333e+01	-5.975014e-02	3.150772e+00
6.716667e+01	-6.841180e-02	3.121747e+00
6.720000e+01	-7.516055e-02	3.099132e+00
6.723333e+01	-7.781699e-02	3.090230e+00
6.726667e+01	-7.695403e-02	3.093122e+00
6.730000e+01	-7.493971e-02	3.099872e+00
6.733333e+01	-7.381793e-02	3.103631e+00
6.736667e+01	-7.404722e-02	3.102862e+00
6.740000e+01	-7.485375e-02	3.100160e+00
6.743333e+01	-7.535333e-02	3.098486e+00
6.746667e+01	-7.528304e-02	3.098721e+00
6.750000e+01	-7.494063e-02	3.099869e+00
6.753333e+01	-7.471184e-02	3.100635e+00
6.756667e+01	-7.472932e-02	3.100577e+00
6.760000e+01	-7.487524e-02	3.100088e+00
6.763333e+01	-7.498020e-02	3.099736e+00
6.766667e+01	-7.497868e-02	3.099741e+00
6.770000e+01	-7.491683e-02	3.099948e+00
6.773333e+01	-7.486892e-02	3.100109e+00
6.776667e+01	-7.486686e-02	3.100116e+00
6.780000e+01	-7.489291e-02	3.100028e+00
6.783333e+01	-7.491466e-02	3.099956e+00
6.786667e+01	-7.491676e-02	3.099949e+00
6.790000e+01	-7.490585e-02	3.099985e+00
6.793333e+01	-7.489603e-02	3.100018e+00
6.796667e+01	-7.489459e-02	3.100023e+00
68	-7.489912e-02	3.100008e+00
6.803333e+01	-7.490353e-02	3.099993e+00
6.806667e+01	-7.490439e-02	3.099990e+00
6.810000e+01	-7.490252e-02	3.099996e+00
6.813333e+01	-7.490055e-02	3.100003e+00
6.816667e+01	-7.490008e-02	3.100004e+00
6.820000e+01	-7.490084e-02	3.100002e+00
6.823333e+01	-7.490172e-02	3.099999e+00
6.826667e+01	-7.490197e-02	3.099998e+00
6.830000e+01	-7.490166e-02	3.099999e+00
6.833333e+01	-7.490127e-02	3.100000e+00
6.836667e+01	-7.490114e-02	3.100001e+00
6.840000e+01	-7.490127e-02	3.100000e+00
6.843333e+01	-7.490144e-02	3.100000e+00
6.846667e+01	-7.490150e-02	3.100000e+00
6.850000e+01	-7.490145e-02	3.100000e+00
6.853333e+01	-7.490138e-02	3.100000e+00
6.856667e+01	-7.490135e-02	3.100000e+00
6.860000e+01	-7.490137e-02	3.100000e+00
6.863333e+01	-7.490140e-02	3.100000e+00
6.866667e+01	-7.490141e-02	3.100000e+00
6.870000e+01	-7.490141e-02	3.100000e+00
6.873333e+01	-7.490139e-02	3.100000e+00
6.876667e+01	-7.490139e-02	3.100000e+00
6.880000e+01	-7.490139e-02	3.100000e+00
6.883333e+01	-7.490139e-02	3.100000e+00
6.886667e+01	-7.490140e-02	3.100000e+00
6.890000e+01	-7.490140e-02	3.100000e+00
6.893333e+01	-7.490139e-02	3.100000e+00
6.896667e+01	-7.490139e-02	3.100000e+00
69	-7.490139e-02	3.100000e+00
6.903333e+01	-7.490139e-02	3.100000e+00
6.906667e+01	-7.490140e-02	3.100000e+00
6.910000e+01	-7.490140e-02	3.100000e+00
6.913333e+01	-7.490139e-02	3.100000e+00
6.916667e+01	-7.490139e-02	3.100000e+00
6.920000e+01	-7.490139e-02	3.100000e+00
6.923333e+01	-7.490139e-02	3.100000e+00
6.926667e+01	-7.490139e-02	3.100000e+00
6.930000e+01	-7.490139e-02	3.100000e+00
6.933333e+01	-7.490139e-02	3.100000e+00
6.936667e+01	-7.490139e-02	3.100000e+00
6.940000e+01	-7.490139e-02	3.100000e+00
6.943333e+01	-7.490139e-02	3.100000e+00
6.946667e+01	-7.490139e-02	3.100000e+00
6.950000e+01	-7.490139e-02	3.100000e+00
6.953333e+01	-7.490139e-02	3.100000e+00
6.956667e+01	-7.490139e-02	3.100000e+00
6.960000e+01	-7.490139e-02	3.100000e+00
6.963333e+01	-7.521807e-02	3.098939e+00
6.966667e+01	-7.732236e-02	3.091887e+00
6.970000e+01	-8.344794e-02	3.071361e+00
6.973333e+01	-9.360659e-02	3.037319e+00
6.976667e+01	-1.038014e-01	3.003156e+00
6.980000e+01	-1.092242e-01	2.984985e+00
6.983333e+01	-1.084773e-01	2.987487e+00
6.986667e+01	-1.030980e-01	3.005513e+00
6.990000e+01	-9.456546e-02	3.034106e+00
6.993333e+01	-8.432841e-02	3.068410e+00
6.996667e+01	-7.543437e-02	3.098214e+00
70	-7.107949e-02	3.112807e+00
7.003333e+01	-7.160364e-02	3.111051e+00
7.006667e+01	-7.433811e-02	3.101888e+00
7.010000e+01	-7.626532e-02	3.095430e+00
7.013333e+01	-7.627762e-02	3.095388e+00
7.016667e+01	-7.520184e-02	3.098993e+00
7.020000e+01	-7.466617e-02	3.100788e+00
7.023333e+01	-7.671659e-02	3.093917e+00
7.026667e+01	-8.328973e-02	3.071891e+00
7.030000e+01	-9.383168e-02	3.036565e+00
7.033333e+01	-1.040702e-01	3.002256e+00
7.036667e+01	-1.093061e-01	2.984710e+00
7.040000e+01	-1.087033e-01	2.986730e+00
7.043333e+01	-1.054001e-01	2.997799e+00
7.046667e+01	-1.030707e-01	3.005605e+00
7.050000e+01	-1.030697e-01	3.005608e+00
7.053333e+01	-1.043867e-01	3.001195e+00
7.056667e+01	-1.054227e-01	2.997723e+00
7.060000e+01	-1.054821e-01	2.997524e+00
7.063333e+01	-1.049328e-01	2.999365e+00
7.066667e+01	-1.044660e-01	3.000929e+00
7.070000e+01	-1.044152e-01	3.001099e+00
7.073333e+01	-1.046448e-01	3.000330e+00
7.076667e+01	-1.048552e-01	2.999625e+00
7.080000e+01	-1.045717e-01	3.000575e+00
7.083333e+01	-1.023722e-01	3.007946e+00
7.086667e+01	-9.646889e-02	3.027727e+00
7.090000e+01	-8.839512e-02	3.054783e+00
7.093333e+01	-8.436515e-02	3.068287e+00
7.096667e+01	-8.914314e-02	3.052276e+00
71	-9.946204e-02	3.017697e+00
7.103333e+01	-1.060395e-01	2.995656e+00
7.106667e+01	-1.018720e-01	3.009622e+00
7.110000e+01	-8.851123e-02	3.054394e+00
7.113333e+01	-7.461519e-02	3.100959e+00
7.116667e+01	-6.805434e-02	3.122944e+00
7.120000e+01	-7.001084e-02	3.116388e+00
7.123333e+01	-7.699596e-02	3.092981e+00
7.126667e+01	-8.609859e-02	3.062478e+00
7.130000e+01	-9.585983e-02	3.029768e+00
7.133333e+01	-1.040502e-01	3.002323e+00
7.136667e+01	-1.081250e-01	2.988668e+00
7.140000e+01	-1.077864e-01	2.989803e+00
7.143333e+01	-1.053601e-01	2.997933e+00
7.146667e+01	-1.035687e-01	3.003936e+00
7.150000e+01	-1.034855e-01	3.004215e+00
7.153333e+01	-1.044269e-01	3.001060e+00
7.156667e+01	-1.052142e-01	2.998422e+00
7.160000e+01	-1.052944e-01	2.998153e+00
7.163333e+01	-1.049052e-01	2.999458e+00
7.166667e+01	-1.045527e-01	3.000639e+00
7.170000e+01	-1.044996e-01	3.000817e+00
7.173333e+01	-1.046613e-01	3.000275e+00
7.176667e+01	-1.048194e-01	2.999745e+00
7.180000e+01	-1.048507e-01	2.999640e+00
7.183333e+01	-1.047841e-01	2.999863e+00
7.186667e+01	-1.047134e-01	3.000100e+00
7.190000e+01	-1.046961e-01	3.000158e+00
7.193333e+01	-1.047234e-01	3.000067e+00
7.196667e+01	-1.047548e-01	2.999961e+00
72	-1.047639e-01	2.999931e+00
7.203333e+01	-1.047529e-01	2.999968e+00
7.206667e+01	-1.047389e-01	3.000015e+00
7.210000e+01	-1.047343e-01	3.000030e+00
7.213333e+01	-1.047387e-01	3.000015e+00
7.216667e+01	-1.047449e-01	2.999995e+00
7.220000e+01	-1.044305e-01	3.001048e+00
7.223333e+01	-1.023245e-01	3.008105e+00
7.226667e+01	-9.619619e-02	3.028641e+00
7.230000e+01	-8.603641e-02	3.062687e+00
7.233333e+01	-7.584230e-02	3.096847e+00
7.236667e+01	-7.042067e-02	3.115015e+00
7.240000e+01	-7.085142e-02	3.113571e+00
7.243333e+01	-7.412615e-02	3.102598e+00
7.246667e+01	-7.653262e-02	3.094534e+00
7.250000e+01	-7.661076e-02	3.094272e+00
7.253333e+01	-7.531012e-02	3.098630e+00
7.256667e+01	-7.424241e-02	3.102208e+00
7.260000e+01	-7.414859e-02	3.102523e+00
7.263333e+01	-7.468907e-02	3.100712e+00
7.266667e+01	-7.516875e-02	3.099104e+00
7.270000e+01	-7.523479e-02	3.098883e+00
7.273333e+01	-7.500984e-02	3.099637e+00
7.276667e+01	-7.479430e-02	3.100359e+00
7.280000e+01	-7.475426e-02	3.100493e+00
7.283333e+01	-7.484720e-02	3.100182e+00
7.286667e+01	-7.494366e-02	3.099858e+00
7.290000e+01	-7.496605e-02	3.099783e+00
7.293333e+01	-7.492798e-02	3.099911e+00
7.296667e+01	-7.488501e-02	3.100055e+00
73	-7.487311e-02	3.100095e+00
7.303333e+01	-7.488855e-02	3.100043e+00
7.306667e+01	-7.490760e-02	3.099979e+00
7.310000e+01	-7.491371e-02	3.099959e+00
7.313333e+01	-7.490753e-02	3.099979e+00
7.316667e+01	-7.489912e-02	3.100008e+00
7.320000e+01	-7.489605e-02	3.100018e+00
7.323333e+01	-7.489850e-02	3.100010e+00
7.326667e+01	-7.490220e-02	3.099997e+00
7.330000e+01	-7.490370e-02	3.099992e+00
7.333333e+01	-7.490275e-02	3.099995e+00
7.336667e+01	-7.490113e-02	3.100001e+00
7.340000e+01	-7.490040e-02	3.100003e+00
7.343333e+01	-7.490076e-02	3.100002e+00
7.346667e+01	-7.490147e-02	3.100000e+00
7.350000e+01	-7.490182e-02	3.099999e+00
7.353333e+01	-7.490168e-02	3.099999e+00
7.356667e+01	-7.490138e-02	3.100000e+00
7.360000e+01	-7.490121e-02	3.100001e+00
7.363333e+01	-7.490126e-02	3.100000e+00
7.366667e+01	-7.490139e-02	3.100000e+00
7.370000e+01	-7.490147e-02	3.100000e+00
7.373333e+01	-7.490146e-02	3.100000e+00
7.376667e+01	-7.490140e-02	3.100000e+00
7.380000e+01	-7.490136e-02	3.100000e+00
7.383333e+01	-7.490137e-02	3.100000e+00
7.386667e+01	-7.490139e-02	3.100000e+00
7.390000e+01	-7.458473e-02	3.101061e+00
7.393333e+01	-7.248044e-02	3.108113e+00
7.396667e+01	-6.635485e-02	3.128639e+00
74	-5.619619e-02	3.162681e+00
7.403333e+01	-4.600141e-02	3.196844e+00
7.406667e+01	-4.057861e-02	3.215015e+00
7.410000e+01	-4.100882e-02	3.213574e+00
7.413333e+01	-4.428379e-02	3.202599e+00
7.416667e+01	-4.669078e-02	3.194534e+00
7.420000e+01	-4.676918e-02	3.194271e+00
7.423333e+01	-4.546844e-02	3.198630e+00
7.426667e+01	-4.440051e-02	3.202208e+00
7.430000e+01	-4.430657e-02	3.202523e+00
7.433333e+01	-4.484708e-02	3.200712e+00
7.436667e+01	-4.532685e-02	3.199104e+00
7.440000e+01	-4.539295e-02	3.198883e+00
7.443333e+01	-4.516799e-02	3.199636e+00
7.446667e+01	-4.495241e-02	3.200359e+00
7.450000e+01	-4.491234e-02	3.200493e+00
7.453333e+01	-4.500529e-02	3.200182e+00
7.456667e+01	-4.510176e-02	3.199858e+00
7.460000e+01	-4.512416e-02	3.199783e+00
7.463333e+01	-4.508610e-02	3.199911e+00
7.466667e+01	-4.504312e-02	3.200055e+00
7.470000e+01	-4.503122e-02	3.200095e+00
7.473333e+01	-4.504665e-02	3.200043e+00
7.476667e+01	-4.506571e-02	3.199979e+00
7.480000e+01	-4.507182e-02	3.199959e+00
7.483333e+01	-4.506564e-02	3.199979e+00
7.486667e+01	-4.505722e-02	3.200008e+00
7.490000e+01	-4.505416e-02	3.200018e+00
7.493333e+01	-4.505661e-02	3.200010e+00
7.496667e+01	-4.506030e-02	3.199997e+00
75	-4.506181e-02	3.199992e+00
7.503333e+01	-4.506086e-02	3.199995e+00
7.506667e+01	-4.505924e-02	3.200001e+00
7.510000e+01	-4.505851e-02	3.200003e+00
7.513333e+01	-4.505887e-02	3.200002e+00
7.516667e+01	-4.505958e-02	3.200000e+00
7.520000e+01	-4.505993e-02	3.199999e+00
7.523333e+01	-4.505979e-02	3.199999e+00
7.526667e+01	-4.505949e-02	3.200000e+00
7.530000e+01	-4.505932e-02	3.200001e+00
7.533333e+01	-4.537605e-02	3.198939e+00
7.536667e+01	-4.748047e-02	3.191887e+00
7.540000e+01	-5.328945e-02	3.172421e+00
7.543333e+01	-6.134379e-02	3.145431e+00
7.546667e+01	-6.541294e-02	3.131796e+00
7.550000e+01	-6.067706e-02	3.147666e+00
7.553333e+01	-5.005208e-02	3.183270e+00
7.556667e+01	-4.135432e-02	3.212416e+00
7.560000e+01	-3.937756e-02	3.219040e+00
7.563333e+01	-4.257413e-02	3.208328e+00
7.566667e+01	-4.628184e-02	3.195904e+00
7.570000e+01	-4.742816e-02	3.192063e+00
7.573333e+01	-4.622136e-02	3.196107e+00
7.576667e+01	-4.461294e-02	3.201496e+00
7.580000e+01	-4.403923e-02	3.203419e+00
7.583333e+01	-4.451364e-02	3.201829e+00
7.586667e+01	-4.521837e-02	3.199468e+00
7.590000e+01	-4.550004e-02	3.198524e+00
7.593333e+01	-4.531515e-02	3.199143e+00
7.596667e+01	-4.500662e-02	3.200177e+00
76	-4.487008e-02	3.200635e+00
7.603333e+01	-4.494063e-02	3.200398e+00
7.606667e+01	-4.507517e-02	3.199947e+00
7.610000e+01	-4.514054e-02	3.199728e+00
7.613333e+01	-4.511438e-02	3.199816e+00
7.616667e+01	-4.505597e-02	3.200012e+00
7.620000e+01	-4.502501e-02	3.200116e+00
7.623333e+01	-4.503433e-02	3.200084e+00
7.626667e+01	-4.505958e-02	3.200000e+00
7.630000e+01	-4.539078e-02	3.198890e+00
7.633333e+01	-4.749195e-02	3.191849e+00
7.636667e+01	-5.360667e-02	3.171358e+00
7.640000e+01	-6.375856e-02	3.137340e+00
7.643333e+01	-7.395428e-02	3.103174e+00
7.646667e+01	-7.938173e-02	3.084986e+00
7.650000e+01	-7.895465e-02	3.086418e+00
7.653333e+01	-7.567945e-02	3.097393e+00
7.656667e+01	-7.327049e-02	3.105465e+00
7.660000e+01	-7.319066e-02	3.105733e+00
7.663333e+01	-7.449141e-02	3.101374e+00
7.666667e+01	-7.556017e-02	3.097792e+00
7.670000e+01	-7.565476e-02	3.097475e+00
7.673333e+01	-7.511429e-02	3.099287e+00
7.676667e+01	-7.463416e-02	3.100895e+00
7.680000e+01	-7.456777e-02	3.101118e+00
7.683333e+01	-7.479270e-02	3.100364e+00
7.686667e+01	-7.500843e-02	3.099641e+00
7.690000e+01	-7.504863e-02	3.099507e+00
7.693333e+01	-7.495570e-02	3.099818e+00
7.696667e+01	-7.485917e-02	3.100142e+00
77	-7.483671e-02	3.100217e+00
7.703333e+01	-7.487476e-02	3.100089e+00
7.706667e+01	-7.491776e-02	3.099945e+00
7.710000e+01	-7.492969e-02	3.099905e+00
7.713333e+01	-7.491426e-02	3.099957e+00
7.716667e+01	-7.489520e-02	3.100021e+00
7.720000e+01	-7.488907e-02	3.100041e+00
7.723333e+01	-7.489525e-02	3.100021e+00
7.726667e+01	-7.490367e-02	3.099992e+00
7.730000e+01	-7.490674e-02	3.099982e+00
7.733333e+01	-7.490430e-02	3.099990e+00
7.736667e+01	-7.490060e-02	3.100003e+00
7.740000e+01	-7.489909e-02	3.100008e+00
7.743333e+01	-7.490004e-02	3.100005e+00
7.746667e+01	-7.490166e-02	3.099999e+00
7.750000e+01	-7.490239e-02	3.099997e+00
7.753333e+01	-7.490203e-02	3.099998e+00
7.756667e+01	-7.490132e-02	3.100000e+00
7.760000e+01	-7.490097e-02	3.100001e+00
7.763333e+01	-7.490110e-02	3.100001e+00
7.766667e+01	-7.490141e-02	3.100000e+00
7.770000e+01	-7.490157e-02	3.099999e+00
7.773333e+01	-7.490153e-02	3.100000e+00
7.776667e+01	-7.490140e-02	3.100000e+00
7.780000e+01	-7.490132e-02	3.100000e+00
7.783333e+01	-7.490133e-02	3.100000e+00
7.786667e+01	-7.490139e-02	3.100000e+00
7.790000e+01	-7.490143e-02	3.100000e+00
7.793333e+01	-7.490142e-02	3.100000e+00
7.796667e+01	-7.490140e-02	3.100000e+00
78	-7.490138e-02	3.100000e+00
7.803333e+01	-7.490138e-02	3.100000e+00
7.806667e+01	-7.490139e-02	3.100000e+00
7.810000e+01	-7.490140e-02	3.100000e+00
7.813333e+01	-7.521808e-02	3.098939e+00
7.816667e+01	-7.732236e-02	3.091887e+00
7.820000e+01	-8.344794e-02	3.071361e+00
7.823333e+01	-9.360659e-02	3.037319e+00
7.826667e+01	-1.038014e-01	3.003156e+00
7.830000e+01	-1.092242e-01	2.984985e+00
7.833333e+01	-1.087940e-01	2.986426e+00
7.836667e+01	-1.055190e-01	2.997401e+00
7.840000e+01	-1.031120e-01	3.005466e+00
7.843333e+01	-1.030336e-01	3.005729e+00
7.846667e+01	-1.043343e-01	3.001370e+00
7.850000e+01	-1.054023e-01	2.997792e+00
7.853333e+01	-1.054962e-01	2.997477e+00
7.856667e+01	-1.049557e-01	2.999288e+00
7.860000e+01	-1.044759e-01	3.000896e+00
7.863333e+01	-1.044098e-01	3.001117e+00
7.866667e+01	-1.046348e-01	3.000364e+00
7.870000e+01	-1.048504e-01	2.999641e+00
7.873333e+01	-1.048904e-01	2.999507e+00
7.876667e+01	-1.047975e-01	2.999818e+00
7.880000e+01	-1.047010e-01	3.000142e+00
7.883333e+01	-1.046786e-01	3.000217e+00
7.886667e+01	-1.050334e-01	2.999028e+00
7.890000e+01	-1.071806e-01	2.991832e+00
7.893333e+01	-1.130014e-01	2.972327e+00
7.896667e+01	-1.210404e-01	2.945389e+00
79	-1.250905e-01	2.931817e+00
7.903333e+01	-1.203486e-01	2.947707e+00
7.906667e+01	-1.097298e-01	2.983290e+00
7.910000e+01	-1.010404e-01	3.012408e+00
7.913333e+01	-9.906667e-02	3.019022e+00
7.916667e+01	-1.022608e-01	3.008319e+00
7.920000e+01	-1.059648e-01	2.995907e+00
7.923333e+01	-1.071096e-01	2.992070e+00
7.926667e+01	-1.059038e-01	2.996111e+00
7.930000e+01	-1.042970e-01	3.001496e+00
7.933333e+01	-1.037240e-01	3.003416e+00
7.936667e+01	-1.041980e-01	3.001827e+00
7.940000e+01	-1.049021e-01	2.999468e+00
7.943333e+01	-1.051834e-01	2.998525e+00
7.946667e+01	-1.049986e-01	2.999144e+00
7.950000e+01	-1.046904e-01	3.000177e+00
7.953333e+01	-1.045540e-01	3.000634e+00
7.956667e+01	-1.046245e-01	3.000398e+00
7.960000e+01	-1.047590e-01	2.999947e+00
7.963333e+01	-1.048242e-01	2.999729e+00
7.966667e+01	-1.047981e-01	2.999816e+00
7.970000e+01	-1.047398e-01	3.000012e+00
7.973333e+01	-1.050255e-01	2.999054e+00
7.976667e+01	-1.071391e-01	2.991972e+00
7.980000e+01	-1.132899e-01	2.971360e+00
7.983333e+01	-1.234631e-01	2.937270e+00
7.986667e+01	-1.336547e-01	2.903118e+00
7.990000e+01	-1.390667e-01	2.884982e+00
7.993333e+01	-1.386297e-01	2.886447e+00
7.996667e+01	-1.350390e-01	2.898479e+00
80	-1.305324e-01	2.913581e+00
8.003333e+01	-1.243315e-01	2.934360e+00
8.006667e+01	-1.154734e-01	2.964043e+00
8.010000e+01	-1.063446e-01	2.994634e+00
8.013333e+01	-1.010143e-01	3.012496e+00
8.016667e+01	-1.009040e-01	3.012866e+00
8.020000e+01	-1.037000e-01	3.003496e+00
8.023333e+01	-1.060415e-01	2.995650e+00
8.026667e+01	-1.063449e-01	2.994633e+00
8.030000e+01	-1.052594e-01	2.998270e+00
8.033333e+01	-1.042313e-01	3.001716e+00
8.036667e+01	-1.040444e-01	3.002342e+00
8.040000e+01	-1.044885e-01	3.000854e+00
8.043333e+01	-1.049460e-01	2.999321e+00
8.046667e+01	-1.050502e-01	2.998971e+00
8.050000e+01	-1.048682e-01	2.999581e+00
8.053333e+01	-1.046645e-01	3.000264e+00
8.056667e+01	-1.046089e-01	3.000450e+00
8.060000e+01	-1.046829e-01	3.000203e+00
8.063333e+01	-1.047732e-01	2.999900e+00
8.066667e+01	-1.048018e-01	2.999804e+00
8.070000e+01	-1.047722e-01	2.999903e+00
8.073333e+01	-1.047322e-01	3.000037e+00
8.076667e+01	-1.047179e-01	3.000085e+00
8.080000e+01	-1.047296e-01	3.000046e+00
8.083333e+01	-1.044305e-01	3.001048e+00
8.086667e+01	-1.023333e-01	3.008076e+00
8.090000e+01	-9.620313e-02	3.028618e+00
8.093333e+01	-8.603680e-02	3.062685e+00
8.096667e+01	-7.583859e-02	3.096859e+00
81	-7.041753e-02	3.115025e+00
8.103333e+01	-7.085108e-02	3.113573e+00
8.106667e+01	-7.444438e-02	3.101531e+00
8.110000e+01	-7.895501e-02	3.086416e+00
8.113333e+01	-8.515754e-02	3.065632e+00
8.116667e+01	-9.401467e-02	3.035952e+00
8.120000e+01	-1.031418e-01	3.005367e+00
8.123333e+01	-1.084712e-01	2.987508e+00
8.126667e+01	-1.085819e-01	2.987137e+00
8.130000e+01	-1.057866e-01	2.996504e+00
8.133333e+01	-1.034455e-01	3.004349e+00
8.136667e+01	-1.031419e-01	3.005366e+00
8.140000e+01	-1.042271e-01	3.001730e+00
8.143333e+01	-1.052551e-01	2.998285e+00
8.146667e+01	-1.054421e-01	2.997658e+00
8.150000e+01	-1.049980e-01	2.999146e+00
8.153333e+01	-1.045406e-01	3.000679e+00
8.156667e+01	-1.044364e-01	3.001028e+00
8.160000e+01	-1.046184e-01	3.000419e+00
8.163333e+01	-1.048221e-01	2.999736e+00
8.166667e+01	-1.048776e-01	2.999550e+00
0	0	0
0	0	0
0	0	0
