0	-5.154533e-03	5.071361e+00
3.333333e-02	-1.183244e-02	5.037319e+00
6.666667e-02	-1.853410e-02	5.003156e+00
1.000000e-01	-2.209886e-02	4.984985e+00
1.333333e-01	-2.181606e-02	4.986426e+00
1.666667e-01	-1.966321e-02	4.997401e+00
2.000000e-01	-1.828912e-02	5.004405e+00
2.333333e-01	-1.962086e-02	4.997616e+00
2.666667e-01	-2.450265e-02	4.972731e+00
3.000000e-01	-3.188258e-02	4.935111e+00
3.333333e-01	-3.864599e-02	4.900633e+00
3.666667e-01	-4.185543e-02	4.884273e+00
4.000000e-01	-4.125725e-02	4.887322e+00
4.333333e-01	-3.906095e-02	4.898518e+00
4.666667e-01	-3.762657e-02	4.905830e+00
5.000000e-01	-3.771674e-02	4.905370e+00
5.333333e-01	-3.880631e-02	4.899816e+00
5.666667e-01	-4.083051e-02	4.889497e+00
6.000000e-01	-4.485557e-02	4.868979e+00
6.333333e-01	-5.116345e-02	4.836824e+00
6.666667e-01	-5.757475e-02	4.804141e+00
7.000000e-01	-6.112430e-02	4.786047e+00
7.333333e-01	-6.099720e-02	4.786695e+00
7.666667e-01	-5.897593e-02	4.796999e+00
8.000000e-01	-5.740748e-02	4.804994e+00
8.333333e-01	-5.708265e-02	4.806650e+00
8.666667e-01	-5.649507e-02	4.809645e+00
9.000000e-01	-5.316117e-02	4.826640e+00
9.333333e-01	-4.657204e-02	4.860229e+00
9.666667e-01	-3.954171e-02	4.896067e+00
1	-3.566697e-02	4.915819e+00
1.033333e+00	-3.589519e-02	4.914656e+00
1.066667e+00	-3.797584e-02	4.904049e+00
1.100000e+00	-3.831358e-02	4.902328e+00
1.133333e+00	-3.436927e-02	4.922434e+00
1.166667e+00	-2.678050e-02	4.961119e+00
1.200000e+00	-1.931495e-02	4.999176e+00
1.233333e+00	-1.567189e-02	5.017747e+00
1.266667e+00	-1.633268e-02	5.014378e+00
1.300000e+00	-1.882837e-02	5.001656e+00
1.333333e+00	-2.046264e-02	4.993325e+00
1.366667e+00	-2.035718e-02	4.993863e+00
1.400000e+00	-1.934828e-02	4.999006e+00
1.433333e+00	-1.861562e-02	5.002741e+00
1.466667e+00	-1.861858e-02	5.002726e+00
1.500000e+00	-1.904264e-02	5.000564e+00
1.533333e+00	-1.937488e-02	4.998870e+00
1.566667e+00	-1.971717e-02	4.997126e+00
1.600000e+00	-2.170007e-02	4.987017e+00
1.633333e+00	-2.784126e-02	4.955712e+00
1.666667e+00	-3.824684e-02	4.902668e+00
1.700000e+00	-4.869337e-02	4.849415e+00
1.733333e+00	-5.398008e-02	4.822466e+00
1.766667e+00	-5.278016e-02	4.828582e+00
1.800000e+00	-4.819798e-02	4.851941e+00
1.833333e+00	-4.428505e-02	4.871887e+00
1.866667e+00	-4.280589e-02	4.879428e+00
1.900000e+00	-4.289675e-02	4.878964e+00
1.933333e+00	-4.284824e-02	4.879212e+00
1.966667e+00	-4.180529e-02	4.884528e+00
2	-4.013512e-02	4.893042e+00
2.033333e+00	-3.852610e-02	4.901244e+00
2.066667e+00	-3.658467e-02	4.911141e+00
2.100000e+00	-3.274369e-02	4.930721e+00
2.133333e+00	-2.648497e-02	4.962626e+00
2.166667e+00	-2.000548e-02	4.995656e+00
2.200000e+00	-1.638075e-02	5.014133e+00
2.233333e+00	-1.649186e-02	5.013567e+00
2.266667e+00	-1.854496e-02	5.003101e+00
2.300000e+00	-2.014762e-02	4.994931e+00
2.333333e+00	-2.027263e-02	4.994294e+00
2.366667e+00	-1.946361e-02	4.998418e+00
2.400000e+00	-1.875544e-02	5.002028e+00
2.433333e+00	-1.866223e-02	5.002503e+00
2.466667e+00	-1.920446e-02	4.999739e+00
2.500000e+00	-2.090454e-02	4.991073e+00
2.533333e+00	-2.498811e-02	4.970256e+00
2.566667e+00	-3.152790e-02	4.936919e+00
2.600000e+00	-3.808780e-02	4.903479e+00
2.633333e+00	-4.162054e-02	4.885470e+00
2.666667e+00	-4.139439e-02	4.886623e+00
2.700000e+00	-3.930473e-02	4.897275e+00
2.733333e+00	-3.773958e-02	4.905254e+00
2.766667e+00	-3.766504e-02	4.905634e+00
2.800000e+00	-3.849205e-02	4.901418e+00
2.833333e+00	-3.918525e-02	4.897884e+00
2.866667e+00	-3.925623e-02	4.897522e+00
2.900000e+00	-3.870514e-02	4.900332e+00
2.933333e+00	-3.701091e-02	4.908968e+00
2.966667e+00	-3.293707e-02	4.929735e+00
3	-2.640159e-02	4.963051e+00
3.033333e+00	-1.983946e-02	4.996502e+00
3.066667e+00	-1.630247e-02	5.014532e+00
3.100000e+00	-1.631839e-02	5.014451e+00
3.133333e+00	-1.702559e-02	5.010846e+00
3.166667e+00	-1.456586e-02	5.023385e+00
3.200000e+00	-7.963469e-03	5.057042e+00
3.233333e+00	-4.344909e-04	5.095422e+00
3.266667e+00	3.824246e-03	5.117131e+00
3.300000e+00	3.612891e-03	5.116054e+00
3.333333e+00	1.117025e-03	5.103331e+00
3.366667e+00	-7.765296e-04	5.093678e+00
3.400000e+00	-8.753893e-04	5.093174e+00
3.433333e+00	1.221282e-04	5.098259e+00
3.466667e+00	9.638203e-04	5.102550e+00
3.500000e+00	1.053433e-03	5.103007e+00
3.533333e+00	4.312307e-04	5.099835e+00
3.566667e+00	-1.329855e-03	5.090857e+00
3.600000e+00	-5.415345e-03	5.070031e+00
3.633333e+00	-1.192139e-02	5.036866e+00
3.666667e+00	-1.845357e-02	5.003567e+00
3.700000e+00	-2.198394e-02	4.985570e+00
3.733333e+00	-2.156376e-02	4.987712e+00
3.766667e+00	-1.810335e-02	5.005352e+00
3.800000e+00	-1.251319e-02	5.033849e+00
3.833333e+00	-5.754840e-03	5.068300e+00
3.866667e+00	1.254386e-04	5.098276e+00
3.900000e+00	2.998041e-03	5.112919e+00
3.933333e+00	2.641820e-03	5.111104e+00
3.966667e+00	8.293740e-04	5.101864e+00
4	-4.425188e-04	5.095381e+00
4.033333e+00	-4.459532e-04	5.095363e+00
4.066667e+00	2.677947e-04	5.099002e+00
4.100000e+00	8.305904e-04	5.101871e+00
4.133333e+00	8.641740e-04	5.102042e+00
4.166667e+00	5.670844e-04	5.100527e+00
4.200000e+00	3.138973e-04	5.099237e+00
4.233333e+00	2.858774e-04	5.099094e+00
4.266667e+00	4.099923e-04	5.099726e+00
4.300000e+00	5.240444e-04	5.100308e+00
4.333333e+00	5.422913e-04	5.100401e+00
4.366667e+00	4.907890e-04	5.100138e+00
4.400000e+00	4.396194e-04	5.099878e+00
4.433333e+00	4.290104e-04	5.099823e+00
4.466667e+00	4.502056e-04	5.099931e+00
4.500000e+00	4.730557e-04	5.100048e+00
4.533333e+00	4.788358e-04	5.100077e+00
4.566667e+00	4.701936e-04	5.100033e+00
4.600000e+00	4.600364e-04	5.099982e+00
4.633333e+00	2.488435e-04	5.098905e+00
4.666667e+00	-1.130950e-03	5.091871e+00
4.700000e+00	-5.153182e-03	5.071367e+00
4.733333e+00	-1.182956e-02	5.037334e+00
4.766667e+00	-1.853261e-02	5.003164e+00
4.800000e+00	-2.209934e-02	4.984982e+00
4.833333e+00	-2.181730e-02	4.986420e+00
4.866667e+00	-1.966391e-02	4.997397e+00
4.900000e+00	-1.808078e-02	5.005467e+00
4.933333e+00	-1.802887e-02	5.005732e+00
4.966667e+00	-1.888414e-02	5.001372e+00
5	-1.958654e-02	4.997791e+00
5.033333e+00	-1.964846e-02	4.997476e+00
5.066667e+00	-1.929308e-02	4.999287e+00
5.100000e+00	-1.897753e-02	5.000896e+00
5.133333e+00	-1.873970e-02	5.002108e+00
5.166667e+00	-1.759655e-02	5.007936e+00
5.200000e+00	-1.398005e-02	5.026371e+00
5.233333e+00	-7.787592e-03	5.057938e+00
5.266667e+00	-1.577692e-03	5.089594e+00
5.300000e+00	1.438311e-03	5.104968e+00
5.333333e+00	3.693671e-04	5.099519e+00
5.366667e+00	-2.931500e-03	5.082693e+00
5.400000e+00	-5.940705e-03	5.067353e+00
5.433333e+00	-7.481957e-03	5.059496e+00
5.466667e+00	-8.015548e-03	5.056776e+00
5.500000e+00	-8.584108e-03	5.053878e+00
5.533333e+00	-9.755321e-03	5.047907e+00
5.566667e+00	-1.138088e-02	5.039621e+00
5.600000e+00	-1.301745e-02	5.031278e+00
5.633333e+00	-1.440081e-02	5.024226e+00
5.666667e+00	-1.557829e-02	5.018224e+00
5.700000e+00	-1.672579e-02	5.012374e+00
5.733333e+00	-1.788730e-02	5.006454e+00
5.766667e+00	-1.887345e-02	5.001427e+00
5.800000e+00	-1.942645e-02	4.998607e+00
5.833333e+00	-1.948840e-02	4.998292e+00
5.866667e+00	-1.927081e-02	4.999401e+00
5.900000e+00	-1.906462e-02	5.000452e+00
5.933333e+00	-1.902025e-02	5.000678e+00
5.966667e+00	-1.930831e-02	4.999210e+00
6	-2.077912e-02	4.991712e+00
6.033333e+00	-2.482887e-02	4.971068e+00
6.066667e+00	-3.147464e-02	4.937190e+00
6.100000e+00	-3.813779e-02	4.903224e+00
6.133333e+00	-4.189893e-02	4.884051e+00
6.166667e+00	-4.301237e-02	4.878375e+00
6.200000e+00	-4.490327e-02	4.868736e+00
6.233333e+00	-5.000485e-02	4.842730e+00
6.266667e+00	-5.664983e-02	4.808856e+00
6.300000e+00	-6.106214e-02	4.786364e+00
6.333333e+00	-6.168659e-02	4.783181e+00
6.366667e+00	-6.098079e-02	4.786779e+00
6.400000e+00	-6.286506e-02	4.777173e+00
6.433333e+00	-6.779420e-02	4.752046e+00
6.466667e+00	-7.127997e-02	4.734277e+00
6.500000e+00	-6.901527e-02	4.745822e+00
6.533333e+00	-6.223358e-02	4.780392e+00
6.566667e+00	-5.618731e-02	4.811214e+00
6.600000e+00	-5.451199e-02	4.819754e+00
6.633333e+00	-5.650675e-02	4.809586e+00
6.666667e+00	-5.908868e-02	4.796424e+00
6.700000e+00	-6.009712e-02	4.791283e+00
6.733333e+00	-5.967037e-02	4.793459e+00
6.766667e+00	-5.924293e-02	4.795638e+00
6.800000e+00	-5.984777e-02	4.792554e+00
6.833333e+00	-6.138592e-02	4.784713e+00
6.866667e+00	-6.310794e-02	4.775935e+00
6.900000e+00	-6.444353e-02	4.769127e+00
6.933333e+00	-6.536557e-02	4.764427e+00
6.966667e+00	-6.618202e-02	4.760265e+00
7	-6.715304e-02	4.755315e+00
7.033333e+00	-6.830688e-02	4.749433e+00
7.066667e+00	-6.951572e-02	4.743271e+00
7.100000e+00	-7.066243e-02	4.737425e+00
7.133333e+00	-7.172837e-02	4.731991e+00
7.166667e+00	-7.276650e-02	4.726699e+00
7.200000e+00	-7.381778e-02	4.721340e+00
7.233333e+00	-7.482779e-02	4.716192e+00
7.266667e+00	-7.544282e-02	4.713056e+00
7.300000e+00	-7.463263e-02	4.717186e+00
7.333333e+00	-7.108479e-02	4.735272e+00
7.366667e+00	-6.497560e-02	4.766414e+00
7.400000e+00	-5.886473e-02	4.797566e+00
7.433333e+00	-5.566863e-02	4.813858e+00
7.466667e+00	-5.598371e-02	4.812252e+00
7.500000e+00	-5.796252e-02	4.802165e+00
7.533333e+00	-5.938368e-02	4.794920e+00
7.566667e+00	-5.940367e-02	4.794818e+00
7.600000e+00	-5.861487e-02	4.798839e+00
7.633333e+00	-5.819129e-02	4.800998e+00
7.666667e+00	-5.953019e-02	4.794173e+00
7.700000e+00	-6.388550e-02	4.771971e+00
7.733333e+00	-7.084774e-02	4.736480e+00
7.766667e+00	-7.758380e-02	4.702142e+00
7.800000e+00	-8.101147e-02	4.684669e+00
7.833333e+00	-8.060069e-02	4.686763e+00
7.866667e+00	-7.863428e-02	4.696788e+00
7.900000e+00	-7.849209e-02	4.697512e+00
7.933333e+00	-8.252464e-02	4.676956e+00
7.966667e+00	-9.007004e-02	4.638492e+00
8	-9.745039e-02	4.600870e+00
8.033333e+00	-1.012595e-01	4.581452e+00
8.066667e+00	-1.019979e-01	4.577688e+00
8.100000e+00	-1.035659e-01	4.569695e+00
8.133333e+00	-1.086295e-01	4.543883e+00
8.166667e+00	-1.154310e-01	4.509211e+00
8.200000e+00	-1.199887e-01	4.485978e+00
8.233333e+00	-1.204292e-01	4.483732e+00
8.266667e+00	-1.182753e-01	4.494712e+00
8.300000e+00	-1.162758e-01	4.504905e+00
8.333333e+00	-1.158964e-01	4.506839e+00
8.366667e+00	-1.167339e-01	4.502570e+00
8.400000e+00	-1.176114e-01	4.498096e+00
8.433333e+00	-1.178217e-01	4.497024e+00
8.466667e+00	-1.174822e-01	4.498755e+00
8.500000e+00	-1.170934e-01	4.500737e+00
8.533333e+00	-1.169829e-01	4.501300e+00
8.566667e+00	-1.169122e-01	4.501661e+00
8.600000e+00	-1.157011e-01	4.507834e+00
8.633333e+00	-1.117308e-01	4.528074e+00
8.666667e+00	-1.049979e-01	4.562395e+00
8.700000e+00	-9.822026e-02	4.596945e+00
8.733333e+00	-9.462735e-02	4.615261e+00
8.766667e+00	-9.493183e-02	4.613709e+00
8.800000e+00	-9.711804e-02	4.602564e+00
8.833333e+00	-9.871411e-02	4.594428e+00
8.866667e+00	-9.854908e-02	4.595269e+00
8.900000e+00	-9.629615e-02	4.606754e+00
8.933333e+00	-9.156074e-02	4.630893e+00
8.966667e+00	-8.482425e-02	4.665233e+00
9	-7.848425e-02	4.697552e+00
9.033333e+00	-7.523807e-02	4.714100e+00
9.066667e+00	-7.556315e-02	4.712443e+00
9.100000e+00	-7.756537e-02	4.702236e+00
9.133333e+00	-7.900441e-02	4.694901e+00
9.166667e+00	-7.903002e-02	4.694770e+00
9.200000e+00	-7.823725e-02	4.698811e+00
9.233333e+00	-7.759936e-02	4.702063e+00
9.266667e+00	-7.755220e-02	4.702304e+00
9.300000e+00	-7.788197e-02	4.700623e+00
9.333333e+00	-7.816878e-02	4.699160e+00
9.366667e+00	-7.820444e-02	4.698979e+00
9.400000e+00	-7.806693e-02	4.699680e+00
9.433333e+00	-7.793789e-02	4.700337e+00
9.466667e+00	-7.791556e-02	4.700451e+00
9.500000e+00	-7.797250e-02	4.700161e+00
9.533333e+00	-7.803032e-02	4.699866e+00
9.566667e+00	-7.804303e-02	4.699801e+00
9.600000e+00	-7.801966e-02	4.699921e+00
9.633333e+00	-7.799387e-02	4.700052e+00
9.666667e+00	-7.798703e-02	4.700087e+00
9.700000e+00	-7.799654e-02	4.700038e+00
9.733333e+00	-7.800799e-02	4.699980e+00
9.766667e+00	-7.801153e-02	4.699962e+00
9.800000e+00	-7.800770e-02	4.699982e+00
9.833333e+00	-7.800264e-02	4.700007e+00
9.866667e+00	-7.800086e-02	4.700016e+00
9.900000e+00	-7.800238e-02	4.700009e+00
9.933333e+00	-7.779643e-02	4.701059e+00
9.966667e+00	-7.641403e-02	4.708106e+00
10	-7.238671e-02	4.728635e+00
1.003333e+01	-6.570783e-02	4.762682e+00
1.006667e+01	-5.900573e-02	4.796847e+00
1.010000e+01	-5.544121e-02	4.815017e+00
1.013333e+01	-5.572444e-02	4.813574e+00
1.016667e+01	-5.787749e-02	4.802598e+00
1.020000e+01	-5.945966e-02	4.794533e+00
1.023333e+01	-5.951102e-02	4.794271e+00
1.026667e+01	-5.865586e-02	4.798630e+00
1.030000e+01	-5.795388e-02	4.802209e+00
1.033333e+01	-5.789221e-02	4.802523e+00
1.036667e+01	-5.824756e-02	4.800712e+00
1.040000e+01	-5.856294e-02	4.799104e+00
1.043333e+01	-5.881452e-02	4.797821e+00
1.046667e+01	-6.004990e-02	4.791524e+00
1.050000e+01	-6.393492e-02	4.771720e+00
1.053333e+01	-7.058651e-02	4.737812e+00
1.056667e+01	-7.734928e-02	4.703338e+00
1.060000e+01	-8.097745e-02	4.684843e+00
1.063333e+01	-8.070937e-02	4.686209e+00
1.066667e+01	-7.853149e-02	4.697311e+00
1.070000e+01	-7.692098e-02	4.705521e+00
1.073333e+01	-7.686162e-02	4.705824e+00
1.076667e+01	-7.772682e-02	4.701413e+00
1.080000e+01	-7.844137e-02	4.697771e+00
1.083333e+01	-7.850714e-02	4.697436e+00
1.086667e+01	-7.814776e-02	4.699268e+00
1.090000e+01	-7.782685e-02	4.700904e+00
1.093333e+01	-7.778138e-02	4.701135e+00
1.096667e+01	-7.793087e-02	4.700373e+00
11	-7.807501e-02	4.699638e+00
1.103333e+01	-7.810234e-02	4.699499e+00
1.106667e+01	-7.804062e-02	4.699814e+00
1.110000e+01	-7.797614e-02	4.700142e+00
1.113333e+01	-7.796093e-02	4.700220e+00
1.116667e+01	-7.777802e-02	4.701152e+00
1.120000e+01	-7.642345e-02	4.708058e+00
1.123333e+01	-7.240478e-02	4.728543e+00
1.126667e+01	-6.571664e-02	4.762637e+00
1.130000e+01	-5.900224e-02	4.796864e+00
1.133333e+01	-5.564154e-02	4.813996e+00
1.136667e+01	-5.731172e-02	4.805482e+00
1.140000e+01	-6.328874e-02	4.775014e+00
1.143333e+01	-7.037587e-02	4.738886e+00
1.146667e+01	-7.427583e-02	4.719005e+00
1.150000e+01	-7.294859e-02	4.725771e+00
1.153333e+01	-6.812046e-02	4.750383e+00
1.156667e+01	-6.374877e-02	4.772668e+00
1.160000e+01	-6.369551e-02	4.772940e+00
1.163333e+01	-6.894305e-02	4.746190e+00
1.166667e+01	-7.625520e-02	4.708915e+00
1.170000e+01	-8.099574e-02	4.684750e+00
1.173333e+01	-8.130841e-02	4.683156e+00
1.176667e+01	-7.897858e-02	4.695032e+00
1.180000e+01	-7.692745e-02	4.705488e+00
1.183333e+01	-7.661103e-02	4.707101e+00
1.186667e+01	-7.731881e-02	4.703493e+00
1.190000e+01	-7.683752e-02	4.705947e+00
1.193333e+01	-7.299464e-02	4.725536e+00
1.196667e+01	-6.594212e-02	4.761488e+00
12	-5.883933e-02	4.797695e+00
1.203333e+01	-5.538286e-02	4.815315e+00
1.206667e+01	-5.699366e-02	4.807104e+00
1.210000e+01	-6.196825e-02	4.781745e+00
1.213333e+01	-6.625398e-02	4.759898e+00
1.216667e+01	-6.647569e-02	4.758768e+00
1.220000e+01	-6.378807e-02	4.772468e+00
1.223333e+01	-6.323864e-02	4.775269e+00
1.226667e+01	-6.781558e-02	4.751937e+00
1.230000e+01	-7.420440e-02	4.719369e+00
1.233333e+01	-7.597485e-02	4.710344e+00
1.236667e+01	-7.069275e-02	4.737271e+00
1.240000e+01	-6.245914e-02	4.779242e+00
1.243333e+01	-5.734148e-02	4.805330e+00
1.246667e+01	-5.774688e-02	4.803264e+00
1.250000e+01	-6.154251e-02	4.783915e+00
1.253333e+01	-6.521784e-02	4.765180e+00
1.256667e+01	-6.697914e-02	4.756201e+00
1.260000e+01	-6.732663e-02	4.754430e+00
1.263333e+01	-6.765957e-02	4.752733e+00
1.266667e+01	-6.879122e-02	4.746964e+00
1.270000e+01	-7.055864e-02	4.737954e+00
1.273333e+01	-7.236575e-02	4.728742e+00
1.276667e+01	-7.383715e-02	4.721242e+00
1.280000e+01	-7.502102e-02	4.715207e+00
1.283333e+01	-7.617210e-02	4.709339e+00
1.286667e+01	-7.746347e-02	4.702756e+00
1.290000e+01	-7.888443e-02	4.695512e+00
1.293333e+01	-8.032657e-02	4.688161e+00
1.296667e+01	-8.171054e-02	4.681106e+00
13	-8.303638e-02	4.674347e+00
1.303333e+01	-8.434998e-02	4.667651e+00
1.306667e+01	-8.568750e-02	4.660833e+00
1.310000e+01	-8.705097e-02	4.653882e+00
1.313333e+01	-8.842109e-02	4.646898e+00
1.316667e+01	-8.978146e-02	4.639963e+00
1.320000e+01	-9.113030e-02	4.633087e+00
1.323333e+01	-9.247567e-02	4.626229e+00
1.326667e+01	-9.382498e-02	4.619351e+00
1.330000e+01	-9.516502e-02	4.612520e+00
1.333333e+01	-9.641143e-02	4.606166e+00
1.336667e+01	-9.737856e-02	4.601236e+00
1.340000e+01	-9.767473e-02	4.599726e+00
1.343333e+01	-9.633274e-02	4.606567e+00
1.346667e+01	-9.210207e-02	4.628134e+00
1.350000e+01	-8.524070e-02	4.663110e+00
1.353333e+01	-7.871265e-02	4.696388e+00
1.356667e+01	-7.660551e-02	4.707129e+00
1.360000e+01	-8.099249e-02	4.684766e+00
1.363333e+01	-8.984153e-02	4.639657e+00
1.366667e+01	-9.809540e-02	4.597582e+00
1.370000e+01	-1.018857e-01	4.578260e+00
1.373333e+01	-1.021216e-01	4.577057e+00
1.376667e+01	-1.033057e-01	4.571022e+00
1.380000e+01	-1.083547e-01	4.545283e+00
1.383333e+01	-1.153650e-01	4.509548e+00
1.386667e+01	-1.200953e-01	4.485434e+00
1.390000e+01	-1.205513e-01	4.483110e+00
1.393333e+01	-1.183099e-01	4.494536e+00
1.396667e+01	-1.162326e-01	4.505125e+00
14	-1.158422e-01	4.507115e+00
1.403333e+01	-1.167161e-01	4.502660e+00
1.406667e+01	-1.176287e-01	4.498008e+00
1.410000e+01	-1.178456e-01	4.496902e+00
1.413333e+01	-1.174910e-01	4.498710e+00
1.416667e+01	-1.170866e-01	4.500772e+00
1.420000e+01	-1.169724e-01	4.501353e+00
1.423333e+01	-1.171160e-01	4.500622e+00
1.426667e+01	-1.172952e-01	4.499708e+00
1.430000e+01	-1.173535e-01	4.499411e+00
1.433333e+01	-1.170879e-01	4.500765e+00
1.436667e+01	-1.156256e-01	4.508219e+00
1.440000e+01	-1.115697e-01	4.528895e+00
1.443333e+01	-1.049144e-01	4.562821e+00
1.446667e+01	-9.824751e-02	4.596806e+00
1.450000e+01	-9.469706e-02	4.614905e+00
1.453333e+01	-9.497108e-02	4.613508e+00
1.456667e+01	-9.710873e-02	4.602611e+00
1.460000e+01	-9.868408e-02	4.594581e+00
1.463333e+01	-9.873895e-02	4.594301e+00
1.466667e+01	-9.789051e-02	4.598626e+00
1.470000e+01	-9.719179e-02	4.602188e+00
1.473333e+01	-9.712882e-02	4.602509e+00
1.476667e+01	-9.748126e-02	4.600712e+00
1.480000e+01	-9.779508e-02	4.599113e+00
1.483333e+01	-9.783896e-02	4.598889e+00
1.486667e+01	-9.769232e-02	4.599637e+00
1.490000e+01	-9.755134e-02	4.600355e+00
1.493333e+01	-9.752486e-02	4.600490e+00
1.496667e+01	-9.758543e-02	4.600181e+00
15	-9.764851e-02	4.599860e+00
1.503333e+01	-9.766327e-02	4.599785e+00
1.506667e+01	-9.763847e-02	4.599911e+00
1.510000e+01	-9.761038e-02	4.600054e+00
1.513333e+01	-9.760255e-02	4.600094e+00
1.516667e+01	-9.761260e-02	4.600043e+00
1.520000e+01	-9.762505e-02	4.599979e+00
1.523333e+01	-9.762907e-02	4.599959e+00
1.526667e+01	-9.762504e-02	4.599980e+00
1.530000e+01	-9.761955e-02	4.600008e+00
1.533333e+01	-9.761754e-02	4.600018e+00
1.536667e+01	-9.782730e-02	4.598948e+00
1.540000e+01	-9.921299e-02	4.591885e+00
1.543333e+01	-1.032407e-01	4.571353e+00
1.546667e+01	-1.099180e-01	4.537314e+00
1.550000e+01	-1.166186e-01	4.503157e+00
1.553333e+01	-1.201829e-01	4.484988e+00
1.556667e+01	-1.199003e-01	4.486428e+00
1.560000e+01	-1.177479e-01	4.497400e+00
1.563333e+01	-1.161659e-01	4.505465e+00
1.566667e+01	-1.161143e-01	4.505728e+00
1.570000e+01	-1.169691e-01	4.501370e+00
1.573333e+01	-1.176710e-01	4.497792e+00
1.576667e+01	-1.177328e-01	4.497477e+00
1.580000e+01	-1.173776e-01	4.499288e+00
1.583333e+01	-1.170623e-01	4.500896e+00
1.586667e+01	-1.170188e-01	4.501117e+00
1.590000e+01	-1.171666e-01	4.500364e+00
1.593333e+01	-1.173083e-01	4.499641e+00
1.596667e+01	-1.173347e-01	4.499507e+00
16	-1.172736e-01	4.499818e+00
1.603333e+01	-1.172102e-01	4.500142e+00
1.606667e+01	-1.171955e-01	4.500217e+00
1.610000e+01	-1.172205e-01	4.500089e+00
1.613333e+01	-1.172487e-01	4.499945e+00
1.616667e+01	-1.172565e-01	4.499905e+00
1.620000e+01	-1.172464e-01	4.499957e+00
1.623333e+01	-1.172339e-01	4.500021e+00
1.626667e+01	-1.172299e-01	4.500041e+00
1.630000e+01	-1.172339e-01	4.500021e+00
1.633333e+01	-1.172395e-01	4.499992e+00
1.636667e+01	-1.172415e-01	4.499982e+00
1.640000e+01	-1.172399e-01	4.499990e+00
1.643333e+01	-1.172374e-01	4.500003e+00
1.646667e+01	-1.172364e-01	4.500008e+00
1.650000e+01	-1.172371e-01	4.500005e+00
1.653333e+01	-1.172381e-01	4.499999e+00
1.656667e+01	-1.172386e-01	4.499997e+00
1.660000e+01	-1.172384e-01	4.499998e+00
1.663333e+01	-1.172379e-01	4.500000e+00
1.666667e+01	-1.172377e-01	4.500001e+00
1.670000e+01	-1.172378e-01	4.500001e+00
1.673333e+01	-1.172380e-01	4.500000e+00
1.676667e+01	-1.172381e-01	4.499999e+00
1.680000e+01	-1.172380e-01	4.500000e+00
1.683333e+01	-1.172380e-01	4.500000e+00
1.686667e+01	-1.172379e-01	4.500000e+00
1.690000e+01	-1.172379e-01	4.500000e+00
1.693333e+01	-1.172380e-01	4.500000e+00
1.696667e+01	-1.172380e-01	4.500000e+00
17	-1.172380e-01	4.500000e+00
1.703333e+01	-1.172380e-01	4.500000e+00
1.706667e+01	-1.172379e-01	4.500000e+00
1.710000e+01	-1.172379e-01	4.500000e+00
1.713333e+01	-1.172380e-01	4.500000e+00
1.716667e+01	-1.172380e-01	4.500000e+00
1.720000e+01	-1.172380e-01	4.500000e+00
1.723333e+01	-1.172380e-01	4.500000e+00
1.726667e+01	-1.172380e-01	4.500000e+00
1.730000e+01	-1.172380e-01	4.500000e+00
1.733333e+01	-1.172380e-01	4.500000e+00
1.736667e+01	-1.172380e-01	4.500000e+00
1.740000e+01	-1.172380e-01	4.500000e+00
1.743333e+01	-1.172380e-01	4.500000e+00
1.746667e+01	-1.172380e-01	4.500000e+00
1.750000e+01	-1.172380e-01	4.500000e+00
1.753333e+01	-1.172380e-01	4.500000e+00
1.756667e+01	-1.172380e-01	4.500000e+00
1.760000e+01	-1.172380e-01	4.500000e+00
1.763333e+01	-1.172380e-01	4.500000e+00
1.766667e+01	-1.170298e-01	4.501061e+00
1.770000e+01	-1.156465e-01	4.508113e+00
1.773333e+01	-1.116198e-01	4.528639e+00
1.776667e+01	-1.049419e-01	4.562681e+00
1.780000e+01	-9.824020e-02	4.596844e+00
1.783333e+01	-9.467545e-02	4.615015e+00
1.786667e+01	-9.495825e-02	4.613574e+00
1.790000e+01	-9.711110e-02	4.602599e+00
1.793333e+01	-9.869336e-02	4.594534e+00
1.796667e+01	-9.874490e-02	4.594271e+00
18	-9.788984e-02	4.598630e+00
1.803333e+01	-9.718783e-02	4.602208e+00
1.806667e+01	-9.712608e-02	4.602523e+00
1.810000e+01	-9.748138e-02	4.600712e+00
1.813333e+01	-9.779677e-02	4.599104e+00
1.816667e+01	-9.784022e-02	4.598883e+00
1.820000e+01	-9.769234e-02	4.599636e+00
1.823333e+01	-9.755063e-02	4.600359e+00
1.826667e+01	-9.752429e-02	4.600493e+00
1.830000e+01	-9.758539e-02	4.600182e+00
1.833333e+01	-9.785698e-02	4.598797e+00
1.836667e+01	-9.925498e-02	4.591671e+00
1.840000e+01	-1.032567e-01	4.571271e+00
1.843333e+01	-1.099063e-01	4.537374e+00
1.846667e+01	-1.166002e-01	4.503251e+00
1.850000e+01	-1.201751e-01	4.485028e+00
1.853333e+01	-1.199048e-01	4.486405e+00
1.856667e+01	-1.177560e-01	4.497359e+00
1.860000e+01	-1.159615e-01	4.506507e+00
1.863333e+01	-1.145211e-01	4.513849e+00
1.866667e+01	-1.113474e-01	4.530028e+00
1.870000e+01	-1.053732e-01	4.560482e+00
1.873333e+01	-9.873568e-02	4.594318e+00
1.876667e+01	-9.481661e-02	4.614296e+00
1.880000e+01	-9.478340e-02	4.614465e+00
1.883333e+01	-9.689173e-02	4.603718e+00
1.886667e+01	-9.862139e-02	4.594900e+00
1.890000e+01	-9.881488e-02	4.593914e+00
1.893333e+01	-9.798663e-02	4.598136e+00
1.896667e+01	-9.722374e-02	4.602025e+00
19	-9.709849e-02	4.602664e+00
1.903333e+01	-9.743887e-02	4.600929e+00
1.906667e+01	-9.777917e-02	4.599194e+00
1.910000e+01	-9.785090e-02	4.598828e+00
1.913333e+01	-9.771093e-02	4.599542e+00
1.916667e+01	-9.755912e-02	4.600316e+00
1.920000e+01	-9.752025e-02	4.600514e+00
1.923333e+01	-9.757729e-02	4.600223e+00
1.926667e+01	-9.764475e-02	4.599879e+00
1.930000e+01	-9.766501e-02	4.599776e+00
1.933333e+01	-9.764201e-02	4.599893e+00
1.936667e+01	-9.761217e-02	4.600045e+00
1.940000e+01	-9.760191e-02	4.600097e+00
1.943333e+01	-9.761106e-02	4.600051e+00
1.946667e+01	-9.762421e-02	4.599984e+00
1.950000e+01	-9.762929e-02	4.599958e+00
1.953333e+01	-9.762571e-02	4.599976e+00
1.956667e+01	-9.761994e-02	4.600006e+00
1.960000e+01	-9.761746e-02	4.600018e+00
1.963333e+01	-9.761884e-02	4.600011e+00
1.966667e+01	-9.762136e-02	4.599998e+00
1.970000e+01	-9.762255e-02	4.599992e+00
1.973333e+01	-9.762203e-02	4.599995e+00
1.976667e+01	-9.762094e-02	4.600000e+00
1.980000e+01	-9.762037e-02	4.600003e+00
1.983333e+01	-9.762056e-02	4.600002e+00
1.986667e+01	-9.762103e-02	4.600000e+00
1.990000e+01	-9.762130e-02	4.599999e+00
1.993333e+01	-9.762124e-02	4.599999e+00
1.996667e+01	-9.762103e-02	4.600000e+00
20	-9.762091e-02	4.600001e+00
2.003333e+01	-9.762093e-02	4.600000e+00
2.006667e+01	-9.762101e-02	4.600000e+00
2.010000e+01	-9.762107e-02	4.600000e+00
2.013333e+01	-9.762107e-02	4.600000e+00
2.016667e+01	-9.762103e-02	4.600000e+00
2.020000e+01	-9.762100e-02	4.600000e+00
2.023333e+01	-9.762100e-02	4.600000e+00
2.026667e+01	-9.762102e-02	4.600000e+00
2.030000e+01	-9.762103e-02	4.600000e+00
2.033333e+01	-9.762103e-02	4.600000e+00
2.036667e+01	-9.762103e-02	4.600000e+00
2.040000e+01	-9.762102e-02	4.600000e+00
2.043333e+01	-9.762102e-02	4.600000e+00
2.046667e+01	-9.762102e-02	4.600000e+00
2.050000e+01	-9.762103e-02	4.600000e+00
2.053333e+01	-9.762103e-02	4.600000e+00
2.056667e+01	-9.762102e-02	4.600000e+00
2.060000e+01	-9.741285e-02	4.601061e+00
2.063333e+01	-9.602957e-02	4.608113e+00
2.066667e+01	-9.200284e-02	4.628639e+00
2.070000e+01	-8.532493e-02	4.662681e+00
2.073333e+01	-7.862327e-02	4.696844e+00
2.076667e+01	-7.505852e-02	4.715015e+00
2.080000e+01	-7.534132e-02	4.713574e+00
2.083333e+01	-7.749417e-02	4.702599e+00
2.086667e+01	-7.907643e-02	4.694534e+00
2.090000e+01	-7.912796e-02	4.694271e+00
2.093333e+01	-7.827291e-02	4.698630e+00
2.096667e+01	-7.757089e-02	4.702208e+00
21	-7.750914e-02	4.702523e+00
2.103333e+01	-7.786445e-02	4.700712e+00
2.106667e+01	-7.817983e-02	4.699104e+00
2.110000e+01	-7.822328e-02	4.698883e+00
2.113333e+01	-7.807540e-02	4.699636e+00
2.116667e+01	-7.793369e-02	4.700359e+00
2.120000e+01	-7.790735e-02	4.700493e+00
2.123333e+01	-7.796845e-02	4.700182e+00
2.126667e+01	-7.803187e-02	4.699858e+00
2.130000e+01	-7.804659e-02	4.699783e+00
2.133333e+01	-7.802157e-02	4.699911e+00
2.136667e+01	-7.799332e-02	4.700055e+00
2.140000e+01	-7.798550e-02	4.700095e+00
2.143333e+01	-7.799564e-02	4.700043e+00
2.146667e+01	-7.800817e-02	4.699979e+00
2.150000e+01	-7.801219e-02	4.699959e+00
2.153333e+01	-7.800812e-02	4.699979e+00
2.156667e+01	-7.800259e-02	4.700008e+00
2.160000e+01	-7.800058e-02	4.700018e+00
2.163333e+01	-7.800218e-02	4.700010e+00
2.166667e+01	-7.800462e-02	4.699997e+00
2.170000e+01	-7.800561e-02	4.699992e+00
2.173333e+01	-7.800498e-02	4.699995e+00
2.176667e+01	-7.800392e-02	4.700001e+00
2.180000e+01	-7.800344e-02	4.700003e+00
2.183333e+01	-7.800368e-02	4.700002e+00
2.186667e+01	-7.800414e-02	4.700000e+00
2.190000e+01	-7.800437e-02	4.699999e+00
2.193333e+01	-7.800428e-02	4.699999e+00
2.196667e+01	-7.800408e-02	4.700000e+00
22	-7.800397e-02	4.700001e+00
2.203333e+01	-7.800400e-02	4.700000e+00
2.206667e+01	-7.800409e-02	4.700000e+00
2.210000e+01	-7.800414e-02	4.700000e+00
2.213333e+01	-7.800413e-02	4.700000e+00
2.216667e+01	-7.799108e-02	4.700066e+00
2.220000e+01	-7.789159e-02	4.700573e+00
2.223333e+01	-7.754046e-02	4.702363e+00
2.226667e+01	-7.677197e-02	4.706281e+00
2.230000e+01	-7.558462e-02	4.712334e+00
2.233333e+01	-7.417446e-02	4.719522e+00
2.236667e+01	-7.278197e-02	4.726620e+00
2.240000e+01	-7.152404e-02	4.733033e+00
2.243333e+01	-7.036500e-02	4.738941e+00
2.246667e+01	-6.920919e-02	4.744833e+00
2.250000e+01	-6.799994e-02	4.750998e+00
2.253333e+01	-6.674680e-02	4.757386e+00
2.256667e+01	-6.548981e-02	4.763793e+00
2.260000e+01	-6.425502e-02	4.770088e+00
2.263333e+01	-6.303995e-02	4.776282e+00
2.266667e+01	-6.182759e-02	4.782462e+00
2.270000e+01	-6.061900e-02	4.788623e+00
2.273333e+01	-5.948801e-02	4.794388e+00
2.276667e+01	-5.860704e-02	4.798879e+00
2.280000e+01	-5.814726e-02	4.801223e+00
2.283333e+01	-5.811030e-02	4.801411e+00
2.286667e+01	-5.829705e-02	4.800459e+00
2.290000e+01	-5.867274e-02	4.798544e+00
2.293333e+01	-6.008722e-02	4.791334e+00
2.296667e+01	-6.404576e-02	4.771154e+00
23	-7.086107e-02	4.736412e+00
2.303333e+01	-7.892947e-02	4.695283e+00
2.306667e+01	-8.654853e-02	4.656444e+00
2.310000e+01	-9.318300e-02	4.622623e+00
2.313333e+01	-9.912373e-02	4.592340e+00
2.316667e+01	-1.053299e-01	4.560703e+00
2.320000e+01	-1.130430e-01	4.521385e+00
2.323333e+01	-1.224691e-01	4.473333e+00
2.326667e+01	-1.318360e-01	4.425584e+00
2.330000e+01	-1.382712e-01	4.392780e+00
2.333333e+01	-1.401851e-01	4.383024e+00
2.336667e+01	-1.389131e-01	4.389508e+00
2.340000e+01	-1.378994e-01	4.394676e+00
2.343333e+01	-1.396071e-01	4.385970e+00
2.346667e+01	-1.427358e-01	4.370021e+00
2.350000e+01	-1.436604e-01	4.365308e+00
2.353333e+01	-1.409575e-01	4.379086e+00
2.356667e+01	-1.369344e-01	4.399595e+00
2.360000e+01	-1.346767e-01	4.411104e+00
2.363333e+01	-1.350434e-01	4.409234e+00
2.366667e+01	-1.366373e-01	4.401109e+00
2.370000e+01	-1.377115e-01	4.395633e+00
2.373333e+01	-1.376540e-01	4.395926e+00
2.376667e+01	-1.369924e-01	4.399299e+00
2.380000e+01	-1.365032e-01	4.401793e+00
2.383333e+01	-1.364986e-01	4.401816e+00
2.386667e+01	-1.367771e-01	4.400397e+00
2.390000e+01	-1.369993e-01	4.399264e+00
2.393333e+01	-1.370137e-01	4.399190e+00
2.396667e+01	-1.368967e-01	4.399787e+00
24	-1.367961e-01	4.400300e+00
2.403333e+01	-1.367844e-01	4.400360e+00
2.406667e+01	-1.368332e-01	4.400111e+00
2.410000e+01	-1.368785e-01	4.399880e+00
2.413333e+01	-1.368861e-01	4.399841e+00
2.416667e+01	-1.368658e-01	4.399944e+00
2.420000e+01	-1.368455e-01	4.400048e+00
2.423333e+01	-1.368412e-01	4.400070e+00
2.426667e+01	-1.368495e-01	4.400028e+00
2.430000e+01	-1.368586e-01	4.399981e+00
2.433333e+01	-1.368609e-01	4.399969e+00
2.436667e+01	-1.368575e-01	4.399987e+00
2.440000e+01	-1.368535e-01	4.400007e+00
2.443333e+01	-1.368523e-01	4.400013e+00
2.446667e+01	-1.366455e-01	4.401068e+00
2.450000e+01	-1.352640e-01	4.408110e+00
2.453333e+01	-1.312379e-01	4.428634e+00
2.456667e+01	-1.245594e-01	4.462678e+00
2.460000e+01	-1.178569e-01	4.496845e+00
2.463333e+01	-1.142919e-01	4.515018e+00
2.466667e+01	-1.145749e-01	4.513575e+00
2.470000e+01	-1.167281e-01	4.502599e+00
2.473333e+01	-1.183105e-01	4.494533e+00
2.476667e+01	-1.183620e-01	4.494270e+00
2.480000e+01	-1.175068e-01	4.498630e+00
2.483333e+01	-1.168047e-01	4.502209e+00
2.486667e+01	-1.167429e-01	4.502523e+00
2.490000e+01	-1.170983e-01	4.500712e+00
2.493333e+01	-1.174137e-01	4.499104e+00
2.496667e+01	-1.172490e-01	4.499944e+00
25	-1.157178e-01	4.507749e+00
2.503333e+01	-1.115494e-01	4.528998e+00
2.506667e+01	-1.048451e-01	4.563174e+00
2.510000e+01	-9.820457e-02	4.597025e+00
2.513333e+01	-9.470324e-02	4.614874e+00
2.516667e+01	-9.500076e-02	4.613357e+00
2.520000e+01	-9.712858e-02	4.602510e+00
2.523333e+01	-9.868259e-02	4.594589e+00
2.526667e+01	-9.872630e-02	4.594366e+00
2.530000e+01	-9.788139e-02	4.598673e+00
2.533333e+01	-9.719191e-02	4.602187e+00
2.536667e+01	-9.713418e-02	4.602482e+00
2.540000e+01	-9.748542e-02	4.600691e+00
2.543333e+01	-9.779527e-02	4.599112e+00
2.546667e+01	-9.762853e-02	4.599962e+00
2.550000e+01	-9.609898e-02	4.607759e+00
2.553333e+01	-9.193297e-02	4.628996e+00
2.556667e+01	-8.522971e-02	4.663166e+00
2.560000e+01	-7.858852e-02	4.697021e+00
2.563333e+01	-7.508613e-02	4.714875e+00
2.566667e+01	-7.538317e-02	4.713360e+00
2.570000e+01	-7.751123e-02	4.702512e+00
2.573333e+01	-7.906571e-02	4.694588e+00
2.576667e+01	-7.910965e-02	4.694364e+00
2.580000e+01	-7.826465e-02	4.698672e+00
2.583333e+01	-7.736679e-02	4.703249e+00
2.586667e+01	-7.592567e-02	4.710595e+00
2.590000e+01	-7.225021e-02	4.729331e+00
2.593333e+01	-6.609042e-02	4.760732e+00
2.596667e+01	-6.081352e-02	4.787631e+00
26	-6.112921e-02	4.786022e+00
2.603333e+01	-6.795061e-02	4.751249e+00
2.606667e+01	-7.677974e-02	4.706241e+00
2.610000e+01	-8.198723e-02	4.679695e+00
2.613333e+01	-8.181834e-02	4.680556e+00
2.616667e+01	-7.882470e-02	4.695817e+00
2.620000e+01	-7.651563e-02	4.707588e+00
2.623333e+01	-7.637455e-02	4.708307e+00
2.626667e+01	-7.757731e-02	4.702176e+00
2.630000e+01	-7.860477e-02	4.696938e+00
2.633333e+01	-7.872230e-02	4.696339e+00
2.636667e+01	-7.822303e-02	4.698884e+00
2.640000e+01	-7.776189e-02	4.701235e+00
2.643333e+01	-7.768666e-02	4.701618e+00
2.646667e+01	-7.789368e-02	4.700563e+00
2.650000e+01	-7.810040e-02	4.699509e+00
2.653333e+01	-7.814386e-02	4.699287e+00
2.656667e+01	-7.805870e-02	4.699722e+00
2.660000e+01	-7.796642e-02	4.700192e+00
2.663333e+01	-7.794282e-02	4.700312e+00
2.666667e+01	-7.797752e-02	4.700135e+00
2.670000e+01	-7.801853e-02	4.699926e+00
2.673333e+01	-7.803083e-02	4.699864e+00
2.676667e+01	-7.801684e-02	4.699935e+00
2.680000e+01	-7.799870e-02	4.700027e+00
2.683333e+01	-7.799247e-02	4.700059e+00
2.686667e+01	-7.799804e-02	4.700031e+00
2.690000e+01	-7.800603e-02	4.699990e+00
2.693333e+01	-7.800912e-02	4.699974e+00
2.696667e+01	-7.800694e-02	4.699985e+00
27	-7.800343e-02	4.700003e+00
2.703333e+01	-7.800193e-02	4.700011e+00
2.706667e+01	-7.821094e-02	4.698946e+00
2.710000e+01	-7.959575e-02	4.691886e+00
2.713333e+01	-8.362320e-02	4.671356e+00
2.716667e+01	-9.030080e-02	4.637316e+00
2.720000e+01	-9.700179e-02	4.603157e+00
2.723333e+01	-1.005662e-01	4.584987e+00
2.726667e+01	-1.002835e-01	4.586428e+00
2.730000e+01	-9.813095e-02	4.597401e+00
2.733333e+01	-9.654886e-02	4.605466e+00
2.736667e+01	-9.649728e-02	4.605728e+00
2.740000e+01	-9.735221e-02	4.601370e+00
2.743333e+01	-9.805415e-02	4.597792e+00
2.746667e+01	-9.811591e-02	4.597477e+00
2.750000e+01	-9.776066e-02	4.599288e+00
2.753333e+01	-9.744531e-02	4.600896e+00
2.756667e+01	-9.740186e-02	4.601117e+00
2.760000e+01	-9.754971e-02	4.600364e+00
2.763333e+01	-9.769141e-02	4.599641e+00
2.766667e+01	-9.771775e-02	4.599507e+00
2.770000e+01	-9.765666e-02	4.599818e+00
2.773333e+01	-9.759325e-02	4.600142e+00
2.776667e+01	-9.757852e-02	4.600217e+00
2.780000e+01	-9.760354e-02	4.600089e+00
2.783333e+01	-9.742362e-02	4.601006e+00
2.786667e+01	-9.604816e-02	4.608018e+00
2.790000e+01	-9.201129e-02	4.628596e+00
2.793333e+01	-8.532085e-02	4.662702e+00
2.796667e+01	-7.861517e-02	4.696885e+00
28	-7.505449e-02	4.715036e+00
2.803333e+01	-7.534282e-02	4.713566e+00
2.806667e+01	-7.749768e-02	4.702582e+00
2.810000e+01	-7.907833e-02	4.694524e+00
2.813333e+01	-7.912744e-02	4.694274e+00
2.816667e+01	-7.827139e-02	4.698637e+00
2.820000e+01	-7.757000e-02	4.702213e+00
2.823333e+01	-7.750931e-02	4.702522e+00
2.826667e+01	-7.786510e-02	4.700709e+00
2.830000e+01	-7.818025e-02	4.699102e+00
2.833333e+01	-7.822323e-02	4.698883e+00
2.836667e+01	-7.807513e-02	4.699638e+00
2.840000e+01	-7.793350e-02	4.700360e+00
2.843333e+01	-7.790736e-02	4.700493e+00
2.846667e+01	-7.796857e-02	4.700181e+00
2.850000e+01	-7.803196e-02	4.699858e+00
2.853333e+01	-7.804660e-02	4.699783e+00
2.856667e+01	-7.802152e-02	4.699911e+00
2.860000e+01	-7.799328e-02	4.700055e+00
2.863333e+01	-7.798549e-02	4.700095e+00
2.866667e+01	-7.799566e-02	4.700043e+00
2.870000e+01	-7.800819e-02	4.699979e+00
2.873333e+01	-7.801219e-02	4.699959e+00
2.876667e+01	-7.800811e-02	4.699979e+00
2.880000e+01	-7.800258e-02	4.700008e+00
2.883333e+01	-7.800058e-02	4.700018e+00
2.886667e+01	-7.779402e-02	4.701071e+00
2.890000e+01	-7.641317e-02	4.708110e+00
2.893333e+01	-7.238743e-02	4.728632e+00
2.896667e+01	-6.570889e-02	4.762676e+00
29	-5.900616e-02	4.796845e+00
2.903333e+01	-5.544093e-02	4.815019e+00
2.906667e+01	-5.572397e-02	4.813576e+00
2.910000e+01	-5.787728e-02	4.802599e+00
2.913333e+01	-5.945977e-02	4.794532e+00
2.916667e+01	-5.951122e-02	4.794270e+00
2.920000e+01	-5.865596e-02	4.798630e+00
2.923333e+01	-5.795384e-02	4.802209e+00
2.926667e+01	-5.789212e-02	4.802524e+00
2.930000e+01	-5.824751e-02	4.800712e+00
2.933333e+01	-5.856295e-02	4.799104e+00
2.936667e+01	-5.860639e-02	4.798882e+00
2.940000e+01	-5.845847e-02	4.799636e+00
2.943333e+01	-5.831674e-02	4.800359e+00
2.946667e+01	-5.829040e-02	4.800493e+00
2.950000e+01	-5.835152e-02	4.800182e+00
2.953333e+01	-5.841494e-02	4.799858e+00
2.956667e+01	-5.842967e-02	4.799783e+00
2.960000e+01	-5.840464e-02	4.799911e+00
2.963333e+01	-5.837638e-02	4.800055e+00
2.966667e+01	-5.836856e-02	4.800095e+00
2.970000e+01	-5.837871e-02	4.800043e+00
2.973333e+01	-5.839124e-02	4.799979e+00
2.976667e+01	-5.839526e-02	4.799959e+00
2.980000e+01	-5.839119e-02	4.799979e+00
2.983333e+01	-5.838566e-02	4.800008e+00
2.986667e+01	-5.838364e-02	4.800018e+00
2.990000e+01	-5.838525e-02	4.800010e+00
2.993333e+01	-5.838768e-02	4.799997e+00
2.996667e+01	-5.838867e-02	4.799992e+00
30	-5.838805e-02	4.799995e+00
3.003333e+01	-5.838698e-02	4.800001e+00
3.006667e+01	-5.838650e-02	4.800003e+00
3.010000e+01	-5.838674e-02	4.800002e+00
3.013333e+01	-5.838720e-02	4.800000e+00
3.016667e+01	-5.838743e-02	4.799999e+00
3.020000e+01	-5.838735e-02	4.799999e+00
3.023333e+01	-5.838715e-02	4.800000e+00
3.026667e+01	-5.838704e-02	4.800001e+00
3.030000e+01	-5.838707e-02	4.800000e+00
3.033333e+01	-5.838715e-02	4.800000e+00
3.036667e+01	-5.838721e-02	4.800000e+00
3.040000e+01	-5.838720e-02	4.800000e+00
3.043333e+01	-5.838716e-02	4.800000e+00
3.046667e+01	-5.838713e-02	4.800000e+00
3.050000e+01	-5.838714e-02	4.800000e+00
3.053333e+01	-5.838715e-02	4.800000e+00
3.056667e+01	-5.838716e-02	4.800000e+00
3.060000e+01	-5.838716e-02	4.800000e+00
3.063333e+01	-5.838716e-02	4.800000e+00
3.066667e+01	-5.838715e-02	4.800000e+00
3.070000e+01	-5.838715e-02	4.800000e+00
3.073333e+01	-5.838715e-02	4.800000e+00
3.076667e+01	-5.838716e-02	4.800000e+00
3.080000e+01	-5.838716e-02	4.800000e+00
3.083333e+01	-5.838716e-02	4.800000e+00
3.086667e+01	-5.838715e-02	4.800000e+00
3.090000e+01	-5.838715e-02	4.800000e+00
3.093333e+01	-5.838716e-02	4.800000e+00
3.096667e+01	-5.838716e-02	4.800000e+00
31	-5.838716e-02	4.800000e+00
3.103333e+01	-5.838716e-02	4.800000e+00
3.106667e+01	-5.838716e-02	4.800000e+00
3.110000e+01	-5.838716e-02	4.800000e+00
3.113333e+01	-5.838716e-02	4.800000e+00
3.116667e+01	-5.838716e-02	4.800000e+00
3.120000e+01	-5.838716e-02	4.800000e+00
3.123333e+01	-5.838716e-02	4.800000e+00
3.126667e+01	-5.838716e-02	4.800000e+00
3.130000e+01	-5.838716e-02	4.800000e+00
3.133333e+01	-5.838716e-02	4.800000e+00
3.136667e+01	-5.838716e-02	4.800000e+00
3.140000e+01	-5.838716e-02	4.800000e+00
3.143333e+01	-5.837414e-02	4.800066e+00
3.146667e+01	-5.827468e-02	4.800573e+00
3.150000e+01	-5.793655e-02	4.802297e+00
3.153333e+01	-5.726751e-02	4.805708e+00
3.156667e+01	-5.666548e-02	4.808776e+00
3.160000e+01	-5.758002e-02	4.804114e+00
3.163333e+01	-6.190497e-02	4.782067e+00
3.166667e+01	-6.956985e-02	4.742995e+00
3.170000e+01	-7.734266e-02	4.703372e+00
3.173333e+01	-8.145512e-02	4.682408e+00
3.176667e+01	-8.129492e-02	4.683225e+00
3.180000e+01	-8.015893e-02	4.689015e+00
3.183333e+01	-8.235788e-02	4.677806e+00
3.186667e+01	-8.899616e-02	4.643966e+00
3.190000e+01	-9.690985e-02	4.603625e+00
3.193333e+01	-1.026701e-01	4.574262e+00
3.196667e+01	-1.066851e-01	4.553795e+00
32	-1.121756e-01	4.525806e+00
3.203333e+01	-1.209565e-01	4.481044e+00
3.206667e+01	-1.313091e-01	4.428271e+00
3.210000e+01	-1.401404e-01	4.383252e+00
3.213333e+01	-1.464454e-01	4.351111e+00
3.216667e+01	-1.515571e-01	4.325053e+00
3.220000e+01	-1.570103e-01	4.297255e+00
3.223333e+01	-1.634856e-01	4.264246e+00
3.226667e+01	-1.704713e-01	4.228636e+00
3.230000e+01	-1.761144e-01	4.199869e+00
3.233333e+01	-1.786181e-01	4.187106e+00
3.236667e+01	-1.780653e-01	4.189924e+00
3.240000e+01	-1.762956e-01	4.198946e+00
3.243333e+01	-1.751699e-01	4.204684e+00
3.246667e+01	-1.752591e-01	4.204229e+00
3.250000e+01	-1.757547e-01	4.201703e+00
3.253333e+01	-1.748734e-01	4.206196e+00
3.256667e+01	-1.708380e-01	4.226767e+00
3.260000e+01	-1.638648e-01	4.262314e+00
3.263333e+01	-1.569357e-01	4.297635e+00
3.266667e+01	-1.533622e-01	4.315852e+00
3.270000e+01	-1.537694e-01	4.313776e+00
3.273333e+01	-1.560254e-01	4.302275e+00
3.276667e+01	-1.576172e-01	4.294161e+00
3.280000e+01	-1.576166e-01	4.294164e+00
3.283333e+01	-1.567149e-01	4.298761e+00
3.286667e+01	-1.560063e-01	4.302373e+00
3.290000e+01	-1.559662e-01	4.302577e+00
3.293333e+01	-1.563425e-01	4.300659e+00
3.296667e+01	-1.566618e-01	4.299031e+00
33	-1.566963e-01	4.298856e+00
3.303333e+01	-1.565391e-01	4.299657e+00
3.306667e+01	-1.563952e-01	4.300391e+00
3.310000e+01	-1.563725e-01	4.300506e+00
3.313333e+01	-1.564378e-01	4.300174e+00
3.316667e+01	-1.565023e-01	4.299844e+00
3.320000e+01	-1.565156e-01	4.299777e+00
3.323333e+01	-1.564887e-01	4.299914e+00
3.326667e+01	-1.564599e-01	4.300061e+00
3.330000e+01	-1.564526e-01	4.300098e+00
3.333333e+01	-1.564636e-01	4.300042e+00
3.336667e+01	-1.564764e-01	4.299977e+00
3.340000e+01	-1.564802e-01	4.299957e+00
3.343333e+01	-1.564758e-01	4.299980e+00
3.346667e+01	-1.564701e-01	4.300009e+00
3.350000e+01	-1.564682e-01	4.300019e+00
3.353333e+01	-1.564699e-01	4.300010e+00
3.356667e+01	-1.564724e-01	4.299997e+00
3.360000e+01	-1.564734e-01	4.299992e+00
3.363333e+01	-1.564727e-01	4.299995e+00
3.366667e+01	-1.564716e-01	4.300001e+00
3.370000e+01	-1.564711e-01	4.300003e+00
3.373333e+01	-1.564714e-01	4.300002e+00
3.376667e+01	-1.564719e-01	4.300000e+00
3.380000e+01	-1.564721e-01	4.299999e+00
3.383333e+01	-1.564720e-01	4.299999e+00
3.386667e+01	-1.564718e-01	4.300000e+00
3.390000e+01	-1.564717e-01	4.300001e+00
3.393333e+01	-1.564717e-01	4.300000e+00
3.396667e+01	-1.564718e-01	4.300000e+00
34	-1.564719e-01	4.300000e+00
3.403333e+01	-1.564719e-01	4.300000e+00
3.406667e+01	-1.564718e-01	4.300000e+00
3.410000e+01	-1.564718e-01	4.300000e+00
3.413333e+01	-1.564718e-01	4.300000e+00
3.416667e+01	-1.564718e-01	4.300000e+00
3.420000e+01	-1.564718e-01	4.300000e+00
3.423333e+01	-1.564718e-01	4.300000e+00
3.426667e+01	-1.564718e-01	4.300000e+00
3.430000e+01	-1.564718e-01	4.300000e+00
3.433333e+01	-1.564718e-01	4.300000e+00
3.436667e+01	-1.564718e-01	4.300000e+00
3.440000e+01	-1.564718e-01	4.300000e+00
3.443333e+01	-1.564718e-01	4.300000e+00
3.446667e+01	-1.564718e-01	4.300000e+00
3.450000e+01	-1.564718e-01	4.300000e+00
3.453333e+01	-1.564718e-01	4.300000e+00
3.456667e+01	-1.564718e-01	4.300000e+00
3.460000e+01	-1.564718e-01	4.300000e+00
3.463333e+01	-1.564718e-01	4.300000e+00
3.466667e+01	-1.564718e-01	4.300000e+00
3.470000e+01	-1.564718e-01	4.300000e+00
3.473333e+01	-1.564718e-01	4.300000e+00
3.476667e+01	-1.564718e-01	4.300000e+00
3.480000e+01	-1.564718e-01	4.300000e+00
3.483333e+01	-1.564718e-01	4.300000e+00
3.486667e+01	-1.564718e-01	4.300000e+00
3.490000e+01	-1.564596e-01	4.300062e+00
3.493333e+01	-1.563660e-01	4.300540e+00
3.496667e+01	-1.560355e-01	4.302224e+00
35	-1.553122e-01	4.305911e+00
3.503333e+01	-1.541947e-01	4.311608e+00
3.506667e+01	-1.528675e-01	4.318374e+00
3.510000e+01	-1.515569e-01	4.325055e+00
3.513333e+01	-1.503730e-01	4.331090e+00
3.516667e+01	-1.492821e-01	4.336651e+00
3.520000e+01	-1.481943e-01	4.342196e+00
3.523333e+01	-1.470562e-01	4.347998e+00
3.526667e+01	-1.458767e-01	4.354010e+00
3.530000e+01	-1.446937e-01	4.360041e+00
3.533333e+01	-1.435315e-01	4.365965e+00
3.536667e+01	-1.423879e-01	4.371795e+00
3.540000e+01	-1.412469e-01	4.377611e+00
3.543333e+01	-1.400971e-01	4.383472e+00
3.546667e+01	-1.389513e-01	4.389313e+00
3.550000e+01	-1.378853e-01	4.394747e+00
3.553333e+01	-1.370597e-01	4.398956e+00
3.556667e+01	-1.366307e-01	4.401143e+00
3.560000e+01	-1.365968e-01	4.401316e+00
3.563333e+01	-1.367711e-01	4.400427e+00
3.566667e+01	-1.369271e-01	4.399632e+00
3.570000e+01	-1.369560e-01	4.399484e+00
3.573333e+01	-1.371006e-01	4.398747e+00
3.576667e+01	-1.384180e-01	4.392032e+00
3.580000e+01	-1.424294e-01	4.371583e+00
3.583333e+01	-1.491330e-01	4.337410e+00
3.586667e+01	-1.558637e-01	4.303100e+00
3.590000e+01	-1.596447e-01	4.283826e+00
3.593333e+01	-1.607347e-01	4.278269e+00
3.596667e+01	-1.625957e-01	4.268783e+00
36	-1.676873e-01	4.242828e+00
3.603333e+01	-1.743416e-01	4.208906e+00
3.606667e+01	-1.787671e-01	4.186347e+00
3.610000e+01	-1.791883e-01	4.184199e+00
3.613333e+01	-1.768874e-01	4.195929e+00
3.616667e+01	-1.735641e-01	4.212870e+00
3.620000e+01	-1.691694e-01	4.235272e+00
3.623333e+01	-1.633037e-01	4.265173e+00
3.626667e+01	-1.574531e-01	4.294998e+00
3.630000e+01	-1.540923e-01	4.312130e+00
3.633333e+01	-1.540459e-01	4.312367e+00
3.636667e+01	-1.558217e-01	4.303314e+00
3.640000e+01	-1.572969e-01	4.295794e+00
3.643333e+01	-1.572735e-01	4.295913e+00
3.646667e+01	-1.552021e-01	4.306472e+00
3.650000e+01	-1.505281e-01	4.330299e+00
3.653333e+01	-1.437351e-01	4.364927e+00
3.656667e+01	-1.373151e-01	4.397654e+00
3.660000e+01	-1.340384e-01	4.414357e+00
3.663333e+01	-1.341775e-01	4.413648e+00
3.666667e+01	-1.348316e-01	4.410314e+00
3.670000e+01	-1.322588e-01	4.423429e+00
3.673333e+01	-1.255979e-01	4.457384e+00
3.676667e+01	-1.180881e-01	4.495666e+00
3.680000e+01	-1.138783e-01	4.517126e+00
3.683333e+01	-1.139090e-01	4.516970e+00
3.686667e+01	-1.150150e-01	4.511332e+00
3.690000e+01	-1.128608e-01	4.522313e+00
3.693333e+01	-1.062689e-01	4.555916e+00
3.696667e+01	-9.836360e-02	4.596215e+00
37	-9.258292e-02	4.625682e+00
3.703333e+01	-8.875532e-02	4.645194e+00
3.706667e+01	-8.464374e-02	4.666153e+00
3.710000e+01	-7.989829e-02	4.690344e+00
3.713333e+01	-7.644111e-02	4.707967e+00
3.716667e+01	-7.569707e-02	4.711760e+00
3.720000e+01	-7.698005e-02	4.705220e+00
3.723333e+01	-7.846742e-02	4.697638e+00
3.726667e+01	-7.894510e-02	4.695203e+00
3.730000e+01	-7.848046e-02	4.697572e+00
3.733333e+01	-7.784015e-02	4.700836e+00
3.736667e+01	-7.760158e-02	4.702052e+00
3.740000e+01	-7.778179e-02	4.701133e+00
3.743333e+01	-7.806122e-02	4.699709e+00
3.746667e+01	-7.817748e-02	4.699116e+00
3.750000e+01	-7.810780e-02	4.699471e+00
3.753333e+01	-7.798571e-02	4.700094e+00
3.756667e+01	-7.772150e-02	4.701441e+00
3.760000e+01	-7.636455e-02	4.708358e+00
3.763333e+01	-7.239097e-02	4.728614e+00
3.766667e+01	-6.573977e-02	4.762519e+00
3.770000e+01	-5.902848e-02	4.796731e+00
3.773333e+01	-5.523252e-02	4.816081e+00
3.776667e+01	-5.411944e-02	4.821755e+00
3.780000e+01	-5.224892e-02	4.831290e+00
3.783333e+01	-4.716320e-02	4.857216e+00
3.786667e+01	-4.031080e-02	4.892147e+00
3.790000e+01	-3.450662e-02	4.921734e+00
3.793333e+01	-3.005642e-02	4.944420e+00
3.796667e+01	-2.567504e-02	4.966754e+00
38	-2.229453e-02	4.983987e+00
3.803333e+01	-2.312525e-02	4.979752e+00
3.806667e+01	-2.927562e-02	4.948400e+00
3.810000e+01	-3.728018e-02	4.907596e+00
3.813333e+01	-4.222295e-02	4.882399e+00
3.816667e+01	-4.232007e-02	4.881904e+00
3.820000e+01	-3.948048e-02	4.896379e+00
3.823333e+01	-3.592012e-02	4.914529e+00
3.826667e+01	-3.164721e-02	4.936311e+00
3.830000e+01	-2.601294e-02	4.965032e+00
3.833333e+01	-2.027395e-02	4.994287e+00
3.836667e+01	-1.686756e-02	5.011652e+00
3.840000e+01	-1.672072e-02	5.012400e+00
3.843333e+01	-1.844378e-02	5.003617e+00
3.846667e+01	-1.993530e-02	4.996014e+00
3.850000e+01	-2.016351e-02	4.994850e+00
3.853333e+01	-1.970838e-02	4.997170e+00
3.856667e+01	-2.043882e-02	4.993447e+00
3.860000e+01	-2.433179e-02	4.973602e+00
3.863333e+01	-3.127981e-02	4.938183e+00
3.866667e+01	-3.827124e-02	4.902544e+00
3.870000e+01	-4.190846e-02	4.884002e+00
3.873333e+01	-4.151547e-02	4.886006e+00
3.876667e+01	-3.923388e-02	4.897636e+00
3.880000e+01	-3.761374e-02	4.905895e+00
3.883333e+01	-3.760670e-02	4.905931e+00
3.886667e+01	-3.851874e-02	4.901282e+00
3.890000e+01	-3.924001e-02	4.897605e+00
3.893333e+01	-3.928401e-02	4.897381e+00
3.896667e+01	-3.890359e-02	4.899320e+00
39	-3.857864e-02	4.900977e+00
3.903333e+01	-3.854216e-02	4.901163e+00
3.906667e+01	-3.870106e-02	4.900353e+00
3.910000e+01	-3.884744e-02	4.899606e+00
3.913333e+01	-3.887110e-02	4.899486e+00
3.916667e+01	-3.880518e-02	4.899822e+00
3.920000e+01	-3.873952e-02	4.900157e+00
3.923333e+01	-3.872580e-02	4.900226e+00
3.926667e+01	-3.875292e-02	4.900088e+00
3.930000e+01	-3.878224e-02	4.899939e+00
3.933333e+01	-3.878970e-02	4.899901e+00
3.936667e+01	-3.877864e-02	4.899957e+00
3.940000e+01	-3.876561e-02	4.900023e+00
3.943333e+01	-3.876172e-02	4.900043e+00
3.946667e+01	-3.876618e-02	4.900021e+00
3.950000e+01	-3.877194e-02	4.899991e+00
3.953333e+01	-3.877392e-02	4.899981e+00
3.956667e+01	-3.877214e-02	4.899990e+00
3.960000e+01	-3.876960e-02	4.900003e+00
3.963333e+01	-3.876862e-02	4.900008e+00
3.966667e+01	-3.876932e-02	4.900005e+00
3.970000e+01	-3.877043e-02	4.899999e+00
3.973333e+01	-3.877091e-02	4.899996e+00
3.976667e+01	-3.877064e-02	4.899998e+00
3.980000e+01	-3.877016e-02	4.900000e+00
3.983333e+01	-3.876993e-02	4.900002e+00
3.986667e+01	-3.877003e-02	4.900001e+00
3.990000e+01	-3.877024e-02	4.900000e+00
3.993333e+01	-3.877035e-02	4.899999e+00
3.996667e+01	-3.877031e-02	4.900000e+00
40	-3.877022e-02	4.900000e+00
4.003333e+01	-3.877017e-02	4.900000e+00
4.006667e+01	-3.856201e-02	4.901061e+00
4.010000e+01	-3.717877e-02	4.908113e+00
4.013333e+01	-3.315206e-02	4.928639e+00
4.016667e+01	-2.647415e-02	4.962681e+00
4.020000e+01	-1.977247e-02	4.996844e+00
4.023333e+01	-1.620771e-02	5.015015e+00
4.026667e+01	-1.649051e-02	5.013574e+00
4.030000e+01	-1.864336e-02	5.002599e+00
4.033333e+01	-2.022563e-02	4.994534e+00
4.036667e+01	-2.027717e-02	4.994271e+00
4.040000e+01	-1.942211e-02	4.998630e+00
4.043333e+01	-1.872009e-02	5.002208e+00
4.046667e+01	-1.865834e-02	5.002523e+00
4.050000e+01	-1.901365e-02	5.000712e+00
4.053333e+01	-1.932903e-02	4.999104e+00
4.056667e+01	-1.937248e-02	4.998883e+00
4.060000e+01	-1.922460e-02	4.999636e+00
4.063333e+01	-1.908289e-02	5.000359e+00
4.066667e+01	-1.884838e-02	5.001554e+00
4.070000e+01	-1.752620e-02	5.008294e+00
4.073333e+01	-1.356289e-02	5.028498e+00
4.076667e+01	-6.899700e-03	5.062464e+00
4.080000e+01	-1.730122e-04	5.096755e+00
4.083333e+01	3.419986e-03	5.115070e+00
4.086667e+01	3.145012e-03	5.113669e+00
4.090000e+01	9.820195e-04	5.102642e+00
4.093333e+01	-6.127676e-04	5.094513e+00
4.096667e+01	-6.683257e-04	5.094230e+00
41	1.907969e-04	5.098609e+00
4.103333e+01	8.983425e-04	5.102216e+00
4.106667e+01	9.621068e-04	5.102541e+00
4.110000e+01	6.051930e-04	5.100722e+00
4.113333e+01	2.873765e-04	5.099101e+00
4.116667e+01	2.429374e-04	5.098875e+00
4.120000e+01	3.914406e-04	5.099632e+00
4.123333e+01	5.342186e-04	5.100360e+00
4.126667e+01	5.610361e-04	5.100496e+00
4.130000e+01	4.996982e-04	5.100184e+00
4.133333e+01	2.276444e-04	5.098797e+00
4.136667e+01	-1.170589e-03	5.091669e+00
4.140000e+01	-5.172204e-03	5.071270e+00
4.143333e+01	-1.182167e-02	5.037374e+00
4.146667e+01	-1.851540e-02	5.003252e+00
4.150000e+01	-2.229850e-02	4.983967e+00
4.153333e+01	-2.341159e-02	4.978293e+00
4.156667e+01	-2.528954e-02	4.968720e+00
4.160000e+01	-3.058929e-02	4.941703e+00
4.163333e+01	-3.861712e-02	4.900780e+00
4.166667e+01	-4.726979e-02	4.856672e+00
4.170000e+01	-5.595998e-02	4.812373e+00
4.173333e+01	-6.598301e-02	4.761279e+00
4.176667e+01	-7.831583e-02	4.698411e+00
4.180000e+01	-9.125323e-02	4.632461e+00
4.183333e+01	-1.015606e-01	4.579917e+00
4.186667e+01	-1.083446e-01	4.545335e+00
4.190000e+01	-1.141223e-01	4.515882e+00
4.193333e+01	-1.216422e-01	4.477549e+00
4.196667e+01	-1.305768e-01	4.432004e+00
42	-1.377540e-01	4.395417e+00
4.203333e+01	-1.405006e-01	4.381416e+00
4.206667e+01	-1.392505e-01	4.387788e+00
4.210000e+01	-1.367638e-01	4.400465e+00
4.213333e+01	-1.352524e-01	4.408169e+00
4.216667e+01	-1.342289e-01	4.413386e+00
4.220000e+01	-1.312225e-01	4.428712e+00
4.223333e+01	-1.251408e-01	4.459714e+00
4.226667e+01	-1.183224e-01	4.494472e+00
4.230000e+01	-1.143228e-01	4.514861e+00
4.233333e+01	-1.143305e-01	4.514821e+00
4.236667e+01	-1.165176e-01	4.503672e+00
4.240000e+01	-1.182857e-01	4.494659e+00
4.243333e+01	-1.184641e-01	4.493750e+00
4.246667e+01	-1.176016e-01	4.498146e+00
4.250000e+01	-1.168205e-01	4.502128e+00
4.253333e+01	-1.167006e-01	4.502739e+00
4.256667e+01	-1.170558e-01	4.500929e+00
4.260000e+01	-1.174046e-01	4.499150e+00
4.263333e+01	-1.174746e-01	4.498794e+00
4.266667e+01	-1.173283e-01	4.499540e+00
4.270000e+01	-1.171725e-01	4.500334e+00
4.273333e+01	-1.171341e-01	4.500529e+00
4.276667e+01	-1.171939e-01	4.500225e+00
4.280000e+01	-1.172632e-01	4.499871e+00
4.283333e+01	-1.172833e-01	4.499769e+00
4.286667e+01	-1.172592e-01	4.499892e+00
4.290000e+01	-1.172285e-01	4.500048e+00
4.293333e+01	-1.172182e-01	4.500101e+00
4.296667e+01	-1.172279e-01	4.500051e+00
43	-1.172414e-01	4.499982e+00
4.303333e+01	-1.172465e-01	4.499956e+00
4.306667e+01	-1.172427e-01	4.499976e+00
4.310000e+01	-1.172368e-01	4.500006e+00
4.313333e+01	-1.174424e-01	4.498958e+00
4.316667e+01	-1.188272e-01	4.491899e+00
4.320000e+01	-1.228565e-01	4.471359e+00
4.323333e+01	-1.295356e-01	4.437311e+00
4.326667e+01	-1.362367e-01	4.403151e+00
4.330000e+01	-1.398004e-01	4.384985e+00
4.333333e+01	-1.395170e-01	4.386430e+00
4.336667e+01	-1.373643e-01	4.397403e+00
4.340000e+01	-1.357826e-01	4.405466e+00
4.343333e+01	-1.357313e-01	4.405728e+00
4.346667e+01	-1.365863e-01	4.401369e+00
4.350000e+01	-1.372881e-01	4.397792e+00
4.353333e+01	-1.373497e-01	4.397478e+00
4.356667e+01	-1.367863e-01	4.400350e+00
4.360000e+01	-1.350877e-01	4.409009e+00
4.363333e+01	-1.310176e-01	4.429757e+00
4.366667e+01	-1.244875e-01	4.463044e+00
4.370000e+01	-1.179275e-01	4.496485e+00
4.373333e+01	-1.143891e-01	4.514522e+00
4.376667e+01	-1.146108e-01	4.513392e+00
4.380000e+01	-1.167002e-01	4.502741e+00
4.383333e+01	-1.182678e-01	4.494750e+00
4.386667e+01	-1.183444e-01	4.494360e+00
4.390000e+01	-1.175175e-01	4.498575e+00
4.393333e+01	-1.168234e-01	4.502114e+00
4.396667e+01	-1.167515e-01	4.502480e+00
44	-1.170942e-01	4.500733e+00
4.403333e+01	-1.174056e-01	4.499145e+00
4.406667e+01	-1.174531e-01	4.498903e+00
4.410000e+01	-1.175189e-01	4.498568e+00
4.413333e+01	-1.187625e-01	4.492228e+00
4.416667e+01	-1.227613e-01	4.471844e+00
4.420000e+01	-1.294979e-01	4.437503e+00
4.423333e+01	-1.362620e-01	4.403022e+00
4.426667e+01	-1.398421e-01	4.384772e+00
4.430000e+01	-1.395353e-01	4.386336e+00
4.433333e+01	-1.373547e-01	4.397452e+00
4.436667e+01	-1.357644e-01	4.405559e+00
4.440000e+01	-1.357225e-01	4.405772e+00
4.443333e+01	-1.365899e-01	4.401351e+00
4.446667e+01	-1.372960e-01	4.397751e+00
4.450000e+01	-1.373539e-01	4.397456e+00
4.453333e+01	-1.369932e-01	4.399295e+00
4.456667e+01	-1.366757e-01	4.400913e+00
4.460000e+01	-1.366338e-01	4.401127e+00
4.463333e+01	-1.367841e-01	4.400361e+00
4.466667e+01	-1.369268e-01	4.399634e+00
4.470000e+01	-1.369525e-01	4.399502e+00
4.473333e+01	-1.368904e-01	4.399819e+00
4.476667e+01	-1.368265e-01	4.400145e+00
4.480000e+01	-1.368120e-01	4.400219e+00
4.483333e+01	-1.368375e-01	4.400089e+00
4.486667e+01	-1.368550e-01	4.400000e+00
4.490000e+01	-1.367790e-01	4.400387e+00
4.493333e+01	-1.364729e-01	4.401947e+00
4.496667e+01	-1.358131e-01	4.405311e+00
45	-1.348093e-01	4.410428e+00
4.503333e+01	-1.336259e-01	4.416460e+00
4.506667e+01	-1.324589e-01	4.422409e+00
4.510000e+01	-1.314016e-01	4.427799e+00
4.513333e+01	-1.304239e-01	4.432783e+00
4.516667e+01	-1.294481e-01	4.437757e+00
4.520000e+01	-1.284288e-01	4.442953e+00
4.523333e+01	-1.273742e-01	4.448329e+00
4.526667e+01	-1.263167e-01	4.453720e+00
4.530000e+01	-1.252774e-01	4.459018e+00
4.533333e+01	-1.242539e-01	4.464235e+00
4.536667e+01	-1.232325e-01	4.469442e+00
4.540000e+01	-1.222036e-01	4.474687e+00
4.543333e+01	-1.211784e-01	4.479913e+00
4.546667e+01	-1.202249e-01	4.484774e+00
4.550000e+01	-1.194754e-01	4.488595e+00
4.553333e+01	-1.192159e-01	4.489917e+00
4.556667e+01	-1.202840e-01	4.484472e+00
4.560000e+01	-1.239032e-01	4.466023e+00
4.563333e+01	-1.300165e-01	4.434860e+00
4.566667e+01	-1.362038e-01	4.403319e+00
4.570000e+01	-1.395389e-01	4.386318e+00
4.573333e+01	-1.393254e-01	4.387406e+00
4.576667e+01	-1.373554e-01	4.397449e+00
4.580000e+01	-1.360903e-01	4.403898e+00
4.583333e+01	-1.374057e-01	4.397192e+00
4.586667e+01	-1.422127e-01	4.372688e+00
4.590000e+01	-1.497512e-01	4.334259e+00
4.593333e+01	-1.579019e-01	4.292710e+00
4.596667e+01	-1.651697e-01	4.255662e+00
46	-1.714802e-01	4.223493e+00
4.603333e+01	-1.773684e-01	4.193477e+00
4.606667e+01	-1.835121e-01	4.162158e+00
4.610000e+01	-1.899871e-01	4.129151e+00
4.613333e+01	-1.954169e-01	4.101472e+00
4.616667e+01	-1.980460e-01	4.088070e+00
4.620000e+01	-1.977146e-01	4.089759e+00
4.623333e+01	-1.960473e-01	4.098259e+00
4.626667e+01	-1.948743e-01	4.104238e+00
4.630000e+01	-1.948672e-01	4.104274e+00
4.633333e+01	-1.955223e-01	4.100935e+00
4.636667e+01	-1.960415e-01	4.098288e+00
4.640000e+01	-1.960746e-01	4.098120e+00
4.643333e+01	-1.958022e-01	4.099508e+00
4.646667e+01	-1.955688e-01	4.100698e+00
4.650000e+01	-1.955420e-01	4.100834e+00
4.653333e+01	-1.956558e-01	4.100255e+00
4.656667e+01	-1.957609e-01	4.099719e+00
4.660000e+01	-1.957781e-01	4.099631e+00
4.663333e+01	-1.957309e-01	4.099871e+00
4.666667e+01	-1.956838e-01	4.100112e+00
4.670000e+01	-1.956738e-01	4.100162e+00
4.673333e+01	-1.956932e-01	4.100064e+00
4.676667e+01	-1.957143e-01	4.099956e+00
4.680000e+01	-1.957197e-01	4.099929e+00
4.683333e+01	-1.957118e-01	4.099969e+00
4.686667e+01	-1.957024e-01	4.100017e+00
4.690000e+01	-1.956996e-01	4.100031e+00
4.693333e+01	-1.957028e-01	4.100015e+00
4.696667e+01	-1.957069e-01	4.099994e+00
47	-1.957083e-01	4.099986e+00
4.703333e+01	-1.954989e-01	4.101054e+00
4.706667e+01	-1.941138e-01	4.108115e+00
4.710000e+01	-1.900864e-01	4.128645e+00
4.713333e+01	-1.834090e-01	4.162684e+00
4.716667e+01	-1.767081e-01	4.196843e+00
4.720000e+01	-1.731437e-01	4.215013e+00
4.723333e+01	-1.734263e-01	4.213572e+00
4.726667e+01	-1.755788e-01	4.202600e+00
4.730000e+01	-1.771609e-01	4.194535e+00
4.733333e+01	-1.772125e-01	4.194272e+00
4.736667e+01	-1.763576e-01	4.198630e+00
4.740000e+01	-1.756557e-01	4.202208e+00
4.743333e+01	-1.755939e-01	4.202523e+00
4.746667e+01	-1.759491e-01	4.200712e+00
4.750000e+01	-1.762645e-01	4.199104e+00
4.753333e+01	-1.763079e-01	4.198883e+00
4.756667e+01	-1.761601e-01	4.199636e+00
4.760000e+01	-1.760184e-01	4.200359e+00
4.763333e+01	-1.759920e-01	4.200493e+00
4.766667e+01	-1.760531e-01	4.200182e+00
4.770000e+01	-1.761165e-01	4.199858e+00
4.773333e+01	-1.759231e-01	4.200845e+00
4.776667e+01	-1.745148e-01	4.208024e+00
4.780000e+01	-1.704598e-01	4.228694e+00
4.783333e+01	-1.637741e-01	4.262776e+00
4.786667e+01	-1.570826e-01	4.296887e+00
4.790000e+01	-1.535303e-01	4.314995e+00
4.793333e+01	-1.538172e-01	4.313533e+00
4.796667e+01	-1.559659e-01	4.302579e+00
48	-1.575427e-01	4.294541e+00
4.803333e+01	-1.575922e-01	4.294289e+00
4.806667e+01	-1.567387e-01	4.298639e+00
4.810000e+01	-1.560392e-01	4.302206e+00
4.813333e+01	-1.559784e-01	4.302515e+00
4.816667e+01	-1.561249e-01	4.301768e+00
4.820000e+01	-1.550559e-01	4.307218e+00
4.823333e+01	-1.510722e-01	4.327525e+00
4.826667e+01	-1.442466e-01	4.362320e+00
4.830000e+01	-1.374037e-01	4.397202e+00
4.833333e+01	-1.338129e-01	4.415507e+00
4.836667e+01	-1.341567e-01	4.413755e+00
4.840000e+01	-1.363727e-01	4.402458e+00
4.843333e+01	-1.379696e-01	4.394318e+00
4.846667e+01	-1.379962e-01	4.394182e+00
4.850000e+01	-1.371129e-01	4.398685e+00
4.853333e+01	-1.364032e-01	4.402303e+00
4.856667e+01	-1.365597e-01	4.401505e+00
4.860000e+01	-1.383108e-01	4.392578e+00
4.863333e+01	-1.426569e-01	4.370424e+00
4.866667e+01	-1.493742e-01	4.336181e+00
4.870000e+01	-1.559225e-01	4.302800e+00
4.873333e+01	-1.593435e-01	4.285361e+00
4.876667e+01	-1.590360e-01	4.286929e+00
4.880000e+01	-1.569466e-01	4.297580e+00
4.883333e+01	-1.554288e-01	4.305317e+00
4.886667e+01	-1.553913e-01	4.305508e+00
4.890000e+01	-1.562203e-01	4.301282e+00
4.893333e+01	-1.568936e-01	4.297850e+00
4.896667e+01	-1.569478e-01	4.297574e+00
49	-1.566031e-01	4.299331e+00
4.903333e+01	-1.563004e-01	4.300874e+00
4.906667e+01	-1.562609e-01	4.301075e+00
4.910000e+01	-1.564045e-01	4.300343e+00
4.913333e+01	-1.565406e-01	4.299649e+00
4.916667e+01	-1.565650e-01	4.299525e+00
4.920000e+01	-1.565056e-01	4.299828e+00
4.923333e+01	-1.564446e-01	4.300139e+00
4.926667e+01	-1.564309e-01	4.300209e+00
4.930000e+01	-1.564552e-01	4.300085e+00
4.933333e+01	-1.564824e-01	4.299946e+00
4.936667e+01	-1.564898e-01	4.299909e+00
4.940000e+01	-1.564799e-01	4.299959e+00
4.943333e+01	-1.564678e-01	4.300020e+00
4.946667e+01	-1.564640e-01	4.300040e+00
4.950000e+01	-1.564680e-01	4.300020e+00
4.953333e+01	-1.564733e-01	4.299992e+00
4.956667e+01	-1.564752e-01	4.299983e+00
4.960000e+01	-1.564736e-01	4.299991e+00
4.963333e+01	-1.564713e-01	4.300003e+00
4.966667e+01	-1.564704e-01	4.300007e+00
4.970000e+01	-1.564710e-01	4.300004e+00
4.973333e+01	-1.564720e-01	4.299999e+00
4.976667e+01	-1.564725e-01	4.299997e+00
4.980000e+01	-1.564722e-01	4.299998e+00
4.983333e+01	-1.564718e-01	4.300000e+00
4.986667e+01	-1.564716e-01	4.300001e+00
4.990000e+01	-1.564716e-01	4.300001e+00
4.993333e+01	-1.564718e-01	4.300000e+00
4.996667e+01	-1.564719e-01	4.299999e+00
50	-1.564719e-01	4.300000e+00
5.003333e+01	-1.564718e-01	4.300000e+00
5.006667e+01	-1.564718e-01	4.300000e+00
5.010000e+01	-1.564718e-01	4.300000e+00
5.013333e+01	-1.564718e-01	4.300000e+00
5.016667e+01	-1.566800e-01	4.298939e+00
5.020000e+01	-1.580633e-01	4.291887e+00
5.023333e+01	-1.620900e-01	4.271361e+00
5.026667e+01	-1.687679e-01	4.237319e+00
5.030000e+01	-1.754696e-01	4.203156e+00
5.033333e+01	-1.790343e-01	4.184985e+00
5.036667e+01	-1.787515e-01	4.186426e+00
5.040000e+01	-1.765987e-01	4.197401e+00
5.043333e+01	-1.750164e-01	4.205466e+00
5.046667e+01	-1.749649e-01	4.205729e+00
5.050000e+01	-1.758199e-01	4.201370e+00
5.053333e+01	-1.765220e-01	4.197792e+00
5.056667e+01	-1.765837e-01	4.197477e+00
5.060000e+01	-1.762284e-01	4.199288e+00
5.063333e+01	-1.759130e-01	4.200896e+00
5.066667e+01	-1.758696e-01	4.201117e+00
5.070000e+01	-1.760174e-01	4.200364e+00
5.073333e+01	-1.761592e-01	4.199641e+00
5.076667e+01	-1.761855e-01	4.199507e+00
5.080000e+01	-1.761244e-01	4.199818e+00
5.083333e+01	-1.760610e-01	4.200142e+00
5.086667e+01	-1.760463e-01	4.200217e+00
5.090000e+01	-1.760713e-01	4.200089e+00
5.093333e+01	-1.760995e-01	4.199945e+00
5.096667e+01	-1.761074e-01	4.199905e+00
51	-1.760972e-01	4.199957e+00
5.103333e+01	-1.760847e-01	4.200021e+00
5.106667e+01	-1.760807e-01	4.200041e+00
5.110000e+01	-1.760847e-01	4.200021e+00
5.113333e+01	-1.760903e-01	4.199992e+00
5.116667e+01	-1.760923e-01	4.199982e+00
5.120000e+01	-1.760907e-01	4.199990e+00
5.123333e+01	-1.760882e-01	4.200003e+00
5.126667e+01	-1.760872e-01	4.200008e+00
5.130000e+01	-1.760879e-01	4.200005e+00
5.133333e+01	-1.760889e-01	4.199999e+00
5.136667e+01	-1.760894e-01	4.199997e+00
5.140000e+01	-1.760892e-01	4.199998e+00
5.143333e+01	-1.758805e-01	4.201061e+00
5.146667e+01	-1.744970e-01	4.208114e+00
5.150000e+01	-1.704704e-01	4.228640e+00
5.153333e+01	-1.637927e-01	4.262681e+00
5.156667e+01	-1.570911e-01	4.296843e+00
5.160000e+01	-1.535263e-01	4.315015e+00
5.163333e+01	-1.538091e-01	4.313574e+00
5.166667e+01	-1.559619e-01	4.302600e+00
5.170000e+01	-1.575441e-01	4.294534e+00
5.173333e+01	-1.575957e-01	4.294271e+00
5.176667e+01	-1.567407e-01	4.298630e+00
5.180000e+01	-1.560386e-01	4.302208e+00
5.183333e+01	-1.559769e-01	4.302523e+00
5.186667e+01	-1.563322e-01	4.300712e+00
5.190000e+01	-1.566476e-01	4.299104e+00
5.193333e+01	-1.566910e-01	4.298883e+00
5.196667e+01	-1.565431e-01	4.299636e+00
52	-1.564014e-01	4.300359e+00
5.203333e+01	-1.563751e-01	4.300493e+00
5.206667e+01	-1.564362e-01	4.300182e+00
5.210000e+01	-1.564996e-01	4.299858e+00
5.213333e+01	-1.565143e-01	4.299783e+00
5.216667e+01	-1.564893e-01	4.299911e+00
5.220000e+01	-1.564611e-01	4.300055e+00
5.223333e+01	-1.564532e-01	4.300095e+00
5.226667e+01	-1.564634e-01	4.300043e+00
5.230000e+01	-1.566841e-01	4.298918e+00
5.233333e+01	-1.578632e-01	4.292907e+00
5.236667e+01	-1.607108e-01	4.278391e+00
5.240000e+01	-1.647397e-01	4.257853e+00
5.243333e+01	-1.687882e-01	4.237216e+00
5.246667e+01	-1.723308e-01	4.219157e+00
5.250000e+01	-1.751873e-01	4.204595e+00
5.253333e+01	-1.768830e-01	4.195951e+00
5.256667e+01	-1.771702e-01	4.194487e+00
5.260000e+01	-1.765470e-01	4.197664e+00
5.263333e+01	-1.758708e-01	4.201111e+00
5.266667e+01	-1.756665e-01	4.202153e+00
5.270000e+01	-1.758817e-01	4.201055e+00
5.273333e+01	-1.761669e-01	4.199602e+00
5.276667e+01	-1.762685e-01	4.199084e+00
5.280000e+01	-1.761849e-01	4.199510e+00
5.283333e+01	-1.760608e-01	4.200143e+00
5.286667e+01	-1.760112e-01	4.200395e+00
5.290000e+01	-1.760438e-01	4.200229e+00
5.293333e+01	-1.763063e-01	4.198891e+00
5.296667e+01	-1.777136e-01	4.191717e+00
53	-1.817279e-01	4.171254e+00
5.303333e+01	-1.883821e-01	4.137333e+00
5.306667e+01	-1.952804e-01	4.102168e+00
5.310000e+01	-2.002331e-01	4.076921e+00
5.313333e+01	-2.039873e-01	4.057784e+00
5.316667e+01	-2.085178e-01	4.034689e+00
5.320000e+01	-2.136355e-01	4.008600e+00
5.323333e+01	-2.171443e-01	3.990714e+00
5.326667e+01	-2.177140e-01	3.987810e+00
5.330000e+01	-2.162637e-01	3.995203e+00
5.333333e+01	-2.147451e-01	4.002944e+00
5.336667e+01	-2.143395e-01	4.005012e+00
5.340000e+01	-2.148790e-01	4.002262e+00
5.343333e+01	-2.155367e-01	3.998909e+00
5.346667e+01	-2.157458e-01	3.997843e+00
5.350000e+01	-2.155323e-01	3.998931e+00
5.353333e+01	-2.152436e-01	4.000403e+00
5.356667e+01	-2.151393e-01	4.000935e+00
5.360000e+01	-2.152237e-01	4.000504e+00
5.363333e+01	-2.153506e-01	3.999858e+00
5.366667e+01	-2.151936e-01	4.000658e+00
5.370000e+01	-2.137775e-01	4.007877e+00
5.373333e+01	-2.096952e-01	4.028686e+00
5.376667e+01	-2.029925e-01	4.062854e+00
5.380000e+01	-1.963034e-01	4.096953e+00
5.383333e+01	-1.925546e-01	4.116063e+00
5.386667e+01	-1.914660e-01	4.121612e+00
5.390000e+01	-1.895875e-01	4.131188e+00
5.393333e+01	-1.844814e-01	4.157218e+00
5.396667e+01	-1.778256e-01	4.191146e+00
54	-1.734075e-01	4.213668e+00
5.403333e+01	-1.729928e-01	4.215782e+00
5.406667e+01	-1.748783e-01	4.206170e+00
5.410000e+01	-1.754321e-01	4.203348e+00
5.413333e+01	-1.717703e-01	4.222014e+00
5.416667e+01	-1.642796e-01	4.260199e+00
5.420000e+01	-1.567282e-01	4.298693e+00
5.423333e+01	-1.529608e-01	4.317898e+00
5.426667e+01	-1.535731e-01	4.314776e+00
5.430000e+01	-1.561024e-01	4.301883e+00
5.433333e+01	-1.575830e-01	4.294335e+00
5.436667e+01	-1.561179e-01	4.301804e+00
5.440000e+01	-1.510694e-01	4.327540e+00
5.443333e+01	-1.436350e-01	4.365438e+00
5.446667e+01	-1.369250e-01	4.399643e+00
5.450000e+01	-1.337891e-01	4.415628e+00
5.453333e+01	-1.344145e-01	4.412440e+00
5.456667e+01	-1.365897e-01	4.401352e+00
5.460000e+01	-1.379918e-01	4.394205e+00
5.463333e+01	-1.378883e-01	4.394732e+00
5.466667e+01	-1.370150e-01	4.399184e+00
5.470000e+01	-1.363883e-01	4.402379e+00
5.473333e+01	-1.363964e-01	4.402337e+00
5.476667e+01	-1.367633e-01	4.400467e+00
5.480000e+01	-1.370475e-01	4.399018e+00
5.483333e+01	-1.370596e-01	4.398956e+00
5.486667e+01	-1.369051e-01	4.399744e+00
5.490000e+01	-1.367762e-01	4.400401e+00
5.493333e+01	-1.367638e-01	4.400464e+00
5.496667e+01	-1.368285e-01	4.400134e+00
55	-1.368867e-01	4.399838e+00
5.503333e+01	-1.368952e-01	4.399794e+00
5.506667e+01	-1.368683e-01	4.399932e+00
5.510000e+01	-1.368422e-01	4.400065e+00
5.513333e+01	-1.368371e-01	4.400091e+00
5.516667e+01	-1.368482e-01	4.400034e+00
5.520000e+01	-1.368599e-01	4.399975e+00
5.523333e+01	-1.368627e-01	4.399960e+00
5.526667e+01	-1.368582e-01	4.399983e+00
5.530000e+01	-1.368530e-01	4.400010e+00
5.533333e+01	-1.368515e-01	4.400017e+00
5.536667e+01	-1.366451e-01	4.401069e+00
5.540000e+01	-1.352642e-01	4.408109e+00
5.543333e+01	-1.312382e-01	4.428632e+00
5.546667e+01	-1.245596e-01	4.462677e+00
5.550000e+01	-1.178569e-01	4.496845e+00
5.553333e+01	-1.142917e-01	4.515019e+00
5.556667e+01	-1.147830e-01	4.512514e+00
5.560000e+01	-1.183196e-01	4.494486e+00
5.563333e+01	-1.239288e-01	4.465893e+00
5.566667e+01	-1.306581e-01	4.431589e+00
5.570000e+01	-1.365045e-01	4.401786e+00
5.573333e+01	-1.393671e-01	4.387193e+00
5.576667e+01	-1.390226e-01	4.388950e+00
5.580000e+01	-1.372252e-01	4.398112e+00
5.583333e+01	-1.359584e-01	4.404570e+00
5.586667e+01	-1.359502e-01	4.404612e+00
5.590000e+01	-1.366574e-01	4.401007e+00
5.593333e+01	-1.372177e-01	4.398151e+00
5.596667e+01	-1.372531e-01	4.397970e+00
56	-1.369589e-01	4.399470e+00
5.603333e+01	-1.367069e-01	4.400754e+00
5.606667e+01	-1.366782e-01	4.400901e+00
5.610000e+01	-1.368011e-01	4.400274e+00
5.613333e+01	-1.369145e-01	4.399696e+00
5.616667e+01	-1.369330e-01	4.399602e+00
5.620000e+01	-1.368821e-01	4.399861e+00
5.623333e+01	-1.368312e-01	4.400121e+00
5.626667e+01	-1.366123e-01	4.401237e+00
5.630000e+01	-1.352500e-01	4.408181e+00
5.633333e+01	-1.312460e-01	4.428592e+00
5.636667e+01	-1.245739e-01	4.462604e+00
5.640000e+01	-1.178637e-01	4.496810e+00
5.643333e+01	-1.142888e-01	4.515034e+00
5.646667e+01	-1.145686e-01	4.513607e+00
5.650000e+01	-1.167249e-01	4.502615e+00
5.653333e+01	-1.183116e-01	4.494527e+00
5.656667e+01	-1.183647e-01	4.494256e+00
5.660000e+01	-1.175083e-01	4.498622e+00
5.663333e+01	-1.168043e-01	4.502211e+00
5.666667e+01	-1.167418e-01	4.502529e+00
5.670000e+01	-1.170976e-01	4.500715e+00
5.673333e+01	-1.174139e-01	4.499103e+00
5.676667e+01	-1.174577e-01	4.498880e+00
5.680000e+01	-1.173096e-01	4.499635e+00
5.683333e+01	-1.171675e-01	4.500359e+00
5.686667e+01	-1.171410e-01	4.500494e+00
5.690000e+01	-1.172022e-01	4.500182e+00
5.693333e+01	-1.172658e-01	4.499858e+00
5.696667e+01	-1.172806e-01	4.499783e+00
57	-1.172555e-01	4.499911e+00
5.703333e+01	-1.172272e-01	4.500055e+00
5.706667e+01	-1.172193e-01	4.500095e+00
5.710000e+01	-1.172295e-01	4.500043e+00
5.713333e+01	-1.172420e-01	4.499979e+00
5.716667e+01	-1.172461e-01	4.499959e+00
5.720000e+01	-1.172420e-01	4.499979e+00
5.723333e+01	-1.172365e-01	4.500008e+00
5.726667e+01	-1.172344e-01	4.500018e+00
5.730000e+01	-1.172360e-01	4.500010e+00
5.733333e+01	-1.172385e-01	4.499997e+00
5.736667e+01	-1.172395e-01	4.499992e+00
5.740000e+01	-1.172389e-01	4.499995e+00
5.743333e+01	-1.172378e-01	4.500001e+00
5.746667e+01	-1.172373e-01	4.500003e+00
5.750000e+01	-1.172375e-01	4.500002e+00
5.753333e+01	-1.172380e-01	4.500000e+00
5.756667e+01	-1.172382e-01	4.499999e+00
5.760000e+01	-1.172381e-01	4.499999e+00
5.763333e+01	-1.172379e-01	4.500000e+00
5.766667e+01	-1.172378e-01	4.500001e+00
5.770000e+01	-1.172379e-01	4.500000e+00
5.773333e+01	-1.172380e-01	4.500000e+00
5.776667e+01	-1.174462e-01	4.498939e+00
5.780000e+01	-1.188295e-01	4.491887e+00
5.783333e+01	-1.228561e-01	4.471361e+00
5.786667e+01	-1.295340e-01	4.437319e+00
5.790000e+01	-1.362357e-01	4.403156e+00
5.793333e+01	-1.398005e-01	4.384985e+00
5.796667e+01	-1.395177e-01	4.386426e+00
58	-1.373648e-01	4.397401e+00
5.803333e+01	-1.357826e-01	4.405466e+00
5.806667e+01	-1.357310e-01	4.405729e+00
5.810000e+01	-1.365861e-01	4.401370e+00
5.813333e+01	-1.372881e-01	4.397792e+00
5.816667e+01	-1.373498e-01	4.397477e+00
5.820000e+01	-1.369945e-01	4.399288e+00
5.823333e+01	-1.366791e-01	4.400896e+00
5.826667e+01	-1.366357e-01	4.401117e+00
5.830000e+01	-1.367836e-01	4.400364e+00
5.833333e+01	-1.369253e-01	4.399641e+00
5.836667e+01	-1.369516e-01	4.399507e+00
5.840000e+01	-1.368660e-01	4.399943e+00
5.843333e+01	-1.366154e-01	4.401221e+00
5.846667e+01	-1.359397e-01	4.404665e+00
5.850000e+01	-1.345181e-01	4.411912e+00
5.853333e+01	-1.323113e-01	4.423161e+00
5.856667e+01	-1.296648e-01	4.436653e+00
5.860000e+01	-1.270335e-01	4.450066e+00
5.863333e+01	-1.246531e-01	4.462200e+00
5.866667e+01	-1.224673e-01	4.473342e+00
5.870000e+01	-1.202958e-01	4.484412e+00
5.873333e+01	-1.180250e-01	4.495988e+00
5.876667e+01	-1.156682e-01	4.508002e+00
5.880000e+01	-1.133005e-01	4.520072e+00
5.883333e+01	-1.109738e-01	4.531933e+00
5.886667e+01	-1.086856e-01	4.543597e+00
5.890000e+01	-1.064041e-01	4.555227e+00
5.893333e+01	-1.041057e-01	4.566943e+00
5.896667e+01	-1.018145e-01	4.578623e+00
59	-9.968225e-02	4.589493e+00
5.903333e+01	-9.803068e-02	4.597912e+00
5.906667e+01	-9.717244e-02	4.602287e+00
5.910000e+01	-9.710469e-02	4.602632e+00
5.913333e+01	-9.745348e-02	4.600854e+00
5.916667e+01	-9.776559e-02	4.599263e+00
5.920000e+01	-9.782336e-02	4.598969e+00
5.923333e+01	-9.769612e-02	4.599617e+00
5.926667e+01	-9.777251e-02	4.599228e+00
5.930000e+01	-9.912512e-02	4.592333e+00
5.933333e+01	-1.032033e-01	4.571543e+00
5.936667e+01	-1.099393e-01	4.537206e+00
5.940000e+01	-1.166570e-01	4.502962e+00
5.943333e+01	-1.202008e-01	4.484896e+00
5.946667e+01	-1.198923e-01	4.486469e+00
5.950000e+01	-1.177312e-01	4.497485e+00
5.953333e+01	-1.161574e-01	4.505508e+00
5.956667e+01	-1.161172e-01	4.505713e+00
5.960000e+01	-1.167682e-01	4.502395e+00
5.963333e+01	-1.160836e-01	4.505884e+00
5.966667e+01	-1.121136e-01	4.526122e+00
5.970000e+01	-1.050784e-01	4.561985e+00
5.973333e+01	-9.806263e-02	4.597749e+00
5.976667e+01	-9.445662e-02	4.616131e+00
5.980000e+01	-9.488828e-02	4.613931e+00
5.983333e+01	-9.718235e-02	4.602236e+00
5.986667e+01	-9.878999e-02	4.594041e+00
5.990000e+01	-9.877996e-02	4.594092e+00
5.993333e+01	-9.786167e-02	4.598773e+00
5.996667e+01	-9.714534e-02	4.602425e+00
60	-9.710884e-02	4.602611e+00
6.003333e+01	-9.749233e-02	4.600656e+00
6.006667e+01	-9.781536e-02	4.599009e+00
6.010000e+01	-9.784856e-02	4.598840e+00
6.013333e+01	-9.768818e-02	4.599658e+00
6.016667e+01	-9.754252e-02	4.600400e+00
6.020000e+01	-9.752030e-02	4.600513e+00
6.023333e+01	-9.758692e-02	4.600174e+00
6.026667e+01	-9.765232e-02	4.599840e+00
6.030000e+01	-9.766542e-02	4.599774e+00
6.033333e+01	-9.763796e-02	4.599914e+00
6.036667e+01	-9.781691e-02	4.599001e+00
6.040000e+01	-9.919300e-02	4.591987e+00
6.043333e+01	-1.032309e-01	4.571403e+00
6.046667e+01	-1.099218e-01	4.537295e+00
6.050000e+01	-1.166273e-01	4.503113e+00
6.053333e+01	-1.201875e-01	4.484964e+00
6.056667e+01	-1.198990e-01	4.486435e+00
6.060000e+01	-1.177442e-01	4.497419e+00
6.063333e+01	-1.161637e-01	4.505476e+00
6.066667e+01	-1.161147e-01	4.505726e+00
6.070000e+01	-1.169707e-01	4.501362e+00
6.073333e+01	-1.176720e-01	4.497787e+00
6.076667e+01	-1.177327e-01	4.497478e+00
6.080000e+01	-1.173769e-01	4.499292e+00
6.083333e+01	-1.170618e-01	4.500898e+00
6.086667e+01	-1.170188e-01	4.501117e+00
6.090000e+01	-1.171669e-01	4.500362e+00
6.093333e+01	-1.173085e-01	4.499640e+00
6.096667e+01	-1.173347e-01	4.499507e+00
61	-1.172735e-01	4.499819e+00
6.103333e+01	-1.172101e-01	4.500142e+00
6.106667e+01	-1.171955e-01	4.500217e+00
6.110000e+01	-1.174287e-01	4.499028e+00
6.113333e+01	-1.188402e-01	4.491832e+00
6.116667e+01	-1.228747e-01	4.471266e+00
6.120000e+01	-1.295425e-01	4.437276e+00
6.123333e+01	-1.362316e-01	4.403177e+00
6.126667e+01	-1.397924e-01	4.385026e+00
6.130000e+01	-1.395136e-01	4.386447e+00
6.133333e+01	-1.373663e-01	4.397393e+00
6.136667e+01	-1.357861e-01	4.405448e+00
6.140000e+01	-1.357329e-01	4.405719e+00
6.143333e+01	-1.365855e-01	4.401373e+00
6.146667e+01	-1.372866e-01	4.397799e+00
6.150000e+01	-1.373490e-01	4.397481e+00
6.153333e+01	-1.369947e-01	4.399287e+00
6.156667e+01	-1.366798e-01	4.400893e+00
6.160000e+01	-1.366361e-01	4.401115e+00
6.163333e+01	-1.367835e-01	4.400364e+00
6.166667e+01	-1.369250e-01	4.399643e+00
6.170000e+01	-1.369514e-01	4.399508e+00
6.173333e+01	-1.368905e-01	4.399818e+00
6.176667e+01	-1.368272e-01	4.400141e+00
6.180000e+01	-1.368125e-01	4.400216e+00
6.183333e+01	-1.368374e-01	4.400089e+00
6.186667e+01	-1.368656e-01	4.399945e+00
6.190000e+01	-1.368734e-01	4.399905e+00
6.193333e+01	-1.368633e-01	4.399957e+00
6.196667e+01	-1.368508e-01	4.400021e+00
62	-1.368468e-01	4.400041e+00
6.203333e+01	-1.368509e-01	4.400021e+00
6.206667e+01	-1.368564e-01	4.399992e+00
6.210000e+01	-1.368584e-01	4.399982e+00
6.213333e+01	-1.366486e-01	4.401051e+00
6.216667e+01	-1.354711e-01	4.407054e+00
6.220000e+01	-1.328267e-01	4.420534e+00
6.223333e+01	-1.301761e-01	4.434046e+00
6.226667e+01	-1.301534e-01	4.434162e+00
6.230000e+01	-1.332908e-01	4.418168e+00
6.233333e+01	-1.371381e-01	4.398556e+00
6.236667e+01	-1.390077e-01	4.389026e+00
6.240000e+01	-1.384369e-01	4.391936e+00
6.243333e+01	-1.369062e-01	4.399738e+00
6.246667e+01	-1.359998e-01	4.404359e+00
6.250000e+01	-1.361530e-01	4.403578e+00
6.253333e+01	-1.367932e-01	4.400314e+00
6.256667e+01	-1.370020e-01	4.399250e+00
6.260000e+01	-1.355788e-01	4.406505e+00
6.263333e+01	-1.312801e-01	4.428418e+00
6.266667e+01	-1.244109e-01	4.463435e+00
6.270000e+01	-1.177154e-01	4.497566e+00
6.273333e+01	-1.142661e-01	4.515150e+00
6.276667e+01	-1.146363e-01	4.513262e+00
6.280000e+01	-1.167914e-01	4.502276e+00
6.283333e+01	-1.183250e-01	4.494459e+00
6.286667e+01	-1.183368e-01	4.494398e+00
6.290000e+01	-1.174785e-01	4.498774e+00
6.293333e+01	-1.167969e-01	4.502248e+00
6.296667e+01	-1.167532e-01	4.502471e+00
63	-1.171108e-01	4.500648e+00
6.303333e+01	-1.174177e-01	4.499084e+00
6.306667e+01	-1.174531e-01	4.498903e+00
6.310000e+01	-1.173037e-01	4.499665e+00
6.313333e+01	-1.171655e-01	4.500369e+00
6.316667e+01	-1.171428e-01	4.500485e+00
6.320000e+01	-1.172048e-01	4.500169e+00
6.323333e+01	-1.172667e-01	4.499853e+00
6.326667e+01	-1.172798e-01	4.499787e+00
6.330000e+01	-1.172544e-01	4.499916e+00
6.333333e+01	-1.172267e-01	4.500057e+00
6.336667e+01	-1.172196e-01	4.500094e+00
6.340000e+01	-1.172300e-01	4.500041e+00
6.343333e+01	-1.172423e-01	4.499978e+00
6.346667e+01	-1.172460e-01	4.499959e+00
6.350000e+01	-1.172418e-01	4.499980e+00
6.353333e+01	-1.172364e-01	4.500008e+00
6.356667e+01	-1.172345e-01	4.500018e+00
6.360000e+01	-1.172361e-01	4.500009e+00
6.363333e+01	-1.172385e-01	4.499997e+00
6.366667e+01	-1.172395e-01	4.499992e+00
6.370000e+01	-1.172388e-01	4.499996e+00
6.373333e+01	-1.172378e-01	4.500001e+00
6.376667e+01	-1.172373e-01	4.500003e+00
6.380000e+01	-1.172376e-01	4.500002e+00
6.383333e+01	-1.172380e-01	4.500000e+00
6.386667e+01	-1.172382e-01	4.499999e+00
6.390000e+01	-1.172381e-01	4.499999e+00
6.393333e+01	-1.172379e-01	4.500000e+00
6.396667e+01	-1.172378e-01	4.500001e+00
64	-1.172379e-01	4.500000e+00
6.403333e+01	-1.172380e-01	4.500000e+00
6.406667e+01	-1.172380e-01	4.500000e+00
6.410000e+01	-1.172380e-01	4.500000e+00
6.413333e+01	-1.172380e-01	4.500000e+00
6.416667e+01	-1.172379e-01	4.500000e+00
6.420000e+01	-1.174461e-01	4.498939e+00
6.423333e+01	-1.188294e-01	4.491887e+00
6.426667e+01	-1.228561e-01	4.471361e+00
6.430000e+01	-1.295341e-01	4.437319e+00
6.433333e+01	-1.362357e-01	4.403156e+00
6.436667e+01	-1.398005e-01	4.384985e+00
6.440000e+01	-1.397258e-01	4.385365e+00
6.443333e+01	-1.389563e-01	4.389288e+00
6.446667e+01	-1.414007e-01	4.376827e+00
6.450000e+01	-1.480271e-01	4.343048e+00
6.453333e+01	-1.555838e-01	4.304527e+00
6.456667e+01	-1.598506e-01	4.282776e+00
6.460000e+01	-1.596295e-01	4.283903e+00
6.463333e+01	-1.571214e-01	4.296689e+00
6.466667e+01	-1.552237e-01	4.306362e+00
6.470000e+01	-1.551288e-01	4.306846e+00
6.473333e+01	-1.561317e-01	4.301734e+00
6.476667e+01	-1.569754e-01	4.297433e+00
6.480000e+01	-1.570635e-01	4.296984e+00
6.483333e+01	-1.566471e-01	4.299106e+00
6.486667e+01	-1.560601e-01	4.302099e+00
6.490000e+01	-1.546187e-01	4.309447e+00
6.493333e+01	-1.507649e-01	4.329092e+00
6.496667e+01	-1.442569e-01	4.362267e+00
65	-1.375894e-01	4.396256e+00
6.503333e+01	-1.339534e-01	4.414791e+00
6.506667e+01	-1.341603e-01	4.413736e+00
6.510000e+01	-1.362944e-01	4.402857e+00
6.513333e+01	-1.379057e-01	4.394643e+00
6.516667e+01	-1.379910e-01	4.394208e+00
6.520000e+01	-1.371458e-01	4.398517e+00
6.523333e+01	-1.364320e-01	4.402156e+00
6.526667e+01	-1.363553e-01	4.402547e+00
6.530000e+01	-1.367056e-01	4.400761e+00
6.533333e+01	-1.368175e-01	4.400190e+00
6.536667e+01	-1.354843e-01	4.406987e+00
6.540000e+01	-1.313122e-01	4.428255e+00
6.543333e+01	-1.244907e-01	4.463028e+00
6.546667e+01	-1.177598e-01	4.497340e+00
6.550000e+01	-1.142550e-01	4.515206e+00
6.553333e+01	-1.146019e-01	4.513438e+00
6.556667e+01	-1.167707e-01	4.502382e+00
6.560000e+01	-1.183285e-01	4.494441e+00
6.563333e+01	-1.183516e-01	4.494323e+00
6.566667e+01	-1.174881e-01	4.498725e+00
6.570000e+01	-1.167960e-01	4.502253e+00
6.573333e+01	-1.167469e-01	4.502503e+00
6.576667e+01	-1.171064e-01	4.500671e+00
6.580000e+01	-1.174179e-01	4.499083e+00
6.583333e+01	-1.172476e-01	4.499951e+00
6.586667e+01	-1.157143e-01	4.507767e+00
6.590000e+01	-1.115474e-01	4.529008e+00
6.593333e+01	-1.048456e-01	4.563172e+00
6.596667e+01	-9.820608e-02	4.597018e+00
66	-9.470415e-02	4.614869e+00
6.603333e+01	-9.500061e-02	4.613358e+00
6.606667e+01	-9.712793e-02	4.602514e+00
6.610000e+01	-9.868217e-02	4.594591e+00
6.613333e+01	-9.872634e-02	4.594365e+00
6.616667e+01	-9.788167e-02	4.598671e+00
6.620000e+01	-9.719210e-02	4.602186e+00
6.623333e+01	-9.713417e-02	4.602482e+00
6.626667e+01	-9.748530e-02	4.600692e+00
6.630000e+01	-9.779518e-02	4.599112e+00
6.633333e+01	-9.783670e-02	4.598901e+00
6.636667e+01	-9.769048e-02	4.599646e+00
6.640000e+01	-9.755119e-02	4.600356e+00
6.643333e+01	-9.752581e-02	4.600485e+00
6.646667e+01	-9.758626e-02	4.600177e+00
6.650000e+01	-9.764861e-02	4.599859e+00
6.653333e+01	-9.766288e-02	4.599787e+00
6.656667e+01	-9.763810e-02	4.599913e+00
6.660000e+01	-9.761031e-02	4.600055e+00
6.663333e+01	-9.760271e-02	4.600093e+00
6.666667e+01	-9.761276e-02	4.600042e+00
6.670000e+01	-9.762509e-02	4.599979e+00
6.673333e+01	-9.783718e-02	4.598898e+00
6.676667e+01	-9.921642e-02	4.591867e+00
6.680000e+01	-1.032377e-01	4.571368e+00
6.683333e+01	-1.099137e-01	4.537337e+00
6.686667e+01	-1.166169e-01	4.503166e+00
6.690000e+01	-1.201841e-01	4.484982e+00
6.693333e+01	-1.199022e-01	4.486419e+00
6.696667e+01	-1.179569e-01	4.496335e+00
67	-1.177569e-01	4.497355e+00
6.703333e+01	-1.217316e-01	4.477093e+00
6.706667e+01	-1.292648e-01	4.438691e+00
6.710000e+01	-1.368771e-01	4.399887e+00
6.713333e+01	-1.418871e-01	4.374347e+00
6.716667e+01	-1.452757e-01	4.357074e+00
6.720000e+01	-1.494852e-01	4.335616e+00
6.723333e+01	-1.547692e-01	4.308680e+00
6.726667e+01	-1.598136e-01	4.282965e+00
6.730000e+01	-1.645544e-01	4.258798e+00
6.733333e+01	-1.698078e-01	4.232018e+00
6.736667e+01	-1.749279e-01	4.205918e+00
6.740000e+01	-1.780223e-01	4.190143e+00
6.743333e+01	-1.782644e-01	4.188909e+00
6.746667e+01	-1.767952e-01	4.196399e+00
6.750000e+01	-1.754508e-01	4.203252e+00
6.753333e+01	-1.751935e-01	4.204564e+00
6.756667e+01	-1.757494e-01	4.201730e+00
6.760000e+01	-1.765425e-01	4.197687e+00
6.763333e+01	-1.780680e-01	4.189911e+00
6.766667e+01	-1.818704e-01	4.170527e+00
6.770000e+01	-1.882899e-01	4.137803e+00
6.773333e+01	-1.949172e-01	4.104019e+00
6.776667e+01	-1.985727e-01	4.085385e+00
6.780000e+01	-1.984043e-01	4.086244e+00
6.783333e+01	-1.962893e-01	4.097025e+00
6.786667e+01	-1.946708e-01	4.105276e+00
6.790000e+01	-1.945688e-01	4.105796e+00
6.793333e+01	-1.954050e-01	4.101533e+00
6.796667e+01	-1.959131e-01	4.098943e+00
68	-1.946137e-01	4.105567e+00
6.803333e+01	-1.902409e-01	4.127857e+00
6.806667e+01	-1.832421e-01	4.163535e+00
6.810000e+01	-1.764873e-01	4.197968e+00
6.813333e+01	-1.730660e-01	4.215409e+00
6.816667e+01	-1.734926e-01	4.213234e+00
6.820000e+01	-1.756760e-01	4.202104e+00
6.823333e+01	-1.771993e-01	4.194339e+00
6.826667e+01	-1.771866e-01	4.194404e+00
6.830000e+01	-1.763150e-01	4.198847e+00
6.833333e+01	-1.756370e-01	4.202303e+00
6.836667e+01	-1.756038e-01	4.202472e+00
6.840000e+01	-1.759677e-01	4.200617e+00
6.843333e+01	-1.762734e-01	4.199059e+00
6.846667e+01	-1.763042e-01	4.198902e+00
6.850000e+01	-1.761520e-01	4.199678e+00
6.853333e+01	-1.760141e-01	4.200380e+00
6.856667e+01	-1.759934e-01	4.200486e+00
6.860000e+01	-1.760566e-01	4.200164e+00
6.863333e+01	-1.761185e-01	4.199848e+00
6.866667e+01	-1.761308e-01	4.199786e+00
6.870000e+01	-1.761047e-01	4.199919e+00
6.873333e+01	-1.758689e-01	4.201121e+00
6.876667e+01	-1.744789e-01	4.208207e+00
6.880000e+01	-1.704628e-01	4.228679e+00
6.883333e+01	-1.637972e-01	4.262658e+00
6.886667e+01	-1.570991e-01	4.296803e+00
6.890000e+01	-1.535300e-01	4.314996e+00
6.893333e+01	-1.538074e-01	4.313582e+00
6.896667e+01	-1.559584e-01	4.302617e+00
69	-1.575424e-01	4.294543e+00
6.903333e+01	-1.575963e-01	4.294268e+00
6.906667e+01	-1.565340e-01	4.299683e+00
6.910000e+01	-1.544480e-01	4.310317e+00
6.913333e+01	-1.503585e-01	4.331164e+00
6.916667e+01	-1.440354e-01	4.363396e+00
6.920000e+01	-1.376494e-01	4.395950e+00
6.923333e+01	-1.341286e-01	4.413898e+00
6.926667e+01	-1.342637e-01	4.413209e+00
6.930000e+01	-1.360666e-01	4.404019e+00
6.933333e+01	-1.362390e-01	4.403139e+00
6.936667e+01	-1.323248e-01	4.423093e+00
6.940000e+01	-1.248553e-01	4.461169e+00
6.943333e+01	-1.174664e-01	4.498835e+00
6.946667e+01	-1.138150e-01	4.517449e+00
6.950000e+01	-1.144248e-01	4.514340e+00
6.953333e+01	-1.168852e-01	4.501798e+00
6.956667e+01	-1.185210e-01	4.493459e+00
6.960000e+01	-1.184372e-01	4.493887e+00
6.963333e+01	-1.174445e-01	4.498947e+00
6.966667e+01	-1.167121e-01	4.502681e+00
6.970000e+01	-1.167059e-01	4.502712e+00
6.973333e+01	-1.171226e-01	4.500588e+00
6.976667e+01	-1.172461e-01	4.499958e+00
6.980000e+01	-1.158837e-01	4.506903e+00
6.983333e+01	-1.116818e-01	4.528323e+00
6.986667e+01	-1.048538e-01	4.563130e+00
6.990000e+01	-9.813485e-02	4.597381e+00
6.993333e+01	-9.464324e-02	4.615180e+00
6.996667e+01	-9.499372e-02	4.613393e+00
70	-9.715769e-02	4.602362e+00
7.003333e+01	-9.870962e-02	4.594451e+00
7.006667e+01	-9.873081e-02	4.594343e+00
7.010000e+01	-9.786933e-02	4.598734e+00
7.013333e+01	-9.717979e-02	4.602249e+00
7.016667e+01	-9.713158e-02	4.602495e+00
7.020000e+01	-9.749037e-02	4.600666e+00
7.023333e+01	-9.780068e-02	4.599084e+00
7.026667e+01	-9.783811e-02	4.598893e+00
7.030000e+01	-9.768842e-02	4.599656e+00
7.033333e+01	-9.754875e-02	4.600368e+00
7.036667e+01	-9.752507e-02	4.600489e+00
7.040000e+01	-9.758709e-02	4.600173e+00
7.043333e+01	-9.764969e-02	4.599854e+00
7.046667e+01	-9.766325e-02	4.599785e+00
7.050000e+01	-9.763777e-02	4.599915e+00
7.053333e+01	-9.760984e-02	4.600057e+00
7.056667e+01	-9.760253e-02	4.600094e+00
7.060000e+01	-9.761289e-02	4.600041e+00
7.063333e+01	-9.762530e-02	4.599978e+00
7.066667e+01	-9.762909e-02	4.599959e+00
7.070000e+01	-9.762492e-02	4.599980e+00
7.073333e+01	-9.761944e-02	4.600008e+00
7.076667e+01	-9.761752e-02	4.600018e+00
7.080000e+01	-9.761918e-02	4.600009e+00
7.083333e+01	-9.762159e-02	4.599997e+00
7.086667e+01	-9.741437e-02	4.601053e+00
7.090000e+01	-9.603044e-02	4.608108e+00
7.093333e+01	-9.200265e-02	4.628640e+00
7.096667e+01	-8.532428e-02	4.662684e+00
71	-7.862286e-02	4.696846e+00
7.103333e+01	-7.505858e-02	4.715015e+00
7.106667e+01	-7.534160e-02	4.713572e+00
7.110000e+01	-7.749435e-02	4.702598e+00
7.113333e+01	-7.907641e-02	4.694534e+00
7.116667e+01	-7.912785e-02	4.694272e+00
7.120000e+01	-7.827282e-02	4.698630e+00
7.123333e+01	-7.757089e-02	4.702208e+00
7.126667e+01	-7.750919e-02	4.702523e+00
7.130000e+01	-7.786449e-02	4.700712e+00
7.133333e+01	-7.817984e-02	4.699104e+00
7.136667e+01	-7.822326e-02	4.698883e+00
7.140000e+01	-7.807539e-02	4.699637e+00
7.143333e+01	-7.793369e-02	4.700359e+00
7.146667e+01	-7.790736e-02	4.700493e+00
7.150000e+01	-7.796846e-02	4.700182e+00
7.153333e+01	-7.803187e-02	4.699858e+00
7.156667e+01	-7.804659e-02	4.699783e+00
7.160000e+01	-7.802157e-02	4.699911e+00
7.163333e+01	-7.799332e-02	4.700055e+00
7.166667e+01	-7.798550e-02	4.700095e+00
7.170000e+01	-7.799564e-02	4.700043e+00
7.173333e+01	-7.800817e-02	4.699979e+00
7.176667e+01	-7.801219e-02	4.699959e+00
7.180000e+01	-7.800812e-02	4.699979e+00
7.183333e+01	-7.800259e-02	4.700008e+00
7.186667e+01	-7.800058e-02	4.700018e+00
7.190000e+01	-7.800219e-02	4.700010e+00
7.193333e+01	-7.800462e-02	4.699997e+00
7.196667e+01	-7.779743e-02	4.701053e+00
72	-7.641353e-02	4.708108e+00
7.203333e+01	-7.238574e-02	4.728640e+00
7.206667e+01	-6.570735e-02	4.762684e+00
7.210000e+01	-5.900592e-02	4.796846e+00
7.213333e+01	-5.544163e-02	4.815015e+00
7.216667e+01	-5.572466e-02	4.813572e+00
7.220000e+01	-5.787742e-02	4.802598e+00
7.223333e+01	-5.945948e-02	4.794534e+00
7.226667e+01	-5.951091e-02	4.794271e+00
7.230000e+01	-5.865589e-02	4.798630e+00
7.233333e+01	-5.795396e-02	4.802208e+00
7.236667e+01	-5.789226e-02	4.802523e+00
7.240000e+01	-5.824755e-02	4.800712e+00
7.243333e+01	-5.856290e-02	4.799104e+00
7.246667e+01	-5.860633e-02	4.798883e+00
7.250000e+01	-5.845845e-02	4.799637e+00
7.253333e+01	-5.810858e-02	4.801420e+00
7.256667e+01	-5.669897e-02	4.808606e+00
7.260000e+01	-5.273335e-02	4.828821e+00
7.263333e+01	-4.611884e-02	4.862539e+00
7.266667e+01	-3.943190e-02	4.896627e+00
7.270000e+01	-3.584213e-02	4.914926e+00
7.273333e+01	-3.609668e-02	4.913629e+00
7.276667e+01	-3.824170e-02	4.902694e+00
7.280000e+01	-3.983411e-02	4.894577e+00
7.283333e+01	-3.989818e-02	4.894250e+00
7.286667e+01	-3.883896e-02	4.899650e+00
7.290000e+01	-3.674960e-02	4.910300e+00
7.293333e+01	-3.265560e-02	4.931170e+00
7.296667e+01	-2.633098e-02	4.963411e+00
73	-1.994631e-02	4.995957e+00
7.303333e+01	-1.642744e-02	5.013895e+00
7.306667e+01	-1.656335e-02	5.013203e+00
7.310000e+01	-1.857386e-02	5.002954e+00
7.313333e+01	-2.012871e-02	4.995028e+00
7.316667e+01	-2.024087e-02	4.994456e+00
7.320000e+01	-1.944947e-02	4.998490e+00
7.323333e+01	-1.876264e-02	5.001991e+00
7.326667e+01	-1.867610e-02	5.002433e+00
7.330000e+01	-1.900307e-02	5.000766e+00
7.333333e+01	-1.931043e-02	4.999199e+00
7.336667e+01	-1.936392e-02	4.998926e+00
7.340000e+01	-1.922859e-02	4.999616e+00
7.343333e+01	-1.909099e-02	5.000318e+00
7.346667e+01	-1.926880e-02	4.999411e+00
7.350000e+01	-2.070764e-02	4.992076e+00
7.353333e+01	-2.479574e-02	4.971237e+00
7.356667e+01	-3.148996e-02	4.937112e+00
7.360000e+01	-3.816903e-02	4.903065e+00
7.363333e+01	-4.170654e-02	4.885032e+00
7.366667e+01	-4.141530e-02	4.886516e+00
7.370000e+01	-3.927153e-02	4.897444e+00
7.373333e+01	-3.770131e-02	4.905449e+00
7.376667e+01	-3.765403e-02	4.905690e+00
7.380000e+01	-3.850548e-02	4.901350e+00
7.383333e+01	-3.920220e-02	4.897798e+00
7.386667e+01	-3.926185e-02	4.897494e+00
7.390000e+01	-3.890795e-02	4.899298e+00
7.393333e+01	-3.859488e-02	4.900894e+00
7.396667e+01	-3.855245e-02	4.901110e+00
74	-3.869980e-02	4.900359e+00
7.403333e+01	-3.884050e-02	4.899642e+00
7.406667e+01	-3.886635e-02	4.899510e+00
7.410000e+01	-3.880545e-02	4.899820e+00
7.413333e+01	-3.874247e-02	4.900141e+00
7.416667e+01	-3.851980e-02	4.901277e+00
7.420000e+01	-3.716148e-02	4.908201e+00
7.423333e+01	-3.316281e-02	4.928585e+00
7.426667e+01	-2.649261e-02	4.962587e+00
7.430000e+01	-1.978083e-02	4.996801e+00
7.433333e+01	-1.620363e-02	5.015036e+00
7.436667e+01	-1.648246e-02	5.013615e+00
7.440000e+01	-1.863937e-02	5.002620e+00
7.443333e+01	-2.022713e-02	4.994526e+00
7.446667e+01	-2.028065e-02	4.994253e+00
7.450000e+01	-1.942399e-02	4.998620e+00
7.453333e+01	-1.871956e-02	5.002211e+00
7.456667e+01	-1.865683e-02	5.002531e+00
7.460000e+01	-1.901276e-02	5.000716e+00
7.463333e+01	-1.932921e-02	4.999103e+00
7.466667e+01	-1.937313e-02	4.998879e+00
7.470000e+01	-1.922501e-02	4.999634e+00
7.473333e+01	-1.908284e-02	5.000359e+00
7.476667e+01	-1.905627e-02	5.000495e+00
7.480000e+01	-1.911746e-02	5.000183e+00
7.483333e+01	-1.938925e-02	4.998797e+00
7.486667e+01	-2.078736e-02	4.991670e+00
7.490000e+01	-2.478903e-02	4.971271e+00
7.493333e+01	-3.143861e-02	4.937374e+00
7.496667e+01	-3.813240e-02	4.903251e+00
75	-4.170730e-02	4.885028e+00
7.503333e+01	-4.143707e-02	4.886405e+00
7.506667e+01	-3.928826e-02	4.897359e+00
7.510000e+01	-3.770193e-02	4.905446e+00
7.513333e+01	-3.764485e-02	4.905737e+00
7.516667e+01	-3.849788e-02	4.901388e+00
7.520000e+01	-3.899333e-02	4.898863e+00
7.523333e+01	-3.767424e-02	4.905587e+00
7.526667e+01	-3.329320e-02	4.927920e+00
7.530000e+01	-2.671563e-02	4.961450e+00
7.533333e+01	-2.273600e-02	4.981737e+00
7.536667e+01	-2.737211e-02	4.958103e+00
7.540000e+01	-4.115268e-02	4.887855e+00
7.543333e+01	-5.673566e-02	4.808419e+00
7.546667e+01	-6.538655e-02	4.764320e+00
7.550000e+01	-6.480898e-02	4.767264e+00
7.553333e+01	-5.963331e-02	4.793648e+00
7.556667e+01	-5.579169e-02	4.813231e+00
7.560000e+01	-5.565514e-02	4.813927e+00
7.563333e+01	-5.772847e-02	4.803358e+00
7.566667e+01	-5.943779e-02	4.794644e+00
7.570000e+01	-5.917586e-02	4.795979e+00
7.573333e+01	-5.554675e-02	4.814479e+00
7.576667e+01	-4.672485e-02	4.859450e+00
7.580000e+01	-3.326132e-02	4.928082e+00
7.583333e+01	-2.021689e-02	4.994578e+00
7.586667e+01	-1.343264e-02	5.029162e+00
7.590000e+01	-1.406321e-02	5.025947e+00
7.593333e+01	-1.822068e-02	5.004754e+00
7.596667e+01	-2.123074e-02	4.989410e+00
76	-2.129760e-02	4.989069e+00
7.603333e+01	-1.943999e-02	4.998538e+00
7.606667e+01	-1.672147e-02	5.012397e+00
7.610000e+01	-1.259045e-02	5.033455e+00
7.613333e+01	-6.598563e-03	5.063999e+00
7.616667e+01	-4.971727e-04	5.095102e+00
7.620000e+01	2.990529e-03	5.112881e+00
7.623333e+01	2.993638e-03	5.112897e+00
7.626667e+01	1.110759e-03	5.103299e+00
7.630000e+01	-4.237533e-04	5.095476e+00
7.633333e+01	-5.936047e-04	5.094611e+00
7.636667e+01	1.405333e-04	5.098353e+00
7.640000e+01	8.155184e-04	5.101794e+00
7.643333e+01	9.258090e-04	5.102356e+00
7.646667e+01	6.244114e-04	5.100820e+00
7.650000e+01	3.235092e-04	5.099286e+00
7.653333e+01	2.603382e-04	5.098964e+00
7.656667e+01	3.842916e-04	5.099595e+00
7.660000e+01	5.185253e-04	5.100280e+00
7.663333e+01	5.527864e-04	5.100454e+00
7.666667e+01	5.022572e-04	5.100197e+00
7.670000e+01	4.426028e-04	5.099893e+00
7.673333e+01	4.247380e-04	5.099802e+00
7.676667e+01	4.451115e-04	5.099906e+00
7.680000e+01	4.715055e-04	5.100040e+00
7.683333e+01	4.805560e-04	5.100086e+00
7.686667e+01	4.724463e-04	5.100045e+00
7.690000e+01	6.689928e-04	5.101047e+00
7.693333e+01	2.047786e-03	5.108075e+00
7.696667e+01	6.077691e-03	5.128618e+00
77	1.276070e-02	5.162686e+00
7.703333e+01	1.946455e-02	5.196860e+00
7.706667e+01	2.323625e-02	5.216086e+00
7.710000e+01	2.433451e-02	5.221685e+00
7.713333e+01	2.620734e-02	5.231232e+00
7.716667e+01	3.130345e-02	5.257210e+00
7.720000e+01	3.795454e-02	5.291115e+00
7.723333e+01	4.237484e-02	5.313648e+00
7.726667e+01	4.279389e-02	5.315784e+00
7.730000e+01	4.070238e-02	5.305122e+00
7.733333e+01	3.876458e-02	5.295244e+00
7.736667e+01	3.777319e-02	5.290190e+00
7.740000e+01	3.443514e-02	5.273174e+00
7.743333e+01	2.320496e-02	5.215927e+00
7.746667e+01	3.374672e-03	5.114839e+00
7.750000e+01	-1.705937e-02	5.010674e+00
7.753333e+01	-2.792198e-02	4.955300e+00
7.756667e+01	-2.538081e-02	4.968254e+00
7.760000e+01	-1.199580e-02	5.036486e+00
7.763333e+01	7.649109e-03	5.136629e+00
7.766667e+01	2.791580e-02	5.239941e+00
7.770000e+01	4.226542e-02	5.313090e+00
7.773333e+01	4.693250e-02	5.336881e+00
7.776667e+01	4.379337e-02	5.320879e+00
7.780000e+01	3.760907e-02	5.289354e+00
7.783333e+01	3.113659e-02	5.256360e+00
7.786667e+01	2.397108e-02	5.219832e+00
7.790000e+01	1.499487e-02	5.174075e+00
7.793333e+01	4.395436e-03	5.120043e+00
7.796667e+01	-6.783773e-03	5.063055e+00
78	-1.847977e-02	5.003433e+00
7.803333e+01	-3.205581e-02	4.934228e+00
7.806667e+01	-4.825522e-02	4.851649e+00
7.810000e+01	-6.590545e-02	4.761674e+00
7.813333e+01	-8.360632e-02	4.671442e+00
7.816667e+01	-1.011982e-01	4.581765e+00
7.820000e+01	-1.183135e-01	4.494517e+00
7.823333e+01	-1.325148e-01	4.422124e+00
7.826667e+01	-1.407456e-01	4.380167e+00
7.830000e+01	-1.432141e-01	4.367583e+00
7.833333e+01	-1.442711e-01	4.362195e+00
7.836667e+01	-1.480006e-01	4.343183e+00
7.840000e+01	-1.539801e-01	4.312702e+00
7.843333e+01	-1.586137e-01	4.289081e+00
7.846667e+01	-1.595743e-01	4.284185e+00
7.850000e+01	-1.577864e-01	4.293299e+00
7.853333e+01	-1.559860e-01	4.302477e+00
7.856667e+01	-1.567727e-01	4.298466e+00
7.860000e+01	-1.614713e-01	4.274514e+00
7.863333e+01	-1.690216e-01	4.236026e+00
7.866667e+01	-1.760252e-01	4.200324e+00
7.870000e+01	-1.793255e-01	4.183500e+00
7.873333e+01	-1.786603e-01	4.186891e+00
7.876667e+01	-1.763586e-01	4.198624e+00
7.880000e+01	-1.748798e-01	4.206163e+00
7.883333e+01	-1.749958e-01	4.205571e+00
7.886667e+01	-1.759233e-01	4.200843e+00
7.890000e+01	-1.765856e-01	4.197467e+00
7.893333e+01	-1.765742e-01	4.197525e+00
7.896667e+01	-1.761841e-01	4.199514e+00
79	-1.758836e-01	4.201046e+00
7.903333e+01	-1.758719e-01	4.201105e+00
7.906667e+01	-1.760363e-01	4.200267e+00
7.910000e+01	-1.761727e-01	4.199572e+00
7.913333e+01	-1.759771e-01	4.200569e+00
7.916667e+01	-1.745249e-01	4.207972e+00
7.920000e+01	-1.704366e-01	4.228813e+00
7.923333e+01	-1.637499e-01	4.262899e+00
7.926667e+01	-1.570769e-01	4.296916e+00
7.930000e+01	-1.535398e-01	4.314946e+00
7.933333e+01	-1.538279e-01	4.313478e+00
7.936667e+01	-1.559689e-01	4.302564e+00
7.940000e+01	-1.577470e-01	4.293500e+00
7.943333e+01	-1.591789e-01	4.286200e+00
7.946667e+01	-1.623554e-01	4.270008e+00
7.950000e+01	-1.683368e-01	4.239517e+00
7.953333e+01	-1.749783e-01	4.205661e+00
7.956667e+01	-1.788964e-01	4.185688e+00
7.960000e+01	-1.789265e-01	4.185534e+00
7.963333e+01	-1.768163e-01	4.196291e+00
7.966667e+01	-1.750869e-01	4.205107e+00
7.970000e+01	-1.748948e-01	4.206087e+00
7.973333e+01	-1.757239e-01	4.201860e+00
7.976667e+01	-1.764867e-01	4.197971e+00
7.980000e+01	-1.764032e-01	4.198397e+00
7.983333e+01	-1.746792e-01	4.207186e+00
7.986667e+01	-1.703121e-01	4.229447e+00
7.990000e+01	-1.635627e-01	4.263853e+00
7.993333e+01	-1.570012e-01	4.297301e+00
7.996667e+01	-1.535883e-01	4.314699e+00
80	-1.539099e-01	4.313060e+00
8.003333e+01	-1.560056e-01	4.302377e+00
8.006667e+01	-1.575204e-01	4.294655e+00
8.010000e+01	-1.575517e-01	4.294495e+00
8.013333e+01	-1.567197e-01	4.298737e+00
8.016667e+01	-1.560475e-01	4.302163e+00
8.020000e+01	-1.559960e-01	4.302426e+00
8.023333e+01	-1.563421e-01	4.300661e+00
8.026667e+01	-1.564362e-01	4.300182e+00
8.030000e+01	-1.550913e-01	4.307037e+00
8.033333e+01	-1.509203e-01	4.328300e+00
8.036667e+01	-1.441064e-01	4.363034e+00
8.040000e+01	-1.373809e-01	4.397319e+00
8.043333e+01	-1.338759e-01	4.415186e+00
8.046667e+01	-1.342196e-01	4.413434e+00
8.050000e+01	-1.363859e-01	4.402391e+00
8.053333e+01	-1.379437e-01	4.394450e+00
8.056667e+01	-1.379681e-01	4.394325e+00
8.060000e+01	-1.368976e-01	4.399782e+00
8.063333e+01	-1.348223e-01	4.410362e+00
8.066667e+01	-1.307458e-01	4.431142e+00
8.070000e+01	-1.244270e-01	4.463353e+00
8.073333e+01	-1.180367e-01	4.495928e+00
8.076667e+01	-1.145101e-01	4.513906e+00
8.080000e+01	-1.146431e-01	4.513228e+00
8.083333e+01	-1.166558e-01	4.502967e+00
8.086667e+01	-1.182141e-01	4.495024e+00
8.090000e+01	-1.181195e-01	4.495506e+00
8.093333e+01	-1.159440e-01	4.506596e+00
8.096667e+01	-1.112289e-01	4.530632e+00
81	-1.044638e-01	4.565118e+00
8.103333e+01	-9.788123e-02	4.598674e+00
8.106667e+01	-9.324120e-02	4.622327e+00
8.110000e+01	-8.955109e-02	4.641138e+00
8.113333e+01	-8.489058e-02	4.664895e+00
8.116667e+01	-7.963329e-02	4.691695e+00
8.120000e+01	-7.588140e-02	4.710821e+00
8.123333e+01	-7.398147e-02	4.720506e+00
8.126667e+01	-7.146706e-02	4.733323e+00
8.130000e+01	-6.611786e-02	4.760592e+00
8.133333e+01	-5.841716e-02	4.799847e+00
8.136667e+01	-5.025872e-02	4.841436e+00
8.140000e+01	-4.319657e-02	4.877436e+00
8.143333e+01	-3.844721e-02	4.901647e+00
8.146667e+01	-3.689855e-02	4.909541e+00
8.150000e+01	-3.890948e-02	4.899290e+00
8.153333e+01	-4.433494e-02	4.871633e+00
8.156667e+01	-5.180333e-02	4.833562e+00
8.160000e+01	-5.836569e-02	4.800109e+00
8.163333e+01	-6.138073e-02	4.784740e+00
8.166667e+01	-6.074648e-02	4.787973e+00
0	0	0
0	0	0
0	0	0
