0	1.840831e-02	5.053071e+00
3.333333e-02	2.083530e-02	5.065113e+00
6.666667e-02	2.325159e-02	5.077102e+00
1.000000e-01	2.555967e-02	5.088554e+00
1.333333e-01	2.739611e-02	5.097666e+00
1.666667e-01	2.837073e-02	5.102502e+00
2.000000e-01	2.845508e-02	5.102920e+00
2.333333e-01	2.784684e-02	5.099902e+00
2.666667e-01	2.606822e-02	5.091077e+00
3.000000e-01	2.186279e-02	5.070211e+00
3.333333e-01	1.514633e-02	5.036886e+00
3.666667e-01	8.412364e-03	5.003473e+00
4.000000e-01	4.786125e-03	4.985481e+00
4.333333e-01	5.018320e-03	4.986633e+00
4.666667e-01	7.163484e-03	4.997277e+00
5.000000e-01	8.770287e-03	5.005249e+00
5.333333e-01	8.846909e-03	5.005630e+00
5.666667e-01	7.997950e-03	5.001417e+00
6.000000e-01	7.286308e-03	4.997886e+00
6.333333e-01	7.213383e-03	4.997524e+00
6.666667e-01	7.565395e-03	4.999271e+00
7.000000e-01	7.884621e-03	5.000855e+00
7.333333e-01	7.933003e-03	5.001095e+00
7.666667e-01	7.786797e-03	5.000370e+00
8.000000e-01	7.643555e-03	4.999659e+00
8.333333e-01	7.615045e-03	4.999517e+00
8.666667e-01	7.675315e-03	4.999816e+00
9.000000e-01	7.739332e-03	5.000134e+00
9.333333e-01	7.755009e-03	5.000212e+00
9.666667e-01	7.730390e-03	5.000090e+00
1	7.701911e-03	4.999948e+00
1.033333e+00	7.479793e-03	4.998846e+00
1.066667e+00	6.068577e-03	4.991844e+00
1.100000e+00	1.944170e-03	4.971380e+00
1.133333e+00	-4.912451e-03	4.937359e+00
1.166667e+00	-1.180165e-02	4.903177e+00
1.200000e+00	-1.525572e-02	4.886039e+00
1.233333e+00	-1.354610e-02	4.894521e+00
1.266667e+00	-7.195705e-03	4.926030e+00
1.300000e+00	1.293157e-03	4.968150e+00
1.333333e+00	8.232354e-03	5.002580e+00
1.366667e+00	1.101566e-02	5.016390e+00
1.400000e+00	1.000281e-02	5.011365e+00
1.433333e+00	7.727057e-03	5.000073e+00
1.466667e+00	6.466724e-03	4.993820e+00
1.500000e+00	6.738263e-03	4.995167e+00
1.533333e+00	7.661614e-03	4.999748e+00
1.566667e+00	8.230845e-03	5.002573e+00
1.600000e+00	8.362366e-03	5.003225e+00
1.633333e+00	9.391324e-03	5.008331e+00
1.666667e+00	1.326712e-02	5.027561e+00
1.700000e+00	2.014855e-02	5.061705e+00
1.733333e+00	2.720088e-02	5.096697e+00
1.766667e+00	3.098314e-02	5.115464e+00
1.800000e+00	3.076189e-02	5.114366e+00
1.833333e+00	2.902425e-02	5.105744e+00
1.866667e+00	2.926795e-02	5.106953e+00
1.900000e+00	3.342372e-02	5.127573e+00
1.933333e+00	4.083808e-02	5.164361e+00
1.966667e+00	4.931100e-02	5.206402e+00
2	5.700678e-02	5.244586e+00
2.033333e+00	6.352195e-02	5.276913e+00
2.066667e+00	6.953756e-02	5.306760e+00
2.100000e+00	7.582448e-02	5.337954e+00
2.133333e+00	8.260763e-02	5.371611e+00
2.166667e+00	8.962470e-02	5.406427e+00
2.200000e+00	9.654032e-02	5.440741e+00
2.233333e+00	1.032413e-01	5.473989e+00
2.266667e+00	1.098318e-01	5.506690e+00
2.300000e+00	1.163879e-01	5.539219e+00
2.333333e+00	1.225631e-01	5.569859e+00
2.366667e+00	1.271974e-01	5.592853e+00
2.400000e+00	1.283248e-01	5.598447e+00
2.433333e+00	1.244013e-01	5.578979e+00
2.466667e+00	1.165089e-01	5.539819e+00
2.500000e+00	1.086929e-01	5.501039e+00
2.533333e+00	1.046403e-01	5.480931e+00
2.566667e+00	1.038865e-01	5.477191e+00
2.600000e+00	1.023547e-01	5.469590e+00
2.633333e+00	9.721274e-02	5.444077e+00
2.666667e+00	9.022813e-02	5.409421e+00
2.700000e+00	8.551394e-02	5.386031e+00
2.733333e+00	8.503470e-02	5.383653e+00
2.766667e+00	8.745877e-02	5.395681e+00
2.800000e+00	9.094736e-02	5.412990e+00
2.833333e+00	9.548618e-02	5.435510e+00
2.866667e+00	1.017023e-01	5.466353e+00
2.900000e+00	1.093155e-01	5.504128e+00
2.933333e+00	1.183146e-01	5.548779e+00
2.966667e+00	1.293696e-01	5.603631e+00
3	1.415194e-01	5.663915e+00
3.033333e+00	1.519785e-01	5.715810e+00
3.066667e+00	1.592938e-01	5.752107e+00
3.100000e+00	1.643529e-01	5.777209e+00
3.133333e+00	1.682768e-01	5.796678e+00
3.166667e+00	1.718015e-01	5.814167e+00
3.200000e+00	1.761868e-01	5.835926e+00
3.233333e+00	1.821410e-01	5.865468e+00
3.266667e+00	1.881185e-01	5.895127e+00
3.300000e+00	1.915439e-01	5.912123e+00
3.333333e+00	1.915739e-01	5.912272e+00
3.366667e+00	1.897503e-01	5.903224e+00
3.400000e+00	1.882477e-01	5.895768e+00
3.433333e+00	1.880690e-01	5.894882e+00
3.466667e+00	1.887778e-01	5.898399e+00
3.500000e+00	1.896517e-01	5.902735e+00
3.533333e+00	1.911860e-01	5.910348e+00
3.566667e+00	1.950325e-01	5.929433e+00
3.600000e+00	2.015994e-01	5.962016e+00
3.633333e+00	2.084206e-01	5.995861e+00
3.666667e+00	2.122023e-01	6.014625e+00
3.700000e+00	2.120428e-01	6.013833e+00
3.733333e+00	2.098654e-01	6.003030e+00
3.766667e+00	2.081913e-01	5.994723e+00
3.800000e+00	2.080801e-01	5.994172e+00
3.833333e+00	2.089408e-01	5.998442e+00
3.866667e+00	2.096815e-01	6.002117e+00
3.900000e+00	2.097707e-01	6.002560e+00
3.933333e+00	2.094147e-01	6.000793e+00
3.966667e+00	2.090829e-01	5.999147e+00
4	2.092408e-01	5.999931e+00
4.033333e+00	2.108095e-01	6.007714e+00
4.066667e+00	2.150951e-01	6.028978e+00
4.100000e+00	2.219879e-01	6.063179e+00
4.133333e+00	2.288126e-01	6.097040e+00
4.166667e+00	2.324086e-01	6.114883e+00
4.200000e+00	2.321008e-01	6.113356e+00
4.233333e+00	2.299137e-01	6.102504e+00
4.266667e+00	2.283175e-01	6.094584e+00
4.300000e+00	2.282735e-01	6.094366e+00
4.333333e+00	2.291421e-01	6.098675e+00
4.366667e+00	2.298503e-01	6.102189e+00
4.400000e+00	2.299092e-01	6.102482e+00
4.433333e+00	2.295481e-01	6.100690e+00
4.466667e+00	2.292298e-01	6.099111e+00
4.500000e+00	2.291874e-01	6.098900e+00
4.533333e+00	2.293378e-01	6.099647e+00
4.566667e+00	2.294809e-01	6.100357e+00
4.600000e+00	2.295069e-01	6.100485e+00
4.633333e+00	2.294447e-01	6.100177e+00
4.666667e+00	2.293806e-01	6.099859e+00
4.700000e+00	2.293660e-01	6.099787e+00
4.733333e+00	2.293915e-01	6.099913e+00
4.766667e+00	2.294201e-01	6.100055e+00
4.800000e+00	2.294279e-01	6.100093e+00
4.833333e+00	2.294175e-01	6.100042e+00
4.866667e+00	2.294048e-01	6.099979e+00
4.900000e+00	2.294008e-01	6.099959e+00
4.933333e+00	2.294050e-01	6.099980e+00
4.966667e+00	2.294106e-01	6.100008e+00
5	2.294126e-01	6.100018e+00
5.033333e+00	2.294109e-01	6.100009e+00
5.066667e+00	2.294085e-01	6.099997e+00
5.100000e+00	2.293219e-01	6.099568e+00
5.133333e+00	2.286686e-01	6.096326e+00
5.166667e+00	2.263608e-01	6.084876e+00
5.200000e+00	2.213081e-01	6.059806e+00
5.233333e+00	2.135007e-01	6.021067e+00
5.266667e+00	2.042280e-01	5.975058e+00
5.300000e+00	1.950718e-01	5.929628e+00
5.333333e+00	1.868006e-01	5.888588e+00
5.366667e+00	1.791798e-01	5.850776e+00
5.400000e+00	1.715801e-01	5.813068e+00
5.433333e+00	1.636288e-01	5.773616e+00
5.466667e+00	1.553890e-01	5.732732e+00
5.500000e+00	1.471239e-01	5.691723e+00
5.533333e+00	1.390903e-01	5.651863e+00
5.566667e+00	1.317549e-01	5.615466e+00
5.600000e+00	1.265627e-01	5.589704e+00
5.633333e+00	1.267100e-01	5.590435e+00
5.666667e+00	1.355280e-01	5.634188e+00
5.700000e+00	1.515787e-01	5.713827e+00
5.733333e+00	1.661708e-01	5.786229e+00
5.766667e+00	1.688908e-01	5.799725e+00
5.800000e+00	1.564028e-01	5.737763e+00
5.833333e+00	1.342799e-01	5.627995e+00
5.866667e+00	1.103459e-01	5.509240e+00
5.900000e+00	8.874151e-02	5.402045e+00
5.933333e+00	6.990284e-02	5.308573e+00
5.966667e+00	5.290201e-02	5.224219e+00
6	3.784830e-02	5.149527e+00
6.033333e+00	2.686111e-02	5.095011e+00
6.066667e+00	2.123568e-02	5.067099e+00
6.100000e+00	1.855585e-02	5.053803e+00
6.133333e+00	1.508946e-02	5.036603e+00
6.166667e+00	1.015871e-02	5.012138e+00
6.200000e+00	6.171495e-03	4.992355e+00
6.233333e+00	5.109230e-03	4.987084e+00
6.266667e+00	6.443523e-03	4.993705e+00
6.300000e+00	8.153760e-03	5.002190e+00
6.333333e+00	8.777316e-03	5.005284e+00
6.366667e+00	8.299037e-03	5.002911e+00
6.400000e+00	7.563768e-03	4.999263e+00
6.433333e+00	7.258190e-03	4.997747e+00
6.466667e+00	7.440413e-03	4.998651e+00
6.500000e+00	7.546270e-03	4.999176e+00
6.533333e+00	6.271982e-03	4.992853e+00
6.566667e+00	2.066162e-03	4.971985e+00
6.600000e+00	-5.147624e-03	4.936192e+00
6.633333e+00	-1.352397e-02	4.894631e+00
6.666667e+00	-2.129821e-02	4.856057e+00
6.700000e+00	-2.787111e-02	4.823444e+00
6.733333e+00	-3.299241e-02	4.798034e+00
6.766667e+00	-3.673566e-02	4.779461e+00
6.800000e+00	-4.009597e-02	4.762788e+00
6.833333e+00	-4.420499e-02	4.742400e+00
6.866667e+00	-4.890463e-02	4.719082e+00
6.900000e+00	-5.272790e-02	4.700112e+00
6.933333e+00	-5.438538e-02	4.691888e+00
6.966667e+00	-5.400017e-02	4.693799e+00
7	-5.284533e-02	4.699529e+00
7.033333e+00	-5.218277e-02	4.702817e+00
7.066667e+00	-5.259488e-02	4.700772e+00
7.100000e+00	-5.421262e-02	4.692745e+00
7.133333e+00	-5.705362e-02	4.678649e+00
7.166667e+00	-6.093851e-02	4.659373e+00
7.200000e+00	-6.537907e-02	4.637340e+00
7.233333e+00	-6.981399e-02	4.615335e+00
7.266667e+00	-7.394979e-02	4.594814e+00
7.300000e+00	-7.784306e-02	4.575497e+00
7.333333e+00	-8.170815e-02	4.556319e+00
7.366667e+00	-8.568734e-02	4.536576e+00
7.400000e+00	-8.977237e-02	4.516307e+00
7.433333e+00	-9.387538e-02	4.495949e+00
7.466667e+00	-9.793174e-02	4.475822e+00
7.500000e+00	-1.018983e-01	4.456142e+00
7.533333e+00	-1.055704e-01	4.437921e+00
7.566667e+00	-1.082632e-01	4.424561e+00
7.600000e+00	-1.086389e-01	4.422696e+00
7.633333e+00	-1.054704e-01	4.438417e+00
7.666667e+00	-9.938263e-02	4.468623e+00
7.700000e+00	-9.332409e-02	4.498684e+00
7.733333e+00	-9.028333e-02	4.513772e+00
7.766667e+00	-9.073319e-02	4.511540e+00
7.800000e+00	-9.252089e-02	4.502669e+00
7.833333e+00	-9.245808e-02	4.502981e+00
7.866667e+00	-8.827579e-02	4.523733e+00
7.900000e+00	-8.039618e-02	4.562829e+00
7.933333e+00	-7.148296e-02	4.607054e+00
7.966667e+00	-6.366826e-02	4.645829e+00
8	-5.743520e-02	4.676755e+00
8.033333e+00	-5.303615e-02	4.698582e+00
8.066667e+00	-5.102091e-02	4.708581e+00
8.100000e+00	-5.122295e-02	4.707579e+00
8.133333e+00	-5.243227e-02	4.701579e+00
8.166667e+00	-5.332055e-02	4.697171e+00
8.200000e+00	-5.336902e-02	4.696931e+00
8.233333e+00	-5.291139e-02	4.699201e+00
8.266667e+00	-5.252412e-02	4.701123e+00
8.300000e+00	-5.248093e-02	4.701337e+00
8.333333e+00	-5.266905e-02	4.700404e+00
8.366667e+00	-5.284185e-02	4.699546e+00
8.400000e+00	-5.286943e-02	4.699409e+00
8.433333e+00	-5.279142e-02	4.699797e+00
8.466667e+00	-5.271399e-02	4.700181e+00
8.500000e+00	-5.269799e-02	4.700260e+00
8.533333e+00	-5.273011e-02	4.700101e+00
8.566667e+00	-5.276469e-02	4.699929e+00
8.600000e+00	-5.277341e-02	4.699886e+00
8.633333e+00	-5.297419e-02	4.698890e+00
8.666667e+00	-5.437998e-02	4.691915e+00
8.700000e+00	-5.851244e-02	4.671410e+00
8.733333e+00	-6.537855e-02	4.637343e+00
8.766667e+00	-7.227058e-02	4.603146e+00
8.800000e+00	-7.593528e-02	4.584963e+00
8.833333e+00	-7.564263e-02	4.586415e+00
8.866667e+00	-7.342782e-02	4.597404e+00
8.900000e+00	-7.180107e-02	4.605476e+00
8.933333e+00	-7.174895e-02	4.605734e+00
8.966667e+00	-7.262874e-02	4.601369e+00
9	-7.335054e-02	4.597788e+00
9.033333e+00	-7.341367e-02	4.597474e+00
9.066667e+00	-7.283418e-02	4.600350e+00
9.100000e+00	-7.108872e-02	4.609010e+00
9.133333e+00	-6.690718e-02	4.629758e+00
9.166667e+00	-6.019853e-02	4.663044e+00
9.200000e+00	-5.345903e-02	4.696484e+00
9.233333e+00	-4.982366e-02	4.714522e+00
9.266667e+00	-5.005133e-02	4.713392e+00
9.300000e+00	-5.219792e-02	4.702741e+00
9.333333e+00	-5.380841e-02	4.694751e+00
9.366667e+00	-5.388712e-02	4.694360e+00
9.400000e+00	-5.303769e-02	4.698575e+00
9.433333e+00	-5.211061e-02	4.703175e+00
9.466667e+00	-5.061555e-02	4.710593e+00
9.500000e+00	-4.683069e-02	4.729372e+00
9.533333e+00	-4.028976e-02	4.761826e+00
9.566667e+00	-3.345337e-02	4.795747e+00
9.600000e+00	-2.964473e-02	4.814644e+00
9.633333e+00	-2.979175e-02	4.813915e+00
9.666667e+00	-3.197485e-02	4.803083e+00
9.700000e+00	-3.366073e-02	4.794718e+00
9.733333e+00	-3.377781e-02	4.794137e+00
9.766667e+00	-3.291511e-02	4.798418e+00
9.800000e+00	-3.216925e-02	4.802118e+00
9.833333e+00	-3.207728e-02	4.802575e+00
9.866667e+00	-3.243403e-02	4.800805e+00
9.900000e+00	-3.276800e-02	4.799147e+00
9.933333e+00	-3.282528e-02	4.798863e+00
9.966667e+00	-3.246369e-02	4.800657e+00
10	-3.089296e-02	4.808451e+00
1.003333e+01	-2.672331e-02	4.829140e+00
1.006667e+01	-1.992316e-02	4.862880e+00
1.010000e+01	-1.310465e-02	4.896712e+00
1.013333e+01	-9.459834e-03	4.914796e+00
1.016667e+01	-9.725699e-03	4.913477e+00
1.020000e+01	-1.190789e-02	4.902650e+00
1.023333e+01	-1.352437e-02	4.894629e+00
1.026667e+01	-1.358725e-02	4.894317e+00
1.030000e+01	-1.272188e-02	4.898611e+00
1.033333e+01	-1.221910e-02	4.901106e+00
1.036667e+01	-1.357289e-02	4.894388e+00
1.040000e+01	-1.806918e-02	4.872079e+00
1.043333e+01	-2.525176e-02	4.836441e+00
1.046667e+01	-3.218316e-02	4.802049e+00
1.050000e+01	-3.569614e-02	4.784619e+00
1.053333e+01	-3.526110e-02	4.786777e+00
1.056667e+01	-3.302164e-02	4.797889e+00
1.060000e+01	-3.145772e-02	4.805649e+00
1.063333e+01	-3.146939e-02	4.805591e+00
1.066667e+01	-3.236321e-02	4.801156e+00
1.070000e+01	-3.305923e-02	4.797702e+00
1.073333e+01	-3.309390e-02	4.797530e+00
1.076667e+01	-3.272074e-02	4.799382e+00
1.080000e+01	-3.240693e-02	4.800939e+00
1.083333e+01	-3.237505e-02	4.801097e+00
1.086667e+01	-3.253113e-02	4.800323e+00
1.090000e+01	-3.267264e-02	4.799621e+00
1.093333e+01	-3.269407e-02	4.799514e+00
1.096667e+01	-3.262922e-02	4.799836e+00
11	-3.256568e-02	4.800151e+00
1.103333e+01	-3.255302e-02	4.800214e+00
1.106667e+01	-3.257975e-02	4.800081e+00
1.110000e+01	-3.282202e-02	4.798879e+00
1.113333e+01	-3.425015e-02	4.791793e+00
1.116667e+01	-3.837625e-02	4.771321e+00
1.120000e+01	-4.522444e-02	4.737342e+00
1.123333e+01	-5.210601e-02	4.703197e+00
1.126667e+01	-5.577281e-02	4.685004e+00
1.130000e+01	-5.548786e-02	4.686418e+00
1.133333e+01	-5.327791e-02	4.697383e+00
1.136667e+01	-5.165055e-02	4.705457e+00
1.140000e+01	-5.159513e-02	4.705732e+00
1.143333e+01	-5.247268e-02	4.701378e+00
1.146667e+01	-5.319462e-02	4.697796e+00
1.150000e+01	-5.325914e-02	4.697476e+00
1.153333e+01	-5.289456e-02	4.699285e+00
1.156667e+01	-5.257027e-02	4.700894e+00
1.160000e+01	-5.252515e-02	4.701118e+00
1.163333e+01	-5.267686e-02	4.700365e+00
1.166667e+01	-5.282256e-02	4.699642e+00
1.170000e+01	-5.284983e-02	4.699507e+00
1.173333e+01	-5.278715e-02	4.699818e+00
1.176667e+01	-5.272196e-02	4.700141e+00
1.180000e+01	-5.270675e-02	4.700217e+00
1.183333e+01	-5.251853e-02	4.701151e+00
1.186667e+01	-5.112640e-02	4.708058e+00
1.190000e+01	-4.699746e-02	4.728545e+00
1.193333e+01	-4.034011e-02	4.761577e+00
1.196667e+01	-3.486318e-02	4.788752e+00
12	-3.533367e-02	4.786417e+00
1.203333e+01	-4.248920e-02	4.750913e+00
1.206667e+01	-5.137805e-02	4.706809e+00
1.210000e+01	-5.524694e-02	4.687613e+00
1.213333e+01	-5.087068e-02	4.709327e+00
1.216667e+01	-4.091707e-02	4.758714e+00
1.220000e+01	-3.168398e-02	4.804526e+00
1.223333e+01	-2.790584e-02	4.823272e+00
1.226667e+01	-2.944100e-02	4.815655e+00
1.230000e+01	-3.269857e-02	4.799492e+00
1.233333e+01	-3.443201e-02	4.790891e+00
1.236667e+01	-3.396751e-02	4.793196e+00
1.240000e+01	-3.240531e-02	4.800947e+00
1.243333e+01	-3.019129e-02	4.811932e+00
1.246667e+01	-2.620573e-02	4.831708e+00
1.250000e+01	-1.992081e-02	4.862892e+00
1.253333e+01	-1.340177e-02	4.895238e+00
1.256667e+01	-9.695447e-03	4.913627e+00
1.260000e+01	-9.739836e-03	4.913407e+00
1.263333e+01	-1.178289e-02	4.903270e+00
1.266667e+01	-1.341761e-02	4.895159e+00
1.270000e+01	-1.357525e-02	4.894377e+00
1.273333e+01	-1.277409e-02	4.898352e+00
1.276667e+01	-1.205336e-02	4.901928e+00
1.280000e+01	-1.194564e-02	4.902462e+00
1.283333e+01	-1.227546e-02	4.900826e+00
1.286667e+01	-1.259728e-02	4.899229e+00
1.290000e+01	-1.266053e-02	4.898915e+00
1.293333e+01	-1.252455e-02	4.899590e+00
1.296667e+01	-1.238079e-02	4.900303e+00
13	-1.234596e-02	4.900476e+00
1.303333e+01	-1.240155e-02	4.900200e+00
1.306667e+01	-1.246552e-02	4.899883e+00
1.310000e+01	-1.248387e-02	4.899792e+00
1.313333e+01	-1.246138e-02	4.899903e+00
1.316667e+01	-1.243304e-02	4.900044e+00
1.320000e+01	-1.242368e-02	4.900091e+00
1.323333e+01	-1.243266e-02	4.900046e+00
1.326667e+01	-1.244516e-02	4.899984e+00
1.330000e+01	-1.244983e-02	4.899961e+00
1.333333e+01	-1.244629e-02	4.899978e+00
1.336667e+01	-1.244080e-02	4.900006e+00
1.340000e+01	-1.243852e-02	4.900017e+00
1.343333e+01	-1.243989e-02	4.900010e+00
1.346667e+01	-1.244229e-02	4.899998e+00
1.350000e+01	-1.244339e-02	4.899993e+00
1.353333e+01	-1.244287e-02	4.899995e+00
1.356667e+01	-1.244183e-02	4.900000e+00
1.360000e+01	-1.244130e-02	4.900003e+00
1.363333e+01	-1.265537e-02	4.898941e+00
1.366667e+01	-1.407699e-02	4.891887e+00
1.370000e+01	-1.821425e-02	4.871359e+00
1.373333e+01	-2.507501e-02	4.837318e+00
1.376667e+01	-3.196004e-02	4.803156e+00
1.380000e+01	-3.562231e-02	4.784985e+00
1.383333e+01	-3.533179e-02	4.786427e+00
1.386667e+01	-3.312006e-02	4.797401e+00
1.390000e+01	-3.149451e-02	4.805466e+00
1.393333e+01	-3.144156e-02	4.805729e+00
1.396667e+01	-3.232000e-02	4.801370e+00
14	-3.304122e-02	4.797792e+00
1.403333e+01	-3.310466e-02	4.797477e+00
1.406667e+01	-3.295351e-02	4.798227e+00
1.410000e+01	-3.405067e-02	4.792783e+00
1.413333e+01	-3.814305e-02	4.772478e+00
1.416667e+01	-4.515579e-02	4.737683e+00
1.420000e+01	-5.218660e-02	4.702797e+00
1.423333e+01	-5.608993e-02	4.683430e+00
1.426667e+01	-5.715778e-02	4.678132e+00
1.430000e+01	-5.901783e-02	4.668903e+00
1.433333e+01	-6.463512e-02	4.641031e+00
1.436667e+01	-7.413242e-02	4.593908e+00
1.440000e+01	-8.638534e-02	4.533112e+00
1.443333e+01	-9.955033e-02	4.467791e+00
1.446667e+01	-1.100616e-01	4.415637e+00
1.450000e+01	-1.144474e-01	4.393876e+00
1.453333e+01	-1.126243e-01	4.402922e+00
1.456667e+01	-1.079605e-01	4.426062e+00
1.460000e+01	-1.041647e-01	4.444896e+00
1.463333e+01	-1.026425e-01	4.452449e+00
1.466667e+01	-1.024573e-01	4.453368e+00
1.470000e+01	-1.020465e-01	4.455406e+00
1.473333e+01	-1.006964e-01	4.462105e+00
1.476667e+01	-9.873608e-02	4.471831e+00
1.480000e+01	-9.683534e-02	4.481262e+00
1.483333e+01	-9.534838e-02	4.488640e+00
1.486667e+01	-9.424251e-02	4.494127e+00
1.490000e+01	-9.342244e-02	4.498196e+00
1.493333e+01	-9.292331e-02	4.500673e+00
1.496667e+01	-9.278819e-02	4.501343e+00
15	-9.312547e-02	4.499670e+00
1.503333e+01	-9.472069e-02	4.491755e+00
1.506667e+01	-9.914574e-02	4.469799e+00
1.510000e+01	-1.076042e-01	4.427830e+00
1.513333e+01	-1.199766e-01	4.366442e+00
1.516667e+01	-1.346022e-01	4.293874e+00
1.520000e+01	-1.480711e-01	4.227044e+00
1.523333e+01	-1.564374e-01	4.185533e+00
1.526667e+01	-1.581999e-01	4.176788e+00
1.530000e+01	-1.556397e-01	4.189491e+00
1.533333e+01	-1.526676e-01	4.204237e+00
1.536667e+01	-1.519166e-01	4.207964e+00
1.540000e+01	-1.542284e-01	4.196493e+00
1.543333e+01	-1.596057e-01	4.169812e+00
1.546667e+01	-1.669307e-01	4.133468e+00
1.550000e+01	-1.734692e-01	4.101025e+00
1.553333e+01	-1.765921e-01	4.085531e+00
1.556667e+01	-1.760768e-01	4.088087e+00
1.560000e+01	-1.737856e-01	4.099456e+00
1.563333e+01	-1.709746e-01	4.113403e+00
1.566667e+01	-1.668929e-01	4.133655e+00
1.570000e+01	-1.608597e-01	4.163591e+00
1.573333e+01	-1.545931e-01	4.194684e+00
1.576667e+01	-1.511564e-01	4.211736e+00
1.580000e+01	-1.525217e-01	4.204962e+00
1.583333e+01	-1.585910e-01	4.174847e+00
1.586667e+01	-1.670571e-01	4.132841e+00
1.590000e+01	-1.741407e-01	4.097694e+00
1.593333e+01	-1.770510e-01	4.083253e+00
1.596667e+01	-1.760549e-01	4.088196e+00
16	-1.737190e-01	4.099786e+00
1.603333e+01	-1.726154e-01	4.105262e+00
1.606667e+01	-1.742978e-01	4.096914e+00
1.610000e+01	-1.793830e-01	4.071683e+00
1.613333e+01	-1.868387e-01	4.034690e+00
1.616667e+01	-1.936474e-01	4.000907e+00
1.620000e+01	-1.969073e-01	3.984732e+00
1.623333e+01	-1.963442e-01	3.987526e+00
1.626667e+01	-1.941499e-01	3.998414e+00
1.630000e+01	-1.926955e-01	4.005630e+00
1.633333e+01	-1.927675e-01	4.005273e+00
1.636667e+01	-1.936456e-01	4.000916e+00
1.640000e+01	-1.942943e-01	3.997697e+00
1.643333e+01	-1.943008e-01	3.997665e+00
1.646667e+01	-1.939327e-01	3.999491e+00
1.650000e+01	-1.936392e-01	4.000947e+00
1.653333e+01	-1.936204e-01	4.001041e+00
1.656667e+01	-1.937751e-01	4.000273e+00
1.660000e+01	-1.939079e-01	3.999614e+00
1.663333e+01	-1.939233e-01	3.999538e+00
1.666667e+01	-1.938587e-01	3.999858e+00
1.670000e+01	-1.937989e-01	4.000155e+00
1.673333e+01	-1.937890e-01	4.000204e+00
1.676667e+01	-1.938157e-01	4.000072e+00
1.680000e+01	-1.938426e-01	3.999938e+00
1.683333e+01	-1.938483e-01	3.999910e+00
1.686667e+01	-1.938373e-01	3.999965e+00
1.690000e+01	-1.938253e-01	4.000024e+00
1.693333e+01	-1.936083e-01	4.001101e+00
1.696667e+01	-1.921916e-01	4.008130e+00
17	-1.880599e-01	4.028630e+00
1.703333e+01	-1.812007e-01	4.062664e+00
1.706667e+01	-1.743137e-01	4.096835e+00
1.710000e+01	-1.706490e-01	4.115019e+00
1.713333e+01	-1.709387e-01	4.113581e+00
1.716667e+01	-1.731512e-01	4.102603e+00
1.720000e+01	-1.747779e-01	4.094532e+00
1.723333e+01	-1.748312e-01	4.094268e+00
1.726667e+01	-1.739524e-01	4.098628e+00
1.730000e+01	-1.730169e-01	4.103270e+00
1.733333e+01	-1.715321e-01	4.110637e+00
1.736667e+01	-1.677602e-01	4.129352e+00
1.740000e+01	-1.612236e-01	4.161785e+00
1.743333e+01	-1.543831e-01	4.195726e+00
1.746667e+01	-1.505687e-01	4.214652e+00
1.750000e+01	-1.507136e-01	4.213933e+00
1.753333e+01	-1.528983e-01	4.203093e+00
1.756667e+01	-1.545867e-01	4.194715e+00
1.760000e+01	-1.547049e-01	4.194129e+00
1.763333e+01	-1.538415e-01	4.198413e+00
1.766667e+01	-1.530793e-01	4.202195e+00
1.770000e+01	-1.528700e-01	4.203233e+00
1.773333e+01	-1.528147e-01	4.203508e+00
1.776667e+01	-1.522468e-01	4.206325e+00
1.780000e+01	-1.509102e-01	4.212957e+00
1.783333e+01	-1.491066e-01	4.221906e+00
1.786667e+01	-1.473219e-01	4.230762e+00
1.790000e+01	-1.458121e-01	4.238253e+00
1.793333e+01	-1.445119e-01	4.244704e+00
1.796667e+01	-1.432216e-01	4.251106e+00
18	-1.418194e-01	4.258064e+00
1.803333e+01	-1.403233e-01	4.265487e+00
1.806667e+01	-1.388177e-01	4.272957e+00
1.810000e+01	-1.373588e-01	4.280196e+00
1.813333e+01	-1.359573e-01	4.287150e+00
1.816667e+01	-1.346637e-01	4.293568e+00
1.820000e+01	-1.336462e-01	4.298617e+00
1.823333e+01	-1.330999e-01	4.301327e+00
1.826667e+01	-1.332554e-01	4.300556e+00
1.830000e+01	-1.348879e-01	4.292456e+00
1.833333e+01	-1.392239e-01	4.270942e+00
1.836667e+01	-1.461278e-01	4.236686e+00
1.840000e+01	-1.529367e-01	4.202902e+00
1.843333e+01	-1.565152e-01	4.185147e+00
1.846667e+01	-1.562025e-01	4.186698e+00
1.850000e+01	-1.540213e-01	4.197521e+00
1.853333e+01	-1.524326e-01	4.205404e+00
1.856667e+01	-1.523909e-01	4.205610e+00
1.860000e+01	-1.532570e-01	4.201313e+00
1.863333e+01	-1.539620e-01	4.197815e+00
1.866667e+01	-1.540198e-01	4.197529e+00
1.870000e+01	-1.536596e-01	4.199315e+00
1.873333e+01	-1.533428e-01	4.200888e+00
1.876667e+01	-1.533009e-01	4.201095e+00
1.880000e+01	-1.534510e-01	4.200351e+00
1.883333e+01	-1.535934e-01	4.199644e+00
1.886667e+01	-1.536191e-01	4.199516e+00
1.890000e+01	-1.535571e-01	4.199824e+00
1.893333e+01	-1.534933e-01	4.200141e+00
1.896667e+01	-1.534788e-01	4.200213e+00
19	-1.535042e-01	4.200086e+00
1.903333e+01	-1.535327e-01	4.199945e+00
1.906667e+01	-1.535404e-01	4.199907e+00
1.910000e+01	-1.535301e-01	4.199958e+00
1.913333e+01	-1.535175e-01	4.200021e+00
1.916667e+01	-1.535135e-01	4.200041e+00
1.920000e+01	-1.535176e-01	4.200020e+00
1.923333e+01	-1.535232e-01	4.199992e+00
1.926667e+01	-1.535252e-01	4.199982e+00
1.930000e+01	-1.535236e-01	4.199991e+00
1.933333e+01	-1.535211e-01	4.200003e+00
1.936667e+01	-1.535201e-01	4.200008e+00
1.940000e+01	-1.533069e-01	4.201066e+00
1.943333e+01	-1.518868e-01	4.208112e+00
1.946667e+01	-1.477502e-01	4.228636e+00
1.950000e+01	-1.408892e-01	4.262679e+00
1.953333e+01	-1.340035e-01	4.296844e+00
1.956667e+01	-1.303409e-01	4.315017e+00
1.960000e+01	-1.306315e-01	4.313575e+00
1.963333e+01	-1.328435e-01	4.302599e+00
1.966667e+01	-1.344692e-01	4.294533e+00
1.970000e+01	-1.345222e-01	4.294270e+00
1.973333e+01	-1.336436e-01	4.298630e+00
1.976667e+01	-1.327084e-01	4.303270e+00
1.980000e+01	-1.312238e-01	4.310636e+00
1.983333e+01	-1.274519e-01	4.329351e+00
1.986667e+01	-1.209151e-01	4.361785e+00
1.990000e+01	-1.140745e-01	4.395726e+00
1.993333e+01	-1.102602e-01	4.414652e+00
1.996667e+01	-1.104051e-01	4.413933e+00
20	-1.125899e-01	4.403093e+00
2.003333e+01	-1.142783e-01	4.394715e+00
2.006667e+01	-1.143964e-01	4.394129e+00
2.010000e+01	-1.135330e-01	4.398413e+00
2.013333e+01	-1.127861e-01	4.402119e+00
2.016667e+01	-1.126936e-01	4.402578e+00
2.020000e+01	-1.130506e-01	4.400807e+00
2.023333e+01	-1.133850e-01	4.399147e+00
2.026667e+01	-1.134425e-01	4.398862e+00
2.030000e+01	-1.132947e-01	4.399595e+00
2.033333e+01	-1.131450e-01	4.400338e+00
2.036667e+01	-1.131122e-01	4.400501e+00
2.040000e+01	-1.131729e-01	4.400200e+00
2.043333e+01	-1.132523e-01	4.399806e+00
2.046667e+01	-1.133661e-01	4.399241e+00
2.050000e+01	-1.136810e-01	4.397679e+00
2.053333e+01	-1.143944e-01	4.394139e+00
2.056667e+01	-1.155334e-01	4.388488e+00
2.060000e+01	-1.169069e-01	4.381673e+00
2.063333e+01	-1.182665e-01	4.374927e+00
2.066667e+01	-1.194874e-01	4.368869e+00
2.070000e+01	-1.206042e-01	4.363327e+00
2.073333e+01	-1.217161e-01	4.357811e+00
2.076667e+01	-1.228831e-01	4.352020e+00
2.080000e+01	-1.240964e-01	4.346000e+00
2.083333e+01	-1.253144e-01	4.339957e+00
2.086667e+01	-1.265095e-01	4.334027e+00
2.090000e+01	-1.276838e-01	4.328201e+00
2.093333e+01	-1.288550e-01	4.322389e+00
2.096667e+01	-1.300357e-01	4.316531e+00
21	-1.312131e-01	4.310689e+00
2.103333e+01	-1.323088e-01	4.305252e+00
2.106667e+01	-1.331572e-01	4.301043e+00
2.110000e+01	-1.335979e-01	4.298856e+00
2.113333e+01	-1.336325e-01	4.298684e+00
2.116667e+01	-1.334534e-01	4.299574e+00
2.120000e+01	-1.332931e-01	4.300369e+00
2.123333e+01	-1.334774e-01	4.299454e+00
2.126667e+01	-1.349639e-01	4.292079e+00
2.130000e+01	-1.391686e-01	4.271216e+00
2.133333e+01	-1.460451e-01	4.237096e+00
2.136667e+01	-1.529039e-01	4.203065e+00
2.140000e+01	-1.565365e-01	4.185041e+00
2.143333e+01	-1.562377e-01	4.186524e+00
2.146667e+01	-1.540367e-01	4.197445e+00
2.150000e+01	-1.524243e-01	4.205445e+00
2.153333e+01	-1.523755e-01	4.205687e+00
2.156667e+01	-1.532497e-01	4.201349e+00
2.160000e+01	-1.539651e-01	4.197800e+00
2.163333e+01	-1.540264e-01	4.197495e+00
2.166667e+01	-1.536631e-01	4.199298e+00
2.170000e+01	-1.533417e-01	4.200893e+00
2.173333e+01	-1.532981e-01	4.201109e+00
2.176667e+01	-1.534493e-01	4.200359e+00
2.180000e+01	-1.535938e-01	4.199642e+00
2.183333e+01	-1.536204e-01	4.199510e+00
2.186667e+01	-1.535578e-01	4.199820e+00
2.190000e+01	-1.534932e-01	4.200141e+00
2.193333e+01	-1.532644e-01	4.201276e+00
2.196667e+01	-1.518688e-01	4.208201e+00
22	-1.477606e-01	4.228585e+00
2.203333e+01	-1.409077e-01	4.262587e+00
2.206667e+01	-1.340121e-01	4.296801e+00
2.210000e+01	-1.303370e-01	4.315036e+00
2.213333e+01	-1.306234e-01	4.313615e+00
2.216667e+01	-1.328394e-01	4.302620e+00
2.220000e+01	-1.344707e-01	4.294526e+00
2.223333e+01	-1.345256e-01	4.294253e+00
2.226667e+01	-1.336455e-01	4.298620e+00
2.230000e+01	-1.329218e-01	4.302211e+00
2.233333e+01	-1.328574e-01	4.302531e+00
2.236667e+01	-1.332097e-01	4.300783e+00
2.240000e+01	-1.334326e-01	4.299677e+00
2.243333e+01	-1.331170e-01	4.301243e+00
2.246667e+01	-1.321752e-01	4.305915e+00
2.250000e+01	-1.308093e-01	4.312693e+00
2.253333e+01	-1.293332e-01	4.320017e+00
2.256667e+01	-1.279654e-01	4.326803e+00
2.260000e+01	-1.267384e-01	4.332891e+00
2.263333e+01	-1.255629e-01	4.338724e+00
2.266667e+01	-1.243497e-01	4.344744e+00
2.270000e+01	-1.230782e-01	4.351052e+00
2.273333e+01	-1.217826e-01	4.357481e+00
2.276667e+01	-1.205016e-01	4.363837e+00
2.280000e+01	-1.192459e-01	4.370067e+00
2.283333e+01	-1.180017e-01	4.376240e+00
2.286667e+01	-1.167520e-01	4.382441e+00
2.290000e+01	-1.155046e-01	4.388631e+00
2.293333e+01	-1.143405e-01	4.394406e+00
2.296667e+01	-1.134371e-01	4.398889e+00
23	-1.129672e-01	4.401220e+00
2.303333e+01	-1.129303e-01	4.401404e+00
2.306667e+01	-1.131215e-01	4.400455e+00
2.310000e+01	-1.135064e-01	4.398545e+00
2.313333e+01	-1.149591e-01	4.391337e+00
2.316667e+01	-1.190263e-01	4.371157e+00
2.320000e+01	-1.258149e-01	4.337473e+00
2.323333e+01	-1.326834e-01	4.303394e+00
2.326667e+01	-1.363740e-01	4.285082e+00
2.330000e+01	-1.361153e-01	4.286366e+00
2.333333e+01	-1.339122e-01	4.297297e+00
2.336667e+01	-1.322752e-01	4.305419e+00
2.340000e+01	-1.322081e-01	4.305752e+00
2.343333e+01	-1.330821e-01	4.301416e+00
2.346667e+01	-1.338079e-01	4.297814e+00
2.350000e+01	-1.338776e-01	4.297468e+00
2.353333e+01	-1.335148e-01	4.299269e+00
2.356667e+01	-1.331890e-01	4.300885e+00
2.360000e+01	-1.331416e-01	4.301120e+00
2.363333e+01	-1.330786e-01	4.301433e+00
2.366667e+01	-1.318037e-01	4.307759e+00
2.370000e+01	-1.276949e-01	4.328145e+00
2.373333e+01	-1.207719e-01	4.362496e+00
2.376667e+01	-1.138212e-01	4.396983e+00
2.380000e+01	-1.101432e-01	4.415232e+00
2.383333e+01	-1.104592e-01	4.413665e+00
2.386667e+01	-1.127001e-01	4.402546e+00
2.390000e+01	-1.141201e-01	4.395500e+00
2.393333e+01	-1.127416e-01	4.402340e+00
2.396667e+01	-1.077132e-01	4.427289e+00
24	-1.001269e-01	4.464931e+00
2.403333e+01	-9.318235e-02	4.499388e+00
2.406667e+01	-8.967681e-02	4.516781e+00
2.410000e+01	-8.887233e-02	4.520773e+00
2.413333e+01	-8.699014e-02	4.530112e+00
2.416667e+01	-8.160048e-02	4.556854e+00
2.420000e+01	-7.462158e-02	4.591481e+00
2.423333e+01	-7.005428e-02	4.614143e+00
2.426667e+01	-6.968745e-02	4.615963e+00
2.430000e+01	-7.190148e-02	4.604978e+00
2.433333e+01	-7.369313e-02	4.596088e+00
2.436667e+01	-7.262275e-02	4.601399e+00
2.440000e+01	-6.762263e-02	4.626208e+00
2.443333e+01	-5.966681e-02	4.665683e+00
2.446667e+01	-5.116201e-02	4.707881e+00
2.450000e+01	-4.366773e-02	4.745066e+00
2.453333e+01	-3.713799e-02	4.777465e+00
2.456667e+01	-3.133324e-02	4.806266e+00
2.460000e+01	-2.644686e-02	4.830511e+00
2.463333e+01	-2.243455e-02	4.850419e+00
2.466667e+01	-1.874624e-02	4.868720e+00
2.470000e+01	-1.480286e-02	4.888286e+00
2.473333e+01	-1.043793e-02	4.909943e+00
2.476667e+01	-5.869146e-03	4.932612e+00
2.480000e+01	-1.377902e-03	4.954897e+00
2.483333e+01	2.934177e-03	4.976292e+00
2.486667e+01	7.148678e-03	4.997203e+00
2.490000e+01	1.134331e-02	5.018016e+00
2.493333e+01	1.531012e-02	5.037698e+00
2.496667e+01	1.831373e-02	5.052601e+00
25	1.893504e-02	5.055684e+00
2.503333e+01	1.528884e-02	5.037593e+00
2.506667e+01	6.564430e-03	4.994304e+00
2.510000e+01	-5.046986e-03	4.936692e+00
2.513333e+01	-1.556047e-02	4.884527e+00
2.516667e+01	-2.295008e-02	4.847861e+00
2.520000e+01	-2.821567e-02	4.821735e+00
2.523333e+01	-3.332089e-02	4.796404e+00
2.526667e+01	-3.956299e-02	4.765433e+00
2.530000e+01	-4.669451e-02	4.730048e+00
2.533333e+01	-5.269000e-02	4.700300e+00
2.536667e+01	-5.544429e-02	4.686634e+00
2.540000e+01	-5.490594e-02	4.689305e+00
2.543333e+01	-5.300632e-02	4.698730e+00
2.546667e+01	-5.176846e-02	4.704872e+00
2.550000e+01	-5.184307e-02	4.704502e+00
2.553333e+01	-5.238580e-02	4.701809e+00
2.556667e+01	-5.151659e-02	4.706122e+00
2.560000e+01	-4.737992e-02	4.726647e+00
2.563333e+01	-4.020203e-02	4.762262e+00
2.566667e+01	-3.306703e-02	4.797664e+00
2.570000e+01	-2.939085e-02	4.815904e+00
2.573333e+01	-2.960088e-02	4.814862e+00
2.576667e+01	-3.050465e-02	4.810378e+00
2.580000e+01	-2.800541e-02	4.822778e+00
2.583333e+01	-2.114178e-02	4.856834e+00
2.586667e+01	-1.311319e-02	4.896669e+00
2.590000e+01	-7.300354e-03	4.925511e+00
2.593333e+01	-3.413580e-03	4.944796e+00
2.596667e+01	8.474945e-04	4.965939e+00
26	5.778403e-03	4.990404e+00
2.603333e+01	9.352728e-03	5.008139e+00
2.606667e+01	1.010281e-02	5.011861e+00
2.610000e+01	8.760404e-03	5.005200e+00
2.613333e+01	7.221421e-03	4.997564e+00
2.616667e+01	6.736111e-03	4.995156e+00
2.620000e+01	7.437943e-03	4.998639e+00
2.623333e+01	9.522155e-03	5.008980e+00
2.626667e+01	1.390227e-02	5.030713e+00
2.630000e+01	2.057335e-02	5.063813e+00
2.633333e+01	2.716903e-02	5.096539e+00
2.636667e+01	3.092657e-02	5.115183e+00
2.640000e+01	3.213075e-02	5.121158e+00
2.643333e+01	3.418254e-02	5.131338e+00
2.646667e+01	3.947510e-02	5.157598e+00
2.650000e+01	4.627947e-02	5.191360e+00
2.653333e+01	5.076520e-02	5.213617e+00
2.656667e+01	5.116852e-02	5.215618e+00
2.660000e+01	4.903041e-02	5.205009e+00
2.663333e+01	4.706369e-02	5.195251e+00
2.666667e+01	4.691352e-02	5.194506e+00
2.670000e+01	4.937879e-02	5.206738e+00
2.673333e+01	5.579983e-02	5.238597e+00
2.676667e+01	6.700065e-02	5.294173e+00
2.680000e+01	8.040991e-02	5.360706e+00
2.683333e+01	9.057515e-02	5.411143e+00
2.686667e+01	9.384002e-02	5.427343e+00
2.690000e+01	9.147411e-02	5.415604e+00
2.693333e+01	8.780611e-02	5.397404e+00
2.696667e+01	8.618235e-02	5.389347e+00
27	8.695321e-02	5.393172e+00
2.703333e+01	8.847816e-02	5.400739e+00
2.706667e+01	8.923544e-02	5.404496e+00
2.710000e+01	8.895543e-02	5.403107e+00
2.713333e+01	8.829923e-02	5.399851e+00
2.716667e+01	8.794401e-02	5.398088e+00
2.720000e+01	8.804293e-02	5.398579e+00
2.723333e+01	8.832608e-02	5.399984e+00
2.726667e+01	8.849223e-02	5.400808e+00
2.730000e+01	8.845969e-02	5.400647e+00
2.733333e+01	8.812415e-02	5.398982e+00
2.736667e+01	8.662581e-02	5.391548e+00
2.740000e+01	8.249820e-02	5.371068e+00
2.743333e+01	7.547552e-02	5.336223e+00
2.746667e+01	6.720472e-02	5.295185e+00
2.750000e+01	5.940334e-02	5.256477e+00
2.753333e+01	5.259707e-02	5.222706e+00
2.756667e+01	4.648618e-02	5.192386e+00
2.760000e+01	4.031228e-02	5.161752e+00
2.763333e+01	3.380431e-02	5.129462e+00
2.766667e+01	2.825986e-02	5.101951e+00
2.770000e+01	2.550228e-02	5.088269e+00
2.773333e+01	2.577840e-02	5.089639e+00
2.776667e+01	2.747341e-02	5.098049e+00
2.780000e+01	2.870141e-02	5.104142e+00
2.783333e+01	2.873720e-02	5.104320e+00
2.786667e+01	2.807335e-02	5.101026e+00
2.790000e+01	2.774466e-02	5.099395e+00
2.793333e+01	2.911928e-02	5.106216e+00
2.796667e+01	3.353150e-02	5.128108e+00
28	4.063576e-02	5.163357e+00
2.803333e+01	4.755398e-02	5.197684e+00
2.806667e+01	5.110180e-02	5.215287e+00
2.810000e+01	5.070187e-02	5.213303e+00
2.813333e+01	4.868385e-02	5.203290e+00
2.816667e+01	4.852677e-02	5.202510e+00
2.820000e+01	5.265980e-02	5.223017e+00
2.823333e+01	6.041036e-02	5.261474e+00
2.826667e+01	6.799742e-02	5.299119e+00
2.830000e+01	7.170144e-02	5.317497e+00
2.833333e+01	7.103986e-02	5.314214e+00
2.836667e+01	6.851189e-02	5.301671e+00
2.840000e+01	6.685133e-02	5.293432e+00
2.843333e+01	6.695339e-02	5.293938e+00
2.846667e+01	6.797431e-02	5.299004e+00
2.850000e+01	6.871834e-02	5.302696e+00
2.853333e+01	6.871746e-02	5.302691e+00
2.856667e+01	6.828852e-02	5.300563e+00
2.860000e+01	6.795124e-02	5.298889e+00
2.863333e+01	6.793307e-02	5.298799e+00
2.866667e+01	6.811354e-02	5.299695e+00
2.870000e+01	6.826635e-02	5.300453e+00
2.873333e+01	6.828262e-02	5.300534e+00
2.876667e+01	6.820716e-02	5.300159e+00
2.880000e+01	6.813824e-02	5.299817e+00
2.883333e+01	6.812746e-02	5.299764e+00
2.886667e+01	6.815879e-02	5.299919e+00
2.890000e+01	6.818972e-02	5.300073e+00
2.893333e+01	6.819603e-02	5.300104e+00
2.896667e+01	6.818313e-02	5.300040e+00
29	6.816931e-02	5.299971e+00
2.903333e+01	6.816586e-02	5.299954e+00
2.906667e+01	6.817112e-02	5.299980e+00
2.910000e+01	6.817727e-02	5.300011e+00
2.913333e+01	6.817908e-02	5.300020e+00
2.916667e+01	6.817695e-02	5.300009e+00
2.920000e+01	6.817423e-02	5.299996e+00
2.923333e+01	6.817331e-02	5.299991e+00
2.926667e+01	6.817416e-02	5.299996e+00
2.930000e+01	6.817536e-02	5.300001e+00
2.933333e+01	6.817582e-02	5.300004e+00
2.936667e+01	6.817548e-02	5.300002e+00
2.940000e+01	6.817496e-02	5.299999e+00
2.943333e+01	6.796086e-02	5.298937e+00
2.946667e+01	6.653982e-02	5.291886e+00
2.950000e+01	6.240303e-02	5.271361e+00
2.953333e+01	5.511456e-02	5.235197e+00
2.956667e+01	4.517308e-02	5.185870e+00
2.960000e+01	3.181538e-02	5.119593e+00
2.963333e+01	1.424722e-02	5.032424e+00
2.966667e+01	-4.386097e-03	4.939971e+00
2.970000e+01	-1.839162e-02	4.870479e+00
2.973333e+01	-2.555696e-02	4.834927e+00
2.976667e+01	-2.858210e-02	4.819917e+00
2.980000e+01	-3.072557e-02	4.809281e+00
2.983333e+01	-3.271992e-02	4.799386e+00
2.986667e+01	-3.376833e-02	4.794184e+00
2.990000e+01	-3.376732e-02	4.794189e+00
2.993333e+01	-3.436638e-02	4.791217e+00
2.996667e+01	-3.793574e-02	4.773506e+00
30	-4.480755e-02	4.739410e+00
3.003333e+01	-5.202778e-02	4.703586e+00
3.006667e+01	-5.595005e-02	4.684124e+00
3.010000e+01	-5.588631e-02	4.684441e+00
3.013333e+01	-5.495623e-02	4.689055e+00
3.016667e+01	-5.735023e-02	4.677177e+00
3.020000e+01	-6.414597e-02	4.643458e+00
3.023333e+01	-7.196790e-02	4.604648e+00
3.026667e+01	-7.640446e-02	4.582635e+00
3.030000e+01	-7.618546e-02	4.583722e+00
3.033333e+01	-7.358443e-02	4.596627e+00
3.036667e+01	-7.161105e-02	4.606419e+00
3.040000e+01	-7.150869e-02	4.606926e+00
3.043333e+01	-7.254905e-02	4.601764e+00
3.046667e+01	-7.342651e-02	4.597411e+00
3.050000e+01	-7.351963e-02	4.596949e+00
3.053333e+01	-7.308775e-02	4.599092e+00
3.056667e+01	-7.290773e-02	4.599985e+00
3.060000e+01	-7.426775e-02	4.593237e+00
3.063333e+01	-7.858405e-02	4.571820e+00
3.066667e+01	-8.562158e-02	4.536902e+00
3.070000e+01	-9.254261e-02	4.502562e+00
3.073333e+01	-9.613114e-02	4.484756e+00
3.076667e+01	-9.576165e-02	4.486590e+00
3.080000e+01	-9.353023e-02	4.497661e+00
3.083333e+01	-9.193478e-02	4.505578e+00
3.086667e+01	-9.191694e-02	4.505666e+00
3.090000e+01	-9.280569e-02	4.501256e+00
3.093333e+01	-9.351476e-02	4.497738e+00
3.096667e+01	-9.356266e-02	4.497501e+00
31	-9.319239e-02	4.499338e+00
3.103333e+01	-9.287323e-02	4.500921e+00
3.106667e+01	-9.283544e-02	4.501109e+00
3.110000e+01	-9.298997e-02	4.500342e+00
3.113333e+01	-9.313365e-02	4.499629e+00
3.116667e+01	-9.315771e-02	4.499510e+00
3.120000e+01	-9.309366e-02	4.499828e+00
3.123333e+01	-9.302924e-02	4.500147e+00
3.126667e+01	-9.301543e-02	4.500216e+00
3.130000e+01	-9.282788e-02	4.501146e+00
3.133333e+01	-9.143545e-02	4.508055e+00
3.136667e+01	-8.730590e-02	4.528545e+00
3.140000e+01	-8.064824e-02	4.561578e+00
3.143333e+01	-7.517142e-02	4.588753e+00
3.146667e+01	-7.564216e-02	4.586417e+00
3.150000e+01	-8.279785e-02	4.550913e+00
3.153333e+01	-9.190053e-02	4.505748e+00
3.156667e+01	-9.719048e-02	4.479500e+00
3.160000e+01	-9.695117e-02	4.480688e+00
3.163333e+01	-9.385839e-02	4.496033e+00
3.166667e+01	-9.151058e-02	4.507682e+00
3.170000e+01	-9.139486e-02	4.508257e+00
3.173333e+01	-9.285334e-02	4.501020e+00
3.176667e+01	-9.532025e-02	4.488780e+00
3.180000e+01	-9.956509e-02	4.467718e+00
3.183333e+01	-1.059085e-01	4.436244e+00
3.186667e+01	-1.123238e-01	4.404413e+00
3.190000e+01	-1.159146e-01	4.386596e+00
3.193333e+01	-1.156251e-01	4.388032e+00
3.196667e+01	-1.122030e-01	4.405012e+00
32	-1.064825e-01	4.433396e+00
3.203333e+01	-9.948019e-02	4.468139e+00
3.206667e+01	-9.337921e-02	4.498411e+00
3.210000e+01	-9.041491e-02	4.513119e+00
3.213333e+01	-9.080507e-02	4.511183e+00
3.216667e+01	-9.269376e-02	4.501812e+00
3.220000e+01	-9.400750e-02	4.495293e+00
3.223333e+01	-9.400120e-02	4.495325e+00
3.226667e+01	-9.325609e-02	4.499022e+00
3.230000e+01	-9.267424e-02	4.501909e+00
3.233333e+01	-9.264369e-02	4.502060e+00
3.236667e+01	-9.295414e-02	4.500520e+00
3.240000e+01	-9.321610e-02	4.499220e+00
3.243333e+01	-9.324331e-02	4.499085e+00
3.246667e+01	-9.311350e-02	4.499729e+00
3.250000e+01	-9.299542e-02	4.500315e+00
3.253333e+01	-9.297729e-02	4.500405e+00
3.256667e+01	-9.281733e-02	4.501199e+00
3.260000e+01	-9.144918e-02	4.507987e+00
3.263333e+01	-8.732282e-02	4.528461e+00
3.266667e+01	-8.043978e-02	4.562613e+00
3.270000e+01	-7.353087e-02	4.596893e+00
3.273333e+01	-6.986263e-02	4.615094e+00
3.276667e+01	-6.994837e-02	4.614668e+00
3.280000e+01	-7.074955e-02	4.610693e+00
3.283333e+01	-6.824120e-02	4.623139e+00
3.286667e+01	-6.142967e-02	4.656936e+00
3.290000e+01	-5.366130e-02	4.695480e+00
3.293333e+01	-4.927611e-02	4.717239e+00
3.296667e+01	-4.947177e-02	4.716268e+00
33	-5.179913e-02	4.704720e+00
3.303333e+01	-5.286152e-02	4.699449e+00
3.306667e+01	-5.101502e-02	4.708611e+00
3.310000e+01	-4.698092e-02	4.728627e+00
3.313333e+01	-4.254748e-02	4.750624e+00
3.316667e+01	-3.893566e-02	4.768545e+00
3.320000e+01	-3.618262e-02	4.782205e+00
3.323333e+01	-3.364082e-02	4.794817e+00
3.326667e+01	-3.077749e-02	4.809024e+00
3.330000e+01	-2.754152e-02	4.825080e+00
3.333333e+01	-2.423059e-02	4.841508e+00
3.336667e+01	-2.123528e-02	4.856370e+00
3.340000e+01	-1.885519e-02	4.868179e+00
3.343333e+01	-1.734841e-02	4.875655e+00
3.346667e+01	-1.745145e-02	4.875144e+00
3.350000e+01	-2.033967e-02	4.860813e+00
3.353333e+01	-2.595657e-02	4.832944e+00
3.356667e+01	-3.188243e-02	4.803541e+00
3.360000e+01	-3.537249e-02	4.786225e+00
3.363333e+01	-3.664003e-02	4.779935e+00
3.366667e+01	-3.888303e-02	4.768806e+00
3.370000e+01	-4.429961e-02	4.741931e+00
3.373333e+01	-5.109882e-02	4.708195e+00
3.376667e+01	-5.551134e-02	4.686301e+00
3.380000e+01	-5.586002e-02	4.684571e+00
3.383333e+01	-5.372072e-02	4.695186e+00
3.386667e+01	-5.178437e-02	4.704793e+00
3.390000e+01	-5.144490e-02	4.706478e+00
3.393333e+01	-5.227696e-02	4.702349e+00
3.396667e+01	-5.312707e-02	4.698131e+00
34	-5.331895e-02	4.697179e+00
3.403333e+01	-5.298076e-02	4.698857e+00
3.406667e+01	-5.260371e-02	4.700728e+00
3.410000e+01	-5.250173e-02	4.701234e+00
3.413333e+01	-5.263906e-02	4.700553e+00
3.416667e+01	-5.280627e-02	4.699723e+00
3.420000e+01	-5.285882e-02	4.699462e+00
3.423333e+01	-5.280366e-02	4.699736e+00
3.426667e+01	-5.272979e-02	4.700102e+00
3.430000e+01	-5.270338e-02	4.700233e+00
3.433333e+01	-5.272523e-02	4.700125e+00
3.436667e+01	-5.275773e-02	4.699964e+00
3.440000e+01	-5.277073e-02	4.699899e+00
3.443333e+01	-5.276222e-02	4.699941e+00
3.446667e+01	-5.274799e-02	4.700012e+00
3.450000e+01	-5.274169e-02	4.700043e+00
3.453333e+01	-5.274493e-02	4.700027e+00
3.456667e+01	-5.275114e-02	4.699996e+00
3.460000e+01	-5.275416e-02	4.699981e+00
3.463333e+01	-5.275295e-02	4.699987e+00
3.466667e+01	-5.275026e-02	4.700001e+00
3.470000e+01	-5.274883e-02	4.700008e+00
3.473333e+01	-5.274926e-02	4.700006e+00
3.476667e+01	-5.275042e-02	4.700000e+00
3.480000e+01	-5.275109e-02	4.699997e+00
3.483333e+01	-5.275095e-02	4.699997e+00
3.486667e+01	-5.275045e-02	4.700000e+00
3.490000e+01	-5.275014e-02	4.700001e+00
3.493333e+01	-5.275018e-02	4.700001e+00
3.496667e+01	-5.275039e-02	4.700000e+00
35	-5.275054e-02	4.699999e+00
3.503333e+01	-5.275053e-02	4.699999e+00
3.506667e+01	-5.296431e-02	4.698939e+00
3.510000e+01	-5.438541e-02	4.691888e+00
3.513333e+01	-5.852243e-02	4.671361e+00
3.516667e+01	-6.538329e-02	4.637319e+00
3.520000e+01	-7.226855e-02	4.603156e+00
3.523333e+01	-7.593094e-02	4.584984e+00
3.526667e+01	-7.564038e-02	4.586426e+00
3.530000e+01	-7.342855e-02	4.597401e+00
3.533333e+01	-7.180295e-02	4.605466e+00
3.536667e+01	-7.175001e-02	4.605729e+00
3.540000e+01	-7.265904e-02	4.601219e+00
3.543333e+01	-7.361386e-02	4.596481e+00
3.546667e+01	-7.450188e-02	4.592075e+00
3.550000e+01	-7.594154e-02	4.584932e+00
3.553333e+01	-7.840582e-02	4.572705e+00
3.556667e+01	-8.167268e-02	4.556495e+00
3.560000e+01	-8.509460e-02	4.539517e+00
3.563333e+01	-8.819422e-02	4.524137e+00
3.566667e+01	-9.094307e-02	4.510498e+00
3.570000e+01	-9.359452e-02	4.497342e+00
3.573333e+01	-9.636909e-02	4.483576e+00
3.576667e+01	-9.929672e-02	4.469050e+00
3.580000e+01	-1.022743e-01	4.454276e+00
3.583333e+01	-1.051724e-01	4.439896e+00
3.586667e+01	-1.078308e-01	4.426706e+00
3.590000e+01	-1.100458e-01	4.415715e+00
3.593333e+01	-1.116880e-01	4.407568e+00
3.596667e+01	-1.127652e-01	4.402223e+00
36	-1.133348e-01	4.399396e+00
3.603333e+01	-1.134781e-01	4.398685e+00
3.606667e+01	-1.133598e-01	4.399273e+00
3.610000e+01	-1.131933e-01	4.400099e+00
3.613333e+01	-1.133348e-01	4.399396e+00
3.616667e+01	-1.147884e-01	4.392184e+00
3.620000e+01	-1.189907e-01	4.371333e+00
3.623333e+01	-1.258843e-01	4.337129e+00
3.626667e+01	-1.327580e-01	4.303024e+00
3.630000e+01	-1.363926e-01	4.284990e+00
3.633333e+01	-1.360868e-01	4.286507e+00
3.636667e+01	-1.338791e-01	4.297461e+00
3.640000e+01	-1.322655e-01	4.305467e+00
3.643333e+01	-1.322196e-01	4.305695e+00
3.646667e+01	-1.330968e-01	4.301343e+00
3.650000e+01	-1.338129e-01	4.297790e+00
3.653333e+01	-1.338730e-01	4.297491e+00
3.656667e+01	-1.335084e-01	4.299301e+00
3.660000e+01	-1.331865e-01	4.300897e+00
3.663333e+01	-1.331434e-01	4.301111e+00
3.666667e+01	-1.332953e-01	4.300358e+00
3.670000e+01	-1.334399e-01	4.299640e+00
3.673333e+01	-1.334663e-01	4.299509e+00
3.676667e+01	-1.334035e-01	4.299821e+00
3.680000e+01	-1.333388e-01	4.300142e+00
3.683333e+01	-1.331101e-01	4.301277e+00
3.686667e+01	-1.317146e-01	4.308201e+00
3.690000e+01	-1.276065e-01	4.328584e+00
3.693333e+01	-1.207535e-01	4.362587e+00
3.696667e+01	-1.138579e-01	4.396801e+00
37	-1.101827e-01	4.415036e+00
3.703333e+01	-1.104386e-01	4.413767e+00
3.706667e+01	-1.124210e-01	4.403930e+00
3.710000e+01	-1.132277e-01	4.399928e+00
3.713333e+01	-1.114780e-01	4.408609e+00
3.716667e+01	-1.078096e-01	4.426811e+00
3.720000e+01	-1.037743e-01	4.446833e+00
3.723333e+01	-1.004399e-01	4.463378e+00
3.726667e+01	-9.785156e-02	4.476220e+00
3.730000e+01	-9.545488e-02	4.488112e+00
3.733333e+01	-9.278578e-02	4.501355e+00
3.736667e+01	-8.979388e-02	4.516200e+00
3.740000e+01	-8.670506e-02	4.531526e+00
3.743333e+01	-8.372594e-02	4.546308e+00
3.746667e+01	-8.088913e-02	4.560383e+00
3.750000e+01	-7.791779e-02	4.575126e+00
3.753333e+01	-7.389843e-02	4.595069e+00
3.756667e+01	-6.769154e-02	4.625866e+00
3.760000e+01	-5.971679e-02	4.665435e+00
3.763333e+01	-5.271840e-02	4.700159e+00
3.766667e+01	-4.970741e-02	4.715099e+00
3.770000e+01	-5.182693e-02	4.704582e+00
3.773333e+01	-5.826099e-02	4.672658e+00
3.776667e+01	-6.658841e-02	4.631340e+00
3.780000e+01	-7.335436e-02	4.597769e+00
3.783333e+01	-7.630788e-02	4.583114e+00
3.786667e+01	-7.678125e-02	4.580765e+00
3.790000e+01	-7.871876e-02	4.571152e+00
3.793333e+01	-8.434173e-02	4.543252e+00
3.796667e+01	-9.147218e-02	4.507873e+00
38	-9.602420e-02	4.485287e+00
3.803333e+01	-9.629149e-02	4.483961e+00
3.806667e+01	-9.400782e-02	4.495292e+00
3.810000e+01	-9.200488e-02	4.505230e+00
3.813333e+01	-9.169637e-02	4.506761e+00
3.816667e+01	-9.237745e-02	4.503381e+00
3.820000e+01	-9.183811e-02	4.506057e+00
3.823333e+01	-8.788164e-02	4.525688e+00
3.826667e+01	-8.065537e-02	4.561543e+00
3.830000e+01	-7.337813e-02	4.597651e+00
3.833333e+01	-6.961771e-02	4.616309e+00
3.836667e+01	-6.984347e-02	4.615189e+00
3.840000e+01	-7.080832e-02	4.610401e+00
3.843333e+01	-6.834817e-02	4.622608e+00
3.846667e+01	-6.148010e-02	4.656686e+00
3.850000e+01	-5.363928e-02	4.695590e+00
3.853333e+01	-4.922960e-02	4.717469e+00
3.856667e+01	-4.948071e-02	4.716223e+00
3.860000e+01	-5.207627e-02	4.703345e+00
3.863333e+01	-5.392205e-02	4.694187e+00
3.866667e+01	-5.359792e-02	4.695795e+00
3.870000e+01	-5.165025e-02	4.705459e+00
3.873333e+01	-4.938294e-02	4.716709e+00
3.876667e+01	-4.764032e-02	4.725355e+00
3.880000e+01	-4.643966e-02	4.731312e+00
3.883333e+01	-4.535487e-02	4.736695e+00
3.886667e+01	-4.405237e-02	4.743157e+00
3.890000e+01	-4.251479e-02	4.750786e+00
3.893333e+01	-4.091886e-02	4.758705e+00
3.896667e+01	-3.941287e-02	4.766177e+00
39	-3.801139e-02	4.773131e+00
3.903333e+01	-3.664026e-02	4.779934e+00
3.906667e+01	-3.524793e-02	4.786843e+00
3.910000e+01	-3.391080e-02	4.793477e+00
3.913333e+01	-3.306759e-02	4.797661e+00
3.916667e+01	-3.393629e-02	4.793351e+00
3.920000e+01	-3.803308e-02	4.773024e+00
3.923333e+01	-4.512296e-02	4.737845e+00
3.926667e+01	-5.221076e-02	4.702678e+00
3.930000e+01	-5.612265e-02	4.683268e+00
3.933333e+01	-5.716902e-02	4.678076e+00
3.936667e+01	-5.900840e-02	4.668950e+00
3.940000e+01	-6.422447e-02	4.643069e+00
3.943333e+01	-7.109092e-02	4.608999e+00
3.946667e+01	-7.566965e-02	4.586281e+00
3.950000e+01	-7.632432e-02	4.583033e+00
3.953333e+01	-7.558320e-02	4.586710e+00
3.956667e+01	-7.771278e-02	4.576143e+00
3.960000e+01	-8.419142e-02	4.543998e+00
3.963333e+01	-9.191608e-02	4.505670e+00
3.966667e+01	-9.645907e-02	4.483129e+00
3.970000e+01	-9.638018e-02	4.483521e+00
3.973333e+01	-9.382817e-02	4.496183e+00
3.976667e+01	-9.181251e-02	4.506184e+00
3.980000e+01	-9.164847e-02	4.506998e+00
3.983333e+01	-9.266461e-02	4.501956e+00
3.986667e+01	-9.334472e-02	4.498582e+00
3.990000e+01	-9.204370e-02	4.505037e+00
3.993333e+01	-8.748658e-02	4.527648e+00
3.996667e+01	-8.022553e-02	4.563676e+00
40	-7.305349e-02	4.599262e+00
4.003333e+01	-6.814357e-02	4.623623e+00
4.006667e+01	-6.447616e-02	4.641820e+00
4.010000e+01	-5.965421e-02	4.665745e+00
4.013333e+01	-5.290224e-02	4.699247e+00
4.016667e+01	-4.507599e-02	4.738078e+00
4.020000e+01	-3.739154e-02	4.776207e+00
4.023333e+01	-3.039073e-02	4.810943e+00
4.026667e+01	-2.276770e-02	4.848766e+00
4.030000e+01	-1.248963e-02	4.899763e+00
4.033333e+01	-3.893574e-04	4.959802e+00
4.036667e+01	9.224893e-03	5.007505e+00
4.040000e+01	1.276479e-02	5.025069e+00
4.043333e+01	1.113076e-02	5.016961e+00
4.046667e+01	9.131919e-03	5.007044e+00
4.050000e+01	1.154364e-02	5.019010e+00
4.053333e+01	1.895351e-02	5.055776e+00
4.056667e+01	2.724791e-02	5.096930e+00
4.060000e+01	3.170446e-02	5.119043e+00
4.063333e+01	3.122981e-02	5.116688e+00
4.066667e+01	2.841611e-02	5.102727e+00
4.070000e+01	2.642271e-02	5.092836e+00
4.073333e+01	2.621349e-02	5.091798e+00
4.076667e+01	2.635638e-02	5.092507e+00
4.080000e+01	2.595299e-02	5.090505e+00
4.083333e+01	2.720094e-02	5.096697e+00
4.086667e+01	3.214120e-02	5.121210e+00
4.090000e+01	3.771005e-02	5.148841e+00
4.093333e+01	3.842178e-02	5.152372e+00
4.096667e+01	3.336584e-02	5.127286e+00
41	2.730060e-02	5.097192e+00
4.103333e+01	2.605624e-02	5.091018e+00
4.106667e+01	3.275942e-02	5.124277e+00
4.110000e+01	4.633720e-02	5.191646e+00
4.113333e+01	6.149867e-02	5.266874e+00
4.116667e+01	7.169368e-02	5.317458e+00
4.120000e+01	7.376070e-02	5.327714e+00
4.123333e+01	6.917939e-02	5.304983e+00
4.126667e+01	6.131493e-02	5.265962e+00
4.130000e+01	5.324168e-02	5.225905e+00
4.133333e+01	4.748601e-02	5.197346e+00
4.136667e+01	4.539390e-02	5.186966e+00
4.140000e+01	4.627030e-02	5.191314e+00
4.143333e+01	4.782681e-02	5.199037e+00
4.146667e+01	4.734676e-02	5.196656e+00
4.150000e+01	4.297842e-02	5.174981e+00
4.153333e+01	3.541034e-02	5.137430e+00
4.156667e+01	2.810308e-02	5.101173e+00
4.160000e+01	2.451428e-02	5.083367e+00
4.163333e+01	2.510509e-02	5.086298e+00
4.166667e+01	2.751065e-02	5.098234e+00
4.170000e+01	2.911554e-02	5.106197e+00
4.173333e+01	2.904029e-02	5.105824e+00
4.176667e+01	2.807268e-02	5.101023e+00
4.180000e+01	2.735522e-02	5.097463e+00
4.183333e+01	2.734626e-02	5.097418e+00
4.186667e+01	2.775209e-02	5.099432e+00
4.190000e+01	2.807681e-02	5.101043e+00
4.193333e+01	2.809844e-02	5.101150e+00
4.196667e+01	2.792795e-02	5.100305e+00
42	2.778101e-02	5.099575e+00
4.203333e+01	2.776361e-02	5.099489e+00
4.206667e+01	2.762091e-02	5.098781e+00
4.210000e+01	2.626594e-02	5.092058e+00
4.213333e+01	2.214002e-02	5.071586e+00
4.216667e+01	1.503583e-02	5.036337e+00
4.220000e+01	6.699758e-03	4.994976e+00
4.223333e+01	-1.533774e-03	4.954123e+00
4.226667e+01	-1.093427e-02	4.907481e+00
4.230000e+01	-2.386847e-02	4.843305e+00
4.233333e+01	-3.962346e-02	4.765132e+00
4.236667e+01	-5.305535e-02	4.698487e+00
4.240000e+01	-5.905267e-02	4.668730e+00
4.243333e+01	-5.778289e-02	4.675030e+00
4.246667e+01	-5.478893e-02	4.689885e+00
4.250000e+01	-5.618559e-02	4.682956e+00
4.253333e+01	-6.312295e-02	4.648534e+00
4.256667e+01	-7.036355e-02	4.612608e+00
4.260000e+01	-7.111945e-02	4.608858e+00
4.263333e+01	-6.391698e-02	4.644594e+00
4.266667e+01	-5.407198e-02	4.693443e+00
4.270000e+01	-4.822460e-02	4.722456e+00
4.273333e+01	-4.845314e-02	4.721322e+00
4.276667e+01	-5.185934e-02	4.704421e+00
4.280000e+01	-5.446052e-02	4.691515e+00
4.283333e+01	-5.459501e-02	4.690848e+00
4.286667e+01	-5.321881e-02	4.697676e+00
4.290000e+01	-5.205843e-02	4.703433e+00
4.293333e+01	-5.193619e-02	4.704040e+00
4.296667e+01	-5.250851e-02	4.701200e+00
43	-5.302997e-02	4.698613e+00
4.303333e+01	-5.311058e-02	4.698213e+00
4.306667e+01	-5.287296e-02	4.699392e+00
4.310000e+01	-5.263898e-02	4.700553e+00
4.313333e+01	-5.259171e-02	4.700787e+00
4.316667e+01	-5.268960e-02	4.700302e+00
4.320000e+01	-5.279414e-02	4.699783e+00
4.323333e+01	-5.282005e-02	4.699655e+00
4.326667e+01	-5.278009e-02	4.699853e+00
4.330000e+01	-5.273359e-02	4.700083e+00
4.333333e+01	-5.250613e-02	4.701212e+00
4.336667e+01	-5.110110e-02	4.708183e+00
4.340000e+01	-4.698467e-02	4.728608e+00
4.343333e+01	-4.013076e-02	4.762615e+00
4.346667e+01	-3.323910e-02	4.796810e+00
4.350000e+01	-2.956763e-02	4.815027e+00
4.353333e+01	-2.985474e-02	4.813602e+00
4.356667e+01	-3.206909e-02	4.802615e+00
4.360000e+01	-3.369867e-02	4.794530e+00
4.363333e+01	-3.375330e-02	4.794259e+00
4.366667e+01	-3.287385e-02	4.798622e+00
4.370000e+01	-3.215086e-02	4.802210e+00
4.373333e+01	-3.208661e-02	4.802528e+00
4.376667e+01	-3.245202e-02	4.800715e+00
4.380000e+01	-3.277680e-02	4.799104e+00
4.383333e+01	-3.282182e-02	4.798880e+00
4.386667e+01	-3.266976e-02	4.799635e+00
4.390000e+01	-3.252384e-02	4.800359e+00
4.393333e+01	-3.249659e-02	4.800494e+00
4.396667e+01	-3.255941e-02	4.800182e+00
44	-3.262471e-02	4.799858e+00
4.403333e+01	-3.263992e-02	4.799783e+00
4.406667e+01	-3.261420e-02	4.799911e+00
4.410000e+01	-3.258512e-02	4.800055e+00
4.413333e+01	-3.257704e-02	4.800095e+00
4.416667e+01	-3.258746e-02	4.800043e+00
4.420000e+01	-3.260036e-02	4.799979e+00
4.423333e+01	-3.260451e-02	4.799959e+00
4.426667e+01	-3.260033e-02	4.799979e+00
4.430000e+01	-3.259464e-02	4.800008e+00
4.433333e+01	-3.259256e-02	4.800018e+00
4.436667e+01	-3.280809e-02	4.798949e+00
4.440000e+01	-3.423176e-02	4.791885e+00
4.443333e+01	-3.836980e-02	4.771353e+00
4.446667e+01	-4.522998e-02	4.737314e+00
4.450000e+01	-5.211411e-02	4.703157e+00
4.453333e+01	-5.598988e-02	4.683927e+00
4.456667e+01	-5.754849e-02	4.676193e+00
4.460000e+01	-6.231651e-02	4.652536e+00
4.463333e+01	-7.582601e-02	4.585505e+00
4.466667e+01	-9.659371e-02	4.482461e+00
4.470000e+01	-1.163260e-01	4.384555e+00
4.473333e+01	-1.282184e-01	4.325548e+00
4.476667e+01	-1.323498e-01	4.305049e+00
4.480000e+01	-1.328208e-01	4.302712e+00
4.483333e+01	-1.328551e-01	4.302542e+00
4.486667e+01	-1.332925e-01	4.300372e+00
4.490000e+01	-1.337107e-01	4.298297e+00
4.493333e+01	-1.337366e-01	4.298168e+00
4.496667e+01	-1.332587e-01	4.300539e+00
45	-1.315992e-01	4.308774e+00
4.503333e+01	-1.274256e-01	4.329482e+00
4.506667e+01	-1.206757e-01	4.362973e+00
4.510000e+01	-1.139006e-01	4.396589e+00
4.513333e+01	-1.102614e-01	4.414646e+00
4.516667e+01	-1.105067e-01	4.413429e+00
4.520000e+01	-1.126694e-01	4.402698e+00
4.523333e+01	-1.142823e-01	4.394695e+00
4.526667e+01	-1.143536e-01	4.394342e+00
4.530000e+01	-1.132831e-01	4.399653e+00
4.533333e+01	-1.111473e-01	4.410250e+00
4.536667e+01	-1.069394e-01	4.431129e+00
4.540000e+01	-1.004340e-01	4.463407e+00
4.543333e+01	-9.386943e-02	4.495978e+00
4.546667e+01	-9.004075e-02	4.514975e+00
4.550000e+01	-8.876245e-02	4.521318e+00
4.553333e+01	-8.669330e-02	4.531584e+00
4.556667e+01	-8.142987e-02	4.557700e+00
4.560000e+01	-7.465850e-02	4.591298e+00
4.563333e+01	-7.018199e-02	4.613509e+00
4.566667e+01	-6.955299e-02	4.616630e+00
4.570000e+01	-7.025529e-02	4.613145e+00
4.573333e+01	-6.808027e-02	4.623937e+00
4.576667e+01	-6.158822e-02	4.656149e+00
4.580000e+01	-5.387923e-02	4.694399e+00
4.583333e+01	-4.935636e-02	4.716840e+00
4.586667e+01	-4.944205e-02	4.716415e+00
4.590000e+01	-5.198782e-02	4.703784e+00
4.593333e+01	-5.399462e-02	4.693827e+00
4.596667e+01	-5.415528e-02	4.693029e+00
46	-5.314159e-02	4.698059e+00
4.603333e+01	-5.225149e-02	4.702476e+00
4.606667e+01	-5.213299e-02	4.703064e+00
4.610000e+01	-5.255215e-02	4.700984e+00
4.613333e+01	-5.295068e-02	4.699006e+00
4.616667e+01	-5.302282e-02	4.698648e+00
4.620000e+01	-5.284955e-02	4.699508e+00
4.623333e+01	-5.267122e-02	4.700393e+00
4.626667e+01	-5.263067e-02	4.700594e+00
4.630000e+01	-5.270171e-02	4.700242e+00
4.633333e+01	-5.278119e-02	4.699847e+00
4.636667e+01	-5.280283e-02	4.699740e+00
4.640000e+01	-5.277399e-02	4.699883e+00
4.643333e+01	-5.273873e-02	4.700058e+00
4.646667e+01	-5.272758e-02	4.700113e+00
4.650000e+01	-5.273916e-02	4.700056e+00
4.653333e+01	-5.275473e-02	4.699979e+00
4.656667e+01	-5.276033e-02	4.699951e+00
4.660000e+01	-5.275575e-02	4.699974e+00
4.663333e+01	-5.274890e-02	4.700008e+00
4.666667e+01	-5.274614e-02	4.700021e+00
4.670000e+01	-5.274792e-02	4.700012e+00
4.673333e+01	-5.275092e-02	4.699998e+00
4.676667e+01	-5.275226e-02	4.699991e+00
4.680000e+01	-5.275158e-02	4.699994e+00
4.683333e+01	-5.275027e-02	4.700001e+00
4.686667e+01	-5.274963e-02	4.700004e+00
4.690000e+01	-5.274988e-02	4.700003e+00
4.693333e+01	-5.253658e-02	4.701061e+00
4.696667e+01	-5.111571e-02	4.708111e+00
47	-4.697860e-02	4.728638e+00
4.703333e+01	-4.011753e-02	4.762681e+00
4.706667e+01	-3.323217e-02	4.796844e+00
4.710000e+01	-2.956981e-02	4.815016e+00
4.713333e+01	-2.986046e-02	4.813574e+00
4.716667e+01	-3.207234e-02	4.802599e+00
4.720000e+01	-3.369793e-02	4.794533e+00
4.723333e+01	-3.375084e-02	4.794271e+00
4.726667e+01	-3.287233e-02	4.798630e+00
4.730000e+01	-3.215109e-02	4.802208e+00
4.733333e+01	-3.208766e-02	4.802523e+00
4.736667e+01	-3.245272e-02	4.800712e+00
4.740000e+01	-3.277674e-02	4.799104e+00
4.743333e+01	-3.282137e-02	4.798883e+00
4.746667e+01	-3.266944e-02	4.799636e+00
4.750000e+01	-3.252384e-02	4.800359e+00
4.753333e+01	-3.228291e-02	4.801554e+00
4.756667e+01	-3.092452e-02	4.808294e+00
4.760000e+01	-2.683839e-02	4.828569e+00
4.763333e+01	-1.988370e-02	4.863076e+00
4.766667e+01	-1.258796e-02	4.899275e+00
4.770000e+01	-8.054354e-03	4.921770e+00
4.773333e+01	-7.035654e-03	4.926824e+00
4.776667e+01	-7.712525e-03	4.923466e+00
4.780000e+01	-7.824997e-03	4.922908e+00
4.783333e+01	-6.503534e-03	4.929465e+00
4.786667e+01	-4.350711e-03	4.940146e+00
4.790000e+01	-2.357146e-03	4.950038e+00
4.793333e+01	-9.664309e-04	4.956938e+00
4.796667e+01	4.016652e-05	4.961933e+00
48	1.091162e-03	4.967148e+00
4.803333e+01	2.398686e-03	4.973635e+00
4.806667e+01	3.882836e-03	4.980999e+00
4.810000e+01	5.343870e-03	4.988248e+00
4.813333e+01	6.601151e-03	4.994487e+00
4.816667e+01	7.501767e-03	4.998955e+00
4.820000e+01	7.944186e-03	5.001150e+00
4.823333e+01	7.973673e-03	5.001297e+00
4.826667e+01	7.795820e-03	5.000414e+00
4.830000e+01	7.639757e-03	4.999640e+00
4.833333e+01	7.611786e-03	4.999501e+00
4.836667e+01	7.461639e-03	4.998756e+00
4.840000e+01	6.105763e-03	4.992029e+00
4.843333e+01	1.983552e-03	4.971575e+00
4.846667e+01	-4.903031e-03	4.937406e+00
4.850000e+01	-1.181699e-02	4.903101e+00
4.853333e+01	-1.548713e-02	4.884891e+00
4.856667e+01	-1.518609e-02	4.886384e+00
4.860000e+01	-1.296154e-02	4.897422e+00
4.863333e+01	-1.154583e-02	4.904446e+00
4.866667e+01	-1.291826e-02	4.897637e+00
4.870000e+01	-1.793939e-02	4.872723e+00
4.873333e+01	-2.530958e-02	4.836154e+00
4.876667e+01	-3.083541e-02	4.808736e+00
4.880000e+01	-2.999327e-02	4.812915e+00
4.883333e+01	-2.251688e-02	4.850011e+00
4.886667e+01	-1.337586e-02	4.895366e+00
4.890000e+01	-8.240886e-03	4.920844e+00
4.893333e+01	-8.624558e-03	4.918941e+00
4.896667e+01	-1.174166e-02	4.903475e+00
49	-1.402525e-02	4.892144e+00
4.903333e+01	-1.407626e-02	4.891891e+00
4.906667e+01	-1.281771e-02	4.898135e+00
4.910000e+01	-1.179836e-02	4.903193e+00
4.913333e+01	-1.167663e-02	4.903797e+00
4.916667e+01	-1.187460e-02	4.902815e+00
4.920000e+01	-1.117929e-02	4.906265e+00
4.923333e+01	-8.711497e-03	4.918509e+00
4.926667e+01	-4.589052e-03	4.938964e+00
4.930000e+01	2.535807e-04	4.962992e+00
4.933333e+01	4.868054e-03	4.985888e+00
4.936667e+01	8.913132e-03	5.005958e+00
4.940000e+01	1.263113e-02	5.024406e+00
4.943333e+01	1.641039e-02	5.043157e+00
4.946667e+01	2.042315e-02	5.063068e+00
4.950000e+01	2.458426e-02	5.083714e+00
4.953333e+01	2.872788e-02	5.104274e+00
4.956667e+01	3.277233e-02	5.124341e+00
4.960000e+01	3.674876e-02	5.144071e+00
4.963333e+01	4.068607e-02	5.163607e+00
4.966667e+01	4.438133e-02	5.181942e+00
4.970000e+01	4.728032e-02	5.196326e+00
4.973333e+01	4.880734e-02	5.203903e+00
4.976667e+01	4.893949e-02	5.204558e+00
4.980000e+01	4.832497e-02	5.201509e+00
4.983333e+01	4.755380e-02	5.197683e+00
4.986667e+01	4.581133e-02	5.189037e+00
4.990000e+01	4.047725e-02	5.162571e+00
4.993333e+01	2.971485e-02	5.109171e+00
4.996667e+01	1.602542e-02	5.041247e+00
50	5.387278e-03	4.988464e+00
5.003333e+01	1.911742e-03	4.971219e+00
5.006667e+01	4.384712e-03	4.983489e+00
5.010000e+01	8.044963e-03	5.001650e+00
5.013333e+01	8.348262e-03	5.003155e+00
5.016667e+01	3.400714e-03	4.978607e+00
5.020000e+01	-4.860654e-03	4.937616e+00
5.023333e+01	-1.112966e-02	4.906511e+00
5.026667e+01	-1.036092e-02	4.910325e+00
5.030000e+01	-2.514690e-03	4.949256e+00
5.033333e+01	6.959912e-03	4.996267e+00
5.036667e+01	1.214428e-02	5.021990e+00
5.040000e+01	1.160691e-02	5.019324e+00
5.043333e+01	8.340075e-03	5.003115e+00
5.046667e+01	5.813298e-03	4.990578e+00
5.050000e+01	4.404517e-03	4.983588e+00
5.053333e+01	1.592990e-03	4.969638e+00
5.056667e+01	-4.232299e-03	4.940734e+00
5.060000e+01	-1.106449e-02	4.906834e+00
5.063333e+01	-1.528164e-02	4.885910e+00
5.066667e+01	-1.545873e-02	4.885031e+00
5.070000e+01	-1.308134e-02	4.896827e+00
5.073333e+01	-9.802551e-03	4.913096e+00
5.076667e+01	-5.401692e-03	4.934932e+00
5.080000e+01	6.129463e-04	4.964775e+00
5.083333e+01	6.680556e-03	4.994881e+00
5.086667e+01	1.018482e-02	5.012268e+00
5.090000e+01	1.024030e-02	5.012543e+00
5.093333e+01	8.392220e-03	5.003373e+00
5.096667e+01	6.853569e-03	4.995739e+00
51	6.659124e-03	4.994774e+00
5.103333e+01	7.375792e-03	4.998330e+00
5.106667e+01	8.051157e-03	5.001681e+00
5.110000e+01	8.171896e-03	5.002280e+00
5.113333e+01	7.878561e-03	5.000825e+00
5.116667e+01	7.577999e-03	4.999334e+00
5.120000e+01	7.724313e-03	5.000060e+00
5.123333e+01	9.265774e-03	5.007708e+00
5.126667e+01	1.353667e-02	5.028899e+00
5.130000e+01	2.043359e-02	5.063120e+00
5.133333e+01	2.726994e-02	5.097040e+00
5.136667e+01	3.087292e-02	5.114917e+00
5.140000e+01	3.056374e-02	5.113383e+00
5.143333e+01	2.837156e-02	5.102506e+00
5.146667e+01	2.677221e-02	5.094570e+00
5.150000e+01	2.672863e-02	5.094354e+00
5.153333e+01	2.759933e-02	5.098674e+00
5.156667e+01	2.830902e-02	5.102195e+00
5.160000e+01	2.836785e-02	5.102487e+00
5.163333e+01	2.800584e-02	5.100691e+00
5.166667e+01	2.768687e-02	5.099108e+00
5.170000e+01	2.764447e-02	5.098898e+00
5.173333e+01	2.779525e-02	5.099646e+00
5.176667e+01	2.793864e-02	5.100358e+00
5.180000e+01	2.796463e-02	5.100487e+00
5.183333e+01	2.790228e-02	5.100177e+00
5.186667e+01	2.783808e-02	5.099859e+00
5.190000e+01	2.782346e-02	5.099786e+00
5.193333e+01	2.784902e-02	5.099913e+00
5.196667e+01	2.766375e-02	5.098994e+00
52	2.625039e-02	5.091981e+00
5.203333e+01	2.210299e-02	5.071403e+00
5.206667e+01	1.522948e-02	5.037298e+00
5.210000e+01	8.340238e-03	5.003116e+00
5.213333e+01	4.468136e-03	4.983903e+00
5.216667e+01	3.343121e-03	4.978321e+00
5.220000e+01	1.419931e-03	4.968779e+00
5.223333e+01	-3.816939e-03	4.942795e+00
5.226667e+01	-1.065168e-02	4.908883e+00
5.230000e+01	-1.519354e-02	4.886347e+00
5.233333e+01	-1.562359e-02	4.884213e+00
5.236667e+01	-1.326027e-02	4.895940e+00
5.240000e+01	-9.847980e-03	4.912870e+00
5.243333e+01	-5.334230e-03	4.935266e+00
5.246667e+01	6.922851e-04	4.965168e+00
5.250000e+01	6.704106e-03	4.994998e+00
5.253333e+01	1.015755e-02	5.012133e+00
5.256667e+01	1.020518e-02	5.012369e+00
5.260000e+01	8.380277e-03	5.003314e+00
5.263333e+01	6.864440e-03	4.995793e+00
5.266667e+01	6.674601e-03	4.994851e+00
5.270000e+01	7.381721e-03	4.998360e+00
5.273333e+01	8.046892e-03	5.001660e+00
5.276667e+01	8.165105e-03	5.002247e+00
5.280000e+01	7.875669e-03	5.000810e+00
5.283333e+01	7.579640e-03	4.999342e+00
5.286667e+01	7.513404e-03	4.999013e+00
5.290000e+01	7.632122e-03	4.999602e+00
5.293333e+01	7.763996e-03	5.000256e+00
5.296667e+01	7.799419e-03	5.000432e+00
53	7.751170e-03	5.000193e+00
5.303333e+01	7.692644e-03	4.999902e+00
5.306667e+01	7.674351e-03	4.999812e+00
5.310000e+01	7.693735e-03	4.999908e+00
5.313333e+01	7.719596e-03	5.000036e+00
5.316667e+01	7.728798e-03	5.000082e+00
5.320000e+01	7.721115e-03	5.000044e+00
5.323333e+01	7.923613e-03	5.001048e+00
5.326667e+01	9.340244e-03	5.008077e+00
5.330000e+01	1.348026e-02	5.028619e+00
5.333333e+01	2.034606e-02	5.062685e+00
5.336667e+01	2.723349e-02	5.096859e+00
5.340000e+01	3.089474e-02	5.115025e+00
5.343333e+01	3.060201e-02	5.113573e+00
5.346667e+01	2.838915e-02	5.102593e+00
5.350000e+01	2.676397e-02	5.094529e+00
5.353333e+01	2.671197e-02	5.094271e+00
5.356667e+01	2.759094e-02	5.098632e+00
5.360000e+01	2.831203e-02	5.102210e+00
5.363333e+01	2.837507e-02	5.102523e+00
5.366667e+01	2.800980e-02	5.100711e+00
5.370000e+01	2.768582e-02	5.099103e+00
5.373333e+01	2.785523e-02	5.099944e+00
5.376667e+01	2.942844e-02	5.107750e+00
5.380000e+01	3.371104e-02	5.128999e+00
5.383333e+01	4.059885e-02	5.163174e+00
5.386667e+01	4.742125e-02	5.197025e+00
5.390000e+01	5.101848e-02	5.214874e+00
5.393333e+01	5.071284e-02	5.213357e+00
5.396667e+01	4.852676e-02	5.202510e+00
54	4.693018e-02	5.194589e+00
5.403333e+01	4.688526e-02	5.194366e+00
5.406667e+01	4.775330e-02	5.198673e+00
5.410000e+01	4.846168e-02	5.202187e+00
5.413333e+01	4.852099e-02	5.202482e+00
5.416667e+01	4.816014e-02	5.200691e+00
5.420000e+01	4.784180e-02	5.199112e+00
5.423333e+01	4.779922e-02	5.198901e+00
5.426667e+01	4.816337e-02	5.200707e+00
5.430000e+01	4.972764e-02	5.208469e+00
5.433333e+01	5.389071e-02	5.229125e+00
5.436667e+01	6.068939e-02	5.262858e+00
5.440000e+01	6.751056e-02	5.296703e+00
5.443333e+01	7.115831e-02	5.314802e+00
5.446667e+01	7.089323e-02	5.313487e+00
5.450000e+01	6.870996e-02	5.302654e+00
5.453333e+01	6.709217e-02	5.294627e+00
5.456667e+01	6.702888e-02	5.294313e+00
5.460000e+01	6.789470e-02	5.298609e+00
5.463333e+01	6.861192e-02	5.302168e+00
5.466667e+01	6.867951e-02	5.302503e+00
5.470000e+01	6.832006e-02	5.300719e+00
5.473333e+01	6.799806e-02	5.299122e+00
5.476667e+01	6.795178e-02	5.298892e+00
5.480000e+01	6.810125e-02	5.299634e+00
5.483333e+01	6.824585e-02	5.300351e+00
5.486667e+01	6.805967e-02	5.299427e+00
5.490000e+01	6.657681e-02	5.292070e+00
5.493333e+01	6.237511e-02	5.271222e+00
5.496667e+01	5.549892e-02	5.237104e+00
55	4.863894e-02	5.203067e+00
5.503333e+01	4.500534e-02	5.185038e+00
5.506667e+01	4.530402e-02	5.186520e+00
5.510000e+01	4.750561e-02	5.197444e+00
5.513333e+01	4.911845e-02	5.205446e+00
5.516667e+01	4.916724e-02	5.205688e+00
5.520000e+01	4.829285e-02	5.201350e+00
5.523333e+01	4.757724e-02	5.197799e+00
5.526667e+01	4.751588e-02	5.197495e+00
5.530000e+01	4.787930e-02	5.199298e+00
5.533333e+01	4.820085e-02	5.200893e+00
5.536667e+01	4.824447e-02	5.201110e+00
5.540000e+01	4.809317e-02	5.200359e+00
5.543333e+01	4.794865e-02	5.199642e+00
5.546667e+01	4.792209e-02	5.199510e+00
5.550000e+01	4.777075e-02	5.198759e+00
5.553333e+01	4.641426e-02	5.192029e+00
5.556667e+01	4.207826e-02	5.170515e+00
5.560000e+01	3.334290e-02	5.127172e+00
5.563333e+01	1.944950e-02	5.058237e+00
5.566667e+01	4.304459e-04	4.963869e+00
5.570000e+01	-2.129665e-02	4.856065e+00
5.573333e+01	-4.064191e-02	4.760079e+00
5.576667e+01	-5.312116e-02	4.698160e+00
5.580000e+01	-5.858586e-02	4.671046e+00
5.583333e+01	-6.122017e-02	4.657975e+00
5.586667e+01	-6.520958e-02	4.638181e+00
5.590000e+01	-7.050349e-02	4.611914e+00
5.593333e+01	-7.322979e-02	4.598387e+00
5.596667e+01	-6.993017e-02	4.614759e+00
56	-6.123998e-02	4.657877e+00
5.603333e+01	-5.112815e-02	4.708049e+00
5.606667e+01	-4.279263e-02	4.749408e+00
5.610000e+01	-3.682526e-02	4.779016e+00
5.613333e+01	-3.293527e-02	4.798317e+00
5.616667e+01	-3.117015e-02	4.807076e+00
5.620000e+01	-3.127685e-02	4.806546e+00
5.623333e+01	-3.226697e-02	4.801633e+00
5.626667e+01	-3.303744e-02	4.797811e+00
5.630000e+01	-3.311956e-02	4.797403e+00
5.633333e+01	-3.275650e-02	4.799205e+00
5.636667e+01	-3.242437e-02	4.800852e+00
5.640000e+01	-3.237005e-02	4.801122e+00
5.643333e+01	-3.251752e-02	4.800390e+00
5.646667e+01	-3.266470e-02	4.799660e+00
5.650000e+01	-3.269555e-02	4.799507e+00
5.653333e+01	-3.263491e-02	4.799808e+00
5.656667e+01	-3.256931e-02	4.800133e+00
5.660000e+01	-3.255260e-02	4.800216e+00
5.663333e+01	-3.257732e-02	4.800094e+00
5.666667e+01	-3.260648e-02	4.799949e+00
5.670000e+01	-3.240132e-02	4.800967e+00
5.673333e+01	-3.097018e-02	4.808068e+00
5.676667e+01	-2.682026e-02	4.828659e+00
5.680000e+01	-1.995502e-02	4.862722e+00
5.683333e+01	-1.307377e-02	4.896865e+00
5.686667e+01	-9.417062e-03	4.915009e+00
5.690000e+01	-9.709799e-03	4.913556e+00
5.693333e+01	-1.192006e-02	4.902589e+00
5.696667e+01	-1.354316e-02	4.894536e+00
57	-1.359504e-02	4.894279e+00
5.703333e+01	-1.250329e-02	4.899696e+00
5.706667e+01	-1.036197e-02	4.910320e+00
5.710000e+01	-6.162019e-03	4.931159e+00
5.713333e+01	3.339879e-04	4.963391e+00
5.716667e+01	6.895661e-03	4.995948e+00
5.720000e+01	1.051365e-02	5.013899e+00
5.723333e+01	1.037496e-02	5.013211e+00
5.726667e+01	8.308533e-03	5.002958e+00
5.730000e+01	6.709880e-03	4.995026e+00
5.733333e+01	6.594183e-03	4.994452e+00
5.736667e+01	7.407594e-03	4.998488e+00
5.740000e+01	8.113763e-03	5.001992e+00
5.743333e+01	8.202906e-03	5.002434e+00
5.746667e+01	7.866852e-03	5.000767e+00
5.750000e+01	7.550844e-03	4.999199e+00
5.753333e+01	7.495782e-03	4.998926e+00
5.756667e+01	7.634858e-03	4.999616e+00
5.760000e+01	7.776335e-03	5.000318e+00
5.763333e+01	7.807573e-03	5.000473e+00
5.766667e+01	7.750473e-03	5.000189e+00
5.770000e+01	7.687383e-03	4.999876e+00
5.773333e+01	7.670603e-03	4.999793e+00
5.776667e+01	7.693818e-03	4.999908e+00
5.780000e+01	7.721827e-03	5.000047e+00
5.783333e+01	7.730509e-03	5.000090e+00
5.786667e+01	7.721177e-03	5.000044e+00
5.790000e+01	7.708797e-03	4.999983e+00
5.793333e+01	7.704424e-03	4.999961e+00
5.796667e+01	7.708126e-03	4.999979e+00
58	7.713573e-03	5.000006e+00
5.803333e+01	7.715732e-03	5.000017e+00
5.806667e+01	7.714287e-03	5.000010e+00
5.810000e+01	7.711901e-03	4.999998e+00
5.813333e+01	7.710852e-03	4.999993e+00
5.816667e+01	7.497529e-03	4.998934e+00
5.820000e+01	6.077403e-03	4.991888e+00
5.823333e+01	1.940885e-03	4.971364e+00
5.826667e+01	-5.134017e-03	4.936260e+00
5.830000e+01	-1.365474e-02	4.893982e+00
5.833333e+01	-2.308943e-02	4.847170e+00
5.836667e+01	-3.521781e-02	4.786992e+00
5.840000e+01	-5.088887e-02	4.709237e+00
5.843333e+01	-6.667160e-02	4.630927e+00
5.846667e+01	-7.666186e-02	4.581358e+00
5.850000e+01	-7.727928e-02	4.578294e+00
5.853333e+01	-6.973560e-02	4.615724e+00
5.856667e+01	-5.904785e-02	4.668754e+00
5.860000e+01	-5.099748e-02	4.708698e+00
5.863333e+01	-4.855781e-02	4.720803e+00
5.866667e+01	-5.046688e-02	4.711330e+00
5.870000e+01	-5.325029e-02	4.697520e+00
5.873333e+01	-5.439587e-02	4.691836e+00
5.876667e+01	-5.352831e-02	4.696140e+00
5.880000e+01	-5.094915e-02	4.708937e+00
5.883333e+01	-4.627861e-02	4.732111e+00
5.886667e+01	-3.966380e-02	4.764932e+00
5.890000e+01	-3.327921e-02	4.796611e+00
5.893333e+01	-2.986900e-02	4.813531e+00
5.896667e+01	-3.006917e-02	4.812538e+00
59	-3.206406e-02	4.802640e+00
5.903333e+01	-3.357080e-02	4.795164e+00
5.906667e+01	-3.365533e-02	4.794745e+00
5.910000e+01	-3.287044e-02	4.798639e+00
5.913333e+01	-3.220478e-02	4.801942e+00
5.916667e+01	-3.213111e-02	4.802307e+00
5.920000e+01	-3.224210e-02	4.801757e+00
5.923333e+01	-3.111916e-02	4.807329e+00
5.926667e+01	-2.702965e-02	4.827620e+00
5.930000e+01	-2.003407e-02	4.862330e+00
5.933333e+01	-1.301513e-02	4.897156e+00
5.936667e+01	-9.325137e-03	4.915465e+00
5.940000e+01	-9.457289e-03	4.914809e+00
5.943333e+01	-1.030765e-02	4.910590e+00
5.946667e+01	-7.811277e-03	4.922976e+00
5.950000e+01	-9.807782e-04	4.956867e+00
5.953333e+01	6.809468e-03	4.995520e+00
5.956667e+01	1.120097e-02	5.017310e+00
5.960000e+01	1.096473e-02	5.016138e+00
5.963333e+01	8.376134e-03	5.003294e+00
5.966667e+01	6.422518e-03	4.993600e+00
5.970000e+01	6.485407e-03	4.993912e+00
5.973333e+01	8.563180e-03	5.004222e+00
5.976667e+01	1.246582e-02	5.023586e+00
5.980000e+01	1.755764e-02	5.048850e+00
5.983333e+01	2.195872e-02	5.070687e+00
5.986667e+01	2.348472e-02	5.078258e+00
5.990000e+01	2.152804e-02	5.068550e+00
5.993333e+01	1.748227e-02	5.048476e+00
5.996667e+01	1.337451e-02	5.028094e+00
60	1.031858e-02	5.012932e+00
6.003333e+01	8.132083e-03	5.002083e+00
6.006667e+01	6.042411e-03	4.991714e+00
6.010000e+01	3.536473e-03	4.979281e+00
6.013333e+01	6.484440e-04	4.964951e+00
6.016667e+01	-2.300940e-03	4.950317e+00
6.020000e+01	-5.078625e-03	4.936535e+00
6.023333e+01	-7.657211e-03	4.923740e+00
6.026667e+01	-1.001101e-02	4.912062e+00
6.030000e+01	-1.188390e-02	4.902769e+00
6.033333e+01	-1.291816e-02	4.897637e+00
6.036667e+01	-1.326748e-02	4.895904e+00
6.040000e+01	-1.430694e-02	4.890746e+00
6.043333e+01	-1.849488e-02	4.869967e+00
6.046667e+01	-2.810608e-02	4.822279e+00
6.050000e+01	-4.340177e-02	4.746385e+00
6.053333e+01	-6.094427e-02	4.659344e+00
6.056667e+01	-7.468448e-02	4.591169e+00
6.060000e+01	-8.116425e-02	4.559018e+00
6.063333e+01	-8.302514e-02	4.549785e+00
6.066667e+01	-8.559998e-02	4.537009e+00
6.070000e+01	-9.155538e-02	4.507460e+00
6.073333e+01	-1.000007e-01	4.465557e+00
6.076667e+01	-1.084029e-01	4.423867e+00
6.080000e+01	-1.141453e-01	4.395375e+00
6.083333e+01	-1.159715e-01	4.386314e+00
6.086667e+01	-1.148476e-01	4.391890e+00
6.090000e+01	-1.130215e-01	4.400951e+00
6.093333e+01	-1.119654e-01	4.406191e+00
6.096667e+01	-1.108884e-01	4.411535e+00
61	-1.074920e-01	4.428387e+00
6.103333e+01	-1.010148e-01	4.460525e+00
6.106667e+01	-9.422026e-02	4.494238e+00
6.110000e+01	-9.166179e-02	4.506932e+00
6.113333e+01	-9.591080e-02	4.485850e+00
6.116667e+01	-1.050259e-01	4.440623e+00
6.120000e+01	-1.136734e-01	4.397717e+00
6.123333e+01	-1.174719e-01	4.378869e+00
6.126667e+01	-1.162895e-01	4.384736e+00
6.130000e+01	-1.132979e-01	4.399580e+00
6.133333e+01	-1.115703e-01	4.408151e+00
6.136667e+01	-1.118859e-01	4.406585e+00
6.140000e+01	-1.131134e-01	4.400495e+00
6.143333e+01	-1.138970e-01	4.396607e+00
6.146667e+01	-1.138080e-01	4.397048e+00
6.150000e+01	-1.132868e-01	4.399635e+00
6.153333e+01	-1.129276e-01	4.401417e+00
6.156667e+01	-1.129455e-01	4.401328e+00
6.160000e+01	-1.131670e-01	4.400229e+00
6.163333e+01	-1.133314e-01	4.399413e+00
6.166667e+01	-1.133331e-01	4.399405e+00
6.170000e+01	-1.132394e-01	4.399870e+00
6.173333e+01	-1.131646e-01	4.400241e+00
6.176667e+01	-1.131597e-01	4.400265e+00
6.180000e+01	-1.131990e-01	4.400070e+00
6.183333e+01	-1.132329e-01	4.399902e+00
6.186667e+01	-1.132369e-01	4.399882e+00
6.190000e+01	-1.132205e-01	4.399964e+00
6.193333e+01	-1.132052e-01	4.400039e+00
6.196667e+01	-1.132027e-01	4.400052e+00
62	-1.132095e-01	4.400018e+00
6.203333e+01	-1.132163e-01	4.399984e+00
6.206667e+01	-1.132178e-01	4.399977e+00
6.210000e+01	-1.132150e-01	4.399991e+00
6.213333e+01	-1.134258e-01	4.398945e+00
6.216667e+01	-1.148462e-01	4.391897e+00
6.220000e+01	-1.189843e-01	4.371365e+00
6.223333e+01	-1.258465e-01	4.337317e+00
6.226667e+01	-1.327322e-01	4.303152e+00
6.230000e+01	-1.366080e-01	4.283921e+00
6.233333e+01	-1.377380e-01	4.278314e+00
6.236667e+01	-1.396630e-01	4.268763e+00
6.240000e+01	-1.448984e-01	4.242786e+00
6.243333e+01	-1.517309e-01	4.208885e+00
6.246667e+01	-1.562719e-01	4.186354e+00
6.250000e+01	-1.567025e-01	4.184217e+00
6.253333e+01	-1.545540e-01	4.194878e+00
6.256667e+01	-1.525633e-01	4.204755e+00
6.260000e+01	-1.519725e-01	4.207686e+00
6.263333e+01	-1.513852e-01	4.210600e+00
6.266667e+01	-1.481214e-01	4.226795e+00
6.270000e+01	-1.414696e-01	4.259799e+00
6.273333e+01	-1.342464e-01	4.295639e+00
6.276667e+01	-1.301972e-01	4.315730e+00
6.280000e+01	-1.303780e-01	4.314833e+00
6.283333e+01	-1.327266e-01	4.303180e+00
6.286667e+01	-1.345235e-01	4.294264e+00
6.290000e+01	-1.346325e-01	4.293723e+00
6.293333e+01	-1.336993e-01	4.298353e+00
6.296667e+01	-1.329025e-01	4.302307e+00
63	-1.327744e-01	4.302942e+00
6.303333e+01	-1.328807e-01	4.302415e+00
6.306667e+01	-1.322484e-01	4.305552e+00
6.310000e+01	-1.301412e-01	4.316008e+00
6.313333e+01	-1.266349e-01	4.333405e+00
6.316667e+01	-1.225010e-01	4.353916e+00
6.320000e+01	-1.185433e-01	4.373553e+00
6.323333e+01	-1.150644e-01	4.390815e+00
6.326667e+01	-1.118698e-01	4.406666e+00
6.330000e+01	-1.086310e-01	4.422736e+00
6.333333e+01	-1.051964e-01	4.439777e+00
6.336667e+01	-1.016334e-01	4.457456e+00
6.340000e+01	-9.808164e-02	4.475079e+00
6.343333e+01	-9.461286e-02	4.492290e+00
6.346667e+01	-9.120285e-02	4.509209e+00
6.350000e+01	-8.779127e-02	4.526137e+00
6.353333e+01	-8.434451e-02	4.543239e+00
6.356667e+01	-8.087091e-02	4.560474e+00
6.360000e+01	-7.739646e-02	4.577713e+00
6.363333e+01	-7.393686e-02	4.594879e+00
6.366667e+01	-7.048946e-02	4.611984e+00
6.370000e+01	-6.704310e-02	4.629084e+00
6.373333e+01	-6.359051e-02	4.646214e+00
6.376667e+01	-6.013242e-02	4.663372e+00
6.380000e+01	-5.667357e-02	4.680534e+00
6.383333e+01	-5.321731e-02	4.697683e+00
6.386667e+01	-4.976353e-02	4.714820e+00
6.390000e+01	-4.631021e-02	4.731955e+00
6.393333e+01	-4.285582e-02	4.749094e+00
6.396667e+01	-3.940032e-02	4.766240e+00
64	-3.594456e-02	4.783386e+00
6.403333e+01	-3.248924e-02	4.800531e+00
6.406667e+01	-2.903441e-02	4.817672e+00
6.410000e+01	-2.561639e-02	4.834632e+00
6.413333e+01	-2.244182e-02	4.850383e+00
6.416667e+01	-2.011678e-02	4.861919e+00
6.420000e+01	-1.997504e-02	4.862623e+00
6.423333e+01	-2.421958e-02	4.841562e+00
6.426667e+01	-3.523287e-02	4.786917e+00
6.430000e+01	-5.406666e-02	4.693469e+00
6.433333e+01	-7.858330e-02	4.571824e+00
6.436667e+01	-1.026866e-01	4.452230e+00
6.440000e+01	-1.195986e-01	4.368317e+00
6.443333e+01	-1.274425e-01	4.329398e+00
6.446667e+01	-1.299263e-01	4.317074e+00
6.450000e+01	-1.313738e-01	4.309892e+00
6.453333e+01	-1.331091e-01	4.301282e+00
6.456667e+01	-1.343231e-01	4.295258e+00
6.460000e+01	-1.343744e-01	4.295003e+00
6.463333e+01	-1.336642e-01	4.298527e+00
6.466667e+01	-1.330322e-01	4.301663e+00
6.470000e+01	-1.329288e-01	4.302176e+00
6.473333e+01	-1.329973e-01	4.301836e+00
6.476667e+01	-1.318607e-01	4.307476e+00
6.480000e+01	-1.277865e-01	4.327691e+00
6.483333e+01	-1.208112e-01	4.362301e+00
6.486667e+01	-1.135856e-01	4.398152e+00
6.490000e+01	-1.084683e-01	4.423543e+00
6.493333e+01	-1.046683e-01	4.442397e+00
6.496667e+01	-1.000754e-01	4.465186e+00
65	-9.483318e-02	4.491197e+00
6.503333e+01	-9.120508e-02	4.509198e+00
6.506667e+01	-9.059236e-02	4.512238e+00
6.510000e+01	-9.207415e-02	4.504886e+00
6.513333e+01	-9.385758e-02	4.496037e+00
6.516667e+01	-9.570765e-02	4.486858e+00
6.520000e+01	-9.929455e-02	4.469060e+00
6.523333e+01	-1.054759e-01	4.438390e+00
6.526667e+01	-1.121409e-01	4.405320e+00
6.530000e+01	-1.160207e-01	4.386070e+00
6.533333e+01	-1.160282e-01	4.386033e+00
6.536667e+01	-1.139259e-01	4.396464e+00
6.540000e+01	-1.120006e-01	4.406016e+00
6.543333e+01	-1.103956e-01	4.413980e+00
6.546667e+01	-1.070834e-01	4.430414e+00
6.550000e+01	-1.009771e-01	4.460712e+00
6.553333e+01	-9.421260e-02	4.494276e+00
6.556667e+01	-9.021112e-02	4.514130e+00
6.560000e+01	-9.016503e-02	4.514359e+00
6.563333e+01	-9.230726e-02	4.503730e+00
6.566667e+01	-9.407240e-02	4.494971e+00
6.570000e+01	-9.427558e-02	4.493963e+00
6.573333e+01	-9.322111e-02	4.499195e+00
6.576667e+01	-9.102178e-02	4.510108e+00
6.580000e+01	-8.675453e-02	4.531281e+00
6.583333e+01	-8.023895e-02	4.563609e+00
6.586667e+01	-7.370072e-02	4.596050e+00
6.590000e+01	-7.011253e-02	4.613854e+00
6.593333e+01	-7.026119e-02	4.613116e+00
6.596667e+01	-7.231826e-02	4.602910e+00
66	-7.390377e-02	4.595043e+00
6.603333e+01	-7.401451e-02	4.594493e+00
6.606667e+01	-7.320477e-02	4.598511e+00
6.610000e+01	-7.250437e-02	4.601986e+00
6.613333e+01	-7.241766e-02	4.602416e+00
6.616667e+01	-7.275229e-02	4.600756e+00
6.620000e+01	-7.943171e-02	4.567615e+00
6.623333e+01	-1.217862e-01	4.357463e+00
6.626667e+01	-2.447849e-01	3.747176e+00
6.630000e+01	-4.482761e-01	2.737507e+00
6.633333e+01	-6.487579e-01	1.742770e+00
6.636667e+01	-7.422062e-01	1.279104e+00
6.640000e+01	-6.994376e-01	1.491310e+00
6.643333e+01	-5.808065e-01	2.079926e+00
6.646667e+01	-4.696742e-01	2.631335e+00
6.650000e+01	-4.061328e-01	2.946611e+00
6.653333e+01	-3.763192e-01	3.094538e+00
6.656667e+01	-3.462422e-01	3.243772e+00
6.660000e+01	-2.967322e-01	3.489427e+00
6.663333e+01	-2.320836e-01	3.810197e+00
6.666667e+01	-1.672748e-01	4.131761e+00
6.670000e+01	-1.144540e-01	4.393844e+00
6.673333e+01	-7.966926e-02	4.566436e+00
6.676667e+01	-6.414097e-02	4.643483e+00
6.680000e+01	-6.383682e-02	4.644992e+00
6.683333e+01	-7.035633e-02	4.612644e+00
6.686667e+01	-7.562327e-02	4.586511e+00
6.690000e+01	-7.632061e-02	4.583051e+00
6.693333e+01	-7.400519e-02	4.594539e+00
6.696667e+01	-7.182210e-02	4.605371e+00
67	-7.143275e-02	4.607303e+00
6.703333e+01	-7.237558e-02	4.602625e+00
6.706667e+01	-7.333846e-02	4.597848e+00
6.710000e+01	-7.355185e-02	4.596789e+00
6.713333e+01	-7.316404e-02	4.598713e+00
6.716667e+01	-7.273516e-02	4.600841e+00
6.720000e+01	-7.262107e-02	4.601407e+00
6.723333e+01	-7.277890e-02	4.600624e+00
6.726667e+01	-7.296932e-02	4.599679e+00
6.730000e+01	-7.302834e-02	4.599386e+00
6.733333e+01	-7.296488e-02	4.599701e+00
6.736667e+01	-7.266683e-02	4.601180e+00
6.740000e+01	-7.121594e-02	4.608379e+00
6.743333e+01	-6.710409e-02	4.628781e+00
6.746667e+01	-6.028031e-02	4.662639e+00
6.750000e+01	-5.340976e-02	4.696729e+00
6.753333e+01	-4.973754e-02	4.714949e+00
6.756667e+01	-4.979799e-02	4.714649e+00
6.760000e+01	-5.058151e-02	4.710762e+00
6.763333e+01	-4.807384e-02	4.723204e+00
6.766667e+01	-4.127305e-02	4.756948e+00
6.770000e+01	-3.329889e-02	4.796513e+00
6.773333e+01	-2.727882e-02	4.826383e+00
6.776667e+01	-2.194466e-02	4.852850e+00
6.780000e+01	-1.352205e-02	4.894641e+00
6.783333e+01	-1.512252e-03	4.954230e+00
6.786667e+01	1.035761e-02	5.013125e+00
6.790000e+01	1.889612e-02	5.055491e+00
6.793333e+01	2.412159e-02	5.081418e+00
6.796667e+01	2.726047e-02	5.096993e+00
68	2.881685e-02	5.104715e+00
6.803333e+01	2.896260e-02	5.105438e+00
6.806667e+01	2.850437e-02	5.103165e+00
6.810000e+01	2.926210e-02	5.106924e+00
6.813333e+01	3.321921e-02	5.126558e+00
6.816667e+01	4.030465e-02	5.161714e+00
6.820000e+01	4.746933e-02	5.197264e+00
6.823333e+01	5.101055e-02	5.214834e+00
6.826667e+01	4.918350e-02	5.205769e+00
6.830000e+01	4.249515e-02	5.172583e+00
6.833333e+01	3.319347e-02	5.126431e+00
6.836667e+01	2.460504e-02	5.083817e+00
6.840000e+01	1.927197e-02	5.057356e+00
6.843333e+01	1.721530e-02	5.047151e+00
6.846667e+01	1.642536e-02	5.043232e+00
6.850000e+01	1.490556e-02	5.035691e+00
6.853333e+01	1.208341e-02	5.021688e+00
6.856667e+01	8.631995e-03	5.004563e+00
6.860000e+01	5.422404e-03	4.988638e+00
6.863333e+01	2.763099e-03	4.975443e+00
6.866667e+01	3.983465e-04	4.963710e+00
6.870000e+01	-2.051155e-03	4.951556e+00
6.873333e+01	-4.737241e-03	4.938229e+00
6.876667e+01	-7.532356e-03	4.924360e+00
6.880000e+01	-1.010981e-02	4.911571e+00
6.883333e+01	-1.203398e-02	4.902024e+00
6.886667e+01	-1.297947e-02	4.897333e+00
6.890000e+01	-1.301526e-02	4.897155e+00
6.893333e+01	-1.260621e-02	4.899185e+00
6.896667e+01	-1.226541e-02	4.900876e+00
69	-1.243154e-02	4.900052e+00
6.903333e+01	-1.400320e-02	4.892253e+00
6.906667e+01	-1.828423e-02	4.871012e+00
6.910000e+01	-2.517197e-02	4.836837e+00
6.913333e+01	-3.199577e-02	4.802979e+00
6.916667e+01	-3.559444e-02	4.785123e+00
6.920000e+01	-3.528919e-02	4.786638e+00
6.923333e+01	-3.310259e-02	4.797487e+00
6.926667e+01	-3.150535e-02	4.805412e+00
6.930000e+01	-3.146020e-02	4.805636e+00
6.933333e+01	-3.232844e-02	4.801328e+00
6.936667e+01	-3.303711e-02	4.797812e+00
6.940000e+01	-3.309654e-02	4.797517e+00
6.943333e+01	-3.273560e-02	4.799308e+00
6.946667e+01	-3.241713e-02	4.800888e+00
6.950000e+01	-3.216063e-02	4.802161e+00
6.953333e+01	-3.088977e-02	4.808467e+00
6.956667e+01	-2.689590e-02	4.828283e+00
6.960000e+01	-2.006115e-02	4.862195e+00
6.963333e+01	-1.311378e-02	4.896666e+00
6.966667e+01	-9.387310e-03	4.915156e+00
6.970000e+01	-9.663208e-03	4.913787e+00
6.973333e+01	-1.190049e-02	4.902686e+00
6.976667e+01	-1.334077e-02	4.895540e+00
6.980000e+01	-1.198037e-02	4.902290e+00
6.983333e+01	-6.954533e-03	4.927227e+00
6.986667e+01	6.402001e-04	4.964910e+00
6.990000e+01	7.592888e-03	4.999407e+00
6.993333e+01	1.088609e-02	5.015747e+00
6.996667e+01	1.047980e-02	5.013732e+00
70	9.856373e-03	5.010638e+00
7.003333e+01	1.415641e-02	5.031974e+00
7.006667e+01	2.667052e-02	5.094066e+00
7.010000e+01	4.546012e-02	5.187295e+00
7.013333e+01	6.374026e-02	5.277996e+00
7.016667e+01	7.541570e-02	5.335926e+00
7.020000e+01	8.033210e-02	5.360320e+00
7.023333e+01	8.276690e-02	5.372401e+00
7.026667e+01	8.574661e-02	5.387185e+00
7.030000e+01	8.876913e-02	5.402182e+00
7.033333e+01	9.016043e-02	5.409086e+00
7.036667e+01	8.962577e-02	5.406433e+00
7.040000e+01	8.835280e-02	5.400117e+00
7.043333e+01	8.761329e-02	5.396447e+00
7.046667e+01	8.774870e-02	5.397119e+00
7.050000e+01	8.828104e-02	5.399761e+00
7.053333e+01	8.862473e-02	5.401466e+00
7.056667e+01	8.858978e-02	5.401292e+00
7.060000e+01	8.836417e-02	5.400173e+00
7.063333e+01	8.820644e-02	5.399390e+00
7.066667e+01	8.821229e-02	5.399419e+00
7.070000e+01	8.830800e-02	5.399894e+00
7.073333e+01	8.816622e-02	5.399191e+00
7.076667e+01	8.674664e-02	5.392147e+00
7.080000e+01	8.256921e-02	5.371420e+00
7.083333e+01	7.567560e-02	5.337216e+00
7.086667e+01	6.878786e-02	5.303041e+00
7.090000e+01	6.514242e-02	5.284953e+00
7.093333e+01	6.523393e-02	5.285407e+00
7.096667e+01	6.602648e-02	5.289339e+00
71	6.350799e-02	5.276843e+00
7.103333e+01	5.669344e-02	5.243031e+00
7.106667e+01	4.892856e-02	5.204504e+00
7.110000e+01	4.433398e-02	5.181707e+00
7.113333e+01	4.314290e-02	5.175797e+00
7.116667e+01	4.158340e-02	5.168059e+00
7.120000e+01	3.667101e-02	5.143685e+00
7.123333e+01	2.988204e-02	5.110000e+00
7.126667e+01	2.518889e-02	5.086714e+00
7.130000e+01	2.461308e-02	5.083857e+00
7.133333e+01	2.694886e-02	5.095447e+00
7.136667e+01	3.042362e-02	5.112687e+00
7.140000e+01	3.500257e-02	5.135407e+00
7.143333e+01	4.104443e-02	5.165385e+00
7.146667e+01	4.703067e-02	5.195087e+00
7.150000e+01	5.045508e-02	5.212078e+00
7.153333e+01	5.049459e-02	5.212274e+00
7.156667e+01	4.868004e-02	5.203271e+00
7.160000e+01	4.717708e-02	5.195814e+00
7.163333e+01	4.699141e-02	5.194892e+00
7.166667e+01	4.769438e-02	5.198380e+00
7.170000e+01	4.835387e-02	5.201653e+00
7.173333e+01	4.847000e-02	5.202229e+00
7.176667e+01	4.839607e-02	5.201862e+00
7.180000e+01	4.952371e-02	5.207457e+00
7.183333e+01	5.359551e-02	5.227660e+00
7.186667e+01	6.057442e-02	5.262288e+00
7.190000e+01	6.759042e-02	5.297099e+00
7.193333e+01	7.127348e-02	5.315374e+00
7.196667e+01	7.082593e-02	5.313153e+00
72	6.817126e-02	5.299981e+00
7.203333e+01	6.568541e-02	5.287647e+00
7.206667e+01	6.435055e-02	5.281024e+00
7.210000e+01	6.370931e-02	5.277842e+00
7.213333e+01	6.291365e-02	5.273894e+00
7.216667e+01	6.159090e-02	5.267331e+00
7.220000e+01	5.994440e-02	5.259162e+00
7.223333e+01	5.834925e-02	5.251247e+00
7.226667e+01	5.698239e-02	5.244465e+00
7.230000e+01	5.576598e-02	5.238429e+00
7.233333e+01	5.453624e-02	5.232328e+00
7.236667e+01	5.320898e-02	5.225742e+00
7.240000e+01	5.181247e-02	5.218813e+00
7.243333e+01	5.043193e-02	5.211963e+00
7.246667e+01	4.918749e-02	5.205789e+00
7.250000e+01	4.825050e-02	5.201140e+00
7.253333e+01	4.777197e-02	5.198765e+00
7.256667e+01	4.752113e-02	5.197521e+00
7.260000e+01	4.629279e-02	5.191426e+00
7.263333e+01	4.232796e-02	5.171754e+00
7.266667e+01	3.549918e-02	5.137871e+00
7.270000e+01	2.833025e-02	5.102301e+00
7.273333e+01	2.317423e-02	5.076718e+00
7.276667e+01	1.931082e-02	5.057549e+00
7.280000e+01	1.469004e-02	5.034622e+00
7.283333e+01	9.462321e-03	5.008683e+00
7.286667e+01	5.861711e-03	4.990818e+00
7.290000e+01	5.262314e-03	4.987844e+00
7.293333e+01	6.952621e-03	4.996231e+00
7.296667e+01	9.931422e-03	5.011011e+00
73	1.449103e-02	5.033634e+00
7.303333e+01	2.080364e-02	5.064956e+00
7.306667e+01	2.701453e-02	5.095772e+00
7.310000e+01	3.045973e-02	5.112867e+00
7.313333e+01	3.017200e-02	5.111439e+00
7.316667e+01	2.683487e-02	5.094881e+00
7.320000e+01	2.118038e-02	5.066825e+00
7.323333e+01	1.418103e-02	5.032096e+00
7.326667e+01	8.044355e-03	5.001647e+00
7.330000e+01	5.050171e-03	4.986791e+00
7.333333e+01	5.437389e-03	4.988712e+00
7.336667e+01	7.341017e-03	4.998158e+00
7.340000e+01	8.668244e-03	5.004743e+00
7.343333e+01	8.663942e-03	5.004722e+00
7.346667e+01	7.912624e-03	5.000994e+00
7.350000e+01	7.324722e-03	4.998077e+00
7.353333e+01	7.292985e-03	4.997919e+00
7.356667e+01	7.605993e-03	4.999472e+00
7.360000e+01	7.656781e-03	4.999724e+00
7.363333e+01	6.263486e-03	4.992811e+00
7.366667e+01	1.995607e-03	4.971635e+00
7.370000e+01	-4.984500e-03	4.937002e+00
7.373333e+01	-1.188820e-02	4.902747e+00
7.376667e+01	-1.549625e-02	4.884845e+00
7.380000e+01	-1.515216e-02	4.886553e+00
7.383333e+01	-1.292950e-02	4.897581e+00
7.386667e+01	-1.132629e-02	4.905535e+00
7.390000e+01	-1.129726e-02	4.905680e+00
7.393333e+01	-1.218168e-02	4.901291e+00
7.396667e+01	-1.289378e-02	4.897758e+00
74	-1.294659e-02	4.897496e+00
7.403333e+01	-1.257843e-02	4.899323e+00
7.406667e+01	-1.228326e-02	4.900787e+00
7.410000e+01	-1.243569e-02	4.900031e+00
7.413333e+01	-1.326827e-02	4.895900e+00
7.416667e+01	-1.489862e-02	4.887811e+00
7.420000e+01	-1.721985e-02	4.876293e+00
7.423333e+01	-1.988340e-02	4.863077e+00
7.426667e+01	-2.251176e-02	4.850036e+00
7.430000e+01	-2.493027e-02	4.838036e+00
7.433333e+01	-2.719784e-02	4.826785e+00
7.436667e+01	-2.946188e-02	4.815552e+00
7.440000e+01	-3.180812e-02	4.803910e+00
7.443333e+01	-3.422096e-02	4.791938e+00
7.446667e+01	-3.663908e-02	4.779940e+00
7.450000e+01	-3.902309e-02	4.768111e+00
7.453333e+01	-4.137721e-02	4.756431e+00
7.456667e+01	-4.372745e-02	4.744770e+00
7.460000e+01	-4.609191e-02	4.733038e+00
7.463333e+01	-4.844466e-02	4.721364e+00
7.466667e+01	-5.063259e-02	4.710508e+00
7.470000e+01	-5.232794e-02	4.702096e+00
7.473333e+01	-5.321010e-02	4.697719e+00
7.476667e+01	-5.328090e-02	4.697368e+00
7.480000e+01	-5.292323e-02	4.699143e+00
7.483333e+01	-5.260243e-02	4.700734e+00
7.486667e+01	-5.275645e-02	4.699970e+00
7.490000e+01	-5.430802e-02	4.692272e+00
7.493333e+01	-5.858048e-02	4.671073e+00
7.496667e+01	-6.547302e-02	4.636874e+00
75	-7.230551e-02	4.602973e+00
7.503333e+01	-7.590822e-02	4.585097e+00
7.506667e+01	-7.560113e-02	4.586621e+00
7.510000e+01	-7.341074e-02	4.597489e+00
7.513333e+01	-7.181158e-02	4.605424e+00
7.516667e+01	-7.176711e-02	4.605644e+00
7.520000e+01	-7.263699e-02	4.601328e+00
7.523333e+01	-7.334656e-02	4.597807e+00
7.526667e+01	-7.340576e-02	4.597514e+00
7.530000e+01	-7.304411e-02	4.599308e+00
7.533333e+01	-7.272522e-02	4.600890e+00
7.536667e+01	-7.268267e-02	4.601101e+00
7.540000e+01	-7.283328e-02	4.600354e+00
7.543333e+01	-7.297663e-02	4.599643e+00
7.546667e+01	-7.300268e-02	4.599514e+00
7.550000e+01	-7.294040e-02	4.599823e+00
7.553333e+01	-7.287623e-02	4.600141e+00
7.556667e+01	-7.286158e-02	4.600214e+00
7.560000e+01	-7.310098e-02	4.599026e+00
7.563333e+01	-7.455075e-02	4.591833e+00
7.566667e+01	-7.869558e-02	4.571267e+00
7.570000e+01	-8.554604e-02	4.537277e+00
7.573333e+01	-9.263246e-02	4.502116e+00
7.576667e+01	-9.771199e-02	4.476913e+00
7.580000e+01	-1.015626e-01	4.457807e+00
7.583333e+01	-1.064311e-01	4.433651e+00
7.586667e+01	-1.131139e-01	4.400492e+00
7.590000e+01	-1.208587e-01	4.362065e+00
7.593333e+01	-1.283050e-01	4.325118e+00
7.596667e+01	-1.336987e-01	4.298356e+00
76	-1.357996e-01	4.287932e+00
7.603333e+01	-1.353060e-01	4.290381e+00
7.606667e+01	-1.350703e-01	4.291551e+00
7.610000e+01	-1.382580e-01	4.275734e+00
7.613333e+01	-1.452808e-01	4.240889e+00
7.616667e+01	-1.528248e-01	4.203457e+00
7.620000e+01	-1.569116e-01	4.183180e+00
7.623333e+01	-1.565773e-01	4.184839e+00
7.626667e+01	-1.540873e-01	4.197193e+00
7.630000e+01	-1.524820e-01	4.205158e+00
7.633333e+01	-1.538583e-01	4.198330e+00
7.636667e+01	-1.589919e-01	4.172858e+00
7.640000e+01	-1.666624e-01	4.134799e+00
7.643333e+01	-1.733988e-01	4.101375e+00
7.646667e+01	-1.750112e-01	4.093375e+00
7.650000e+01	-1.687982e-01	4.124202e+00
7.653333e+01	-1.555409e-01	4.189981e+00
7.656667e+01	-1.403422e-01	4.265393e+00
7.660000e+01	-1.299054e-01	4.317177e+00
7.663333e+01	-1.272275e-01	4.330464e+00
7.666667e+01	-1.289584e-01	4.321876e+00
7.670000e+01	-1.286489e-01	4.323412e+00
7.673333e+01	-1.228712e-01	4.352079e+00
7.676667e+01	-1.134446e-01	4.398852e+00
7.680000e+01	-1.040335e-01	4.445547e+00
7.683333e+01	-9.683931e-02	4.481243e+00
7.686667e+01	-9.260119e-02	4.502271e+00
7.690000e+01	-9.126601e-02	4.508896e+00
7.693333e+01	-9.191083e-02	4.505696e+00
7.696667e+01	-9.307651e-02	4.499913e+00
77	-9.367462e-02	4.496945e+00
7.703333e+01	-9.351947e-02	4.497715e+00
7.706667e+01	-9.306888e-02	4.499951e+00
7.710000e+01	-9.280481e-02	4.501261e+00
7.713333e+01	-9.285473e-02	4.501013e+00
7.716667e+01	-9.304513e-02	4.500068e+00
7.720000e+01	-9.316593e-02	4.499469e+00
7.723333e+01	-9.315117e-02	4.499542e+00
7.726667e+01	-9.328368e-02	4.498885e+00
7.730000e+01	-9.464923e-02	4.492109e+00
7.733333e+01	-9.878940e-02	4.471567e+00
7.736667e+01	-1.056848e-01	4.437353e+00
7.740000e+01	-1.125956e-01	4.403064e+00
7.743333e+01	-1.162581e-01	4.384892e+00
7.746667e+01	-1.159529e-01	4.386406e+00
7.750000e+01	-1.137294e-01	4.397438e+00
7.753333e+01	-1.121031e-01	4.405508e+00
7.756667e+01	-1.120563e-01	4.405740e+00
7.760000e+01	-1.127262e-01	4.402416e+00
7.763333e+01	-1.120269e-01	4.405886e+00
7.766667e+01	-1.079507e-01	4.426111e+00
7.770000e+01	-1.007225e-01	4.461975e+00
7.773333e+01	-9.351286e-02	4.497748e+00
7.776667e+01	-8.980690e-02	4.516136e+00
7.780000e+01	-9.025044e-02	4.513935e+00
7.783333e+01	-9.260807e-02	4.502237e+00
7.786667e+01	-9.426029e-02	4.494039e+00
7.790000e+01	-9.424999e-02	4.494090e+00
7.793333e+01	-9.330624e-02	4.498773e+00
7.796667e+01	-9.235617e-02	4.503487e+00
78	-9.089748e-02	4.510724e+00
7.803333e+01	-8.715458e-02	4.529296e+00
7.806667e+01	-8.062576e-02	4.561690e+00
7.810000e+01	-7.377465e-02	4.595683e+00
7.813333e+01	-6.994743e-02	4.614673e+00
7.816667e+01	-7.008828e-02	4.613974e+00
7.820000e+01	-7.227725e-02	4.603113e+00
7.823333e+01	-7.397133e-02	4.594708e+00
7.826667e+01	-7.409149e-02	4.594111e+00
7.830000e+01	-7.322647e-02	4.598403e+00
7.833333e+01	-7.247701e-02	4.602122e+00
7.836667e+01	-7.238353e-02	4.602586e+00
7.840000e+01	-7.274118e-02	4.600811e+00
7.843333e+01	-7.307673e-02	4.599146e+00
7.846667e+01	-7.313473e-02	4.598858e+00
7.850000e+01	-7.298668e-02	4.599593e+00
7.853333e+01	-7.283643e-02	4.600339e+00
7.856667e+01	-7.280345e-02	4.600502e+00
7.860000e+01	-7.286425e-02	4.600201e+00
7.863333e+01	-7.293126e-02	4.599868e+00
7.866667e+01	-7.294900e-02	4.599780e+00
7.870000e+01	-7.292427e-02	4.599903e+00
7.873333e+01	-7.289452e-02	4.600050e+00
7.876667e+01	-7.288533e-02	4.600096e+00
7.880000e+01	-7.289528e-02	4.600047e+00
7.883333e+01	-7.290843e-02	4.599981e+00
7.886667e+01	-7.291306e-02	4.599958e+00
7.890000e+01	-7.290911e-02	4.599978e+00
7.893333e+01	-7.290332e-02	4.600007e+00
7.896667e+01	-7.290104e-02	4.600018e+00
79	-7.290258e-02	4.600010e+00
7.903333e+01	-7.290512e-02	4.599998e+00
7.906667e+01	-7.290623e-02	4.599992e+00
7.910000e+01	-7.290564e-02	4.599995e+00
7.913333e+01	-7.290453e-02	4.600001e+00
7.916667e+01	-7.290400e-02	4.600003e+00
7.920000e+01	-7.290422e-02	4.600002e+00
7.923333e+01	-7.290470e-02	4.600000e+00
7.926667e+01	-7.290495e-02	4.599999e+00
7.930000e+01	-7.290487e-02	4.599999e+00
7.933333e+01	-7.290466e-02	4.600000e+00
7.936667e+01	-7.290455e-02	4.600001e+00
7.940000e+01	-7.290457e-02	4.600000e+00
7.943333e+01	-7.290466e-02	4.600000e+00
7.946667e+01	-7.290472e-02	4.600000e+00
7.950000e+01	-7.290471e-02	4.600000e+00
7.953333e+01	-7.290467e-02	4.600000e+00
7.956667e+01	-7.290464e-02	4.600000e+00
7.960000e+01	-7.290465e-02	4.600000e+00
7.963333e+01	-7.290466e-02	4.600000e+00
7.966667e+01	-7.290467e-02	4.600000e+00
7.970000e+01	-7.290467e-02	4.600000e+00
7.973333e+01	-7.290467e-02	4.600000e+00
7.976667e+01	-7.290466e-02	4.600000e+00
7.980000e+01	-7.290466e-02	4.600000e+00
7.983333e+01	-7.290466e-02	4.600000e+00
7.986667e+01	-7.290467e-02	4.600000e+00
7.990000e+01	-7.290467e-02	4.600000e+00
7.993333e+01	-7.290467e-02	4.600000e+00
7.996667e+01	-7.290467e-02	4.600000e+00
80	-7.290466e-02	4.600000e+00
8.003333e+01	-7.290467e-02	4.600000e+00
8.006667e+01	-7.290467e-02	4.600000e+00
8.010000e+01	-7.290467e-02	4.600000e+00
8.013333e+01	-7.290467e-02	4.600000e+00
8.016667e+01	-7.290467e-02	4.600000e+00
8.020000e+01	-7.290467e-02	4.600000e+00
8.023333e+01	-7.290467e-02	4.600000e+00
8.026667e+01	-7.290467e-02	4.600000e+00
8.030000e+01	-7.290467e-02	4.600000e+00
8.033333e+01	-7.290467e-02	4.600000e+00
8.036667e+01	-7.290467e-02	4.600000e+00
8.040000e+01	-7.290467e-02	4.600000e+00
8.043333e+01	-7.290467e-02	4.600000e+00
8.046667e+01	-7.290467e-02	4.600000e+00
8.050000e+01	-7.290467e-02	4.600000e+00
8.053333e+01	-7.289041e-02	4.600071e+00
8.056667e+01	-7.278140e-02	4.600612e+00
8.060000e+01	-7.239660e-02	4.602521e+00
8.063333e+01	-7.155441e-02	4.606700e+00
8.066667e+01	-7.025320e-02	4.613156e+00
8.070000e+01	-6.870783e-02	4.620824e+00
8.073333e+01	-6.718184e-02	4.628395e+00
8.076667e+01	-6.580330e-02	4.635235e+00
8.080000e+01	-6.453313e-02	4.641537e+00
8.083333e+01	-6.326649e-02	4.647822e+00
8.086667e+01	-6.194128e-02	4.654397e+00
8.090000e+01	-6.056800e-02	4.661211e+00
8.093333e+01	-5.919048e-02	4.668046e+00
8.096667e+01	-5.783730e-02	4.674760e+00
81	-5.651998e-02	4.681296e+00
8.103333e+01	-5.528612e-02	4.687419e+00
8.106667e+01	-5.423745e-02	4.692622e+00
8.110000e+01	-5.345540e-02	4.696502e+00
8.113333e+01	-5.294898e-02	4.699015e+00
8.116667e+01	-5.268927e-02	4.700303e+00
8.120000e+01	-5.262939e-02	4.700600e+00
8.123333e+01	-5.290048e-02	4.699255e+00
8.126667e+01	-5.418297e-02	4.692892e+00
8.130000e+01	-5.714336e-02	4.678203e+00
8.133333e+01	-6.127217e-02	4.657717e+00
8.136667e+01	-6.540412e-02	4.637216e+00
8.140000e+01	-6.902821e-02	4.619234e+00
8.143333e+01	-7.196638e-02	4.604656e+00
8.146667e+01	-7.372008e-02	4.595954e+00
8.150000e+01	-7.402223e-02	4.594455e+00
8.153333e+01	-7.338092e-02	4.597637e+00
8.156667e+01	-7.268131e-02	4.601108e+00
8.160000e+01	-7.246808e-02	4.602166e+00
8.163333e+01	-7.268950e-02	4.601068e+00
8.166667e+01	-7.277073e-02	4.600665e+00
0	0	0
0	0	0
0	0	0
