0	2.443125e-02	4.560922e+00
3.333333e-02	2.316720e-02	4.555294e+00
6.666667e-02	2.253695e-02	4.552488e+00
1.000000e-01	2.160282e-02	4.548329e+00
1.333333e-01	2.006945e-02	4.541503e+00
1.666667e-01	1.823935e-02	4.533355e+00
2.000000e-01	1.652046e-02	4.525702e+00
2.333333e-01	1.506008e-02	4.519200e+00
2.666667e-01	1.373918e-02	4.513319e+00
3.000000e-01	1.237893e-02	4.507263e+00
3.333333e-01	1.090709e-02	4.500710e+00
3.666667e-01	9.369975e-03	4.493867e+00
4.000000e-01	7.845836e-03	4.487081e+00
4.333333e-01	6.369654e-03	4.480509e+00
4.666667e-01	4.923804e-03	4.474072e+00
5.000000e-01	3.474175e-03	4.467618e+00
5.333333e-01	2.004038e-03	4.461073e+00
5.666667e-01	5.199081e-04	4.454465e+00
6.000000e-01	-9.634134e-04	4.447861e+00
6.333333e-01	-2.438012e-03	4.441296e+00
6.666667e-01	-3.906196e-03	4.434759e+00
7.000000e-01	-5.374359e-03	4.428223e+00
7.333333e-01	-6.846213e-03	4.421670e+00
7.666667e-01	-8.320990e-03	4.415104e+00
8.000000e-01	-9.795940e-03	4.408537e+00
8.333333e-01	-1.126934e-02	4.401978e+00
8.666667e-01	-1.274141e-02	4.395424e+00
9.000000e-01	-1.421334e-02	4.388870e+00
9.333333e-01	-1.568591e-02	4.382314e+00
9.666667e-01	-1.715908e-02	4.375756e+00
1	-1.863235e-02	4.369196e+00
1.033333e+00	-2.010535e-02	4.362638e+00
1.066667e+00	-2.157808e-02	4.356081e+00
1.100000e+00	-2.305076e-02	4.349525e+00
1.133333e+00	-2.452354e-02	4.342968e+00
1.166667e+00	-2.599645e-02	4.336410e+00
1.200000e+00	-2.746938e-02	4.329853e+00
1.233333e+00	-2.894227e-02	4.323295e+00
1.266667e+00	-3.041511e-02	4.316738e+00
1.300000e+00	-3.188793e-02	4.310180e+00
1.333333e+00	-3.336077e-02	4.303623e+00
1.366667e+00	-3.483363e-02	4.297066e+00
1.400000e+00	-3.630651e-02	4.290508e+00
1.433333e+00	-3.777937e-02	4.283951e+00
1.466667e+00	-3.925222e-02	4.277394e+00
1.500000e+00	-4.072507e-02	4.270836e+00
1.533333e+00	-4.219793e-02	4.264279e+00
1.566667e+00	-4.367078e-02	4.257721e+00
1.600000e+00	-4.514364e-02	4.251164e+00
1.633333e+00	-4.661650e-02	4.244607e+00
1.666667e+00	-4.808936e-02	4.238049e+00
1.700000e+00	-4.956221e-02	4.231492e+00
1.733333e+00	-5.103507e-02	4.224935e+00
1.766667e+00	-5.250792e-02	4.218377e+00
1.800000e+00	-5.420350e-02	4.210828e+00
1.833333e+00	-5.714070e-02	4.197751e+00
1.866667e+00	-6.280228e-02	4.172545e+00
1.900000e+00	-7.099803e-02	4.136056e+00
1.933333e+00	-7.871781e-02	4.101687e+00
1.966667e+00	-8.162481e-02	4.088744e+00
2	-7.428905e-02	4.121404e+00
2.033333e+00	-5.017599e-02	4.228759e+00
2.066667e+00	-8.639391e-03	4.413686e+00
2.100000e+00	3.755895e-02	4.619368e+00
2.133333e+00	6.981647e-02	4.762984e+00
2.166667e+00	8.074217e-02	4.811627e+00
2.200000e+00	7.929908e-02	4.805202e+00
2.233333e+00	7.943941e-02	4.805826e+00
2.266667e+00	8.699859e-02	4.839481e+00
2.300000e+00	9.738816e-02	4.885737e+00
2.333333e+00	1.031271e-01	4.911288e+00
2.366667e+00	1.015788e-01	4.904395e+00
2.400000e+00	9.593884e-02	4.879284e+00
2.433333e+00	9.091892e-02	4.856935e+00
2.466667e+00	8.869210e-02	4.847021e+00
2.500000e+00	8.833128e-02	4.845414e+00
2.533333e+00	8.784955e-02	4.843270e+00
2.566667e+00	8.620235e-02	4.835936e+00
2.600000e+00	8.370648e-02	4.824824e+00
2.633333e+00	8.123345e-02	4.813814e+00
2.666667e+00	7.938435e-02	4.805581e+00
2.700000e+00	7.830558e-02	4.800779e+00
2.733333e+00	7.788433e-02	4.798903e+00
2.766667e+00	7.789551e-02	4.798953e+00
2.800000e+00	7.807179e-02	4.799738e+00
2.833333e+00	7.820261e-02	4.800320e+00
2.866667e+00	7.821457e-02	4.800373e+00
2.900000e+00	7.815452e-02	4.800106e+00
2.933333e+00	7.834018e-02	4.800933e+00
2.966667e+00	7.991697e-02	4.807953e+00
3	8.455201e-02	4.828589e+00
3.033333e+00	9.198294e-02	4.861672e+00
3.066667e+00	9.807649e-02	4.888802e+00
3.100000e+00	9.753737e-02	4.886401e+00
3.133333e+00	8.955710e-02	4.850872e+00
3.166667e+00	7.941653e-02	4.805725e+00
3.200000e+00	7.352747e-02	4.779506e+00
3.233333e+00	7.379689e-02	4.780705e+00
3.266667e+00	7.724212e-02	4.796044e+00
3.300000e+00	7.961753e-02	4.806620e+00
3.333333e+00	7.816135e-02	4.800136e+00
3.366667e+00	7.192598e-02	4.772376e+00
3.400000e+00	6.153183e-02	4.726099e+00
3.433333e+00	4.912846e-02	4.670878e+00
3.466667e+00	3.821560e-02	4.622292e+00
3.500000e+00	3.297305e-02	4.598951e+00
3.533333e+00	3.604648e-02	4.612635e+00
3.566667e+00	4.558860e-02	4.655118e+00
3.600000e+00	5.555111e-02	4.699472e+00
3.633333e+00	6.041848e-02	4.721142e+00
3.666667e+00	5.944858e-02	4.716824e+00
3.700000e+00	5.603880e-02	4.701643e+00
3.733333e+00	5.385591e-02	4.691925e+00
3.766667e+00	5.404700e-02	4.692776e+00
3.800000e+00	5.543592e-02	4.698959e+00
3.833333e+00	5.641798e-02	4.703332e+00
3.866667e+00	5.639246e-02	4.703218e+00
3.900000e+00	5.580683e-02	4.700611e+00
3.933333e+00	5.536032e-02	4.698623e+00
3.966667e+00	5.534652e-02	4.698561e+00
4	5.535519e-02	4.698600e+00
4.033333e+00	5.397414e-02	4.692451e+00
4.066667e+00	4.938084e-02	4.672001e+00
4.100000e+00	4.163117e-02	4.637499e+00
4.133333e+00	3.388211e-02	4.602999e+00
4.166667e+00	2.990954e-02	4.585312e+00
4.200000e+00	3.070532e-02	4.588855e+00
4.233333e+00	3.415010e-02	4.604192e+00
4.266667e+00	3.741951e-02	4.618748e+00
4.300000e+00	3.918294e-02	4.626599e+00
4.333333e+00	3.988613e-02	4.629729e+00
4.366667e+00	4.061440e-02	4.632972e+00
4.400000e+00	4.196655e-02	4.638992e+00
4.433333e+00	4.379320e-02	4.647124e+00
4.466667e+00	4.563346e-02	4.655317e+00
4.500000e+00	4.721072e-02	4.662340e+00
4.533333e+00	4.857294e-02	4.668404e+00
4.566667e+00	4.990169e-02	4.674320e+00
4.600000e+00	5.125112e-02	4.680328e+00
4.633333e+00	5.249599e-02	4.685870e+00
4.666667e+00	5.353552e-02	4.690498e+00
4.700000e+00	5.442165e-02	4.694444e+00
4.733333e+00	5.519613e-02	4.697892e+00
4.766667e+00	5.574662e-02	4.700343e+00
4.800000e+00	5.594732e-02	4.701236e+00
4.833333e+00	5.585193e-02	4.700812e+00
4.866667e+00	5.566576e-02	4.699983e+00
4.900000e+00	5.556692e-02	4.699543e+00
4.933333e+00	5.559182e-02	4.699653e+00
4.966667e+00	5.566714e-02	4.699989e+00
5	5.571219e-02	4.700189e+00
5.033333e+00	5.570448e-02	4.700155e+00
5.066667e+00	5.567252e-02	4.700013e+00
5.100000e+00	5.565181e-02	4.699921e+00
5.133333e+00	5.565394e-02	4.699930e+00
5.166667e+00	5.566757e-02	4.699991e+00
5.200000e+00	5.543874e-02	4.698972e+00
5.233333e+00	5.385454e-02	4.691919e+00
5.266667e+00	4.923822e-02	4.671366e+00
5.300000e+00	4.158776e-02	4.637305e+00
5.333333e+00	3.391438e-02	4.603142e+00
5.366667e+00	2.983525e-02	4.584981e+00
5.400000e+00	2.992268e-02	4.585371e+00
5.433333e+00	3.080397e-02	4.589294e+00
5.466667e+00	2.800407e-02	4.576829e+00
5.500000e+00	2.043442e-02	4.543127e+00
5.533333e+00	1.192216e-02	4.505230e+00
5.566667e+00	7.532040e-03	4.485684e+00
5.600000e+00	8.868528e-03	4.491634e+00
5.633333e+00	1.341363e-02	4.511870e+00
5.666667e+00	1.757343e-02	4.530390e+00
5.700000e+00	1.964431e-02	4.539610e+00
5.733333e+00	2.026861e-02	4.542389e+00
5.766667e+00	2.093596e-02	4.545360e+00
5.800000e+00	2.246396e-02	4.552163e+00
5.833333e+00	2.464486e-02	4.561873e+00
5.866667e+00	2.684448e-02	4.571666e+00
5.900000e+00	2.868242e-02	4.579849e+00
5.933333e+00	3.020618e-02	4.586633e+00
5.966667e+00	3.158371e-02	4.592766e+00
6	3.275825e-02	4.597995e+00
6.033333e+00	3.371669e-02	4.602262e+00
6.066667e+00	3.544821e-02	4.609971e+00
6.100000e+00	3.982929e-02	4.629476e+00
6.133333e+00	4.721069e-02	4.662339e+00
6.166667e+00	5.479794e-02	4.696119e+00
6.200000e+00	5.895896e-02	4.714644e+00
6.233333e+00	5.874606e-02	4.713697e+00
6.266667e+00	5.632284e-02	4.702908e+00
6.300000e+00	5.448040e-02	4.694705e+00
6.333333e+00	5.437317e-02	4.694228e+00
6.366667e+00	5.557034e-02	4.699558e+00
6.400000e+00	5.796988e-02	4.710241e+00
6.433333e+00	6.267218e-02	4.731176e+00
6.466667e+00	6.992118e-02	4.763450e+00
6.500000e+00	7.699051e-02	4.794924e+00
6.533333e+00	7.942934e-02	4.805782e+00
6.566667e+00	7.465969e-02	4.784546e+00
6.600000e+00	6.471252e-02	4.740260e+00
6.633333e+00	5.526170e-02	4.698184e+00
6.666667e+00	5.105334e-02	4.679447e+00
6.700000e+00	5.228298e-02	4.684922e+00
6.733333e+00	5.553318e-02	4.699392e+00
6.766667e+00	5.744317e-02	4.707896e+00
6.800000e+00	5.712789e-02	4.706492e+00
6.833333e+00	5.579745e-02	4.700569e+00
6.866667e+00	5.493276e-02	4.696719e+00
6.900000e+00	5.501698e-02	4.697094e+00
6.933333e+00	5.558115e-02	4.699606e+00
6.966667e+00	5.597685e-02	4.701368e+00
7	5.596299e-02	4.701306e+00
7.033333e+00	5.572349e-02	4.700240e+00
7.066667e+00	5.554263e-02	4.699434e+00
7.100000e+00	5.553835e-02	4.699415e+00
7.133333e+00	5.563946e-02	4.699866e+00
7.166667e+00	5.572170e-02	4.700232e+00
7.200000e+00	5.572816e-02	4.700260e+00
7.233333e+00	5.568574e-02	4.700072e+00
7.266667e+00	5.564854e-02	4.699906e+00
7.300000e+00	5.564371e-02	4.699884e+00
7.333333e+00	5.566138e-02	4.699963e+00
7.366667e+00	5.567812e-02	4.700038e+00
7.400000e+00	5.568111e-02	4.700051e+00
7.433333e+00	5.567380e-02	4.700018e+00
7.466667e+00	5.566631e-02	4.699985e+00
7.500000e+00	5.566462e-02	4.699978e+00
7.533333e+00	5.566762e-02	4.699991e+00
7.566667e+00	5.567096e-02	4.700006e+00
7.600000e+00	5.567186e-02	4.700010e+00
7.633333e+00	5.567064e-02	4.700004e+00
7.666667e+00	5.566916e-02	4.699998e+00
7.700000e+00	5.566869e-02	4.699996e+00
7.733333e+00	5.566918e-02	4.699998e+00
7.766667e+00	5.566984e-02	4.700001e+00
7.800000e+00	5.567007e-02	4.700002e+00
7.833333e+00	5.566988e-02	4.700001e+00
7.866667e+00	5.566959e-02	4.700000e+00
7.900000e+00	5.566948e-02	4.699999e+00
7.933333e+00	5.543120e-02	4.698938e+00
7.966667e+00	5.384749e-02	4.691887e+00
8	4.923701e-02	4.671361e+00
8.033333e+00	4.159089e-02	4.637319e+00
8.066667e+00	3.391754e-02	4.603156e+00
8.100000e+00	2.983594e-02	4.584984e+00
8.133333e+00	3.015975e-02	4.586426e+00
8.166667e+00	3.262475e-02	4.597401e+00
8.200000e+00	3.443642e-02	4.605466e+00
8.233333e+00	3.449543e-02	4.605729e+00
8.266667e+00	3.351639e-02	4.601370e+00
8.300000e+00	3.271259e-02	4.597792e+00
8.333333e+00	3.264189e-02	4.597477e+00
8.366667e+00	3.304871e-02	4.599288e+00
8.400000e+00	3.340983e-02	4.600896e+00
8.433333e+00	3.345957e-02	4.601117e+00
8.466667e+00	3.329025e-02	4.600364e+00
8.500000e+00	3.312799e-02	4.599641e+00
8.533333e+00	3.309783e-02	4.599507e+00
8.566667e+00	3.316780e-02	4.599818e+00
8.600000e+00	3.324041e-02	4.600142e+00
8.633333e+00	3.349562e-02	4.601278e+00
8.666667e+00	3.505080e-02	4.608202e+00
8.700000e+00	3.962899e-02	4.628585e+00
8.733333e+00	4.726612e-02	4.662586e+00
8.766667e+00	5.495103e-02	4.696801e+00
8.800000e+00	5.904695e-02	4.715036e+00
8.833333e+00	5.872775e-02	4.713615e+00
8.866667e+00	5.625813e-02	4.702620e+00
8.900000e+00	5.444013e-02	4.694526e+00
8.933333e+00	5.437882e-02	4.694253e+00
8.966667e+00	5.535968e-02	4.698620e+00
9	5.616626e-02	4.702211e+00
9.033333e+00	5.623810e-02	4.702531e+00
9.066667e+00	5.583056e-02	4.700716e+00
9.100000e+00	5.546823e-02	4.699103e+00
9.133333e+00	5.541794e-02	4.698879e+00
9.166667e+00	5.558753e-02	4.699634e+00
9.200000e+00	5.575032e-02	4.700359e+00
9.233333e+00	5.578074e-02	4.700495e+00
9.266667e+00	5.571068e-02	4.700183e+00
9.300000e+00	5.563784e-02	4.699858e+00
9.333333e+00	5.562085e-02	4.699783e+00
9.366667e+00	5.564954e-02	4.699910e+00
9.400000e+00	5.568198e-02	4.700055e+00
9.433333e+00	5.569100e-02	4.700095e+00
9.466667e+00	5.567937e-02	4.700043e+00
9.500000e+00	5.566499e-02	4.699979e+00
9.533333e+00	5.566036e-02	4.699959e+00
9.566667e+00	5.566502e-02	4.699979e+00
9.600000e+00	5.567137e-02	4.700008e+00
9.633333e+00	5.567369e-02	4.700018e+00
9.666667e+00	5.591020e-02	4.701071e+00
9.700000e+00	5.749124e-02	4.708110e+00
9.733333e+00	6.210064e-02	4.728632e+00
9.766667e+00	6.974745e-02	4.762676e+00
9.800000e+00	7.742196e-02	4.796845e+00
9.833333e+00	8.150409e-02	4.815019e+00
9.866667e+00	8.118001e-02	4.813576e+00
9.900000e+00	7.871451e-02	4.802599e+00
9.933333e+00	7.666423e-02	4.793471e+00
9.966667e+00	7.502149e-02	4.786157e+00
10	7.139021e-02	4.769990e+00
1.003333e+01	6.454803e-02	4.739528e+00
1.006667e+01	5.694541e-02	4.705680e+00
1.010000e+01	5.245691e-02	4.685696e+00
1.013333e+01	5.239968e-02	4.685442e+00
1.016667e+01	5.466307e-02	4.695519e+00
1.020000e+01	5.610803e-02	4.701952e+00
1.023333e+01	5.515610e-02	4.697714e+00
1.026667e+01	5.239455e-02	4.685419e+00
1.030000e+01	4.936797e-02	4.671944e+00
1.033333e+01	4.709882e-02	4.661841e+00
1.036667e+01	4.556837e-02	4.655028e+00
1.040000e+01	4.418870e-02	4.648885e+00
1.043333e+01	4.250628e-02	4.641395e+00
1.046667e+01	4.051968e-02	4.632550e+00
1.050000e+01	3.858456e-02	4.623935e+00
1.053333e+01	3.735577e-02	4.618464e+00
1.056667e+01	3.802914e-02	4.621462e+00
1.060000e+01	4.190621e-02	4.638723e+00
1.063333e+01	4.860312e-02	4.668539e+00
1.066667e+01	5.523205e-02	4.698052e+00
1.070000e+01	5.864112e-02	4.713229e+00
1.073333e+01	5.824799e-02	4.711479e+00
1.076667e+01	5.609370e-02	4.701888e+00
1.080000e+01	5.457604e-02	4.695131e+00
1.083333e+01	5.457807e-02	4.695140e+00
1.086667e+01	5.543871e-02	4.698972e+00
1.090000e+01	5.611424e-02	4.701979e+00
1.093333e+01	5.615178e-02	4.702146e+00
1.096667e+01	5.579262e-02	4.700547e+00
11	5.548816e-02	4.699192e+00
1.103333e+01	5.545556e-02	4.699047e+00
1.106667e+01	5.560568e-02	4.699715e+00
1.110000e+01	5.550454e-02	4.699265e+00
1.113333e+01	5.394221e-02	4.692309e+00
1.116667e+01	4.926935e-02	4.671505e+00
1.120000e+01	4.156167e-02	4.637189e+00
1.123333e+01	3.387581e-02	4.602971e+00
1.126667e+01	2.981989e-02	4.584913e+00
1.130000e+01	3.017121e-02	4.586477e+00
1.133333e+01	3.264305e-02	4.597482e+00
1.136667e+01	3.444424e-02	4.605501e+00
1.140000e+01	3.449102e-02	4.605710e+00
1.143333e+01	3.350840e-02	4.601335e+00
1.146667e+01	3.270883e-02	4.597775e+00
1.150000e+01	3.264354e-02	4.597484e+00
1.153333e+01	3.305219e-02	4.599304e+00
1.156667e+01	3.364997e-02	4.601965e+00
1.160000e+01	3.528116e-02	4.609227e+00
1.163333e+01	3.972147e-02	4.628996e+00
1.166667e+01	4.720597e-02	4.662318e+00
1.170000e+01	5.485015e-02	4.696351e+00
1.173333e+01	5.900213e-02	4.714837e+00
1.176667e+01	5.875068e-02	4.713717e+00
1.180000e+01	5.630211e-02	4.702816e+00
1.183333e+01	5.446159e-02	4.694621e+00
1.186667e+01	5.437033e-02	4.694215e+00
1.190000e+01	5.534059e-02	4.698535e+00
1.193333e+01	5.615610e-02	4.702166e+00
1.196667e+01	5.624112e-02	4.702544e+00
12	5.583881e-02	4.700753e+00
1.203333e+01	5.547300e-02	4.699124e+00
1.206667e+01	5.541693e-02	4.698875e+00
1.210000e+01	5.558398e-02	4.699619e+00
1.213333e+01	5.574810e-02	4.700349e+00
1.216667e+01	5.578104e-02	4.700496e+00
1.220000e+01	5.571220e-02	4.700189e+00
1.223333e+01	5.563886e-02	4.699863e+00
1.226667e+01	5.562078e-02	4.699782e+00
1.230000e+01	5.564889e-02	4.699908e+00
1.233333e+01	5.568151e-02	4.700053e+00
1.236667e+01	5.569101e-02	4.700095e+00
1.240000e+01	5.567965e-02	4.700044e+00
1.243333e+01	5.566520e-02	4.699980e+00
1.246667e+01	5.566037e-02	4.699959e+00
1.250000e+01	5.566490e-02	4.699979e+00
1.253333e+01	5.567127e-02	4.700007e+00
1.256667e+01	5.591203e-02	4.701079e+00
1.260000e+01	5.749408e-02	4.708123e+00
1.263333e+01	6.210182e-02	4.728637e+00
1.266667e+01	6.974674e-02	4.762673e+00
1.270000e+01	7.718236e-02	4.795778e+00
1.273333e+01	7.968133e-02	4.806904e+00
1.276667e+01	7.474756e-02	4.784938e+00
1.280000e+01	6.463623e-02	4.739921e+00
1.283333e+01	5.515075e-02	4.697690e+00
1.286667e+01	5.100989e-02	4.679254e+00
1.290000e+01	5.231281e-02	4.685055e+00
1.293333e+01	5.558181e-02	4.699609e+00
1.296667e+01	5.746430e-02	4.707990e+00
13	5.711646e-02	4.706441e+00
1.303333e+01	5.577623e-02	4.700474e+00
1.306667e+01	5.492262e-02	4.696674e+00
1.310000e+01	5.502125e-02	4.697113e+00
1.313333e+01	5.559037e-02	4.699647e+00
1.316667e+01	5.598167e-02	4.701389e+00
1.320000e+01	5.596145e-02	4.701299e+00
1.323333e+01	5.571950e-02	4.700222e+00
1.326667e+01	5.554037e-02	4.699424e+00
1.330000e+01	5.553887e-02	4.699418e+00
1.333333e+01	5.564118e-02	4.699873e+00
1.336667e+01	5.572276e-02	4.700236e+00
1.340000e+01	5.572800e-02	4.700260e+00
1.343333e+01	5.568500e-02	4.700068e+00
1.346667e+01	5.564805e-02	4.699904e+00
1.350000e+01	5.564375e-02	4.699885e+00
1.353333e+01	5.566170e-02	4.699965e+00
1.356667e+01	5.567835e-02	4.700039e+00
1.360000e+01	5.568111e-02	4.700051e+00
1.363333e+01	5.567367e-02	4.700018e+00
1.366667e+01	5.566620e-02	4.699985e+00
1.370000e+01	5.566461e-02	4.699978e+00
1.373333e+01	5.566767e-02	4.699991e+00
1.376667e+01	5.567100e-02	4.700006e+00
1.380000e+01	5.567186e-02	4.700010e+00
1.383333e+01	5.567062e-02	4.700004e+00
1.386667e+01	5.566914e-02	4.699998e+00
1.390000e+01	5.566869e-02	4.699996e+00
1.393333e+01	5.566919e-02	4.699998e+00
1.396667e+01	5.543149e-02	4.698940e+00
14	5.384789e-02	4.691889e+00
1.403333e+01	4.923715e-02	4.671362e+00
1.406667e+01	4.159077e-02	4.637319e+00
1.410000e+01	3.391737e-02	4.603156e+00
1.413333e+01	2.983587e-02	4.584984e+00
1.416667e+01	3.015980e-02	4.586426e+00
1.420000e+01	3.262482e-02	4.597401e+00
1.423333e+01	3.443645e-02	4.605467e+00
1.426667e+01	3.449541e-02	4.605729e+00
1.430000e+01	3.351636e-02	4.601370e+00
1.433333e+01	3.271257e-02	4.597792e+00
1.436667e+01	3.264189e-02	4.597477e+00
1.440000e+01	3.304873e-02	4.599288e+00
1.443333e+01	3.342686e-02	4.600972e+00
1.446667e+01	3.360675e-02	4.601773e+00
1.450000e+01	3.389691e-02	4.603064e+00
1.453333e+01	3.474028e-02	4.606819e+00
1.456667e+01	3.626385e-02	4.613602e+00
1.460000e+01	3.817907e-02	4.622129e+00
1.463333e+01	4.007382e-02	4.630565e+00
1.466667e+01	4.173674e-02	4.637969e+00
1.470000e+01	4.322475e-02	4.644593e+00
1.473333e+01	4.470485e-02	4.651183e+00
1.476667e+01	4.627827e-02	4.658188e+00
1.480000e+01	4.792967e-02	4.665540e+00
1.483333e+01	4.958886e-02	4.672927e+00
1.486667e+01	5.120924e-02	4.680142e+00
1.490000e+01	5.277755e-02	4.687124e+00
1.493333e+01	5.422749e-02	4.693579e+00
1.496667e+01	5.536424e-02	4.698640e+00
15	5.597057e-02	4.701340e+00
1.503333e+01	5.603190e-02	4.701613e+00
1.506667e+01	5.579505e-02	4.700558e+00
1.510000e+01	5.557429e-02	4.699575e+00
1.513333e+01	5.552789e-02	4.699369e+00
1.516667e+01	5.561361e-02	4.699750e+00
1.520000e+01	5.570668e-02	4.700165e+00
1.523333e+01	5.571238e-02	4.700190e+00
1.526667e+01	5.553774e-02	4.699413e+00
1.530000e+01	5.500200e-02	4.697027e+00
1.533333e+01	5.390670e-02	4.692151e+00
1.536667e+01	5.224738e-02	4.684764e+00
1.540000e+01	5.027826e-02	4.675997e+00
1.543333e+01	4.832218e-02	4.667288e+00
1.546667e+01	4.654395e-02	4.659371e+00
1.550000e+01	4.490266e-02	4.652064e+00
1.553333e+01	4.327079e-02	4.644798e+00
1.556667e+01	4.156886e-02	4.637221e+00
1.560000e+01	3.980643e-02	4.629375e+00
1.563333e+01	3.803656e-02	4.621495e+00
1.566667e+01	3.631399e-02	4.613826e+00
1.570000e+01	3.474034e-02	4.606820e+00
1.573333e+01	3.352597e-02	4.601413e+00
1.576667e+01	3.288778e-02	4.598572e+00
1.580000e+01	3.282771e-02	4.598304e+00
1.583333e+01	3.307896e-02	4.599423e+00
1.586667e+01	3.331024e-02	4.600453e+00
1.590000e+01	3.335731e-02	4.600662e+00
1.593333e+01	3.324811e-02	4.600176e+00
1.596667e+01	3.301053e-02	4.599118e+00
16	3.249121e-02	4.596806e+00
1.603333e+01	3.144481e-02	4.592147e+00
1.606667e+01	2.981441e-02	4.584889e+00
1.610000e+01	2.783981e-02	4.576097e+00
1.613333e+01	2.586271e-02	4.567295e+00
1.616667e+01	2.407108e-02	4.559318e+00
1.620000e+01	2.243136e-02	4.552018e+00
1.623333e+01	2.080848e-02	4.544793e+00
1.626667e+01	1.911274e-02	4.537243e+00
1.630000e+01	1.734998e-02	4.529395e+00
1.633333e+01	1.557630e-02	4.521498e+00
1.636667e+01	1.385089e-02	4.513817e+00
1.640000e+01	1.227722e-02	4.506810e+00
1.643333e+01	1.106447e-02	4.501411e+00
1.646667e+01	1.042756e-02	4.498575e+00
1.650000e+01	1.036757e-02	4.498308e+00
1.653333e+01	1.061815e-02	4.499424e+00
1.656667e+01	1.084884e-02	4.500451e+00
1.660000e+01	1.089584e-02	4.500660e+00
1.663333e+01	1.080526e-02	4.500257e+00
1.666667e+01	1.070812e-02	4.499824e+00
1.670000e+01	1.068366e-02	4.499716e+00
1.673333e+01	1.072013e-02	4.499878e+00
1.676667e+01	1.076285e-02	4.500068e+00
1.680000e+01	1.077543e-02	4.500124e+00
1.683333e+01	1.076068e-02	4.500058e+00
1.686667e+01	1.074179e-02	4.499974e+00
1.690000e+01	1.073541e-02	4.499946e+00
1.693333e+01	1.074130e-02	4.499972e+00
1.696667e+01	1.074963e-02	4.500009e+00
17	1.075279e-02	4.500023e+00
1.703333e+01	1.075048e-02	4.500013e+00
1.706667e+01	1.074683e-02	4.499997e+00
1.710000e+01	1.074528e-02	4.499990e+00
1.713333e+01	1.074617e-02	4.499994e+00
1.716667e+01	1.074777e-02	4.500001e+00
1.720000e+01	1.074851e-02	4.500004e+00
1.723333e+01	1.074818e-02	4.500003e+00
1.726667e+01	1.074748e-02	4.500000e+00
1.730000e+01	1.074713e-02	4.499998e+00
1.733333e+01	1.074725e-02	4.499999e+00
1.736667e+01	1.074755e-02	4.500000e+00
1.740000e+01	1.074772e-02	4.500001e+00
1.743333e+01	1.074768e-02	4.500001e+00
1.746667e+01	1.074755e-02	4.500000e+00
1.750000e+01	1.098582e-02	4.501061e+00
1.753333e+01	1.256967e-02	4.508112e+00
1.756667e+01	1.718026e-02	4.528639e+00
1.760000e+01	2.482639e-02	4.562681e+00
1.763333e+01	3.249968e-02	4.596844e+00
1.766667e+01	3.658123e-02	4.615015e+00
1.770000e+01	3.625741e-02	4.613574e+00
1.773333e+01	3.355409e-02	4.601538e+00
1.776667e+01	3.015860e-02	4.586421e+00
1.780000e+01	2.548907e-02	4.565631e+00
1.783333e+01	1.882200e-02	4.535949e+00
1.786667e+01	1.195250e-02	4.505365e+00
1.790000e+01	7.941618e-03	4.487508e+00
1.793333e+01	7.858600e-03	4.487138e+00
1.796667e+01	9.962462e-03	4.496505e+00
18	1.172438e-02	4.504349e+00
1.803333e+01	1.195271e-02	4.505366e+00
1.806667e+01	1.113594e-02	4.501729e+00
1.810000e+01	1.036230e-02	4.498285e+00
1.813333e+01	1.022164e-02	4.497659e+00
1.816667e+01	1.055585e-02	4.499147e+00
1.820000e+01	1.090010e-02	4.500679e+00
1.823333e+01	1.097850e-02	4.501028e+00
1.826667e+01	1.084153e-02	4.500418e+00
1.830000e+01	1.068823e-02	4.499736e+00
1.833333e+01	1.040810e-02	4.498489e+00
1.836667e+01	8.879882e-03	4.491685e+00
1.840000e+01	4.099002e-03	4.470400e+00
1.843333e+01	-5.109409e-03	4.429402e+00
1.846667e+01	-1.741555e-02	4.374614e+00
1.850000e+01	-2.917327e-02	4.322267e+00
1.853333e+01	-3.653356e-02	4.289497e+00
1.856667e+01	-3.814133e-02	4.282339e+00
1.860000e+01	-3.599266e-02	4.291906e+00
1.863333e+01	-3.346336e-02	4.303166e+00
1.866667e+01	-3.263416e-02	4.306858e+00
1.870000e+01	-3.338473e-02	4.303517e+00
1.873333e+01	-3.443703e-02	4.298831e+00
1.876667e+01	-3.483270e-02	4.297070e+00
1.880000e+01	-3.453977e-02	4.298374e+00
1.883333e+01	-3.408197e-02	4.300412e+00
1.886667e+01	-3.389066e-02	4.301264e+00
1.890000e+01	-3.400426e-02	4.300758e+00
1.893333e+01	-3.420432e-02	4.299868e+00
1.896667e+01	-3.429645e-02	4.299457e+00
19	-3.425353e-02	4.299648e+00
1.903333e+01	-3.416643e-02	4.300036e+00
1.906667e+01	-3.412253e-02	4.300232e+00
1.910000e+01	-3.413822e-02	4.300162e+00
1.913333e+01	-3.417596e-02	4.299994e+00
1.916667e+01	-3.419667e-02	4.299902e+00
1.920000e+01	-3.419120e-02	4.299926e+00
1.923333e+01	-3.417492e-02	4.299998e+00
1.926667e+01	-3.416524e-02	4.300042e+00
1.930000e+01	-3.416701e-02	4.300034e+00
1.933333e+01	-3.393564e-02	4.301064e+00
1.936667e+01	-3.235630e-02	4.308095e+00
1.940000e+01	-2.774527e-02	4.328624e+00
1.943333e+01	-2.009619e-02	4.362679e+00
1.946667e+01	-1.242083e-02	4.396851e+00
1.950000e+01	-8.339345e-03	4.415022e+00
1.953333e+01	-8.426061e-03	4.414636e+00
1.956667e+01	-9.308149e-03	4.410709e+00
1.960000e+01	-6.509291e-03	4.423170e+00
1.963333e+01	1.078331e-03	4.456951e+00
1.966667e+01	9.731078e-03	4.495475e+00
1.970000e+01	1.461648e-02	4.517225e+00
1.973333e+01	1.436316e-02	4.516097e+00
1.976667e+01	1.149117e-02	4.503311e+00
1.980000e+01	9.318374e-03	4.493637e+00
1.983333e+01	9.209708e-03	4.493153e+00
1.986667e+01	1.035814e-02	4.498266e+00
1.990000e+01	1.132421e-02	4.502567e+00
1.993333e+01	1.142503e-02	4.503016e+00
1.996667e+01	1.118657e-02	4.501955e+00
20	1.233667e-02	4.507075e+00
2.003333e+01	1.688061e-02	4.527305e+00
2.006667e+01	2.472469e-02	4.562228e+00
2.010000e+01	3.259260e-02	4.597257e+00
2.013333e+01	3.671329e-02	4.615603e+00
2.016667e+01	3.630790e-02	4.613799e+00
2.020000e+01	3.375597e-02	4.602437e+00
2.023333e+01	3.192285e-02	4.594276e+00
2.026667e+01	3.189715e-02	4.594161e+00
2.030000e+01	3.339156e-02	4.600815e+00
2.033333e+01	3.737429e-02	4.618546e+00
2.036667e+01	4.665260e-02	4.659855e+00
2.040000e+01	6.152084e-02	4.726050e+00
2.043333e+01	7.650058e-02	4.792742e+00
2.046667e+01	8.485771e-02	4.829950e+00
2.050000e+01	8.597081e-02	4.834905e+00
2.053333e+01	8.581651e-02	4.834218e+00
2.056667e+01	8.962898e-02	4.851192e+00
2.060000e+01	9.552714e-02	4.877452e+00
2.063333e+01	9.688223e-02	4.883485e+00
2.066667e+01	9.050388e-02	4.855087e+00
2.070000e+01	8.029877e-02	4.809653e+00
2.073333e+01	7.202518e-02	4.772817e+00
2.076667e+01	6.684439e-02	4.749752e+00
2.080000e+01	6.210170e-02	4.728636e+00
2.083333e+01	5.642925e-02	4.703382e+00
2.086667e+01	5.134728e-02	4.680756e+00
2.090000e+01	4.862823e-02	4.668651e+00
2.093333e+01	4.809420e-02	4.666273e+00
2.096667e+01	4.810613e-02	4.666326e+00
21	4.729005e-02	4.662693e+00
2.103333e+01	4.547723e-02	4.654622e+00
2.106667e+01	4.334003e-02	4.645107e+00
2.110000e+01	4.151826e-02	4.636996e+00
2.113333e+01	4.013304e-02	4.630829e+00
2.116667e+01	3.891093e-02	4.625388e+00
2.120000e+01	3.758170e-02	4.619470e+00
2.123333e+01	3.616691e-02	4.613171e+00
2.126667e+01	3.520222e-02	4.608876e+00
2.130000e+01	3.605057e-02	4.612653e+00
2.133333e+01	4.031892e-02	4.631656e+00
2.136667e+01	4.773100e-02	4.664656e+00
2.140000e+01	5.512894e-02	4.697593e+00
2.143333e+01	5.897393e-02	4.714711e+00
2.146667e+01	5.856814e-02	4.712904e+00
2.150000e+01	5.616654e-02	4.702212e+00
2.153333e+01	5.445572e-02	4.694595e+00
2.156667e+01	5.444294e-02	4.694538e+00
2.160000e+01	5.538552e-02	4.698735e+00
2.163333e+01	5.602506e-02	4.701582e+00
2.166667e+01	5.564489e-02	4.699890e+00
2.170000e+01	5.430671e-02	4.693932e+00
2.173333e+01	5.251385e-02	4.685950e+00
2.176667e+01	5.075218e-02	4.678107e+00
2.180000e+01	4.921837e-02	4.671278e+00
2.183333e+01	4.783639e-02	4.665125e+00
2.186667e+01	4.644618e-02	4.658936e+00
2.190000e+01	4.496538e-02	4.652343e+00
2.193333e+01	4.341928e-02	4.645459e+00
2.196667e+01	4.187418e-02	4.638580e+00
22	4.036744e-02	4.631872e+00
2.203333e+01	3.889028e-02	4.625296e+00
2.206667e+01	3.741423e-02	4.618724e+00
2.210000e+01	3.593785e-02	4.612151e+00
2.213333e+01	3.455364e-02	4.605988e+00
2.216667e+01	3.347558e-02	4.601189e+00
2.220000e+01	3.291405e-02	4.598689e+00
2.223333e+01	3.287014e-02	4.598493e+00
2.226667e+01	3.309920e-02	4.599513e+00
2.230000e+01	3.354219e-02	4.601485e+00
2.233333e+01	3.516361e-02	4.608704e+00
2.236667e+01	3.969043e-02	4.628858e+00
2.240000e+01	4.725004e-02	4.662515e+00
2.243333e+01	5.466499e-02	4.695527e+00
2.246667e+01	5.719662e-02	4.706798e+00
2.250000e+01	5.230040e-02	4.685000e+00
2.253333e+01	4.212530e-02	4.639699e+00
2.256667e+01	3.205715e-02	4.594874e+00
2.260000e+01	2.596392e-02	4.567746e+00
2.263333e+01	2.350567e-02	4.556801e+00
2.266667e+01	2.248761e-02	4.552269e+00
2.270000e+01	2.221932e-02	4.551074e+00
2.273333e+01	2.358425e-02	4.557151e+00
2.276667e+01	2.695211e-02	4.572145e+00
2.280000e+01	3.109663e-02	4.590597e+00
2.283333e+01	3.407522e-02	4.603858e+00
2.286667e+01	3.486284e-02	4.607365e+00
2.290000e+01	3.403108e-02	4.603662e+00
2.293333e+01	3.294948e-02	4.598846e+00
2.296667e+01	3.255207e-02	4.597077e+00
23	3.284504e-02	4.598381e+00
2.303333e+01	3.329967e-02	4.600405e+00
2.306667e+01	3.348878e-02	4.601247e+00
2.310000e+01	3.337625e-02	4.600746e+00
2.313333e+01	3.317883e-02	4.599867e+00
2.316667e+01	3.308830e-02	4.599464e+00
2.320000e+01	3.313095e-02	4.599654e+00
2.323333e+01	3.318020e-02	4.599874e+00
2.326667e+01	3.294299e-02	4.598817e+00
2.330000e+01	3.193771e-02	4.594342e+00
2.333333e+01	2.973449e-02	4.584533e+00
2.336667e+01	2.636766e-02	4.569543e+00
2.340000e+01	2.239871e-02	4.551873e+00
2.343333e+01	1.849018e-02	4.534471e+00
2.346667e+01	1.495433e-02	4.518729e+00
2.350000e+01	1.168590e-02	4.504178e+00
2.353333e+01	8.421429e-03	4.489644e+00
2.356667e+01	5.008817e-03	4.474450e+00
2.360000e+01	1.514133e-03	4.458891e+00
2.363333e+01	-1.745315e-03	4.444380e+00
2.366667e+01	-4.068760e-03	4.434036e+00
2.370000e+01	-4.230976e-03	4.433313e+00
2.373333e+01	-1.110779e-03	4.447205e+00
2.376667e+01	4.713168e-03	4.473134e+00
2.380000e+01	1.072044e-02	4.499879e+00
2.383333e+01	1.520329e-02	4.519838e+00
2.386667e+01	1.939491e-02	4.538499e+00
2.390000e+01	2.514144e-02	4.564084e+00
2.393333e+01	3.152041e-02	4.592484e+00
2.396667e+01	3.564033e-02	4.610826e+00
24	3.607958e-02	4.612782e+00
2.403333e+01	3.419250e-02	4.604380e+00
2.406667e+01	3.239743e-02	4.596389e+00
2.410000e+01	3.201889e-02	4.594703e+00
2.413333e+01	3.273674e-02	4.597899e+00
2.416667e+01	3.351917e-02	4.601383e+00
2.420000e+01	3.372386e-02	4.602294e+00
2.423333e+01	3.343505e-02	4.601008e+00
2.426667e+01	3.308961e-02	4.599470e+00
2.430000e+01	3.298403e-02	4.599000e+00
2.433333e+01	3.310026e-02	4.599518e+00
2.436667e+01	3.325290e-02	4.600197e+00
2.440000e+01	3.334281e-02	4.600598e+00
2.443333e+01	3.354028e-02	4.601477e+00
2.446667e+01	3.418240e-02	4.604336e+00
2.450000e+01	3.536907e-02	4.609619e+00
2.453333e+01	3.684797e-02	4.616203e+00
2.456667e+01	3.849501e-02	4.623536e+00
2.460000e+01	4.062397e-02	4.633014e+00
2.463333e+01	4.358430e-02	4.646194e+00
2.466667e+01	4.726714e-02	4.662591e+00
2.470000e+01	5.117652e-02	4.679996e+00
2.473333e+01	5.487509e-02	4.696462e+00
2.476667e+01	5.827099e-02	4.711582e+00
2.480000e+01	6.154236e-02	4.726146e+00
2.483333e+01	6.488704e-02	4.741037e+00
2.486667e+01	6.836092e-02	4.756503e+00
2.490000e+01	7.185796e-02	4.772073e+00
2.493333e+01	7.508413e-02	4.786436e+00
2.496667e+01	7.778343e-02	4.798454e+00
25	8.086186e-02	4.812159e+00
2.503333e+01	8.714187e-02	4.840119e+00
2.506667e+01	9.888042e-02	4.892381e+00
2.510000e+01	1.137449e-01	4.958560e+00
2.513333e+01	1.255490e-01	5.011113e+00
2.516667e+01	1.303488e-01	5.032483e+00
2.520000e+01	1.302346e-01	5.031974e+00
2.523333e+01	1.300626e-01	5.031208e+00
2.526667e+01	1.318265e-01	5.039062e+00
2.530000e+01	1.333751e-01	5.045956e+00
2.533333e+01	1.317122e-01	5.038553e+00
2.536667e+01	1.262710e-01	5.014328e+00
2.540000e+01	1.190353e-01	4.982113e+00
2.543333e+01	1.123602e-01	4.952395e+00
2.546667e+01	1.071459e-01	4.929180e+00
2.550000e+01	1.027817e-01	4.909750e+00
2.553333e+01	9.825916e-02	4.889615e+00
2.556667e+01	9.312523e-02	4.866758e+00
2.560000e+01	8.765551e-02	4.842406e+00
2.563333e+01	8.259544e-02	4.819878e+00
2.566667e+01	7.885945e-02	4.803244e+00
2.570000e+01	7.706748e-02	4.795266e+00
2.573333e+01	7.703763e-02	4.795133e+00
2.576667e+01	7.783915e-02	4.798702e+00
2.580000e+01	7.896048e-02	4.803694e+00
2.583333e+01	8.220295e-02	4.818130e+00
2.586667e+01	9.112747e-02	4.857864e+00
2.590000e+01	1.061469e-01	4.924732e+00
2.593333e+01	1.214492e-01	4.992860e+00
2.596667e+01	1.297339e-01	5.029745e+00
26	1.292072e-01	5.027400e+00
2.603333e+01	1.243023e-01	5.005563e+00
2.606667e+01	1.206289e-01	4.989208e+00
2.610000e+01	1.204569e-01	4.988443e+00
2.613333e+01	1.224014e-01	4.997100e+00
2.616667e+01	1.240294e-01	5.004348e+00
2.620000e+01	1.241948e-01	5.005084e+00
2.623333e+01	1.233883e-01	5.001493e+00
2.626667e+01	1.226578e-01	4.998241e+00
2.630000e+01	1.225477e-01	4.997751e+00
2.633333e+01	1.228827e-01	4.999243e+00
2.636667e+01	1.232105e-01	5.000702e+00
2.640000e+01	1.235139e-01	5.002053e+00
2.643333e+01	1.249596e-01	5.008489e+00
2.646667e+01	1.294236e-01	5.028364e+00
2.650000e+01	1.370339e-01	5.062246e+00
2.653333e+01	1.447636e-01	5.096660e+00
2.656667e+01	1.489104e-01	5.115122e+00
2.660000e+01	1.487802e-01	5.114542e+00
2.663333e+01	1.474539e-01	5.108637e+00
2.666667e+01	1.489944e-01	5.115496e+00
2.670000e+01	1.545012e-01	5.140013e+00
2.673333e+01	1.608734e-01	5.168383e+00
2.676667e+01	1.638254e-01	5.181526e+00
2.680000e+01	1.617863e-01	5.172447e+00
2.683333e+01	1.566679e-01	5.149660e+00
2.686667e+01	1.515282e-01	5.126777e+00
2.690000e+01	1.480315e-01	5.111209e+00
2.693333e+01	1.458475e-01	5.101485e+00
2.696667e+01	1.437706e-01	5.092239e+00
27	1.410305e-01	5.080039e+00
2.703333e+01	1.377079e-01	5.065247e+00
2.706667e+01	1.343085e-01	5.050112e+00
2.710000e+01	1.311842e-01	5.036202e+00
2.713333e+01	1.283529e-01	5.023597e+00
2.716667e+01	1.257796e-01	5.012140e+00
2.720000e+01	1.237073e-01	5.002914e+00
2.723333e+01	1.225376e-01	4.997706e+00
2.726667e+01	1.223645e-01	4.996936e+00
2.730000e+01	1.227824e-01	4.998796e+00
2.733333e+01	1.232091e-01	5.000696e+00
2.736667e+01	1.233055e-01	5.001125e+00
2.740000e+01	1.230357e-01	4.999924e+00
2.743333e+01	1.224276e-01	4.997216e+00
2.746667e+01	1.214330e-01	4.992788e+00
2.750000e+01	1.200416e-01	4.986594e+00
2.753333e+01	1.183977e-01	4.979275e+00
2.756667e+01	1.167249e-01	4.971827e+00
2.760000e+01	1.151652e-01	4.964883e+00
2.763333e+01	1.137152e-01	4.958428e+00
2.766667e+01	1.122899e-01	4.952082e+00
2.770000e+01	1.108221e-01	4.945547e+00
2.773333e+01	1.093068e-01	4.938800e+00
2.776667e+01	1.077782e-01	4.931995e+00
2.780000e+01	1.062667e-01	4.925266e+00
2.783333e+01	1.047761e-01	4.918629e+00
2.786667e+01	1.033081e-01	4.912094e+00
2.790000e+01	1.019389e-01	4.905998e+00
2.793333e+01	1.008679e-01	4.901229e+00
2.796667e+01	1.003032e-01	4.898715e+00
28	1.002527e-01	4.898491e+00
2.803333e+01	1.004785e-01	4.899496e+00
2.806667e+01	1.006843e-01	4.900412e+00
2.810000e+01	1.007247e-01	4.900592e+00
2.813333e+01	1.006425e-01	4.900226e+00
2.816667e+01	1.005557e-01	4.899839e+00
2.820000e+01	1.005344e-01	4.899745e+00
2.823333e+01	1.005676e-01	4.899892e+00
2.826667e+01	1.006058e-01	4.900063e+00
2.830000e+01	1.006168e-01	4.900112e+00
2.833333e+01	1.006034e-01	4.900052e+00
2.836667e+01	1.005865e-01	4.899976e+00
2.840000e+01	1.005809e-01	4.899951e+00
2.843333e+01	1.005862e-01	4.899975e+00
2.846667e+01	1.005937e-01	4.900009e+00
2.850000e+01	1.005965e-01	4.900021e+00
2.853333e+01	1.005944e-01	4.900012e+00
2.856667e+01	1.005911e-01	4.899997e+00
2.860000e+01	1.005897e-01	4.899991e+00
2.863333e+01	1.005905e-01	4.899995e+00
2.866667e+01	1.005920e-01	4.900001e+00
2.870000e+01	1.005926e-01	4.900004e+00
2.873333e+01	1.005923e-01	4.900003e+00
2.876667e+01	1.005917e-01	4.900000e+00
2.880000e+01	1.005914e-01	4.899998e+00
2.883333e+01	1.005915e-01	4.899999e+00
2.886667e+01	1.005918e-01	4.900000e+00
2.890000e+01	1.003536e-01	4.898940e+00
2.893333e+01	9.900806e-02	4.892949e+00
2.896667e+01	9.598124e-02	4.879473e+00
29	9.294561e-02	4.865958e+00
2.903333e+01	9.268007e-02	4.864776e+00
2.906667e+01	9.492635e-02	4.874777e+00
2.910000e+01	9.630506e-02	4.880915e+00
2.913333e+01	9.517231e-02	4.875872e+00
2.916667e+01	9.290795e-02	4.865791e+00
2.920000e+01	9.013647e-02	4.853451e+00
2.923333e+01	8.585772e-02	4.834402e+00
2.926667e+01	8.050083e-02	4.810552e+00
2.930000e+01	7.649905e-02	4.792736e+00
2.933333e+01	7.554772e-02	4.788500e+00
2.936667e+01	7.692894e-02	4.794650e+00
2.940000e+01	7.860447e-02	4.802109e+00
2.943333e+01	7.917750e-02	4.804660e+00
2.946667e+01	7.870140e-02	4.802541e+00
2.950000e+01	7.812417e-02	4.799971e+00
2.953333e+01	7.833704e-02	4.800919e+00
2.956667e+01	7.961043e-02	4.806588e+00
2.960000e+01	8.159609e-02	4.815428e+00
2.963333e+01	8.371963e-02	4.824883e+00
2.966667e+01	8.560904e-02	4.833295e+00
2.970000e+01	8.724550e-02	4.840580e+00
2.973333e+01	8.881350e-02	4.847561e+00
2.976667e+01	9.046946e-02	4.854934e+00
2.980000e+01	9.223273e-02	4.862784e+00
2.983333e+01	9.402964e-02	4.870784e+00
2.986667e+01	9.579126e-02	4.878627e+00
2.990000e+01	9.748741e-02	4.886179e+00
2.993333e+01	9.904498e-02	4.893113e+00
2.996667e+01	1.002619e-01	4.898531e+00
30	1.009114e-01	4.901423e+00
3.003333e+01	1.009790e-01	4.901724e+00
3.006667e+01	1.007270e-01	4.900602e+00
3.010000e+01	1.004909e-01	4.899551e+00
3.013333e+01	1.004404e-01	4.899326e+00
3.016667e+01	1.005314e-01	4.899731e+00
3.020000e+01	1.006308e-01	4.900174e+00
3.023333e+01	1.006569e-01	4.900290e+00
3.026667e+01	1.006204e-01	4.900127e+00
3.030000e+01	1.005767e-01	4.899933e+00
3.033333e+01	1.005634e-01	4.899873e+00
3.036667e+01	1.005781e-01	4.899939e+00
3.040000e+01	1.005974e-01	4.900025e+00
3.043333e+01	1.006041e-01	4.900055e+00
3.046667e+01	1.005983e-01	4.900029e+00
3.050000e+01	1.005897e-01	4.899991e+00
3.053333e+01	1.005864e-01	4.899976e+00
3.056667e+01	1.005887e-01	4.899986e+00
3.060000e+01	1.005925e-01	4.900003e+00
3.063333e+01	1.005941e-01	4.900010e+00
3.066667e+01	1.005932e-01	4.900006e+00
3.070000e+01	1.005916e-01	4.899999e+00
3.073333e+01	1.005908e-01	4.899996e+00
3.076667e+01	1.005911e-01	4.899997e+00
3.080000e+01	1.005918e-01	4.900000e+00
3.083333e+01	1.005922e-01	4.900002e+00
3.086667e+01	1.005921e-01	4.900001e+00
3.090000e+01	1.005918e-01	4.900000e+00
3.093333e+01	1.005916e-01	4.899999e+00
3.096667e+01	1.005916e-01	4.899999e+00
31	1.008301e-01	4.901061e+00
3.103333e+01	1.024140e-01	4.908113e+00
3.106667e+01	1.070246e-01	4.928640e+00
3.110000e+01	1.146706e-01	4.962681e+00
3.113333e+01	1.223438e-01	4.996844e+00
3.116667e+01	1.264254e-01	5.015015e+00
3.120000e+01	1.261016e-01	5.013574e+00
3.123333e+01	1.236367e-01	5.002599e+00
3.126667e+01	1.218250e-01	4.994534e+00
3.130000e+01	1.217660e-01	4.994271e+00
3.133333e+01	1.225067e-01	4.997568e+00
3.136667e+01	1.217266e-01	4.994096e+00
3.140000e+01	1.171685e-01	4.973802e+00
3.143333e+01	1.089754e-01	4.937325e+00
3.146667e+01	1.004462e-01	4.899352e+00
3.150000e+01	9.523185e-02	4.876137e+00
3.153333e+01	9.405173e-02	4.870883e+00
3.156667e+01	9.469176e-02	4.873732e+00
3.160000e+01	9.457128e-02	4.873196e+00
3.163333e+01	9.278765e-02	4.865255e+00
3.166667e+01	9.010268e-02	4.853301e+00
3.170000e+01	8.765324e-02	4.842396e+00
3.173333e+01	8.590709e-02	4.834622e+00
3.176667e+01	8.459866e-02	4.828796e+00
3.180000e+01	8.331920e-02	4.823100e+00
3.183333e+01	8.197192e-02	4.817102e+00
3.186667e+01	8.068246e-02	4.811361e+00
3.190000e+01	7.953755e-02	4.806263e+00
3.193333e+01	7.859935e-02	4.802086e+00
3.196667e+01	7.799974e-02	4.799417e+00
32	7.782199e-02	4.798626e+00
3.203333e+01	7.795395e-02	4.799213e+00
3.206667e+01	7.815494e-02	4.800108e+00
3.210000e+01	7.824543e-02	4.800511e+00
3.213333e+01	7.820611e-02	4.800336e+00
3.216667e+01	7.812445e-02	4.799972e+00
3.220000e+01	7.808273e-02	4.799786e+00
3.223333e+01	7.809669e-02	4.799849e+00
3.226667e+01	7.813163e-02	4.800004e+00
3.230000e+01	7.815108e-02	4.800091e+00
3.233333e+01	7.814623e-02	4.800069e+00
3.236667e+01	7.813118e-02	4.800002e+00
3.240000e+01	7.812212e-02	4.799962e+00
3.243333e+01	7.812366e-02	4.799969e+00
3.246667e+01	7.813012e-02	4.799997e+00
3.250000e+01	7.813432e-02	4.800016e+00
3.253333e+01	7.813390e-02	4.800014e+00
3.256667e+01	7.813114e-02	4.800002e+00
3.260000e+01	7.812921e-02	4.799993e+00
3.263333e+01	7.812928e-02	4.799994e+00
3.266667e+01	7.813045e-02	4.799999e+00
3.270000e+01	7.813133e-02	4.800003e+00
3.273333e+01	7.816802e-02	4.800166e+00
3.276667e+01	7.844787e-02	4.801412e+00
3.280000e+01	7.943711e-02	4.805816e+00
3.283333e+01	8.160305e-02	4.815459e+00
3.286667e+01	8.494974e-02	4.830359e+00
3.290000e+01	8.892433e-02	4.848055e+00
3.293333e+01	9.284895e-02	4.865528e+00
3.296667e+01	9.639424e-02	4.881312e+00
33	9.966081e-02	4.895855e+00
3.303333e+01	1.029184e-01	4.910358e+00
3.306667e+01	1.063266e-01	4.925532e+00
3.310000e+01	1.098218e-01	4.941094e+00
3.313333e+01	1.131209e-01	4.955782e+00
3.316667e+01	1.158917e-01	4.968118e+00
3.320000e+01	1.181033e-01	4.977964e+00
3.323333e+01	1.200594e-01	4.986673e+00
3.326667e+01	1.218848e-01	4.994800e+00
3.330000e+01	1.232366e-01	5.000818e+00
3.333333e+01	1.239803e-01	5.004129e+00
3.336667e+01	1.253302e-01	5.010139e+00
3.340000e+01	1.294759e-01	5.028597e+00
3.343333e+01	1.368741e-01	5.061534e+00
3.346667e+01	1.446095e-01	5.095974e+00
3.350000e+01	1.491184e-01	5.116048e+00
3.353333e+01	1.504917e-01	5.122162e+00
3.356667e+01	1.526180e-01	5.131629e+00
3.360000e+01	1.583722e-01	5.157247e+00
3.363333e+01	1.659344e-01	5.190915e+00
3.366667e+01	1.707619e-01	5.212408e+00
3.370000e+01	1.696923e-01	5.207646e+00
3.373333e+01	1.624731e-01	5.175505e+00
3.376667e+01	1.510238e-01	5.124531e+00
3.380000e+01	1.383053e-01	5.067906e+00
3.383333e+01	1.274960e-01	5.019781e+00
3.386667e+01	1.211193e-01	4.991392e+00
3.390000e+01	1.197418e-01	4.985259e+00
3.393333e+01	1.215056e-01	4.993112e+00
3.396667e+01	1.235989e-01	5.002431e+00
34	1.243066e-01	5.005582e+00
3.403333e+01	1.237120e-01	5.002935e+00
3.406667e+01	1.228529e-01	4.999110e+00
3.410000e+01	1.225195e-01	4.997626e+00
3.413333e+01	1.227500e-01	4.998652e+00
3.416667e+01	1.231225e-01	5.000310e+00
3.420000e+01	1.232826e-01	5.001023e+00
3.423333e+01	1.231937e-01	5.000627e+00
3.426667e+01	1.230311e-01	4.999903e+00
3.430000e+01	1.229543e-01	4.999561e+00
3.433333e+01	1.229876e-01	4.999710e+00
3.436667e+01	1.230583e-01	5.000025e+00
3.440000e+01	1.230948e-01	5.000187e+00
3.443333e+01	1.230828e-01	5.000133e+00
3.446667e+01	1.230522e-01	4.999997e+00
3.450000e+01	1.230350e-01	4.999921e+00
3.453333e+01	1.230391e-01	4.999939e+00
3.456667e+01	1.230523e-01	4.999998e+00
3.460000e+01	1.230603e-01	5.000033e+00
3.463333e+01	1.230590e-01	5.000028e+00
3.466667e+01	1.230534e-01	5.000003e+00
3.470000e+01	1.230497e-01	4.999986e+00
3.473333e+01	1.230500e-01	4.999988e+00
3.476667e+01	1.230524e-01	4.999998e+00
3.480000e+01	1.230541e-01	5.000006e+00
3.483333e+01	1.230541e-01	5.000006e+00
3.486667e+01	1.230531e-01	5.000001e+00
3.490000e+01	1.230523e-01	4.999998e+00
3.493333e+01	1.230523e-01	4.999997e+00
3.496667e+01	1.230527e-01	4.999999e+00
35	1.232181e-01	5.000736e+00
3.503333e+01	1.243146e-01	5.005618e+00
3.506667e+01	1.275063e-01	5.019828e+00
3.510000e+01	1.327629e-01	5.043231e+00
3.513333e+01	1.377949e-01	5.065634e+00
3.516667e+01	1.396310e-01	5.073808e+00
3.520000e+01	1.372409e-01	5.063168e+00
3.523333e+01	1.321879e-01	5.040671e+00
3.526667e+01	1.269593e-01	5.017392e+00
3.530000e+01	1.229938e-01	4.999737e+00
3.533333e+01	1.201262e-01	4.986970e+00
3.536667e+01	1.174160e-01	4.974904e+00
3.540000e+01	1.142441e-01	4.960782e+00
3.543333e+01	1.107979e-01	4.945439e+00
3.546667e+01	1.077254e-01	4.931760e+00
3.550000e+01	1.053612e-01	4.921234e+00
3.553333e+01	1.036974e-01	4.913827e+00
3.556667e+01	1.035866e-01	4.913333e+00
3.560000e+01	1.069172e-01	4.928162e+00
3.563333e+01	1.140392e-01	4.959870e+00
3.566667e+01	1.218899e-01	4.994823e+00
3.570000e+01	1.264028e-01	5.014915e+00
3.573333e+01	1.263330e-01	5.014604e+00
3.576667e+01	1.238301e-01	5.003460e+00
3.580000e+01	1.218450e-01	4.994623e+00
3.583333e+01	1.216711e-01	4.993848e+00
3.586667e+01	1.226590e-01	4.998247e+00
3.590000e+01	1.235359e-01	5.002151e+00
3.593333e+01	1.236590e-01	5.002699e+00
3.596667e+01	1.232513e-01	5.000884e+00
36	1.228592e-01	4.999138e+00
3.603333e+01	1.227856e-01	4.998810e+00
3.606667e+01	1.229539e-01	4.999560e+00
3.610000e+01	1.231292e-01	5.000340e+00
3.613333e+01	1.231702e-01	5.000523e+00
3.616667e+01	1.231013e-01	5.000216e+00
3.620000e+01	1.230232e-01	4.999868e+00
3.623333e+01	1.230015e-01	4.999771e+00
3.626667e+01	1.230294e-01	4.999896e+00
3.630000e+01	1.230640e-01	5.000050e+00
3.633333e+01	1.230752e-01	5.000100e+00
3.636667e+01	1.230640e-01	5.000050e+00
3.640000e+01	1.230487e-01	4.999982e+00
3.643333e+01	1.230431e-01	4.999957e+00
3.646667e+01	1.230475e-01	4.999977e+00
3.650000e+01	1.230543e-01	5.000006e+00
3.653333e+01	1.230570e-01	5.000019e+00
3.656667e+01	1.230553e-01	5.000011e+00
3.660000e+01	1.230524e-01	4.999998e+00
3.663333e+01	1.230510e-01	4.999992e+00
3.666667e+01	1.230517e-01	4.999995e+00
3.670000e+01	1.230530e-01	5.000001e+00
3.673333e+01	1.230536e-01	5.000003e+00
3.676667e+01	1.230534e-01	5.000002e+00
3.680000e+01	1.230528e-01	5.000000e+00
3.683333e+01	1.230525e-01	4.999999e+00
3.686667e+01	1.230526e-01	4.999999e+00
3.690000e+01	1.230528e-01	5.000000e+00
3.693333e+01	1.230530e-01	5.000001e+00
3.696667e+01	1.230529e-01	5.000000e+00
37	1.230528e-01	5.000000e+00
3.703333e+01	1.232911e-01	5.001061e+00
3.706667e+01	1.248750e-01	5.008112e+00
3.710000e+01	1.294855e-01	5.028639e+00
3.713333e+01	1.371317e-01	5.062681e+00
3.716667e+01	1.448050e-01	5.096844e+00
3.720000e+01	1.488865e-01	5.115015e+00
3.723333e+01	1.485627e-01	5.113574e+00
3.726667e+01	1.460977e-01	5.102599e+00
3.730000e+01	1.442861e-01	5.094534e+00
3.733333e+01	1.442271e-01	5.094271e+00
3.736667e+01	1.452061e-01	5.098630e+00
3.740000e+01	1.460099e-01	5.102208e+00
3.743333e+01	1.460806e-01	5.102523e+00
3.746667e+01	1.456738e-01	5.100712e+00
3.750000e+01	1.453127e-01	5.099104e+00
3.753333e+01	1.452289e-01	5.098731e+00
3.756667e+01	1.451379e-01	5.098326e+00
3.760000e+01	1.443812e-01	5.094957e+00
3.763333e+01	1.424001e-01	5.086137e+00
3.766667e+01	1.392227e-01	5.071991e+00
3.770000e+01	1.354595e-01	5.055236e+00
3.773333e+01	1.317984e-01	5.038937e+00
3.776667e+01	1.285349e-01	5.024407e+00
3.780000e+01	1.255339e-01	5.011046e+00
3.783333e+01	1.225180e-01	4.997619e+00
3.786667e+01	1.193416e-01	4.983477e+00
3.790000e+01	1.160477e-01	4.968812e+00
3.793333e+01	1.127534e-01	4.954146e+00
3.796667e+01	1.095265e-01	4.939779e+00
38	1.063869e-01	4.925801e+00
3.803333e+01	1.034767e-01	4.912844e+00
3.806667e+01	1.011967e-01	4.902693e+00
3.810000e+01	9.998498e-02	4.897298e+00
3.813333e+01	9.986675e-02	4.896772e+00
3.816667e+01	1.003434e-01	4.898894e+00
3.820000e+01	1.007847e-01	4.900859e+00
3.823333e+01	1.008757e-01	4.901264e+00
3.826667e+01	1.009412e-01	4.901556e+00
3.830000e+01	1.023389e-01	4.907779e+00
3.833333e+01	1.069022e-01	4.928095e+00
3.836667e+01	1.146178e-01	4.962446e+00
3.840000e+01	1.223730e-01	4.996973e+00
3.843333e+01	1.264788e-01	5.015253e+00
3.846667e+01	1.261269e-01	5.013686e+00
3.850000e+01	1.236258e-01	5.002551e+00
3.853333e+01	1.218018e-01	4.994430e+00
3.856667e+01	1.217540e-01	4.994217e+00
3.860000e+01	1.227490e-01	4.998647e+00
3.863333e+01	1.235589e-01	5.002253e+00
3.866667e+01	1.236252e-01	5.002548e+00
3.870000e+01	1.232114e-01	5.000706e+00
3.873333e+01	1.228473e-01	4.999085e+00
3.876667e+01	1.227992e-01	4.998871e+00
3.880000e+01	1.229716e-01	4.999638e+00
3.883333e+01	1.231353e-01	5.000367e+00
3.886667e+01	1.231648e-01	5.000499e+00
3.890000e+01	1.230935e-01	5.000181e+00
3.893333e+01	1.230202e-01	4.999855e+00
3.896667e+01	1.230036e-01	4.999781e+00
39	1.230328e-01	4.999911e+00
3.903333e+01	1.230655e-01	5.000056e+00
3.906667e+01	1.230744e-01	5.000096e+00
3.910000e+01	1.230625e-01	5.000043e+00
3.913333e+01	1.230480e-01	4.999979e+00
3.916667e+01	1.230434e-01	4.999958e+00
3.920000e+01	1.230482e-01	4.999979e+00
3.923333e+01	1.228162e-01	4.998947e+00
3.926667e+01	1.212347e-01	4.991905e+00
3.930000e+01	1.166223e-01	4.971370e+00
3.933333e+01	1.089734e-01	4.937316e+00
3.936667e+01	1.012990e-01	4.903149e+00
3.940000e+01	9.721811e-02	4.884980e+00
3.943333e+01	9.730479e-02	4.885366e+00
3.946667e+01	9.818648e-02	4.889291e+00
3.950000e+01	9.538733e-02	4.876829e+00
3.953333e+01	8.779971e-02	4.843048e+00
3.956667e+01	7.890877e-02	4.803464e+00
3.960000e+01	7.220132e-02	4.773601e+00
3.963333e+01	6.626029e-02	4.747151e+00
3.966667e+01	5.687557e-02	4.705369e+00
3.970000e+01	4.372892e-02	4.646838e+00
3.973333e+01	3.208271e-02	4.594987e+00
3.976667e+01	2.717653e-02	4.573144e+00
3.980000e+01	2.901515e-02	4.581330e+00
3.983333e+01	3.331245e-02	4.600462e+00
3.986667e+01	3.608877e-02	4.612823e+00
3.990000e+01	3.654107e-02	4.614837e+00
3.993333e+01	3.627498e-02	4.613652e+00
3.996667e+01	3.692474e-02	4.616545e+00
40	3.876691e-02	4.624746e+00
4.003333e+01	4.103206e-02	4.634831e+00
4.006667e+01	4.294005e-02	4.643326e+00
4.010000e+01	4.431905e-02	4.649465e+00
4.013333e+01	4.548582e-02	4.654660e+00
4.016667e+01	4.679056e-02	4.660469e+00
4.020000e+01	4.832687e-02	4.667309e+00
4.023333e+01	4.995035e-02	4.674537e+00
4.026667e+01	5.141579e-02	4.681061e+00
4.030000e+01	5.248884e-02	4.685839e+00
4.033333e+01	5.310842e-02	4.688597e+00
4.036667e+01	5.352734e-02	4.690462e+00
4.040000e+01	5.412210e-02	4.693110e+00
4.043333e+01	5.496596e-02	4.696867e+00
4.046667e+01	5.572963e-02	4.700267e+00
4.050000e+01	5.606202e-02	4.701747e+00
4.053333e+01	5.595096e-02	4.701252e+00
4.056667e+01	5.567775e-02	4.700036e+00
4.060000e+01	5.551947e-02	4.699331e+00
4.063333e+01	5.554762e-02	4.699457e+00
4.066667e+01	5.565973e-02	4.699956e+00
4.070000e+01	5.573187e-02	4.700277e+00
4.073333e+01	5.572428e-02	4.700243e+00
4.076667e+01	5.567676e-02	4.700032e+00
4.080000e+01	5.564372e-02	4.699885e+00
4.083333e+01	5.564510e-02	4.699891e+00
4.086667e+01	5.566528e-02	4.699981e+00
4.090000e+01	5.568039e-02	4.700048e+00
4.093333e+01	5.568065e-02	4.700049e+00
4.096667e+01	5.567213e-02	4.700011e+00
41	5.566525e-02	4.699980e+00
4.103333e+01	5.566475e-02	4.699978e+00
4.106667e+01	5.590669e-02	4.701055e+00
4.110000e+01	5.749363e-02	4.708121e+00
4.113333e+01	6.234291e-02	4.729710e+00
4.116667e+01	7.157134e-02	4.770797e+00
4.120000e+01	8.385376e-02	4.825480e+00
4.123333e+01	9.558120e-02	4.877692e+00
4.126667e+01	1.029313e-01	4.910416e+00
4.130000e+01	1.045119e-01	4.917453e+00
4.133333e+01	1.020962e-01	4.906698e+00
4.136667e+01	9.858232e-02	4.891054e+00
4.140000e+01	9.558343e-02	4.877702e+00
4.143333e+01	9.298166e-02	4.866119e+00
4.146667e+01	9.005708e-02	4.853098e+00
4.150000e+01	8.652958e-02	4.837393e+00
4.153333e+01	8.269384e-02	4.820316e+00
4.156667e+01	7.897058e-02	4.803739e+00
4.160000e+01	7.552116e-02	4.788382e+00
4.163333e+01	7.222545e-02	4.773709e+00
4.166667e+01	6.889309e-02	4.758873e+00
4.170000e+01	6.544268e-02	4.743511e+00
4.173333e+01	6.195676e-02	4.727991e+00
4.176667e+01	5.872569e-02	4.713606e+00
4.180000e+01	5.625443e-02	4.702604e+00
4.183333e+01	5.499290e-02	4.696987e+00
4.186667e+01	5.490904e-02	4.696614e+00
4.190000e+01	5.543160e-02	4.698940e+00
4.193333e+01	5.588899e-02	4.700977e+00
4.196667e+01	5.596749e-02	4.701326e+00
42	5.577639e-02	4.700475e+00
4.203333e+01	5.558323e-02	4.699615e+00
4.206667e+01	5.554094e-02	4.699427e+00
4.210000e+01	5.561847e-02	4.699772e+00
4.213333e+01	5.570369e-02	4.700152e+00
4.216667e+01	5.572603e-02	4.700251e+00
4.220000e+01	5.569443e-02	4.700110e+00
4.223333e+01	5.541826e-02	4.698881e+00
4.226667e+01	5.382287e-02	4.691778e+00
4.230000e+01	4.922506e-02	4.671308e+00
4.233333e+01	4.159569e-02	4.637341e+00
4.236667e+01	3.392823e-02	4.603204e+00
4.240000e+01	2.984160e-02	4.585010e+00
4.243333e+01	3.015804e-02	4.586418e+00
4.246667e+01	3.238177e-02	4.596319e+00
4.250000e+01	3.261158e-02	4.597342e+00
4.253333e+01	2.806328e-02	4.577092e+00
4.256667e+01	1.943956e-02	4.538698e+00
4.260000e+01	1.096172e-02	4.500954e+00
4.263333e+01	6.808029e-03	4.482461e+00
4.266667e+01	7.537978e-03	4.485711e+00
4.270000e+01	1.036434e-02	4.498294e+00
4.273333e+01	1.222637e-02	4.506584e+00
4.276667e+01	1.211638e-02	4.506094e+00
4.280000e+01	1.097499e-02	4.501013e+00
4.283333e+01	9.902418e-03	4.496237e+00
4.286667e+01	8.317692e-03	4.489182e+00
4.290000e+01	4.186624e-03	4.470790e+00
4.293333e+01	-3.118057e-03	4.438268e+00
4.296667e+01	-1.105052e-02	4.402952e+00
43	-1.632342e-02	4.379476e+00
4.303333e+01	-1.833686e-02	4.370512e+00
4.306667e+01	-1.923694e-02	4.366505e+00
4.310000e+01	-2.131538e-02	4.357251e+00
4.313333e+01	-2.510374e-02	4.340385e+00
4.316667e+01	-2.961591e-02	4.320296e+00
4.320000e+01	-3.372135e-02	4.302018e+00
4.323333e+01	-3.708428e-02	4.287046e+00
4.326667e+01	-4.009279e-02	4.273651e+00
4.330000e+01	-4.324913e-02	4.259599e+00
4.333333e+01	-4.672663e-02	4.244116e+00
4.336667e+01	-5.033554e-02	4.228049e+00
4.340000e+01	-5.364792e-02	4.213302e+00
4.343333e+01	-5.587390e-02	4.203391e+00
4.346667e+01	-5.549915e-02	4.205060e+00
4.350000e+01	-5.093511e-02	4.225380e+00
4.353333e+01	-4.276728e-02	4.261744e+00
4.356667e+01	-3.465883e-02	4.297844e+00
4.360000e+01	-3.051583e-02	4.316289e+00
4.363333e+01	-3.103134e-02	4.313994e+00
4.366667e+01	-3.368010e-02	4.302201e+00
4.370000e+01	-3.552630e-02	4.293982e+00
4.373333e+01	-3.550708e-02	4.294067e+00
4.376667e+01	-3.444677e-02	4.298788e+00
4.380000e+01	-3.362413e-02	4.302451e+00
4.383333e+01	-3.358552e-02	4.302623e+00
4.386667e+01	-3.402852e-02	4.300650e+00
4.390000e+01	-3.439962e-02	4.298998e+00
4.393333e+01	-3.443635e-02	4.298835e+00
4.396667e+01	-3.425098e-02	4.299660e+00
44	-3.408359e-02	4.300405e+00
4.403333e+01	-3.405865e-02	4.300516e+00
4.406667e+01	-3.413570e-02	4.300173e+00
4.410000e+01	-3.421088e-02	4.299838e+00
4.413333e+01	-3.422568e-02	4.299772e+00
4.416667e+01	-3.417404e-02	4.300002e+00
4.420000e+01	-3.398859e-02	4.300828e+00
4.423333e+01	-3.344437e-02	4.303251e+00
4.426667e+01	-3.228411e-02	4.308417e+00
4.430000e+01	-3.048639e-02	4.316420e+00
4.433333e+01	-2.833788e-02	4.325986e+00
4.436667e+01	-2.620681e-02	4.335474e+00
4.440000e+01	-2.427978e-02	4.344053e+00
4.443333e+01	-2.250815e-02	4.351941e+00
4.446667e+01	-2.074572e-02	4.359787e+00
4.450000e+01	-1.890254e-02	4.367993e+00
4.453333e+01	-1.699055e-02	4.376506e+00
4.456667e+01	-1.509060e-02	4.384965e+00
4.460000e+01	-1.335609e-02	4.392687e+00
4.463333e+01	-1.203663e-02	4.398561e+00
4.466667e+01	-1.112099e-02	4.402638e+00
4.470000e+01	-9.485442e-03	4.409920e+00
4.473333e+01	-5.149501e-03	4.429224e+00
4.476667e+01	2.251877e-03	4.462176e+00
4.480000e+01	9.880158e-03	4.496138e+00
4.483333e+01	1.406152e-02	4.514754e+00
4.486667e+01	1.384086e-02	4.513772e+00
4.490000e+01	1.139976e-02	4.502904e+00
4.493333e+01	9.547736e-03	4.494658e+00
4.496667e+01	9.443289e-03	4.494193e+00
45	1.040984e-02	4.498497e+00
4.503333e+01	1.123004e-02	4.502148e+00
4.506667e+01	1.132088e-02	4.502553e+00
4.510000e+01	1.092046e-02	4.500770e+00
4.513333e+01	1.055277e-02	4.499133e+00
4.516667e+01	1.049412e-02	4.498872e+00
4.520000e+01	1.066023e-02	4.499611e+00
4.523333e+01	1.082510e-02	4.500345e+00
4.526667e+01	1.085917e-02	4.500497e+00
4.530000e+01	1.079079e-02	4.500193e+00
4.533333e+01	1.071716e-02	4.499865e+00
4.536667e+01	1.069859e-02	4.499782e+00
4.540000e+01	1.072648e-02	4.499906e+00
4.543333e+01	1.075921e-02	4.500052e+00
4.546667e+01	1.076892e-02	4.500095e+00
4.550000e+01	1.075766e-02	4.500045e+00
4.553333e+01	1.074318e-02	4.499981e+00
4.556667e+01	1.073825e-02	4.499959e+00
4.560000e+01	1.074273e-02	4.499979e+00
4.563333e+01	1.074912e-02	4.500007e+00
4.566667e+01	1.098992e-02	4.501079e+00
4.570000e+01	1.257199e-02	4.508123e+00
4.573333e+01	1.741808e-02	4.529698e+00
4.576667e+01	2.664681e-02	4.570786e+00
4.580000e+01	3.893132e-02	4.625478e+00
4.583333e+01	5.066021e-02	4.677697e+00
4.586667e+01	5.801027e-02	4.710421e+00
4.590000e+01	5.962663e-02	4.717617e+00
4.593333e+01	5.725228e-02	4.707046e+00
4.596667e+01	5.314419e-02	4.688756e+00
46	4.770111e-02	4.664523e+00
4.603333e+01	4.080003e-02	4.633798e+00
4.606667e+01	3.417660e-02	4.604310e+00
4.610000e+01	3.049196e-02	4.587905e+00
4.613333e+01	2.981019e-02	4.584870e+00
4.616667e+01	2.706704e-02	4.572657e+00
4.620000e+01	1.485532e-02	4.518288e+00
4.623333e+01	-7.673051e-03	4.417989e+00
4.626667e+01	-2.965026e-02	4.320143e+00
4.630000e+01	-3.641212e-02	4.290038e+00
4.633333e+01	-2.282055e-02	4.350550e+00
4.636667e+01	3.381401e-03	4.467205e+00
4.640000e+01	3.010947e-02	4.586202e+00
4.643333e+01	4.916336e-02	4.671033e+00
4.646667e+01	5.706856e-02	4.706228e+00
4.650000e+01	5.379163e-02	4.691639e+00
4.653333e+01	4.337961e-02	4.645283e+00
4.656667e+01	3.320894e-02	4.600002e+00
4.660000e+01	3.001695e-02	4.585790e+00
4.663333e+01	3.587560e-02	4.611874e+00
4.666667e+01	4.707895e-02	4.661753e+00
4.670000e+01	5.665058e-02	4.704367e+00
4.673333e+01	5.859961e-02	4.713045e+00
4.676667e+01	5.062687e-02	4.677549e+00
4.680000e+01	3.494094e-02	4.607713e+00
4.683333e+01	1.788738e-02	4.531788e+00
4.686667e+01	6.689803e-03	4.481934e+00
4.690000e+01	4.590049e-03	4.472586e+00
4.693333e+01	9.773761e-03	4.495665e+00
4.696667e+01	1.859183e-02	4.534924e+00
47	2.792952e-02	4.576497e+00
4.703333e+01	3.525261e-02	4.609100e+00
4.706667e+01	3.906191e-02	4.626060e+00
4.710000e+01	3.984649e-02	4.629553e+00
4.713333e+01	3.958895e-02	4.628406e+00
4.716667e+01	4.006557e-02	4.630528e+00
4.720000e+01	4.172176e-02	4.637902e+00
4.723333e+01	4.391434e-02	4.647664e+00
4.726667e+01	4.586577e-02	4.656352e+00
4.730000e+01	4.732171e-02	4.662834e+00
4.733333e+01	4.852576e-02	4.668194e+00
4.736667e+01	4.981632e-02	4.673940e+00
4.740000e+01	5.132013e-02	4.680635e+00
4.743333e+01	5.316448e-02	4.688847e+00
4.746667e+01	5.621870e-02	4.702444e+00
4.750000e+01	6.190036e-02	4.727740e+00
4.753333e+01	7.005272e-02	4.764036e+00
4.756667e+01	7.796869e-02	4.799279e+00
4.760000e+01	8.340575e-02	4.823485e+00
4.763333e+01	8.727291e-02	4.840702e+00
4.766667e+01	9.085069e-02	4.856631e+00
4.770000e+01	9.218623e-02	4.862577e+00
4.773333e+01	8.840095e-02	4.845725e+00
4.776667e+01	7.981084e-02	4.807480e+00
4.780000e+01	6.942290e-02	4.761231e+00
4.783333e+01	6.008730e-02	4.719668e+00
4.786667e+01	5.282257e-02	4.687324e+00
4.790000e+01	4.657434e-02	4.659506e+00
4.793333e+01	4.008028e-02	4.630594e+00
4.796667e+01	3.413666e-02	4.604132e+00
48	3.057419e-02	4.588271e+00
4.803333e+01	2.896476e-02	4.581106e+00
4.806667e+01	2.612533e-02	4.568464e+00
4.810000e+01	1.994729e-02	4.540959e+00
4.813333e+01	1.246045e-02	4.507626e+00
4.816667e+01	7.458792e-03	4.485358e+00
4.820000e+01	5.555258e-03	4.476883e+00
4.823333e+01	3.293615e-03	4.466814e+00
4.826667e+01	-2.500686e-03	4.441017e+00
4.830000e+01	-1.141265e-02	4.401339e+00
4.833333e+01	-2.101902e-02	4.358570e+00
4.836667e+01	-2.925926e-02	4.321884e+00
4.840000e+01	-3.490406e-02	4.296752e+00
4.843333e+01	-3.838554e-02	4.281252e+00
4.846667e+01	-4.220578e-02	4.264244e+00
4.850000e+01	-4.825965e-02	4.237291e+00
4.853333e+01	-5.507658e-02	4.206941e+00
4.856667e+01	-5.935073e-02	4.187912e+00
4.860000e+01	-5.965426e-02	4.186561e+00
4.863333e+01	-5.757096e-02	4.195836e+00
4.866667e+01	-5.570027e-02	4.204164e+00
4.870000e+01	-5.537591e-02	4.205608e+00
4.873333e+01	-5.618033e-02	4.202027e+00
4.876667e+01	-5.699975e-02	4.198379e+00
4.880000e+01	-5.740361e-02	4.196581e+00
4.883333e+01	-5.852062e-02	4.191608e+00
4.886667e+01	-6.229141e-02	4.174820e+00
4.890000e+01	-6.889693e-02	4.145411e+00
4.893333e+01	-7.550616e-02	4.115986e+00
4.896667e+01	-7.870445e-02	4.101746e+00
49	-7.764717e-02	4.106453e+00
4.903333e+01	-7.426042e-02	4.121532e+00
4.906667e+01	-7.103331e-02	4.135899e+00
4.910000e+01	-6.910564e-02	4.144482e+00
4.913333e+01	-6.807273e-02	4.149080e+00
4.916667e+01	-6.699801e-02	4.153865e+00
4.920000e+01	-6.538062e-02	4.161066e+00
4.923333e+01	-6.336263e-02	4.170050e+00
4.926667e+01	-6.134278e-02	4.179043e+00
4.930000e+01	-5.957098e-02	4.186931e+00
4.933333e+01	-5.810304e-02	4.193467e+00
4.936667e+01	-5.700053e-02	4.198375e+00
4.940000e+01	-5.638948e-02	4.201096e+00
4.943333e+01	-5.628619e-02	4.201556e+00
4.946667e+01	-5.648766e-02	4.200659e+00
4.950000e+01	-5.670463e-02	4.199693e+00
4.953333e+01	-5.653083e-02	4.200467e+00
4.956667e+01	-5.487819e-02	4.207824e+00
4.960000e+01	-5.017754e-02	4.228752e+00
4.963333e+01	-4.249996e-02	4.262934e+00
4.966667e+01	-3.485354e-02	4.296977e+00
4.970000e+01	-3.081116e-02	4.314974e+00
4.973333e+01	-3.115032e-02	4.313464e+00
4.976667e+01	-3.360476e-02	4.302537e+00
4.980000e+01	-3.539925e-02	4.294548e+00
4.983333e+01	-3.545081e-02	4.294318e+00
4.986667e+01	-3.447582e-02	4.298659e+00
4.990000e+01	-3.367952e-02	4.302204e+00
4.993333e+01	-3.361240e-02	4.302503e+00
4.996667e+01	-3.401771e-02	4.300698e+00
50	-3.437556e-02	4.299105e+00
5.003333e+01	-3.442361e-02	4.298891e+00
5.006667e+01	-3.425484e-02	4.299643e+00
5.010000e+01	-3.433234e-02	4.299298e+00
5.013333e+01	-3.588681e-02	4.292377e+00
5.016667e+01	-4.056712e-02	4.271539e+00
5.020000e+01	-4.828522e-02	4.237177e+00
5.023333e+01	-5.597500e-02	4.202941e+00
5.026667e+01	-6.002798e-02	4.184897e+00
5.030000e+01	-5.967210e-02	4.186481e+00
5.033333e+01	-5.695998e-02	4.198556e+00
5.036667e+01	-5.357609e-02	4.213622e+00
5.040000e+01	-4.892078e-02	4.234348e+00
5.043333e+01	-4.225823e-02	4.264010e+00
5.046667e+01	-3.538408e-02	4.294615e+00
5.050000e+01	-3.136692e-02	4.312500e+00
5.053333e+01	-3.128163e-02	4.312880e+00
5.056667e+01	-3.338734e-02	4.303505e+00
5.060000e+01	-3.515201e-02	4.295648e+00
5.063333e+01	-3.538146e-02	4.294627e+00
5.066667e+01	-3.456398e-02	4.298266e+00
5.070000e+01	-3.378913e-02	4.301716e+00
5.073333e+01	-3.364793e-02	4.302345e+00
5.076667e+01	-3.398241e-02	4.300856e+00
5.080000e+01	-3.432719e-02	4.299321e+00
5.083333e+01	-3.440585e-02	4.298970e+00
5.086667e+01	-3.426877e-02	4.299581e+00
5.090000e+01	-3.411524e-02	4.300264e+00
5.093333e+01	-3.407335e-02	4.300451e+00
5.096667e+01	-3.408927e-02	4.300380e+00
51	-3.385368e-02	4.301429e+00
5.103333e+01	-3.280314e-02	4.306106e+00
5.106667e+01	-3.043433e-02	4.316652e+00
5.110000e+01	-2.677890e-02	4.332927e+00
5.113333e+01	-2.246246e-02	4.352144e+00
5.116667e+01	-1.821965e-02	4.371034e+00
5.120000e+01	-1.439206e-02	4.388075e+00
5.123333e+01	-1.085851e-02	4.403807e+00
5.126667e+01	-7.326035e-03	4.419534e+00
5.130000e+01	-3.628033e-03	4.435998e+00
5.133333e+01	2.007261e-04	4.453044e+00
5.136667e+01	3.997652e-03	4.469948e+00
5.140000e+01	7.461586e-03	4.485370e+00
5.143333e+01	1.009820e-02	4.497109e+00
5.146667e+01	1.145390e-02	4.503145e+00
5.150000e+01	1.179790e-02	4.504676e+00
5.153333e+01	1.283364e-02	4.509288e+00
5.156667e+01	1.695433e-02	4.527634e+00
5.160000e+01	2.450944e-02	4.561270e+00
5.163333e+01	3.238179e-02	4.596319e+00
5.166667e+01	3.666979e-02	4.615410e+00
5.170000e+01	3.615579e-02	4.613121e+00
5.173333e+01	3.202651e-02	4.594737e+00
5.176667e+01	2.551339e-02	4.565740e+00
5.180000e+01	1.778316e-02	4.531324e+00
5.183333e+01	1.112160e-02	4.501665e+00
5.186667e+01	7.884101e-03	4.487252e+00
5.190000e+01	8.291484e-03	4.489065e+00
5.193333e+01	1.033651e-02	4.498170e+00
5.196667e+01	1.176927e-02	4.504549e+00
52	1.177208e-02	4.504561e+00
5.203333e+01	1.096757e-02	4.500980e+00
5.206667e+01	1.033385e-02	4.498158e+00
5.210000e+01	1.029648e-02	4.497992e+00
5.213333e+01	1.063132e-02	4.499483e+00
5.216667e+01	1.091640e-02	4.500752e+00
5.220000e+01	1.070940e-02	4.499830e+00
5.223333e+01	8.985665e-03	4.492156e+00
5.226667e+01	3.769998e-03	4.468935e+00
5.230000e+01	-7.064223e-03	4.420699e+00
5.233333e+01	-2.390052e-02	4.345742e+00
5.236667e+01	-4.226325e-02	4.263988e+00
5.240000e+01	-5.093880e-02	4.225363e+00
5.243333e+01	-3.821874e-02	4.281995e+00
5.246667e+01	-5.200823e-03	4.428995e+00
5.250000e+01	3.047480e-02	4.587829e+00
5.253333e+01	4.969351e-02	4.673393e+00
5.256667e+01	4.930780e-02	4.671676e+00
5.260000e+01	4.203309e-02	4.639288e+00
5.263333e+01	4.122783e-02	4.635703e+00
5.266667e+01	4.887972e-02	4.669770e+00
5.270000e+01	5.797742e-02	4.710275e+00
5.273333e+01	6.300710e-02	4.732667e+00
5.276667e+01	6.537495e-02	4.743209e+00
5.280000e+01	6.921416e-02	4.760302e+00
5.283333e+01	7.512882e-02	4.786635e+00
5.286667e+01	8.024010e-02	4.809391e+00
5.290000e+01	8.313756e-02	4.822291e+00
5.293333e+01	8.611968e-02	4.835568e+00
5.296667e+01	9.166972e-02	4.860278e+00
53	9.857699e-02	4.891030e+00
5.303333e+01	1.034826e-01	4.912870e+00
5.306667e+01	1.056445e-01	4.922496e+00
5.310000e+01	1.082387e-01	4.934046e+00
5.313333e+01	1.144106e-01	4.961524e+00
5.316667e+01	1.236119e-01	5.002489e+00
5.320000e+01	1.328241e-01	5.043503e+00
5.323333e+01	1.400813e-01	5.075813e+00
5.326667e+01	1.458065e-01	5.101303e+00
5.330000e+01	1.515231e-01	5.126754e+00
5.333333e+01	1.581629e-01	5.156315e+00
5.336667e+01	1.655516e-01	5.189211e+00
5.340000e+01	1.729993e-01	5.222369e+00
5.343333e+01	1.800594e-01	5.253802e+00
5.346667e+01	1.867783e-01	5.283716e+00
5.350000e+01	1.933783e-01	5.313100e+00
5.353333e+01	1.996521e-01	5.341032e+00
5.356667e+01	2.044958e-01	5.362596e+00
5.360000e+01	2.060833e-01	5.369664e+00
5.363333e+01	2.031479e-01	5.356595e+00
5.366667e+01	1.967864e-01	5.328273e+00
5.370000e+01	1.902515e-01	5.299179e+00
5.373333e+01	1.856435e-01	5.278663e+00
5.376667e+01	1.816467e-01	5.260869e+00
5.380000e+01	1.761232e-01	5.236278e+00
5.383333e+01	1.698080e-01	5.208161e+00
5.386667e+01	1.656102e-01	5.189472e+00
5.390000e+01	1.648347e-01	5.186019e+00
5.393333e+01	1.651058e-01	5.187226e+00
5.396667e+01	1.623216e-01	5.174830e+00
54	1.550971e-01	5.142666e+00
5.403333e+01	1.467220e-01	5.105379e+00
5.406667e+01	1.418457e-01	5.083669e+00
5.410000e+01	1.419458e-01	5.084115e+00
5.413333e+01	1.446918e-01	5.096340e+00
5.416667e+01	1.468537e-01	5.105965e+00
5.420000e+01	1.470265e-01	5.106735e+00
5.423333e+01	1.459351e-01	5.101875e+00
5.426667e+01	1.449768e-01	5.097609e+00
5.430000e+01	1.448493e-01	5.097041e+00
5.433333e+01	1.453005e-01	5.099050e+00
5.436667e+01	1.457295e-01	5.100960e+00
5.440000e+01	1.458071e-01	5.101305e+00
5.443333e+01	1.456206e-01	5.100475e+00
5.446667e+01	1.456670e-01	5.100682e+00
5.450000e+01	1.472072e-01	5.107539e+00
5.453333e+01	1.518942e-01	5.128406e+00
5.456667e+01	1.596258e-01	5.162828e+00
5.460000e+01	1.673224e-01	5.197095e+00
5.463333e+01	1.713729e-01	5.215128e+00
5.466667e+01	1.710112e-01	5.213518e+00
5.470000e+01	1.682959e-01	5.201429e+00
5.473333e+01	1.649128e-01	5.186367e+00
5.476667e+01	1.602600e-01	5.165652e+00
5.480000e+01	1.535990e-01	5.135996e+00
5.483333e+01	1.467246e-01	5.105390e+00
5.486667e+01	1.427063e-01	5.087500e+00
5.490000e+01	1.426203e-01	5.087118e+00
5.493333e+01	1.449645e-01	5.097554e+00
5.496667e+01	1.483134e-01	5.112464e+00
55	1.531537e-01	5.134014e+00
5.503333e+01	1.599823e-01	5.164416e+00
5.506667e+01	1.668806e-01	5.195128e+00
5.510000e+01	1.708208e-01	5.212670e+00
5.513333e+01	1.708315e-01	5.212718e+00
5.516667e+01	1.686747e-01	5.203116e+00
5.520000e+01	1.666614e-01	5.194152e+00
5.523333e+01	1.654757e-01	5.188873e+00
5.526667e+01	1.641352e-01	5.182905e+00
5.530000e+01	1.615506e-01	5.171398e+00
5.533333e+01	1.577025e-01	5.154266e+00
5.536667e+01	1.534392e-01	5.135285e+00
5.540000e+01	1.495543e-01	5.117989e+00
5.543333e+01	1.462156e-01	5.103124e+00
5.546667e+01	1.430973e-01	5.089241e+00
5.550000e+01	1.398405e-01	5.074741e+00
5.553333e+01	1.363476e-01	5.059190e+00
5.556667e+01	1.327482e-01	5.043165e+00
5.560000e+01	1.292374e-01	5.027535e+00
5.563333e+01	1.260729e-01	5.013446e+00
5.566667e+01	1.236684e-01	5.002741e+00
5.570000e+01	1.224212e-01	4.997188e+00
5.573333e+01	1.223100e-01	4.996693e+00
5.576667e+01	1.228027e-01	4.998887e+00
5.580000e+01	1.232524e-01	5.000888e+00
5.583333e+01	1.233420e-01	5.001288e+00
5.586667e+01	1.231642e-01	5.000496e+00
5.590000e+01	1.229750e-01	4.999654e+00
5.593333e+01	1.229283e-01	4.999445e+00
5.596667e+01	1.229999e-01	4.999764e+00
56	1.230831e-01	5.000135e+00
5.603333e+01	1.231072e-01	5.000242e+00
5.606667e+01	1.230782e-01	5.000113e+00
5.610000e+01	1.230414e-01	4.999949e+00
5.613333e+01	1.230291e-01	4.999895e+00
5.616667e+01	1.230407e-01	4.999946e+00
5.620000e+01	1.230570e-01	5.000018e+00
5.623333e+01	1.230631e-01	5.000046e+00
5.626667e+01	1.228202e-01	4.998964e+00
5.630000e+01	1.212292e-01	4.991881e+00
5.633333e+01	1.166157e-01	4.971341e+00
5.636667e+01	1.089713e-01	4.937307e+00
5.640000e+01	1.013012e-01	4.903158e+00
5.643333e+01	9.745939e-02	4.886054e+00
5.646667e+01	9.936636e-02	4.894544e+00
5.650000e+01	1.064405e-01	4.926039e+00
5.653333e+01	1.158976e-01	4.968144e+00
5.656667e+01	1.236301e-01	5.002570e+00
5.660000e+01	1.267333e-01	5.016386e+00
5.663333e+01	1.256060e-01	5.011367e+00
5.666667e+01	1.230702e-01	5.000077e+00
5.670000e+01	1.216651e-01	4.993822e+00
5.673333e+01	1.219671e-01	4.995166e+00
5.676667e+01	1.229959e-01	4.999747e+00
5.680000e+01	1.236305e-01	5.002572e+00
5.683333e+01	1.233006e-01	5.001103e+00
5.686667e+01	1.212798e-01	4.992106e+00
5.690000e+01	1.163781e-01	4.970283e+00
5.693333e+01	1.087548e-01	4.936343e+00
5.696667e+01	1.012677e-01	4.903009e+00
57	9.731976e-02	4.885433e+00
5.703333e+01	9.764139e-02	4.886864e+00
5.706667e+01	1.000274e-01	4.897488e+00
5.710000e+01	1.017781e-01	4.905282e+00
5.713333e+01	1.018346e-01	4.905533e+00
5.716667e+01	1.008888e-01	4.901322e+00
5.720000e+01	1.001127e-01	4.897867e+00
5.723333e+01	1.000446e-01	4.897564e+00
5.726667e+01	1.004375e-01	4.899313e+00
5.730000e+01	1.007861e-01	4.900865e+00
5.733333e+01	1.008341e-01	4.901079e+00
5.736667e+01	1.006705e-01	4.900351e+00
5.740000e+01	1.005139e-01	4.899653e+00
5.743333e+01	1.004848e-01	4.899524e+00
5.746667e+01	1.005524e-01	4.899825e+00
5.750000e+01	1.006225e-01	4.900137e+00
5.753333e+01	1.008771e-01	4.901270e+00
5.756667e+01	1.024333e-01	4.908199e+00
5.760000e+01	1.070126e-01	4.928586e+00
5.763333e+01	1.146500e-01	4.962589e+00
5.766667e+01	1.223345e-01	4.996802e+00
5.770000e+01	1.264300e-01	5.015036e+00
5.773333e+01	1.261106e-01	5.013614e+00
5.776667e+01	1.234028e-01	5.001558e+00
5.780000e+01	1.200012e-01	4.986414e+00
5.783333e+01	1.153294e-01	4.965614e+00
5.786667e+01	1.086641e-01	4.935939e+00
5.790000e+01	1.017973e-01	4.905367e+00
5.793333e+01	9.778752e-02	4.887515e+00
5.796667e+01	9.770381e-02	4.887142e+00
58	9.980650e-02	4.896504e+00
5.803333e+01	1.015679e-01	4.904346e+00
5.806667e+01	1.017965e-01	4.905364e+00
5.810000e+01	1.009802e-01	4.901729e+00
5.813333e+01	1.002068e-01	4.898286e+00
5.816667e+01	1.000661e-01	4.897660e+00
5.820000e+01	1.001617e-01	4.898085e+00
5.823333e+01	9.892201e-02	4.892566e+00
5.826667e+01	9.438991e-02	4.872388e+00
5.830000e+01	8.660693e-02	4.837737e+00
5.833333e+01	7.854205e-02	4.801831e+00
5.836667e+01	7.283485e-02	4.776422e+00
5.840000e+01	6.836534e-02	4.756523e+00
5.843333e+01	6.166837e-02	4.726707e+00
5.846667e+01	5.121772e-02	4.680179e+00
5.850000e+01	3.952676e-02	4.628129e+00
5.853333e+01	3.116822e-02	4.590916e+00
5.856667e+01	2.873701e-02	4.580092e+00
5.860000e+01	3.081060e-02	4.589324e+00
5.863333e+01	3.375461e-02	4.602431e+00
5.866667e+01	3.519203e-02	4.608831e+00
5.870000e+01	3.607739e-02	4.612772e+00
5.873333e+01	3.946309e-02	4.627846e+00
5.876667e+01	4.654738e-02	4.659386e+00
5.880000e+01	5.448222e-02	4.694713e+00
5.883333e+01	5.909285e-02	4.715241e+00
5.886667e+01	5.903469e-02	4.714982e+00
5.890000e+01	5.647358e-02	4.703579e+00
5.893333e+01	5.443269e-02	4.694493e+00
5.896667e+01	5.424846e-02	4.693673e+00
59	5.526114e-02	4.698181e+00
5.903333e+01	5.616385e-02	4.702200e+00
5.906667e+01	5.629313e-02	4.702776e+00
5.910000e+01	5.587537e-02	4.700916e+00
5.913333e+01	5.547178e-02	4.699119e+00
5.916667e+01	5.444143e-02	4.694532e+00
5.920000e+01	4.827852e-02	4.667094e+00
5.923333e+01	3.001679e-02	4.585790e+00
5.926667e+01	-5.249100e-04	4.449813e+00
5.930000e+01	-3.081193e-02	4.314971e+00
5.933333e+01	-4.381254e-02	4.257090e+00
5.936667e+01	-3.173503e-02	4.310861e+00
5.940000e+01	-1.943835e-03	4.443496e+00
5.943333e+01	2.833109e-02	4.578285e+00
5.946667e+01	4.441516e-02	4.649893e+00
5.950000e+01	4.415994e-02	4.648757e+00
5.953333e+01	3.725913e-02	4.618034e+00
5.956667e+01	3.549277e-02	4.610169e+00
5.960000e+01	4.307934e-02	4.643946e+00
5.963333e+01	5.568685e-02	4.700077e+00
5.966667e+01	6.716741e-02	4.751190e+00
5.970000e+01	7.475588e-02	4.784975e+00
5.973333e+01	7.856920e-02	4.801952e+00
5.976667e+01	7.958807e-02	4.806488e+00
5.980000e+01	7.902515e-02	4.803982e+00
5.983333e+01	7.811986e-02	4.799952e+00
5.986667e+01	7.767392e-02	4.797966e+00
5.990000e+01	7.779334e-02	4.798498e+00
5.993333e+01	7.812583e-02	4.799978e+00
5.996667e+01	7.831718e-02	4.800830e+00
60	7.827836e-02	4.800657e+00
6.003333e+01	7.813892e-02	4.800037e+00
6.006667e+01	7.781361e-02	4.798588e+00
6.010000e+01	7.624180e-02	4.791590e+00
6.013333e+01	7.169092e-02	4.771329e+00
6.016667e+01	6.408488e-02	4.737466e+00
6.020000e+01	5.640871e-02	4.703290e+00
6.023333e+01	5.230171e-02	4.685005e+00
6.026667e+01	5.260713e-02	4.686365e+00
6.030000e+01	5.507229e-02	4.697340e+00
6.033333e+01	5.665636e-02	4.704393e+00
6.036667e+01	5.513993e-02	4.697642e+00
6.040000e+01	4.955076e-02	4.672758e+00
6.043333e+01	4.109634e-02	4.635117e+00
6.046667e+01	3.334854e-02	4.600623e+00
6.050000e+01	2.967340e-02	4.584261e+00
6.053333e+01	3.036021e-02	4.587319e+00
6.056667e+01	3.287665e-02	4.598522e+00
6.060000e+01	3.451925e-02	4.605835e+00
6.063333e+01	3.441521e-02	4.605372e+00
6.066667e+01	3.340526e-02	4.600876e+00
6.070000e+01	3.267127e-02	4.597608e+00
6.073333e+01	3.243515e-02	4.596556e+00
6.076667e+01	3.127534e-02	4.591393e+00
6.080000e+01	2.699735e-02	4.572347e+00
6.083333e+01	1.936852e-02	4.538382e+00
6.086667e+01	1.151680e-02	4.503425e+00
6.090000e+01	7.284535e-03	4.484582e+00
6.093333e+01	7.592576e-03	4.485954e+00
6.096667e+01	1.013218e-02	4.497260e+00
61	1.201182e-02	4.505629e+00
6.103333e+01	1.208133e-02	4.505938e+00
6.106667e+01	1.109118e-02	4.501530e+00
6.110000e+01	1.040872e-02	4.498492e+00
6.113333e+01	1.086791e-02	4.500536e+00
6.116667e+01	1.246073e-02	4.507627e+00
6.120000e+01	1.464815e-02	4.517366e+00
6.123333e+01	1.685409e-02	4.527187e+00
6.126667e+01	1.880538e-02	4.535875e+00
6.130000e+01	2.055747e-02	4.543675e+00
6.133333e+01	2.229497e-02	4.551411e+00
6.136667e+01	2.413156e-02	4.559588e+00
6.140000e+01	2.605296e-02	4.568142e+00
6.143333e+01	2.798381e-02	4.576738e+00
6.146667e+01	2.985343e-02	4.585062e+00
6.150000e+01	3.155314e-02	4.592630e+00
6.153333e+01	3.286265e-02	4.598460e+00
6.156667e+01	3.355220e-02	4.601530e+00
6.160000e+01	3.361934e-02	4.601829e+00
6.163333e+01	3.334983e-02	4.600629e+00
6.166667e+01	3.310021e-02	4.599517e+00
6.170000e+01	3.304839e-02	4.599287e+00
6.173333e+01	3.314565e-02	4.599720e+00
6.176667e+01	3.348907e-02	4.601249e+00
6.180000e+01	3.509976e-02	4.608420e+00
6.183333e+01	3.965284e-02	4.628691e+00
6.186667e+01	4.711259e-02	4.661903e+00
6.190000e+01	5.429561e-02	4.693883e+00
6.193333e+01	5.743184e-02	4.707846e+00
6.196667e+01	5.580987e-02	4.700624e+00
62	5.195283e-02	4.683452e+00
6.203333e+01	4.876282e-02	4.669250e+00
6.206667e+01	4.723609e-02	4.662453e+00
6.210000e+01	4.655343e-02	4.659413e+00
6.213333e+01	4.554129e-02	4.654907e+00
6.216667e+01	4.377249e-02	4.647032e+00
6.220000e+01	4.159689e-02	4.637346e+00
6.223333e+01	3.953877e-02	4.628183e+00
6.226667e+01	3.780905e-02	4.620482e+00
6.230000e+01	3.628904e-02	4.613715e+00
6.233333e+01	3.485206e-02	4.607317e+00
6.236667e+01	3.362852e-02	4.601870e+00
6.240000e+01	3.290414e-02	4.598644e+00
6.243333e+01	3.301972e-02	4.599159e+00
6.246667e+01	3.485514e-02	4.607331e+00
6.250000e+01	3.973344e-02	4.629050e+00
6.253333e+01	4.745520e-02	4.663428e+00
6.256667e+01	5.503910e-02	4.697193e+00
6.260000e+01	5.900791e-02	4.714862e+00
6.263333e+01	5.864664e-02	4.713254e+00
6.266667e+01	5.621691e-02	4.702436e+00
6.270000e+01	5.445450e-02	4.694590e+00
6.273333e+01	5.441395e-02	4.694409e+00
6.276667e+01	5.537907e-02	4.698706e+00
6.280000e+01	5.616126e-02	4.702189e+00
6.283333e+01	5.598459e-02	4.701402e+00
6.286667e+01	5.399931e-02	4.692563e+00
6.290000e+01	4.903712e-02	4.670471e+00
6.293333e+01	4.134562e-02	4.636227e+00
6.296667e+01	3.383962e-02	4.602809e+00
63	2.967783e-02	4.584281e+00
6.303333e+01	2.844589e-02	4.578796e+00
6.306667e+01	2.623111e-02	4.568935e+00
6.310000e+01	2.032585e-02	4.542644e+00
6.313333e+01	1.269568e-02	4.508673e+00
6.316667e+01	7.663475e-03	4.486269e+00
6.320000e+01	7.215058e-03	4.484273e+00
6.323333e+01	9.617830e-03	4.494970e+00
6.326667e+01	1.182478e-02	4.504796e+00
6.330000e+01	1.223089e-02	4.506604e+00
6.333333e+01	1.129722e-02	4.502447e+00
6.336667e+01	1.032874e-02	4.498135e+00
6.340000e+01	1.010197e-02	4.497126e+00
6.343333e+01	1.048084e-02	4.498813e+00
6.346667e+01	1.091007e-02	4.500724e+00
6.350000e+01	1.102971e-02	4.501256e+00
6.353333e+01	1.087616e-02	4.500573e+00
6.356667e+01	1.068596e-02	4.499726e+00
6.360000e+01	1.062466e-02	4.499453e+00
6.363333e+01	1.068618e-02	4.499727e+00
6.366667e+01	1.077014e-02	4.500101e+00
6.370000e+01	1.080082e-02	4.500237e+00
6.373333e+01	1.077652e-02	4.500129e+00
6.376667e+01	1.073962e-02	4.499965e+00
6.380000e+01	1.072455e-02	4.499898e+00
6.383333e+01	1.073398e-02	4.499940e+00
6.386667e+01	1.075013e-02	4.500012e+00
6.390000e+01	1.075742e-02	4.500044e+00
6.393333e+01	1.075384e-02	4.500028e+00
6.396667e+01	1.074680e-02	4.499997e+00
64	1.074332e-02	4.499981e+00
6.403333e+01	1.074464e-02	4.499987e+00
6.406667e+01	1.074769e-02	4.500001e+00
6.410000e+01	1.074934e-02	4.500008e+00
6.413333e+01	1.074887e-02	4.500006e+00
6.416667e+01	1.098591e-02	4.501061e+00
6.420000e+01	1.256897e-02	4.508109e+00
6.423333e+01	1.717966e-02	4.528637e+00
6.426667e+01	2.482632e-02	4.562681e+00
6.430000e+01	3.249997e-02	4.596845e+00
6.433333e+01	3.658150e-02	4.615017e+00
6.436667e+01	3.625746e-02	4.613574e+00
6.440000e+01	3.379232e-02	4.602599e+00
6.443333e+01	3.198067e-02	4.594533e+00
6.446667e+01	3.192176e-02	4.594271e+00
6.450000e+01	3.290086e-02	4.598630e+00
6.453333e+01	3.370466e-02	4.602209e+00
6.456667e+01	3.377532e-02	4.602523e+00
6.460000e+01	3.336846e-02	4.600712e+00
6.463333e+01	3.300735e-02	4.599104e+00
6.466667e+01	3.295762e-02	4.598883e+00
6.470000e+01	3.312695e-02	4.599637e+00
6.473333e+01	3.328921e-02	4.600359e+00
6.476667e+01	3.331936e-02	4.600493e+00
6.480000e+01	3.324940e-02	4.600182e+00
6.483333e+01	3.341514e-02	4.600920e+00
6.486667e+01	3.498212e-02	4.607896e+00
6.490000e+01	3.962130e-02	4.628550e+00
6.493333e+01	4.729975e-02	4.662736e+00
6.496667e+01	5.498200e-02	4.696938e+00
65	5.905196e-02	4.715059e+00
6.503333e+01	5.871381e-02	4.713553e+00
6.506667e+01	5.624424e-02	4.702558e+00
6.510000e+01	5.419888e-02	4.693452e+00
6.513333e+01	5.256237e-02	4.686166e+00
6.516667e+01	4.893316e-02	4.670008e+00
6.520000e+01	4.208902e-02	4.639537e+00
6.523333e+01	3.448365e-02	4.605677e+00
6.526667e+01	2.999412e-02	4.585689e+00
6.530000e+01	2.995753e-02	4.585526e+00
6.533333e+01	3.237397e-02	4.596284e+00
6.536667e+01	3.459385e-02	4.606167e+00
6.540000e+01	3.639868e-02	4.614203e+00
6.543333e+01	4.005982e-02	4.630503e+00
6.546667e+01	4.683190e-02	4.660653e+00
6.550000e+01	5.436197e-02	4.694178e+00
6.553333e+01	5.883374e-02	4.714087e+00
6.556667e+01	5.889983e-02	4.714381e+00
6.560000e+01	5.651691e-02	4.703772e+00
6.563333e+01	5.454479e-02	4.694992e+00
6.566667e+01	5.455020e-02	4.695016e+00
6.570000e+01	5.706857e-02	4.706228e+00
6.573333e+01	6.254830e-02	4.730625e+00
6.576667e+01	7.034239e-02	4.765325e+00
6.580000e+01	7.759800e-02	4.797628e+00
6.583333e+01	8.103179e-02	4.812916e+00
6.586667e+01	7.970508e-02	4.807009e+00
6.590000e+01	7.538643e-02	4.787782e+00
6.593333e+01	7.064007e-02	4.766651e+00
6.596667e+01	6.693576e-02	4.750158e+00
66	6.420637e-02	4.738007e+00
6.603333e+01	6.164132e-02	4.726587e+00
6.606667e+01	5.865523e-02	4.713292e+00
6.610000e+01	5.524934e-02	4.698129e+00
6.613333e+01	5.175740e-02	4.682582e+00
6.616667e+01	4.843992e-02	4.667812e+00
6.620000e+01	4.530930e-02	4.653874e+00
6.623333e+01	4.222506e-02	4.640143e+00
6.626667e+01	3.910344e-02	4.626245e+00
6.630000e+01	3.612493e-02	4.612984e+00
6.633333e+01	3.378077e-02	4.602547e+00
6.636667e+01	3.255778e-02	4.597102e+00
6.640000e+01	3.270615e-02	4.597763e+00
6.643333e+01	3.479544e-02	4.607065e+00
6.646667e+01	3.985366e-02	4.629585e+00
6.650000e+01	4.757907e-02	4.663980e+00
6.653333e+01	5.506672e-02	4.697316e+00
6.656667e+01	5.895875e-02	4.714644e+00
6.660000e+01	5.859239e-02	4.713012e+00
6.663333e+01	5.620269e-02	4.702373e+00
6.666667e+01	5.447465e-02	4.694680e+00
6.670000e+01	5.443804e-02	4.694517e+00
6.673333e+01	5.538642e-02	4.698739e+00
6.676667e+01	5.615313e-02	4.702152e+00
6.680000e+01	5.621229e-02	4.702416e+00
6.683333e+01	5.581779e-02	4.700660e+00
6.686667e+01	5.547307e-02	4.699125e+00
6.690000e+01	5.542913e-02	4.698929e+00
6.693333e+01	5.559356e-02	4.699661e+00
6.696667e+01	5.551026e-02	4.699290e+00
67	5.371536e-02	4.691299e+00
6.703333e+01	4.745294e-02	4.663418e+00
6.706667e+01	3.512686e-02	4.608540e+00
6.710000e+01	1.979200e-02	4.540267e+00
6.713333e+01	8.065060e-03	4.488057e+00
6.716667e+01	4.099897e-03	4.470404e+00
6.720000e+01	5.313134e-03	4.475805e+00
6.723333e+01	4.967886e-03	4.474268e+00
6.726667e+01	-8.212827e-04	4.448494e+00
6.730000e+01	-9.620559e-03	4.409318e+00
6.733333e+01	-1.682056e-02	4.377263e+00
6.736667e+01	-2.126641e-02	4.357469e+00
6.740000e+01	-2.491460e-02	4.341227e+00
6.743333e+01	-2.868943e-02	4.324421e+00
6.746667e+01	-3.118105e-02	4.313328e+00
6.750000e+01	-3.092374e-02	4.314473e+00
6.753333e+01	-2.829942e-02	4.326157e+00
6.756667e+01	-2.504122e-02	4.340663e+00
6.760000e+01	-2.258185e-02	4.351613e+00
6.763333e+01	-2.113416e-02	4.358058e+00
6.766667e+01	-2.004226e-02	4.362919e+00
6.770000e+01	-1.865466e-02	4.369097e+00
6.773333e+01	-1.682948e-02	4.377223e+00
6.776667e+01	-1.484758e-02	4.386047e+00
6.780000e+01	-1.286320e-02	4.394881e+00
6.783333e+01	-1.007885e-02	4.407278e+00
6.786667e+01	-4.940594e-03	4.430154e+00
6.790000e+01	2.686452e-03	4.464111e+00
6.793333e+01	1.034826e-02	4.498222e+00
6.796667e+01	1.582923e-02	4.522624e+00
68	2.034337e-02	4.542722e+00
6.803333e+01	2.743898e-02	4.574313e+00
6.806667e+01	3.957265e-02	4.628334e+00
6.810000e+01	5.585994e-02	4.700847e+00
6.813333e+01	7.179643e-02	4.771799e+00
6.816667e+01	8.161719e-02	4.815522e+00
6.820000e+01	8.180663e-02	4.816366e+00
6.823333e+01	7.237352e-02	4.774368e+00
6.826667e+01	5.647368e-02	4.703580e+00
6.830000e+01	4.004073e-02	4.630418e+00
6.833333e+01	2.943935e-02	4.583219e+00
6.836667e+01	2.721291e-02	4.573306e+00
6.840000e+01	3.054354e-02	4.588135e+00
6.843333e+01	3.436702e-02	4.605157e+00
6.846667e+01	3.556956e-02	4.610511e+00
6.850000e+01	3.442470e-02	4.605414e+00
6.853333e+01	3.312287e-02	4.599618e+00
6.856667e+01	3.361309e-02	4.601801e+00
6.860000e+01	3.642399e-02	4.614315e+00
6.863333e+01	4.074942e-02	4.633573e+00
6.866667e+01	4.533824e-02	4.654003e+00
6.870000e+01	4.940881e-02	4.672126e+00
6.873333e+01	5.294329e-02	4.687862e+00
6.876667e+01	5.634520e-02	4.703008e+00
6.880000e+01	5.994320e-02	4.719026e+00
6.883333e+01	6.376895e-02	4.736059e+00
6.886667e+01	6.766062e-02	4.753386e+00
6.890000e+01	7.143337e-02	4.770182e+00
6.893333e+01	7.531859e-02	4.787480e+00
6.896667e+01	8.109312e-02	4.813189e+00
69	9.191678e-02	4.861378e+00
6.903333e+01	1.089224e-01	4.937089e+00
6.906667e+01	1.283454e-01	5.023563e+00
6.910000e+01	1.436619e-01	5.091755e+00
6.913333e+01	1.505863e-01	5.122583e+00
6.916667e+01	1.499306e-01	5.119664e+00
6.920000e+01	1.461907e-01	5.103013e+00
6.923333e+01	1.436603e-01	5.091747e+00
6.926667e+01	1.437292e-01	5.092054e+00
6.930000e+01	1.451866e-01	5.098543e+00
6.933333e+01	1.462801e-01	5.103411e+00
6.936667e+01	1.463015e-01	5.103507e+00
6.940000e+01	1.454520e-01	5.099724e+00
6.943333e+01	1.431371e-01	5.089418e+00
6.946667e+01	1.369078e-01	5.061684e+00
6.950000e+01	1.249082e-01	5.008260e+00
6.953333e+01	1.095733e-01	4.939987e+00
6.956667e+01	9.626183e-02	4.880722e+00
6.960000e+01	8.778625e-02	4.842988e+00
6.963333e+01	8.282856e-02	4.820916e+00
6.966667e+01	7.941470e-02	4.805717e+00
6.970000e+01	7.723333e-02	4.796005e+00
6.973333e+01	7.656821e-02	4.793044e+00
6.976667e+01	7.685813e-02	4.794334e+00
6.980000e+01	7.689713e-02	4.794508e+00
6.983333e+01	7.591268e-02	4.790125e+00
6.986667e+01	7.408170e-02	4.781973e+00
6.990000e+01	7.210181e-02	4.773158e+00
6.993333e+01	7.048014e-02	4.765939e+00
6.996667e+01	6.923105e-02	4.760377e+00
70	6.807337e-02	4.755223e+00
7.003333e+01	6.677440e-02	4.749440e+00
7.006667e+01	6.531145e-02	4.742927e+00
7.010000e+01	6.380061e-02	4.736200e+00
7.013333e+01	6.234659e-02	4.729727e+00
7.016667e+01	6.096499e-02	4.723576e+00
7.020000e+01	5.960771e-02	4.717533e+00
7.023333e+01	5.824265e-02	4.711455e+00
7.026667e+01	5.694466e-02	4.705676e+00
7.030000e+01	5.592274e-02	4.701127e+00
7.033333e+01	5.538762e-02	4.698744e+00
7.036667e+01	5.534608e-02	4.698559e+00
7.040000e+01	5.556555e-02	4.699537e+00
7.043333e+01	5.576135e-02	4.700408e+00
7.046667e+01	5.579696e-02	4.700567e+00
7.050000e+01	5.571650e-02	4.700209e+00
7.053333e+01	5.563365e-02	4.699840e+00
7.056667e+01	5.561464e-02	4.699755e+00
7.060000e+01	5.564723e-02	4.699900e+00
7.063333e+01	5.568377e-02	4.700063e+00
7.066667e+01	5.569373e-02	4.700107e+00
7.070000e+01	5.568048e-02	4.700048e+00
7.073333e+01	5.566428e-02	4.699976e+00
7.076667e+01	5.565916e-02	4.699953e+00
7.080000e+01	5.542613e-02	4.698916e+00
7.083333e+01	5.384945e-02	4.691896e+00
7.086667e+01	4.924149e-02	4.671381e+00
7.090000e+01	4.159328e-02	4.637330e+00
7.093333e+01	3.367849e-02	4.602092e+00
7.096667e+01	2.801182e-02	4.576863e+00
71	2.372591e-02	4.557782e+00
7.103333e+01	1.854616e-02	4.534721e+00
7.106667e+01	1.268514e-02	4.508626e+00
7.110000e+01	8.662263e-03	4.490716e+00
7.113333e+01	8.006440e-03	4.487796e+00
7.116667e+01	9.685658e-03	4.495272e+00
7.120000e+01	1.156690e-02	4.503648e+00
7.123333e+01	1.252782e-02	4.507926e+00
7.126667e+01	1.299303e-02	4.509997e+00
7.130000e+01	1.391218e-02	4.514089e+00
7.133333e+01	1.565925e-02	4.521868e+00
7.136667e+01	1.786604e-02	4.531693e+00
7.140000e+01	1.996970e-02	4.541058e+00
7.143333e+01	2.172278e-02	4.548863e+00
7.146667e+01	2.325489e-02	4.555685e+00
7.150000e+01	2.481358e-02	4.562624e+00
7.153333e+01	2.652068e-02	4.570224e+00
7.156667e+01	2.832965e-02	4.578278e+00
7.160000e+01	3.013337e-02	4.586309e+00
7.163333e+01	3.187415e-02	4.594059e+00
7.166667e+01	3.356832e-02	4.601602e+00
7.170000e+01	3.526207e-02	4.609142e+00
7.173333e+01	3.698242e-02	4.616802e+00
7.176667e+01	3.872400e-02	4.624555e+00
7.180000e+01	4.046695e-02	4.632315e+00
7.183333e+01	4.219872e-02	4.640025e+00
7.186667e+01	4.392088e-02	4.647693e+00
7.190000e+01	4.564191e-02	4.655355e+00
7.193333e+01	4.736761e-02	4.663038e+00
7.196667e+01	4.909764e-02	4.670740e+00
72	5.082840e-02	4.678446e+00
7.203333e+01	5.277724e-02	4.687123e+00
7.206667e+01	5.594778e-02	4.701238e+00
7.210000e+01	6.178995e-02	4.727248e+00
7.213333e+01	6.984196e-02	4.763097e+00
7.216667e+01	7.574795e-02	4.789392e+00
7.220000e+01	7.289959e-02	4.776710e+00
7.223333e+01	5.691722e-02	4.705554e+00
7.226667e+01	2.962840e-02	4.584060e+00
7.230000e+01	-9.583161e-04	4.447884e+00
7.233333e+01	-2.621718e-02	4.335427e+00
7.236667e+01	-4.284544e-02	4.261396e+00
7.240000e+01	-5.247484e-02	4.218524e+00
7.243333e+01	-5.764028e-02	4.195527e+00
7.246667e+01	-6.069772e-02	4.181915e+00
7.250000e+01	-6.452996e-02	4.164853e+00
7.253333e+01	-7.100079e-02	4.136044e+00
7.256667e+01	-7.948311e-02	4.098280e+00
7.260000e+01	-8.831264e-02	4.058969e+00
7.263333e+01	-9.618749e-02	4.023909e+00
7.266667e+01	-1.018622e-01	3.998644e+00
7.270000e+01	-1.045271e-01	3.986780e+00
7.273333e+01	-1.048592e-01	3.985302e+00
7.276667e+01	-1.046670e-01	3.986157e+00
7.280000e+01	-1.053873e-01	3.982950e+00
7.283333e+01	-1.071945e-01	3.974904e+00
7.286667e+01	-1.093744e-01	3.965199e+00
7.290000e+01	-1.112341e-01	3.956919e+00
7.293333e+01	-1.126266e-01	3.950720e+00
7.296667e+01	-1.138335e-01	3.945346e+00
73	-1.151627e-01	3.939429e+00
7.303333e+01	-1.166951e-01	3.932606e+00
7.306667e+01	-1.183172e-01	3.925384e+00
7.310000e+01	-1.198927e-01	3.918370e+00
7.313333e+01	-1.213638e-01	3.911820e+00
7.316667e+01	-1.226864e-01	3.905932e+00
7.320000e+01	-1.237189e-01	3.901335e+00
7.323333e+01	-1.240417e-01	3.899898e+00
7.326667e+01	-1.222895e-01	3.907699e+00
7.330000e+01	-1.158868e-01	3.936205e+00
7.333333e+01	-1.034269e-01	3.991678e+00
7.336667e+01	-8.805894e-02	4.060099e+00
7.340000e+01	-7.614003e-02	4.113163e+00
7.343333e+01	-7.088382e-02	4.136565e+00
7.346667e+01	-6.908662e-02	4.144566e+00
7.350000e+01	-6.568752e-02	4.159700e+00
7.353333e+01	-5.984748e-02	4.185700e+00
7.356667e+01	-5.483353e-02	4.208023e+00
7.360000e+01	-5.338639e-02	4.214466e+00
7.363333e+01	-5.499335e-02	4.207312e+00
7.366667e+01	-5.714728e-02	4.197722e+00
7.370000e+01	-5.796954e-02	4.194061e+00
7.373333e+01	-5.739413e-02	4.196623e+00
7.376667e+01	-5.646775e-02	4.200747e+00
7.380000e+01	-5.606728e-02	4.202530e+00
7.383333e+01	-5.628485e-02	4.201562e+00
7.386667e+01	-5.668722e-02	4.199770e+00
7.390000e+01	-5.687885e-02	4.198917e+00
7.393333e+01	-5.679763e-02	4.199279e+00
7.396667e+01	-5.662288e-02	4.200057e+00
74	-5.653198e-02	4.200461e+00
7.403333e+01	-5.656123e-02	4.200331e+00
7.406667e+01	-5.663682e-02	4.199995e+00
7.410000e+01	-5.667956e-02	4.199804e+00
7.413333e+01	-5.666959e-02	4.199849e+00
7.416667e+01	-5.663704e-02	4.199994e+00
7.420000e+01	-5.637876e-02	4.201144e+00
7.423333e+01	-5.479802e-02	4.208181e+00
7.426667e+01	-4.996308e-02	4.229707e+00
7.430000e+01	-4.074237e-02	4.270759e+00
7.433333e+01	-2.845776e-02	4.325452e+00
7.436667e+01	-1.672414e-02	4.377692e+00
7.440000e+01	-9.370415e-03	4.410432e+00
7.443333e+01	-7.753903e-03	4.417629e+00
7.446667e+01	-9.891888e-03	4.408110e+00
7.450000e+01	-1.241781e-02	4.396864e+00
7.453333e+01	-1.325051e-02	4.393157e+00
7.456667e+01	-1.250466e-02	4.396478e+00
7.460000e+01	-1.145406e-02	4.401155e+00
7.463333e+01	-1.105700e-02	4.402923e+00
7.466667e+01	-1.134786e-02	4.401628e+00
7.470000e+01	-1.180482e-02	4.399593e+00
7.473333e+01	-1.199667e-02	4.398739e+00
7.476667e+01	-1.188397e-02	4.399241e+00
7.480000e+01	-1.168432e-02	4.400130e+00
7.483333e+01	-1.159198e-02	4.400541e+00
7.486667e+01	-1.163451e-02	4.400352e+00
7.490000e+01	-1.172141e-02	4.399965e+00
7.493333e+01	-1.176539e-02	4.399769e+00
7.496667e+01	-1.174988e-02	4.399838e+00
75	-1.195058e-02	4.398945e+00
7.503333e+01	-1.327532e-02	4.393047e+00
7.506667e+01	-1.630742e-02	4.379547e+00
7.510000e+01	-1.935922e-02	4.365960e+00
7.513333e+01	-1.939610e-02	4.365796e+00
7.516667e+01	-1.580265e-02	4.381795e+00
7.520000e+01	-1.139031e-02	4.401439e+00
7.523333e+01	-9.244642e-03	4.410992e+00
7.526667e+01	-9.898433e-03	4.408081e+00
7.530000e+01	-1.165406e-02	4.400265e+00
7.533333e+01	-1.269416e-02	4.395634e+00
7.536667e+01	-1.251885e-02	4.396415e+00
7.540000e+01	-1.178449e-02	4.399684e+00
7.543333e+01	-1.130602e-02	4.401814e+00
7.546667e+01	-1.135171e-02	4.401611e+00
7.550000e+01	-1.166361e-02	4.400222e+00
7.553333e+01	-1.188311e-02	4.399245e+00
7.556667e+01	-1.187608e-02	4.399276e+00
7.560000e+01	-1.174375e-02	4.399865e+00
7.563333e+01	-1.164344e-02	4.400312e+00
7.566667e+01	-1.164077e-02	4.400324e+00
7.570000e+01	-1.169661e-02	4.400075e+00
7.573333e+01	-1.174221e-02	4.399872e+00
7.576667e+01	-1.174592e-02	4.399856e+00
7.580000e+01	-1.172250e-02	4.399960e+00
7.583333e+01	-1.170188e-02	4.400052e+00
7.586667e+01	-1.169915e-02	4.400064e+00
7.590000e+01	-1.170890e-02	4.400021e+00
7.593333e+01	-1.171818e-02	4.399979e+00
7.596667e+01	-1.171986e-02	4.399972e+00
76	-1.147747e-02	4.401051e+00
7.603333e+01	-9.889485e-03	4.408121e+00
7.606667e+01	-5.278006e-03	4.428652e+00
7.610000e+01	2.366437e-03	4.462686e+00
7.613333e+01	1.027623e-02	4.497902e+00
7.616667e+01	1.617949e-02	4.524184e+00
7.620000e+01	2.228908e-02	4.551385e+00
7.623333e+01	3.366539e-02	4.602034e+00
7.626667e+01	5.202227e-02	4.683761e+00
7.630000e+01	7.294778e-02	4.776925e+00
7.633333e+01	8.996805e-02	4.852702e+00
7.636667e+01	9.971061e-02	4.896077e+00
7.640000e+01	1.028543e-01	4.910073e+00
7.643333e+01	1.021935e-01	4.907131e+00
7.646667e+01	1.003787e-01	4.899051e+00
7.650000e+01	9.800391e-02	4.888478e+00
7.653333e+01	9.336614e-02	4.867830e+00
7.656667e+01	8.470711e-02	4.829279e+00
7.660000e+01	7.273525e-02	4.775979e+00
7.663333e+01	6.092376e-02	4.723392e+00
7.666667e+01	5.333084e-02	4.689587e+00
7.670000e+01	5.157238e-02	4.681758e+00
7.673333e+01	5.373711e-02	4.691396e+00
7.676667e+01	5.636614e-02	4.703101e+00
7.680000e+01	5.750300e-02	4.708162e+00
7.683333e+01	5.833326e-02	4.711859e+00
7.686667e+01	6.184907e-02	4.727512e+00
7.690000e+01	6.906776e-02	4.759650e+00
7.693333e+01	7.703346e-02	4.795115e+00
7.696667e+01	8.159077e-02	4.815405e+00
77	8.147271e-02	4.814879e+00
7.703333e+01	7.889517e-02	4.803403e+00
7.706667e+01	7.687593e-02	4.794414e+00
7.710000e+01	7.671825e-02	4.793712e+00
7.713333e+01	7.773939e-02	4.798258e+00
7.716667e+01	7.863342e-02	4.802238e+00
7.720000e+01	7.873607e-02	4.802695e+00
7.723333e+01	7.820019e-02	4.800309e+00
7.726667e+01	7.739799e-02	4.796738e+00
7.730000e+01	7.644628e-02	4.792501e+00
7.733333e+01	7.526128e-02	4.787225e+00
7.736667e+01	7.382574e-02	4.780834e+00
7.740000e+01	7.227180e-02	4.773915e+00
7.743333e+01	7.075993e-02	4.767184e+00
7.746667e+01	6.935303e-02	4.760920e+00
7.750000e+01	6.800803e-02	4.754932e+00
7.753333e+01	6.665252e-02	4.748897e+00
7.756667e+01	6.525312e-02	4.742667e+00
7.760000e+01	6.382503e-02	4.736309e+00
7.763333e+01	6.239955e-02	4.729962e+00
7.766667e+01	6.099266e-02	4.723699e+00
7.770000e+01	5.959893e-02	4.717494e+00
7.773333e+01	5.821974e-02	4.711353e+00
7.776667e+01	5.693165e-02	4.705619e+00
7.780000e+01	5.592572e-02	4.701140e+00
7.783333e+01	5.539748e-02	4.698788e+00
7.786667e+01	5.535214e-02	4.698586e+00
7.790000e+01	5.556464e-02	4.699532e+00
7.793333e+01	5.575713e-02	4.700389e+00
7.796667e+01	5.579416e-02	4.700554e+00
78	5.571673e-02	4.700210e+00
7.803333e+01	5.563545e-02	4.699848e+00
7.806667e+01	5.561593e-02	4.699761e+00
7.810000e+01	5.564721e-02	4.699900e+00
7.813333e+01	5.568301e-02	4.700059e+00
7.816667e+01	5.569314e-02	4.700105e+00
7.820000e+01	5.568045e-02	4.700048e+00
7.823333e+01	5.566460e-02	4.699977e+00
7.826667e+01	5.565943e-02	4.699954e+00
7.830000e+01	5.542615e-02	4.698916e+00
7.833333e+01	5.384932e-02	4.691896e+00
7.836667e+01	4.924137e-02	4.671380e+00
7.840000e+01	4.159327e-02	4.637330e+00
7.843333e+01	3.391690e-02	4.603153e+00
7.846667e+01	2.959570e-02	4.583915e+00
7.850000e+01	2.833645e-02	4.578308e+00
7.853333e+01	2.619223e-02	4.568762e+00
7.856667e+01	2.035841e-02	4.542789e+00
7.860000e+01	1.274384e-02	4.508888e+00
7.863333e+01	7.444292e-03	4.485293e+00
7.866667e+01	5.380176e-03	4.476104e+00
7.870000e+01	3.164018e-03	4.466237e+00
7.873333e+01	-2.263343e-03	4.442074e+00
7.876667e+01	-9.516374e-03	4.409782e+00
7.880000e+01	-1.452727e-02	4.387473e+00
7.883333e+01	-1.541504e-02	4.383520e+00
7.886667e+01	-1.452858e-02	4.387467e+00
7.890000e+01	-1.536694e-02	4.383734e+00
7.893333e+01	-1.815073e-02	4.371341e+00
7.896667e+01	-2.061839e-02	4.360354e+00
79	-2.259347e-02	4.351561e+00
7.903333e+01	-2.609582e-02	4.335968e+00
7.906667e+01	-3.128364e-02	4.312871e+00
7.910000e+01	-3.535806e-02	4.294731e+00
7.913333e+01	-3.506909e-02	4.296017e+00
7.916667e+01	-2.916973e-02	4.322282e+00
7.920000e+01	-1.972306e-02	4.364340e+00
7.923333e+01	-1.132482e-02	4.401731e+00
7.926667e+01	-7.690084e-03	4.417913e+00
7.930000e+01	-8.781467e-03	4.413054e+00
7.933333e+01	-1.159546e-02	4.400526e+00
7.936667e+01	-1.347899e-02	4.392140e+00
7.940000e+01	-1.478953e-02	4.386305e+00
7.943333e+01	-1.825520e-02	4.370875e+00
7.946667e+01	-2.515860e-02	4.340140e+00
7.950000e+01	-3.290517e-02	4.305652e+00
7.953333e+01	-3.747181e-02	4.285320e+00
7.956667e+01	-3.748767e-02	4.285250e+00
7.960000e+01	-3.501031e-02	4.296279e+00
7.963333e+01	-3.299271e-02	4.305262e+00
7.966667e+01	-3.277845e-02	4.306216e+00
7.970000e+01	-3.375401e-02	4.301872e+00
7.973333e+01	-3.464477e-02	4.297907e+00
7.976667e+01	-3.478608e-02	4.297277e+00
7.980000e+01	-3.438471e-02	4.299064e+00
7.983333e+01	-3.374875e-02	4.301896e+00
7.986667e+01	-3.208323e-02	4.309311e+00
7.990000e+01	-2.763790e-02	4.329102e+00
7.993333e+01	-2.016928e-02	4.362354e+00
7.996667e+01	-1.254052e-02	4.396318e+00
80	-8.391533e-03	4.414790e+00
8.003333e+01	-8.636433e-03	4.413700e+00
8.006667e+01	-1.107811e-02	4.402829e+00
8.010000e+01	-1.291698e-02	4.394642e+00
8.013333e+01	-1.301091e-02	4.394224e+00
8.016667e+01	-1.204372e-02	4.398530e+00
8.020000e+01	-1.146743e-02	4.401096e+00
8.023333e+01	-1.296517e-02	4.394427e+00
8.026667e+01	-1.797665e-02	4.372116e+00
8.030000e+01	-2.598811e-02	4.336447e+00
8.033333e+01	-3.371791e-02	4.302033e+00
8.036667e+01	-3.763303e-02	4.284602e+00
8.040000e+01	-3.738369e-02	4.285713e+00
8.043333e+01	-3.646944e-02	4.289783e+00
8.046667e+01	-3.933689e-02	4.277017e+00
8.050000e+01	-4.699720e-02	4.242912e+00
8.053333e+01	-5.566766e-02	4.204310e+00
8.056667e+01	-6.052504e-02	4.182684e+00
8.060000e+01	-6.023937e-02	4.183956e+00
8.063333e+01	-5.759642e-02	4.195722e+00
8.066667e+01	-5.701879e-02	4.198294e+00
8.070000e+01	-6.153498e-02	4.178187e+00
8.073333e+01	-7.033426e-02	4.139012e+00
8.076667e+01	-7.896910e-02	4.100568e+00
8.080000e+01	-8.314518e-02	4.081975e+00
8.083333e+01	-8.234219e-02	4.085551e+00
8.086667e+01	-7.941349e-02	4.098590e+00
8.090000e+01	-7.729505e-02	4.108021e+00
8.093333e+01	-7.657749e-02	4.111216e+00
8.096667e+01	-7.587326e-02	4.114351e+00
81	-7.381467e-02	4.123516e+00
8.103333e+01	-7.035874e-02	4.138903e+00
8.106667e+01	-6.646391e-02	4.156243e+00
8.110000e+01	-6.300921e-02	4.171624e+00
8.113333e+01	-6.016194e-02	4.184300e+00
8.116667e+01	-5.754661e-02	4.195944e+00
8.120000e+01	-5.476614e-02	4.208323e+00
8.123333e+01	-5.172177e-02	4.221877e+00
8.126667e+01	-4.856435e-02	4.235935e+00
8.130000e+01	-4.546997e-02	4.249711e+00
8.133333e+01	-4.249057e-02	4.262976e+00
8.136667e+01	-3.935884e-02	4.276919e+00
8.140000e+01	-3.506920e-02	4.296017e+00
8.143333e+01	-2.807928e-02	4.327137e+00
8.146667e+01	-1.746366e-02	4.374399e+00
8.150000e+01	-3.480322e-03	4.436655e+00
8.153333e+01	1.240774e-02	4.507391e+00
8.156667e+01	2.698422e-02	4.572288e+00
8.160000e+01	3.618660e-02	4.613259e+00
8.163333e+01	3.829608e-02	4.622650e+00
8.166667e+01	3.562517e-02	4.610759e+00
0	0	0
0	0	0
0	0	0
