0	-2.056320e-03	4.711713e+00
3.333333e-02	-7.206107e-03	4.687398e+00
6.666667e-02	-6.582870e-03	4.690341e+00
1.000000e-01	-2.869386e-03	4.707874e+00
1.333333e-01	2.117851e-04	4.722421e+00
1.666667e-01	1.037825e-03	4.726322e+00
2.000000e-01	4.247037e-04	4.723427e+00
2.333333e-01	-3.980563e-05	4.721234e+00
2.666667e-01	4.380272e-04	4.723490e+00
3.000000e-01	1.573059e-03	4.728849e+00
3.333333e-01	2.683040e-03	4.734089e+00
3.666667e-01	3.394177e-03	4.737447e+00
4.000000e-01	3.805346e-03	4.739388e+00
4.333333e-01	4.210323e-03	4.741300e+00
4.666667e-01	4.783695e-03	4.744007e+00
5.000000e-01	5.493470e-03	4.747359e+00
5.333333e-01	6.213552e-03	4.750758e+00
5.666667e-01	6.862956e-03	4.753824e+00
6.000000e-01	7.450649e-03	4.756599e+00
6.333333e-01	8.030496e-03	4.759337e+00
6.666667e-01	8.639808e-03	4.762214e+00
7.000000e-01	9.276896e-03	4.765222e+00
7.333333e-01	9.918874e-03	4.768253e+00
7.666667e-01	1.054866e-02	4.771226e+00
8.000000e-01	1.116600e-02	4.774141e+00
8.333333e-01	1.178058e-02	4.777043e+00
8.666667e-01	1.240015e-02	4.779968e+00
9.000000e-01	1.302527e-02	4.782919e+00
9.333333e-01	1.365188e-02	4.785878e+00
9.666667e-01	1.427646e-02	4.788827e+00
1	1.489857e-02	4.791764e+00
1.033333e+00	1.551330e-02	4.794666e+00
1.066667e+00	1.608493e-02	4.797365e+00
1.100000e+00	1.652977e-02	4.799466e+00
1.133333e+00	1.676294e-02	4.800566e+00
1.166667e+00	1.699411e-02	4.801658e+00
1.200000e+00	1.830345e-02	4.807840e+00
1.233333e+00	2.230269e-02	4.826722e+00
1.266667e+00	2.905257e-02	4.858591e+00
1.300000e+00	3.583173e-02	4.890598e+00
1.333333e+00	3.929928e-02	4.906970e+00
1.366667e+00	3.861876e-02	4.903757e+00
1.400000e+00	3.579992e-02	4.890448e+00
1.433333e+00	3.344115e-02	4.879311e+00
1.466667e+00	3.265546e-02	4.875602e+00
1.500000e+00	3.286978e-02	4.876614e+00
1.533333e+00	3.298205e-02	4.877144e+00
1.566667e+00	3.244191e-02	4.874594e+00
1.600000e+00	3.144628e-02	4.869893e+00
1.633333e+00	3.046733e-02	4.865271e+00
1.666667e+00	2.976411e-02	4.861950e+00
1.700000e+00	2.926858e-02	4.859611e+00
1.733333e+00	2.877760e-02	4.857293e+00
1.766667e+00	2.817023e-02	4.854425e+00
1.800000e+00	2.746843e-02	4.851112e+00
1.833333e+00	2.675939e-02	4.847764e+00
1.866667e+00	2.609920e-02	4.844647e+00
1.900000e+00	2.548172e-02	4.841732e+00
1.933333e+00	2.486972e-02	4.838842e+00
1.966667e+00	2.423736e-02	4.835856e+00
2	2.358577e-02	4.832780e+00
2.033333e+00	2.293078e-02	4.829687e+00
2.066667e+00	2.228422e-02	4.826635e+00
2.100000e+00	2.164626e-02	4.823623e+00
2.133333e+00	2.101023e-02	4.820620e+00
2.166667e+00	2.037075e-02	4.817600e+00
2.200000e+00	1.972743e-02	4.814563e+00
2.233333e+00	1.908307e-02	4.811521e+00
2.266667e+00	1.844012e-02	4.808485e+00
2.300000e+00	1.780568e-02	4.805490e+00
2.333333e+00	1.721704e-02	4.802710e+00
2.366667e+00	1.675957e-02	4.800551e+00
2.400000e+00	1.651984e-02	4.799419e+00
2.433333e+00	1.649910e-02	4.799321e+00
2.466667e+00	1.659522e-02	4.799775e+00
2.500000e+00	1.690717e-02	4.801247e+00
2.533333e+00	1.841757e-02	4.808379e+00
2.566667e+00	2.273019e-02	4.828740e+00
2.600000e+00	2.990342e-02	4.862608e+00
2.633333e+00	3.713020e-02	4.896729e+00
2.666667e+00	4.099312e-02	4.914967e+00
2.700000e+00	4.070398e-02	4.913602e+00
2.733333e+00	3.838420e-02	4.902650e+00
2.766667e+00	3.667014e-02	4.894557e+00
2.800000e+00	3.660732e-02	4.894260e+00
2.833333e+00	3.752816e-02	4.898608e+00
2.866667e+00	3.828840e-02	4.902197e+00
2.900000e+00	3.835824e-02	4.902527e+00
2.933333e+00	3.797579e-02	4.900721e+00
2.966667e+00	3.763437e-02	4.899109e+00
3	3.758607e-02	4.898881e+00
3.033333e+00	3.774516e-02	4.899632e+00
3.066667e+00	3.789852e-02	4.900356e+00
3.100000e+00	3.792756e-02	4.900494e+00
3.133333e+00	3.786187e-02	4.900183e+00
3.166667e+00	3.779327e-02	4.899860e+00
3.200000e+00	3.777710e-02	4.899783e+00
3.233333e+00	3.780399e-02	4.899910e+00
3.266667e+00	3.783454e-02	4.900054e+00
3.300000e+00	3.784310e-02	4.900095e+00
3.333333e+00	3.783221e-02	4.900043e+00
3.366667e+00	3.781867e-02	4.899979e+00
3.400000e+00	3.781428e-02	4.899959e+00
3.433333e+00	3.781864e-02	4.899979e+00
3.466667e+00	3.804938e-02	4.901069e+00
3.500000e+00	3.954508e-02	4.908131e+00
3.533333e+00	4.389094e-02	4.928649e+00
3.566667e+00	5.109834e-02	4.962678e+00
3.600000e+00	5.833293e-02	4.996836e+00
3.633333e+00	6.218240e-02	5.015011e+00
3.666667e+00	6.187821e-02	5.013575e+00
3.700000e+00	5.955434e-02	5.002603e+00
3.733333e+00	5.784575e-02	4.994536e+00
3.766667e+00	5.778960e-02	4.994271e+00
3.800000e+00	5.871255e-02	4.998628e+00
3.833333e+00	5.947059e-02	5.002207e+00
3.866667e+00	5.953748e-02	5.002523e+00
3.900000e+00	5.915398e-02	5.000712e+00
3.933333e+00	5.858867e-02	4.998043e+00
3.966667e+00	5.704816e-02	4.990770e+00
4	5.286018e-02	4.970997e+00
4.033333e+00	4.580317e-02	4.937678e+00
4.066667e+00	3.859598e-02	4.903649e+00
4.100000e+00	3.468124e-02	4.885166e+00
4.133333e+00	3.491810e-02	4.886285e+00
4.166667e+00	3.722658e-02	4.897184e+00
4.200000e+00	3.896192e-02	4.905377e+00
4.233333e+00	3.904807e-02	4.905784e+00
4.266667e+00	3.813334e-02	4.901465e+00
4.300000e+00	3.736443e-02	4.897835e+00
4.333333e+00	3.728424e-02	4.897456e+00
4.366667e+00	3.766351e-02	4.899247e+00
4.400000e+00	3.800842e-02	4.900875e+00
4.433333e+00	3.806130e-02	4.901125e+00
4.466667e+00	3.790381e-02	4.900381e+00
4.500000e+00	3.774907e-02	4.899651e+00
4.533333e+00	3.771801e-02	4.899504e+00
4.566667e+00	3.778291e-02	4.899811e+00
4.600000e+00	3.785205e-02	4.900137e+00
4.633333e+00	3.786910e-02	4.900218e+00
4.666667e+00	3.784260e-02	4.900092e+00
4.700000e+00	3.781184e-02	4.899947e+00
4.733333e+00	3.780289e-02	4.899905e+00
4.766667e+00	3.781360e-02	4.899956e+00
4.800000e+00	3.782722e-02	4.900020e+00
4.833333e+00	3.783178e-02	4.900041e+00
4.866667e+00	3.782750e-02	4.900021e+00
4.900000e+00	3.782150e-02	4.899993e+00
4.933333e+00	3.781923e-02	4.899982e+00
4.966667e+00	3.782091e-02	4.899990e+00
5	3.782355e-02	4.900002e+00
5.033333e+00	3.782466e-02	4.900008e+00
5.066667e+00	3.782401e-02	4.900005e+00
5.100000e+00	3.782286e-02	4.899999e+00
5.133333e+00	3.782232e-02	4.899997e+00
5.166667e+00	3.782257e-02	4.899998e+00
5.200000e+00	3.782307e-02	4.900000e+00
5.233333e+00	3.782332e-02	4.900001e+00
5.266667e+00	3.759847e-02	4.898940e+00
5.300000e+00	3.610475e-02	4.891887e+00
5.333333e+00	3.175704e-02	4.871360e+00
5.366667e+00	2.454705e-02	4.837319e+00
5.400000e+00	1.731147e-02	4.803156e+00
5.433333e+00	1.346273e-02	4.784985e+00
5.466667e+00	1.376806e-02	4.786426e+00
5.500000e+00	1.609241e-02	4.797401e+00
5.533333e+00	1.757596e-02	4.804405e+00
5.566667e+00	1.613811e-02	4.797616e+00
5.600000e+00	1.086735e-02	4.772731e+00
5.633333e+00	2.899379e-03	4.735111e+00
5.666667e+00	-4.402962e-03	4.700633e+00
5.700000e+00	-8.062942e-03	4.683353e+00
5.733333e+00	-8.711465e-03	4.680291e+00
5.766667e+00	-1.010807e-02	4.673697e+00
5.800000e+00	-1.479310e-02	4.651577e+00
5.833333e+00	-2.104682e-02	4.622051e+00
5.866667e+00	-2.492968e-02	4.603718e+00
5.900000e+00	-2.447198e-02	4.605879e+00
5.933333e+00	-2.108828e-02	4.621855e+00
5.966667e+00	-1.758418e-02	4.638399e+00
6	-1.561878e-02	4.647679e+00
6.033333e+00	-1.495376e-02	4.650819e+00
6.066667e+00	-1.444395e-02	4.653226e+00
6.100000e+00	-1.331267e-02	4.658567e+00
6.133333e+00	-1.160246e-02	4.666641e+00
6.166667e+00	-9.793853e-03	4.675181e+00
6.200000e+00	-8.256470e-03	4.682439e+00
6.233333e+00	-7.077413e-03	4.688006e+00
6.266667e+00	-6.454023e-03	4.690949e+00
6.300000e+00	-7.390201e-03	4.686529e+00
6.333333e+00	-1.135717e-02	4.667800e+00
6.366667e+00	-1.822211e-02	4.635387e+00
6.400000e+00	-2.490871e-02	4.603817e+00
6.433333e+00	-2.706178e-02	4.593651e+00
6.466667e+00	-2.238537e-02	4.615731e+00
6.500000e+00	-1.294112e-02	4.660321e+00
6.533333e+00	-4.085087e-03	4.702134e+00
6.566667e+00	-2.010561e-04	4.720472e+00
6.600000e+00	-1.396031e-03	4.714830e+00
6.633333e+00	-4.440241e-03	4.700457e+00
6.666667e+00	-6.204416e-03	4.692128e+00
6.700000e+00	-5.889822e-03	4.693613e+00
6.733333e+00	-4.642894e-03	4.699501e+00
6.766667e+00	-3.843530e-03	4.703275e+00
6.800000e+00	-3.931172e-03	4.702861e+00
6.833333e+00	-4.460402e-03	4.700362e+00
6.866667e+00	-4.826613e-03	4.698633e+00
6.900000e+00	-4.809665e-03	4.698713e+00
6.933333e+00	-4.584781e-03	4.699775e+00
6.966667e+00	-4.417220e-03	4.700566e+00
7	-4.414984e-03	4.700577e+00
7.033333e+00	-4.510032e-03	4.700128e+00
7.066667e+00	-4.586304e-03	4.699768e+00
7.100000e+00	-4.591556e-03	4.699743e+00
7.133333e+00	-4.551632e-03	4.699931e+00
7.166667e+00	-4.517102e-03	4.700094e+00
7.200000e+00	-4.512928e-03	4.700114e+00
7.233333e+00	-4.529587e-03	4.700035e+00
7.266667e+00	-4.545139e-03	4.699962e+00
7.300000e+00	-4.547784e-03	4.699950e+00
7.333333e+00	-4.540884e-03	4.699982e+00
7.366667e+00	-4.533913e-03	4.700015e+00
7.400000e+00	-4.532401e-03	4.700022e+00
7.433333e+00	-4.535235e-03	4.700009e+00
7.466667e+00	-4.538344e-03	4.699994e+00
7.500000e+00	-4.539160e-03	4.699990e+00
7.533333e+00	-4.538007e-03	4.699996e+00
7.566667e+00	-4.536626e-03	4.700002e+00
7.600000e+00	-4.536203e-03	4.700004e+00
7.633333e+00	-4.536667e-03	4.700002e+00
7.666667e+00	-4.537277e-03	4.699999e+00
7.700000e+00	-4.537491e-03	4.699998e+00
7.733333e+00	-4.537307e-03	4.699999e+00
7.766667e+00	-4.537038e-03	4.700000e+00
7.800000e+00	-4.536932e-03	4.700001e+00
7.833333e+00	-4.537004e-03	4.700000e+00
7.866667e+00	-4.537122e-03	4.700000e+00
7.900000e+00	-4.537174e-03	4.700000e+00
7.933333e+00	-4.537146e-03	4.700000e+00
7.966667e+00	-4.537095e-03	4.700000e+00
8	-4.537070e-03	4.700000e+00
8.033333e+00	-4.537080e-03	4.700000e+00
8.066667e+00	-4.537103e-03	4.700000e+00
8.100000e+00	-4.537114e-03	4.700000e+00
8.133333e+00	-4.537111e-03	4.700000e+00
8.166667e+00	-4.537101e-03	4.700000e+00
8.200000e+00	-4.537095e-03	4.700000e+00
8.233333e+00	-4.537097e-03	4.700000e+00
8.266667e+00	-4.537101e-03	4.700000e+00
8.300000e+00	-4.537103e-03	4.700000e+00
8.333333e+00	-4.537103e-03	4.700000e+00
8.366667e+00	-4.537101e-03	4.700000e+00
8.400000e+00	-4.537100e-03	4.700000e+00
8.433333e+00	-4.537100e-03	4.700000e+00
8.466667e+00	-4.761862e-03	4.698939e+00
8.500000e+00	-6.255365e-03	4.691887e+00
8.533333e+00	-1.060295e-02	4.671361e+00
8.566667e+00	-1.781298e-02	4.637319e+00
8.600000e+00	-2.504865e-02	4.603156e+00
8.633333e+00	-2.889744e-02	4.584985e+00
8.666667e+00	-2.859211e-02	4.586426e+00
8.700000e+00	-2.626772e-02	4.597401e+00
8.733333e+00	-2.455938e-02	4.605466e+00
8.766667e+00	-2.450373e-02	4.605729e+00
8.800000e+00	-2.542692e-02	4.601370e+00
8.833333e+00	-2.618488e-02	4.597792e+00
8.866667e+00	-2.625155e-02	4.597477e+00
8.900000e+00	-2.586793e-02	4.599288e+00
8.933333e+00	-2.552741e-02	4.600896e+00
8.966667e+00	-2.548050e-02	4.601117e+00
9	-2.564016e-02	4.600364e+00
9.033333e+00	-2.579317e-02	4.599641e+00
9.066667e+00	-2.582161e-02	4.599507e+00
9.100000e+00	-2.575564e-02	4.599818e+00
9.133333e+00	-2.568717e-02	4.600142e+00
9.166667e+00	-2.544651e-02	4.601278e+00
9.200000e+00	-2.398002e-02	4.608202e+00
9.233333e+00	-1.964795e-02	4.628655e+00
9.266667e+00	-1.233183e-02	4.663198e+00
9.300000e+00	-4.680813e-03	4.699321e+00
9.333333e+00	6.656821e-05	4.721736e+00
9.366667e+00	1.133009e-03	4.726771e+00
9.400000e+00	4.282515e-04	4.723444e+00
9.433333e+00	3.176087e-04	4.722921e+00
9.466667e+00	1.708498e-03	4.729488e+00
9.500000e+00	3.968240e-03	4.740157e+00
9.533333e+00	6.059928e-03	4.750033e+00
9.566667e+00	7.520322e-03	4.756928e+00
9.600000e+00	8.579215e-03	4.761928e+00
9.633333e+00	9.685180e-03	4.767149e+00
9.666667e+00	1.105981e-02	4.773640e+00
9.700000e+00	1.261908e-02	4.781002e+00
9.733333e+00	1.415383e-02	4.788248e+00
9.766667e+00	1.547483e-02	4.794485e+00
9.800000e+00	1.642145e-02	4.798954e+00
9.833333e+00	1.688667e-02	4.801151e+00
9.866667e+00	1.691779e-02	4.801298e+00
9.900000e+00	1.695558e-02	4.801476e+00
9.933333e+00	1.828496e-02	4.807753e+00
9.966667e+00	2.260309e-02	4.828140e+00
10	2.988011e-02	4.862498e+00
1.003333e+01	3.718444e-02	4.896985e+00
1.006667e+01	4.104883e-02	4.915230e+00
1.010000e+01	4.070143e-02	4.913590e+00
1.013333e+01	3.823227e-02	4.901932e+00
1.016667e+01	3.611139e-02	4.891919e+00
1.020000e+01	3.518171e-02	4.887529e+00
1.023333e+01	3.475086e-02	4.885495e+00
1.026667e+01	3.388898e-02	4.881426e+00
1.030000e+01	3.234756e-02	4.874148e+00
1.033333e+01	3.050931e-02	4.865469e+00
1.036667e+01	2.883187e-02	4.857549e+00
1.040000e+01	2.745560e-02	4.851051e+00
1.043333e+01	2.622521e-02	4.845242e+00
1.046667e+01	2.493607e-02	4.839155e+00
1.050000e+01	2.351620e-02	4.832451e+00
1.053333e+01	2.202703e-02	4.825420e+00
1.056667e+01	2.055870e-02	4.818488e+00
1.060000e+01	1.916182e-02	4.811893e+00
1.063333e+01	1.789702e-02	4.805921e+00
1.066667e+01	1.691508e-02	4.801285e+00
1.070000e+01	1.638952e-02	4.798803e+00
1.073333e+01	1.633122e-02	4.798528e+00
1.076667e+01	1.653160e-02	4.799474e+00
1.080000e+01	1.672202e-02	4.800373e+00
1.083333e+01	1.676446e-02	4.800574e+00
1.086667e+01	1.669253e-02	4.800234e+00
1.090000e+01	1.683722e-02	4.800917e+00
1.093333e+01	1.830899e-02	4.807866e+00
1.096667e+01	2.268540e-02	4.828529e+00
11	2.993057e-02	4.862736e+00
1.103333e+01	3.717727e-02	4.896951e+00
1.106667e+01	4.101447e-02	4.915068e+00
1.110000e+01	4.069362e-02	4.913553e+00
1.113333e+01	3.836370e-02	4.902553e+00
1.116667e+01	3.665996e-02	4.894509e+00
1.120000e+01	3.638638e-02	4.893217e+00
1.123333e+01	3.581879e-02	4.890537e+00
1.126667e+01	3.222736e-02	4.873581e+00
1.130000e+01	2.508102e-02	4.839840e+00
1.133333e+01	1.746041e-02	4.803860e+00
1.136667e+01	1.327178e-02	4.784083e+00
1.140000e+01	1.353151e-02	4.785310e+00
1.143333e+01	1.601619e-02	4.797041e+00
1.146667e+01	1.787728e-02	4.805828e+00
1.150000e+01	1.796080e-02	4.806222e+00
1.153333e+01	1.697134e-02	4.801550e+00
1.156667e+01	1.614501e-02	4.797649e+00
1.160000e+01	1.583792e-02	4.796199e+00
1.163333e+01	1.475520e-02	4.791087e+00
1.166667e+01	1.077860e-02	4.772312e+00
1.170000e+01	3.623827e-03	4.738531e+00
1.173333e+01	-3.782525e-03	4.703563e+00
1.176667e+01	-8.022606e-03	4.683543e+00
1.180000e+01	-9.243506e-03	4.677779e+00
1.183333e+01	-1.119631e-02	4.668559e+00
1.186667e+01	-1.662356e-02	4.642935e+00
1.190000e+01	-2.377851e-02	4.609153e+00
1.193333e+01	-2.852557e-02	4.586740e+00
1.196667e+01	-2.882175e-02	4.585342e+00
12	-2.615867e-02	4.597915e+00
1.203333e+01	-2.341409e-02	4.610874e+00
1.206667e+01	-2.224200e-02	4.616408e+00
1.210000e+01	-2.236170e-02	4.615843e+00
1.213333e+01	-2.260489e-02	4.614694e+00
1.216667e+01	-2.220534e-02	4.616581e+00
1.220000e+01	-2.122862e-02	4.621192e+00
1.223333e+01	-2.016750e-02	4.626202e+00
1.226667e+01	-1.937278e-02	4.629955e+00
1.230000e+01	-1.883678e-02	4.632485e+00
1.233333e+01	-1.835093e-02	4.634779e+00
1.236667e+01	-1.775516e-02	4.637592e+00
1.240000e+01	-1.704373e-02	4.640951e+00
1.243333e+01	-1.630457e-02	4.644441e+00
1.246667e+01	-1.561035e-02	4.647719e+00
1.250000e+01	-1.496761e-02	4.650753e+00
1.253333e+01	-1.433952e-02	4.653719e+00
1.256667e+01	-1.369324e-02	4.656770e+00
1.260000e+01	-1.302414e-02	4.659929e+00
1.263333e+01	-1.234756e-02	4.663124e+00
1.266667e+01	-1.167826e-02	4.666284e+00
1.270000e+01	-1.101901e-02	4.669396e+00
1.273333e+01	-1.036351e-02	4.672491e+00
1.276667e+01	-9.705135e-03	4.675600e+00
1.280000e+01	-9.042341e-03	4.678729e+00
1.283333e+01	-8.377717e-03	4.681867e+00
1.286667e+01	-7.714202e-03	4.685000e+00
1.290000e+01	-7.052621e-03	4.688123e+00
1.293333e+01	-6.391923e-03	4.691243e+00
1.296667e+01	-5.737830e-03	4.694331e+00
13	-5.129566e-03	4.697203e+00
1.303333e+01	-4.656744e-03	4.699435e+00
1.306667e+01	-4.409388e-03	4.700603e+00
1.310000e+01	-4.388512e-03	4.700702e+00
1.313333e+01	-4.488110e-03	4.700231e+00
1.316667e+01	-4.578112e-03	4.699806e+00
1.320000e+01	-4.595319e-03	4.699725e+00
1.323333e+01	-4.559048e-03	4.699896e+00
1.326667e+01	-4.521056e-03	4.700076e+00
1.330000e+01	-4.511981e-03	4.700119e+00
1.333333e+01	-4.526635e-03	4.700049e+00
1.336667e+01	-4.543367e-03	4.699970e+00
1.340000e+01	-4.548083e-03	4.699948e+00
1.343333e+01	-4.542137e-03	4.699976e+00
1.346667e+01	-4.534727e-03	4.700011e+00
1.350000e+01	-4.532318e-03	4.700023e+00
1.353333e+01	-4.534700e-03	4.700011e+00
1.356667e+01	-4.537970e-03	4.699996e+00
1.360000e+01	-4.524190e-03	4.700061e+00
1.363333e+01	-4.408699e-03	4.700606e+00
1.366667e+01	-4.002872e-03	4.702522e+00
1.370000e+01	-3.117223e-03	4.706704e+00
1.373333e+01	-1.750151e-03	4.713158e+00
1.376667e+01	-1.267569e-04	4.720823e+00
1.380000e+01	1.476625e-03	4.728393e+00
1.383333e+01	2.925471e-03	4.735234e+00
1.386667e+01	4.260563e-03	4.741537e+00
1.390000e+01	5.591808e-03	4.747823e+00
1.393333e+01	6.984413e-03	4.754398e+00
1.396667e+01	8.427479e-03	4.761211e+00
14	9.875044e-03	4.768046e+00
1.403333e+01	1.129712e-02	4.774760e+00
1.406667e+01	1.269652e-02	4.781367e+00
1.410000e+01	1.407780e-02	4.787889e+00
1.413333e+01	1.537011e-02	4.793990e+00
1.416667e+01	1.638277e-02	4.798772e+00
1.420000e+01	1.691666e-02	4.801292e+00
1.423333e+01	1.718856e-02	4.802576e+00
1.426667e+01	1.846805e-02	4.808617e+00
1.430000e+01	2.284569e-02	4.829286e+00
1.433333e+01	3.173601e-02	4.871261e+00
1.436667e+01	4.489073e-02	4.933370e+00
1.440000e+01	6.037937e-02	5.006498e+00
1.443333e+01	7.453968e-02	5.073355e+00
1.446667e+01	8.326829e-02	5.114566e+00
1.450000e+01	8.506721e-02	5.123060e+00
1.453333e+01	8.237149e-02	5.110332e+00
1.456667e+01	7.927471e-02	5.095711e+00
1.460000e+01	7.828471e-02	5.091037e+00
1.463333e+01	7.922420e-02	5.095472e+00
1.466667e+01	8.051662e-02	5.101574e+00
1.470000e+01	8.099365e-02	5.103827e+00
1.473333e+01	8.062716e-02	5.102096e+00
1.476667e+01	8.006470e-02	5.099441e+00
1.480000e+01	7.983339e-02	5.098349e+00
1.483333e+01	7.997586e-02	5.099021e+00
1.486667e+01	8.022178e-02	5.100182e+00
1.490000e+01	8.033340e-02	5.100709e+00
1.493333e+01	8.027935e-02	5.100454e+00
1.496667e+01	8.017222e-02	5.099948e+00
15	8.011894e-02	5.099697e+00
1.503333e+01	8.013881e-02	5.099791e+00
1.506667e+01	8.018526e-02	5.100010e+00
1.510000e+01	8.021043e-02	5.100129e+00
1.513333e+01	8.042821e-02	5.101157e+00
1.516667e+01	8.190166e-02	5.108114e+00
1.520000e+01	8.623746e-02	5.128585e+00
1.523333e+01	9.367454e-02	5.163699e+00
1.526667e+01	1.024123e-01	5.204953e+00
1.530000e+01	1.106142e-01	5.243678e+00
1.533333e+01	1.175182e-01	5.276275e+00
1.536667e+01	1.223837e-01	5.299246e+00
1.540000e+01	1.241994e-01	5.307819e+00
1.543333e+01	1.227012e-01	5.300746e+00
1.546667e+01	1.188124e-01	5.282385e+00
1.550000e+01	1.140172e-01	5.259745e+00
1.553333e+01	1.094607e-01	5.238232e+00
1.556667e+01	1.054893e-01	5.219481e+00
1.560000e+01	1.018317e-01	5.202212e+00
1.563333e+01	9.809727e-02	5.184580e+00
1.566667e+01	9.412984e-02	5.165848e+00
1.570000e+01	9.002573e-02	5.146471e+00
1.573333e+01	8.594833e-02	5.127220e+00
1.576667e+01	8.197044e-02	5.108439e+00
1.580000e+01	7.805534e-02	5.089954e+00
1.583333e+01	7.413218e-02	5.071431e+00
1.586667e+01	7.016639e-02	5.052707e+00
1.590000e+01	6.621378e-02	5.034045e+00
1.593333e+01	6.254301e-02	5.016713e+00
1.596667e+01	5.970555e-02	5.003317e+00
16	5.845802e-02	4.997427e+00
1.603333e+01	5.983590e-02	5.003932e+00
1.606667e+01	6.478184e-02	5.027284e+00
1.610000e+01	7.252691e-02	5.063852e+00
1.613333e+01	7.986147e-02	5.098481e+00
1.616667e+01	8.349207e-02	5.115623e+00
1.620000e+01	8.296085e-02	5.113115e+00
1.623333e+01	8.058397e-02	5.101892e+00
1.626667e+01	7.896391e-02	5.094243e+00
1.630000e+01	7.900780e-02	5.094451e+00
1.633333e+01	7.995841e-02	5.098939e+00
1.636667e+01	8.068049e-02	5.102348e+00
1.640000e+01	8.070305e-02	5.102455e+00
1.643333e+01	8.030537e-02	5.100577e+00
1.646667e+01	7.997925e-02	5.099037e+00
1.650000e+01	7.995182e-02	5.098908e+00
1.653333e+01	8.011853e-02	5.099695e+00
1.656667e+01	8.004108e-02	5.099329e+00
1.660000e+01	7.856745e-02	5.092372e+00
1.663333e+01	7.415043e-02	5.071517e+00
1.666667e+01	6.687414e-02	5.037163e+00
1.670000e+01	5.962633e-02	5.002943e+00
1.673333e+01	5.580622e-02	4.984906e+00
1.676667e+01	5.614122e-02	4.986488e+00
1.680000e+01	5.847242e-02	4.997495e+00
1.683333e+01	6.016901e-02	5.005505e+00
1.686667e+01	6.021144e-02	5.005705e+00
1.690000e+01	5.905986e-02	5.000268e+00
1.693333e+01	5.681317e-02	4.989660e+00
1.696667e+01	5.240477e-02	4.968847e+00
17	4.558023e-02	4.936625e+00
1.703333e+01	3.868317e-02	4.904061e+00
1.706667e+01	3.487869e-02	4.886099e+00
1.710000e+01	3.502343e-02	4.886782e+00
1.713333e+01	3.742033e-02	4.898099e+00
1.716667e+01	4.059487e-02	4.913087e+00
1.720000e+01	4.506453e-02	4.934190e+00
1.723333e+01	5.141955e-02	4.964195e+00
1.726667e+01	5.791266e-02	4.994852e+00
1.730000e+01	6.166755e-02	5.012580e+00
1.733333e+01	6.171544e-02	5.012806e+00
1.736667e+01	5.972334e-02	5.003401e+00
1.740000e+01	5.807297e-02	4.995609e+00
1.743333e+01	5.787115e-02	4.994656e+00
1.746667e+01	5.864558e-02	4.998312e+00
1.750000e+01	5.937065e-02	5.001735e+00
1.753333e+01	5.949734e-02	5.002334e+00
1.756667e+01	5.918005e-02	5.000836e+00
1.760000e+01	5.885720e-02	4.999311e+00
1.763333e+01	5.878588e-02	4.998975e+00
1.766667e+01	5.891610e-02	4.999589e+00
1.770000e+01	5.905997e-02	5.000269e+00
1.773333e+01	5.909821e-02	5.000449e+00
1.776667e+01	5.904526e-02	5.000199e+00
1.780000e+01	5.898139e-02	4.999898e+00
1.783333e+01	5.896160e-02	4.999804e+00
1.786667e+01	5.898289e-02	4.999905e+00
1.790000e+01	5.901112e-02	5.000038e+00
1.793333e+01	5.902109e-02	5.000085e+00
1.796667e+01	5.901265e-02	5.000045e+00
18	5.900022e-02	4.999986e+00
1.803333e+01	5.899530e-02	4.999963e+00
1.806667e+01	5.899860e-02	4.999979e+00
1.810000e+01	5.900404e-02	5.000005e+00
1.813333e+01	5.900643e-02	5.000016e+00
1.816667e+01	5.900517e-02	5.000010e+00
1.820000e+01	5.900280e-02	4.999999e+00
1.823333e+01	5.900165e-02	4.999993e+00
1.826667e+01	5.900212e-02	4.999995e+00
1.830000e+01	5.877839e-02	4.998939e+00
1.833333e+01	5.728543e-02	4.991890e+00
1.836667e+01	5.271291e-02	4.970301e+00
1.840000e+01	4.400894e-02	4.929206e+00
1.843333e+01	3.220067e-02	4.873454e+00
1.846667e+01	1.964840e-02	4.814190e+00
1.850000e+01	8.145909e-03	4.759882e+00
1.853333e+01	-2.081908e-03	4.711592e+00
1.856667e+01	-1.165151e-02	4.666410e+00
1.860000e+01	-2.033038e-02	4.625433e+00
1.863333e+01	-2.647562e-02	4.596419e+00
1.866667e+01	-2.870233e-02	4.585906e+00
1.870000e+01	-2.767848e-02	4.590740e+00
1.873333e+01	-2.567275e-02	4.600210e+00
1.876667e+01	-2.461376e-02	4.605210e+00
1.880000e+01	-2.488555e-02	4.603926e+00
1.883333e+01	-2.546981e-02	4.601168e+00
1.886667e+01	-2.445674e-02	4.605951e+00
1.890000e+01	-2.002340e-02	4.626883e+00
1.893333e+01	-1.246988e-02	4.662546e+00
1.896667e+01	-5.013319e-03	4.697752e+00
19	-1.188750e-03	4.715809e+00
1.903333e+01	-1.640736e-03	4.713675e+00
1.906667e+01	-4.066764e-03	4.702221e+00
1.910000e+01	-5.770538e-03	4.694176e+00
1.913333e+01	-5.763859e-03	4.694208e+00
1.916667e+01	-4.794143e-03	4.698786e+00
1.920000e+01	-4.035496e-03	4.702368e+00
1.923333e+01	-3.995159e-03	4.702559e+00
1.926667e+01	-4.399954e-03	4.700648e+00
1.930000e+01	-4.741960e-03	4.699033e+00
1.933333e+01	-4.777812e-03	4.698864e+00
1.936667e+01	-4.608564e-03	4.699663e+00
1.940000e+01	-4.454386e-03	4.700391e+00
1.943333e+01	-4.430562e-03	4.700503e+00
1.946667e+01	-4.500848e-03	4.700171e+00
1.950000e+01	-4.570058e-03	4.699844e+00
1.953333e+01	-4.584046e-03	4.699778e+00
1.956667e+01	-4.555094e-03	4.699915e+00
1.960000e+01	-4.524172e-03	4.700061e+00
1.963333e+01	-4.516506e-03	4.700097e+00
1.966667e+01	-4.303563e-03	4.701103e+00
1.970000e+01	-2.823812e-03	4.708089e+00
1.973333e+01	1.519754e-03	4.728597e+00
1.976667e+01	8.734553e-03	4.762661e+00
1.980000e+01	1.597631e-02	4.796852e+00
1.983333e+01	1.982715e-02	4.815034e+00
1.986667e+01	1.951991e-02	4.813583e+00
1.990000e+01	1.719284e-02	4.802596e+00
1.993333e+01	1.548348e-02	4.794526e+00
1.996667e+01	1.542859e-02	4.794266e+00
20	1.635295e-02	4.798631e+00
2.003333e+01	1.711141e-02	4.802212e+00
2.006667e+01	1.695303e-02	4.801464e+00
2.010000e+01	1.507539e-02	4.792599e+00
2.013333e+01	1.038705e-02	4.770463e+00
2.016667e+01	3.130220e-03	4.736201e+00
2.020000e+01	-3.945563e-03	4.702793e+00
2.023333e+01	-7.641241e-03	4.685344e+00
2.026667e+01	-7.307507e-03	4.686920e+00
2.030000e+01	-5.049184e-03	4.697582e+00
2.033333e+01	-3.409369e-03	4.705324e+00
2.036667e+01	-3.369608e-03	4.705512e+00
2.040000e+01	-4.265738e-03	4.701281e+00
2.043333e+01	-4.993166e-03	4.697847e+00
2.046667e+01	-5.051392e-03	4.697572e+00
2.050000e+01	-4.678746e-03	4.699331e+00
2.053333e+01	-4.351767e-03	4.700875e+00
2.056667e+01	-4.309193e-03	4.701076e+00
2.060000e+01	-4.464458e-03	4.700343e+00
2.063333e+01	-4.611487e-03	4.699649e+00
2.066667e+01	-4.637751e-03	4.699525e+00
2.070000e+01	-4.573520e-03	4.699828e+00
2.073333e+01	-4.507677e-03	4.700139e+00
2.076667e+01	-4.492847e-03	4.700209e+00
2.080000e+01	-4.519190e-03	4.700085e+00
2.083333e+01	-4.548540e-03	4.699946e+00
2.086667e+01	-4.556473e-03	4.699909e+00
2.090000e+01	-4.545775e-03	4.699959e+00
2.093333e+01	-4.532751e-03	4.700021e+00
2.096667e+01	-4.528658e-03	4.700040e+00
21	-4.308193e-03	4.701081e+00
2.103333e+01	-2.820444e-03	4.708105e+00
2.106667e+01	1.525086e-03	4.728622e+00
2.110000e+01	8.736813e-03	4.762672e+00
2.113333e+01	1.597501e-02	4.796846e+00
2.116667e+01	1.982482e-02	4.815023e+00
2.120000e+01	1.951883e-02	4.813578e+00
2.123333e+01	1.719333e-02	4.802599e+00
2.126667e+01	1.548450e-02	4.794530e+00
2.130000e+01	1.542911e-02	4.794269e+00
2.133333e+01	1.635278e-02	4.798630e+00
2.136667e+01	1.711097e-02	4.802210e+00
2.140000e+01	1.717754e-02	4.802524e+00
2.143333e+01	1.679372e-02	4.800712e+00
2.146667e+01	1.645309e-02	4.799104e+00
2.150000e+01	1.640621e-02	4.798882e+00
2.153333e+01	1.656596e-02	4.799636e+00
2.156667e+01	1.671902e-02	4.800359e+00
2.160000e+01	1.674745e-02	4.800493e+00
2.163333e+01	1.668144e-02	4.800182e+00
2.166667e+01	1.661294e-02	4.799858e+00
2.170000e+01	1.659705e-02	4.799783e+00
2.173333e+01	1.662408e-02	4.799911e+00
2.176667e+01	1.665460e-02	4.800055e+00
2.180000e+01	1.666305e-02	4.800095e+00
2.183333e+01	1.665208e-02	4.800043e+00
2.186667e+01	1.663855e-02	4.799979e+00
2.190000e+01	1.663421e-02	4.799959e+00
2.193333e+01	1.663861e-02	4.799979e+00
2.196667e+01	1.664458e-02	4.800008e+00
22	1.664675e-02	4.800018e+00
2.203333e+01	1.664502e-02	4.800010e+00
2.206667e+01	1.664239e-02	4.799997e+00
2.210000e+01	1.664132e-02	4.799992e+00
2.213333e+01	1.664200e-02	4.799995e+00
2.216667e+01	1.664315e-02	4.800001e+00
2.220000e+01	1.664366e-02	4.800003e+00
2.223333e+01	1.664341e-02	4.800002e+00
2.226667e+01	1.664291e-02	4.800000e+00
2.230000e+01	1.664266e-02	4.799999e+00
2.233333e+01	1.664275e-02	4.799999e+00
2.236667e+01	1.664297e-02	4.800000e+00
2.240000e+01	1.664309e-02	4.800001e+00
2.243333e+01	1.664306e-02	4.800000e+00
2.246667e+01	1.664296e-02	4.800000e+00
2.250000e+01	1.664291e-02	4.800000e+00
2.253333e+01	1.664292e-02	4.800000e+00
2.256667e+01	1.664296e-02	4.800000e+00
2.260000e+01	1.664298e-02	4.800000e+00
2.263333e+01	1.664298e-02	4.800000e+00
2.266667e+01	1.664296e-02	4.800000e+00
2.270000e+01	1.664295e-02	4.800000e+00
2.273333e+01	1.664295e-02	4.800000e+00
2.276667e+01	1.664296e-02	4.800000e+00
2.280000e+01	1.664296e-02	4.800000e+00
2.283333e+01	1.664296e-02	4.800000e+00
2.286667e+01	1.664296e-02	4.800000e+00
2.290000e+01	1.664296e-02	4.800000e+00
2.293333e+01	1.664296e-02	4.800000e+00
2.296667e+01	1.664296e-02	4.800000e+00
23	1.664296e-02	4.800000e+00
2.303333e+01	1.664296e-02	4.800000e+00
2.306667e+01	1.664296e-02	4.800000e+00
2.310000e+01	1.665794e-02	4.800071e+00
2.313333e+01	1.677250e-02	4.800612e+00
2.316667e+01	1.717689e-02	4.802521e+00
2.320000e+01	1.806194e-02	4.806700e+00
2.323333e+01	1.942938e-02	4.813156e+00
2.326667e+01	2.105340e-02	4.820824e+00
2.330000e+01	2.265707e-02	4.828395e+00
2.333333e+01	2.410578e-02	4.835235e+00
2.336667e+01	2.544060e-02	4.841537e+00
2.340000e+01	2.677171e-02	4.847822e+00
2.343333e+01	2.816436e-02	4.854397e+00
2.346667e+01	2.960755e-02	4.861211e+00
2.350000e+01	3.105518e-02	4.868046e+00
2.353333e+01	3.247723e-02	4.874760e+00
2.356667e+01	3.387659e-02	4.881367e+00
2.360000e+01	3.525783e-02	4.887889e+00
2.363333e+01	3.655015e-02	4.893990e+00
2.366667e+01	3.756283e-02	4.898772e+00
2.370000e+01	3.809674e-02	4.901292e+00
2.373333e+01	3.814387e-02	4.901515e+00
2.376667e+01	3.792985e-02	4.900504e+00
2.380000e+01	3.795989e-02	4.900646e+00
2.383333e+01	3.941543e-02	4.907518e+00
2.386667e+01	4.384098e-02	4.928413e+00
2.390000e+01	5.113324e-02	4.962843e+00
2.393333e+01	5.838886e-02	4.997100e+00
2.396667e+01	6.220619e-02	5.015123e+00
24	6.186464e-02	5.013511e+00
2.403333e+01	5.952991e-02	5.002487e+00
2.406667e+01	5.783433e-02	4.994482e+00
2.410000e+01	5.779472e-02	4.994295e+00
2.413333e+01	5.872318e-02	4.998678e+00
2.416667e+01	5.947602e-02	5.002233e+00
2.420000e+01	5.953562e-02	5.002514e+00
2.423333e+01	5.892461e-02	4.999630e+00
2.426667e+01	5.709261e-02	4.990980e+00
2.430000e+01	5.270122e-02	4.970246e+00
2.433333e+01	4.565214e-02	4.936965e+00
2.436667e+01	3.856870e-02	4.903521e+00
2.440000e+01	3.474698e-02	4.885477e+00
2.443333e+01	3.498572e-02	4.886604e+00
2.446667e+01	3.724194e-02	4.897256e+00
2.450000e+01	3.893497e-02	4.905250e+00
2.453333e+01	3.901793e-02	4.905642e+00
2.456667e+01	3.812513e-02	4.901426e+00
2.460000e+01	3.737537e-02	4.897886e+00
2.463333e+01	3.729761e-02	4.897519e+00
2.466667e+01	3.766774e-02	4.899267e+00
2.470000e+01	3.800402e-02	4.900855e+00
2.473333e+01	3.805539e-02	4.901097e+00
2.476667e+01	3.790169e-02	4.900371e+00
2.480000e+01	3.775081e-02	4.899659e+00
2.483333e+01	3.772061e-02	4.899516e+00
2.486667e+01	3.778395e-02	4.899816e+00
2.490000e+01	3.785138e-02	4.900134e+00
2.493333e+01	3.786796e-02	4.900212e+00
2.496667e+01	3.784209e-02	4.900090e+00
25	3.781210e-02	4.899948e+00
2.503333e+01	3.780339e-02	4.899907e+00
2.506667e+01	3.781384e-02	4.899957e+00
2.510000e+01	3.782712e-02	4.900019e+00
2.513333e+01	3.783156e-02	4.900040e+00
2.516667e+01	3.782739e-02	4.900021e+00
2.520000e+01	3.782153e-02	4.899993e+00
2.523333e+01	3.781932e-02	4.899983e+00
2.526667e+01	3.782097e-02	4.899990e+00
2.530000e+01	3.782354e-02	4.900002e+00
2.533333e+01	3.782462e-02	4.900008e+00
2.536667e+01	3.804874e-02	4.901066e+00
2.540000e+01	3.954112e-02	4.908112e+00
2.543333e+01	4.366343e-02	4.927575e+00
2.546667e+01	4.938019e-02	4.954566e+00
2.550000e+01	5.226876e-02	4.968204e+00
2.553333e+01	4.890778e-02	4.952336e+00
2.556667e+01	4.136669e-02	4.916731e+00
2.560000e+01	3.519329e-02	4.887584e+00
2.563333e+01	3.379017e-02	4.880959e+00
2.566667e+01	3.605894e-02	4.891671e+00
2.570000e+01	3.869056e-02	4.904096e+00
2.573333e+01	3.950422e-02	4.907938e+00
2.576667e+01	3.864769e-02	4.903894e+00
2.580000e+01	3.750608e-02	4.898504e+00
2.583333e+01	3.709887e-02	4.896581e+00
2.586667e+01	3.743557e-02	4.898171e+00
2.590000e+01	3.757615e-02	4.898834e+00
2.593333e+01	3.538648e-02	4.888496e+00
2.596667e+01	2.829911e-02	4.855034e+00
26	1.655907e-02	4.799604e+00
2.603333e+01	4.999641e-03	4.745027e+00
2.606667e+01	-7.039746e-04	4.718098e+00
2.610000e+01	7.651120e-04	4.725034e+00
2.613333e+01	5.897973e-03	4.749268e+00
2.616667e+01	1.023677e-02	4.769754e+00
2.620000e+01	1.188801e-02	4.777550e+00
2.623333e+01	1.183764e-02	4.777312e+00
2.626667e+01	1.196635e-02	4.777920e+00
2.630000e+01	1.319372e-02	4.783715e+00
2.633333e+01	1.509592e-02	4.792696e+00
2.636667e+01	1.690209e-02	4.801223e+00
2.640000e+01	1.902551e-02	4.811249e+00
2.643333e+01	2.316746e-02	4.830805e+00
2.646667e+01	2.990868e-02	4.862633e+00
2.650000e+01	3.689470e-02	4.895617e+00
2.653333e+01	4.080943e-02	4.914100e+00
2.656667e+01	4.069574e-02	4.913563e+00
2.660000e+01	3.848325e-02	4.903117e+00
2.663333e+01	3.675257e-02	4.894946e+00
2.666667e+01	3.661496e-02	4.894296e+00
2.670000e+01	3.748654e-02	4.898411e+00
2.673333e+01	3.825117e-02	4.902021e+00
2.676667e+01	3.835293e-02	4.902502e+00
2.680000e+01	3.798651e-02	4.900772e+00
2.683333e+01	3.759396e-02	4.898919e+00
2.686667e+01	3.735371e-02	4.897784e+00
2.690000e+01	3.711199e-02	4.896643e+00
2.693333e+01	3.666173e-02	4.894517e+00
2.696667e+01	3.598000e-02	4.891298e+00
27	3.521151e-02	4.887670e+00
2.703333e+01	3.450418e-02	4.884330e+00
2.706667e+01	3.389673e-02	4.881462e+00
2.710000e+01	3.333424e-02	4.878807e+00
2.713333e+01	3.275009e-02	4.876049e+00
2.716667e+01	3.212295e-02	4.873088e+00
2.720000e+01	3.147435e-02	4.870025e+00
2.723333e+01	3.083361e-02	4.867000e+00
2.726667e+01	3.021145e-02	4.864063e+00
2.730000e+01	2.959940e-02	4.861173e+00
2.733333e+01	2.898460e-02	4.858270e+00
2.736667e+01	2.836179e-02	4.855330e+00
2.740000e+01	2.773424e-02	4.852367e+00
2.743333e+01	2.710759e-02	4.849408e+00
2.746667e+01	2.648438e-02	4.846466e+00
2.750000e+01	2.586337e-02	4.843533e+00
2.753333e+01	2.524211e-02	4.840600e+00
2.756667e+01	2.461937e-02	4.837660e+00
2.760000e+01	2.399562e-02	4.834715e+00
2.763333e+01	2.337192e-02	4.831770e+00
2.766667e+01	2.274885e-02	4.828828e+00
2.770000e+01	2.212624e-02	4.825889e+00
2.773333e+01	2.150364e-02	4.822949e+00
2.776667e+01	2.088077e-02	4.820008e+00
2.780000e+01	2.025769e-02	4.817067e+00
2.783333e+01	1.963460e-02	4.814125e+00
2.786667e+01	1.901161e-02	4.811183e+00
2.790000e+01	1.838872e-02	4.808242e+00
2.793333e+01	1.777246e-02	4.805333e+00
2.796667e+01	1.720007e-02	4.802630e+00
28	1.675552e-02	4.800531e+00
2.803333e+01	1.652301e-02	4.799434e+00
2.806667e+01	1.672810e-02	4.800402e+00
2.810000e+01	1.831515e-02	4.807895e+00
2.813333e+01	2.274731e-02	4.828821e+00
2.816667e+01	2.997353e-02	4.862939e+00
2.820000e+01	3.717514e-02	4.896941e+00
2.823333e+01	4.098825e-02	4.914944e+00
2.826667e+01	4.067437e-02	4.913462e+00
2.830000e+01	3.836374e-02	4.902553e+00
2.833333e+01	3.667112e-02	4.894561e+00
2.836667e+01	3.661991e-02	4.894320e+00
2.840000e+01	3.753752e-02	4.898652e+00
2.843333e+01	3.828851e-02	4.902198e+00
2.846667e+01	3.835292e-02	4.902502e+00
2.850000e+01	3.797153e-02	4.900701e+00
2.853333e+01	3.763409e-02	4.899108e+00
2.856667e+01	3.758831e-02	4.898892e+00
2.860000e+01	3.774709e-02	4.899641e+00
2.863333e+01	3.789875e-02	4.900358e+00
2.866667e+01	3.792663e-02	4.900489e+00
2.870000e+01	3.786100e-02	4.900179e+00
2.873333e+01	3.779312e-02	4.899859e+00
2.876667e+01	3.777749e-02	4.899785e+00
2.880000e+01	3.780438e-02	4.899912e+00
2.883333e+01	3.783462e-02	4.900055e+00
2.886667e+01	3.784294e-02	4.900094e+00
2.890000e+01	3.783204e-02	4.900043e+00
2.893333e+01	3.781862e-02	4.899979e+00
2.896667e+01	3.781434e-02	4.899959e+00
29	3.781872e-02	4.899980e+00
2.903333e+01	3.782464e-02	4.900008e+00
2.906667e+01	3.782679e-02	4.900018e+00
2.910000e+01	3.782506e-02	4.900010e+00
2.913333e+01	3.782245e-02	4.899997e+00
2.916667e+01	3.782140e-02	4.899992e+00
2.920000e+01	3.782207e-02	4.899996e+00
2.923333e+01	3.782321e-02	4.900001e+00
2.926667e+01	3.782372e-02	4.900003e+00
2.930000e+01	3.782346e-02	4.900002e+00
2.933333e+01	3.782297e-02	4.900000e+00
2.936667e+01	3.782272e-02	4.899999e+00
2.940000e+01	3.782282e-02	4.899999e+00
2.943333e+01	3.782303e-02	4.900000e+00
2.946667e+01	3.782315e-02	4.900001e+00
2.950000e+01	3.782312e-02	4.900000e+00
2.953333e+01	3.782302e-02	4.900000e+00
2.956667e+01	3.782297e-02	4.900000e+00
2.960000e+01	3.782298e-02	4.900000e+00
2.963333e+01	3.782302e-02	4.900000e+00
2.966667e+01	3.782304e-02	4.900000e+00
2.970000e+01	3.782304e-02	4.900000e+00
2.973333e+01	3.782302e-02	4.900000e+00
2.976667e+01	3.782301e-02	4.900000e+00
2.980000e+01	3.782301e-02	4.900000e+00
2.983333e+01	3.782302e-02	4.900000e+00
2.986667e+01	3.782303e-02	4.900000e+00
2.990000e+01	3.782303e-02	4.900000e+00
2.993333e+01	3.782302e-02	4.900000e+00
2.996667e+01	3.804778e-02	4.901061e+00
30	3.954128e-02	4.908113e+00
3.003333e+01	4.388887e-02	4.928639e+00
3.006667e+01	5.109890e-02	4.962681e+00
3.010000e+01	5.833457e-02	4.996844e+00
3.013333e+01	6.218337e-02	5.015015e+00
3.016667e+01	6.187803e-02	5.013574e+00
3.020000e+01	5.955364e-02	5.002599e+00
3.023333e+01	5.784530e-02	4.994534e+00
3.026667e+01	5.778966e-02	4.994271e+00
3.030000e+01	5.871285e-02	4.998630e+00
3.033333e+01	5.947080e-02	5.002208e+00
3.036667e+01	5.953747e-02	5.002523e+00
3.040000e+01	5.915385e-02	5.000712e+00
3.043333e+01	5.881334e-02	4.999104e+00
3.046667e+01	5.876642e-02	4.998883e+00
3.050000e+01	5.892609e-02	4.999636e+00
3.053333e+01	5.907909e-02	5.000359e+00
3.056667e+01	5.910753e-02	5.000493e+00
3.060000e+01	5.904156e-02	5.000182e+00
3.063333e+01	5.897309e-02	4.999858e+00
3.066667e+01	5.895719e-02	4.999783e+00
3.070000e+01	5.898421e-02	4.999911e+00
3.073333e+01	5.901471e-02	5.000055e+00
3.076667e+01	5.902316e-02	5.000095e+00
3.080000e+01	5.901220e-02	5.000043e+00
3.083333e+01	5.899868e-02	4.999979e+00
3.086667e+01	5.899434e-02	4.999959e+00
3.090000e+01	5.899873e-02	4.999979e+00
3.093333e+01	5.900470e-02	5.000008e+00
3.096667e+01	5.900688e-02	5.000018e+00
31	5.900514e-02	5.000010e+00
3.103333e+01	5.900252e-02	4.999997e+00
3.106667e+01	5.900145e-02	4.999992e+00
3.110000e+01	5.900212e-02	4.999995e+00
3.113333e+01	5.900327e-02	5.000001e+00
3.116667e+01	5.900379e-02	5.000003e+00
3.120000e+01	5.900353e-02	5.000002e+00
3.123333e+01	5.900303e-02	5.000000e+00
3.126667e+01	5.900278e-02	4.999999e+00
3.130000e+01	5.877812e-02	4.998938e+00
3.133333e+01	5.728483e-02	4.991887e+00
3.136667e+01	5.293736e-02	4.971361e+00
3.140000e+01	4.572730e-02	4.937319e+00
3.143333e+01	3.849154e-02	4.903156e+00
3.146667e+01	3.464269e-02	4.884984e+00
3.150000e+01	3.494803e-02	4.886426e+00
3.153333e+01	3.727246e-02	4.897401e+00
3.156667e+01	3.875607e-02	4.904405e+00
3.160000e+01	3.709345e-02	4.896555e+00
3.163333e+01	3.032915e-02	4.864618e+00
3.166667e+01	1.778881e-02	4.805410e+00
3.170000e+01	1.782942e-03	4.729840e+00
3.173333e+01	-1.349025e-02	4.657728e+00
3.176667e+01	-2.539672e-02	4.601513e+00
3.180000e+01	-3.449813e-02	4.558541e+00
3.183333e+01	-4.297826e-02	4.518503e+00
3.186667e+01	-5.206552e-02	4.475598e+00
3.190000e+01	-6.071962e-02	4.434739e+00
3.193333e+01	-6.647748e-02	4.407553e+00
3.196667e+01	-6.778483e-02	4.401381e+00
32	-6.551715e-02	4.412087e+00
3.203333e+01	-6.214044e-02	4.428030e+00
3.206667e+01	-5.966879e-02	4.439700e+00
3.210000e+01	-5.851243e-02	4.445160e+00
3.213333e+01	-5.789169e-02	4.448090e+00
3.216667e+01	-5.695115e-02	4.452531e+00
3.220000e+01	-5.545510e-02	4.459595e+00
3.223333e+01	-5.370602e-02	4.467853e+00
3.226667e+01	-5.207742e-02	4.475542e+00
3.230000e+01	-5.068947e-02	4.482095e+00
3.233333e+01	-4.943652e-02	4.488011e+00
3.236667e+01	-4.823878e-02	4.493666e+00
3.240000e+01	-4.700180e-02	4.499506e+00
3.243333e+01	-4.469535e-02	4.510396e+00
3.246667e+01	-3.853927e-02	4.539461e+00
3.250000e+01	-2.569955e-02	4.600083e+00
3.253333e+01	-7.123811e-03	4.687787e+00
3.256667e+01	1.111320e-02	4.773892e+00
3.260000e+01	2.196807e-02	4.825142e+00
3.263333e+01	2.327891e-02	4.831331e+00
3.266667e+01	1.896960e-02	4.810985e+00
3.270000e+01	1.485119e-02	4.791540e+00
3.273333e+01	1.397023e-02	4.787381e+00
3.276667e+01	1.558144e-02	4.794988e+00
3.280000e+01	1.734118e-02	4.803297e+00
3.283333e+01	1.757509e-02	4.804401e+00
3.286667e+01	1.543115e-02	4.794279e+00
3.290000e+01	1.030786e-02	4.770089e+00
3.293333e+01	2.862338e-03	4.734936e+00
3.296667e+01	-4.110987e-03	4.702012e+00
33	-7.616901e-03	4.685459e+00
3.303333e+01	-7.192718e-03	4.687462e+00
3.306667e+01	-5.197457e-03	4.696882e+00
3.310000e+01	-5.133619e-03	4.697184e+00
3.313333e+01	-9.484375e-03	4.676642e+00
3.316667e+01	-1.757674e-02	4.638434e+00
3.320000e+01	-2.550416e-02	4.601006e+00
3.323333e+01	-2.939101e-02	4.582654e+00
3.326667e+01	-2.871772e-02	4.585833e+00
3.330000e+01	-2.608171e-02	4.598279e+00
3.333333e+01	-2.434021e-02	4.606501e+00
3.336667e+01	-2.443837e-02	4.606038e+00
3.340000e+01	-2.550201e-02	4.601016e+00
3.343333e+01	-2.628187e-02	4.597334e+00
3.346667e+01	-2.628468e-02	4.597321e+00
3.350000e+01	-2.583803e-02	4.599429e+00
3.353333e+01	-2.548468e-02	4.601098e+00
3.356667e+01	-2.546407e-02	4.601195e+00
3.360000e+01	-2.565189e-02	4.600308e+00
3.363333e+01	-2.581192e-02	4.599553e+00
3.366667e+01	-2.582962e-02	4.599469e+00
3.370000e+01	-2.575113e-02	4.599840e+00
3.373333e+01	-2.567898e-02	4.600180e+00
3.376667e+01	-2.566742e-02	4.600235e+00
3.380000e+01	-2.569998e-02	4.600081e+00
3.383333e+01	-2.573235e-02	4.599928e+00
3.386667e+01	-2.573907e-02	4.599897e+00
3.390000e+01	-2.550091e-02	4.601021e+00
3.393333e+01	-2.399295e-02	4.608141e+00
3.396667e+01	-1.964171e-02	4.628685e+00
34	-1.266190e-02	4.661639e+00
3.403333e+01	-6.926162e-03	4.688720e+00
3.406667e+01	-7.426863e-03	4.686356e+00
3.410000e+01	-1.494002e-02	4.650883e+00
3.413333e+01	-2.449724e-02	4.605760e+00
3.416667e+01	-3.005340e-02	4.579527e+00
3.420000e+01	-2.980459e-02	4.580702e+00
3.423333e+01	-2.655827e-02	4.596029e+00
3.426667e+01	-2.409245e-02	4.607671e+00
3.430000e+01	-2.396979e-02	4.608250e+00
3.433333e+01	-2.527605e-02	4.602083e+00
3.436667e+01	-2.637429e-02	4.596897e+00
3.440000e+01	-2.648800e-02	4.596361e+00
3.443333e+01	-2.594496e-02	4.598924e+00
3.446667e+01	-2.545155e-02	4.601254e+00
3.450000e+01	-2.537615e-02	4.601610e+00
3.453333e+01	-2.560168e-02	4.600545e+00
3.456667e+01	-2.582310e-02	4.599500e+00
3.460000e+01	-2.586746e-02	4.599290e+00
3.463333e+01	-2.577451e-02	4.599729e+00
3.466667e+01	-2.567557e-02	4.600196e+00
3.470000e+01	-2.565121e-02	4.600311e+00
3.473333e+01	-2.568917e-02	4.600132e+00
3.476667e+01	-2.573318e-02	4.599924e+00
3.480000e+01	-2.574597e-02	4.599864e+00
3.483333e+01	-2.573064e-02	4.599936e+00
3.486667e+01	-2.571115e-02	4.600028e+00
3.490000e+01	-2.570463e-02	4.600059e+00
3.493333e+01	-2.571075e-02	4.600030e+00
3.496667e+01	-2.571935e-02	4.599990e+00
35	-2.572259e-02	4.599974e+00
3.503333e+01	-2.572018e-02	4.599986e+00
3.506667e+01	-2.571641e-02	4.600004e+00
3.510000e+01	-2.571482e-02	4.600011e+00
3.513333e+01	-2.571575e-02	4.600007e+00
3.516667e+01	-2.571740e-02	4.599999e+00
3.520000e+01	-2.571817e-02	4.599995e+00
3.523333e+01	-2.571782e-02	4.599997e+00
3.526667e+01	-2.571710e-02	4.600000e+00
3.530000e+01	-2.571673e-02	4.600002e+00
3.533333e+01	-2.571686e-02	4.600001e+00
3.536667e+01	-2.571717e-02	4.600000e+00
3.540000e+01	-2.571734e-02	4.599999e+00
3.543333e+01	-2.571730e-02	4.599999e+00
3.546667e+01	-2.571717e-02	4.600000e+00
3.550000e+01	-2.571709e-02	4.600000e+00
3.553333e+01	-2.571710e-02	4.600000e+00
3.556667e+01	-2.571716e-02	4.600000e+00
3.560000e+01	-2.571719e-02	4.600000e+00
3.563333e+01	-2.594195e-02	4.598939e+00
3.566667e+01	-2.743543e-02	4.591887e+00
3.570000e+01	-3.178300e-02	4.571361e+00
3.573333e+01	-3.899303e-02	4.537319e+00
3.576667e+01	-4.622871e-02	4.503156e+00
3.580000e+01	-5.007751e-02	4.484985e+00
3.583333e+01	-4.999694e-02	4.485365e+00
3.586667e+01	-4.916605e-02	4.489288e+00
3.590000e+01	-5.180529e-02	4.476827e+00
3.593333e+01	-5.895967e-02	4.443048e+00
3.596667e+01	-6.711853e-02	4.404527e+00
36	-7.172528e-02	4.382776e+00
3.603333e+01	-7.148662e-02	4.383903e+00
3.606667e+01	-6.877861e-02	4.396689e+00
3.610000e+01	-6.672975e-02	4.406362e+00
3.613333e+01	-6.662720e-02	4.406846e+00
3.616667e+01	-6.771005e-02	4.401734e+00
3.620000e+01	-6.862101e-02	4.397433e+00
3.623333e+01	-6.871612e-02	4.396984e+00
3.626667e+01	-6.826653e-02	4.399106e+00
3.630000e+01	-6.784256e-02	4.401108e+00
3.633333e+01	-6.766520e-02	4.401946e+00
3.636667e+01	-6.744749e-02	4.402974e+00
3.640000e+01	-6.674594e-02	4.406286e+00
3.643333e+01	-6.541539e-02	4.412568e+00
3.646667e+01	-6.371444e-02	4.420599e+00
3.650000e+01	-6.202878e-02	4.428558e+00
3.653333e+01	-6.055983e-02	4.435493e+00
3.656667e+01	-5.925642e-02	4.441647e+00
3.660000e+01	-5.796178e-02	4.447760e+00
3.663333e+01	-5.657975e-02	4.454285e+00
3.666667e+01	-5.512388e-02	4.461159e+00
3.670000e+01	-5.366010e-02	4.468070e+00
3.673333e+01	-5.223264e-02	4.474809e+00
3.676667e+01	-5.083835e-02	4.481392e+00
3.680000e+01	-4.946422e-02	4.487880e+00
3.683333e+01	-4.817459e-02	4.493969e+00
3.686667e+01	-4.715992e-02	4.498760e+00
3.690000e+01	-4.639813e-02	4.502356e+00
3.693333e+01	-4.485618e-02	4.509637e+00
3.696667e+01	-4.072337e-02	4.529149e+00
37	-3.370944e-02	4.562265e+00
3.703333e+01	-2.628760e-02	4.597307e+00
3.706667e+01	-2.086705e-02	4.622899e+00
3.710000e+01	-1.674197e-02	4.642376e+00
3.713333e+01	-1.183608e-02	4.665538e+00
3.716667e+01	-6.565089e-03	4.690425e+00
3.720000e+01	-4.301905e-03	4.701110e+00
3.723333e+01	-8.042122e-03	4.683451e+00
3.726667e+01	-1.680579e-02	4.642074e+00
3.730000e+01	-2.566699e-02	4.600237e+00
3.733333e+01	-2.994971e-02	4.580016e+00
3.736667e+01	-2.906682e-02	4.584185e+00
3.740000e+01	-2.603851e-02	4.598483e+00
3.743333e+01	-2.410649e-02	4.607605e+00
3.746667e+01	-2.427945e-02	4.606788e+00
3.750000e+01	-2.551159e-02	4.600971e+00
3.753333e+01	-2.638112e-02	4.596865e+00
3.756667e+01	-2.635738e-02	4.596977e+00
3.760000e+01	-2.583802e-02	4.599429e+00
3.763333e+01	-2.544268e-02	4.601296e+00
3.766667e+01	-2.543094e-02	4.601351e+00
3.770000e+01	-2.565003e-02	4.600317e+00
3.773333e+01	-2.582959e-02	4.599469e+00
3.776667e+01	-2.584464e-02	4.599398e+00
3.780000e+01	-2.575277e-02	4.599832e+00
3.783333e+01	-2.567160e-02	4.600215e+00
3.786667e+01	-2.566065e-02	4.600267e+00
3.790000e+01	-2.569890e-02	4.600086e+00
3.793333e+01	-2.573541e-02	4.599914e+00
3.796667e+01	-2.574211e-02	4.599882e+00
38	-2.572630e-02	4.599957e+00
3.803333e+01	-2.570996e-02	4.600034e+00
3.806667e+01	-2.570620e-02	4.600052e+00
3.810000e+01	-2.571268e-02	4.600021e+00
3.813333e+01	-2.571996e-02	4.599987e+00
3.816667e+01	-2.572196e-02	4.599977e+00
3.820000e+01	-2.571933e-02	4.599990e+00
3.823333e+01	-2.571610e-02	4.600005e+00
3.826667e+01	-2.571507e-02	4.600010e+00
3.830000e+01	-2.549137e-02	4.601066e+00
3.833333e+01	-2.399929e-02	4.608111e+00
3.836667e+01	-1.965222e-02	4.628635e+00
3.840000e+01	-1.244178e-02	4.662679e+00
3.843333e+01	-5.205480e-03	4.696844e+00
3.846667e+01	-1.356428e-03	4.715017e+00
3.850000e+01	-1.661925e-03	4.713575e+00
3.853333e+01	-3.986590e-03	4.702599e+00
3.856667e+01	-5.695052e-03	4.694533e+00
3.860000e+01	-5.750635e-03	4.694270e+00
3.863333e+01	-4.827326e-03	4.698630e+00
3.866667e+01	-4.069314e-03	4.702209e+00
3.870000e+01	-4.002665e-03	4.702523e+00
3.873333e+01	-4.386336e-03	4.700712e+00
3.876667e+01	-4.726880e-03	4.699104e+00
3.880000e+01	-4.773784e-03	4.698883e+00
3.883333e+01	-4.614099e-03	4.699636e+00
3.886667e+01	-4.461080e-03	4.700359e+00
3.890000e+01	-4.432645e-03	4.700493e+00
3.893333e+01	-4.498624e-03	4.700182e+00
3.896667e+01	-4.567100e-03	4.699858e+00
39	-4.582998e-03	4.699783e+00
3.903333e+01	-4.555976e-03	4.699911e+00
3.906667e+01	-4.525473e-03	4.700055e+00
3.910000e+01	-4.517023e-03	4.700095e+00
3.913333e+01	-4.527980e-03	4.700043e+00
3.916667e+01	-4.541506e-03	4.699979e+00
3.920000e+01	-4.545846e-03	4.699959e+00
3.923333e+01	-4.541455e-03	4.699979e+00
3.926667e+01	-4.535483e-03	4.700008e+00
3.930000e+01	-4.533309e-03	4.700018e+00
3.933333e+01	-4.535045e-03	4.700010e+00
3.936667e+01	-4.537669e-03	4.699997e+00
3.940000e+01	-4.538738e-03	4.699992e+00
3.943333e+01	-4.762825e-03	4.698934e+00
3.946667e+01	-6.255179e-03	4.691888e+00
3.950000e+01	-1.060225e-02	4.671364e+00
3.953333e+01	-1.781253e-02	4.637321e+00
3.956667e+01	-2.504870e-02	4.603156e+00
3.960000e+01	-2.889774e-02	4.584983e+00
3.963333e+01	-2.881708e-02	4.585364e+00
3.966667e+01	-2.798597e-02	4.589288e+00
3.970000e+01	-3.062510e-02	4.576828e+00
3.973333e+01	-3.777952e-02	4.543049e+00
3.976667e+01	-4.593847e-02	4.504527e+00
3.980000e+01	-5.054528e-02	4.482776e+00
3.983333e+01	-5.030660e-02	4.483903e+00
3.986667e+01	-4.759855e-02	4.496689e+00
3.990000e+01	-4.554967e-02	4.506362e+00
3.993333e+01	-4.544712e-02	4.506847e+00
3.996667e+01	-4.652999e-02	4.501734e+00
40	-4.744096e-02	4.497433e+00
4.003333e+01	-4.731130e-02	4.498045e+00
4.006667e+01	-4.536821e-02	4.507219e+00
4.010000e+01	-4.061163e-02	4.529677e+00
4.013333e+01	-3.333879e-02	4.564015e+00
4.016667e+01	-2.628981e-02	4.597296e+00
4.020000e+01	-2.262452e-02	4.614602e+00
4.023333e+01	-2.296674e-02	4.612986e+00
4.026667e+01	-2.521420e-02	4.602375e+00
4.030000e+01	-2.684055e-02	4.594696e+00
4.033333e+01	-2.687595e-02	4.594529e+00
4.036667e+01	-2.598417e-02	4.598739e+00
4.040000e+01	-2.526269e-02	4.602146e+00
4.043333e+01	-2.520664e-02	4.602410e+00
4.046667e+01	-2.557757e-02	4.600659e+00
4.050000e+01	-2.588872e-02	4.599190e+00
4.053333e+01	-2.582915e-02	4.599471e+00
4.056667e+01	-2.531773e-02	4.601886e+00
4.060000e+01	-2.439091e-02	4.606262e+00
4.063333e+01	-2.315861e-02	4.612080e+00
4.066667e+01	-2.178962e-02	4.618544e+00
4.070000e+01	-2.043997e-02	4.624916e+00
4.073333e+01	-1.917628e-02	4.630882e+00
4.076667e+01	-1.797225e-02	4.636567e+00
4.080000e+01	-1.676861e-02	4.642250e+00
4.083333e+01	-1.553198e-02	4.648089e+00
4.086667e+01	-1.426924e-02	4.654050e+00
4.090000e+01	-1.300485e-02	4.660020e+00
4.093333e+01	-1.175414e-02	4.665925e+00
4.096667e+01	-1.051513e-02	4.671775e+00
41	-9.290670e-03	4.677556e+00
4.103333e+01	-8.148357e-03	4.682950e+00
4.106667e+01	-7.454831e-03	4.686224e+00
4.110000e+01	-8.304045e-03	4.682215e+00
4.113333e+01	-1.209957e-02	4.664294e+00
4.116667e+01	-1.864953e-02	4.633369e+00
4.120000e+01	-2.520466e-02	4.602420e+00
4.123333e+01	-2.863367e-02	4.586230e+00
4.126667e+01	-2.829572e-02	4.587826e+00
4.130000e+01	-2.617270e-02	4.597849e+00
4.133333e+01	-2.464797e-02	4.605048e+00
4.136667e+01	-2.462655e-02	4.605149e+00
4.140000e+01	-2.547287e-02	4.601153e+00
4.143333e+01	-2.615067e-02	4.597953e+00
4.146667e+01	-2.619827e-02	4.597728e+00
4.150000e+01	-2.607049e-02	4.598332e+00
4.153333e+01	-2.725894e-02	4.592721e+00
4.156667e+01	-3.156963e-02	4.572368e+00
4.160000e+01	-3.892673e-02	4.537632e+00
4.163333e+01	-4.629970e-02	4.502821e+00
4.166667e+01	-5.017182e-02	4.484539e+00
4.170000e+01	-4.980555e-02	4.486269e+00
4.173333e+01	-4.741962e-02	4.497534e+00
4.176667e+01	-4.569794e-02	4.505662e+00
4.180000e+01	-4.566733e-02	4.505807e+00
4.183333e+01	-4.661797e-02	4.501318e+00
4.186667e+01	-4.738312e-02	4.497706e+00
4.190000e+01	-4.743961e-02	4.497439e+00
4.193333e+01	-4.704380e-02	4.499308e+00
4.196667e+01	-4.692431e-02	4.499872e+00
42	-4.837500e-02	4.493023e+00
4.203333e+01	-5.288764e-02	4.471717e+00
4.206667e+01	-6.002779e-02	4.438005e+00
4.210000e+01	-6.579677e-02	4.410767e+00
4.213333e+01	-6.522964e-02	4.413445e+00
4.216667e+01	-5.764487e-02	4.449256e+00
4.220000e+01	-4.806955e-02	4.494465e+00
4.223333e+01	-4.254047e-02	4.520570e+00
4.226667e+01	-4.282112e-02	4.519245e+00
4.230000e+01	-4.607690e-02	4.503873e+00
4.233333e+01	-4.853179e-02	4.492283e+00
4.236667e+01	-4.841560e-02	4.492831e+00
4.240000e+01	-4.561104e-02	4.506073e+00
4.243333e+01	-4.016957e-02	4.531764e+00
4.246667e+01	-3.285204e-02	4.566313e+00
4.250000e+01	-2.616179e-02	4.597901e+00
4.253333e+01	-2.278971e-02	4.613822e+00
4.256667e+01	-2.305317e-02	4.612578e+00
4.260000e+01	-2.474648e-02	4.604583e+00
4.263333e+01	-2.534900e-02	4.601738e+00
4.266667e+01	-2.399404e-02	4.608136e+00
4.270000e+01	-2.154033e-02	4.619721e+00
4.273333e+01	-1.927741e-02	4.630405e+00
4.276667e+01	-1.778586e-02	4.637447e+00
4.280000e+01	-1.679645e-02	4.642118e+00
4.283333e+01	-1.576193e-02	4.647003e+00
4.286667e+01	-1.440362e-02	4.653416e+00
4.290000e+01	-1.281623e-02	4.660911e+00
4.293333e+01	-1.123506e-02	4.668376e+00
4.296667e+01	-9.790981e-03	4.675194e+00
43	-8.451416e-03	4.681519e+00
4.303333e+01	-7.130060e-03	4.687758e+00
4.306667e+01	-5.625677e-03	4.694860e+00
4.310000e+01	-3.094909e-03	4.706809e+00
4.313333e+01	1.813317e-03	4.729983e+00
4.316667e+01	9.077358e-03	4.764280e+00
4.320000e+01	1.608900e-02	4.797384e+00
4.323333e+01	1.973119e-02	4.814581e+00
4.326667e+01	1.960907e-02	4.814004e+00
4.330000e+01	1.886018e-02	4.810468e+00
4.333333e+01	2.158692e-02	4.823343e+00
4.336667e+01	2.876307e-02	4.857224e+00
4.340000e+01	3.688885e-02	4.895589e+00
4.343333e+01	4.123232e-02	4.916097e+00
4.346667e+01	3.948891e-02	4.907865e+00
4.350000e+01	3.244670e-02	4.874616e+00
4.353333e+01	2.320486e-02	4.830982e+00
4.356667e+01	1.587235e-02	4.796362e+00
4.360000e+01	1.310105e-02	4.783277e+00
4.363333e+01	1.430983e-02	4.788984e+00
4.366667e+01	1.672649e-02	4.800394e+00
4.370000e+01	1.797330e-02	4.806281e+00
4.373333e+01	1.751586e-02	4.804121e+00
4.376667e+01	1.615214e-02	4.797683e+00
4.380000e+01	1.475031e-02	4.791064e+00
4.383333e+01	1.358373e-02	4.785556e+00
4.386667e+01	1.248105e-02	4.780350e+00
4.390000e+01	1.124151e-02	4.774497e+00
4.393333e+01	9.848887e-03	4.767922e+00
4.396667e+01	8.417913e-03	4.761166e+00
44	7.048289e-03	4.754700e+00
4.403333e+01	5.750437e-03	4.748572e+00
4.406667e+01	4.473894e-03	4.742545e+00
4.410000e+01	3.172560e-03	4.736401e+00
4.413333e+01	1.839249e-03	4.730105e+00
4.416667e+01	4.949985e-04	4.723759e+00
4.420000e+01	-8.394120e-04	4.717458e+00
4.423333e+01	-2.145687e-03	4.711291e+00
4.426667e+01	-3.353186e-03	4.705590e+00
4.430000e+01	-4.292815e-03	4.701153e+00
4.433333e+01	-4.787995e-03	4.698815e+00
4.436667e+01	-4.833594e-03	4.698600e+00
4.440000e+01	-4.637161e-03	4.699528e+00
4.443333e+01	-4.457114e-03	4.700378e+00
4.446667e+01	-4.421069e-03	4.700548e+00
4.450000e+01	-4.492350e-03	4.700211e+00
4.453333e+01	-4.568282e-03	4.699853e+00
4.456667e+01	-4.587119e-03	4.699764e+00
4.460000e+01	-4.558383e-03	4.699900e+00
4.463333e+01	-4.524973e-03	4.700057e+00
4.466667e+01	-4.515255e-03	4.700103e+00
4.470000e+01	-4.541871e-03	4.699977e+00
4.473333e+01	-4.671205e-03	4.699367e+00
4.476667e+01	-5.080532e-03	4.697434e+00
4.480000e+01	-5.960943e-03	4.693277e+00
4.483333e+01	-7.321861e-03	4.686852e+00
4.486667e+01	-8.943427e-03	4.679196e+00
4.490000e+01	-1.054892e-02	4.671616e+00
4.493333e+01	-1.200049e-02	4.664762e+00
4.496667e+01	-1.333651e-02	4.658454e+00
45	-1.466691e-02	4.652173e+00
4.503333e+01	-1.605832e-02	4.645603e+00
4.506667e+01	-1.750093e-02	4.638792e+00
4.510000e+01	-1.894882e-02	4.631956e+00
4.513333e+01	-2.037142e-02	4.625240e+00
4.516667e+01	-2.177105e-02	4.618631e+00
4.520000e+01	-2.315220e-02	4.612110e+00
4.523333e+01	-2.444428e-02	4.606010e+00
4.526667e+01	-2.545683e-02	4.601229e+00
4.530000e+01	-2.599077e-02	4.598708e+00
4.533333e+01	-2.603801e-02	4.598485e+00
4.536667e+01	-2.559929e-02	4.600557e+00
4.540000e+01	-2.391105e-02	4.608527e+00
4.543333e+01	-1.952546e-02	4.629234e+00
4.546667e+01	-1.239337e-02	4.662907e+00
4.550000e+01	-5.239935e-03	4.696682e+00
4.553333e+01	-1.372025e-03	4.714944e+00
4.556667e+01	-1.347070e-03	4.715061e+00
4.560000e+01	-2.580320e-03	4.709239e+00
4.563333e+01	-1.969462e-03	4.712123e+00
4.566667e+01	1.529367e-03	4.728642e+00
4.570000e+01	6.673107e-03	4.752928e+00
4.573333e+01	1.160927e-02	4.776234e+00
4.576667e+01	1.546028e-02	4.794416e+00
4.580000e+01	1.856587e-02	4.809079e+00
4.583333e+01	2.170044e-02	4.823878e+00
4.586667e+01	2.528453e-02	4.840800e+00
4.590000e+01	2.920592e-02	4.859315e+00
4.593333e+01	3.313406e-02	4.877861e+00
4.596667e+01	3.687299e-02	4.895514e+00
46	4.045886e-02	4.912445e+00
4.603333e+01	4.403335e-02	4.929322e+00
4.606667e+01	4.768725e-02	4.946573e+00
4.610000e+01	5.141039e-02	4.964152e+00
4.613333e+01	5.514224e-02	4.981771e+00
4.616667e+01	5.884098e-02	4.999235e+00
4.620000e+01	6.250855e-02	5.016551e+00
4.623333e+01	6.617068e-02	5.033841e+00
4.626667e+01	6.984651e-02	5.051196e+00
4.630000e+01	7.349721e-02	5.068433e+00
4.633333e+01	7.689127e-02	5.084458e+00
4.636667e+01	7.952360e-02	5.096886e+00
4.640000e+01	8.112055e-02	5.104426e+00
4.643333e+01	8.272620e-02	5.112007e+00
4.646667e+01	8.674362e-02	5.130975e+00
4.650000e+01	9.494810e-02	5.169712e+00
4.653333e+01	1.064374e-01	5.223957e+00
4.656667e+01	1.176984e-01	5.277126e+00
4.660000e+01	1.248395e-01	5.310841e+00
4.663333e+01	1.264136e-01	5.318273e+00
4.666667e+01	1.243181e-01	5.308380e+00
4.670000e+01	1.218453e-01	5.296705e+00
4.673333e+01	1.210343e-01	5.292875e+00
4.676667e+01	1.215450e-01	5.295287e+00
4.680000e+01	1.210825e-01	5.293103e+00
4.683333e+01	1.171225e-01	5.274406e+00
4.686667e+01	1.096253e-01	5.239009e+00
4.690000e+01	1.019409e-01	5.202728e+00
4.693333e+01	9.767990e-02	5.182610e+00
4.696667e+01	9.660308e-02	5.177525e+00
47	9.455120e-02	5.167838e+00
4.703333e+01	8.764631e-02	5.135237e+00
4.706667e+01	7.607662e-02	5.080611e+00
4.710000e+01	6.400925e-02	5.023636e+00
4.713333e+01	5.627794e-02	4.987133e+00
4.716667e+01	5.447747e-02	4.978633e+00
4.720000e+01	5.541825e-02	4.983074e+00
4.723333e+01	5.381151e-02	4.975488e+00
4.726667e+01	4.742819e-02	4.945350e+00
4.730000e+01	3.931459e-02	4.907042e+00
4.733333e+01	3.431344e-02	4.883430e+00
4.736667e+01	3.421773e-02	4.882978e+00
4.740000e+01	3.688879e-02	4.895589e+00
4.743333e+01	3.910053e-02	4.906032e+00
4.746667e+01	3.935244e-02	4.907221e+00
4.750000e+01	3.829322e-02	4.902220e+00
4.753333e+01	3.731463e-02	4.897600e+00
4.756667e+01	3.715257e-02	4.896834e+00
4.760000e+01	3.758842e-02	4.898892e+00
4.763333e+01	3.802525e-02	4.900955e+00
4.766667e+01	3.811797e-02	4.901393e+00
4.770000e+01	3.614070e-02	4.892057e+00
4.773333e+01	2.399781e-02	4.834725e+00
4.776667e+01	-1.083307e-02	4.670274e+00
4.780000e+01	-6.844027e-02	4.398286e+00
4.783333e+01	-1.260143e-01	4.126455e+00
4.786667e+01	-1.552850e-01	3.988255e+00
4.790000e+01	-1.485242e-01	4.020176e+00
4.793333e+01	-1.227573e-01	4.141832e+00
4.796667e+01	-1.017227e-01	4.241146e+00
48	-9.630527e-02	4.266724e+00
4.803333e+01	-1.000543e-01	4.249023e+00
4.806667e+01	-9.984549e-02	4.250009e+00
4.810000e+01	-8.881960e-02	4.302067e+00
4.813333e+01	-7.005112e-02	4.390681e+00
4.816667e+01	-5.084198e-02	4.481375e+00
4.820000e+01	-3.564598e-02	4.553122e+00
4.823333e+01	-2.389779e-02	4.608590e+00
4.826667e+01	-1.258434e-02	4.662006e+00
4.830000e+01	3.639276e-04	4.723140e+00
4.833333e+01	1.485075e-02	4.791538e+00
4.836667e+01	2.960798e-02	4.861213e+00
4.840000e+01	4.369071e-02	4.927704e+00
4.843333e+01	5.708557e-02	4.990947e+00
4.846667e+01	7.032756e-02	5.053468e+00
4.850000e+01	8.384633e-02	5.117295e+00
4.853333e+01	9.752631e-02	5.181884e+00
4.856667e+01	1.103219e-01	5.242298e+00
4.860000e+01	1.201918e-01	5.288898e+00
4.863333e+01	1.252603e-01	5.312828e+00
4.866667e+01	1.253798e-01	5.313392e+00
4.870000e+01	1.215605e-01	5.295360e+00
4.873333e+01	1.136514e-01	5.258018e+00
4.876667e+01	1.002824e-01	5.194897e+00
4.880000e+01	8.225872e-02	5.109800e+00
4.883333e+01	6.474334e-02	5.027102e+00
4.886667e+01	5.413544e-02	4.977018e+00
4.890000e+01	5.260416e-02	4.969788e+00
4.893333e+01	5.659846e-02	4.988647e+00
4.896667e+01	6.059640e-02	5.007523e+00
49	6.156443e-02	5.012093e+00
4.903333e+01	6.009146e-02	5.005139e+00
4.906667e+01	5.839042e-02	4.997107e+00
4.910000e+01	5.789818e-02	4.994783e+00
4.913333e+01	5.850484e-02	4.997648e+00
4.916667e+01	5.937957e-02	5.001778e+00
4.920000e+01	6.007701e-02	5.005070e+00
4.923333e+01	6.082434e-02	5.008599e+00
4.926667e+01	6.201427e-02	5.014217e+00
4.930000e+01	6.369532e-02	5.022154e+00
4.933333e+01	6.557016e-02	5.031006e+00
4.936667e+01	6.732450e-02	5.039289e+00
4.940000e+01	6.886803e-02	5.046577e+00
4.943333e+01	7.031110e-02	5.053390e+00
4.946667e+01	7.179524e-02	5.060397e+00
4.950000e+01	7.336965e-02	5.067831e+00
4.953333e+01	7.499169e-02	5.075489e+00
4.956667e+01	7.659928e-02	5.083079e+00
4.960000e+01	7.816800e-02	5.090486e+00
4.963333e+01	7.971441e-02	5.097787e+00
4.966667e+01	8.126567e-02	5.105111e+00
4.970000e+01	8.283365e-02	5.112514e+00
4.973333e+01	8.441201e-02	5.119966e+00
4.976667e+01	8.598889e-02	5.127411e+00
4.980000e+01	8.755863e-02	5.134823e+00
4.983333e+01	8.912356e-02	5.142211e+00
4.986667e+01	9.068885e-02	5.149602e+00
4.990000e+01	9.225718e-02	5.157007e+00
4.993333e+01	9.382772e-02	5.164422e+00
4.996667e+01	9.539823e-02	5.171837e+00
50	9.696745e-02	5.179246e+00
5.003333e+01	9.851902e-02	5.186571e+00
5.006667e+01	9.995991e-02	5.193374e+00
5.010000e+01	1.010793e-01	5.198660e+00
5.013333e+01	1.016651e-01	5.201425e+00
5.016667e+01	1.017149e-01	5.201661e+00
5.020000e+01	1.014794e-01	5.200549e+00
5.023333e+01	1.012664e-01	5.199543e+00
5.026667e+01	1.012254e-01	5.199350e+00
5.030000e+01	1.010864e-01	5.198693e+00
5.033333e+01	9.968282e-02	5.192066e+00
5.036667e+01	9.535679e-02	5.171641e+00
5.040000e+01	8.811215e-02	5.137436e+00
5.043333e+01	8.083688e-02	5.103087e+00
5.046667e+01	7.697688e-02	5.084862e+00
5.050000e+01	7.729626e-02	5.086370e+00
5.053333e+01	7.963819e-02	5.097427e+00
5.056667e+01	8.135224e-02	5.105520e+00
5.060000e+01	8.140226e-02	5.105756e+00
5.063333e+01	8.047134e-02	5.101361e+00
5.066667e+01	7.971053e-02	5.097769e+00
5.070000e+01	7.942131e-02	5.096403e+00
5.073333e+01	7.809007e-02	5.090118e+00
5.076667e+01	7.236613e-02	5.063093e+00
5.080000e+01	5.936107e-02	5.001690e+00
5.083333e+01	4.040664e-02	4.912198e+00
5.086667e+01	2.176367e-02	4.824177e+00
5.090000e+01	9.662059e-03	4.767040e+00
5.093333e+01	4.741695e-03	4.743809e+00
5.096667e+01	2.914848e-03	4.735184e+00
51	8.626380e-04	4.725494e+00
5.103333e+01	-1.255101e-03	4.715496e+00
5.106667e+01	-1.761568e-03	4.713104e+00
5.110000e+01	-1.358835e-04	4.720780e+00
5.113333e+01	2.538770e-03	4.733408e+00
5.116667e+01	4.861723e-03	4.744376e+00
5.120000e+01	6.285706e-03	4.751099e+00
5.123333e+01	7.186955e-03	4.755354e+00
5.126667e+01	8.188521e-03	4.760083e+00
5.130000e+01	9.570369e-03	4.766607e+00
5.133333e+01	1.119495e-02	4.774278e+00
5.136667e+01	1.279188e-02	4.781817e+00
5.140000e+01	1.443674e-02	4.789584e+00
5.143333e+01	1.713911e-02	4.802343e+00
5.146667e+01	2.241111e-02	4.827234e+00
5.150000e+01	3.013364e-02	4.863695e+00
5.153333e+01	3.745055e-02	4.898241e+00
5.156667e+01	4.112460e-02	4.915588e+00
5.160000e+01	4.063582e-02	4.913280e+00
5.163333e+01	3.825967e-02	4.902062e+00
5.166667e+01	3.661190e-02	4.894282e+00
5.170000e+01	3.663273e-02	4.894380e+00
5.173333e+01	3.758139e-02	4.898859e+00
5.176667e+01	3.831554e-02	4.902325e+00
5.180000e+01	3.834887e-02	4.902483e+00
5.183333e+01	3.795274e-02	4.900612e+00
5.186667e+01	3.762162e-02	4.899049e+00
5.190000e+01	3.758933e-02	4.898897e+00
5.193333e+01	3.775510e-02	4.899679e+00
5.196667e+01	3.767972e-02	4.899323e+00
52	3.620826e-02	4.892376e+00
5.203333e+01	3.179175e-02	4.871524e+00
5.206667e+01	2.451463e-02	4.837165e+00
5.210000e+01	1.726584e-02	4.802941e+00
5.213333e+01	1.344547e-02	4.784903e+00
5.216667e+01	1.378080e-02	4.786487e+00
5.220000e+01	1.588768e-02	4.796434e+00
5.223333e+01	1.609089e-02	4.797393e+00
5.226667e+01	1.178560e-02	4.777066e+00
5.230000e+01	3.648568e-03	4.738648e+00
5.233333e+01	-4.340355e-03	4.700929e+00
5.236667e+01	-8.249910e-03	4.682470e+00
5.240000e+01	-7.559005e-03	4.685732e+00
5.243333e+01	-4.671217e-03	4.699367e+00
5.246667e+01	-1.425072e-03	4.714693e+00
5.250000e+01	2.817525e-03	4.734724e+00
5.253333e+01	8.952095e-03	4.763688e+00
5.256667e+01	1.540252e-02	4.794143e+00
5.260000e+01	1.925109e-02	4.812314e+00
5.263333e+01	1.939756e-02	4.813006e+00
5.266667e+01	1.742908e-02	4.803712e+00
5.270000e+01	1.574041e-02	4.795739e+00
5.273333e+01	1.549471e-02	4.794579e+00
5.276667e+01	1.625666e-02	4.798176e+00
5.280000e+01	1.699724e-02	4.801673e+00
5.283333e+01	1.714337e-02	4.802363e+00
5.286667e+01	1.683246e-02	4.800895e+00
5.290000e+01	1.650340e-02	4.799341e+00
5.293333e+01	1.642352e-02	4.798964e+00
5.296667e+01	1.655054e-02	4.799564e+00
53	1.669686e-02	4.800254e+00
5.303333e+01	1.673887e-02	4.800453e+00
5.306667e+01	1.668748e-02	4.800210e+00
5.310000e+01	1.662266e-02	4.799904e+00
5.313333e+01	1.660123e-02	4.799803e+00
5.316667e+01	1.662176e-02	4.799900e+00
5.320000e+01	1.665035e-02	4.800035e+00
5.323333e+01	1.666104e-02	4.800085e+00
5.326667e+01	1.665295e-02	4.800047e+00
5.330000e+01	1.664040e-02	4.799988e+00
5.333333e+01	1.663517e-02	4.799963e+00
5.336667e+01	1.663829e-02	4.799978e+00
5.340000e+01	1.664378e-02	4.800004e+00
5.343333e+01	1.664631e-02	4.800016e+00
5.346667e+01	1.664512e-02	4.800010e+00
5.350000e+01	1.664274e-02	4.799999e+00
5.353333e+01	1.664153e-02	4.799993e+00
5.356667e+01	1.664196e-02	4.799995e+00
5.360000e+01	1.664300e-02	4.800000e+00
5.363333e+01	1.664357e-02	4.800003e+00
5.366667e+01	1.664342e-02	4.800002e+00
5.370000e+01	1.664297e-02	4.800000e+00
5.373333e+01	1.664270e-02	4.799999e+00
5.376667e+01	1.664275e-02	4.799999e+00
5.380000e+01	1.664295e-02	4.800000e+00
5.383333e+01	1.664307e-02	4.800001e+00
5.386667e+01	1.664305e-02	4.800000e+00
5.390000e+01	1.664297e-02	4.800000e+00
5.393333e+01	1.664292e-02	4.800000e+00
5.396667e+01	1.664292e-02	4.800000e+00
54	1.664295e-02	4.800000e+00
5.403333e+01	1.664298e-02	4.800000e+00
5.406667e+01	1.664298e-02	4.800000e+00
5.410000e+01	1.664296e-02	4.800000e+00
5.413333e+01	1.664295e-02	4.800000e+00
5.416667e+01	1.664295e-02	4.800000e+00
5.420000e+01	1.664296e-02	4.800000e+00
5.423333e+01	1.664296e-02	4.800000e+00
5.426667e+01	1.664296e-02	4.800000e+00
5.430000e+01	1.664296e-02	4.800000e+00
5.433333e+01	1.664296e-02	4.800000e+00
5.436667e+01	1.664296e-02	4.800000e+00
5.440000e+01	1.664296e-02	4.800000e+00
5.443333e+01	1.664296e-02	4.800000e+00
5.446667e+01	1.664296e-02	4.800000e+00
5.450000e+01	1.664296e-02	4.800000e+00
5.453333e+01	1.664296e-02	4.800000e+00
5.456667e+01	1.664296e-02	4.800000e+00
5.460000e+01	1.664296e-02	4.800000e+00
5.463333e+01	1.664296e-02	4.800000e+00
5.466667e+01	1.664296e-02	4.800000e+00
5.470000e+01	1.664296e-02	4.800000e+00
5.473333e+01	1.664296e-02	4.800000e+00
5.476667e+01	1.686772e-02	4.801061e+00
5.480000e+01	1.836122e-02	4.808113e+00
5.483333e+01	2.270881e-02	4.828639e+00
5.486667e+01	2.991884e-02	4.862681e+00
5.490000e+01	3.715451e-02	4.896844e+00
5.493333e+01	4.100330e-02	4.915015e+00
5.496667e+01	4.069797e-02	4.913574e+00
55	3.814882e-02	4.901538e+00
5.503333e+01	3.494698e-02	4.886421e+00
5.506667e+01	3.054374e-02	4.865631e+00
5.510000e+01	2.425691e-02	4.835949e+00
5.513333e+01	1.777919e-02	4.805365e+00
5.516667e+01	1.399707e-02	4.787508e+00
5.520000e+01	1.391878e-02	4.787138e+00
5.523333e+01	1.567789e-02	4.795444e+00
5.526667e+01	1.584582e-02	4.796236e+00
5.530000e+01	1.171354e-02	4.776726e+00
5.533333e+01	3.733332e-03	4.739048e+00
5.536667e+01	-4.231854e-03	4.701441e+00
5.540000e+01	-8.213293e-03	4.682643e+00
5.543333e+01	-7.592809e-03	4.685573e+00
5.546667e+01	-4.943801e-03	4.698080e+00
5.550000e+01	-3.161532e-03	4.706495e+00
5.553333e+01	-3.235049e-03	4.706148e+00
5.556667e+01	-4.302794e-03	4.701106e+00
5.560000e+01	-5.100141e-03	4.697342e+00
5.563333e+01	-5.114368e-03	4.697274e+00
5.566667e+01	-4.666619e-03	4.699388e+00
5.570000e+01	-4.305814e-03	4.701092e+00
5.573333e+01	-4.279949e-03	4.701214e+00
5.576667e+01	-4.467937e-03	4.700327e+00
5.580000e+01	-4.631129e-03	4.699556e+00
5.583333e+01	-4.651236e-03	4.699461e+00
5.586667e+01	-4.572810e-03	4.699831e+00
5.590000e+01	-6.099095e-03	4.692625e+00
5.593333e+01	-1.671666e-02	4.642495e+00
5.596667e+01	-4.769373e-02	4.496239e+00
56	-9.889964e-02	4.254475e+00
5.603333e+01	-1.492960e-01	4.016532e+00
5.606667e+01	-1.727521e-01	3.905786e+00
5.610000e+01	-1.619738e-01	3.956675e+00
5.613333e+01	-1.321536e-01	4.097469e+00
5.616667e+01	-1.042371e-01	4.229274e+00
5.620000e+01	-8.828254e-02	4.304602e+00
5.623333e+01	-8.079450e-02	4.339957e+00
5.626667e+01	-7.323157e-02	4.375664e+00
5.630000e+01	-6.078364e-02	4.434436e+00
5.633333e+01	-4.453522e-02	4.511152e+00
5.636667e+01	-2.825046e-02	4.588039e+00
5.640000e+01	-1.475436e-02	4.651760e+00
5.643333e+01	-4.520439e-03	4.700079e+00
5.646667e+01	3.730136e-03	4.739033e+00
5.650000e+01	1.101774e-02	4.773441e+00
5.653333e+01	1.661555e-02	4.799871e+00
5.656667e+01	1.914049e-02	4.811792e+00
5.660000e+01	1.865941e-02	4.809521e+00
5.663333e+01	1.691665e-02	4.801292e+00
5.666667e+01	1.575702e-02	4.795817e+00
5.670000e+01	1.579944e-02	4.796017e+00
5.673333e+01	1.626105e-02	4.798197e+00
5.676667e+01	1.528349e-02	4.793581e+00
5.680000e+01	1.094886e-02	4.773116e+00
5.683333e+01	3.452617e-03	4.737723e+00
5.686667e+01	-4.240540e-03	4.701400e+00
5.690000e+01	-9.601041e-03	4.676091e+00
5.693333e+01	-1.352327e-02	4.657573e+00
5.696667e+01	-1.830375e-02	4.635002e+00
57	-2.381750e-02	4.608969e+00
5.703333e+01	-2.766068e-02	4.590824e+00
5.706667e+01	-2.855061e-02	4.586622e+00
5.710000e+01	-2.848610e-02	4.586927e+00
5.713333e+01	-3.117132e-02	4.574249e+00
5.716667e+01	-3.792089e-02	4.542381e+00
5.720000e+01	-4.595923e-02	4.504429e+00
5.723333e+01	-5.202107e-02	4.475808e+00
5.726667e+01	-5.629910e-02	4.455610e+00
5.730000e+01	-6.095667e-02	4.433619e+00
5.733333e+01	-6.616847e-02	4.409012e+00
5.736667e+01	-6.984455e-02	4.391656e+00
5.740000e+01	-7.055228e-02	4.388314e+00
5.743333e+01	-6.912434e-02	4.395056e+00
5.746667e+01	-6.753998e-02	4.402537e+00
5.750000e+01	-6.706591e-02	4.404775e+00
5.753333e+01	-6.758801e-02	4.402310e+00
5.756667e+01	-6.827139e-02	4.399084e+00
5.760000e+01	-6.851089e-02	4.397953e+00
5.763333e+01	-6.830665e-02	4.398917e+00
5.766667e+01	-6.800777e-02	4.400328e+00
5.770000e+01	-6.789006e-02	4.400884e+00
5.773333e+01	-6.796982e-02	4.400507e+00
5.776667e+01	-6.810070e-02	4.399889e+00
5.780000e+01	-6.815784e-02	4.399620e+00
5.783333e+01	-6.812731e-02	4.399764e+00
5.786667e+01	-6.807020e-02	4.400033e+00
5.790000e+01	-6.804280e-02	4.400163e+00
5.793333e+01	-6.805417e-02	4.400109e+00
5.796667e+01	-6.807898e-02	4.399992e+00
58	-6.786721e-02	4.400992e+00
5.803333e+01	-6.636963e-02	4.408063e+00
5.806667e+01	-6.201132e-02	4.428640e+00
5.810000e+01	-5.479519e-02	4.462710e+00
5.813333e+01	-4.756090e-02	4.496867e+00
5.816667e+01	-4.371672e-02	4.515017e+00
5.820000e+01	-4.402490e-02	4.513561e+00
5.823333e+01	-4.634886e-02	4.502589e+00
5.826667e+01	-4.805523e-02	4.494533e+00
5.830000e+01	-4.810956e-02	4.494276e+00
5.833333e+01	-4.718647e-02	4.498634e+00
5.836667e+01	-4.642936e-02	4.502209e+00
5.840000e+01	-4.636329e-02	4.502521e+00
5.843333e+01	-4.674690e-02	4.500710e+00
5.846667e+01	-4.708706e-02	4.499104e+00
5.850000e+01	-4.713370e-02	4.498884e+00
5.853333e+01	-4.697402e-02	4.499637e+00
5.856667e+01	-4.682117e-02	4.500359e+00
5.860000e+01	-4.701762e-02	4.499432e+00
5.863333e+01	-4.857710e-02	4.492069e+00
5.866667e+01	-5.299309e-02	4.471219e+00
5.870000e+01	-6.021896e-02	4.437102e+00
5.873333e+01	-6.742760e-02	4.403067e+00
5.876667e+01	-7.124593e-02	4.385040e+00
5.880000e+01	-7.093217e-02	4.386521e+00
5.883333e+01	-6.861874e-02	4.397444e+00
5.886667e+01	-6.692391e-02	4.405446e+00
5.890000e+01	-6.687260e-02	4.405688e+00
5.893333e+01	-6.779139e-02	4.401350e+00
5.896667e+01	-6.854338e-02	4.397799e+00
59	-6.860788e-02	4.397495e+00
5.903333e+01	-6.822600e-02	4.399298e+00
5.906667e+01	-6.788811e-02	4.400893e+00
5.910000e+01	-6.784226e-02	4.401110e+00
5.913333e+01	-6.800125e-02	4.400359e+00
5.916667e+01	-6.815311e-02	4.399642e+00
5.920000e+01	-6.818103e-02	4.399510e+00
5.923333e+01	-6.811532e-02	4.399820e+00
5.926667e+01	-6.804735e-02	4.400141e+00
5.930000e+01	-6.803169e-02	4.400215e+00
5.933333e+01	-6.805862e-02	4.400088e+00
5.936667e+01	-6.808890e-02	4.399945e+00
5.940000e+01	-6.809723e-02	4.399906e+00
5.943333e+01	-6.808631e-02	4.399957e+00
5.946667e+01	-6.805966e-02	4.400083e+00
5.950000e+01	-6.795430e-02	4.400581e+00
5.953333e+01	-6.760187e-02	4.402245e+00
5.956667e+01	-6.682686e-02	4.405904e+00
5.960000e+01	-6.562245e-02	4.411590e+00
5.963333e+01	-6.418776e-02	4.418364e+00
5.966667e+01	-6.277015e-02	4.425057e+00
5.970000e+01	-6.149082e-02	4.431097e+00
5.973333e+01	-6.031371e-02	4.436655e+00
5.976667e+01	-5.914035e-02	4.442195e+00
5.980000e+01	-5.791204e-02	4.447994e+00
5.983333e+01	-5.663839e-02	4.454008e+00
5.986667e+01	-5.536057e-02	4.460041e+00
5.990000e+01	-5.410557e-02	4.465966e+00
5.993333e+01	-5.287094e-02	4.471796e+00
5.996667e+01	-5.163919e-02	4.477611e+00
60	-5.039795e-02	4.483472e+00
6.003333e+01	-4.916078e-02	4.489313e+00
6.006667e+01	-4.800973e-02	4.494747e+00
6.010000e+01	-4.711835e-02	4.498956e+00
6.013333e+01	-4.665517e-02	4.501143e+00
6.016667e+01	-4.661858e-02	4.501316e+00
6.020000e+01	-4.680679e-02	4.500427e+00
6.023333e+01	-4.675046e-02	4.500693e+00
6.026667e+01	-4.528815e-02	4.507597e+00
6.030000e+01	-4.087191e-02	4.528448e+00
6.033333e+01	-3.359076e-02	4.562825e+00
6.036667e+01	-2.633854e-02	4.597066e+00
6.040000e+01	-2.251752e-02	4.615107e+00
6.043333e+01	-2.285419e-02	4.613517e+00
6.046667e+01	-2.518723e-02	4.602502e+00
6.050000e+01	-2.688428e-02	4.594490e+00
6.053333e+01	-2.692604e-02	4.594292e+00
6.056667e+01	-2.599842e-02	4.598672e+00
6.060000e+01	-2.524499e-02	4.602229e+00
6.063333e+01	-2.518445e-02	4.602515e+00
6.066667e+01	-2.557029e-02	4.600693e+00
6.070000e+01	-2.590902e-02	4.599094e+00
6.073333e+01	-2.595323e-02	4.598885e+00
6.076667e+01	-2.579248e-02	4.599644e+00
6.080000e+01	-2.564017e-02	4.600364e+00
6.083333e+01	-2.561291e-02	4.600492e+00
6.086667e+01	-2.567941e-02	4.600178e+00
6.090000e+01	-2.597238e-02	4.598795e+00
6.093333e+01	-2.748126e-02	4.591671e+00
6.096667e+01	-3.180158e-02	4.571273e+00
61	-3.898120e-02	4.537375e+00
6.103333e+01	-4.620864e-02	4.503251e+00
6.106667e+01	-5.006852e-02	4.485027e+00
6.110000e+01	-4.977667e-02	4.486405e+00
6.113333e+01	-4.745653e-02	4.497359e+00
6.116667e+01	-4.574374e-02	4.505446e+00
6.120000e+01	-4.568213e-02	4.505737e+00
6.123333e+01	-4.660319e-02	4.501388e+00
6.126667e+01	-4.736291e-02	4.497801e+00
6.130000e+01	-4.743220e-02	4.497474e+00
6.133333e+01	-4.704963e-02	4.499280e+00
6.136667e+01	-4.648367e-02	4.501953e+00
6.140000e+01	-4.494211e-02	4.509231e+00
6.143333e+01	-4.075367e-02	4.529006e+00
6.146667e+01	-3.369691e-02	4.562324e+00
6.150000e+01	-2.649018e-02	4.596350e+00
6.153333e+01	-2.257566e-02	4.614832e+00
6.156667e+01	-2.281243e-02	4.613714e+00
6.160000e+01	-2.512070e-02	4.602816e+00
6.163333e+01	-2.685594e-02	4.594623e+00
6.166667e+01	-2.694212e-02	4.594216e+00
6.170000e+01	-2.602748e-02	4.598535e+00
6.173333e+01	-2.525862e-02	4.602165e+00
6.176667e+01	-2.517842e-02	4.602544e+00
6.180000e+01	-2.555765e-02	4.600753e+00
6.183333e+01	-2.590253e-02	4.599125e+00
6.186667e+01	-2.595542e-02	4.598875e+00
6.190000e+01	-2.579795e-02	4.599619e+00
6.193333e+01	-2.564322e-02	4.600349e+00
6.196667e+01	-2.561216e-02	4.600496e+00
62	-2.567705e-02	4.600189e+00
6.203333e+01	-2.574619e-02	4.599863e+00
6.206667e+01	-2.576324e-02	4.599782e+00
6.210000e+01	-2.573674e-02	4.599908e+00
6.213333e+01	-2.570599e-02	4.600053e+00
6.216667e+01	-2.569703e-02	4.600095e+00
6.220000e+01	-2.570774e-02	4.600044e+00
6.223333e+01	-2.572136e-02	4.599980e+00
6.226667e+01	-2.572592e-02	4.599959e+00
6.230000e+01	-2.572164e-02	4.599979e+00
6.233333e+01	-2.571564e-02	4.600007e+00
6.236667e+01	-2.571337e-02	4.600018e+00
6.240000e+01	-2.571505e-02	4.600010e+00
6.243333e+01	-2.571769e-02	4.599998e+00
6.246667e+01	-2.571880e-02	4.599992e+00
6.250000e+01	-2.571815e-02	4.599995e+00
6.253333e+01	-2.571700e-02	4.600001e+00
6.256667e+01	-2.571646e-02	4.600003e+00
6.260000e+01	-2.571671e-02	4.600002e+00
6.263333e+01	-2.571721e-02	4.600000e+00
6.266667e+01	-2.571746e-02	4.599999e+00
6.270000e+01	-2.571737e-02	4.599999e+00
6.273333e+01	-2.571716e-02	4.600000e+00
6.276667e+01	-2.571704e-02	4.600001e+00
6.280000e+01	-2.571707e-02	4.600000e+00
6.283333e+01	-2.571716e-02	4.600000e+00
6.286667e+01	-2.571722e-02	4.600000e+00
6.290000e+01	-2.571721e-02	4.600000e+00
6.293333e+01	-2.571717e-02	4.600000e+00
6.296667e+01	-2.571714e-02	4.600000e+00
63	-2.571714e-02	4.600000e+00
6.303333e+01	-2.571716e-02	4.600000e+00
6.306667e+01	-2.571717e-02	4.600000e+00
6.310000e+01	-2.571717e-02	4.600000e+00
6.313333e+01	-2.594193e-02	4.598939e+00
6.316667e+01	-2.743542e-02	4.591887e+00
6.320000e+01	-3.178301e-02	4.571361e+00
6.323333e+01	-3.899304e-02	4.537319e+00
6.326667e+01	-4.645347e-02	4.502095e+00
6.330000e+01	-5.179577e-02	4.476872e+00
6.333333e+01	-5.583802e-02	4.457787e+00
6.336667e+01	-6.072366e-02	4.434720e+00
6.340000e+01	-6.625099e-02	4.408623e+00
6.343333e+01	-7.026890e-02	4.389652e+00
6.346667e+01	-7.215550e-02	4.380745e+00
6.350000e+01	-7.344314e-02	4.374666e+00
6.353333e+01	-7.466392e-02	4.368902e+00
6.356667e+01	-7.425030e-02	4.370855e+00
6.360000e+01	-7.144610e-02	4.384094e+00
6.363333e+01	-6.800300e-02	4.400351e+00
6.366667e+01	-6.621028e-02	4.408815e+00
6.370000e+01	-6.637096e-02	4.408056e+00
6.373333e+01	-6.621807e-02	4.408778e+00
6.376667e+01	-6.273644e-02	4.425216e+00
6.380000e+01	-5.545237e-02	4.459608e+00
6.383333e+01	-4.766253e-02	4.496387e+00
6.386667e+01	-4.341890e-02	4.516423e+00
6.390000e+01	-4.373186e-02	4.514945e+00
6.393333e+01	-4.606508e-02	4.503929e+00
6.396667e+01	-4.645963e-02	4.502066e+00
64	-4.217453e-02	4.522298e+00
6.403333e+01	-3.394291e-02	4.561163e+00
6.406667e+01	-2.564296e-02	4.600350e+00
6.410000e+01	-2.022650e-02	4.625924e+00
6.413333e+01	-1.660909e-02	4.643003e+00
6.416667e+01	-1.187605e-02	4.665350e+00
6.420000e+01	-4.907375e-03	4.698252e+00
6.423333e+01	3.634935e-03	4.738584e+00
6.426667e+01	1.312588e-02	4.783394e+00
6.430000e+01	2.317429e-02	4.830837e+00
6.433333e+01	3.251840e-02	4.874955e+00
6.436667e+01	3.893360e-02	4.905243e+00
6.440000e+01	4.079827e-02	4.914047e+00
6.443333e+01	3.803204e-02	4.900987e+00
6.446667e+01	3.156455e-02	4.870451e+00
6.450000e+01	2.312338e-02	4.830597e+00
6.453333e+01	1.477231e-02	4.791168e+00
6.456667e+01	7.437920e-03	4.756539e+00
6.460000e+01	9.939421e-04	4.726114e+00
6.463333e+01	-4.049215e-03	4.702304e+00
6.466667e+01	-6.558132e-03	4.690458e+00
6.470000e+01	-6.411064e-03	4.691152e+00
6.473333e+01	-4.965709e-03	4.697976e+00
6.476667e+01	-3.856985e-03	4.703211e+00
6.480000e+01	-3.768666e-03	4.703628e+00
6.483333e+01	-4.096603e-03	4.702080e+00
6.486667e+01	-3.088292e-03	4.706840e+00
6.490000e+01	1.193673e-03	4.727057e+00
6.493333e+01	8.630621e-03	4.762170e+00
6.496667e+01	1.608264e-02	4.797354e+00
65	1.997095e-02	4.815713e+00
6.503333e+01	1.957185e-02	4.813829e+00
6.506667e+01	1.715072e-02	4.802397e+00
6.510000e+01	1.542025e-02	4.794227e+00
6.513333e+01	1.540304e-02	4.794146e+00
6.516667e+01	1.636934e-02	4.798708e+00
6.520000e+01	1.713909e-02	4.802342e+00
6.523333e+01	1.719016e-02	4.802584e+00
6.526667e+01	1.678742e-02	4.800682e+00
6.530000e+01	1.644083e-02	4.799046e+00
6.533333e+01	1.640018e-02	4.798854e+00
6.536667e+01	1.656829e-02	4.799647e+00
6.540000e+01	1.672434e-02	4.800384e+00
6.543333e+01	1.675030e-02	4.800507e+00
6.546667e+01	1.668062e-02	4.800178e+00
6.550000e+01	1.661065e-02	4.799847e+00
6.553333e+01	1.659571e-02	4.799777e+00
6.556667e+01	1.662436e-02	4.799912e+00
6.560000e+01	1.665558e-02	4.800060e+00
6.563333e+01	1.688843e-02	4.801159e+00
6.566667e+01	1.837027e-02	4.808155e+00
6.570000e+01	2.270398e-02	4.828617e+00
6.573333e+01	2.990980e-02	4.862638e+00
6.576667e+01	3.715017e-02	4.896823e+00
6.580000e+01	4.100510e-02	4.915024e+00
6.583333e+01	4.070189e-02	4.913592e+00
6.586667e+01	3.837564e-02	4.902609e+00
6.590000e+01	3.643983e-02	4.893469e+00
6.593333e+01	3.488963e-02	4.886150e+00
6.596667e+01	3.146597e-02	4.869986e+00
66	2.501508e-02	4.839528e+00
6.603333e+01	1.784659e-02	4.805683e+00
6.606667e+01	1.361390e-02	4.785699e+00
6.610000e+01	1.335344e-02	4.784469e+00
6.613333e+01	1.413717e-02	4.788169e+00
6.616667e+01	1.165769e-02	4.776462e+00
6.620000e+01	4.656537e-03	4.743407e+00
6.623333e+01	-3.698528e-03	4.703959e+00
6.626667e+01	-1.008955e-02	4.673785e+00
6.630000e+01	-1.598530e-02	4.645948e+00
6.633333e+01	-2.634436e-02	4.597039e+00
6.636667e+01	-4.328652e-02	4.517048e+00
6.640000e+01	-6.294142e-02	4.424249e+00
6.643333e+01	-7.914251e-02	4.347756e+00
6.646667e+01	-8.871829e-02	4.302545e+00
6.650000e+01	-9.321805e-02	4.281300e+00
6.653333e+01	-9.688082e-02	4.264006e+00
6.656667e+01	-1.025313e-01	4.237328e+00
6.660000e+01	-1.089993e-01	4.206790e+00
6.663333e+01	-1.130721e-01	4.187560e+00
6.666667e+01	-1.133374e-01	4.186308e+00
6.670000e+01	-1.113182e-01	4.195841e+00
6.673333e+01	-1.095209e-01	4.204327e+00
6.676667e+01	-1.092215e-01	4.205741e+00
6.680000e+01	-1.102302e-01	4.200978e+00
6.683333e+01	-1.125132e-01	4.190199e+00
6.686667e+01	-1.170327e-01	4.168861e+00
6.690000e+01	-1.239239e-01	4.136325e+00
6.693333e+01	-1.308093e-01	4.103816e+00
6.696667e+01	-1.345660e-01	4.086079e+00
67	-1.343904e-01	4.086908e+00
6.703333e+01	-1.322214e-01	4.097148e+00
6.706667e+01	-1.303360e-01	4.106050e+00
6.710000e+01	-1.285099e-01	4.114672e+00
6.713333e+01	-1.235233e-01	4.138216e+00
6.716667e+01	-1.126996e-01	4.189319e+00
6.720000e+01	-9.834127e-02	4.257111e+00
6.723333e+01	-8.690344e-02	4.311114e+00
6.726667e+01	-8.325611e-02	4.328334e+00
6.730000e+01	-8.732432e-02	4.309127e+00
6.733333e+01	-9.585104e-02	4.268868e+00
6.736667e+01	-1.049723e-01	4.225803e+00
6.740000e+01	-1.113719e-01	4.195588e+00
6.743333e+01	-1.134794e-01	4.185637e+00
6.746667e+01	-1.122838e-01	4.191283e+00
6.750000e+01	-1.102593e-01	4.200841e+00
6.753333e+01	-1.092996e-01	4.205372e+00
6.756667e+01	-1.096605e-01	4.203668e+00
6.760000e+01	-1.104798e-01	4.199800e+00
6.763333e+01	-1.109152e-01	4.197744e+00
6.766667e+01	-1.107876e-01	4.198347e+00
6.770000e+01	-1.104370e-01	4.200002e+00
6.773333e+01	-1.102348e-01	4.200956e+00
6.776667e+01	-1.102780e-01	4.200753e+00
6.780000e+01	-1.104287e-01	4.200041e+00
6.783333e+01	-1.105227e-01	4.199597e+00
6.786667e+01	-1.105097e-01	4.199659e+00
6.790000e+01	-1.104452e-01	4.199963e+00
6.793333e+01	-1.104018e-01	4.200168e+00
6.796667e+01	-1.104048e-01	4.200154e+00
68	-1.104323e-01	4.200024e+00
6.803333e+01	-1.104522e-01	4.199930e+00
6.806667e+01	-1.104520e-01	4.199931e+00
6.810000e+01	-1.104404e-01	4.199986e+00
6.813333e+01	-1.104313e-01	4.200029e+00
6.816667e+01	-1.104309e-01	4.200031e+00
6.820000e+01	-1.104358e-01	4.200008e+00
6.823333e+01	-1.104399e-01	4.199988e+00
6.826667e+01	-1.104403e-01	4.199986e+00
6.830000e+01	-1.104383e-01	4.199996e+00
6.833333e+01	-1.104364e-01	4.200005e+00
6.836667e+01	-1.104361e-01	4.200006e+00
6.840000e+01	-1.106617e-01	4.198941e+00
6.843333e+01	-1.121561e-01	4.191885e+00
6.846667e+01	-1.165038e-01	4.171358e+00
6.850000e+01	-1.237135e-01	4.137318e+00
6.853333e+01	-1.309488e-01	4.103157e+00
6.856667e+01	-1.347975e-01	4.084986e+00
6.860000e+01	-1.344923e-01	4.086427e+00
6.863333e+01	-1.321681e-01	4.097400e+00
6.866667e+01	-1.304598e-01	4.105466e+00
6.870000e+01	-1.304041e-01	4.105729e+00
6.873333e+01	-1.313272e-01	4.101370e+00
6.876667e+01	-1.323099e-01	4.096731e+00
6.880000e+01	-1.338701e-01	4.089364e+00
6.883333e+01	-1.378341e-01	4.070649e+00
6.886667e+01	-1.447036e-01	4.038215e+00
6.890000e+01	-1.518924e-01	4.004274e+00
6.893333e+01	-1.559008e-01	3.985348e+00
6.896667e+01	-1.557485e-01	3.986067e+00
69	-1.534525e-01	3.996907e+00
6.903333e+01	-1.516782e-01	4.005285e+00
6.906667e+01	-1.515541e-01	4.005871e+00
6.910000e+01	-1.524614e-01	4.001587e+00
6.913333e+01	-1.532164e-01	3.998022e+00
6.916667e+01	-1.530845e-01	3.998645e+00
6.920000e+01	-1.519005e-01	4.004235e+00
6.923333e+01	-1.497789e-01	4.014252e+00
6.926667e+01	-1.469836e-01	4.027450e+00
6.930000e+01	-1.438909e-01	4.042052e+00
6.933333e+01	-1.408410e-01	4.056452e+00
6.936667e+01	-1.379780e-01	4.069969e+00
6.940000e+01	-1.352445e-01	4.082875e+00
6.943333e+01	-1.325121e-01	4.095776e+00
6.946667e+01	-1.297083e-01	4.109014e+00
6.950000e+01	-1.268479e-01	4.122519e+00
6.953333e+01	-1.239838e-01	4.136042e+00
6.956667e+01	-1.211493e-01	4.149425e+00
6.960000e+01	-1.183401e-01	4.162688e+00
6.963333e+01	-1.153391e-01	4.176857e+00
6.966667e+01	-1.112561e-01	4.196135e+00
6.970000e+01	-1.048873e-01	4.226204e+00
6.973333e+01	-9.661551e-02	4.265259e+00
6.976667e+01	-8.928797e-02	4.299855e+00
6.980000e+01	-8.564083e-02	4.317075e+00
6.983333e+01	-8.483945e-02	4.320859e+00
6.986667e+01	-8.289101e-02	4.330058e+00
6.990000e+01	-7.745879e-02	4.355706e+00
6.993333e+01	-7.160896e-02	4.383325e+00
6.996667e+01	-7.114520e-02	4.385515e+00
70	-7.796533e-02	4.353314e+00
7.003333e+01	-8.775539e-02	4.307091e+00
7.006667e+01	-9.521007e-02	4.271895e+00
7.010000e+01	-9.962305e-02	4.251059e+00
7.013333e+01	-1.036006e-01	4.232280e+00
7.016667e+01	-1.081999e-01	4.210564e+00
7.020000e+01	-1.117835e-01	4.193644e+00
7.023333e+01	-1.127706e-01	4.188984e+00
7.026667e+01	-1.116159e-01	4.194436e+00
7.030000e+01	-1.100856e-01	4.201661e+00
7.033333e+01	-1.094964e-01	4.204443e+00
7.036667e+01	-1.098964e-01	4.202554e+00
7.040000e+01	-1.105501e-01	4.199468e+00
7.043333e+01	-1.108367e-01	4.198115e+00
7.046667e+01	-1.106867e-01	4.198823e+00
7.050000e+01	-1.104035e-01	4.200160e+00
7.053333e+01	-1.102667e-01	4.200806e+00
7.056667e+01	-1.103224e-01	4.200543e+00
7.060000e+01	-1.104453e-01	4.199963e+00
7.063333e+01	-1.105101e-01	4.199657e+00
7.066667e+01	-1.104902e-01	4.199751e+00
7.070000e+01	-1.104370e-01	4.200002e+00
7.073333e+01	-1.104066e-01	4.200145e+00
7.076667e+01	-1.104133e-01	4.200114e+00
7.080000e+01	-1.104362e-01	4.200006e+00
7.083333e+01	-1.106751e-01	4.198878e+00
7.086667e+01	-1.121666e-01	4.191836e+00
7.090000e+01	-1.165044e-01	4.171355e+00
7.093333e+01	-1.237079e-01	4.137345e+00
7.096667e+01	-1.309440e-01	4.103180e+00
71	-1.347970e-01	4.084988e+00
7.103333e+01	-1.344947e-01	4.086416e+00
7.106667e+01	-1.321702e-01	4.097390e+00
7.110000e+01	-1.304601e-01	4.105464e+00
7.113333e+01	-1.304031e-01	4.105733e+00
7.116667e+01	-1.313262e-01	4.101375e+00
7.120000e+01	-1.320849e-01	4.097793e+00
7.123333e+01	-1.321522e-01	4.097475e+00
7.126667e+01	-1.317687e-01	4.099286e+00
7.130000e+01	-1.314279e-01	4.100895e+00
7.133333e+01	-1.313807e-01	4.101118e+00
7.136667e+01	-1.315403e-01	4.100364e+00
7.140000e+01	-1.316774e-01	4.099717e+00
7.143333e+01	-1.315832e-01	4.100162e+00
7.146667e+01	-1.310840e-01	4.102519e+00
7.150000e+01	-1.300672e-01	4.107320e+00
7.153333e+01	-1.285861e-01	4.114312e+00
7.156667e+01	-1.268731e-01	4.122400e+00
7.160000e+01	-1.251854e-01	4.130369e+00
7.163333e+01	-1.236417e-01	4.137657e+00
7.166667e+01	-1.222006e-01	4.144461e+00
7.170000e+01	-1.207608e-01	4.151259e+00
7.173333e+01	-1.192644e-01	4.158324e+00
7.176667e+01	-1.177225e-01	4.165604e+00
7.180000e+01	-1.161774e-01	4.172899e+00
7.183333e+01	-1.146560e-01	4.180082e+00
7.186667e+01	-1.131710e-01	4.187094e+00
7.190000e+01	-1.117951e-01	4.193590e+00
7.193333e+01	-1.107200e-01	4.198666e+00
7.196667e+01	-1.101506e-01	4.201354e+00
72	-1.100966e-01	4.201609e+00
7.203333e+01	-1.103215e-01	4.200547e+00
7.206667e+01	-1.105287e-01	4.199569e+00
7.210000e+01	-1.105709e-01	4.199370e+00
7.213333e+01	-1.104893e-01	4.199755e+00
7.216667e+01	-1.104018e-01	4.200168e+00
7.220000e+01	-1.103799e-01	4.200272e+00
7.223333e+01	-1.104128e-01	4.200116e+00
7.226667e+01	-1.104512e-01	4.199935e+00
7.230000e+01	-1.104625e-01	4.199881e+00
7.233333e+01	-1.104492e-01	4.199944e+00
7.236667e+01	-1.104322e-01	4.200025e+00
7.240000e+01	-1.104265e-01	4.200052e+00
7.243333e+01	-1.104318e-01	4.200027e+00
7.246667e+01	-1.104393e-01	4.199991e+00
7.250000e+01	-1.104421e-01	4.199978e+00
7.253333e+01	-1.106648e-01	4.198926e+00
7.256667e+01	-1.121550e-01	4.191890e+00
7.260000e+01	-1.165012e-01	4.171370e+00
7.263333e+01	-1.237121e-01	4.137325e+00
7.266667e+01	-1.309492e-01	4.103155e+00
7.270000e+01	-1.347986e-01	4.084980e+00
7.273333e+01	-1.344930e-01	4.086423e+00
7.276667e+01	-1.321680e-01	4.097401e+00
7.280000e+01	-1.304593e-01	4.105468e+00
7.283333e+01	-1.301790e-01	4.106792e+00
7.286667e+01	-1.296090e-01	4.109483e+00
7.290000e+01	-1.260195e-01	4.126430e+00
7.293333e+01	-1.188761e-01	4.160157e+00
7.296667e+01	-1.114815e-01	4.195071e+00
73	-1.087856e-01	4.207799e+00
7.303333e+01	-1.131668e-01	4.187113e+00
7.306667e+01	-1.213675e-01	4.148395e+00
7.310000e+01	-1.261169e-01	4.125970e+00
7.313333e+01	-1.228398e-01	4.141443e+00
7.316667e+01	-1.143096e-01	4.181718e+00
7.320000e+01	-1.073100e-01	4.214766e+00
7.323333e+01	-1.058244e-01	4.221780e+00
7.326667e+01	-1.085038e-01	4.209129e+00
7.330000e+01	-1.115063e-01	4.194953e+00
7.333333e+01	-1.123753e-01	4.190850e+00
7.336667e+01	-1.113482e-01	4.195700e+00
7.340000e+01	-1.100268e-01	4.201939e+00
7.343333e+01	-1.094858e-01	4.204493e+00
7.346667e+01	-1.095360e-01	4.204256e+00
7.350000e+01	-1.093297e-01	4.205230e+00
7.353333e+01	-1.083412e-01	4.209897e+00
7.356667e+01	-1.067482e-01	4.217418e+00
7.360000e+01	-1.050811e-01	4.225289e+00
7.363333e+01	-1.036964e-01	4.231827e+00
7.366667e+01	-1.025803e-01	4.237097e+00
7.370000e+01	-1.015160e-01	4.242122e+00
7.373333e+01	-1.003384e-01	4.247682e+00
7.376667e+01	-9.904182e-02	4.253803e+00
7.380000e+01	-9.771657e-02	4.260060e+00
7.383333e+01	-9.643742e-02	4.266100e+00
7.386667e+01	-9.521114e-02	4.271890e+00
7.390000e+01	-9.399994e-02	4.277608e+00
7.393333e+01	-9.277007e-02	4.283415e+00
7.396667e+01	-9.153001e-02	4.289270e+00
74	-9.037011e-02	4.294746e+00
7.403333e+01	-8.947341e-02	4.298980e+00
7.406667e+01	-8.878639e-02	4.302224e+00
7.410000e+01	-8.726010e-02	4.309430e+00
7.413333e+01	-8.310319e-02	4.329056e+00
7.416667e+01	-7.606134e-02	4.362304e+00
7.420000e+01	-6.885524e-02	4.396327e+00
7.423333e+01	-6.493665e-02	4.414828e+00
7.426667e+01	-6.517091e-02	4.413722e+00
7.430000e+01	-6.770420e-02	4.401761e+00
7.433333e+01	-7.093433e-02	4.386511e+00
7.436667e+01	-7.536892e-02	4.365573e+00
7.440000e+01	-8.166411e-02	4.335851e+00
7.443333e+01	-8.813030e-02	4.305321e+00
7.446667e+01	-9.189852e-02	4.287530e+00
7.450000e+01	-9.197249e-02	4.287181e+00
7.453333e+01	-8.999326e-02	4.296525e+00
7.456667e+01	-8.833798e-02	4.304341e+00
7.460000e+01	-8.812484e-02	4.305347e+00
7.463333e+01	-8.889318e-02	4.301719e+00
7.466667e+01	-8.984475e-02	4.297227e+00
7.470000e+01	-9.146983e-02	4.289554e+00
7.473333e+01	-9.550298e-02	4.270512e+00
7.476667e+01	-1.023896e-01	4.237997e+00
7.480000e+01	-1.095518e-01	4.204181e+00
7.483333e+01	-1.135295e-01	4.185401e+00
7.486667e+01	-1.133682e-01	4.186162e+00
7.490000e+01	-1.110830e-01	4.196952e+00
7.493333e+01	-1.093223e-01	4.205265e+00
7.496667e+01	-1.092027e-01	4.205829e+00
75	-1.101058e-01	4.201566e+00
7.503333e+01	-1.108847e-01	4.197888e+00
7.506667e+01	-1.109796e-01	4.197440e+00
7.510000e+01	-1.106061e-01	4.199203e+00
7.513333e+01	-1.102573e-01	4.200850e+00
7.516667e+01	-1.101980e-01	4.201130e+00
7.520000e+01	-1.103527e-01	4.200400e+00
7.523333e+01	-1.105089e-01	4.199662e+00
7.526667e+01	-1.105428e-01	4.199503e+00
7.530000e+01	-1.104792e-01	4.199803e+00
7.533333e+01	-1.104095e-01	4.200132e+00
7.536667e+01	-1.103912e-01	4.200218e+00
7.540000e+01	-1.104171e-01	4.200096e+00
7.543333e+01	-1.104481e-01	4.199950e+00
7.546667e+01	-1.104575e-01	4.199905e+00
7.550000e+01	-1.104471e-01	4.199954e+00
7.553333e+01	-1.104334e-01	4.200019e+00
7.556667e+01	-1.104287e-01	4.200041e+00
7.560000e+01	-1.104328e-01	4.200022e+00
7.563333e+01	-1.104388e-01	4.199993e+00
7.566667e+01	-1.104412e-01	4.199982e+00
7.570000e+01	-1.104396e-01	4.199990e+00
7.573333e+01	-1.104369e-01	4.200002e+00
7.576667e+01	-1.104358e-01	4.200008e+00
7.580000e+01	-1.104364e-01	4.200005e+00
7.583333e+01	-1.104376e-01	4.199999e+00
7.586667e+01	-1.104381e-01	4.199997e+00
7.590000e+01	-1.104379e-01	4.199998e+00
7.593333e+01	-1.104374e-01	4.200000e+00
7.596667e+01	-1.104371e-01	4.200001e+00
76	-1.104372e-01	4.200001e+00
7.603333e+01	-1.104374e-01	4.200000e+00
7.606667e+01	-1.104375e-01	4.199999e+00
7.610000e+01	-1.104375e-01	4.200000e+00
7.613333e+01	-1.104374e-01	4.200000e+00
7.616667e+01	-1.104374e-01	4.200000e+00
7.620000e+01	-1.104374e-01	4.200000e+00
7.623333e+01	-1.104374e-01	4.200000e+00
7.626667e+01	-1.104374e-01	4.200000e+00
7.630000e+01	-1.104374e-01	4.200000e+00
7.633333e+01	-1.104374e-01	4.200000e+00
7.636667e+01	-1.104374e-01	4.200000e+00
7.640000e+01	-1.104374e-01	4.200000e+00
7.643333e+01	-1.104374e-01	4.200000e+00
7.646667e+01	-1.104374e-01	4.200000e+00
7.650000e+01	-1.104374e-01	4.200000e+00
7.653333e+01	-1.104374e-01	4.200000e+00
7.656667e+01	-1.104374e-01	4.200000e+00
7.660000e+01	-1.104374e-01	4.200000e+00
7.663333e+01	-1.106622e-01	4.198939e+00
7.666667e+01	-1.121557e-01	4.191887e+00
7.670000e+01	-1.162785e-01	4.172422e+00
7.673333e+01	-1.219950e-01	4.145432e+00
7.676667e+01	-1.248831e-01	4.131796e+00
7.680000e+01	-1.215219e-01	4.147666e+00
7.683333e+01	-1.139809e-01	4.183270e+00
7.686667e+01	-1.078077e-01	4.212416e+00
7.690000e+01	-1.064047e-01	4.219040e+00
7.693333e+01	-1.086734e-01	4.208329e+00
7.696667e+01	-1.113050e-01	4.195904e+00
77	-1.121186e-01	4.192063e+00
7.703333e+01	-1.112620e-01	4.196107e+00
7.706667e+01	-1.101205e-01	4.201496e+00
7.710000e+01	-1.097133e-01	4.203419e+00
7.713333e+01	-1.100500e-01	4.201829e+00
7.716667e+01	-1.105502e-01	4.199468e+00
7.720000e+01	-1.107501e-01	4.198524e+00
7.723333e+01	-1.106189e-01	4.199143e+00
7.726667e+01	-1.103999e-01	4.200177e+00
7.730000e+01	-1.103030e-01	4.200635e+00
7.733333e+01	-1.103530e-01	4.200398e+00
7.736667e+01	-1.106733e-01	4.198886e+00
7.740000e+01	-1.122132e-01	4.191616e+00
7.743333e+01	-1.165422e-01	4.171177e+00
7.746667e+01	-1.234860e-01	4.138392e+00
7.750000e+01	-1.294310e-01	4.110323e+00
7.753333e+01	-1.302075e-01	4.106657e+00
7.756667e+01	-1.255642e-01	4.128580e+00
7.760000e+01	-1.188769e-01	4.160154e+00
7.763333e+01	-1.133432e-01	4.186281e+00
7.766667e+01	-1.101983e-01	4.201129e+00
7.770000e+01	-1.094836e-01	4.204503e+00
7.773333e+01	-1.112383e-01	4.196219e+00
7.776667e+01	-1.157841e-01	4.174756e+00
7.780000e+01	-1.224269e-01	4.143392e+00
7.783333e+01	-1.285310e-01	4.114573e+00
7.786667e+01	-1.312393e-01	4.101785e+00
7.790000e+01	-1.299934e-01	4.107668e+00
7.793333e+01	-1.267208e-01	4.123119e+00
7.796667e+01	-1.238226e-01	4.136803e+00
78	-1.223389e-01	4.143808e+00
7.803333e+01	-1.217736e-01	4.146477e+00
7.806667e+01	-1.211342e-01	4.149496e+00
7.810000e+01	-1.199128e-01	4.155263e+00
7.813333e+01	-1.182761e-01	4.162990e+00
7.816667e+01	-1.166471e-01	4.170681e+00
7.820000e+01	-1.152636e-01	4.177214e+00
7.823333e+01	-1.140690e-01	4.182854e+00
7.826667e+01	-1.128957e-01	4.188393e+00
7.830000e+01	-1.117123e-01	4.193981e+00
7.833333e+01	-1.107148e-01	4.198690e+00
7.836667e+01	-1.099353e-01	4.202371e+00
7.840000e+01	-1.083827e-01	4.209701e+00
7.843333e+01	-1.042552e-01	4.229189e+00
7.846667e+01	-9.725179e-02	4.262255e+00
7.850000e+01	-9.005939e-02	4.296213e+00
7.853333e+01	-8.612969e-02	4.314767e+00
7.856667e+01	-8.634732e-02	4.313739e+00
7.860000e+01	-8.864915e-02	4.302872e+00
7.863333e+01	-9.039009e-02	4.294652e+00
7.866667e+01	-9.048434e-02	4.294207e+00
7.870000e+01	-8.979750e-02	4.297450e+00
7.873333e+01	-9.051989e-02	4.294039e+00
7.876667e+01	-9.478373e-02	4.273908e+00
7.880000e+01	-1.023715e-01	4.238082e+00
7.883333e+01	-1.099529e-01	4.202287e+00
7.886667e+01	-1.138562e-01	4.183859e+00
7.890000e+01	-1.133941e-01	4.186040e+00
7.893333e+01	-1.109146e-01	4.197747e+00
7.896667e+01	-1.091746e-01	4.205962e+00
79	-1.091835e-01	4.205920e+00
7.903333e+01	-1.101759e-01	4.201235e+00
7.906667e+01	-1.109512e-01	4.197574e+00
7.910000e+01	-1.109915e-01	4.197384e+00
7.913333e+01	-1.105771e-01	4.199340e+00
7.916667e+01	-1.100028e-01	4.202052e+00
7.920000e+01	-1.084730e-01	4.209275e+00
7.923333e+01	-1.042987e-01	4.228983e+00
7.926667e+01	-9.724629e-02	4.262281e+00
7.930000e+01	-9.003482e-02	4.296329e+00
7.933333e+01	-8.611405e-02	4.314841e+00
7.936667e+01	-8.634862e-02	4.313733e+00
7.940000e+01	-8.865878e-02	4.302826e+00
7.943333e+01	-9.039677e-02	4.294620e+00
7.946667e+01	-9.048403e-02	4.294208e+00
7.950000e+01	-8.956865e-02	4.298530e+00
7.953333e+01	-8.857383e-02	4.303227e+00
7.956667e+01	-8.699959e-02	4.310660e+00
7.960000e+01	-8.303153e-02	4.329395e+00
7.963333e+01	-7.616691e-02	4.361805e+00
7.966667e+01	-6.898438e-02	4.395717e+00
7.970000e+01	-6.497800e-02	4.414633e+00
7.973333e+01	-6.512838e-02	4.413923e+00
7.976667e+01	-6.742159e-02	4.403096e+00
7.980000e+01	-6.919486e-02	4.394723e+00
7.983333e+01	-6.931974e-02	4.394134e+00
7.986667e+01	-6.841366e-02	4.398412e+00
7.990000e+01	-6.762919e-02	4.402116e+00
7.993333e+01	-6.753172e-02	4.402576e+00
7.996667e+01	-6.790637e-02	4.400807e+00
80	-6.825759e-02	4.399149e+00
8.003333e+01	-6.831814e-02	4.398863e+00
8.006667e+01	-6.816305e-02	4.399595e+00
8.010000e+01	-6.800577e-02	4.400338e+00
8.013333e+01	-6.797132e-02	4.400500e+00
8.016667e+01	-6.803502e-02	4.400200e+00
8.020000e+01	-6.810517e-02	4.399868e+00
8.023333e+01	-6.812370e-02	4.399781e+00
8.026667e+01	-6.809780e-02	4.399903e+00
8.030000e+01	-6.806665e-02	4.400050e+00
8.033333e+01	-6.783228e-02	4.401157e+00
8.036667e+01	-6.634920e-02	4.408159e+00
8.040000e+01	-6.201538e-02	4.428621e+00
8.043333e+01	-5.481020e-02	4.462640e+00
8.046667e+01	-4.757039e-02	4.496822e+00
8.050000e+01	-4.371554e-02	4.515022e+00
8.053333e+01	-4.401848e-02	4.513592e+00
8.056667e+01	-4.634448e-02	4.502610e+00
8.060000e+01	-4.805548e-02	4.494531e+00
8.063333e+01	-4.811229e-02	4.494263e+00
8.066667e+01	-4.718848e-02	4.498625e+00
8.070000e+01	-4.642937e-02	4.502209e+00
8.073333e+01	-4.636214e-02	4.502526e+00
8.076667e+01	-4.674599e-02	4.500714e+00
8.080000e+01	-4.708701e-02	4.499104e+00
8.083333e+01	-4.713418e-02	4.498881e+00
8.086667e+01	-4.697444e-02	4.499635e+00
8.090000e+01	-4.682121e-02	4.500359e+00
8.093333e+01	-4.679265e-02	4.500494e+00
8.096667e+01	-4.663389e-02	4.501243e+00
81	-4.520895e-02	4.507971e+00
8.103333e+01	-4.110208e-02	4.527361e+00
8.106667e+01	-3.535853e-02	4.554479e+00
8.110000e+01	-3.243991e-02	4.568259e+00
8.113333e+01	-3.579266e-02	4.552429e+00
8.116667e+01	-4.334462e-02	4.516773e+00
8.120000e+01	-4.953135e-02	4.487563e+00
8.123333e+01	-5.093871e-02	4.480918e+00
8.126667e+01	-4.866557e-02	4.491651e+00
8.130000e+01	-4.602806e-02	4.504104e+00
8.133333e+01	-4.521229e-02	4.507955e+00
8.136667e+01	-4.607054e-02	4.503903e+00
8.140000e+01	-4.721474e-02	4.498501e+00
8.143333e+01	-4.762300e-02	4.496573e+00
8.146667e+01	-4.728562e-02	4.498166e+00
8.150000e+01	-4.655953e-02	4.501594e+00
8.153333e+01	-4.486559e-02	4.509592e+00
8.156667e+01	-4.064948e-02	4.529498e+00
8.160000e+01	-3.365893e-02	4.562504e+00
8.163333e+01	-2.652042e-02	4.596207e+00
8.166667e+01	-2.257650e-02	4.614828e+00
0	0	0
0	0	0
0	0	0
