0	1.666589e-02	5.395200e+00
3.333333e-02	1.632794e-02	5.393407e+00
6.666667e-02	1.711119e-02	5.397564e+00
1.000000e-01	1.792208e-02	5.401867e+00
1.333333e-01	1.811107e-02	5.402870e+00
1.666667e-01	1.779316e-02	5.401183e+00
2.000000e-01	1.743374e-02	5.399275e+00
2.333333e-01	1.733394e-02	5.398746e+00
2.666667e-01	1.746282e-02	5.399430e+00
3.000000e-01	1.762209e-02	5.400275e+00
3.333333e-01	1.767327e-02	5.400546e+00
3.666667e-01	1.762162e-02	5.400272e+00
4.000000e-01	1.755130e-02	5.399899e+00
4.333333e-01	1.752568e-02	5.399763e+00
4.666667e-01	1.754609e-02	5.399871e+00
5.000000e-01	1.777696e-02	5.401097e+00
5.333333e-01	1.911832e-02	5.408215e+00
5.666667e-01	2.297844e-02	5.428700e+00
6.000000e-01	2.937967e-02	5.462669e+00
6.333333e-01	3.581116e-02	5.496800e+00
6.666667e-01	3.923844e-02	5.514988e+00
7.000000e-01	3.877271e-02	5.512516e+00
7.333333e-01	3.537884e-02	5.494506e+00
7.666667e-01	2.978981e-02	5.464846e+00
8.000000e-01	2.199422e-02	5.423477e+00
8.333333e-01	1.250858e-02	5.373139e+00
8.666667e-01	3.144321e-03	5.323445e+00
9.000000e-01	-4.289942e-03	5.283993e+00
9.333333e-01	-9.854915e-03	5.254461e+00
9.666667e-01	-1.478119e-02	5.228318e+00
1	-1.934343e-02	5.204108e+00
1.033333e+00	-2.325618e-02	5.183344e+00
1.066667e+00	-2.734124e-02	5.161665e+00
1.100000e+00	-3.234320e-02	5.135121e+00
1.133333e+00	-3.632369e-02	5.113998e+00
1.166667e+00	-3.564770e-02	5.117585e+00
1.200000e+00	-2.941383e-02	5.150666e+00
1.233333e+00	-2.139772e-02	5.193206e+00
1.266667e+00	-1.655906e-02	5.218884e+00
1.300000e+00	-1.643878e-02	5.219522e+00
1.333333e+00	-1.854427e-02	5.208349e+00
1.366667e+00	-1.942989e-02	5.203649e+00
1.400000e+00	-1.769084e-02	5.212878e+00
1.433333e+00	-1.434212e-02	5.230648e+00
1.466667e+00	-1.114498e-02	5.247615e+00
1.500000e+00	-8.979720e-03	5.259105e+00
1.533333e+00	-7.545947e-03	5.266714e+00
1.566667e+00	-6.098781e-03	5.274394e+00
1.600000e+00	-4.220816e-03	5.284360e+00
1.633333e+00	-2.011113e-03	5.296086e+00
1.666667e+00	2.116011e-04	5.307881e+00
1.700000e+00	2.253102e-03	5.318715e+00
1.733333e+00	4.144206e-03	5.328751e+00
1.766667e+00	6.021374e-03	5.338713e+00
1.800000e+00	7.974435e-03	5.349077e+00
1.833333e+00	9.995413e-03	5.359802e+00
1.866667e+00	1.202612e-02	5.370578e+00
1.900000e+00	1.400421e-02	5.381076e+00
1.933333e+00	1.581191e-02	5.390669e+00
1.966667e+00	1.720660e-02	5.398070e+00
2	1.793908e-02	5.401957e+00
2.033333e+00	1.780761e-02	5.401259e+00
2.066667e+00	1.599016e-02	5.391614e+00
2.100000e+00	1.052790e-02	5.362628e+00
2.133333e+00	-8.712951e-06	5.306712e+00
2.166667e+00	-1.428534e-02	5.230950e+00
2.200000e+00	-2.923220e-02	5.151630e+00
2.233333e+00	-4.263958e-02	5.080481e+00
2.266667e+00	-5.319431e-02	5.024469e+00
2.300000e+00	-5.951741e-02	4.990914e+00
2.333333e+00	-6.111505e-02	4.982436e+00
2.366667e+00	-5.953022e-02	4.990846e+00
2.400000e+00	-5.721629e-02	5.003126e+00
2.433333e+00	-5.504446e-02	5.014651e+00
2.466667e+00	-5.147310e-02	5.033603e+00
2.500000e+00	-4.459061e-02	5.070127e+00
2.533333e+00	-3.467760e-02	5.122733e+00
2.566667e+00	-2.465423e-02	5.175925e+00
2.600000e+00	-1.811802e-02	5.210611e+00
2.633333e+00	-1.657671e-02	5.218790e+00
2.666667e+00	-1.823626e-02	5.209983e+00
2.700000e+00	-1.918542e-02	5.204946e+00
2.733333e+00	-1.610314e-02	5.221303e+00
2.766667e+00	-9.039656e-03	5.258787e+00
2.800000e+00	-1.652167e-03	5.297991e+00
2.833333e+00	2.145969e-03	5.318147e+00
2.866667e+00	1.822837e-03	5.316432e+00
2.900000e+00	6.708137e-04	5.310318e+00
2.933333e+00	2.839095e-03	5.321825e+00
2.966667e+00	9.300969e-03	5.356117e+00
3	1.693994e-02	5.396655e+00
3.033333e+00	2.247255e-02	5.426015e+00
3.066667e+00	2.623778e-02	5.445996e+00
3.100000e+00	3.067896e-02	5.469564e+00
3.133333e+00	3.637770e-02	5.499806e+00
3.166667e+00	4.146169e-02	5.526786e+00
3.200000e+00	4.425142e-02	5.541590e+00
3.233333e+00	4.505137e-02	5.545835e+00
3.266667e+00	4.545299e-02	5.547967e+00
3.300000e+00	4.668547e-02	5.554507e+00
3.333333e+00	4.882584e-02	5.565866e+00
3.366667e+00	5.121573e-02	5.578548e+00
3.400000e+00	5.328166e-02	5.589511e+00
3.433333e+00	5.494770e-02	5.598353e+00
3.466667e+00	5.648465e-02	5.606509e+00
3.500000e+00	5.815039e-02	5.615349e+00
3.533333e+00	5.999220e-02	5.625123e+00
3.566667e+00	6.189849e-02	5.635239e+00
3.600000e+00	6.375396e-02	5.645085e+00
3.633333e+00	6.553209e-02	5.654522e+00
3.666667e+00	6.725953e-02	5.663689e+00
3.700000e+00	6.888014e-02	5.672289e+00
3.733333e+00	7.000432e-02	5.678255e+00
3.766667e+00	6.961909e-02	5.676210e+00
3.800000e+00	6.655767e-02	5.659964e+00
3.833333e+00	6.089379e-02	5.629907e+00
3.866667e+00	5.390124e-02	5.592799e+00
3.900000e+00	4.567968e-02	5.549170e+00
3.933333e+00	3.438643e-02	5.489239e+00
3.966667e+00	1.924676e-02	5.408896e+00
4	2.699200e-03	5.321083e+00
4.033333e+00	-1.208733e-02	5.242614e+00
4.066667e+00	-2.416652e-02	5.178513e+00
4.100000e+00	-3.371923e-02	5.127819e+00
4.133333e+00	-3.995499e-02	5.094727e+00
4.166667e+00	-4.190439e-02	5.084382e+00
4.200000e+00	-4.020029e-02	5.093425e+00
4.233333e+00	-3.691810e-02	5.110843e+00
4.266667e+00	-3.397733e-02	5.126449e+00
4.300000e+00	-3.203589e-02	5.136752e+00
4.333333e+00	-3.064961e-02	5.144108e+00
4.366667e+00	-2.912908e-02	5.152178e+00
4.400000e+00	-2.718970e-02	5.162469e+00
4.433333e+00	-2.500074e-02	5.174086e+00
4.466667e+00	-2.285733e-02	5.185460e+00
4.500000e+00	-2.089371e-02	5.195881e+00
4.533333e+00	-1.904531e-02	5.205690e+00
4.566667e+00	-1.718382e-02	5.215568e+00
4.600000e+00	-1.524542e-02	5.225855e+00
4.633333e+00	-1.325392e-02	5.236423e+00
4.666667e+00	-1.126498e-02	5.246978e+00
4.700000e+00	-9.308728e-03	5.257359e+00
4.733333e+00	-7.376800e-03	5.267612e+00
4.766667e+00	-5.445165e-03	5.277862e+00
4.800000e+00	-3.499710e-03	5.288186e+00
4.833333e+00	-1.543182e-03	5.298569e+00
4.866667e+00	4.140943e-04	5.308956e+00
4.900000e+00	2.365565e-03	5.319312e+00
4.933333e+00	4.312023e-03	5.329641e+00
4.966667e+00	6.257881e-03	5.339968e+00
5	8.206161e-03	5.350307e+00
5.033333e+00	1.013601e-02	5.360548e+00
5.066667e+00	1.192879e-02	5.370062e+00
5.100000e+00	1.316182e-02	5.376605e+00
5.133333e+00	1.283499e-02	5.374871e+00
5.166667e+00	9.828074e-03	5.358914e+00
5.200000e+00	4.247561e-03	5.329299e+00
5.233333e+00	-2.651262e-03	5.292689e+00
5.266667e+00	-1.081422e-02	5.249370e+00
5.300000e+00	-2.230362e-02	5.188399e+00
5.333333e+00	-3.900095e-02	5.099790e+00
5.366667e+00	-6.077109e-02	4.984261e+00
5.400000e+00	-8.584474e-02	4.851201e+00
5.433333e+00	-1.107651e-01	4.718955e+00
5.466667e+00	-1.301683e-01	4.615987e+00
5.500000e+00	-1.397749e-01	4.565007e+00
5.533333e+00	-1.408761e-01	4.559163e+00
5.566667e+00	-1.400154e-01	4.563731e+00
5.600000e+00	-1.428018e-01	4.548944e+00
5.633333e+00	-1.489564e-01	4.516283e+00
5.666667e+00	-1.541748e-01	4.488590e+00
5.700000e+00	-1.554638e-01	4.481750e+00
5.733333e+00	-1.535941e-01	4.491672e+00
5.766667e+00	-1.513343e-01	4.503664e+00
5.800000e+00	-1.507892e-01	4.506557e+00
5.833333e+00	-1.528186e-01	4.495787e+00
5.866667e+00	-1.576675e-01	4.470055e+00
5.900000e+00	-1.644530e-01	4.434046e+00
5.933333e+00	-1.704178e-01	4.402393e+00
5.966667e+00	-1.720844e-01	4.393548e+00
6	-1.677641e-01	4.416475e+00
6.033333e+00	-1.593865e-01	4.460933e+00
6.066667e+00	-1.516164e-01	4.502167e+00
6.100000e+00	-1.482296e-01	4.520140e+00
6.133333e+00	-1.492830e-01	4.514550e+00
6.166667e+00	-1.519438e-01	4.500429e+00
6.200000e+00	-1.534816e-01	4.492269e+00
6.233333e+00	-1.530043e-01	4.494802e+00
6.266667e+00	-1.505865e-01	4.507632e+00
6.300000e+00	-1.460219e-01	4.531856e+00
6.333333e+00	-1.396849e-01	4.565485e+00
6.366667e+00	-1.336845e-01	4.597327e+00
6.400000e+00	-1.303883e-01	4.614819e+00
6.433333e+00	-1.299700e-01	4.617039e+00
6.466667e+00	-1.303651e-01	4.614942e+00
6.500000e+00	-1.294578e-01	4.619757e+00
6.533333e+00	-1.267965e-01	4.633880e+00
6.566667e+00	-1.233829e-01	4.651995e+00
6.600000e+00	-1.203584e-01	4.668046e+00
6.633333e+00	-1.180768e-01	4.680154e+00
6.666667e+00	-1.161627e-01	4.690311e+00
6.700000e+00	-1.141123e-01	4.701192e+00
6.733333e+00	-1.117430e-01	4.713766e+00
6.766667e+00	-1.092005e-01	4.727258e+00
6.800000e+00	-1.067057e-01	4.740497e+00
6.833333e+00	-1.043483e-01	4.753007e+00
6.866667e+00	-1.020718e-01	4.765088e+00
6.900000e+00	-9.960476e-02	4.778180e+00
6.933333e+00	-9.591601e-02	4.797755e+00
6.966667e+00	-8.900513e-02	4.834430e+00
7	-7.781458e-02	4.893815e+00
7.033333e+00	-6.488443e-02	4.962433e+00
7.066667e+00	-5.539011e-02	5.012817e+00
7.100000e+00	-5.277012e-02	5.026720e+00
7.133333e+00	-5.650198e-02	5.006916e+00
7.166667e+00	-6.382346e-02	4.968063e+00
7.200000e+00	-7.166689e-02	4.926440e+00
7.233333e+00	-7.729907e-02	4.896551e+00
7.266667e+00	-7.928200e-02	4.886028e+00
7.300000e+00	-7.833869e-02	4.891034e+00
7.333333e+00	-7.657012e-02	4.900419e+00
7.366667e+00	-7.567241e-02	4.905183e+00
7.400000e+00	-7.594013e-02	4.903763e+00
7.433333e+00	-7.685223e-02	4.898922e+00
7.466667e+00	-7.858601e-02	4.889722e+00
7.500000e+00	-8.236407e-02	4.869672e+00
7.533333e+00	-8.847537e-02	4.837241e+00
7.566667e+00	-9.492607e-02	4.803009e+00
7.600000e+00	-9.970712e-02	4.777637e+00
7.633333e+00	-1.034335e-01	4.757862e+00
7.666667e+00	-1.078665e-01	4.734337e+00
7.700000e+00	-1.127772e-01	4.708277e+00
7.733333e+00	-1.160965e-01	4.690662e+00
7.766667e+00	-1.166066e-01	4.687956e+00
7.800000e+00	-1.152137e-01	4.695347e+00
7.833333e+00	-1.137899e-01	4.702903e+00
7.866667e+00	-1.135191e-01	4.704340e+00
7.900000e+00	-1.143980e-01	4.699676e+00
7.933333e+00	-1.158082e-01	4.692193e+00
7.966667e+00	-1.172179e-01	4.684711e+00
8	-1.184569e-01	4.678137e+00
8.033333e+00	-1.196101e-01	4.672016e+00
8.066667e+00	-1.208023e-01	4.665690e+00
8.100000e+00	-1.220716e-01	4.658954e+00
8.133333e+00	-1.233761e-01	4.652031e+00
8.166667e+00	-1.246629e-01	4.645203e+00
8.200000e+00	-1.259150e-01	4.638558e+00
8.233333e+00	-1.271502e-01	4.632003e+00
8.266667e+00	-1.283790e-01	4.625482e+00
8.300000e+00	-1.295342e-01	4.619352e+00
8.333333e+00	-1.304530e-01	4.614476e+00
8.366667e+00	-1.308303e-01	4.612474e+00
8.400000e+00	-1.298876e-01	4.617476e+00
8.433333e+00	-1.265127e-01	4.635386e+00
8.466667e+00	-1.207812e-01	4.665802e+00
8.500000e+00	-1.149683e-01	4.696650e+00
8.533333e+00	-1.118245e-01	4.713333e+00
8.566667e+00	-1.122134e-01	4.711269e+00
8.600000e+00	-1.153884e-01	4.694420e+00
8.633333e+00	-1.206433e-01	4.666534e+00
8.666667e+00	-1.271267e-01	4.632128e+00
8.700000e+00	-1.328336e-01	4.601843e+00
8.733333e+00	-1.356440e-01	4.586929e+00
8.766667e+00	-1.353085e-01	4.588709e+00
8.800000e+00	-1.335185e-01	4.598208e+00
8.833333e+00	-1.320828e-01	4.605827e+00
8.866667e+00	-1.314008e-01	4.609446e+00
8.900000e+00	-1.306199e-01	4.613590e+00
8.933333e+00	-1.288896e-01	4.622773e+00
8.966667e+00	-1.262150e-01	4.636966e+00
9	-1.232503e-01	4.652699e+00
9.033333e+00	-1.205859e-01	4.666839e+00
9.066667e+00	-1.183310e-01	4.678805e+00
9.100000e+00	-1.162313e-01	4.689947e+00
9.133333e+00	-1.140197e-01	4.701684e+00
9.166667e+00	-1.116303e-01	4.714363e+00
9.200000e+00	-1.091653e-01	4.727445e+00
9.233333e+00	-1.067430e-01	4.740299e+00
9.266667e+00	-1.043981e-01	4.752743e+00
9.300000e+00	-1.020896e-01	4.764994e+00
9.333333e+00	-9.978996e-02	4.777197e+00
9.366667e+00	-9.742286e-02	4.789759e+00
9.400000e+00	-9.439318e-02	4.805837e+00
9.433333e+00	-8.963188e-02	4.831104e+00
9.466667e+00	-8.334310e-02	4.864477e+00
9.500000e+00	-7.859648e-02	4.889666e+00
9.533333e+00	-7.936647e-02	4.885580e+00
9.566667e+00	-8.611433e-02	4.849771e+00
9.600000e+00	-9.468754e-02	4.804275e+00
9.633333e+00	-1.008226e-01	4.771717e+00
9.666667e+00	-1.044360e-01	4.752542e+00
9.700000e+00	-1.080149e-01	4.733550e+00
9.733333e+00	-1.123189e-01	4.710709e+00
9.766667e+00	-1.156513e-01	4.693025e+00
9.800000e+00	-1.165206e-01	4.688412e+00
9.833333e+00	-1.154030e-01	4.694343e+00
9.866667e+00	-1.139755e-01	4.701918e+00
9.900000e+00	-1.134513e-01	4.704700e+00
9.933333e+00	-1.138455e-01	4.702608e+00
9.966667e+00	-1.144571e-01	4.699362e+00
10	-1.147138e-01	4.698000e+00
1.003333e+01	-1.143643e-01	4.699855e+00
1.006667e+01	-1.127699e-01	4.708316e+00
1.010000e+01	-1.087787e-01	4.729496e+00
1.013333e+01	-1.024202e-01	4.763239e+00
1.016667e+01	-9.609816e-02	4.796789e+00
1.020000e+01	-9.273247e-02	4.814650e+00
1.023333e+01	-9.317181e-02	4.812318e+00
1.026667e+01	-9.644039e-02	4.794973e+00
1.030000e+01	-1.015614e-01	4.767797e+00
1.033333e+01	-1.075773e-01	4.735872e+00
1.036667e+01	-1.125971e-01	4.709233e+00
1.040000e+01	-1.146913e-01	4.698120e+00
1.043333e+01	-1.136779e-01	4.703498e+00
1.046667e+01	-1.111673e-01	4.716820e+00
1.050000e+01	-1.089763e-01	4.728448e+00
1.053333e+01	-1.078188e-01	4.734590e+00
1.056667e+01	-1.072842e-01	4.737427e+00
1.060000e+01	-1.066512e-01	4.740787e+00
1.063333e+01	-1.055854e-01	4.746442e+00
1.066667e+01	-1.042366e-01	4.753600e+00
1.070000e+01	-1.029143e-01	4.760617e+00
1.073333e+01	-1.017763e-01	4.766656e+00
1.076667e+01	-1.007680e-01	4.772007e+00
1.080000e+01	-9.975571e-02	4.777379e+00
1.083333e+01	-9.866516e-02	4.783166e+00
1.086667e+01	-9.752704e-02	4.789206e+00
1.090000e+01	-9.626551e-02	4.795901e+00
1.093333e+01	-9.413573e-02	4.807203e+00
1.096667e+01	-8.987097e-02	4.829835e+00
11	-8.364036e-02	4.862899e+00
1.103333e+01	-7.870332e-02	4.889099e+00
1.106667e+01	-7.949064e-02	4.884921e+00
1.110000e+01	-8.772611e-02	4.841217e+00
1.113333e+01	-1.013652e-01	4.768838e+00
1.116667e+01	-1.165314e-01	4.688354e+00
1.120000e+01	-1.291502e-01	4.621390e+00
1.123333e+01	-1.361485e-01	4.584251e+00
1.126667e+01	-1.371337e-01	4.579023e+00
1.130000e+01	-1.347075e-01	4.591899e+00
1.133333e+01	-1.323939e-01	4.604176e+00
1.136667e+01	-1.322216e-01	4.605091e+00
1.140000e+01	-1.340361e-01	4.595461e+00
1.143333e+01	-1.365127e-01	4.582319e+00
1.146667e+01	-1.385465e-01	4.571526e+00
1.150000e+01	-1.399113e-01	4.564283e+00
1.153333e+01	-1.410127e-01	4.558438e+00
1.156667e+01	-1.422878e-01	4.551671e+00
1.160000e+01	-1.438479e-01	4.543393e+00
1.163333e+01	-1.455309e-01	4.534461e+00
1.166667e+01	-1.471461e-01	4.525890e+00
1.170000e+01	-1.486370e-01	4.517978e+00
1.173333e+01	-1.500692e-01	4.510378e+00
1.176667e+01	-1.515268e-01	4.502642e+00
1.180000e+01	-1.530386e-01	4.494620e+00
1.183333e+01	-1.545782e-01	4.486449e+00
1.186667e+01	-1.561086e-01	4.478328e+00
1.190000e+01	-1.576156e-01	4.470330e+00
1.193333e+01	-1.591095e-01	4.462403e+00
1.196667e+01	-1.606066e-01	4.454458e+00
12	-1.621137e-01	4.446460e+00
1.203333e+01	-1.636270e-01	4.438430e+00
1.206667e+01	-1.651232e-01	4.430489e+00
1.210000e+01	-1.665089e-01	4.423136e+00
1.213333e+01	-1.674143e-01	4.418332e+00
1.216667e+01	-1.668585e-01	4.421281e+00
1.220000e+01	-1.636567e-01	4.438272e+00
1.223333e+01	-1.582429e-01	4.467002e+00
1.226667e+01	-1.541604e-01	4.488667e+00
1.230000e+01	-1.566418e-01	4.475498e+00
1.233333e+01	-1.689635e-01	4.410110e+00
1.236667e+01	-1.901645e-01	4.297602e+00
1.240000e+01	-2.156744e-01	4.162227e+00
1.243333e+01	-2.394313e-01	4.036154e+00
1.246667e+01	-2.565314e-01	3.945409e+00
1.250000e+01	-2.655579e-01	3.897507e+00
1.253333e+01	-2.691071e-01	3.878672e+00
1.256667e+01	-2.718188e-01	3.864282e+00
1.260000e+01	-2.766283e-01	3.838759e+00
1.263333e+01	-2.824835e-01	3.807687e+00
1.266667e+01	-2.864962e-01	3.786392e+00
1.270000e+01	-2.881505e-01	3.777613e+00
1.273333e+01	-2.901854e-01	3.766815e+00
1.276667e+01	-2.949219e-01	3.741679e+00
1.280000e+01	-3.010523e-01	3.709147e+00
1.283333e+01	-3.051877e-01	3.687201e+00
1.286667e+01	-3.054527e-01	3.685795e+00
1.290000e+01	-3.022280e-01	3.702907e+00
1.293333e+01	-2.965517e-01	3.733030e+00
1.296667e+01	-2.897610e-01	3.769067e+00
13	-2.840539e-01	3.799353e+00
1.303333e+01	-2.814209e-01	3.813326e+00
1.306667e+01	-2.818965e-01	3.810802e+00
1.310000e+01	-2.834698e-01	3.802453e+00
1.313333e+01	-2.833112e-01	3.803295e+00
1.316667e+01	-2.793870e-01	3.824119e+00
1.320000e+01	-2.722696e-01	3.861889e+00
1.323333e+01	-2.653124e-01	3.898810e+00
1.326667e+01	-2.618821e-01	3.917013e+00
1.330000e+01	-2.624479e-01	3.914011e+00
1.333333e+01	-2.647507e-01	3.901790e+00
1.336667e+01	-2.662859e-01	3.893643e+00
1.340000e+01	-2.662119e-01	3.894036e+00
1.343333e+01	-2.652843e-01	3.898959e+00
1.346667e+01	-2.645975e-01	3.902604e+00
1.350000e+01	-2.645898e-01	3.902645e+00
1.353333e+01	-2.649789e-01	3.900579e+00
1.356667e+01	-2.652899e-01	3.898929e+00
1.360000e+01	-2.653102e-01	3.898821e+00
1.363333e+01	-2.651467e-01	3.899689e+00
1.366667e+01	-2.650060e-01	3.900436e+00
1.370000e+01	-2.649895e-01	3.900523e+00
1.373333e+01	-2.650577e-01	3.900161e+00
1.376667e+01	-2.651211e-01	3.899825e+00
1.380000e+01	-2.651317e-01	3.899769e+00
1.383333e+01	-2.651034e-01	3.899919e+00
1.386667e+01	-2.650750e-01	3.900070e+00
1.390000e+01	-2.650689e-01	3.900102e+00
1.393333e+01	-2.650805e-01	3.900040e+00
1.396667e+01	-2.650932e-01	3.899973e+00
14	-2.652965e-01	3.898894e+00
1.403333e+01	-2.666205e-01	3.891868e+00
1.406667e+01	-2.704829e-01	3.871371e+00
1.410000e+01	-2.768960e-01	3.837338e+00
1.413333e+01	-2.832938e-01	3.803387e+00
1.416667e+01	-2.864021e-01	3.786892e+00
1.420000e+01	-2.850070e-01	3.794295e+00
1.423333e+01	-2.804774e-01	3.818332e+00
1.426667e+01	-2.751545e-01	3.846580e+00
1.430000e+01	-2.705893e-01	3.870806e+00
1.433333e+01	-2.669523e-01	3.890107e+00
1.436667e+01	-2.635993e-01	3.907901e+00
1.440000e+01	-2.599476e-01	3.927280e+00
1.443333e+01	-2.559053e-01	3.948731e+00
1.446667e+01	-2.517301e-01	3.970888e+00
1.450000e+01	-2.476757e-01	3.992403e+00
1.453333e+01	-2.437930e-01	4.013008e+00
1.456667e+01	-2.399754e-01	4.033267e+00
1.460000e+01	-2.361101e-01	4.053779e+00
1.463333e+01	-2.321695e-01	4.074691e+00
1.466667e+01	-2.281970e-01	4.095772e+00
1.470000e+01	-2.242429e-01	4.116756e+00
1.473333e+01	-2.203218e-01	4.137564e+00
1.476667e+01	-2.164160e-01	4.158291e+00
1.480000e+01	-2.125033e-01	4.179055e+00
1.483333e+01	-2.085762e-01	4.199895e+00
1.486667e+01	-2.046419e-01	4.220774e+00
1.490000e+01	-2.007100e-01	4.241639e+00
1.493333e+01	-1.968261e-01	4.262250e+00
1.496667e+01	-1.932224e-01	4.281374e+00
15	-1.904236e-01	4.296226e+00
1.503333e+01	-1.889586e-01	4.304001e+00
1.506667e+01	-1.890332e-01	4.303605e+00
1.510000e+01	-1.909502e-01	4.293432e+00
1.513333e+01	-1.955510e-01	4.269017e+00
1.516667e+01	-2.033972e-01	4.227379e+00
1.520000e+01	-2.134888e-01	4.173825e+00
1.523333e+01	-2.233029e-01	4.121744e+00
1.526667e+01	-2.307436e-01	4.082258e+00
1.530000e+01	-2.360543e-01	4.054075e+00
1.533333e+01	-2.407765e-01	4.029016e+00
1.536667e+01	-2.451246e-01	4.005941e+00
1.540000e+01	-2.478153e-01	3.991663e+00
1.543333e+01	-2.481246e-01	3.990021e+00
1.546667e+01	-2.468897e-01	3.996575e+00
1.550000e+01	-2.454620e-01	4.004151e+00
1.553333e+01	-2.442888e-01	4.010377e+00
1.556667e+01	-2.427656e-01	4.018460e+00
1.560000e+01	-2.402320e-01	4.031905e+00
1.563333e+01	-2.367650e-01	4.050304e+00
1.566667e+01	-2.330206e-01	4.070174e+00
1.570000e+01	-2.295749e-01	4.088460e+00
1.573333e+01	-2.265323e-01	4.104606e+00
1.576667e+01	-2.236425e-01	4.119942e+00
1.580000e+01	-2.206433e-01	4.135858e+00
1.583333e+01	-2.174700e-01	4.152698e+00
1.586667e+01	-2.142222e-01	4.169933e+00
1.590000e+01	-2.110159e-01	4.186948e+00
1.593333e+01	-2.078855e-01	4.203561e+00
1.596667e+01	-2.047907e-01	4.219984e+00
16	-2.016804e-01	4.236489e+00
1.603333e+01	-1.985372e-01	4.253170e+00
1.606667e+01	-1.950103e-01	4.271886e+00
1.610000e+01	-1.892530e-01	4.302439e+00
1.613333e+01	-1.779473e-01	4.362435e+00
1.616667e+01	-1.600860e-01	4.457221e+00
1.620000e+01	-1.407033e-01	4.560080e+00
1.623333e+01	-1.278890e-01	4.628083e+00
1.626667e+01	-1.254175e-01	4.641198e+00
1.630000e+01	-1.298020e-01	4.617931e+00
1.633333e+01	-1.343781e-01	4.593646e+00
1.636667e+01	-1.350311e-01	4.590181e+00
1.640000e+01	-1.321796e-01	4.605313e+00
1.643333e+01	-1.286342e-01	4.624128e+00
1.646667e+01	-1.264930e-01	4.635491e+00
1.650000e+01	-1.258492e-01	4.638907e+00
1.653333e+01	-1.255805e-01	4.640333e+00
1.656667e+01	-1.247479e-01	4.644752e+00
1.660000e+01	-1.232553e-01	4.652673e+00
1.663333e+01	-1.215683e-01	4.661625e+00
1.666667e+01	-1.201090e-01	4.669369e+00
1.670000e+01	-1.189415e-01	4.675565e+00
1.673333e+01	-1.178725e-01	4.681238e+00
1.676667e+01	-1.165261e-01	4.688383e+00
1.680000e+01	-1.136109e-01	4.703853e+00
1.683333e+01	-1.061078e-01	4.743670e+00
1.686667e+01	-9.144272e-02	4.821494e+00
1.690000e+01	-7.214701e-02	4.923892e+00
1.693333e+01	-5.627112e-02	5.008141e+00
1.696667e+01	-5.141468e-02	5.033913e+00
17	-5.925200e-02	4.992322e+00
1.703333e+01	-7.510709e-02	4.908183e+00
1.706667e+01	-9.096696e-02	4.824019e+00
1.710000e+01	-1.000902e-01	4.775604e+00
1.713333e+01	-1.009598e-01	4.770989e+00
1.716667e+01	-9.716601e-02	4.791122e+00
1.720000e+01	-9.318010e-02	4.812274e+00
1.723333e+01	-9.044242e-02	4.826802e+00
1.726667e+01	-8.752939e-02	4.842261e+00
1.730000e+01	-8.304028e-02	4.866084e+00
1.733333e+01	-7.707640e-02	4.897733e+00
1.736667e+01	-7.034227e-02	4.933469e+00
1.740000e+01	-6.315751e-02	4.971597e+00
1.743333e+01	-5.554190e-02	5.012011e+00
1.746667e+01	-4.760880e-02	5.054110e+00
1.750000e+01	-3.961129e-02	5.096551e+00
1.753333e+01	-3.174742e-02	5.138283e+00
1.756667e+01	-2.403680e-02	5.179201e+00
1.760000e+01	-1.637567e-02	5.219857e+00
1.763333e+01	-8.666475e-03	5.260768e+00
1.766667e+01	-8.906036e-04	5.302032e+00
1.770000e+01	6.910474e-03	5.343431e+00
1.773333e+01	1.469310e-02	5.384731e+00
1.776667e+01	2.236430e-02	5.425441e+00
1.780000e+01	2.967606e-02	5.464242e+00
1.783333e+01	3.653098e-02	5.500620e+00
1.786667e+01	4.329651e-02	5.536523e+00
1.790000e+01	5.016386e-02	5.572966e+00
1.793333e+01	5.677015e-02	5.608024e+00
1.796667e+01	6.300877e-02	5.641131e+00
18	6.894688e-02	5.672643e+00
1.803333e+01	7.373828e-02	5.698070e+00
1.806667e+01	7.608725e-02	5.710535e+00
1.810000e+01	7.587381e-02	5.709403e+00
1.813333e+01	7.445688e-02	5.701883e+00
1.816667e+01	7.341558e-02	5.696357e+00
1.820000e+01	7.320117e-02	5.695220e+00
1.823333e+01	7.266287e-02	5.692363e+00
1.826667e+01	7.007343e-02	5.678621e+00
1.830000e+01	6.532831e-02	5.653440e+00
1.833333e+01	6.072474e-02	5.629010e+00
1.836667e+01	5.889392e-02	5.619294e+00
1.840000e+01	6.048485e-02	5.627737e+00
1.843333e+01	6.414266e-02	5.647148e+00
1.846667e+01	6.806950e-02	5.667987e+00
1.850000e+01	7.131144e-02	5.685191e+00
1.853333e+01	7.395230e-02	5.699206e+00
1.856667e+01	7.652568e-02	5.712862e+00
1.860000e+01	7.938493e-02	5.728035e+00
1.863333e+01	8.250248e-02	5.744579e+00
1.866667e+01	8.565659e-02	5.761317e+00
1.870000e+01	8.869022e-02	5.777416e+00
1.873333e+01	9.160801e-02	5.792900e+00
1.876667e+01	9.450422e-02	5.808270e+00
1.880000e+01	9.745043e-02	5.823904e+00
1.883333e+01	1.004485e-01	5.839815e+00
1.886667e+01	1.034587e-01	5.855789e+00
1.890000e+01	1.064167e-01	5.871487e+00
1.893333e+01	1.091419e-01	5.885948e+00
1.896667e+01	1.112499e-01	5.897135e+00
19	1.123534e-01	5.902991e+00
1.903333e+01	1.124506e-01	5.903507e+00
1.906667e+01	1.118105e-01	5.900110e+00
1.910000e+01	1.096812e-01	5.888810e+00
1.913333e+01	1.028771e-01	5.852703e+00
1.916667e+01	8.755727e-02	5.771404e+00
1.920000e+01	6.459103e-02	5.649528e+00
1.923333e+01	4.171809e-02	5.528146e+00
1.926667e+01	2.731039e-02	5.451688e+00
1.930000e+01	2.255505e-02	5.426453e+00
1.933333e+01	2.184659e-02	5.422693e+00
1.936667e+01	1.926370e-02	5.408986e+00
1.940000e+01	1.280185e-02	5.374695e+00
1.943333e+01	4.402042e-03	5.330119e+00
1.946667e+01	-2.207353e-03	5.295045e+00
1.950000e+01	-4.577915e-03	5.282465e+00
1.953333e+01	-3.335914e-03	5.289056e+00
1.956667e+01	-1.096192e-03	5.300941e+00
1.960000e+01	1.216144e-07	5.306759e+00
1.963333e+01	-3.855328e-04	5.304713e+00
1.966667e+01	-1.306793e-03	5.299824e+00
1.970000e+01	-1.609043e-03	5.298220e+00
1.973333e+01	-1.461297e-04	5.305983e+00
1.976667e+01	4.116446e-03	5.328604e+00
1.980000e+01	1.076441e-02	5.363883e+00
1.983333e+01	1.715797e-02	5.397812e+00
1.986667e+01	2.041283e-02	5.415085e+00
1.990000e+01	2.003301e-02	5.413069e+00
1.993333e+01	1.797757e-02	5.402161e+00
1.996667e+01	1.653007e-02	5.394480e+00
20	1.653042e-02	5.394482e+00
2.003333e+01	1.734928e-02	5.398827e+00
2.006667e+01	1.799285e-02	5.402242e+00
2.010000e+01	1.802933e-02	5.402436e+00
2.013333e+01	1.768779e-02	5.400623e+00
2.016667e+01	1.739785e-02	5.399085e+00
2.020000e+01	1.736651e-02	5.398918e+00
2.023333e+01	1.750924e-02	5.399676e+00
2.026667e+01	1.763991e-02	5.400369e+00
2.030000e+01	1.766050e-02	5.400479e+00
2.033333e+01	1.760125e-02	5.400164e+00
2.036667e+01	1.754261e-02	5.399853e+00
2.040000e+01	1.753059e-02	5.399789e+00
2.043333e+01	1.755498e-02	5.399919e+00
2.046667e+01	1.758117e-02	5.400058e+00
2.050000e+01	1.778771e-02	5.401154e+00
2.053333e+01	1.910653e-02	5.408152e+00
2.056667e+01	2.296293e-02	5.428617e+00
2.060000e+01	2.937425e-02	5.462641e+00
2.063333e+01	3.581584e-02	5.496825e+00
2.066667e+01	3.924527e-02	5.515024e+00
2.070000e+01	3.877539e-02	5.512530e+00
2.073333e+01	3.537701e-02	5.494496e+00
2.076667e+01	2.998678e-02	5.465891e+00
2.080000e+01	2.352165e-02	5.431582e+00
2.083333e+01	1.790607e-02	5.401782e+00
2.086667e+01	1.516890e-02	5.387256e+00
2.090000e+01	1.559023e-02	5.389492e+00
2.093333e+01	1.763415e-02	5.400339e+00
2.096667e+01	1.954546e-02	5.410482e+00
21	2.062650e-02	5.416218e+00
2.103333e+01	2.122219e-02	5.419380e+00
2.106667e+01	2.194308e-02	5.423205e+00
2.110000e+01	2.304644e-02	5.429060e+00
2.113333e+01	2.437689e-02	5.436121e+00
2.116667e+01	2.566381e-02	5.442950e+00
2.120000e+01	2.678463e-02	5.448898e+00
2.123333e+01	2.779957e-02	5.454284e+00
2.126667e+01	2.882704e-02	5.459737e+00
2.130000e+01	2.992564e-02	5.465567e+00
2.133333e+01	3.107311e-02	5.471656e+00
2.136667e+01	3.221806e-02	5.477732e+00
2.140000e+01	3.333277e-02	5.483648e+00
2.143333e+01	3.441332e-02	5.489382e+00
2.146667e+01	3.541551e-02	5.494700e+00
2.150000e+01	3.620295e-02	5.498879e+00
2.153333e+01	3.662325e-02	5.501109e+00
2.156667e+01	3.666553e-02	5.501334e+00
2.160000e+01	3.650101e-02	5.500461e+00
2.163333e+01	3.634785e-02	5.499648e+00
2.166667e+01	3.631580e-02	5.499478e+00
2.170000e+01	3.637539e-02	5.499794e+00
2.173333e+01	3.643998e-02	5.500137e+00
2.176667e+01	3.625664e-02	5.499164e+00
2.180000e+01	3.490389e-02	5.491985e+00
2.183333e+01	3.100745e-02	5.471308e+00
2.186667e+01	2.458417e-02	5.437221e+00
2.190000e+01	1.815628e-02	5.403110e+00
2.193333e+01	1.474456e-02	5.385004e+00
2.196667e+01	1.502052e-02	5.386469e+00
22	1.708467e-02	5.397423e+00
2.203333e+01	1.859905e-02	5.405459e+00
2.206667e+01	1.864642e-02	5.405711e+00
2.210000e+01	1.782657e-02	5.401360e+00
2.213333e+01	1.715465e-02	5.397794e+00
2.216667e+01	1.709637e-02	5.397485e+00
2.220000e+01	1.743710e-02	5.399293e+00
2.223333e+01	1.773899e-02	5.400895e+00
2.226667e+01	1.778023e-02	5.401114e+00
2.230000e+01	1.763840e-02	5.400361e+00
2.233333e+01	1.750273e-02	5.399641e+00
2.236667e+01	1.747766e-02	5.399508e+00
2.240000e+01	1.753628e-02	5.399819e+00
2.243333e+01	1.759700e-02	5.400142e+00
2.246667e+01	1.761103e-02	5.400216e+00
2.250000e+01	1.758702e-02	5.400089e+00
2.253333e+01	1.755997e-02	5.399945e+00
2.256667e+01	1.755250e-02	5.399905e+00
2.260000e+01	1.756224e-02	5.399957e+00
2.263333e+01	1.757424e-02	5.400021e+00
2.266667e+01	1.757808e-02	5.400041e+00
2.270000e+01	1.757417e-02	5.400020e+00
2.273333e+01	1.756887e-02	5.399992e+00
2.276667e+01	1.756695e-02	5.399982e+00
2.280000e+01	1.756850e-02	5.399990e+00
2.283333e+01	1.757082e-02	5.400003e+00
2.286667e+01	1.757177e-02	5.400008e+00
2.290000e+01	1.757117e-02	5.400005e+00
2.293333e+01	1.757015e-02	5.399999e+00
2.296667e+01	1.736972e-02	5.398935e+00
23	1.604118e-02	5.391885e+00
2.303333e+01	1.217358e-02	5.371361e+00
2.306667e+01	5.559071e-03	5.336259e+00
2.310000e+01	-2.207355e-03	5.295045e+00
2.313333e+01	-9.499869e-03	5.256345e+00
2.316667e+01	-1.564307e-02	5.223745e+00
2.320000e+01	-2.001261e-02	5.200556e+00
2.323333e+01	-2.191689e-02	5.190451e+00
2.326667e+01	-2.159568e-02	5.192156e+00
2.330000e+01	-2.034904e-02	5.198771e+00
2.333333e+01	-1.950352e-02	5.203258e+00
2.336667e+01	-1.951335e-02	5.203206e+00
2.340000e+01	-1.999340e-02	5.200658e+00
2.343333e+01	-2.036478e-02	5.198688e+00
2.346667e+01	-2.038235e-02	5.198594e+00
2.350000e+01	-2.018310e-02	5.199652e+00
2.353333e+01	-2.001628e-02	5.200537e+00
2.356667e+01	-1.999984e-02	5.200624e+00
2.360000e+01	-2.008320e-02	5.200182e+00
2.363333e+01	-2.015841e-02	5.199783e+00
2.366667e+01	-2.016957e-02	5.199724e+00
2.370000e+01	-2.013491e-02	5.199907e+00
2.373333e+01	-2.010113e-02	5.200087e+00
2.376667e+01	-2.009450e-02	5.200122e+00
2.380000e+01	-2.010880e-02	5.200046e+00
2.383333e+01	-2.012390e-02	5.199966e+00
2.386667e+01	-2.012755e-02	5.199946e+00
2.390000e+01	-2.012171e-02	5.199977e+00
2.393333e+01	-2.011499e-02	5.200013e+00
2.396667e+01	-2.011307e-02	5.200023e+00
24	-2.011543e-02	5.200011e+00
2.403333e+01	-2.011841e-02	5.199995e+00
2.406667e+01	-2.011939e-02	5.199990e+00
2.410000e+01	-2.011845e-02	5.199995e+00
2.413333e+01	-2.011713e-02	5.200002e+00
2.416667e+01	-2.031661e-02	5.198943e+00
2.420000e+01	-2.164575e-02	5.191890e+00
2.423333e+01	-2.551438e-02	5.171360e+00
2.426667e+01	-3.212934e-02	5.136256e+00
2.430000e+01	-4.009551e-02	5.093981e+00
2.433333e+01	-4.871635e-02	5.048233e+00
2.436667e+01	-5.892735e-02	4.994045e+00
2.440000e+01	-7.104050e-02	4.929764e+00
2.443333e+01	-8.325059e-02	4.864968e+00
2.446667e+01	-9.276851e-02	4.814458e+00
2.450000e+01	-9.768776e-02	4.788353e+00
2.453333e+01	-9.819842e-02	4.785643e+00
2.456667e+01	-9.641664e-02	4.795099e+00
2.460000e+01	-9.477919e-02	4.803788e+00
2.463333e+01	-9.445205e-02	4.805524e+00
2.466667e+01	-9.509449e-02	4.802115e+00
2.470000e+01	-9.577591e-02	4.798499e+00
2.473333e+01	-9.594212e-02	4.797617e+00
2.476667e+01	-9.568204e-02	4.798997e+00
2.480000e+01	-9.538236e-02	4.800587e+00
2.483333e+01	-9.529667e-02	4.801042e+00
2.486667e+01	-9.520225e-02	4.801543e+00
2.490000e+01	-9.400618e-02	4.807890e+00
2.493333e+01	-9.018178e-02	4.828186e+00
2.496667e+01	-8.368842e-02	4.862644e+00
25	-7.691435e-02	4.898593e+00
2.503333e+01	-7.248706e-02	4.922087e+00
2.506667e+01	-7.062782e-02	4.931954e+00
2.510000e+01	-6.940352e-02	4.938451e+00
2.513333e+01	-6.699348e-02	4.951240e+00
2.516667e+01	-6.314532e-02	4.971662e+00
2.520000e+01	-5.879749e-02	4.994734e+00
2.523333e+01	-5.487912e-02	5.015528e+00
2.526667e+01	-5.159236e-02	5.032970e+00
2.530000e+01	-4.855935e-02	5.049066e+00
2.533333e+01	-4.536294e-02	5.066028e+00
2.536667e+01	-4.189118e-02	5.084452e+00
2.540000e+01	-3.829645e-02	5.103529e+00
2.543333e+01	-3.476370e-02	5.122276e+00
2.546667e+01	-3.135083e-02	5.140387e+00
2.550000e+01	-2.799673e-02	5.158187e+00
2.553333e+01	-2.461973e-02	5.176108e+00
2.556667e+01	-2.119072e-02	5.194305e+00
2.560000e+01	-1.773390e-02	5.212649e+00
2.563333e+01	-1.428520e-02	5.230950e+00
2.566667e+01	-1.085897e-02	5.249133e+00
2.570000e+01	-7.445776e-03	5.267246e+00
2.573333e+01	-4.029882e-03	5.285373e+00
2.576667e+01	-6.043272e-04	5.303552e+00
2.580000e+01	2.827288e-03	5.321762e+00
2.583333e+01	6.258104e-03	5.339969e+00
2.586667e+01	9.684787e-03	5.358153e+00
2.590000e+01	1.310867e-02	5.376323e+00
2.593333e+01	1.653274e-02	5.394494e+00
2.596667e+01	1.995856e-02	5.412674e+00
26	2.338567e-02	5.430861e+00
2.603333e+01	2.681277e-02	5.449047e+00
2.606667e+01	3.020277e-02	5.467037e+00
2.610000e+01	3.335059e-02	5.483742e+00
2.613333e+01	3.559513e-02	5.495653e+00
2.616667e+01	3.514493e-02	5.493264e+00
2.620000e+01	2.872764e-02	5.459209e+00
2.623333e+01	1.386256e-02	5.380324e+00
2.626667e+01	-7.198308e-03	5.268559e+00
2.630000e+01	-2.745490e-02	5.161062e+00
2.633333e+01	-4.045931e-02	5.092051e+00
2.636667e+01	-4.541807e-02	5.065736e+00
2.640000e+01	-4.700749e-02	5.057301e+00
2.643333e+01	-5.013689e-02	5.040694e+00
2.646667e+01	-5.531523e-02	5.013214e+00
2.650000e+01	-5.956107e-02	4.990682e+00
2.653333e+01	-6.061725e-02	4.985077e+00
2.656667e+01	-5.910965e-02	4.993078e+00
2.660000e+01	-5.726607e-02	5.002861e+00
2.663333e+01	-5.664051e-02	5.006181e+00
2.666667e+01	-5.719604e-02	5.003233e+00
2.670000e+01	-5.799389e-02	4.998999e+00
2.673333e+01	-5.810421e-02	4.998414e+00
2.676667e+01	-5.656067e-02	5.006605e+00
2.680000e+01	-5.234444e-02	5.028979e+00
2.683333e+01	-4.577915e-02	5.063820e+00
2.686667e+01	-3.942393e-02	5.097545e+00
2.690000e+01	-3.615155e-02	5.114911e+00
2.693333e+01	-3.649544e-02	5.113086e+00
2.696667e+01	-3.853267e-02	5.102275e+00
27	-3.978660e-02	5.095621e+00
2.703333e+01	-3.847304e-02	5.102591e+00
2.706667e+01	-3.379472e-02	5.127418e+00
2.710000e+01	-2.673418e-02	5.164887e+00
2.713333e+01	-2.025341e-02	5.199279e+00
2.716667e+01	-1.716666e-02	5.215659e+00
2.720000e+01	-1.772898e-02	5.212675e+00
2.723333e+01	-1.983120e-02	5.201519e+00
2.726667e+01	-2.119774e-02	5.194267e+00
2.730000e+01	-2.102084e-02	5.195206e+00
2.733333e+01	-1.984036e-02	5.201471e+00
2.736667e+01	-1.848618e-02	5.208657e+00
2.740000e+01	-1.734496e-02	5.214713e+00
2.743333e+01	-1.634423e-02	5.220024e+00
2.746667e+01	-1.528557e-02	5.225642e+00
2.750000e+01	-1.409277e-02	5.231972e+00
2.753333e+01	-1.283057e-02	5.238670e+00
2.756667e+01	-1.159394e-02	5.245232e+00
2.760000e+01	-1.041867e-02	5.251469e+00
2.763333e+01	-9.277139e-03	5.257527e+00
2.766667e+01	-8.126662e-03	5.263632e+00
2.770000e+01	-6.949536e-03	5.269879e+00
2.773333e+01	-5.756521e-03	5.276210e+00
2.776667e+01	-4.566367e-03	5.282526e+00
2.780000e+01	-3.400150e-03	5.288715e+00
2.783333e+01	-2.324356e-03	5.294424e+00
2.786667e+01	-1.489524e-03	5.298854e+00
2.790000e+01	-1.050731e-03	5.301183e+00
2.793333e+01	-1.010889e-03	5.301394e+00
2.796667e+01	-1.185207e-03	5.300469e+00
28	-1.544591e-03	5.298562e+00
2.803333e+01	-2.905078e-03	5.291342e+00
2.806667e+01	-6.709876e-03	5.271151e+00
2.810000e+01	-1.324562e-02	5.236467e+00
2.813333e+01	-2.091721e-02	5.195756e+00
2.816667e+01	-2.800750e-02	5.158130e+00
2.820000e+01	-3.379108e-02	5.127437e+00
2.823333e+01	-3.770060e-02	5.106691e+00
2.826667e+01	-3.907576e-02	5.099393e+00
2.830000e+01	-3.806269e-02	5.104769e+00
2.833333e+01	-3.585985e-02	5.116459e+00
2.836667e+01	-3.383292e-02	5.127215e+00
2.840000e+01	-3.259249e-02	5.133798e+00
2.843333e+01	-3.188912e-02	5.137531e+00
2.846667e+01	-3.117135e-02	5.141340e+00
2.850000e+01	-3.013795e-02	5.146824e+00
2.853333e+01	-2.886444e-02	5.153582e+00
2.856667e+01	-2.758312e-02	5.160382e+00
2.860000e+01	-2.643381e-02	5.166481e+00
2.863333e+01	-2.539297e-02	5.172004e+00
2.866667e+01	-2.436140e-02	5.177478e+00
2.870000e+01	-2.327451e-02	5.183246e+00
2.873333e+01	-2.215039e-02	5.189212e+00
2.876667e+01	-2.109776e-02	5.194798e+00
2.880000e+01	-2.029571e-02	5.199054e+00
2.883333e+01	-1.989302e-02	5.201191e+00
2.886667e+01	-1.987308e-02	5.201297e+00
2.890000e+01	-2.004504e-02	5.200384e+00
2.893333e+01	-2.019117e-02	5.199609e+00
2.896667e+01	-2.021337e-02	5.199491e+00
29	-2.015007e-02	5.199827e+00
2.903333e+01	-2.008824e-02	5.200155e+00
2.906667e+01	-2.007595e-02	5.200220e+00
2.910000e+01	-2.010174e-02	5.200084e+00
2.913333e+01	-2.012907e-02	5.199938e+00
2.916667e+01	-2.013570e-02	5.199903e+00
2.920000e+01	-2.012514e-02	5.199959e+00
2.923333e+01	-2.011299e-02	5.200024e+00
2.926667e+01	-2.010951e-02	5.200042e+00
2.930000e+01	-2.011378e-02	5.200020e+00
2.933333e+01	-2.011916e-02	5.199991e+00
2.936667e+01	-2.012094e-02	5.199982e+00
2.940000e+01	-2.011923e-02	5.199991e+00
2.943333e+01	-2.011686e-02	5.200003e+00
2.946667e+01	-2.011597e-02	5.200008e+00
2.950000e+01	-2.011664e-02	5.200004e+00
2.953333e+01	-1.991772e-02	5.201060e+00
2.956667e+01	-1.858938e-02	5.208109e+00
2.960000e+01	-1.472107e-02	5.228637e+00
2.963333e+01	-8.305861e-03	5.262681e+00
2.966667e+01	-1.868079e-03	5.296845e+00
2.970000e+01	1.556097e-03	5.315016e+00
2.973333e+01	1.284242e-03	5.313574e+00
2.976667e+01	-7.838670e-04	5.302599e+00
2.980000e+01	-2.303740e-03	5.294533e+00
2.983333e+01	-2.353161e-03	5.294271e+00
2.986667e+01	-1.531753e-03	5.298630e+00
2.990000e+01	-8.574144e-04	5.302208e+00
2.993333e+01	-7.981340e-04	5.302523e+00
2.996667e+01	-1.139461e-03	5.300712e+00
30	-1.418889e-03	5.299229e+00
3.003333e+01	-1.280759e-03	5.299962e+00
3.006667e+01	-5.037809e-04	5.304085e+00
3.010000e+01	1.021941e-03	5.312182e+00
3.013333e+01	3.194190e-03	5.323709e+00
3.016667e+01	5.685303e-03	5.336929e+00
3.020000e+01	8.142236e-03	5.349967e+00
3.023333e+01	1.040265e-02	5.361963e+00
3.026667e+01	1.252243e-02	5.373212e+00
3.030000e+01	1.463949e-02	5.384447e+00
3.033333e+01	1.683355e-02	5.396090e+00
3.036667e+01	1.908969e-02	5.408063e+00
3.040000e+01	2.135052e-02	5.420061e+00
3.043333e+01	2.357937e-02	5.431889e+00
3.046667e+01	2.578034e-02	5.443569e+00
3.050000e+01	2.797781e-02	5.455230e+00
3.053333e+01	3.018862e-02	5.466962e+00
3.056667e+01	3.258840e-02	5.479697e+00
3.060000e+01	3.596285e-02	5.497605e+00
3.063333e+01	4.161595e-02	5.527604e+00
3.066667e+01	5.018427e-02	5.573074e+00
3.070000e+01	6.055609e-02	5.628115e+00
3.073333e+01	7.006072e-02	5.678554e+00
3.076667e+01	7.592670e-02	5.709683e+00
3.080000e+01	7.702703e-02	5.715522e+00
3.083333e+01	7.402861e-02	5.699611e+00
3.086667e+01	6.816968e-02	5.668519e+00
3.090000e+01	6.108604e-02	5.630927e+00
3.093333e+01	5.502403e-02	5.598758e+00
3.096667e+01	5.109587e-02	5.577912e+00
31	4.781706e-02	5.560512e+00
3.103333e+01	4.324670e-02	5.536258e+00
3.106667e+01	3.797071e-02	5.508260e+00
3.110000e+01	3.444296e-02	5.489539e+00
3.113333e+01	3.397962e-02	5.487080e+00
3.116667e+01	3.552971e-02	5.495306e+00
3.120000e+01	3.706377e-02	5.503447e+00
3.123333e+01	3.744567e-02	5.505474e+00
3.126667e+01	3.703908e-02	5.503316e+00
3.130000e+01	3.700645e-02	5.503143e+00
3.133333e+01	3.820643e-02	5.509511e+00
3.136667e+01	4.058802e-02	5.522149e+00
3.140000e+01	4.343193e-02	5.537241e+00
3.143333e+01	4.604617e-02	5.551114e+00
3.146667e+01	4.822689e-02	5.562687e+00
3.150000e+01	5.019298e-02	5.573121e+00
3.153333e+01	5.223484e-02	5.583956e+00
3.156667e+01	5.445839e-02	5.595756e+00
3.160000e+01	5.678123e-02	5.608083e+00
3.163333e+01	5.907764e-02	5.620269e+00
3.166667e+01	6.129602e-02	5.632042e+00
3.170000e+01	6.346818e-02	5.643569e+00
3.173333e+01	6.564896e-02	5.655142e+00
3.176667e+01	6.786325e-02	5.666892e+00
3.180000e+01	7.007546e-02	5.678632e+00
3.183333e+01	7.212889e-02	5.689529e+00
3.186667e+01	7.391292e-02	5.698997e+00
3.190000e+01	7.606118e-02	5.710397e+00
3.193333e+01	7.999184e-02	5.731256e+00
3.196667e+01	8.587246e-02	5.762463e+00
32	9.068359e-02	5.787994e+00
3.203333e+01	8.998552e-02	5.784290e+00
3.206667e+01	8.209225e-02	5.742402e+00
3.210000e+01	6.984430e-02	5.677405e+00
3.213333e+01	5.851427e-02	5.617280e+00
3.216667e+01	5.224950e-02	5.584034e+00
3.220000e+01	5.165920e-02	5.580901e+00
3.223333e+01	5.410999e-02	5.593907e+00
3.226667e+01	5.630689e-02	5.605566e+00
3.230000e+01	5.668868e-02	5.607592e+00
3.233333e+01	5.576865e-02	5.602709e+00
3.236667e+01	5.483818e-02	5.597772e+00
3.240000e+01	5.463634e-02	5.596700e+00
3.243333e+01	5.499888e-02	5.598624e+00
3.246667e+01	5.530849e-02	5.600267e+00
3.250000e+01	5.505569e-02	5.598926e+00
3.253333e+01	5.411486e-02	5.593933e+00
3.256667e+01	5.271552e-02	5.586507e+00
3.260000e+01	5.121514e-02	5.578545e+00
3.263333e+01	4.985018e-02	5.571301e+00
3.266667e+01	4.864209e-02	5.564890e+00
3.270000e+01	4.748255e-02	5.558737e+00
3.273333e+01	4.627368e-02	5.552322e+00
3.276667e+01	4.499904e-02	5.545558e+00
3.280000e+01	4.370116e-02	5.538670e+00
3.283333e+01	4.242283e-02	5.531886e+00
3.286667e+01	4.117323e-02	5.525255e+00
3.290000e+01	3.993498e-02	5.518684e+00
3.293333e+01	3.870240e-02	5.512143e+00
3.296667e+01	3.754581e-02	5.506005e+00
33	3.644161e-02	5.500145e+00
3.303333e+01	3.463920e-02	5.490580e+00
3.306667e+01	3.073218e-02	5.469847e+00
3.310000e+01	2.450938e-02	5.436824e+00
3.313333e+01	1.804458e-02	5.402517e+00
3.316667e+01	1.312406e-02	5.376405e+00
3.320000e+01	8.128821e-03	5.349896e+00
3.323333e+01	-3.589387e-04	5.304854e+00
3.326667e+01	-1.343727e-02	5.235450e+00
3.330000e+01	-2.974686e-02	5.148899e+00
3.333333e+01	-4.783953e-02	5.052886e+00
3.336667e+01	-6.563230e-02	4.958464e+00
3.340000e+01	-7.974340e-02	4.883580e+00
3.343333e+01	-8.829187e-02	4.838215e+00
3.346667e+01	-9.256879e-02	4.815518e+00
3.350000e+01	-9.479979e-02	4.803679e+00
3.353333e+01	-9.600417e-02	4.797288e+00
3.356667e+01	-9.630671e-02	4.795682e+00
3.360000e+01	-9.593863e-02	4.797635e+00
3.363333e+01	-9.542612e-02	4.800355e+00
3.366667e+01	-9.519447e-02	4.801585e+00
3.370000e+01	-9.529359e-02	4.801059e+00
3.373333e+01	-9.550455e-02	4.799939e+00
3.376667e+01	-9.561564e-02	4.799349e+00
3.380000e+01	-9.558274e-02	4.799524e+00
3.383333e+01	-9.549306e-02	4.800000e+00
3.386667e+01	-9.544135e-02	4.800274e+00
3.390000e+01	-9.545231e-02	4.800216e+00
3.393333e+01	-9.549080e-02	4.800012e+00
3.396667e+01	-9.551481e-02	4.799885e+00
34	-9.551151e-02	4.799902e+00
3.403333e+01	-9.549505e-02	4.799989e+00
3.406667e+01	-9.548396e-02	4.800048e+00
3.410000e+01	-9.548473e-02	4.800044e+00
3.413333e+01	-9.549174e-02	4.800007e+00
3.416667e+01	-9.549683e-02	4.799980e+00
3.420000e+01	-9.549679e-02	4.799980e+00
3.423333e+01	-9.549382e-02	4.799996e+00
3.426667e+01	-9.549150e-02	4.800008e+00
3.430000e+01	-9.549138e-02	4.800009e+00
3.433333e+01	-9.549263e-02	4.800002e+00
3.436667e+01	-9.549369e-02	4.799997e+00
3.440000e+01	-9.549379e-02	4.799996e+00
3.443333e+01	-9.549327e-02	4.799999e+00
3.446667e+01	-9.549280e-02	4.800001e+00
3.450000e+01	-9.549272e-02	4.800002e+00
3.453333e+01	-9.549294e-02	4.800001e+00
3.456667e+01	-9.549315e-02	4.799999e+00
3.460000e+01	-9.547987e-02	4.800070e+00
3.463333e+01	-9.537786e-02	4.800611e+00
3.466667e+01	-9.501798e-02	4.802521e+00
3.470000e+01	-9.423052e-02	4.806700e+00
3.473333e+01	-9.301395e-02	4.813156e+00
3.476667e+01	-9.156910e-02	4.820823e+00
3.480000e+01	-9.014233e-02	4.828395e+00
3.483333e+01	-8.885340e-02	4.835235e+00
3.486667e+01	-8.766579e-02	4.841537e+00
3.490000e+01	-8.648150e-02	4.847822e+00
3.493333e+01	-8.524246e-02	4.854397e+00
3.496667e+01	-8.395847e-02	4.861211e+00
35	-8.267051e-02	4.868046e+00
3.503333e+01	-8.140531e-02	4.874760e+00
3.506667e+01	-8.016030e-02	4.881367e+00
3.510000e+01	-7.893141e-02	4.887889e+00
3.513333e+01	-7.778163e-02	4.893990e+00
3.516667e+01	-7.688065e-02	4.898772e+00
3.520000e+01	-7.640563e-02	4.901292e+00
3.523333e+01	-7.636370e-02	4.901515e+00
3.526667e+01	-7.675408e-02	4.899443e+00
3.530000e+01	-7.825609e-02	4.891472e+00
3.533333e+01	-8.215792e-02	4.870766e+00
3.536667e+01	-8.850331e-02	4.837093e+00
3.540000e+01	-9.486772e-02	4.803318e+00
3.543333e+01	-9.827424e-02	4.785241e+00
3.546667e+01	-9.803059e-02	4.786534e+00
3.550000e+01	-9.599479e-02	4.797337e+00
3.553333e+01	-9.448408e-02	4.805354e+00
3.556667e+01	-9.442323e-02	4.805677e+00
3.560000e+01	-9.523032e-02	4.801394e+00
3.563333e+01	-9.589999e-02	4.797840e+00
3.566667e+01	-9.596385e-02	4.797502e+00
3.570000e+01	-9.562883e-02	4.799279e+00
3.573333e+01	-9.552818e-02	4.799814e+00
3.576667e+01	-9.681343e-02	4.792993e+00
3.580000e+01	-1.008208e-01	4.771727e+00
3.583333e+01	-1.073705e-01	4.736969e+00
3.586667e+01	-1.138341e-01	4.702669e+00
3.590000e+01	-1.172009e-01	4.684802e+00
3.593333e+01	-1.168688e-01	4.686564e+00
3.596667e+01	-1.147864e-01	4.697615e+00
36	-1.132900e-01	4.705556e+00
3.603333e+01	-1.132674e-01	4.705676e+00
3.606667e+01	-1.140964e-01	4.701277e+00
3.610000e+01	-1.147612e-01	4.697749e+00
3.613333e+01	-1.148086e-01	4.697497e+00
3.616667e+01	-1.144634e-01	4.699329e+00
3.620000e+01	-1.141643e-01	4.700916e+00
3.623333e+01	-1.141278e-01	4.701110e+00
3.626667e+01	-1.142718e-01	4.700346e+00
3.630000e+01	-1.144064e-01	4.699631e+00
3.633333e+01	-1.144294e-01	4.699509e+00
3.636667e+01	-1.143697e-01	4.699826e+00
3.640000e+01	-1.143094e-01	4.700146e+00
3.643333e+01	-1.142963e-01	4.700216e+00
3.646667e+01	-1.143208e-01	4.700086e+00
3.650000e+01	-1.143477e-01	4.699943e+00
3.653333e+01	-1.143548e-01	4.699905e+00
3.656667e+01	-1.143448e-01	4.699958e+00
3.660000e+01	-1.143328e-01	4.700022e+00
3.663333e+01	-1.143292e-01	4.700041e+00
3.666667e+01	-1.143332e-01	4.700020e+00
3.670000e+01	-1.143385e-01	4.699992e+00
3.673333e+01	-1.143403e-01	4.699982e+00
3.676667e+01	-1.143387e-01	4.699991e+00
3.680000e+01	-1.143364e-01	4.700003e+00
3.683333e+01	-1.143355e-01	4.700008e+00
3.686667e+01	-1.143361e-01	4.700004e+00
3.690000e+01	-1.143371e-01	4.699999e+00
3.693333e+01	-1.143376e-01	4.699997e+00
3.696667e+01	-1.143373e-01	4.699998e+00
37	-1.143369e-01	4.700000e+00
3.703333e+01	-1.143367e-01	4.700001e+00
3.706667e+01	-1.143368e-01	4.700001e+00
3.710000e+01	-1.143370e-01	4.700000e+00
3.713333e+01	-1.143371e-01	4.699999e+00
3.716667e+01	-1.143370e-01	4.700000e+00
3.720000e+01	-1.143369e-01	4.700000e+00
3.723333e+01	-1.143369e-01	4.700000e+00
3.726667e+01	-1.143369e-01	4.700000e+00
3.730000e+01	-1.143369e-01	4.700000e+00
3.733333e+01	-1.143370e-01	4.700000e+00
3.736667e+01	-1.143370e-01	4.700000e+00
3.740000e+01	-1.143369e-01	4.700000e+00
3.743333e+01	-1.143369e-01	4.700000e+00
3.746667e+01	-1.143369e-01	4.700000e+00
3.750000e+01	-1.143369e-01	4.700000e+00
3.753333e+01	-1.143370e-01	4.700000e+00
3.756667e+01	-1.143370e-01	4.700000e+00
3.760000e+01	-1.145369e-01	4.698939e+00
3.763333e+01	-1.160657e-01	4.690826e+00
3.766667e+01	-1.212625e-01	4.663248e+00
3.770000e+01	-1.317452e-01	4.607618e+00
3.773333e+01	-1.461263e-01	4.531301e+00
3.776667e+01	-1.611850e-01	4.451389e+00
3.780000e+01	-1.746204e-01	4.380090e+00
3.783333e+01	-1.853330e-01	4.323241e+00
3.786667e+01	-1.929357e-01	4.282895e+00
3.790000e+01	-1.983870e-01	4.253967e+00
3.793333e+01	-2.034339e-01	4.227184e+00
3.796667e+01	-2.091080e-01	4.197073e+00
38	-2.155646e-01	4.162809e+00
3.803333e+01	-2.221976e-01	4.127610e+00
3.806667e+01	-2.274186e-01	4.099903e+00
3.810000e+01	-2.297119e-01	4.087733e+00
3.813333e+01	-2.292091e-01	4.090401e+00
3.816667e+01	-2.275964e-01	4.098960e+00
3.820000e+01	-2.265675e-01	4.104419e+00
3.823333e+01	-2.266443e-01	4.104012e+00
3.826667e+01	-2.272829e-01	4.100623e+00
3.830000e+01	-2.277407e-01	4.098194e+00
3.833333e+01	-2.277347e-01	4.098225e+00
3.836667e+01	-2.274670e-01	4.099646e+00
3.840000e+01	-2.272598e-01	4.100746e+00
3.843333e+01	-2.272510e-01	4.100792e+00
3.846667e+01	-2.273638e-01	4.100194e+00
3.850000e+01	-2.272578e-01	4.100756e+00
3.853333e+01	-2.259380e-01	4.107760e+00
3.856667e+01	-2.220227e-01	4.128538e+00
3.860000e+01	-2.155655e-01	4.162804e+00
3.863333e+01	-2.091218e-01	4.197000e+00
3.866667e+01	-2.057171e-01	4.215067e+00
3.870000e+01	-2.060079e-01	4.213525e+00
3.873333e+01	-2.080796e-01	4.202531e+00
3.876667e+01	-2.093914e-01	4.195569e+00
3.880000e+01	-2.081036e-01	4.202403e+00
3.883333e+01	-2.034122e-01	4.227299e+00
3.886667e+01	-1.963264e-01	4.264902e+00
3.890000e+01	-1.898097e-01	4.299484e+00
3.893333e+01	-1.865480e-01	4.316793e+00
3.896667e+01	-1.864864e-01	4.317120e+00
39	-1.872048e-01	4.313308e+00
3.903333e+01	-1.864352e-01	4.317392e+00
3.906667e+01	-1.837993e-01	4.331380e+00
3.910000e+01	-1.804355e-01	4.349231e+00
3.913333e+01	-1.775456e-01	4.364567e+00
3.916667e+01	-1.754512e-01	4.375681e+00
3.920000e+01	-1.737164e-01	4.384887e+00
3.923333e+01	-1.718087e-01	4.395011e+00
3.926667e+01	-1.695575e-01	4.406958e+00
3.930000e+01	-1.671352e-01	4.419813e+00
3.933333e+01	-1.647761e-01	4.432331e+00
3.936667e+01	-1.625658e-01	4.444061e+00
3.940000e+01	-1.604361e-01	4.455363e+00
3.943333e+01	-1.582842e-01	4.466782e+00
3.946667e+01	-1.558917e-01	4.479479e+00
3.950000e+01	-1.524890e-01	4.497536e+00
3.953333e+01	-1.468094e-01	4.527677e+00
3.956667e+01	-1.382365e-01	4.573171e+00
3.960000e+01	-1.278764e-01	4.628150e+00
3.963333e+01	-1.185836e-01	4.677464e+00
3.966667e+01	-1.140490e-01	4.701528e+00
3.970000e+01	-1.166119e-01	4.687927e+00
3.973333e+01	-1.246910e-01	4.645053e+00
3.976667e+01	-1.333181e-01	4.599272e+00
3.980000e+01	-1.387419e-01	4.570489e+00
3.983333e+01	-1.417652e-01	4.554445e+00
3.986667e+01	-1.452877e-01	4.535752e+00
3.990000e+01	-1.498870e-01	4.511344e+00
3.993333e+01	-1.534844e-01	4.492254e+00
3.996667e+01	-1.543920e-01	4.487437e+00
40	-1.529517e-01	4.495081e+00
4.003333e+01	-1.500764e-01	4.510339e+00
4.006667e+01	-1.456613e-01	4.533769e+00
4.010000e+01	-1.396914e-01	4.565450e+00
4.013333e+01	-1.339187e-01	4.596085e+00
4.016667e+01	-1.307637e-01	4.612827e+00
4.020000e+01	-1.308652e-01	4.612289e+00
4.023333e+01	-1.326439e-01	4.602850e+00
4.026667e+01	-1.340339e-01	4.595473e+00
4.030000e+01	-1.341481e-01	4.594867e+00
4.033333e+01	-1.334527e-01	4.598557e+00
4.036667e+01	-1.328404e-01	4.601807e+00
4.040000e+01	-1.327572e-01	4.602248e+00
4.043333e+01	-1.330438e-01	4.600727e+00
4.046667e+01	-1.333175e-01	4.599275e+00
4.050000e+01	-1.333677e-01	4.599009e+00
4.053333e+01	-1.332492e-01	4.599637e+00
4.056667e+01	-1.329269e-01	4.601348e+00
4.060000e+01	-1.315700e-01	4.608548e+00
4.063333e+01	-1.277505e-01	4.628818e+00
4.066667e+01	-1.213903e-01	4.662570e+00
4.070000e+01	-1.149677e-01	4.696653e+00
4.073333e+01	-1.115237e-01	4.714929e+00
4.076667e+01	-1.117712e-01	4.713616e+00
4.080000e+01	-1.138315e-01	4.702682e+00
4.083333e+01	-1.153593e-01	4.694575e+00
4.086667e+01	-1.154195e-01	4.694255e+00
4.090000e+01	-1.146020e-01	4.698594e+00
4.093333e+01	-1.139245e-01	4.702189e+00
4.096667e+01	-1.138605e-01	4.702529e+00
41	-1.141999e-01	4.700727e+00
4.103333e+01	-1.145040e-01	4.699113e+00
4.106667e+01	-1.145478e-01	4.698881e+00
4.110000e+01	-1.144067e-01	4.699630e+00
4.113333e+01	-1.142701e-01	4.700355e+00
4.116667e+01	-1.142439e-01	4.700494e+00
4.120000e+01	-1.143022e-01	4.700185e+00
4.123333e+01	-1.143633e-01	4.699860e+00
4.126667e+01	-1.143778e-01	4.699783e+00
4.130000e+01	-1.143540e-01	4.699910e+00
4.133333e+01	-1.143268e-01	4.700054e+00
4.136667e+01	-1.143191e-01	4.700095e+00
4.140000e+01	-1.143287e-01	4.700044e+00
4.143333e+01	-1.143408e-01	4.699980e+00
4.146667e+01	-1.143447e-01	4.699959e+00
4.150000e+01	-1.143409e-01	4.699979e+00
4.153333e+01	-1.143355e-01	4.700007e+00
4.156667e+01	-1.143336e-01	4.700018e+00
4.160000e+01	-1.143351e-01	4.700010e+00
4.163333e+01	-1.143374e-01	4.699997e+00
4.166667e+01	-1.143384e-01	4.699992e+00
4.170000e+01	-1.143378e-01	4.699995e+00
4.173333e+01	-1.143368e-01	4.700001e+00
4.176667e+01	-1.143363e-01	4.700003e+00
4.180000e+01	-1.143365e-01	4.700002e+00
4.183333e+01	-1.143370e-01	4.700000e+00
4.186667e+01	-1.143372e-01	4.699999e+00
4.190000e+01	-1.145371e-01	4.698938e+00
4.193333e+01	-1.158657e-01	4.691887e+00
4.196667e+01	-1.197336e-01	4.671361e+00
42	-1.261484e-01	4.637319e+00
4.203333e+01	-1.327860e-01	4.602095e+00
4.206667e+01	-1.375391e-01	4.576872e+00
4.210000e+01	-1.411355e-01	4.557787e+00
4.213333e+01	-1.454822e-01	4.534720e+00
4.216667e+01	-1.503999e-01	4.508623e+00
4.220000e+01	-1.537746e-01	4.490714e+00
4.223333e+01	-1.543243e-01	4.487797e+00
4.226667e+01	-1.529307e-01	4.495192e+00
4.230000e+01	-1.514701e-01	4.502943e+00
4.233333e+01	-1.510793e-01	4.505017e+00
4.236667e+01	-1.515977e-01	4.502266e+00
4.240000e+01	-1.522303e-01	4.498909e+00
4.243333e+01	-1.524317e-01	4.497840e+00
4.246667e+01	-1.522265e-01	4.498929e+00
4.250000e+01	-1.519488e-01	4.500403e+00
4.253333e+01	-1.518484e-01	4.500936e+00
4.256667e+01	-1.519295e-01	4.500505e+00
4.260000e+01	-1.520515e-01	4.499858e+00
4.263333e+01	-1.521009e-01	4.499596e+00
4.266667e+01	-1.520693e-01	4.499763e+00
4.270000e+01	-1.520159e-01	4.500047e+00
4.273333e+01	-1.519920e-01	4.500174e+00
4.276667e+01	-1.520040e-01	4.500110e+00
4.280000e+01	-1.520273e-01	4.499986e+00
4.283333e+01	-1.520387e-01	4.499926e+00
4.286667e+01	-1.520343e-01	4.499949e+00
4.290000e+01	-1.520464e-01	4.499885e+00
4.293333e+01	-1.522109e-01	4.499012e+00
4.296667e+01	-1.528121e-01	4.495822e+00
43	-1.541288e-01	4.488834e+00
4.303333e+01	-1.561590e-01	4.478060e+00
4.306667e+01	-1.585667e-01	4.465283e+00
4.310000e+01	-1.609428e-01	4.452674e+00
4.313333e+01	-1.630898e-01	4.441280e+00
4.316667e+01	-1.650693e-01	4.430776e+00
4.320000e+01	-1.670439e-01	4.420297e+00
4.323333e+01	-1.691095e-01	4.409335e+00
4.326667e+01	-1.712495e-01	4.397979e+00
4.330000e+01	-1.733957e-01	4.386589e+00
4.333333e+01	-1.755041e-01	4.375401e+00
4.336667e+01	-1.775791e-01	4.364389e+00
4.340000e+01	-1.796497e-01	4.353401e+00
4.343333e+01	-1.817359e-01	4.342330e+00
4.346667e+01	-1.838150e-01	4.331297e+00
4.350000e+01	-1.857492e-01	4.321033e+00
4.353333e+01	-1.870693e-01	4.314027e+00
4.356667e+01	-1.866666e-01	4.316164e+00
4.360000e+01	-1.832899e-01	4.334083e+00
4.363333e+01	-1.774716e-01	4.364960e+00
4.366667e+01	-1.727950e-01	4.389777e+00
4.370000e+01	-1.735668e-01	4.385681e+00
4.373333e+01	-1.805384e-01	4.348685e+00
4.376667e+01	-1.902625e-01	4.297082e+00
4.380000e+01	-1.989336e-01	4.251066e+00
4.383333e+01	-2.052741e-01	4.217419e+00
4.386667e+01	-2.101896e-01	4.191333e+00
4.390000e+01	-2.153481e-01	4.163958e+00
4.393333e+01	-2.214079e-01	4.131800e+00
4.396667e+01	-2.269256e-01	4.102519e+00
44	-2.299810e-01	4.086305e+00
4.403333e+01	-2.310774e-01	4.080487e+00
4.406667e+01	-2.332209e-01	4.069111e+00
4.410000e+01	-2.383624e-01	4.041827e+00
4.413333e+01	-2.447486e-01	4.007937e+00
4.416667e+01	-2.488517e-01	3.986163e+00
4.420000e+01	-2.491435e-01	3.984614e+00
4.423333e+01	-2.471298e-01	3.995300e+00
4.426667e+01	-2.453286e-01	4.004859e+00
4.430000e+01	-2.450263e-01	4.006463e+00
4.433333e+01	-2.458109e-01	4.002300e+00
4.436667e+01	-2.466022e-01	3.998100e+00
4.440000e+01	-2.467749e-01	3.997184e+00
4.443333e+01	-2.464556e-01	3.998878e+00
4.446667e+01	-2.461044e-01	4.000742e+00
4.450000e+01	-2.460119e-01	4.001233e+00
4.453333e+01	-2.461418e-01	4.000543e+00
4.456667e+01	-2.462977e-01	3.999716e+00
4.460000e+01	-2.463455e-01	3.999462e+00
4.463333e+01	-2.462933e-01	3.999740e+00
4.466667e+01	-2.462244e-01	4.000105e+00
4.470000e+01	-2.462002e-01	4.000234e+00
4.473333e+01	-2.462210e-01	4.000123e+00
4.476667e+01	-2.462513e-01	3.999962e+00
4.480000e+01	-2.462632e-01	3.999899e+00
4.483333e+01	-2.462551e-01	3.999942e+00
4.486667e+01	-2.462418e-01	4.000013e+00
4.490000e+01	-2.462360e-01	4.000043e+00
4.493333e+01	-2.462391e-01	4.000027e+00
4.496667e+01	-2.462449e-01	3.999996e+00
45	-2.462477e-01	3.999981e+00
4.503333e+01	-2.462466e-01	3.999988e+00
4.506667e+01	-2.462440e-01	4.000001e+00
4.510000e+01	-2.462427e-01	4.000008e+00
4.513333e+01	-2.462431e-01	4.000006e+00
4.516667e+01	-2.460443e-01	4.001061e+00
4.520000e+01	-2.447161e-01	4.008109e+00
4.523333e+01	-2.408479e-01	4.028637e+00
4.526667e+01	-2.344327e-01	4.062681e+00
4.530000e+01	-2.279948e-01	4.096845e+00
4.533333e+01	-2.247706e-01	4.113955e+00
4.536667e+01	-2.263712e-01	4.105461e+00
4.540000e+01	-2.323074e-01	4.073959e+00
4.543333e+01	-2.404420e-01	4.030791e+00
4.546667e+01	-2.482578e-01	3.989315e+00
4.550000e+01	-2.547287e-01	3.954975e+00
4.553333e+01	-2.601974e-01	3.925954e+00
4.556667e+01	-2.645077e-01	3.903080e+00
4.560000e+01	-2.667534e-01	3.891163e+00
4.563333e+01	-2.669352e-01	3.890198e+00
4.566667e+01	-2.670590e-01	3.889541e+00
4.570000e+01	-2.699394e-01	3.874255e+00
4.573333e+01	-2.762279e-01	3.840884e+00
4.576667e+01	-2.831202e-01	3.804308e+00
4.580000e+01	-2.869746e-01	3.783854e+00
4.583333e+01	-2.867814e-01	3.784879e+00
4.586667e+01	-2.845283e-01	3.796836e+00
4.590000e+01	-2.828175e-01	3.805914e+00
4.593333e+01	-2.827244e-01	3.806408e+00
4.596667e+01	-2.836216e-01	3.801647e+00
46	-2.843809e-01	3.797618e+00
4.603333e+01	-2.844635e-01	3.797180e+00
4.606667e+01	-2.840914e-01	3.799154e+00
4.610000e+01	-2.837507e-01	3.800962e+00
4.613333e+01	-2.836970e-01	3.801247e+00
4.616667e+01	-2.838514e-01	3.800427e+00
4.620000e+01	-2.839951e-01	3.799665e+00
4.623333e+01	-2.839569e-01	3.799868e+00
4.626667e+01	-2.836480e-01	3.801507e+00
4.630000e+01	-2.830429e-01	3.804718e+00
4.633333e+01	-2.821963e-01	3.809211e+00
4.636667e+01	-2.812371e-01	3.814301e+00
4.640000e+01	-2.802946e-01	3.819303e+00
4.643333e+01	-2.794248e-01	3.823919e+00
4.646667e+01	-2.786046e-01	3.828271e+00
4.650000e+01	-2.777837e-01	3.832628e+00
4.653333e+01	-2.769343e-01	3.837135e+00
4.656667e+01	-2.760631e-01	3.841759e+00
4.660000e+01	-2.751908e-01	3.846387e+00
4.663333e+01	-2.743304e-01	3.850953e+00
4.666667e+01	-2.734799e-01	3.855467e+00
4.670000e+01	-2.726304e-01	3.859975e+00
4.673333e+01	-2.717758e-01	3.864510e+00
4.676667e+01	-2.709169e-01	3.869068e+00
4.680000e+01	-2.700572e-01	3.873630e+00
4.683333e+01	-2.691997e-01	3.878181e+00
4.686667e+01	-2.683441e-01	3.882721e+00
4.690000e+01	-2.674889e-01	3.887259e+00
4.693333e+01	-2.666420e-01	3.891754e+00
4.696667e+01	-2.656546e-01	3.896994e+00
47	-2.637140e-01	3.907292e+00
4.703333e+01	-2.595260e-01	3.929517e+00
4.706667e+01	-2.530844e-01	3.963701e+00
4.710000e+01	-2.469757e-01	3.996118e+00
4.713333e+01	-2.449965e-01	4.006621e+00
4.716667e+01	-2.491584e-01	3.984535e+00
4.720000e+01	-2.575943e-01	3.939768e+00
4.723333e+01	-2.655026e-01	3.897800e+00
4.726667e+01	-2.689647e-01	3.879428e+00
4.730000e+01	-2.678906e-01	3.885128e+00
4.733333e+01	-2.651699e-01	3.899566e+00
4.736667e+01	-2.635968e-01	3.907914e+00
4.740000e+01	-2.638809e-01	3.906406e+00
4.743333e+01	-2.647957e-01	3.901552e+00
4.746667e+01	-2.641799e-01	3.904820e+00
4.750000e+01	-2.602322e-01	3.925769e+00
4.753333e+01	-2.533442e-01	3.962322e+00
4.756667e+01	-2.463800e-01	3.999280e+00
4.760000e+01	-2.416427e-01	4.024419e+00
4.763333e+01	-2.382474e-01	4.042437e+00
4.766667e+01	-2.340501e-01	4.064711e+00
4.770000e+01	-2.289342e-01	4.091860e+00
4.773333e+01	-2.241457e-01	4.117272e+00
4.776667e+01	-2.192599e-01	4.143199e+00
4.780000e+01	-2.115767e-01	4.183972e+00
4.783333e+01	-1.986994e-01	4.252309e+00
4.786667e+01	-1.813385e-01	4.344439e+00
4.790000e+01	-1.630235e-01	4.441632e+00
4.793333e+01	-1.471126e-01	4.526067e+00
4.796667e+01	-1.347795e-01	4.591516e+00
48	-1.252380e-01	4.642151e+00
4.803333e+01	-1.168441e-01	4.686695e+00
4.806667e+01	-1.082095e-01	4.732517e+00
4.810000e+01	-9.884782e-02	4.782197e+00
4.813333e+01	-8.905138e-02	4.834184e+00
4.816667e+01	-7.931194e-02	4.885869e+00
4.820000e+01	-7.005735e-02	4.934981e+00
4.823333e+01	-6.208518e-02	4.977288e+00
4.826667e+01	-5.660249e-02	5.006383e+00
4.830000e+01	-5.399224e-02	5.020235e+00
4.833333e+01	-5.292617e-02	5.025892e+00
4.836667e+01	-5.138824e-02	5.034054e+00
4.840000e+01	-4.836331e-02	5.050106e+00
4.843333e+01	-4.429136e-02	5.071715e+00
4.846667e+01	-4.019995e-02	5.093427e+00
4.850000e+01	-3.669143e-02	5.112046e+00
4.853333e+01	-3.365895e-02	5.128139e+00
4.856667e+01	-3.066920e-02	5.144005e+00
4.860000e+01	-2.743955e-02	5.161143e+00
4.863333e+01	-2.399611e-02	5.179417e+00
4.866667e+01	-2.052244e-02	5.197851e+00
4.870000e+01	-1.714831e-02	5.215757e+00
4.873333e+01	-1.387013e-02	5.233153e+00
4.876667e+01	-1.061014e-02	5.250453e+00
4.880000e+01	-7.344337e-03	5.267784e+00
4.883333e+01	-3.870169e-03	5.286221e+00
4.886667e+01	1.189112e-03	5.313069e+00
4.890000e+01	1.037809e-02	5.361833e+00
4.893333e+01	2.463413e-02	5.437486e+00
4.896667e+01	4.086544e-02	5.523622e+00
49	5.367161e-02	5.591581e+00
4.903333e+01	5.948215e-02	5.622416e+00
4.906667e+01	5.875769e-02	5.618571e+00
4.910000e+01	5.411073e-02	5.593911e+00
4.913333e+01	4.659149e-02	5.554008e+00
4.916667e+01	3.502693e-02	5.492638e+00
4.920000e+01	1.952055e-02	5.410349e+00
4.923333e+01	4.160619e-03	5.328838e+00
4.926667e+01	-5.407017e-03	5.278065e+00
4.930000e+01	-7.000460e-03	5.269609e+00
4.933333e+01	-3.553690e-03	5.287900e+00
4.936667e+01	5.250811e-05	5.307037e+00
4.940000e+01	1.014405e-03	5.312142e+00
4.943333e+01	-2.451549e-04	5.305458e+00
4.946667e+01	-1.776544e-03	5.297331e+00
4.950000e+01	-2.258108e-03	5.294775e+00
4.953333e+01	-1.757188e-03	5.297434e+00
4.956667e+01	-1.085935e-03	5.300996e+00
4.960000e+01	-8.463767e-04	5.302267e+00
4.963333e+01	-1.045178e-03	5.301212e+00
4.966667e+01	-1.340293e-03	5.299646e+00
4.970000e+01	-1.458179e-03	5.299020e+00
4.973333e+01	-1.180683e-03	5.300493e+00
4.976667e+01	2.773533e-04	5.308230e+00
4.980000e+01	4.202581e-03	5.329061e+00
4.983333e+01	1.058776e-02	5.362945e+00
4.986667e+01	1.696896e-02	5.396809e+00
4.990000e+01	2.036585e-02	5.414835e+00
4.993333e+01	2.010517e-02	5.413452e+00
4.996667e+01	1.806163e-02	5.402607e+00
50	1.675466e-02	5.395672e+00
5.003333e+01	1.803001e-02	5.402439e+00
5.006667e+01	2.270884e-02	5.427269e+00
5.010000e+01	2.979187e-02	5.464857e+00
5.013333e+01	3.629007e-02	5.499341e+00
5.016667e+01	3.937759e-02	5.515726e+00
5.020000e+01	3.878081e-02	5.512559e+00
5.023333e+01	3.647958e-02	5.500347e+00
5.026667e+01	3.442517e-02	5.489445e+00
5.030000e+01	3.303404e-02	5.482062e+00
5.033333e+01	3.159966e-02	5.474450e+00
5.036667e+01	2.950697e-02	5.463345e+00
5.040000e+01	2.683076e-02	5.449143e+00
5.043333e+01	2.405859e-02	5.434432e+00
5.046667e+01	2.155259e-02	5.421133e+00
5.050000e+01	1.931717e-02	5.409270e+00
5.053333e+01	1.714352e-02	5.397735e+00
5.056667e+01	1.486255e-02	5.385631e+00
5.060000e+01	1.246102e-02	5.372886e+00
5.063333e+01	1.002623e-02	5.359965e+00
5.066667e+01	7.634770e-03	5.347274e+00
5.070000e+01	5.296715e-03	5.334867e+00
5.073333e+01	3.000751e-03	5.322683e+00
5.076667e+01	8.535210e-04	5.311288e+00
5.080000e+01	-8.337749e-04	5.302334e+00
5.083333e+01	-1.727790e-03	5.297590e+00
5.086667e+01	-2.010216e-03	5.296091e+00
5.090000e+01	-2.983044e-03	5.290928e+00
5.093333e+01	-6.724869e-03	5.271071e+00
5.096667e+01	-1.460334e-02	5.229262e+00
51	-2.656720e-02	5.165773e+00
5.103333e+01	-4.194074e-02	5.084189e+00
5.106667e+01	-5.995224e-02	4.988607e+00
5.110000e+01	-7.930542e-02	4.885904e+00
5.113333e+01	-9.759789e-02	4.788830e+00
5.116667e+01	-1.114677e-01	4.715226e+00
5.120000e+01	-1.183125e-01	4.678903e+00
5.123333e+01	-1.185400e-01	4.677695e+00
5.126667e+01	-1.156055e-01	4.693268e+00
5.130000e+01	-1.134138e-01	4.704899e+00
5.133333e+01	-1.137408e-01	4.703163e+00
5.136667e+01	-1.158727e-01	4.691850e+00
5.140000e+01	-1.181329e-01	4.679856e+00
5.143333e+01	-1.195109e-01	4.672543e+00
5.146667e+01	-1.201278e-01	4.669269e+00
5.150000e+01	-1.206497e-01	4.666500e+00
5.153333e+01	-1.215322e-01	4.661816e+00
5.156667e+01	-1.227526e-01	4.655340e+00
5.160000e+01	-1.240310e-01	4.648556e+00
5.163333e+01	-1.251601e-01	4.642564e+00
5.166667e+01	-1.261380e-01	4.637374e+00
5.170000e+01	-1.270830e-01	4.632360e+00
5.173333e+01	-1.280894e-01	4.627019e+00
5.176667e+01	-1.291632e-01	4.621321e+00
5.180000e+01	-1.302436e-01	4.615587e+00
5.183333e+01	-1.312252e-01	4.610378e+00
5.186667e+01	-1.317731e-01	4.607470e+00
5.190000e+01	-1.308894e-01	4.612160e+00
5.193333e+01	-1.272599e-01	4.631421e+00
5.196667e+01	-1.210481e-01	4.664386e+00
52	-1.148345e-01	4.697359e+00
5.203333e+01	-1.117777e-01	4.713581e+00
5.206667e+01	-1.136189e-01	4.703811e+00
5.210000e+01	-1.210251e-01	4.664508e+00
5.213333e+01	-1.340844e-01	4.595205e+00
5.216667e+01	-1.508289e-01	4.506346e+00
5.220000e+01	-1.663049e-01	4.424219e+00
5.223333e+01	-1.754517e-01	4.375679e+00
5.226667e+01	-1.778183e-01	4.363120e+00
5.230000e+01	-1.781601e-01	4.361306e+00
5.233333e+01	-1.812270e-01	4.345031e+00
5.236667e+01	-1.869522e-01	4.314649e+00
5.240000e+01	-1.916836e-01	4.289540e+00
5.243333e+01	-1.928367e-01	4.283421e+00
5.246667e+01	-1.911387e-01	4.292432e+00
5.250000e+01	-1.890914e-01	4.303296e+00
5.253333e+01	-1.884143e-01	4.306890e+00
5.256667e+01	-1.890458e-01	4.303538e+00
5.260000e+01	-1.899329e-01	4.298831e+00
5.263333e+01	-1.902697e-01	4.297043e+00
5.266667e+01	-1.900242e-01	4.298346e+00
5.270000e+01	-1.896366e-01	4.300403e+00
5.273333e+01	-1.894726e-01	4.301273e+00
5.276667e+01	-1.893673e-01	4.301832e+00
5.280000e+01	-1.882078e-01	4.307985e+00
5.283333e+01	-1.844186e-01	4.328094e+00
5.286667e+01	-1.779683e-01	4.362324e+00
5.290000e+01	-1.714571e-01	4.396877e+00
5.293333e+01	-1.679952e-01	4.415248e+00
5.296667e+01	-1.682798e-01	4.413738e+00
53	-1.703797e-01	4.402594e+00
5.303333e+01	-1.719173e-01	4.394435e+00
5.306667e+01	-1.719624e-01	4.394196e+00
5.310000e+01	-1.711273e-01	4.398628e+00
5.313333e+01	-1.704446e-01	4.402250e+00
5.316667e+01	-1.703868e-01	4.402557e+00
5.320000e+01	-1.707340e-01	4.400715e+00
5.323333e+01	-1.710407e-01	4.399087e+00
5.326667e+01	-1.710821e-01	4.398867e+00
5.330000e+01	-1.709375e-01	4.399634e+00
5.333333e+01	-1.707996e-01	4.400366e+00
5.336667e+01	-1.707744e-01	4.400500e+00
5.340000e+01	-1.708342e-01	4.400183e+00
5.343333e+01	-1.708959e-01	4.399855e+00
5.346667e+01	-1.709100e-01	4.399780e+00
5.350000e+01	-1.708856e-01	4.399910e+00
5.353333e+01	-1.708581e-01	4.400056e+00
5.356667e+01	-1.708505e-01	4.400096e+00
5.360000e+01	-1.708604e-01	4.400043e+00
5.363333e+01	-1.708726e-01	4.399979e+00
5.366667e+01	-1.708765e-01	4.399958e+00
5.370000e+01	-1.708725e-01	4.399979e+00
5.373333e+01	-1.708672e-01	4.400008e+00
5.376667e+01	-1.706652e-01	4.401079e+00
5.380000e+01	-1.693380e-01	4.408122e+00
5.383333e+01	-1.654724e-01	4.428637e+00
5.386667e+01	-1.590586e-01	4.462673e+00
5.390000e+01	-1.526204e-01	4.496839e+00
5.393333e+01	-1.491951e-01	4.515016e+00
5.396667e+01	-1.494663e-01	4.513577e+00
54	-1.515345e-01	4.502602e+00
5.403333e+01	-1.530549e-01	4.494533e+00
5.406667e+01	-1.531046e-01	4.494269e+00
5.410000e+01	-1.522831e-01	4.498629e+00
5.413333e+01	-1.516086e-01	4.502208e+00
5.416667e+01	-1.515492e-01	4.502524e+00
5.420000e+01	-1.518905e-01	4.500712e+00
5.423333e+01	-1.521936e-01	4.499104e+00
5.426667e+01	-1.522353e-01	4.498882e+00
5.430000e+01	-1.520933e-01	4.499636e+00
5.433333e+01	-1.517571e-01	4.501420e+00
5.436667e+01	-1.504031e-01	4.508606e+00
5.440000e+01	-1.465937e-01	4.528821e+00
5.443333e+01	-1.402399e-01	4.562539e+00
5.446667e+01	-1.338165e-01	4.596627e+00
5.450000e+01	-1.303681e-01	4.614926e+00
5.453333e+01	-1.306127e-01	4.613629e+00
5.456667e+01	-1.326731e-01	4.602694e+00
5.460000e+01	-1.342028e-01	4.594577e+00
5.463333e+01	-1.342643e-01	4.594250e+00
5.466667e+01	-1.334468e-01	4.598588e+00
5.470000e+01	-1.327686e-01	4.602188e+00
5.473333e+01	-1.327040e-01	4.602531e+00
5.476667e+01	-1.330433e-01	4.600730e+00
5.480000e+01	-1.333478e-01	4.599114e+00
5.483333e+01	-1.333919e-01	4.598880e+00
5.486667e+01	-1.332508e-01	4.599629e+00
5.490000e+01	-1.331141e-01	4.600354e+00
5.493333e+01	-1.330878e-01	4.600494e+00
5.496667e+01	-1.331460e-01	4.600185e+00
55	-1.332071e-01	4.599860e+00
5.503333e+01	-1.332217e-01	4.599783e+00
5.506667e+01	-1.331979e-01	4.599909e+00
5.510000e+01	-1.331707e-01	4.600054e+00
5.513333e+01	-1.331630e-01	4.600095e+00
5.516667e+01	-1.331726e-01	4.600044e+00
5.520000e+01	-1.331847e-01	4.599980e+00
5.523333e+01	-1.331886e-01	4.599959e+00
5.526667e+01	-1.331848e-01	4.599979e+00
5.530000e+01	-1.331794e-01	4.600007e+00
5.533333e+01	-1.331775e-01	4.600018e+00
5.536667e+01	-1.331790e-01	4.600010e+00
5.540000e+01	-1.333813e-01	4.598936e+00
5.543333e+01	-1.349110e-01	4.590818e+00
5.546667e+01	-1.403072e-01	4.562182e+00
5.550000e+01	-1.519178e-01	4.500568e+00
5.553333e+01	-1.690376e-01	4.409717e+00
5.556667e+01	-1.879720e-01	4.309237e+00
5.560000e+01	-2.054987e-01	4.216227e+00
5.563333e+01	-2.207418e-01	4.135335e+00
5.566667e+01	-2.336253e-01	4.066965e+00
5.570000e+01	-2.434510e-01	4.014823e+00
5.573333e+01	-2.499258e-01	3.980462e+00
5.576667e+01	-2.545284e-01	3.956038e+00
5.580000e+01	-2.591868e-01	3.931317e+00
5.583333e+01	-2.638497e-01	3.906572e+00
5.586667e+01	-2.668119e-01	3.890852e+00
5.590000e+01	-2.671534e-01	3.889040e+00
5.593333e+01	-2.658227e-01	3.896102e+00
5.596667e+01	-2.645310e-01	3.902957e+00
56	-2.642384e-01	3.904509e+00
5.603333e+01	-2.647377e-01	3.901860e+00
5.606667e+01	-2.652989e-01	3.898881e+00
5.610000e+01	-2.654550e-01	3.898053e+00
5.613333e+01	-2.652553e-01	3.899113e+00
5.616667e+01	-2.650081e-01	3.900425e+00
5.620000e+01	-2.649285e-01	3.900847e+00
5.623333e+01	-2.650085e-01	3.900422e+00
5.626667e+01	-2.651175e-01	3.899844e+00
5.630000e+01	-2.651573e-01	3.899633e+00
5.633333e+01	-2.651257e-01	3.899801e+00
5.636667e+01	-2.650778e-01	3.900055e+00
5.640000e+01	-2.650582e-01	3.900158e+00
5.643333e+01	-2.650705e-01	3.900093e+00
5.646667e+01	-2.650915e-01	3.899982e+00
5.650000e+01	-2.651009e-01	3.899932e+00
5.653333e+01	-2.650963e-01	3.899957e+00
5.656667e+01	-2.650871e-01	3.900005e+00
5.660000e+01	-2.650826e-01	3.900029e+00
5.663333e+01	-2.648844e-01	3.901081e+00
5.666667e+01	-2.635596e-01	3.908112e+00
5.670000e+01	-2.596937e-01	3.928627e+00
5.673333e+01	-2.532783e-01	3.962672e+00
5.676667e+01	-2.468390e-01	3.996844e+00
5.680000e+01	-2.434137e-01	4.015021e+00
5.683333e+01	-2.436999e-01	4.013502e+00
5.686667e+01	-2.458778e-01	4.001944e+00
5.690000e+01	-2.477837e-01	3.991830e+00
5.693333e+01	-2.486768e-01	3.987091e+00
5.696667e+01	-2.491586e-01	3.984534e+00
57	-2.500322e-01	3.979898e+00
5.703333e+01	-2.515016e-01	3.972101e+00
5.706667e+01	-2.532240e-01	3.962960e+00
5.710000e+01	-2.547994e-01	3.954599e+00
5.713333e+01	-2.561101e-01	3.947644e+00
5.716667e+01	-2.572955e-01	3.941353e+00
5.720000e+01	-2.585350e-01	3.934776e+00
5.723333e+01	-2.598897e-01	3.927587e+00
5.726667e+01	-2.613040e-01	3.920081e+00
5.730000e+01	-2.626989e-01	3.912679e+00
5.733333e+01	-2.640440e-01	3.905541e+00
5.736667e+01	-2.653610e-01	3.898552e+00
5.740000e+01	-2.666847e-01	3.891527e+00
5.743333e+01	-2.680298e-01	3.884389e+00
5.746667e+01	-2.693880e-01	3.877182e+00
5.750000e+01	-2.707441e-01	3.869985e+00
5.753333e+01	-2.720910e-01	3.862837e+00
5.756667e+01	-2.734319e-01	3.855721e+00
5.760000e+01	-2.747733e-01	3.848603e+00
5.763333e+01	-2.761187e-01	3.841463e+00
5.766667e+01	-2.774668e-01	3.834309e+00
5.770000e+01	-2.788148e-01	3.827156e+00
5.773333e+01	-2.801612e-01	3.820011e+00
5.776667e+01	-2.815063e-01	3.812872e+00
5.780000e+01	-2.828514e-01	3.805734e+00
5.783333e+01	-2.841972e-01	3.798593e+00
5.786667e+01	-2.855435e-01	3.791448e+00
5.790000e+01	-2.868899e-01	3.784303e+00
5.793333e+01	-2.882361e-01	3.777159e+00
5.796667e+01	-2.895819e-01	3.770017e+00
58	-2.909277e-01	3.762875e+00
5.803333e+01	-2.922736e-01	3.755733e+00
5.806667e+01	-2.936197e-01	3.748590e+00
5.810000e+01	-2.949658e-01	3.741446e+00
5.813333e+01	-2.963118e-01	3.734303e+00
5.816667e+01	-2.976578e-01	3.727161e+00
5.820000e+01	-2.990037e-01	3.720018e+00
5.823333e+01	-3.003497e-01	3.712875e+00
5.826667e+01	-3.016957e-01	3.705732e+00
5.830000e+01	-3.030417e-01	3.698589e+00
5.833333e+01	-3.043877e-01	3.691447e+00
5.836667e+01	-3.057337e-01	3.684304e+00
5.840000e+01	-3.070797e-01	3.677161e+00
5.843333e+01	-3.084257e-01	3.670018e+00
5.846667e+01	-3.097717e-01	3.662875e+00
5.850000e+01	-3.111177e-01	3.655732e+00
5.853333e+01	-3.124637e-01	3.648589e+00
5.856667e+01	-3.138096e-01	3.641447e+00
5.860000e+01	-3.151556e-01	3.634304e+00
5.863333e+01	-3.164873e-01	3.627237e+00
5.866667e+01	-3.177241e-01	3.620673e+00
5.870000e+01	-3.179133e-01	3.619669e+00
5.873333e+01	-3.132904e-01	3.644202e+00
5.876667e+01	-2.984133e-01	3.723151e+00
5.880000e+01	-2.734685e-01	3.855527e+00
5.883333e+01	-2.484552e-01	3.988267e+00
5.886667e+01	-2.352123e-01	4.058544e+00
5.890000e+01	-2.363337e-01	4.052593e+00
5.893333e+01	-2.443874e-01	4.009854e+00
5.896667e+01	-2.504683e-01	3.977584e+00
59	-2.519583e-01	3.969677e+00
5.903333e+01	-2.526243e-01	3.966142e+00
5.906667e+01	-2.564284e-01	3.945955e+00
5.910000e+01	-2.628492e-01	3.911881e+00
5.913333e+01	-2.689338e-01	3.879592e+00
5.916667e+01	-2.738976e-01	3.853250e+00
5.920000e+01	-2.796896e-01	3.822513e+00
5.923333e+01	-2.878053e-01	3.779445e+00
5.926667e+01	-2.968728e-01	3.731326e+00
5.930000e+01	-3.035495e-01	3.695895e+00
5.933333e+01	-3.056266e-01	3.684872e+00
5.936667e+01	-3.039623e-01	3.693704e+00
5.940000e+01	-3.013467e-01	3.707584e+00
5.943333e+01	-2.999731e-01	3.714874e+00
5.946667e+01	-3.001330e-01	3.714025e+00
5.950000e+01	-3.008139e-01	3.710412e+00
5.953333e+01	-3.010352e-01	3.709237e+00
5.956667e+01	-3.005967e-01	3.711565e+00
5.960000e+01	-2.999025e-01	3.715248e+00
5.963333e+01	-2.993870e-01	3.717984e+00
5.966667e+01	-2.991595e-01	3.719191e+00
5.970000e+01	-2.990560e-01	3.719741e+00
5.973333e+01	-2.988838e-01	3.720654e+00
5.976667e+01	-2.985859e-01	3.722235e+00
5.980000e+01	-2.982285e-01	3.724132e+00
5.983333e+01	-2.978968e-01	3.725892e+00
5.986667e+01	-2.976197e-01	3.727363e+00
5.990000e+01	-2.973709e-01	3.728683e+00
5.993333e+01	-2.971129e-01	3.730052e+00
5.996667e+01	-2.968312e-01	3.731547e+00
60	-2.965361e-01	3.733113e+00
6.003333e+01	-2.962443e-01	3.734662e+00
6.006667e+01	-2.959627e-01	3.736156e+00
6.010000e+01	-2.956872e-01	3.737618e+00
6.013333e+01	-2.954108e-01	3.739085e+00
6.016667e+01	-2.951299e-01	3.740575e+00
6.020000e+01	-2.948463e-01	3.742081e+00
6.023333e+01	-2.945628e-01	3.743585e+00
6.026667e+01	-2.942813e-01	3.745079e+00
6.030000e+01	-2.940010e-01	3.746566e+00
6.033333e+01	-2.937208e-01	3.748053e+00
6.036667e+01	-2.934397e-01	3.749545e+00
6.040000e+01	-2.931580e-01	3.751040e+00
6.043333e+01	-2.928763e-01	3.752535e+00
6.046667e+01	-2.925950e-01	3.754028e+00
6.050000e+01	-2.923139e-01	3.755519e+00
6.053333e+01	-2.920328e-01	3.757011e+00
6.056667e+01	-2.917516e-01	3.758503e+00
6.060000e+01	-2.914703e-01	3.759996e+00
6.063333e+01	-2.911890e-01	3.761489e+00
6.066667e+01	-2.909077e-01	3.762982e+00
6.070000e+01	-2.906265e-01	3.764474e+00
6.073333e+01	-2.903453e-01	3.765966e+00
6.076667e+01	-2.900640e-01	3.767459e+00
6.080000e+01	-2.897828e-01	3.768951e+00
6.083333e+01	-2.895015e-01	3.770444e+00
6.086667e+01	-2.892202e-01	3.771937e+00
6.090000e+01	-2.889390e-01	3.773429e+00
6.093333e+01	-2.886577e-01	3.774922e+00
6.096667e+01	-2.883765e-01	3.776414e+00
61	-2.880952e-01	3.777907e+00
6.103333e+01	-2.878140e-01	3.779399e+00
6.106667e+01	-2.875327e-01	3.780892e+00
6.110000e+01	-2.872515e-01	3.782384e+00
6.113333e+01	-2.869702e-01	3.783877e+00
6.116667e+01	-2.866890e-01	3.785369e+00
6.120000e+01	-2.864077e-01	3.786862e+00
6.123333e+01	-2.861265e-01	3.788354e+00
6.126667e+01	-2.858452e-01	3.789847e+00
6.130000e+01	-2.855640e-01	3.791340e+00
6.133333e+01	-2.852827e-01	3.792832e+00
6.136667e+01	-2.850015e-01	3.794325e+00
6.140000e+01	-2.847202e-01	3.795817e+00
6.143333e+01	-2.844419e-01	3.797294e+00
6.146667e+01	-2.841835e-01	3.798665e+00
6.150000e+01	-2.839828e-01	3.799730e+00
6.153333e+01	-2.838778e-01	3.800287e+00
6.156667e+01	-2.840689e-01	3.799273e+00
6.160000e+01	-2.854399e-01	3.791998e+00
6.163333e+01	-2.893462e-01	3.771268e+00
6.166667e+01	-2.953683e-01	3.739310e+00
6.170000e+01	-2.991330e-01	3.719332e+00
6.173333e+01	-2.948050e-01	3.742300e+00
6.176667e+01	-2.817000e-01	3.811845e+00
6.180000e+01	-2.667631e-01	3.891111e+00
6.183333e+01	-2.584017e-01	3.935483e+00
6.186667e+01	-2.588975e-01	3.932852e+00
6.190000e+01	-2.638524e-01	3.906558e+00
6.193333e+01	-2.675634e-01	3.886864e+00
6.196667e+01	-2.677207e-01	3.886029e+00
62	-2.659376e-01	3.895492e+00
6.203333e+01	-2.656161e-01	3.897198e+00
6.206667e+01	-2.693243e-01	3.877519e+00
6.210000e+01	-2.765633e-01	3.839104e+00
6.213333e+01	-2.837424e-01	3.801006e+00
6.216667e+01	-2.872752e-01	3.782259e+00
6.220000e+01	-2.866609e-01	3.785519e+00
6.223333e+01	-2.842599e-01	3.798260e+00
6.226667e+01	-2.826754e-01	3.806668e+00
6.230000e+01	-2.827673e-01	3.806181e+00
6.233333e+01	-2.837375e-01	3.801032e+00
6.236667e+01	-2.844476e-01	3.797264e+00
6.240000e+01	-2.844491e-01	3.797256e+00
6.243333e+01	-2.840180e-01	3.799544e+00
6.246667e+01	-2.835163e-01	3.802206e+00
6.250000e+01	-2.828631e-01	3.805673e+00
6.253333e+01	-2.816449e-01	3.812137e+00
6.256667e+01	-2.796437e-01	3.822757e+00
6.260000e+01	-2.771098e-01	3.836204e+00
6.263333e+01	-2.745203e-01	3.849945e+00
6.266667e+01	-2.721801e-01	3.862365e+00
6.270000e+01	-2.700739e-01	3.873542e+00
6.273333e+01	-2.680137e-01	3.884475e+00
6.276667e+01	-2.658566e-01	3.895922e+00
6.280000e+01	-2.635968e-01	3.907914e+00
6.283333e+01	-2.613117e-01	3.920040e+00
6.286667e+01	-2.590658e-01	3.931959e+00
6.290000e+01	-2.568654e-01	3.943636e+00
6.293333e+01	-2.546783e-01	3.955242e+00
6.296667e+01	-2.524753e-01	3.966933e+00
63	-2.500757e-01	3.979667e+00
6.303333e+01	-2.466969e-01	3.997598e+00
6.306667e+01	-2.410402e-01	4.027616e+00
6.310000e+01	-2.324716e-01	4.073088e+00
6.313333e+01	-2.221016e-01	4.128119e+00
6.316667e+01	-2.125986e-01	4.178549e+00
6.320000e+01	-2.069328e-01	4.208616e+00
6.323333e+01	-2.069605e-01	4.208469e+00
6.326667e+01	-2.124975e-01	4.179086e+00
6.330000e+01	-2.209030e-01	4.134480e+00
6.333333e+01	-2.280098e-01	4.096766e+00
6.336667e+01	-2.308588e-01	4.081646e+00
6.340000e+01	-2.297624e-01	4.087465e+00
6.343333e+01	-2.273767e-01	4.100126e+00
6.346667e+01	-2.260802e-01	4.107005e+00
6.350000e+01	-2.263890e-01	4.105367e+00
6.353333e+01	-2.273634e-01	4.100196e+00
6.356667e+01	-2.279514e-01	4.097075e+00
6.360000e+01	-2.278543e-01	4.097591e+00
6.363333e+01	-2.274395e-01	4.099792e+00
6.366667e+01	-2.271690e-01	4.101228e+00
6.370000e+01	-2.271953e-01	4.101088e+00
6.373333e+01	-2.273723e-01	4.100149e+00
6.376667e+01	-2.274967e-01	4.099489e+00
6.380000e+01	-2.274925e-01	4.099511e+00
6.383333e+01	-2.272174e-01	4.100971e+00
6.386667e+01	-2.258318e-01	4.108324e+00
6.390000e+01	-2.219623e-01	4.128858e+00
6.393333e+01	-2.155792e-01	4.162732e+00
6.396667e+01	-2.091675e-01	4.196757e+00
64	-2.057453e-01	4.214918e+00
6.403333e+01	-2.060037e-01	4.213547e+00
6.406667e+01	-2.080600e-01	4.202635e+00
6.410000e+01	-2.095783e-01	4.194577e+00
6.413333e+01	-2.096334e-01	4.194285e+00
6.416667e+01	-2.086173e-01	4.199677e+00
6.420000e+01	-2.066152e-01	4.210302e+00
6.423333e+01	-2.026855e-01	4.231156e+00
6.426667e+01	-1.966097e-01	4.263398e+00
6.430000e+01	-1.904640e-01	4.296012e+00
6.433333e+01	-1.870020e-01	4.314384e+00
6.436667e+01	-1.868486e-01	4.315198e+00
6.440000e+01	-1.881591e-01	4.308244e+00
6.443333e+01	-1.886928e-01	4.305411e+00
6.446667e+01	-1.876599e-01	4.310893e+00
6.450000e+01	-1.857729e-01	4.320907e+00
6.453333e+01	-1.840952e-01	4.329810e+00
6.456667e+01	-1.830745e-01	4.335226e+00
6.460000e+01	-1.824538e-01	4.338520e+00
6.463333e+01	-1.817710e-01	4.342144e+00
6.466667e+01	-1.808087e-01	4.347250e+00
6.470000e+01	-1.796618e-01	4.353337e+00
6.473333e+01	-1.785307e-01	4.359339e+00
6.476667e+01	-1.775187e-01	4.364710e+00
6.480000e+01	-1.765914e-01	4.369631e+00
6.483333e+01	-1.756622e-01	4.374562e+00
6.486667e+01	-1.746825e-01	4.379761e+00
6.490000e+01	-1.736641e-01	4.385165e+00
6.493333e+01	-1.724549e-01	4.391582e+00
6.496667e+01	-1.702081e-01	4.403505e+00
65	-1.656432e-01	4.427730e+00
6.503333e+01	-1.588708e-01	4.463670e+00
6.506667e+01	-1.524054e-01	4.497980e+00
6.510000e+01	-1.493256e-01	4.514323e+00
6.513333e+01	-1.510552e-01	4.505145e+00
6.516667e+01	-1.572152e-01	4.472456e+00
6.520000e+01	-1.664261e-01	4.423575e+00
6.523333e+01	-1.769269e-01	4.367850e+00
6.526667e+01	-1.872606e-01	4.313012e+00
6.530000e+01	-1.966414e-01	4.263230e+00
6.533333e+01	-2.043771e-01	4.222179e+00
6.536667e+01	-2.093710e-01	4.195677e+00
6.540000e+01	-2.111721e-01	4.186119e+00
6.543333e+01	-2.115618e-01	4.184051e+00
6.546667e+01	-2.138412e-01	4.171955e+00
6.550000e+01	-2.196840e-01	4.140948e+00
6.553333e+01	-2.277133e-01	4.098339e+00
6.556667e+01	-2.356437e-01	4.056254e+00
6.560000e+01	-2.423377e-01	4.020731e+00
6.563333e+01	-2.479465e-01	3.990966e+00
6.566667e+01	-2.536471e-01	3.960715e+00
6.570000e+01	-2.609072e-01	3.922187e+00
6.573333e+01	-2.699953e-01	3.873959e+00
6.576667e+01	-2.791054e-01	3.825614e+00
6.580000e+01	-2.853562e-01	3.792442e+00
6.583333e+01	-2.871844e-01	3.782740e+00
6.586667e+01	-2.857144e-01	3.790541e+00
6.590000e+01	-2.835799e-01	3.801868e+00
6.593333e+01	-2.826836e-01	3.806625e+00
6.596667e+01	-2.831628e-01	3.804082e+00
66	-2.840428e-01	3.799412e+00
6.603333e+01	-2.844595e-01	3.797201e+00
6.606667e+01	-2.842822e-01	3.798142e+00
6.610000e+01	-2.839031e-01	3.800154e+00
6.613333e+01	-2.837070e-01	3.801194e+00
6.616667e+01	-2.837713e-01	3.800853e+00
6.620000e+01	-2.839353e-01	3.799982e+00
6.623333e+01	-2.840275e-01	3.799493e+00
6.626667e+01	-2.840054e-01	3.799611e+00
6.630000e+01	-2.839347e-01	3.799986e+00
6.633333e+01	-2.838918e-01	3.800214e+00
6.636667e+01	-2.838987e-01	3.800177e+00
6.640000e+01	-2.837290e-01	3.801077e+00
6.643333e+01	-2.824201e-01	3.808023e+00
6.646667e+01	-2.785503e-01	3.828560e+00
6.650000e+01	-2.719226e-01	3.863731e+00
6.653333e+01	-2.641471e-01	3.904994e+00
6.656667e+01	-2.568551e-01	3.943691e+00
6.660000e+01	-2.509174e-01	3.975200e+00
6.663333e+01	-2.478808e-01	3.991315e+00
6.666667e+01	-2.498446e-01	3.980894e+00
6.670000e+01	-2.567782e-01	3.944099e+00
6.673333e+01	-2.657893e-01	3.896279e+00
6.676667e+01	-2.741270e-01	3.852033e+00
6.680000e+01	-2.815900e-01	3.812428e+00
6.683333e+01	-2.895484e-01	3.770195e+00
6.686667e+01	-2.988250e-01	3.720967e+00
6.690000e+01	-3.087915e-01	3.668077e+00
6.693333e+01	-3.177827e-01	3.620363e+00
6.696667e+01	-3.245986e-01	3.584192e+00
67	-3.298493e-01	3.556328e+00
6.703333e+01	-3.348694e-01	3.529688e+00
6.706667e+01	-3.394856e-01	3.505190e+00
6.710000e+01	-3.422177e-01	3.490692e+00
6.713333e+01	-3.423919e-01	3.489767e+00
6.716667e+01	-3.409623e-01	3.497354e+00
6.720000e+01	-3.393802e-01	3.505750e+00
6.723333e+01	-3.383125e-01	3.511416e+00
6.726667e+01	-3.375074e-01	3.515688e+00
6.730000e+01	-3.364803e-01	3.521139e+00
6.733333e+01	-3.350764e-01	3.528589e+00
6.736667e+01	-3.334944e-01	3.536984e+00
6.740000e+01	-3.319918e-01	3.544958e+00
6.743333e+01	-3.306575e-01	3.552039e+00
6.746667e+01	-3.294113e-01	3.558652e+00
6.750000e+01	-3.281375e-01	3.565412e+00
6.753333e+01	-3.267910e-01	3.572558e+00
6.756667e+01	-3.254028e-01	3.579924e+00
6.760000e+01	-3.240239e-01	3.587242e+00
6.763333e+01	-3.226763e-01	3.594393e+00
6.766667e+01	-3.213480e-01	3.601442e+00
6.770000e+01	-3.200170e-01	3.608506e+00
6.773333e+01	-3.186725e-01	3.615640e+00
6.776667e+01	-3.173191e-01	3.622823e+00
6.780000e+01	-3.159664e-01	3.630001e+00
6.783333e+01	-3.146194e-01	3.637150e+00
6.786667e+01	-3.132764e-01	3.644276e+00
6.790000e+01	-3.119335e-01	3.651403e+00
6.793333e+01	-3.105881e-01	3.658543e+00
6.796667e+01	-3.092408e-01	3.665692e+00
68	-3.078935e-01	3.672842e+00
6.803333e+01	-3.065472e-01	3.679987e+00
6.806667e+01	-3.052160e-01	3.687051e+00
6.810000e+01	-3.037798e-01	3.694672e+00
6.813333e+01	-3.014907e-01	3.706820e+00
6.816667e+01	-2.973201e-01	3.728953e+00
6.820000e+01	-2.925913e-01	3.754047e+00
6.823333e+01	-2.928813e-01	3.752508e+00
6.826667e+01	-3.037907e-01	3.694615e+00
6.830000e+01	-3.233645e-01	3.590741e+00
6.833333e+01	-3.416584e-01	3.493660e+00
6.836667e+01	-3.496781e-01	3.451101e+00
6.840000e+01	-3.470978e-01	3.464794e+00
6.843333e+01	-3.406502e-01	3.499010e+00
6.846667e+01	-3.369205e-01	3.518803e+00
6.850000e+01	-3.375931e-01	3.515233e+00
6.853333e+01	-3.402395e-01	3.501190e+00
6.856667e+01	-3.419354e-01	3.492190e+00
6.860000e+01	-3.417496e-01	3.493176e+00
6.863333e+01	-3.406268e-01	3.499135e+00
6.866667e+01	-3.394497e-01	3.505381e+00
6.870000e+01	-3.368279e-01	3.519294e+00
6.873333e+01	-3.295688e-01	3.557817e+00
6.876667e+01	-3.172948e-01	3.622952e+00
6.880000e+01	-3.057533e-01	3.684200e+00
6.883333e+01	-3.025712e-01	3.701086e+00
6.886667e+01	-3.089675e-01	3.667143e+00
6.890000e+01	-3.168723e-01	3.625194e+00
6.893333e+01	-3.156850e-01	3.631494e+00
6.896667e+01	-3.027561e-01	3.700105e+00
69	-2.861791e-01	3.788075e+00
6.903333e+01	-2.764266e-01	3.839829e+00
6.906667e+01	-2.767688e-01	3.838013e+00
6.910000e+01	-2.824032e-01	3.808113e+00
6.913333e+01	-2.867379e-01	3.785110e+00
6.916667e+01	-2.869945e-01	3.783748e+00
6.920000e+01	-2.847296e-01	3.795767e+00
6.923333e+01	-2.827996e-01	3.806009e+00
6.926667e+01	-2.825821e-01	3.807164e+00
6.930000e+01	-2.835224e-01	3.802174e+00
6.933333e+01	-2.843887e-01	3.797576e+00
6.936667e+01	-2.845287e-01	3.796833e+00
6.940000e+01	-2.841387e-01	3.798903e+00
6.943333e+01	-2.837503e-01	3.800964e+00
6.946667e+01	-2.836692e-01	3.801395e+00
6.950000e+01	-2.838297e-01	3.800543e+00
6.953333e+01	-2.840031e-01	3.799623e+00
6.956667e+01	-2.840472e-01	3.799389e+00
6.960000e+01	-2.839818e-01	3.799736e+00
6.963333e+01	-2.839047e-01	3.800145e+00
6.966667e+01	-2.838817e-01	3.800267e+00
6.970000e+01	-2.839081e-01	3.800127e+00
6.973333e+01	-2.839422e-01	3.799946e+00
6.976667e+01	-2.839539e-01	3.799884e+00
6.980000e+01	-2.839434e-01	3.799940e+00
6.983333e+01	-2.839283e-01	3.800019e+00
6.986667e+01	-2.839225e-01	3.800050e+00
6.990000e+01	-2.839267e-01	3.800028e+00
6.993333e+01	-2.839333e-01	3.799993e+00
6.996667e+01	-2.839361e-01	3.799978e+00
70	-2.839345e-01	3.799987e+00
7.003333e+01	-2.839316e-01	3.800002e+00
7.006667e+01	-2.841302e-01	3.798948e+00
7.010000e+01	-2.854596e-01	3.791893e+00
7.013333e+01	-2.895289e-01	3.770299e+00
7.016667e+01	-2.972730e-01	3.729202e+00
7.020000e+01	-3.077784e-01	3.673453e+00
7.023333e+01	-3.191456e-01	3.613130e+00
7.026667e+01	-3.305081e-01	3.552832e+00
7.030000e+01	-3.421472e-01	3.491066e+00
7.033333e+01	-3.532082e-01	3.432368e+00
7.036667e+01	-3.609527e-01	3.391270e+00
7.040000e+01	-3.634067e-01	3.378247e+00
7.043333e+01	-3.616918e-01	3.387348e+00
7.046667e+01	-3.589845e-01	3.401715e+00
7.050000e+01	-3.577246e-01	3.408400e+00
7.053333e+01	-3.580730e-01	3.406552e+00
7.056667e+01	-3.585508e-01	3.404016e+00
7.060000e+01	-3.577340e-01	3.408351e+00
7.063333e+01	-3.553994e-01	3.420740e+00
7.066667e+01	-3.523727e-01	3.436802e+00
7.070000e+01	-3.495875e-01	3.451582e+00
7.073333e+01	-3.473777e-01	3.463309e+00
7.076667e+01	-3.454873e-01	3.473341e+00
7.080000e+01	-3.435219e-01	3.483771e+00
7.083333e+01	-3.413150e-01	3.495482e+00
7.086667e+01	-3.389610e-01	3.507974e+00
7.090000e+01	-3.366305e-01	3.520342e+00
7.093333e+01	-3.344032e-01	3.532162e+00
7.096667e+01	-3.322437e-01	3.543622e+00
71	-3.300780e-01	3.555114e+00
7.103333e+01	-3.278684e-01	3.566840e+00
7.106667e+01	-3.256511e-01	3.578607e+00
7.110000e+01	-3.235910e-01	3.589539e+00
7.113333e+01	-3.218046e-01	3.599019e+00
7.116667e+01	-3.194584e-01	3.611470e+00
7.120000e+01	-3.142019e-01	3.639365e+00
7.123333e+01	-3.042544e-01	3.692154e+00
7.126667e+01	-2.918989e-01	3.757721e+00
7.130000e+01	-2.834189e-01	3.802723e+00
7.133333e+01	-2.840119e-01	3.799576e+00
7.136667e+01	-2.926409e-01	3.753784e+00
7.140000e+01	-3.026381e-01	3.700731e+00
7.143333e+01	-3.076814e-01	3.673968e+00
7.146667e+01	-3.066931e-01	3.679212e+00
7.150000e+01	-3.031443e-01	3.698045e+00
7.153333e+01	-3.008705e-01	3.710111e+00
7.156667e+01	-3.010785e-01	3.709008e+00
7.160000e+01	-3.025364e-01	3.701271e+00
7.163333e+01	-3.035636e-01	3.695820e+00
7.166667e+01	-3.035334e-01	3.695980e+00
7.170000e+01	-3.027178e-01	3.700308e+00
7.173333e+01	-3.009215e-01	3.709841e+00
7.176667e+01	-2.970403e-01	3.730437e+00
7.180000e+01	-2.908253e-01	3.763419e+00
7.183333e+01	-2.841416e-01	3.798888e+00
7.186667e+01	-2.791158e-01	3.825559e+00
7.190000e+01	-2.757350e-01	3.843499e+00
7.193333e+01	-2.722322e-01	3.862088e+00
7.196667e+01	-2.672373e-01	3.888595e+00
72	-2.609117e-01	3.922163e+00
7.203333e+01	-2.543334e-01	3.957073e+00
7.206667e+01	-2.483228e-01	3.988970e+00
7.210000e+01	-2.429154e-01	4.017665e+00
7.213333e+01	-2.376617e-01	4.045546e+00
7.216667e+01	-2.321822e-01	4.074624e+00
7.220000e+01	-2.264358e-01	4.105118e+00
7.223333e+01	-2.206090e-01	4.136040e+00
7.226667e+01	-2.148727e-01	4.166481e+00
7.230000e+01	-2.092543e-01	4.196297e+00
7.233333e+01	-2.036765e-01	4.225897e+00
7.236667e+01	-1.980628e-01	4.255687e+00
7.240000e+01	-1.923971e-01	4.285754e+00
7.243333e+01	-1.867113e-01	4.315927e+00
7.246667e+01	-1.810996e-01	4.345707e+00
7.250000e+01	-1.759093e-01	4.373250e+00
7.253333e+01	-1.718892e-01	4.394584e+00
7.256667e+01	-1.699881e-01	4.404673e+00
7.260000e+01	-1.711371e-01	4.398575e+00
7.263333e+01	-1.762480e-01	4.371453e+00
7.266667e+01	-1.862836e-01	4.318197e+00
7.270000e+01	-2.021333e-01	4.234086e+00
7.273333e+01	-2.232774e-01	4.121879e+00
7.276667e+01	-2.458417e-01	4.002136e+00
7.280000e+01	-2.633970e-01	3.908974e+00
7.283333e+01	-2.713194e-01	3.866932e+00
7.286667e+01	-2.704283e-01	3.871661e+00
7.290000e+01	-2.661104e-01	3.894575e+00
7.293333e+01	-2.643764e-01	3.903777e+00
7.296667e+01	-2.683142e-01	3.882880e+00
73	-2.764877e-01	3.839505e+00
7.303333e+01	-2.842568e-01	3.798276e+00
7.306667e+01	-2.877181e-01	3.779908e+00
7.310000e+01	-2.867108e-01	3.785253e+00
7.313333e+01	-2.840433e-01	3.799409e+00
7.316667e+01	-2.826759e-01	3.806666e+00
7.320000e+01	-2.842640e-01	3.798238e+00
7.323333e+01	-2.892243e-01	3.771915e+00
7.326667e+01	-2.963487e-01	3.734108e+00
7.330000e+01	-3.027168e-01	3.700314e+00
7.333333e+01	-3.056778e-01	3.684600e+00
7.336667e+01	-3.050814e-01	3.687765e+00
7.340000e+01	-3.030250e-01	3.698678e+00
7.343333e+01	-3.017017e-01	3.705700e+00
7.346667e+01	-3.018006e-01	3.705175e+00
7.350000e+01	-3.026255e-01	3.700798e+00
7.353333e+01	-3.032168e-01	3.697660e+00
7.356667e+01	-3.032086e-01	3.697704e+00
7.360000e+01	-3.028620e-01	3.699543e+00
7.363333e+01	-3.025939e-01	3.700966e+00
7.366667e+01	-3.025827e-01	3.701025e+00
7.370000e+01	-3.027287e-01	3.700250e+00
7.373333e+01	-3.028503e-01	3.699605e+00
7.376667e+01	-3.028619e-01	3.699544e+00
7.380000e+01	-3.028007e-01	3.699868e+00
7.383333e+01	-3.027458e-01	3.700160e+00
7.386667e+01	-3.027378e-01	3.700202e+00
7.390000e+01	-3.027632e-01	3.700067e+00
7.393333e+01	-3.027879e-01	3.699936e+00
7.396667e+01	-3.027927e-01	3.699911e+00
74	-3.027822e-01	3.699967e+00
7.403333e+01	-3.027712e-01	3.700025e+00
7.406667e+01	-3.029685e-01	3.698978e+00
7.410000e+01	-3.043015e-01	3.691904e+00
7.413333e+01	-3.081745e-01	3.671351e+00
7.416667e+01	-3.145907e-01	3.637302e+00
7.420000e+01	-3.212265e-01	3.602087e+00
7.423333e+01	-3.259773e-01	3.576876e+00
7.426667e+01	-3.295730e-01	3.557794e+00
7.430000e+01	-3.339205e-01	3.534723e+00
7.433333e+01	-3.388391e-01	3.508621e+00
7.436667e+01	-3.422142e-01	3.490710e+00
7.440000e+01	-3.427636e-01	3.487795e+00
7.443333e+01	-3.413696e-01	3.495193e+00
7.446667e+01	-3.401088e-01	3.501884e+00
7.450000e+01	-3.410468e-01	3.496905e+00
7.453333e+01	-3.454335e-01	3.473627e+00
7.456667e+01	-3.524809e-01	3.436227e+00
7.460000e+01	-3.593198e-01	3.399935e+00
7.463333e+01	-3.638676e-01	3.375801e+00
7.466667e+01	-3.671863e-01	3.358190e+00
7.470000e+01	-3.714326e-01	3.335655e+00
7.473333e+01	-3.764314e-01	3.309128e+00
7.476667e+01	-3.799282e-01	3.290571e+00
7.480000e+01	-3.805272e-01	3.287392e+00
7.483333e+01	-3.791020e-01	3.294956e+00
7.486667e+01	-3.775880e-01	3.302990e+00
7.490000e+01	-3.771733e-01	3.305191e+00
7.493333e+01	-3.777037e-01	3.302376e+00
7.496667e+01	-3.781596e-01	3.299957e+00
75	-3.770237e-01	3.305985e+00
7.503333e+01	-3.727931e-01	3.328435e+00
7.506667e+01	-3.655509e-01	3.366868e+00
7.510000e+01	-3.578264e-01	3.407860e+00
7.513333e+01	-3.526599e-01	3.435278e+00
7.516667e+01	-3.508906e-01	3.444667e+00
7.520000e+01	-3.508703e-01	3.444775e+00
7.523333e+01	-3.504247e-01	3.447139e+00
7.526667e+01	-3.486376e-01	3.456623e+00
7.530000e+01	-3.460147e-01	3.470542e+00
7.533333e+01	-3.434940e-01	3.483919e+00
7.536667e+01	-3.415327e-01	3.494327e+00
7.540000e+01	-3.399541e-01	3.502704e+00
7.543333e+01	-3.383547e-01	3.511192e+00
7.546667e+01	-3.365185e-01	3.520936e+00
7.550000e+01	-3.345075e-01	3.531608e+00
7.553333e+01	-3.324954e-01	3.542286e+00
7.556667e+01	-3.305834e-01	3.552432e+00
7.560000e+01	-3.287511e-01	3.562156e+00
7.563333e+01	-3.269237e-01	3.571853e+00
7.566667e+01	-3.248742e-01	3.582730e+00
7.570000e+01	-3.217927e-01	3.599082e+00
7.573333e+01	-3.163547e-01	3.627941e+00
7.576667e+01	-3.079002e-01	3.672806e+00
7.580000e+01	-2.975436e-01	3.727766e+00
7.583333e+01	-2.879988e-01	3.778419e+00
7.586667e+01	-2.820925e-01	3.809762e+00
7.590000e+01	-2.807819e-01	3.816717e+00
7.593333e+01	-2.826655e-01	3.806721e+00
7.596667e+01	-2.860019e-01	3.789016e+00
76	-2.905440e-01	3.764912e+00
7.603333e+01	-2.963776e-01	3.733954e+00
7.606667e+01	-3.019830e-01	3.704208e+00
7.610000e+01	-3.050871e-01	3.687735e+00
7.613333e+01	-3.050413e-01	3.687978e+00
7.616667e+01	-3.033348e-01	3.697034e+00
7.620000e+01	-3.019692e-01	3.704281e+00
7.623333e+01	-3.018324e-01	3.705007e+00
7.626667e+01	-3.024960e-01	3.701486e+00
7.630000e+01	-3.030962e-01	3.698300e+00
7.633333e+01	-3.031883e-01	3.697811e+00
7.636667e+01	-3.029157e-01	3.699258e+00
7.640000e+01	-3.026479e-01	3.700679e+00
7.643333e+01	-3.025943e-01	3.700964e+00
7.646667e+01	-3.027066e-01	3.700368e+00
7.650000e+01	-3.028262e-01	3.699733e+00
7.653333e+01	-3.028556e-01	3.699577e+00
7.656667e+01	-3.028097e-01	3.699821e+00
7.660000e+01	-3.027565e-01	3.700103e+00
7.663333e+01	-3.027411e-01	3.700185e+00
7.666667e+01	-3.027596e-01	3.700086e+00
7.670000e+01	-3.027745e-01	3.700008e+00
7.673333e+01	-3.027159e-01	3.700319e+00
7.676667e+01	-3.024738e-01	3.701603e+00
7.680000e+01	-3.019499e-01	3.704383e+00
7.683333e+01	-3.011525e-01	3.708615e+00
7.686667e+01	-3.002131e-01	3.713600e+00
7.690000e+01	-2.992872e-01	3.718514e+00
7.693333e+01	-2.984485e-01	3.722964e+00
7.696667e+01	-2.976729e-01	3.727081e+00
77	-2.968985e-01	3.731190e+00
7.703333e+01	-2.960895e-01	3.735483e+00
7.706667e+01	-2.952525e-01	3.739925e+00
7.710000e+01	-2.944134e-01	3.744378e+00
7.713333e+01	-2.935888e-01	3.748754e+00
7.716667e+01	-2.927766e-01	3.753064e+00
7.720000e+01	-2.919661e-01	3.757365e+00
7.723333e+01	-2.911496e-01	3.761698e+00
7.726667e+01	-2.903274e-01	3.766061e+00
7.730000e+01	-2.895042e-01	3.770430e+00
7.733333e+01	-2.886835e-01	3.774785e+00
7.736667e+01	-2.878654e-01	3.779127e+00
7.740000e+01	-2.870478e-01	3.783465e+00
7.743333e+01	-2.862292e-01	3.787809e+00
7.746667e+01	-2.854181e-01	3.792114e+00
7.750000e+01	-2.844646e-01	3.797174e+00
7.753333e+01	-2.825508e-01	3.807330e+00
7.756667e+01	-2.783772e-01	3.829478e+00
7.760000e+01	-2.719369e-01	3.863655e+00
7.763333e+01	-2.656225e-01	3.897164e+00
7.766667e+01	-2.623094e-01	3.914746e+00
7.770000e+01	-2.628021e-01	3.912131e+00
7.773333e+01	-2.661541e-01	3.894343e+00
7.776667e+01	-2.714951e-01	3.866000e+00
7.780000e+01	-2.779482e-01	3.831755e+00
7.783333e+01	-2.837825e-01	3.800793e+00
7.786667e+01	-2.878819e-01	3.779039e+00
7.790000e+01	-2.914247e-01	3.760238e+00
7.793333e+01	-2.961054e-01	3.735398e+00
7.796667e+01	-3.013169e-01	3.707742e+00
78	-3.047331e-01	3.689614e+00
7.803333e+01	-3.051610e-01	3.687343e+00
7.806667e+01	-3.036885e-01	3.695157e+00
7.810000e+01	-3.023079e-01	3.702484e+00
7.813333e+01	-3.021293e-01	3.703431e+00
7.816667e+01	-3.029060e-01	3.699309e+00
7.820000e+01	-3.037870e-01	3.694634e+00
7.823333e+01	-3.042211e-01	3.692331e+00
7.826667e+01	-3.042495e-01	3.692180e+00
7.830000e+01	-3.042167e-01	3.692354e+00
7.833333e+01	-3.043695e-01	3.691543e+00
7.836667e+01	-3.047033e-01	3.689772e+00
7.840000e+01	-3.050727e-01	3.687811e+00
7.843333e+01	-3.053655e-01	3.686257e+00
7.846667e+01	-3.055774e-01	3.685133e+00
7.850000e+01	-3.057697e-01	3.684113e+00
7.853333e+01	-3.059933e-01	3.682926e+00
7.856667e+01	-3.062529e-01	3.681548e+00
7.860000e+01	-3.065228e-01	3.680116e+00
7.863333e+01	-3.067801e-01	3.678751e+00
7.866667e+01	-3.070214e-01	3.677470e+00
7.870000e+01	-3.072575e-01	3.676217e+00
7.873333e+01	-3.074986e-01	3.674938e+00
7.876667e+01	-3.077467e-01	3.673621e+00
7.880000e+01	-3.079975e-01	3.672290e+00
7.883333e+01	-3.082463e-01	3.670970e+00
7.886667e+01	-3.084920e-01	3.669666e+00
7.890000e+01	-3.087364e-01	3.668369e+00
7.893333e+01	-3.089816e-01	3.667068e+00
7.896667e+01	-3.092281e-01	3.665760e+00
79	-3.094753e-01	3.664448e+00
7.903333e+01	-3.097221e-01	3.663138e+00
7.906667e+01	-3.099684e-01	3.661831e+00
7.910000e+01	-3.102144e-01	3.660526e+00
7.913333e+01	-3.104604e-01	3.659220e+00
7.916667e+01	-3.107068e-01	3.657913e+00
7.920000e+01	-3.109532e-01	3.656605e+00
7.923333e+01	-3.111997e-01	3.655297e+00
7.926667e+01	-3.114460e-01	3.653990e+00
7.930000e+01	-3.116923e-01	3.652683e+00
7.933333e+01	-3.119385e-01	3.651376e+00
7.936667e+01	-3.121849e-01	3.650069e+00
7.940000e+01	-3.124312e-01	3.648762e+00
7.943333e+01	-3.126776e-01	3.647454e+00
7.946667e+01	-3.129239e-01	3.646147e+00
7.950000e+01	-3.131702e-01	3.644840e+00
7.953333e+01	-3.134165e-01	3.643533e+00
7.956667e+01	-3.136629e-01	3.642226e+00
7.960000e+01	-3.139092e-01	3.640918e+00
7.963333e+01	-3.141555e-01	3.639611e+00
7.966667e+01	-3.144018e-01	3.638304e+00
7.970000e+01	-3.146482e-01	3.636997e+00
7.973333e+01	-3.148945e-01	3.635690e+00
7.976667e+01	-3.151408e-01	3.634382e+00
7.980000e+01	-3.153871e-01	3.633075e+00
7.983333e+01	-3.156335e-01	3.631768e+00
7.986667e+01	-3.158798e-01	3.630461e+00
7.990000e+01	-3.161261e-01	3.629154e+00
7.993333e+01	-3.163724e-01	3.627846e+00
7.996667e+01	-3.166188e-01	3.626539e+00
80	-3.168651e-01	3.625232e+00
8.003333e+01	-3.171114e-01	3.623925e+00
8.006667e+01	-3.173577e-01	3.622618e+00
8.010000e+01	-3.176041e-01	3.621310e+00
8.013333e+01	-3.178504e-01	3.620003e+00
8.016667e+01	-3.180967e-01	3.618696e+00
8.020000e+01	-3.183430e-01	3.617389e+00
8.023333e+01	-3.185894e-01	3.616082e+00
8.026667e+01	-3.188357e-01	3.614775e+00
8.030000e+01	-3.190820e-01	3.613467e+00
8.033333e+01	-3.193283e-01	3.612160e+00
8.036667e+01	-3.195747e-01	3.610853e+00
8.040000e+01	-3.198210e-01	3.609546e+00
8.043333e+01	-3.200673e-01	3.608239e+00
8.046667e+01	-3.203136e-01	3.606931e+00
8.050000e+01	-3.205600e-01	3.605624e+00
8.053333e+01	-3.208063e-01	3.604317e+00
8.056667e+01	-3.210526e-01	3.603010e+00
8.060000e+01	-3.212989e-01	3.601703e+00
8.063333e+01	-3.215453e-01	3.600395e+00
8.066667e+01	-3.217916e-01	3.599088e+00
8.070000e+01	-3.220379e-01	3.597781e+00
8.073333e+01	-3.222842e-01	3.596474e+00
8.076667e+01	-3.225306e-01	3.595167e+00
8.080000e+01	-3.227769e-01	3.593859e+00
8.083333e+01	-3.230232e-01	3.592552e+00
8.086667e+01	-3.232695e-01	3.591245e+00
8.090000e+01	-3.235159e-01	3.589938e+00
8.093333e+01	-3.237622e-01	3.588631e+00
8.096667e+01	-3.240085e-01	3.587324e+00
81	-3.242549e-01	3.586016e+00
8.103333e+01	-3.245012e-01	3.584709e+00
8.106667e+01	-3.247475e-01	3.583402e+00
8.110000e+01	-3.249938e-01	3.582095e+00
8.113333e+01	-3.252402e-01	3.580788e+00
8.116667e+01	-3.254865e-01	3.579480e+00
8.120000e+01	-3.257328e-01	3.578173e+00
8.123333e+01	-3.259791e-01	3.576866e+00
8.126667e+01	-3.262255e-01	3.575559e+00
8.130000e+01	-3.264718e-01	3.574252e+00
8.133333e+01	-3.267181e-01	3.572944e+00
8.136667e+01	-3.269644e-01	3.571637e+00
8.140000e+01	-3.272108e-01	3.570330e+00
8.143333e+01	-3.274571e-01	3.569023e+00
8.146667e+01	-3.277034e-01	3.567716e+00
8.150000e+01	-3.279497e-01	3.566409e+00
8.153333e+01	-3.281961e-01	3.565101e+00
8.156667e+01	-3.284424e-01	3.563794e+00
8.160000e+01	-3.286887e-01	3.562487e+00
8.163333e+01	-3.289350e-01	3.561180e+00
8.166667e+01	-3.291814e-01	3.559873e+00
8.170000e+01	-3.294277e-01	3.558565e+00
8.173333e+01	-3.296740e-01	3.557258e+00
8.176667e+01	-3.299203e-01	3.555951e+00
