0	9.541998e-03	5.298421e+00
3.333333e-02	1.008444e-02	5.301268e+00
6.666667e-02	1.016349e-02	5.301683e+00
1.000000e-01	1.016985e-02	5.301716e+00
1.333333e-01	1.131453e-02	5.307724e+00
1.666667e-01	1.517419e-02	5.327981e+00
2.000000e-01	2.173023e-02	5.362389e+00
2.333333e-01	2.832315e-02	5.396991e+00
2.666667e-01	3.181132e-02	5.415298e+00
3.000000e-01	3.150889e-02	5.413711e+00
3.333333e-01	2.938124e-02	5.402544e+00
3.666667e-01	2.783158e-02	5.394411e+00
4.000000e-01	2.779256e-02	5.394206e+00
4.333333e-01	2.863917e-02	5.398649e+00
4.666667e-01	2.932736e-02	5.402261e+00
5.000000e-01	2.938302e-02	5.402553e+00
5.333333e-01	2.903085e-02	5.400705e+00
5.666667e-01	2.892364e-02	5.400142e+00
6.000000e-01	3.022665e-02	5.406981e+00
6.333333e-01	3.428447e-02	5.428278e+00
6.666667e-01	4.090975e-02	5.463050e+00
7.000000e-01	4.744394e-02	5.497343e+00
7.333333e-01	5.084564e-02	5.515197e+00
7.666667e-01	5.050867e-02	5.513428e+00
8.000000e-01	4.840356e-02	5.502380e+00
8.333333e-01	4.689162e-02	5.494445e+00
8.666667e-01	4.707152e-02	5.495389e+00
9.000000e-01	4.925311e-02	5.506838e+00
9.333333e-01	5.383596e-02	5.530891e+00
9.666667e-01	6.036978e-02	5.565183e+00
1	6.653002e-02	5.597514e+00
1.033333e+00	6.989233e-02	5.615160e+00
1.066667e+00	7.092445e-02	5.620577e+00
1.100000e+00	7.289010e-02	5.630893e+00
1.133333e+00	7.777328e-02	5.656522e+00
1.166667e+00	8.291208e-02	5.683492e+00
1.200000e+00	8.323356e-02	5.685179e+00
1.233333e+00	7.709361e-02	5.652955e+00
1.266667e+00	6.854008e-02	5.608063e+00
1.300000e+00	6.322053e-02	5.580144e+00
1.333333e+00	6.316602e-02	5.579858e+00
1.366667e+00	6.605250e-02	5.595007e+00
1.400000e+00	6.840473e-02	5.607353e+00
1.433333e+00	6.864034e-02	5.608589e+00
1.466667e+00	6.748661e-02	5.602534e+00
1.500000e+00	6.644313e-02	5.597058e+00
1.533333e+00	6.628469e-02	5.596226e+00
1.566667e+00	6.676100e-02	5.598726e+00
1.600000e+00	6.742986e-02	5.602236e+00
1.633333e+00	6.886629e-02	5.609775e+00
1.666667e+00	7.258109e-02	5.629272e+00
1.700000e+00	7.885878e-02	5.662219e+00
1.733333e+00	8.531699e-02	5.696114e+00
1.766667e+00	8.885957e-02	5.714707e+00
1.800000e+00	8.867764e-02	5.713752e+00
1.833333e+00	8.661344e-02	5.702918e+00
1.866667e+00	8.524638e-02	5.695743e+00
1.900000e+00	8.649881e-02	5.702317e+00
1.933333e+00	9.122674e-02	5.727130e+00
1.966667e+00	9.840770e-02	5.764819e+00
2	1.047928e-01	5.798330e+00
2.033333e+00	1.065734e-01	5.807675e+00
2.066667e+00	1.020762e-01	5.784072e+00
2.100000e+00	9.344881e-02	5.738793e+00
2.133333e+00	8.554306e-02	5.697301e+00
2.166667e+00	8.217023e-02	5.679599e+00
2.200000e+00	8.330447e-02	5.685552e+00
2.233333e+00	8.622181e-02	5.700863e+00
2.266667e+00	8.909984e-02	5.715968e+00
2.300000e+00	9.270008e-02	5.734863e+00
2.333333e+00	9.807294e-02	5.763062e+00
2.366667e+00	1.038858e-01	5.793570e+00
2.400000e+00	1.074401e-01	5.812224e+00
2.433333e+00	1.076387e-01	5.813266e+00
2.466667e+00	1.056651e-01	5.802908e+00
2.500000e+00	1.027634e-01	5.787679e+00
2.533333e+00	9.860080e-02	5.765832e+00
2.566667e+00	9.279860e-02	5.735380e+00
2.600000e+00	8.697203e-02	5.704800e+00
2.633333e+00	8.365492e-02	5.687391e+00
2.666667e+00	8.365132e-02	5.687372e+00
2.700000e+00	8.543945e-02	5.696757e+00
2.733333e+00	8.689818e-02	5.704413e+00
2.766667e+00	8.706156e-02	5.705270e+00
2.800000e+00	8.636554e-02	5.701617e+00
2.833333e+00	8.552208e-02	5.697190e+00
2.866667e+00	8.407287e-02	5.689584e+00
2.900000e+00	8.044739e-02	5.670557e+00
2.933333e+00	7.424702e-02	5.638015e+00
2.966667e+00	6.779817e-02	5.604169e+00
3	6.421834e-02	5.585381e+00
3.033333e+00	6.436555e-02	5.586154e+00
3.066667e+00	6.642388e-02	5.596957e+00
3.100000e+00	6.821076e-02	5.606335e+00
3.133333e+00	6.966102e-02	5.613946e+00
3.166667e+00	7.275865e-02	5.630204e+00
3.200000e+00	7.854366e-02	5.660565e+00
3.233333e+00	8.496785e-02	5.694282e+00
3.266667e+00	8.876672e-02	5.714219e+00
3.300000e+00	8.880605e-02	5.714426e+00
3.333333e+00	8.676826e-02	5.703731e+00
3.366667e+00	8.509207e-02	5.694934e+00
3.400000e+00	8.490136e-02	5.693933e+00
3.433333e+00	8.570144e-02	5.698132e+00
3.466667e+00	8.644057e-02	5.702011e+00
3.500000e+00	8.656329e-02	5.702655e+00
3.533333e+00	8.623461e-02	5.700930e+00
3.566667e+00	8.590497e-02	5.699200e+00
3.600000e+00	8.583490e-02	5.698832e+00
3.633333e+00	8.576782e-02	5.698480e+00
3.666667e+00	8.457128e-02	5.692200e+00
3.700000e+00	8.069809e-02	5.671872e+00
3.733333e+00	7.395469e-02	5.636481e+00
3.766667e+00	6.603658e-02	5.594924e+00
3.800000e+00	5.864336e-02	5.556122e+00
3.833333e+00	5.245407e-02	5.523638e+00
3.866667e+00	4.806476e-02	5.500602e+00
3.900000e+00	4.614918e-02	5.490548e+00
3.933333e+00	4.646510e-02	5.492206e+00
3.966667e+00	4.771289e-02	5.498755e+00
4	4.856292e-02	5.503216e+00
4.033333e+00	4.855646e-02	5.503182e+00
4.066667e+00	4.800442e-02	5.500285e+00
4.100000e+00	4.707925e-02	5.495429e+00
4.133333e+00	4.518348e-02	5.485480e+00
4.166667e+00	4.159700e-02	5.466657e+00
4.200000e+00	3.657126e-02	5.440280e+00
4.233333e+00	3.107821e-02	5.411450e+00
4.266667e+00	2.559115e-02	5.382652e+00
4.300000e+00	1.977046e-02	5.352103e+00
4.333333e+00	1.322801e-02	5.317766e+00
4.366667e+00	6.100788e-03	5.280360e+00
4.400000e+00	-1.125800e-03	5.242433e+00
4.433333e+00	-8.092058e-03	5.205871e+00
4.466667e+00	-1.478626e-02	5.170738e+00
4.500000e+00	-2.141121e-02	5.135968e+00
4.533333e+00	-2.806520e-02	5.101046e+00
4.566667e+00	-3.443162e-02	5.067632e+00
4.600000e+00	-3.984538e-02	5.039219e+00
4.633333e+00	-4.381925e-02	5.018363e+00
4.666667e+00	-4.633513e-02	5.005159e+00
4.700000e+00	-4.760426e-02	4.998498e+00
4.733333e+00	-4.789937e-02	4.996949e+00
4.766667e+00	-4.762990e-02	4.998363e+00
4.800000e+00	-4.726970e-02	5.000254e+00
4.833333e+00	-4.711904e-02	5.001045e+00
4.866667e+00	-4.719255e-02	5.000659e+00
4.900000e+00	-4.733260e-02	4.999924e+00
4.933333e+00	-4.740054e-02	4.999567e+00
4.966667e+00	-4.737409e-02	4.999706e+00
5	-4.731449e-02	5.000019e+00
5.033333e+00	-4.728292e-02	5.000184e+00
5.066667e+00	-4.729245e-02	5.000134e+00
5.100000e+00	-4.731818e-02	4.999999e+00
5.133333e+00	-4.733296e-02	4.999922e+00
5.166667e+00	-4.732974e-02	4.999939e+00
5.200000e+00	-4.731867e-02	4.999997e+00
5.233333e+00	-4.731179e-02	5.000033e+00
5.266667e+00	-4.731276e-02	5.000028e+00
5.300000e+00	-4.731751e-02	5.000003e+00
5.333333e+00	-4.732068e-02	4.999986e+00
5.366667e+00	-4.732045e-02	4.999987e+00
5.400000e+00	-4.731843e-02	4.999998e+00
5.433333e+00	-4.731697e-02	5.000006e+00
5.466667e+00	-4.731699e-02	5.000006e+00
5.500000e+00	-4.731784e-02	5.000001e+00
5.533333e+00	-4.731851e-02	4.999998e+00
5.566667e+00	-4.711635e-02	5.001059e+00
5.600000e+00	-4.577243e-02	5.008112e+00
5.633333e+00	-4.186102e-02	5.028640e+00
5.666667e+00	-3.537484e-02	5.062682e+00
5.700000e+00	-2.886576e-02	5.096844e+00
5.733333e+00	-2.540351e-02	5.115015e+00
5.766667e+00	-2.567821e-02	5.113573e+00
5.800000e+00	-2.776917e-02	5.102599e+00
5.833333e+00	-2.930594e-02	5.094534e+00
5.866667e+00	-2.935598e-02	5.094271e+00
5.900000e+00	-2.852551e-02	5.098630e+00
5.933333e+00	-2.784368e-02	5.102208e+00
5.966667e+00	-2.778371e-02	5.102523e+00
6	-2.812880e-02	5.100712e+00
6.033333e+00	-2.843512e-02	5.099104e+00
6.066667e+00	-2.847732e-02	5.098883e+00
6.100000e+00	-2.833369e-02	5.099636e+00
6.133333e+00	-2.819605e-02	5.100359e+00
6.166667e+00	-2.817047e-02	5.100493e+00
6.200000e+00	-2.822981e-02	5.100182e+00
6.233333e+00	-2.829141e-02	5.099858e+00
6.266667e+00	-2.830571e-02	5.099783e+00
6.300000e+00	-2.828140e-02	5.099911e+00
6.333333e+00	-2.825396e-02	5.100055e+00
6.366667e+00	-2.844856e-02	5.099034e+00
6.400000e+00	-2.980197e-02	5.091930e+00
6.433333e+00	-3.372524e-02	5.071340e+00
6.466667e+00	-4.021530e-02	5.037278e+00
6.500000e+00	-4.672058e-02	5.003136e+00
6.533333e+00	-5.017760e-02	4.984992e+00
6.566667e+00	-4.991651e-02	4.986362e+00
6.600000e+00	-4.794595e-02	4.996705e+00
6.633333e+00	-4.683124e-02	5.002555e+00
6.666667e+00	-4.770084e-02	4.997991e+00
6.700000e+00	-4.995014e-02	4.986186e+00
6.733333e+00	-5.231670e-02	4.973765e+00
6.766667e+00	-5.404083e-02	4.964717e+00
6.800000e+00	-5.519972e-02	4.958634e+00
6.833333e+00	-5.627938e-02	4.952968e+00
6.866667e+00	-5.761910e-02	4.945937e+00
6.900000e+00	-5.920823e-02	4.937596e+00
6.933333e+00	-6.084371e-02	4.929013e+00
6.966667e+00	-6.237183e-02	4.920993e+00
7	-6.377306e-02	4.913639e+00
7.033333e+00	-6.504518e-02	4.906962e+00
7.066667e+00	-6.606045e-02	4.901634e+00
7.100000e+00	-6.662639e-02	4.898663e+00
7.133333e+00	-6.670531e-02	4.898249e+00
7.166667e+00	-6.650004e-02	4.899326e+00
7.200000e+00	-6.629391e-02	4.900408e+00
7.233333e+00	-6.624158e-02	4.900683e+00
7.266667e+00	-6.631463e-02	4.900300e+00
7.300000e+00	-6.640124e-02	4.899845e+00
7.333333e+00	-6.642750e-02	4.899707e+00
7.366667e+00	-6.619628e-02	4.900921e+00
7.400000e+00	-6.481481e-02	4.908171e+00
7.433333e+00	-6.089061e-02	4.928767e+00
7.466667e+00	-5.441602e-02	4.962747e+00
7.500000e+00	-4.792347e-02	4.996823e+00
7.533333e+00	-4.446756e-02	5.014960e+00
7.566667e+00	-4.473771e-02	5.013543e+00
7.600000e+00	-4.682142e-02	5.002607e+00
7.633333e+00	-4.835509e-02	4.994557e+00
7.666667e+00	-4.840689e-02	4.994285e+00
7.700000e+00	-4.757958e-02	4.998627e+00
7.733333e+00	-4.689924e-02	5.002198e+00
7.766667e+00	-4.683861e-02	5.002516e+00
7.800000e+00	-4.718233e-02	5.000712e+00
7.833333e+00	-4.748794e-02	4.999108e+00
7.866667e+00	-4.732818e-02	4.999947e+00
7.900000e+00	-4.584159e-02	5.007749e+00
7.933333e+00	-4.179318e-02	5.028996e+00
7.966667e+00	-3.528136e-02	5.063173e+00
8	-2.883122e-02	5.097025e+00
8.033333e+00	-2.543027e-02	5.114875e+00
8.066667e+00	-2.571928e-02	5.113358e+00
8.100000e+00	-2.778611e-02	5.102510e+00
8.133333e+00	-2.929557e-02	5.094588e+00
8.166667e+00	-2.933802e-02	5.094365e+00
8.200000e+00	-2.851733e-02	5.098673e+00
8.233333e+00	-2.784760e-02	5.102188e+00
8.266667e+00	-2.779153e-02	5.102482e+00
8.300000e+00	-2.813270e-02	5.100691e+00
8.333333e+00	-2.843368e-02	5.099112e+00
8.366667e+00	-2.827173e-02	5.099962e+00
8.400000e+00	-2.698828e-02	5.106698e+00
8.433333e+00	-2.428545e-02	5.120883e+00
8.466667e+00	-2.168577e-02	5.134527e+00
8.500000e+00	-2.172145e-02	5.134340e+00
8.533333e+00	-2.482885e-02	5.118031e+00
8.566667e+00	-2.857976e-02	5.098345e+00
8.600000e+00	-3.057422e-02	5.087877e+00
8.633333e+00	-3.133659e-02	5.083876e+00
8.666667e+00	-3.375355e-02	5.071191e+00
8.700000e+00	-3.936891e-02	5.041720e+00
8.733333e+00	-4.603876e-02	5.006714e+00
8.766667e+00	-5.012683e-02	4.985259e+00
8.800000e+00	-5.025331e-02	4.984595e+00
8.833333e+00	-4.811822e-02	4.995801e+00
8.866667e+00	-4.631536e-02	5.005263e+00
8.900000e+00	-4.608102e-02	5.006492e+00
8.933333e+00	-4.691983e-02	5.002090e+00
8.966667e+00	-4.771469e-02	4.997918e+00
9	-4.785899e-02	4.997161e+00
9.033333e+00	-4.771732e-02	4.997905e+00
9.066667e+00	-4.870680e-02	4.992711e+00
9.100000e+00	-5.253732e-02	4.972608e+00
9.133333e+00	-5.916442e-02	4.937826e+00
9.166667e+00	-6.583134e-02	4.902836e+00
9.200000e+00	-6.933669e-02	4.884439e+00
9.233333e+00	-6.900478e-02	4.886181e+00
9.266667e+00	-6.684379e-02	4.897522e+00
9.300000e+00	-6.528484e-02	4.905704e+00
9.333333e+00	-6.525775e-02	4.905846e+00
9.366667e+00	-6.611915e-02	4.901325e+00
9.400000e+00	-6.681212e-02	4.897689e+00
9.433333e+00	-6.686300e-02	4.897421e+00
9.466667e+00	-6.630212e-02	4.900365e+00
9.500000e+00	-6.464676e-02	4.909053e+00
9.533333e+00	-6.069699e-02	4.929783e+00
9.566667e+00	-5.436042e-02	4.963039e+00
9.600000e+00	-4.799149e-02	4.996466e+00
9.633333e+00	-4.455333e-02	5.014510e+00
9.666667e+00	-4.476607e-02	5.013394e+00
9.700000e+00	-4.679424e-02	5.002749e+00
9.733333e+00	-4.831726e-02	4.994756e+00
9.766667e+00	-4.839275e-02	4.994360e+00
9.800000e+00	-4.759028e-02	4.998571e+00
9.833333e+00	-4.691585e-02	5.002111e+00
9.866667e+00	-4.684553e-02	5.002480e+00
9.900000e+00	-4.717819e-02	5.000734e+00
9.933333e+00	-4.748067e-02	4.999147e+00
9.966667e+00	-4.752703e-02	4.998903e+00
10	-4.738890e-02	4.999628e+00
1.003333e+01	-4.725320e-02	5.000340e+00
1.006667e+01	-4.722596e-02	5.000483e+00
1.010000e+01	-4.728289e-02	5.000185e+00
1.013333e+01	-4.734353e-02	4.999866e+00
1.016667e+01	-4.735847e-02	4.999788e+00
1.020000e+01	-4.733523e-02	4.999910e+00
1.023333e+01	-4.730826e-02	5.000051e+00
1.026667e+01	-4.730041e-02	5.000093e+00
1.030000e+01	-4.730980e-02	5.000043e+00
1.033333e+01	-4.732174e-02	4.999981e+00
1.036667e+01	-4.732574e-02	4.999960e+00
1.040000e+01	-4.732199e-02	4.999979e+00
1.043333e+01	-4.731673e-02	5.000007e+00
1.046667e+01	-4.731474e-02	5.000017e+00
1.050000e+01	-4.731621e-02	5.000010e+00
1.053333e+01	-4.752072e-02	4.998936e+00
1.056667e+01	-4.886525e-02	4.991880e+00
1.060000e+01	-5.277578e-02	4.971356e+00
1.063333e+01	-5.926093e-02	4.937320e+00
1.066667e+01	-6.576969e-02	4.903160e+00
1.070000e+01	-6.923229e-02	4.884987e+00
1.073333e+01	-6.895805e-02	4.886426e+00
1.076667e+01	-6.686724e-02	4.897399e+00
1.080000e+01	-6.533034e-02	4.905465e+00
1.083333e+01	-6.528009e-02	4.905729e+00
1.086667e+01	-6.611049e-02	4.901371e+00
1.090000e+01	-6.679237e-02	4.897792e+00
1.093333e+01	-6.685243e-02	4.897477e+00
1.096667e+01	-6.650738e-02	4.899288e+00
11	-6.620104e-02	4.900896e+00
1.103333e+01	-6.615880e-02	4.901117e+00
1.106667e+01	-6.630241e-02	4.900364e+00
1.110000e+01	-6.644006e-02	4.899641e+00
1.113333e+01	-6.646566e-02	4.899507e+00
1.116667e+01	-6.640632e-02	4.899818e+00
1.120000e+01	-6.634473e-02	4.900142e+00
1.123333e+01	-6.633042e-02	4.900217e+00
1.126667e+01	-6.635472e-02	4.900089e+00
1.130000e+01	-6.638216e-02	4.899945e+00
1.133333e+01	-6.638976e-02	4.899905e+00
1.136667e+01	-6.637991e-02	4.899957e+00
1.140000e+01	-6.636774e-02	4.900021e+00
1.143333e+01	-6.636384e-02	4.900041e+00
1.146667e+01	-6.636778e-02	4.900021e+00
1.150000e+01	-6.637316e-02	4.899992e+00
1.153333e+01	-6.617292e-02	4.901043e+00
1.156667e+01	-6.482780e-02	4.908103e+00
1.160000e+01	-6.091433e-02	4.928642e+00
1.163333e+01	-5.442722e-02	4.962689e+00
1.166667e+01	-4.791859e-02	4.996848e+00
1.170000e+01	-4.445724e-02	5.015015e+00
1.173333e+01	-4.473239e-02	5.013571e+00
1.176667e+01	-4.682318e-02	5.002597e+00
1.180000e+01	-4.835956e-02	4.994534e+00
1.183333e+01	-4.840939e-02	4.994272e+00
1.186667e+01	-4.757898e-02	4.998631e+00
1.190000e+01	-4.689731e-02	5.002208e+00
1.193333e+01	-4.683744e-02	5.002522e+00
1.196667e+01	-4.718252e-02	5.000711e+00
12	-4.748876e-02	4.999104e+00
1.203333e+01	-4.753091e-02	4.998883e+00
1.206667e+01	-4.738729e-02	4.999637e+00
1.210000e+01	-4.724968e-02	5.000359e+00
1.213333e+01	-4.722412e-02	5.000493e+00
1.216667e+01	-4.748566e-02	4.999120e+00
1.220000e+01	-4.889080e-02	4.991746e+00
1.223333e+01	-5.281619e-02	4.971144e+00
1.226667e+01	-5.927805e-02	4.937230e+00
1.230000e+01	-6.575984e-02	4.903211e+00
1.233333e+01	-6.921463e-02	4.885079e+00
1.236667e+01	-6.894981e-02	4.886469e+00
1.240000e+01	-6.687095e-02	4.897380e+00
1.243333e+01	-6.533802e-02	4.905425e+00
1.246667e+01	-6.528401e-02	4.905709e+00
1.250000e+01	-6.610915e-02	4.901378e+00
1.253333e+01	-6.678905e-02	4.897810e+00
1.256667e+01	-6.685059e-02	4.897487e+00
1.260000e+01	-6.650784e-02	4.899285e+00
1.263333e+01	-6.600028e-02	4.901949e+00
1.266667e+01	-6.461391e-02	4.909225e+00
1.270000e+01	-6.084541e-02	4.929004e+00
1.273333e+01	-5.449643e-02	4.962325e+00
1.276667e+01	-4.801302e-02	4.996353e+00
1.280000e+01	-4.449173e-02	5.014834e+00
1.283333e+01	-4.470504e-02	5.013714e+00
1.286667e+01	-4.678168e-02	5.002815e+00
1.290000e+01	-4.834262e-02	4.994623e+00
1.293333e+01	-4.842001e-02	4.994217e+00
1.296667e+01	-4.759714e-02	4.998535e+00
13	-4.690551e-02	5.002165e+00
1.303333e+01	-4.684786e-02	5.002468e+00
1.306667e+01	-4.729946e-02	5.000098e+00
1.310000e+01	-4.799948e-02	4.996424e+00
1.313333e+01	-4.890010e-02	4.991697e+00
1.316667e+01	-5.007644e-02	4.985523e+00
1.320000e+01	-5.150258e-02	4.978038e+00
1.323333e+01	-5.302036e-02	4.970072e+00
1.326667e+01	-5.447510e-02	4.962437e+00
1.330000e+01	-5.582387e-02	4.955359e+00
1.333333e+01	-5.712220e-02	4.948545e+00
1.336667e+01	-5.844069e-02	4.941625e+00
1.340000e+01	-5.980405e-02	4.934469e+00
1.343333e+01	-6.119131e-02	4.927188e+00
1.346667e+01	-6.257161e-02	4.919944e+00
1.350000e+01	-6.391820e-02	4.912877e+00
1.353333e+01	-6.515765e-02	4.906372e+00
1.356667e+01	-6.612006e-02	4.901321e+00
1.360000e+01	-6.662744e-02	4.898658e+00
1.363333e+01	-6.667507e-02	4.898408e+00
1.366667e+01	-6.647470e-02	4.899459e+00
1.370000e+01	-6.629041e-02	4.900427e+00
1.373333e+01	-6.625308e-02	4.900623e+00
1.376667e+01	-6.632568e-02	4.900242e+00
1.380000e+01	-6.640336e-02	4.899834e+00
1.383333e+01	-6.642282e-02	4.899732e+00
1.386667e+01	-6.639357e-02	4.899885e+00
1.390000e+01	-6.656160e-02	4.899003e+00
1.393333e+01	-6.789513e-02	4.892005e+00
1.396667e+01	-7.181807e-02	4.871416e+00
14	-7.831934e-02	4.837295e+00
1.403333e+01	-8.483365e-02	4.803105e+00
1.406667e+01	-8.829132e-02	4.784958e+00
1.410000e+01	-8.800997e-02	4.786435e+00
1.413333e+01	-8.591642e-02	4.797423e+00
1.416667e+01	-8.438145e-02	4.805479e+00
1.420000e+01	-8.433431e-02	4.805726e+00
1.423333e+01	-8.516605e-02	4.801361e+00
1.426667e+01	-8.584719e-02	4.797786e+00
1.430000e+01	-8.590589e-02	4.797478e+00
1.433333e+01	-8.535800e-02	4.800353e+00
1.436667e+01	-8.370838e-02	4.809011e+00
1.440000e+01	-7.975563e-02	4.829757e+00
1.443333e+01	-7.341339e-02	4.863043e+00
1.446667e+01	-6.704171e-02	4.896484e+00
1.450000e+01	-6.360466e-02	4.914522e+00
1.453333e+01	-6.381986e-02	4.913393e+00
1.456667e+01	-6.584933e-02	4.902742e+00
1.460000e+01	-6.737196e-02	4.894750e+00
1.463333e+01	-6.744638e-02	4.894360e+00
1.466667e+01	-6.664331e-02	4.898575e+00
1.470000e+01	-6.596901e-02	4.902113e+00
1.473333e+01	-6.589915e-02	4.902480e+00
1.476667e+01	-6.623209e-02	4.900733e+00
1.480000e+01	-6.653453e-02	4.899145e+00
1.483333e+01	-6.658070e-02	4.898903e+00
1.486667e+01	-6.644243e-02	4.899629e+00
1.490000e+01	-6.630674e-02	4.900341e+00
1.493333e+01	-6.627959e-02	4.900483e+00
1.496667e+01	-6.633657e-02	4.900184e+00
15	-6.639721e-02	4.899866e+00
1.503333e+01	-6.641212e-02	4.899788e+00
1.506667e+01	-6.638885e-02	4.899910e+00
1.510000e+01	-6.636188e-02	4.900052e+00
1.513333e+01	-6.635404e-02	4.900093e+00
1.516667e+01	-6.636345e-02	4.900043e+00
1.520000e+01	-6.637539e-02	4.899981e+00
1.523333e+01	-6.637938e-02	4.899960e+00
1.526667e+01	-6.637563e-02	4.899979e+00
1.530000e+01	-6.637036e-02	4.900007e+00
1.533333e+01	-6.636837e-02	4.900017e+00
1.536667e+01	-6.636985e-02	4.900010e+00
1.540000e+01	-6.637216e-02	4.899998e+00
1.543333e+01	-6.637313e-02	4.899992e+00
1.546667e+01	-6.637256e-02	4.899995e+00
1.550000e+01	-6.616936e-02	4.901062e+00
1.553333e+01	-6.482533e-02	4.908116e+00
1.556667e+01	-6.091445e-02	4.928642e+00
1.560000e+01	-5.442873e-02	4.962681e+00
1.563333e+01	-4.791972e-02	4.996842e+00
1.566667e+01	-4.445726e-02	5.015014e+00
1.570000e+01	-4.473175e-02	5.013574e+00
1.573333e+01	-4.682267e-02	5.002600e+00
1.576667e+01	-4.835952e-02	4.994534e+00
1.580000e+01	-4.840966e-02	4.994271e+00
1.583333e+01	-4.757921e-02	4.998629e+00
1.586667e+01	-4.689734e-02	5.002208e+00
1.590000e+01	-4.683733e-02	5.002523e+00
1.593333e+01	-4.718241e-02	5.000712e+00
1.596667e+01	-4.748874e-02	4.999104e+00
16	-4.753096e-02	4.998883e+00
1.603333e+01	-4.738734e-02	4.999636e+00
1.606667e+01	-4.724969e-02	5.000359e+00
1.610000e+01	-4.722410e-02	5.000493e+00
1.613333e+01	-4.728345e-02	5.000182e+00
1.616667e+01	-4.734504e-02	4.999858e+00
1.620000e+01	-4.735935e-02	4.999783e+00
1.623333e+01	-4.733504e-02	4.999911e+00
1.626667e+01	-4.730761e-02	5.000055e+00
1.630000e+01	-4.730000e-02	5.000095e+00
1.633333e+01	-4.730986e-02	5.000043e+00
1.636667e+01	-4.732202e-02	4.999979e+00
1.640000e+01	-4.732593e-02	4.999959e+00
1.643333e+01	-4.732198e-02	4.999979e+00
1.646667e+01	-4.731661e-02	5.000008e+00
1.650000e+01	-4.751685e-02	4.998957e+00
1.653333e+01	-4.886197e-02	4.991897e+00
1.656667e+01	-5.277543e-02	4.971358e+00
1.660000e+01	-5.926255e-02	4.937311e+00
1.663333e+01	-6.577117e-02	4.903152e+00
1.666667e+01	-6.923252e-02	4.884985e+00
1.670000e+01	-6.895738e-02	4.886429e+00
1.673333e+01	-6.686658e-02	4.897403e+00
1.676667e+01	-6.533020e-02	4.905466e+00
1.680000e+01	-6.528037e-02	4.905728e+00
1.683333e+01	-6.611079e-02	4.901369e+00
1.686667e+01	-6.659025e-02	4.898853e+00
1.690000e+01	-6.530657e-02	4.905590e+00
1.693333e+01	-6.105039e-02	4.927928e+00
1.696667e+01	-5.425799e-02	4.963577e+00
17	-4.770661e-02	4.997961e+00
1.703333e+01	-4.438784e-02	5.015379e+00
1.706667e+01	-4.480013e-02	5.013215e+00
1.710000e+01	-4.691672e-02	5.002106e+00
1.713333e+01	-4.839420e-02	4.994352e+00
1.716667e+01	-4.838268e-02	4.994413e+00
1.720000e+01	-4.753788e-02	4.998846e+00
1.723333e+01	-4.688033e-02	5.002297e+00
1.726667e+01	-4.684779e-02	5.002468e+00
1.730000e+01	-4.720049e-02	5.000617e+00
1.733333e+01	-4.749696e-02	4.999061e+00
1.736667e+01	-4.752700e-02	4.998903e+00
1.740000e+01	-4.737946e-02	4.999678e+00
1.743333e+01	-4.724577e-02	5.000379e+00
1.746667e+01	-4.722556e-02	5.000485e+00
1.750000e+01	-4.728686e-02	5.000164e+00
1.753333e+01	-4.734689e-02	4.999849e+00
1.756667e+01	-4.735884e-02	4.999786e+00
1.760000e+01	-4.733357e-02	4.999919e+00
1.763333e+01	-4.730674e-02	5.000059e+00
1.766667e+01	-4.730017e-02	5.000094e+00
1.770000e+01	-4.731049e-02	5.000040e+00
1.773333e+01	-4.732243e-02	4.999977e+00
1.776667e+01	-4.732588e-02	4.999959e+00
1.780000e+01	-4.732171e-02	4.999981e+00
1.783333e+01	-4.731642e-02	5.000009e+00
1.786667e+01	-4.731466e-02	5.000018e+00
1.790000e+01	-4.711413e-02	5.001070e+00
1.793333e+01	-4.577290e-02	5.008110e+00
1.796667e+01	-4.186268e-02	5.028632e+00
18	-3.537587e-02	5.062677e+00
1.803333e+01	-2.886562e-02	5.096845e+00
1.806667e+01	-2.540280e-02	5.115019e+00
1.810000e+01	-2.567773e-02	5.113576e+00
1.813333e+01	-2.776921e-02	5.102599e+00
1.816667e+01	-2.930624e-02	5.094532e+00
1.820000e+01	-2.935620e-02	5.094270e+00
1.823333e+01	-2.852550e-02	5.098630e+00
1.826667e+01	-2.784355e-02	5.102209e+00
1.830000e+01	-2.778361e-02	5.102523e+00
1.833333e+01	-2.812879e-02	5.100712e+00
1.836667e+01	-2.843517e-02	5.099104e+00
1.840000e+01	-2.847736e-02	5.098882e+00
1.843333e+01	-2.833369e-02	5.099636e+00
1.846667e+01	-2.819603e-02	5.100359e+00
1.850000e+01	-2.817045e-02	5.100493e+00
1.853333e+01	-2.822981e-02	5.100182e+00
1.856667e+01	-2.829141e-02	5.099858e+00
1.860000e+01	-2.830572e-02	5.099783e+00
1.863333e+01	-2.828140e-02	5.099911e+00
1.866667e+01	-2.825396e-02	5.100055e+00
1.870000e+01	-2.824636e-02	5.100095e+00
1.873333e+01	-2.825622e-02	5.100043e+00
1.876667e+01	-2.826839e-02	5.099979e+00
1.880000e+01	-2.847449e-02	5.098898e+00
1.883333e+01	-2.981409e-02	5.091867e+00
1.886667e+01	-3.371982e-02	5.071368e+00
1.890000e+01	-4.020402e-02	5.037337e+00
1.893333e+01	-4.674370e-02	5.003014e+00
1.896667e+01	-5.042927e-02	4.983671e+00
19	-5.093510e-02	4.981017e+00
1.903333e+01	-5.054961e-02	4.983040e+00
1.906667e+01	-5.164779e-02	4.977276e+00
1.910000e+01	-5.472792e-02	4.961111e+00
1.913333e+01	-5.865008e-02	4.940526e+00
1.916667e+01	-6.212509e-02	4.922288e+00
1.920000e+01	-6.475845e-02	4.908467e+00
1.923333e+01	-6.697926e-02	4.896811e+00
1.926667e+01	-6.935739e-02	4.884330e+00
1.930000e+01	-7.209714e-02	4.869951e+00
1.933333e+01	-7.503142e-02	4.854551e+00
1.936667e+01	-7.791048e-02	4.839441e+00
1.940000e+01	-8.060479e-02	4.825300e+00
1.943333e+01	-8.301614e-02	4.812644e+00
1.946667e+01	-8.488701e-02	4.802825e+00
1.950000e+01	-8.589826e-02	4.797518e+00
1.953333e+01	-8.602190e-02	4.796869e+00
1.956667e+01	-8.564559e-02	4.798844e+00
1.960000e+01	-8.527987e-02	4.800763e+00
1.963333e+01	-8.519337e-02	4.801217e+00
1.966667e+01	-8.532756e-02	4.800513e+00
1.970000e+01	-8.548109e-02	4.799707e+00
1.973333e+01	-8.552492e-02	4.799477e+00
1.976667e+01	-8.526916e-02	4.800820e+00
1.980000e+01	-8.385832e-02	4.808224e+00
1.983333e+01	-7.992515e-02	4.828867e+00
1.986667e+01	-7.346046e-02	4.862796e+00
1.990000e+01	-6.698089e-02	4.896803e+00
1.993333e+01	-6.352949e-02	4.914917e+00
1.996667e+01	-6.379570e-02	4.913520e+00
20	-6.587370e-02	4.902614e+00
2.003333e+01	-6.740514e-02	4.894576e+00
2.006667e+01	-6.745848e-02	4.894296e+00
2.010000e+01	-6.663368e-02	4.898625e+00
2.013333e+01	-6.595442e-02	4.902190e+00
2.016667e+01	-6.589320e-02	4.902511e+00
2.020000e+01	-6.623582e-02	4.900713e+00
2.023333e+01	-6.654091e-02	4.899112e+00
2.026667e+01	-6.658357e-02	4.898888e+00
2.030000e+01	-6.644101e-02	4.899636e+00
2.033333e+01	-6.630395e-02	4.900356e+00
2.036667e+01	-6.627821e-02	4.900491e+00
2.040000e+01	-6.633709e-02	4.900182e+00
2.043333e+01	-6.639842e-02	4.899860e+00
2.046667e+01	-6.641277e-02	4.899784e+00
2.050000e+01	-6.638866e-02	4.899911e+00
2.053333e+01	-6.636135e-02	4.900054e+00
2.056667e+01	-6.635374e-02	4.900094e+00
2.060000e+01	-6.636351e-02	4.900043e+00
2.063333e+01	-6.637562e-02	4.899979e+00
2.066667e+01	-6.637952e-02	4.899959e+00
2.070000e+01	-6.637561e-02	4.899979e+00
2.073333e+01	-6.637026e-02	4.900008e+00
2.076667e+01	-6.636831e-02	4.900018e+00
2.080000e+01	-6.636986e-02	4.900010e+00
2.083333e+01	-6.637220e-02	4.899997e+00
2.086667e+01	-6.637316e-02	4.899992e+00
2.090000e+01	-6.637256e-02	4.899995e+00
2.093333e+01	-6.637154e-02	4.900001e+00
2.096667e+01	-6.616888e-02	4.901064e+00
21	-6.482555e-02	4.908115e+00
2.103333e+01	-6.091489e-02	4.928639e+00
2.106667e+01	-5.442896e-02	4.962680e+00
2.110000e+01	-4.791965e-02	4.996843e+00
2.113333e+01	-4.445706e-02	5.015016e+00
2.116667e+01	-4.473164e-02	5.013574e+00
2.120000e+01	-4.702489e-02	5.001539e+00
2.123333e+01	-4.990536e-02	4.986421e+00
2.126667e+01	-5.386657e-02	4.965631e+00
2.130000e+01	-5.952221e-02	4.935948e+00
2.133333e+01	-6.534955e-02	4.905365e+00
2.136667e+01	-6.875193e-02	4.887508e+00
2.140000e+01	-6.882236e-02	4.887138e+00
2.143333e+01	-6.703768e-02	4.896505e+00
2.146667e+01	-6.554307e-02	4.904349e+00
2.150000e+01	-6.534937e-02	4.905366e+00
2.153333e+01	-6.604223e-02	4.901729e+00
2.156667e+01	-6.669850e-02	4.898285e+00
2.160000e+01	-6.681782e-02	4.897659e+00
2.163333e+01	-6.653431e-02	4.899147e+00
2.166667e+01	-6.624229e-02	4.900679e+00
2.170000e+01	-6.617578e-02	4.901028e+00
2.173333e+01	-6.629198e-02	4.900418e+00
2.176667e+01	-6.642202e-02	4.899736e+00
2.180000e+01	-6.645745e-02	4.899550e+00
2.183333e+01	-6.641028e-02	4.899798e+00
2.186667e+01	-6.635258e-02	4.900100e+00
2.190000e+01	-6.633433e-02	4.900196e+00
2.193333e+01	-6.635327e-02	4.900097e+00
2.196667e+01	-6.637875e-02	4.899963e+00
22	-6.638791e-02	4.899915e+00
2.203333e+01	-6.638042e-02	4.899954e+00
2.206667e+01	-6.636921e-02	4.900013e+00
2.210000e+01	-6.636470e-02	4.900037e+00
2.213333e+01	-6.636762e-02	4.900021e+00
2.216667e+01	-6.637252e-02	4.899996e+00
2.220000e+01	-6.637471e-02	4.899984e+00
2.223333e+01	-6.637360e-02	4.899990e+00
2.226667e+01	-6.637146e-02	4.900001e+00
2.230000e+01	-6.637041e-02	4.900007e+00
2.233333e+01	-6.637082e-02	4.900005e+00
2.236667e+01	-6.637175e-02	4.900000e+00
2.240000e+01	-6.637225e-02	4.899997e+00
2.243333e+01	-6.637210e-02	4.899998e+00
2.246667e+01	-6.637170e-02	4.900000e+00
2.250000e+01	-6.637147e-02	4.900001e+00
2.253333e+01	-6.637152e-02	4.900001e+00
2.256667e+01	-6.637169e-02	4.900000e+00
2.260000e+01	-6.637180e-02	4.899999e+00
2.263333e+01	-6.637178e-02	4.900000e+00
2.266667e+01	-6.637171e-02	4.900000e+00
2.270000e+01	-6.637166e-02	4.900000e+00
2.273333e+01	-6.637166e-02	4.900000e+00
2.276667e+01	-6.637169e-02	4.900000e+00
2.280000e+01	-6.657391e-02	4.898939e+00
2.283333e+01	-6.791747e-02	4.891887e+00
2.286667e+01	-7.182856e-02	4.871361e+00
2.290000e+01	-7.831471e-02	4.837319e+00
2.293333e+01	-8.482393e-02	4.803156e+00
2.296667e+01	-8.828633e-02	4.784985e+00
23	-8.801165e-02	4.786426e+00
2.303333e+01	-8.592062e-02	4.797401e+00
2.306667e+01	-8.438380e-02	4.805466e+00
2.310000e+01	-8.433374e-02	4.805729e+00
2.313333e+01	-8.516424e-02	4.801370e+00
2.316667e+01	-8.584610e-02	4.797792e+00
2.320000e+01	-8.590608e-02	4.797477e+00
2.323333e+01	-8.556097e-02	4.799288e+00
2.326667e+01	-8.525464e-02	4.800896e+00
2.330000e+01	-8.521244e-02	4.801117e+00
2.333333e+01	-8.535607e-02	4.800364e+00
2.336667e+01	-8.549372e-02	4.799641e+00
2.340000e+01	-8.551930e-02	4.799507e+00
2.343333e+01	-8.545995e-02	4.799818e+00
2.346667e+01	-8.539836e-02	4.800142e+00
2.350000e+01	-8.518186e-02	4.801278e+00
2.353333e+01	-8.386261e-02	4.808202e+00
2.356667e+01	-7.997894e-02	4.828585e+00
2.360000e+01	-7.350039e-02	4.862586e+00
2.363333e+01	-6.698130e-02	4.896801e+00
2.366667e+01	-6.350675e-02	4.915036e+00
2.370000e+01	-6.377753e-02	4.913615e+00
2.373333e+01	-6.587250e-02	4.902620e+00
2.376667e+01	-6.741470e-02	4.894526e+00
2.380000e+01	-6.746671e-02	4.894253e+00
2.383333e+01	-6.663465e-02	4.898620e+00
2.386667e+01	-6.595043e-02	4.902211e+00
2.390000e+01	-6.588949e-02	4.902531e+00
2.393333e+01	-6.623520e-02	4.900716e+00
2.396667e+01	-6.654257e-02	4.899103e+00
24	-6.658523e-02	4.898879e+00
2.403333e+01	-6.644137e-02	4.899634e+00
2.406667e+01	-6.630328e-02	4.900359e+00
2.410000e+01	-6.627747e-02	4.900495e+00
2.413333e+01	-6.633690e-02	4.900183e+00
2.416667e+01	-6.639869e-02	4.899858e+00
2.420000e+01	-6.641310e-02	4.899783e+00
2.423333e+01	-6.638876e-02	4.899910e+00
2.426667e+01	-6.636124e-02	4.900055e+00
2.430000e+01	-6.635359e-02	4.900095e+00
2.433333e+01	-6.636346e-02	4.900043e+00
2.436667e+01	-6.637566e-02	4.899979e+00
2.440000e+01	-6.637959e-02	4.899959e+00
2.443333e+01	-6.637563e-02	4.899979e+00
2.446667e+01	-6.637025e-02	4.900008e+00
2.450000e+01	-6.636828e-02	4.900018e+00
2.453333e+01	-6.636984e-02	4.900010e+00
2.456667e+01	-6.637221e-02	4.899997e+00
2.460000e+01	-6.637318e-02	4.899992e+00
2.463333e+01	-6.637257e-02	4.899995e+00
2.466667e+01	-6.637153e-02	4.900001e+00
2.470000e+01	-6.637107e-02	4.900003e+00
2.473333e+01	-6.616910e-02	4.901063e+00
2.476667e+01	-6.482599e-02	4.908112e+00
2.480000e+01	-6.091512e-02	4.928638e+00
2.483333e+01	-5.442887e-02	4.962680e+00
2.486667e+01	-4.791945e-02	4.996844e+00
2.490000e+01	-4.445696e-02	5.015016e+00
2.493333e+01	-4.473167e-02	5.013574e+00
2.496667e+01	-4.682278e-02	5.002599e+00
25	-4.835965e-02	4.994533e+00
2.503333e+01	-4.840970e-02	4.994271e+00
2.506667e+01	-4.757916e-02	4.998630e+00
2.510000e+01	-4.689728e-02	5.002208e+00
2.513333e+01	-4.683731e-02	5.002523e+00
2.516667e+01	-4.718243e-02	5.000712e+00
2.520000e+01	-4.748877e-02	4.999104e+00
2.523333e+01	-4.753097e-02	4.998883e+00
2.526667e+01	-4.738733e-02	4.999636e+00
2.530000e+01	-4.724968e-02	5.000359e+00
2.533333e+01	-4.722410e-02	5.000493e+00
2.536667e+01	-4.728345e-02	5.000182e+00
2.540000e+01	-4.734505e-02	4.999858e+00
2.543333e+01	-4.735935e-02	4.999783e+00
2.546667e+01	-4.733504e-02	4.999911e+00
2.550000e+01	-4.730760e-02	5.000055e+00
2.553333e+01	-4.730000e-02	5.000095e+00
2.556667e+01	-4.730986e-02	5.000043e+00
2.560000e+01	-4.732202e-02	4.999979e+00
2.563333e+01	-4.732593e-02	4.999959e+00
2.566667e+01	-4.732198e-02	4.999979e+00
2.570000e+01	-4.731661e-02	5.000008e+00
2.573333e+01	-4.731465e-02	5.000018e+00
2.576667e+01	-4.731621e-02	5.000010e+00
2.580000e+01	-4.731857e-02	4.999997e+00
2.583333e+01	-4.731953e-02	4.999992e+00
2.586667e+01	-4.731893e-02	4.999995e+00
2.590000e+01	-4.731789e-02	5.000001e+00
2.593333e+01	-4.731743e-02	5.000003e+00
2.596667e+01	-4.731766e-02	5.000002e+00
26	-4.731811e-02	5.000000e+00
2.603333e+01	-4.731833e-02	4.999999e+00
2.606667e+01	-4.731825e-02	4.999999e+00
2.610000e+01	-4.752025e-02	4.998939e+00
2.613333e+01	-4.886370e-02	4.991888e+00
2.616667e+01	-5.277483e-02	4.971361e+00
2.620000e+01	-5.926107e-02	4.937319e+00
2.623333e+01	-6.577035e-02	4.903156e+00
2.626667e+01	-6.923273e-02	4.884984e+00
2.630000e+01	-6.895801e-02	4.886426e+00
2.633333e+01	-6.686696e-02	4.897401e+00
2.636667e+01	-6.533014e-02	4.905466e+00
2.640000e+01	-6.528010e-02	4.905729e+00
2.643333e+01	-6.611061e-02	4.901370e+00
2.646667e+01	-6.679247e-02	4.897792e+00
2.650000e+01	-6.685244e-02	4.897477e+00
2.653333e+01	-6.650733e-02	4.899288e+00
2.656667e+01	-6.620100e-02	4.900896e+00
2.660000e+01	-6.615880e-02	4.901117e+00
2.663333e+01	-6.630243e-02	4.900364e+00
2.666667e+01	-6.644008e-02	4.899641e+00
2.670000e+01	-6.646566e-02	4.899507e+00
2.673333e+01	-6.640631e-02	4.899818e+00
2.676667e+01	-6.634472e-02	4.900142e+00
2.680000e+01	-6.633042e-02	4.900217e+00
2.683333e+01	-6.635472e-02	4.900089e+00
2.686667e+01	-6.638216e-02	4.899945e+00
2.690000e+01	-6.638976e-02	4.899905e+00
2.693333e+01	-6.637991e-02	4.899957e+00
2.696667e+01	-6.636774e-02	4.900021e+00
27	-6.636383e-02	4.900041e+00
2.703333e+01	-6.636778e-02	4.900021e+00
2.706667e+01	-6.637316e-02	4.899992e+00
2.710000e+01	-6.637511e-02	4.899982e+00
2.713333e+01	-6.637355e-02	4.899990e+00
2.716667e+01	-6.637119e-02	4.900003e+00
2.720000e+01	-6.637023e-02	4.900008e+00
2.723333e+01	-6.637083e-02	4.900005e+00
2.726667e+01	-6.637187e-02	4.899999e+00
2.730000e+01	-6.637233e-02	4.899997e+00
2.733333e+01	-6.637210e-02	4.899998e+00
2.736667e+01	-6.637165e-02	4.900000e+00
2.740000e+01	-6.637143e-02	4.900001e+00
2.743333e+01	-6.637152e-02	4.900001e+00
2.746667e+01	-6.637171e-02	4.900000e+00
2.750000e+01	-6.616962e-02	4.901061e+00
2.753333e+01	-6.482603e-02	4.908112e+00
2.756667e+01	-6.091485e-02	4.928639e+00
2.760000e+01	-5.442864e-02	4.962681e+00
2.763333e+01	-4.791942e-02	4.996844e+00
2.766667e+01	-4.445707e-02	5.015015e+00
2.770000e+01	-4.473177e-02	5.013574e+00
2.773333e+01	-4.682280e-02	5.002599e+00
2.776667e+01	-4.835961e-02	4.994534e+00
2.780000e+01	-4.840966e-02	4.994271e+00
2.783333e+01	-4.757915e-02	4.998630e+00
2.786667e+01	-4.689730e-02	5.002208e+00
2.790000e+01	-4.683733e-02	5.002523e+00
2.793333e+01	-4.718243e-02	5.000712e+00
2.796667e+01	-4.748876e-02	4.999104e+00
28	-4.754540e-02	4.998807e+00
2.803333e+01	-4.751218e-02	4.998981e+00
2.806667e+01	-4.776431e-02	4.997658e+00
2.810000e+01	-4.859180e-02	4.993315e+00
2.813333e+01	-4.996917e-02	4.986086e+00
2.816667e+01	-5.159609e-02	4.977547e+00
2.820000e+01	-5.315611e-02	4.969360e+00
2.823333e+01	-5.452815e-02	4.962159e+00
2.826667e+01	-5.578729e-02	4.955551e+00
2.830000e+01	-5.706269e-02	4.948857e+00
2.833333e+01	-5.841487e-02	4.941760e+00
2.836667e+01	-5.981807e-02	4.934396e+00
2.840000e+01	-6.121728e-02	4.927052e+00
2.843333e+01	-6.258400e-02	4.919879e+00
2.846667e+01	-6.391296e-02	4.912904e+00
2.850000e+01	-6.514637e-02	4.906431e+00
2.853333e+01	-6.611418e-02	4.901352e+00
2.856667e+01	-6.662932e-02	4.898648e+00
2.860000e+01	-6.667995e-02	4.898382e+00
2.863333e+01	-6.647746e-02	4.899445e+00
2.866667e+01	-6.628977e-02	4.900430e+00
2.870000e+01	-6.625098e-02	4.900634e+00
2.873333e+01	-6.632439e-02	4.900248e+00
2.876667e+01	-6.640356e-02	4.899833e+00
2.880000e+01	-6.642372e-02	4.899727e+00
2.883333e+01	-6.639417e-02	4.899882e+00
2.886667e+01	-6.635935e-02	4.900065e+00
2.890000e+01	-6.634900e-02	4.900119e+00
2.893333e+01	-6.636094e-02	4.900056e+00
2.896667e+01	-6.637633e-02	4.899976e+00
29	-6.638157e-02	4.899948e+00
2.903333e+01	-6.637681e-02	4.899973e+00
2.906667e+01	-6.637003e-02	4.900009e+00
2.910000e+01	-6.636743e-02	4.900022e+00
2.913333e+01	-6.657149e-02	4.898951e+00
2.916667e+01	-6.791803e-02	4.891884e+00
2.920000e+01	-7.183040e-02	4.871351e+00
2.923333e+01	-7.831583e-02	4.837313e+00
2.926667e+01	-8.482376e-02	4.803157e+00
2.930000e+01	-8.828554e-02	4.784989e+00
2.933333e+01	-8.801113e-02	4.786429e+00
2.936667e+01	-8.592067e-02	4.797400e+00
2.940000e+01	-8.438413e-02	4.805465e+00
2.943333e+01	-8.433398e-02	4.805728e+00
2.946667e+01	-8.516423e-02	4.801370e+00
2.950000e+01	-8.584595e-02	4.797792e+00
2.953333e+01	-8.590597e-02	4.797478e+00
2.956667e+01	-8.556097e-02	4.799288e+00
2.960000e+01	-8.525470e-02	4.800896e+00
2.963333e+01	-8.521249e-02	4.801117e+00
2.966667e+01	-8.534163e-02	4.800439e+00
2.970000e+01	-8.536884e-02	4.800297e+00
2.973333e+01	-8.500465e-02	4.802208e+00
2.976667e+01	-8.409225e-02	4.806997e+00
2.980000e+01	-8.271265e-02	4.814237e+00
2.983333e+01	-8.113302e-02	4.822528e+00
2.986667e+01	-7.961160e-02	4.830512e+00
2.990000e+01	-7.824268e-02	4.837697e+00
2.993333e+01	-7.696371e-02	4.844410e+00
2.996667e+01	-7.567085e-02	4.851195e+00
30	-7.431636e-02	4.858304e+00
3.003333e+01	-7.292143e-02	4.865625e+00
3.006667e+01	-7.153007e-02	4.872927e+00
3.010000e+01	-7.016477e-02	4.880093e+00
3.013333e+01	-6.883239e-02	4.887085e+00
3.016667e+01	-6.759548e-02	4.893577e+00
3.020000e+01	-6.662686e-02	4.898661e+00
3.023333e+01	-6.611312e-02	4.901357e+00
3.026667e+01	-6.606405e-02	4.901615e+00
3.030000e+01	-6.626697e-02	4.900550e+00
3.033333e+01	-6.645410e-02	4.899568e+00
3.036667e+01	-6.649220e-02	4.899368e+00
3.040000e+01	-6.641856e-02	4.899754e+00
3.043333e+01	-6.633962e-02	4.900168e+00
3.046667e+01	-6.631977e-02	4.900273e+00
3.050000e+01	-6.634943e-02	4.900117e+00
3.053333e+01	-6.638416e-02	4.899935e+00
3.056667e+01	-6.639438e-02	4.899881e+00
3.060000e+01	-6.638238e-02	4.899944e+00
3.063333e+01	-6.636702e-02	4.900025e+00
3.066667e+01	-6.636184e-02	4.900052e+00
3.070000e+01	-6.636663e-02	4.900027e+00
3.073333e+01	-6.637340e-02	4.899991e+00
3.076667e+01	-6.637597e-02	4.899978e+00
3.080000e+01	-6.637409e-02	4.899987e+00
3.083333e+01	-6.637112e-02	4.900003e+00
3.086667e+01	-6.636986e-02	4.900010e+00
3.090000e+01	-6.637059e-02	4.900006e+00
3.093333e+01	-6.637188e-02	4.899999e+00
3.096667e+01	-6.637249e-02	4.899996e+00
31	-6.637222e-02	4.899997e+00
3.103333e+01	-6.637165e-02	4.900000e+00
3.106667e+01	-6.637136e-02	4.900002e+00
3.110000e+01	-6.637146e-02	4.900001e+00
3.113333e+01	-6.637171e-02	4.900000e+00
3.116667e+01	-6.637184e-02	4.899999e+00
3.120000e+01	-6.637181e-02	4.899999e+00
3.123333e+01	-6.637170e-02	4.900000e+00
3.126667e+01	-6.637164e-02	4.900000e+00
3.130000e+01	-6.637165e-02	4.900000e+00
3.133333e+01	-6.637170e-02	4.900000e+00
3.136667e+01	-6.637173e-02	4.900000e+00
3.140000e+01	-6.637172e-02	4.900000e+00
3.143333e+01	-6.619839e-02	4.900910e+00
3.146667e+01	-6.504676e-02	4.906954e+00
3.150000e+01	-6.169439e-02	4.924548e+00
3.153333e+01	-5.614927e-02	4.953651e+00
3.156667e+01	-5.068035e-02	4.982354e+00
3.160000e+01	-4.810237e-02	4.995884e+00
3.163333e+01	-4.919088e-02	4.990171e+00
3.166667e+01	-5.230120e-02	4.973847e+00
3.170000e+01	-5.518381e-02	4.958718e+00
3.173333e+01	-5.677243e-02	4.950380e+00
3.176667e+01	-5.745692e-02	4.946788e+00
3.180000e+01	-5.815905e-02	4.943103e+00
3.183333e+01	-5.939064e-02	4.936639e+00
3.186667e+01	-6.102877e-02	4.928042e+00
3.190000e+01	-6.268237e-02	4.919363e+00
3.193333e+01	-6.409941e-02	4.911926e+00
3.196667e+01	-6.523655e-02	4.905958e+00
32	-6.607757e-02	4.901544e+00
3.203333e+01	-6.654834e-02	4.899073e+00
3.206667e+01	-6.663722e-02	4.898606e+00
3.210000e+01	-6.649054e-02	4.899376e+00
3.213333e+01	-6.632478e-02	4.900246e+00
3.216667e+01	-6.627104e-02	4.900528e+00
3.220000e+01	-6.631999e-02	4.900271e+00
3.223333e+01	-6.638849e-02	4.899912e+00
3.226667e+01	-6.641438e-02	4.899776e+00
3.230000e+01	-6.639550e-02	4.899875e+00
3.233333e+01	-6.636580e-02	4.900031e+00
3.236667e+01	-6.635331e-02	4.900097e+00
3.240000e+01	-6.615842e-02	4.901119e+00
3.243333e+01	-6.482783e-02	4.908103e+00
3.246667e+01	-6.092274e-02	4.928598e+00
3.250000e+01	-5.443382e-02	4.962654e+00
3.253333e+01	-4.791895e-02	4.996846e+00
3.256667e+01	-4.445370e-02	5.015033e+00
3.260000e+01	-4.472939e-02	5.013586e+00
3.263333e+01	-4.682286e-02	5.002599e+00
3.266667e+01	-4.836104e-02	4.994526e+00
3.270000e+01	-4.841075e-02	4.994265e+00
3.273333e+01	-4.757919e-02	4.998630e+00
3.276667e+01	-4.689670e-02	5.002211e+00
3.280000e+01	-4.683684e-02	5.002526e+00
3.283333e+01	-4.698020e-02	5.001773e+00
3.286667e+01	-4.594326e-02	5.007215e+00
3.290000e+01	-4.207433e-02	5.027521e+00
3.293333e+01	-3.544435e-02	5.062317e+00
3.296667e+01	-2.879734e-02	5.097203e+00
33	-2.530937e-02	5.115509e+00
3.303333e+01	-2.564348e-02	5.113756e+00
3.306667e+01	-2.779617e-02	5.102458e+00
3.310000e+01	-2.934730e-02	5.094317e+00
3.313333e+01	-2.937302e-02	5.094182e+00
3.316667e+01	-2.851505e-02	5.098685e+00
3.320000e+01	-2.782559e-02	5.102303e+00
3.323333e+01	-2.777548e-02	5.102566e+00
3.326667e+01	-2.813276e-02	5.100691e+00
3.330000e+01	-2.824080e-02	5.100124e+00
3.333333e+01	-2.693549e-02	5.106975e+00
3.336667e+01	-2.287538e-02	5.128284e+00
3.340000e+01	-1.624962e-02	5.163058e+00
3.343333e+01	-9.716372e-03	5.197347e+00
3.346667e+01	-6.315694e-03	5.215194e+00
3.350000e+01	-6.652932e-03	5.213424e+00
3.353333e+01	-8.757654e-03	5.202378e+00
3.356667e+01	-1.026914e-02	5.194445e+00
3.360000e+01	-1.029130e-02	5.194329e+00
3.363333e+01	-9.453421e-03	5.198727e+00
3.366667e+01	-8.781870e-03	5.202251e+00
3.370000e+01	-8.936477e-03	5.201440e+00
3.373333e+01	-1.062896e-02	5.192557e+00
3.376667e+01	-1.484224e-02	5.170444e+00
3.380000e+01	-2.136513e-02	5.136210e+00
3.383333e+01	-2.772880e-02	5.102811e+00
3.386667e+01	-3.105519e-02	5.085353e+00
3.390000e+01	-3.075733e-02	5.086916e+00
3.393333e+01	-2.872660e-02	5.097574e+00
3.396667e+01	-2.725073e-02	5.105320e+00
34	-2.721392e-02	5.105513e+00
3.403333e+01	-2.801965e-02	5.101285e+00
3.406667e+01	-2.867432e-02	5.097849e+00
3.410000e+01	-2.872715e-02	5.097571e+00
3.413333e+01	-2.839213e-02	5.099330e+00
3.416667e+01	-2.809787e-02	5.100874e+00
3.420000e+01	-2.805938e-02	5.101076e+00
3.423333e+01	-2.799676e-02	5.101405e+00
3.426667e+01	-2.678550e-02	5.107762e+00
3.430000e+01	-2.289812e-02	5.128164e+00
3.433333e+01	-1.636867e-02	5.162433e+00
3.436667e+01	-9.910605e-03	5.196327e+00
3.440000e+01	-6.824613e-03	5.212523e+00
3.443333e+01	-7.976042e-03	5.206480e+00
3.446667e+01	-1.141149e-02	5.188450e+00
3.450000e+01	-1.452080e-02	5.172131e+00
3.453333e+01	-1.610696e-02	5.163807e+00
3.456667e+01	-1.666109e-02	5.160898e+00
3.460000e+01	-1.726212e-02	5.157744e+00
3.463333e+01	-1.848901e-02	5.151305e+00
3.466667e+01	-2.018161e-02	5.142421e+00
3.470000e+01	-2.188082e-02	5.133503e+00
3.473333e+01	-2.331681e-02	5.125967e+00
3.476667e+01	-2.454156e-02	5.119539e+00
3.480000e+01	-2.573734e-02	5.113263e+00
3.483333e+01	-2.694771e-02	5.106911e+00
3.486667e+01	-2.797431e-02	5.101523e+00
3.490000e+01	-2.854913e-02	5.098506e+00
3.493333e+01	-2.861287e-02	5.098171e+00
3.496667e+01	-2.838625e-02	5.099361e+00
35	-2.817194e-02	5.100485e+00
3.503333e+01	-2.812609e-02	5.100726e+00
3.506667e+01	-2.820932e-02	5.100289e+00
3.510000e+01	-2.830030e-02	5.099812e+00
3.513333e+01	-2.832412e-02	5.099687e+00
3.516667e+01	-2.829062e-02	5.099863e+00
3.520000e+01	-2.825058e-02	5.100073e+00
3.523333e+01	-2.823838e-02	5.100137e+00
3.526667e+01	-2.825189e-02	5.100066e+00
3.530000e+01	-2.826959e-02	5.099973e+00
3.533333e+01	-2.827574e-02	5.099941e+00
3.536667e+01	-2.827036e-02	5.099969e+00
3.540000e+01	-2.846477e-02	5.098949e+00
3.543333e+01	-2.980529e-02	5.091913e+00
3.546667e+01	-3.371849e-02	5.071375e+00
3.550000e+01	-4.020806e-02	5.037316e+00
3.553333e+01	-4.671877e-02	5.003145e+00
3.556667e+01	-5.018035e-02	4.984978e+00
3.560000e+01	-4.990418e-02	4.986427e+00
3.563333e+01	-4.781244e-02	4.997405e+00
3.566667e+01	-4.627592e-02	5.005470e+00
3.570000e+01	-4.622651e-02	5.005729e+00
3.573333e+01	-4.705735e-02	5.001368e+00
3.576667e+01	-4.773910e-02	4.997790e+00
3.580000e+01	-4.779879e-02	4.997477e+00
3.583333e+01	-4.745353e-02	4.999289e+00
3.586667e+01	-4.714724e-02	5.000897e+00
3.590000e+01	-4.710516e-02	5.001117e+00
3.593333e+01	-4.724886e-02	5.000363e+00
3.596667e+01	-4.738650e-02	4.999641e+00
36	-4.741203e-02	4.999507e+00
3.603333e+01	-4.735265e-02	4.999818e+00
3.606667e+01	-4.729105e-02	5.000142e+00
3.610000e+01	-4.727677e-02	5.000217e+00
3.613333e+01	-4.730109e-02	5.000089e+00
3.616667e+01	-4.732853e-02	4.999945e+00
3.620000e+01	-4.733612e-02	4.999905e+00
3.623333e+01	-4.732626e-02	4.999957e+00
3.626667e+01	-4.731409e-02	5.000021e+00
3.630000e+01	-4.731019e-02	5.000041e+00
3.633333e+01	-4.731415e-02	5.000021e+00
3.636667e+01	-4.731952e-02	4.999992e+00
3.640000e+01	-4.732147e-02	4.999982e+00
3.643333e+01	-4.731991e-02	4.999990e+00
3.646667e+01	-4.731755e-02	5.000003e+00
3.650000e+01	-4.731659e-02	5.000008e+00
3.653333e+01	-4.731720e-02	5.000005e+00
3.656667e+01	-4.731823e-02	4.999999e+00
3.660000e+01	-4.731869e-02	4.999997e+00
3.663333e+01	-4.731846e-02	4.999998e+00
3.666667e+01	-4.731801e-02	5.000000e+00
3.670000e+01	-4.751999e-02	4.998940e+00
3.673333e+01	-4.866144e-02	4.992950e+00
3.676667e+01	-5.122917e-02	4.979473e+00
3.680000e+01	-5.380433e-02	4.965958e+00
3.683333e+01	-5.382737e-02	4.965837e+00
3.686667e+01	-5.078045e-02	4.981828e+00
3.690000e+01	-4.704333e-02	5.001442e+00
3.693333e+01	-4.522700e-02	5.010975e+00
3.696667e+01	-4.578123e-02	5.008066e+00
37	-4.726802e-02	5.000263e+00
3.703333e+01	-4.814858e-02	4.995641e+00
3.706667e+01	-4.799992e-02	4.996421e+00
3.710000e+01	-4.737803e-02	4.999685e+00
3.713333e+01	-4.697295e-02	5.001811e+00
3.716667e+01	-4.701173e-02	5.001608e+00
3.720000e+01	-4.727586e-02	5.000221e+00
3.723333e+01	-4.746170e-02	4.999246e+00
3.726667e+01	-4.745571e-02	4.999278e+00
3.730000e+01	-4.734364e-02	4.999866e+00
3.733333e+01	-4.725871e-02	5.000311e+00
3.736667e+01	-4.725647e-02	5.000323e+00
3.740000e+01	-4.730376e-02	5.000075e+00
3.743333e+01	-4.734237e-02	4.999872e+00
3.746667e+01	-4.734550e-02	4.999856e+00
3.750000e+01	-4.732566e-02	4.999960e+00
3.753333e+01	-4.730821e-02	5.000052e+00
3.756667e+01	-4.730589e-02	5.000064e+00
3.760000e+01	-4.731416e-02	5.000020e+00
3.763333e+01	-4.732201e-02	4.999979e+00
3.766667e+01	-4.732343e-02	4.999972e+00
3.770000e+01	-4.732002e-02	4.999990e+00
3.773333e+01	-4.731650e-02	5.000008e+00
3.776667e+01	-4.731570e-02	5.000012e+00
3.780000e+01	-4.731710e-02	5.000005e+00
3.783333e+01	-4.731867e-02	4.999997e+00
3.786667e+01	-4.731910e-02	4.999995e+00
3.790000e+01	-4.731853e-02	4.999998e+00
3.793333e+01	-4.731783e-02	5.000001e+00
3.796667e+01	-4.731761e-02	5.000002e+00
38	-4.731784e-02	5.000001e+00
3.803333e+01	-4.731815e-02	5.000000e+00
3.806667e+01	-4.731826e-02	4.999999e+00
3.810000e+01	-4.731817e-02	4.999999e+00
3.813333e+01	-4.731803e-02	5.000000e+00
3.816667e+01	-4.731798e-02	5.000000e+00
3.820000e+01	-4.731801e-02	5.000000e+00
3.823333e+01	-4.731807e-02	5.000000e+00
3.826667e+01	-4.731810e-02	5.000000e+00
3.830000e+01	-4.731808e-02	5.000000e+00
3.833333e+01	-4.731806e-02	5.000000e+00
3.836667e+01	-4.731805e-02	5.000000e+00
3.840000e+01	-4.731805e-02	5.000000e+00
3.843333e+01	-4.731806e-02	5.000000e+00
3.846667e+01	-4.731807e-02	5.000000e+00
3.850000e+01	-4.731807e-02	5.000000e+00
3.853333e+01	-4.731806e-02	5.000000e+00
3.856667e+01	-4.733361e-02	4.999918e+00
3.860000e+01	-4.745252e-02	4.999294e+00
3.863333e+01	-4.787228e-02	4.997091e+00
3.866667e+01	-4.879097e-02	4.992270e+00
3.870000e+01	-5.021038e-02	4.984820e+00
3.873333e+01	-5.189611e-02	4.975973e+00
3.876667e+01	-5.356073e-02	4.967236e+00
3.880000e+01	-5.506449e-02	4.959344e+00
3.883333e+01	-5.645003e-02	4.952072e+00
3.886667e+01	-5.783173e-02	4.944821e+00
3.890000e+01	-5.927731e-02	4.937234e+00
3.893333e+01	-6.077534e-02	4.929372e+00
3.896667e+01	-6.227798e-02	4.921485e+00
39	-6.373853e-02	4.913820e+00
3.903333e+01	-6.507216e-02	4.906820e+00
3.906667e+01	-6.610169e-02	4.901417e+00
3.910000e+01	-6.664333e-02	4.898574e+00
3.913333e+01	-6.669485e-02	4.898304e+00
3.916667e+01	-6.648200e-02	4.899421e+00
3.920000e+01	-6.628572e-02	4.900451e+00
3.923333e+01	-6.624555e-02	4.900662e+00
3.926667e+01	-6.652468e-02	4.899197e+00
3.930000e+01	-6.795091e-02	4.891712e+00
3.933333e+01	-7.188290e-02	4.871075e+00
3.936667e+01	-7.833808e-02	4.837196e+00
3.940000e+01	-8.481096e-02	4.803224e+00
3.943333e+01	-8.826261e-02	4.785109e+00
3.946667e+01	-8.800045e-02	4.786485e+00
3.950000e+01	-8.592550e-02	4.797375e+00
3.953333e+01	-8.439411e-02	4.805412e+00
3.956667e+01	-8.433906e-02	4.805701e+00
3.960000e+01	-8.516248e-02	4.801380e+00
3.963333e+01	-8.584163e-02	4.797815e+00
3.966667e+01	-8.590357e-02	4.797490e+00
3.970000e+01	-8.556158e-02	4.799285e+00
3.973333e+01	-8.525657e-02	4.800886e+00
3.976667e+01	-8.521361e-02	4.801111e+00
3.980000e+01	-8.535588e-02	4.800365e+00
3.983333e+01	-8.549289e-02	4.799645e+00
3.986667e+01	-8.551876e-02	4.799510e+00
3.990000e+01	-8.546000e-02	4.799818e+00
3.993333e+01	-8.539871e-02	4.800140e+00
3.996667e+01	-8.538430e-02	4.800215e+00
40	-8.540835e-02	4.800089e+00
4.003333e+01	-8.543565e-02	4.799946e+00
4.006667e+01	-8.544329e-02	4.799906e+00
4.010000e+01	-8.543354e-02	4.799957e+00
4.013333e+01	-8.542144e-02	4.800020e+00
4.016667e+01	-8.541753e-02	4.800041e+00
4.020000e+01	-8.542143e-02	4.800021e+00
4.023333e+01	-8.542677e-02	4.799993e+00
4.026667e+01	-8.542873e-02	4.799982e+00
4.030000e+01	-8.542719e-02	4.799990e+00
4.033333e+01	-8.542484e-02	4.800003e+00
4.036667e+01	-8.542388e-02	4.800008e+00
4.040000e+01	-8.542448e-02	4.800005e+00
4.043333e+01	-8.542550e-02	4.799999e+00
4.046667e+01	-8.542597e-02	4.799997e+00
4.050000e+01	-8.542574e-02	4.799998e+00
4.053333e+01	-8.542529e-02	4.800000e+00
4.056667e+01	-8.542507e-02	4.800001e+00
4.060000e+01	-8.542515e-02	4.800001e+00
4.063333e+01	-8.542535e-02	4.800000e+00
4.066667e+01	-8.542545e-02	4.799999e+00
4.070000e+01	-8.542542e-02	4.800000e+00
4.073333e+01	-8.542534e-02	4.800000e+00
4.076667e+01	-8.542529e-02	4.800000e+00
4.080000e+01	-8.542530e-02	4.800000e+00
4.083333e+01	-8.542534e-02	4.800000e+00
4.086667e+01	-8.542536e-02	4.800000e+00
4.090000e+01	-8.542536e-02	4.800000e+00
4.093333e+01	-8.542534e-02	4.800000e+00
4.096667e+01	-8.542533e-02	4.800000e+00
41	-8.542533e-02	4.800000e+00
4.103333e+01	-8.542534e-02	4.800000e+00
4.106667e+01	-8.542534e-02	4.800000e+00
4.110000e+01	-8.542534e-02	4.800000e+00
4.113333e+01	-8.542534e-02	4.800000e+00
4.116667e+01	-8.542534e-02	4.800000e+00
4.120000e+01	-8.542534e-02	4.800000e+00
4.123333e+01	-8.542534e-02	4.800000e+00
4.126667e+01	-8.542534e-02	4.800000e+00
4.130000e+01	-8.542534e-02	4.800000e+00
4.133333e+01	-8.542534e-02	4.800000e+00
4.136667e+01	-8.542534e-02	4.800000e+00
4.140000e+01	-8.542534e-02	4.800000e+00
4.143333e+01	-8.542534e-02	4.800000e+00
4.146667e+01	-8.542534e-02	4.800000e+00
4.150000e+01	-8.542534e-02	4.800000e+00
4.153333e+01	-8.542534e-02	4.800000e+00
4.156667e+01	-8.542534e-02	4.800000e+00
4.160000e+01	-8.542534e-02	4.800000e+00
4.163333e+01	-8.542534e-02	4.800000e+00
4.166667e+01	-8.542534e-02	4.800000e+00
4.170000e+01	-8.542534e-02	4.800000e+00
4.173333e+01	-8.542534e-02	4.800000e+00
4.176667e+01	-8.542534e-02	4.800000e+00
4.180000e+01	-8.542534e-02	4.800000e+00
4.183333e+01	-8.542534e-02	4.800000e+00
4.186667e+01	-8.562754e-02	4.798939e+00
4.190000e+01	-8.697109e-02	4.791887e+00
4.193333e+01	-9.088219e-02	4.771361e+00
4.196667e+01	-9.736835e-02	4.737319e+00
42	-1.038776e-01	4.703156e+00
4.203333e+01	-1.071378e-01	4.686046e+00
4.206667e+01	-1.055195e-01	4.694539e+00
4.210000e+01	-9.951741e-02	4.726040e+00
4.213333e+01	-9.149442e-02	4.768147e+00
4.216667e+01	-8.493514e-02	4.802573e+00
4.220000e+01	-8.230325e-02	4.816386e+00
4.223333e+01	-8.325979e-02	4.811366e+00
4.226667e+01	-8.541079e-02	4.800076e+00
4.230000e+01	-8.660251e-02	4.793822e+00
4.233333e+01	-8.634624e-02	4.795167e+00
4.236667e+01	-8.547354e-02	4.799747e+00
4.240000e+01	-8.493531e-02	4.802572e+00
4.243333e+01	-8.501298e-02	4.802164e+00
4.246667e+01	-8.538367e-02	4.800219e+00
4.250000e+01	-8.563065e-02	4.798922e+00
4.253333e+01	-8.561126e-02	4.799024e+00
4.256667e+01	-8.545332e-02	4.799853e+00
4.260000e+01	-8.533998e-02	4.800448e+00
4.263333e+01	-8.534184e-02	4.800438e+00
4.266667e+01	-8.540879e-02	4.800087e+00
4.270000e+01	-8.546053e-02	4.799815e+00
4.273333e+01	-8.546266e-02	4.799804e+00
4.276667e+01	-8.543445e-02	4.799952e+00
4.280000e+01	-8.541096e-02	4.800075e+00
4.283333e+01	-8.540873e-02	4.800087e+00
4.286667e+01	-8.542055e-02	4.800025e+00
4.290000e+01	-8.563335e-02	4.798908e+00
4.293333e+01	-8.697845e-02	4.791849e+00
4.296667e+01	-9.088464e-02	4.771348e+00
43	-9.736603e-02	4.737331e+00
4.303333e+01	-1.038743e-01	4.703173e+00
4.306667e+01	-1.073388e-01	4.684991e+00
4.310000e+01	-1.070662e-01	4.686421e+00
4.313333e+01	-1.049757e-01	4.697393e+00
4.316667e+01	-1.034380e-01	4.705463e+00
4.320000e+01	-1.033870e-01	4.705731e+00
4.323333e+01	-1.042173e-01	4.701374e+00
4.326667e+01	-1.048994e-01	4.697793e+00
4.330000e+01	-1.049598e-01	4.697476e+00
4.333333e+01	-1.046149e-01	4.699287e+00
4.336667e+01	-1.043084e-01	4.700895e+00
4.340000e+01	-1.042660e-01	4.701118e+00
4.343333e+01	-1.044096e-01	4.700364e+00
4.346667e+01	-1.045473e-01	4.699641e+00
4.350000e+01	-1.045730e-01	4.699507e+00
4.353333e+01	-1.045136e-01	4.699818e+00
4.356667e+01	-1.044520e-01	4.700141e+00
4.360000e+01	-1.044377e-01	4.700217e+00
4.363333e+01	-1.044620e-01	4.700089e+00
4.366667e+01	-1.044894e-01	4.699945e+00
4.370000e+01	-1.044970e-01	4.699905e+00
4.373333e+01	-1.044872e-01	4.699957e+00
4.376667e+01	-1.044750e-01	4.700021e+00
4.380000e+01	-1.044711e-01	4.700041e+00
4.383333e+01	-1.044751e-01	4.700021e+00
4.386667e+01	-1.044804e-01	4.699992e+00
4.390000e+01	-1.044824e-01	4.699982e+00
4.393333e+01	-1.044808e-01	4.699990e+00
4.396667e+01	-1.044785e-01	4.700003e+00
44	-1.044775e-01	4.700008e+00
4.403333e+01	-1.044781e-01	4.700005e+00
4.406667e+01	-1.044791e-01	4.699999e+00
4.410000e+01	-1.044796e-01	4.699997e+00
4.413333e+01	-1.044794e-01	4.699998e+00
4.416667e+01	-1.044789e-01	4.700000e+00
4.420000e+01	-1.044787e-01	4.700001e+00
4.423333e+01	-1.044788e-01	4.700001e+00
4.426667e+01	-1.044790e-01	4.700000e+00
4.430000e+01	-1.044791e-01	4.699999e+00
4.433333e+01	-1.044791e-01	4.700000e+00
4.436667e+01	-1.044790e-01	4.700000e+00
4.440000e+01	-1.044789e-01	4.700000e+00
4.443333e+01	-1.044789e-01	4.700000e+00
4.446667e+01	-1.044790e-01	4.700000e+00
4.450000e+01	-1.044790e-01	4.700000e+00
4.453333e+01	-1.044646e-01	4.700076e+00
4.456667e+01	-1.043541e-01	4.700655e+00
4.460000e+01	-1.039643e-01	4.702701e+00
4.463333e+01	-1.031113e-01	4.707178e+00
4.466667e+01	-1.017933e-01	4.714096e+00
4.470000e+01	-1.002279e-01	4.722311e+00
4.473333e+01	-9.868222e-02	4.730423e+00
4.476667e+01	-9.728587e-02	4.737752e+00
4.480000e+01	-9.599929e-02	4.744504e+00
4.483333e+01	-9.471628e-02	4.751238e+00
4.486667e+01	-9.337396e-02	4.758283e+00
4.490000e+01	-9.198293e-02	4.765584e+00
4.493333e+01	-9.060206e-02	4.772831e+00
4.496667e+01	-8.934181e-02	4.779445e+00
45	-8.855612e-02	4.783569e+00
4.503333e+01	-8.921504e-02	4.780110e+00
4.506667e+01	-9.252941e-02	4.762715e+00
4.510000e+01	-9.808625e-02	4.733551e+00
4.513333e+01	-1.025001e-01	4.710386e+00
4.516667e+01	-1.015896e-01	4.715164e+00
4.520000e+01	-9.479555e-02	4.750822e+00
4.523333e+01	-8.641899e-02	4.794785e+00
4.526667e+01	-8.162189e-02	4.819962e+00
4.530000e+01	-8.188297e-02	4.818592e+00
4.533333e+01	-8.471890e-02	4.803708e+00
4.536667e+01	-8.684928e-02	4.792527e+00
4.540000e+01	-8.693884e-02	4.792057e+00
4.543333e+01	-8.579788e-02	4.798045e+00
4.546667e+01	-8.484879e-02	4.803026e+00
4.550000e+01	-8.475742e-02	4.803505e+00
4.553333e+01	-8.523211e-02	4.801014e+00
4.556667e+01	-8.565876e-02	4.798775e+00
4.560000e+01	-8.572100e-02	4.798448e+00
4.563333e+01	-8.552365e-02	4.799484e+00
4.566667e+01	-8.533206e-02	4.800490e+00
4.570000e+01	-8.509276e-02	4.801746e+00
4.573333e+01	-8.383062e-02	4.808370e+00
4.576667e+01	-8.000519e-02	4.828447e+00
4.580000e+01	-7.353958e-02	4.862381e+00
4.583333e+01	-6.699705e-02	4.896718e+00
4.586667e+01	-6.349653e-02	4.915090e+00
4.590000e+01	-6.374481e-02	4.913787e+00
4.593333e+01	-6.574597e-02	4.903284e+00
4.596667e+01	-6.698328e-02	4.896790e+00
46	-6.642104e-02	4.899741e+00
4.603333e+01	-6.466468e-02	4.908959e+00
4.606667e+01	-6.279034e-02	4.918796e+00
4.610000e+01	-6.132932e-02	4.926464e+00
4.613333e+01	-6.015166e-02	4.932645e+00
4.616667e+01	-5.891487e-02	4.939136e+00
4.620000e+01	-5.745851e-02	4.946779e+00
4.623333e+01	-5.586463e-02	4.955145e+00
4.626667e+01	-5.429141e-02	4.963402e+00
4.630000e+01	-5.281498e-02	4.971150e+00
4.633333e+01	-5.140315e-02	4.978560e+00
4.636667e+01	-5.000184e-02	4.985915e+00
4.640000e+01	-4.846031e-02	4.994005e+00
4.643333e+01	-4.604851e-02	5.006663e+00
4.646667e+01	-4.156852e-02	5.030176e+00
4.650000e+01	-3.503171e-02	5.064483e+00
4.653333e+01	-2.875176e-02	5.097442e+00
4.656667e+01	-2.570031e-02	5.113457e+00
4.660000e+01	-2.735906e-02	5.104752e+00
4.663333e+01	-3.327731e-02	5.073691e+00
4.666667e+01	-4.141416e-02	5.030986e+00
4.670000e+01	-4.929566e-02	4.989621e+00
4.673333e+01	-5.587253e-02	4.955103e+00
4.676667e+01	-6.144106e-02	4.925878e+00
4.680000e+01	-6.581036e-02	4.902946e+00
4.683333e+01	-6.806729e-02	4.891101e+00
4.686667e+01	-6.800469e-02	4.891430e+00
4.690000e+01	-6.657462e-02	4.898935e+00
4.693333e+01	-6.485393e-02	4.907966e+00
4.696667e+01	-6.314141e-02	4.916954e+00
47	-6.114374e-02	4.927438e+00
4.703333e+01	-5.865450e-02	4.940503e+00
4.706667e+01	-5.584521e-02	4.955247e+00
4.710000e+01	-5.305013e-02	4.969916e+00
4.713333e+01	-5.045637e-02	4.983529e+00
4.716667e+01	-4.801883e-02	4.996322e+00
4.720000e+01	-4.559051e-02	5.009067e+00
4.723333e+01	-4.307951e-02	5.022245e+00
4.726667e+01	-4.049774e-02	5.035795e+00
4.730000e+01	-3.790772e-02	5.049389e+00
4.733333e+01	-3.535200e-02	5.062802e+00
4.736667e+01	-3.285507e-02	5.075907e+00
4.740000e+01	-3.054256e-02	5.088044e+00
4.743333e+01	-2.873733e-02	5.097518e+00
4.746667e+01	-2.758046e-02	5.103590e+00
4.750000e+01	-2.614709e-02	5.111112e+00
4.753333e+01	-2.261366e-02	5.129657e+00
4.756667e+01	-1.627272e-02	5.162937e+00
4.760000e+01	-8.490197e-03	5.203782e+00
4.763333e+01	-9.796773e-04	5.243200e+00
4.766667e+01	5.378332e-03	5.276569e+00
4.770000e+01	9.833186e-03	5.299949e+00
4.773333e+01	1.170353e-02	5.309765e+00
4.776667e+01	1.131433e-02	5.307723e+00
4.780000e+01	1.003492e-02	5.301008e+00
4.783333e+01	9.202291e-03	5.296638e+00
4.786667e+01	9.240728e-03	5.296840e+00
4.790000e+01	9.937905e-03	5.300499e+00
4.793333e+01	1.164807e-02	5.309474e+00
4.796667e+01	1.556438e-02	5.330028e+00
48	2.184430e-02	5.362988e+00
4.803333e+01	2.818835e-02	5.396283e+00
4.806667e+01	3.163963e-02	5.414397e+00
4.810000e+01	3.145157e-02	5.413410e+00
4.813333e+01	2.943524e-02	5.402828e+00
4.816667e+01	2.790728e-02	5.394808e+00
4.820000e+01	2.782106e-02	5.394356e+00
4.823333e+01	2.841572e-02	5.397477e+00
4.826667e+01	2.774836e-02	5.393974e+00
4.830000e+01	2.391222e-02	5.373841e+00
4.833333e+01	1.709605e-02	5.338067e+00
4.836667e+01	1.028374e-02	5.302314e+00
4.840000e+01	6.772987e-03	5.283888e+00
4.843333e+01	7.184569e-03	5.286048e+00
4.846667e+01	9.411489e-03	5.297736e+00
4.850000e+01	1.097640e-02	5.305949e+00
4.853333e+01	1.097011e-02	5.305916e+00
4.856667e+01	1.007892e-02	5.301239e+00
4.860000e+01	9.381749e-03	5.297580e+00
4.863333e+01	9.344755e-03	5.297386e+00
4.866667e+01	9.716836e-03	5.299339e+00
4.870000e+01	1.003117e-02	5.300988e+00
4.873333e+01	1.006410e-02	5.301161e+00
4.876667e+01	9.908526e-03	5.300345e+00
4.880000e+01	9.766820e-03	5.299601e+00
4.883333e+01	9.744932e-03	5.299486e+00
4.886667e+01	1.001173e-02	5.300886e+00
4.890000e+01	1.141891e-02	5.308272e+00
4.893333e+01	1.534286e-02	5.328866e+00
4.896667e+01	2.180240e-02	5.362768e+00
49	2.828321e-02	5.396781e+00
4.903333e+01	3.173855e-02	5.414916e+00
4.906667e+01	3.147474e-02	5.413531e+00
4.910000e+01	2.939635e-02	5.402623e+00
4.913333e+01	2.786322e-02	5.394577e+00
4.916667e+01	2.780877e-02	5.394291e+00
4.920000e+01	2.863368e-02	5.398621e+00
4.923333e+01	2.931365e-02	5.402189e+00
4.926667e+01	2.937538e-02	5.402513e+00
4.930000e+01	2.903275e-02	5.400715e+00
4.933333e+01	2.872735e-02	5.399112e+00
4.936667e+01	2.868446e-02	5.398887e+00
4.940000e+01	2.882701e-02	5.399635e+00
4.943333e+01	2.896420e-02	5.400355e+00
4.946667e+01	2.899005e-02	5.400491e+00
4.950000e+01	2.893117e-02	5.400182e+00
4.953333e+01	2.886980e-02	5.399860e+00
4.956667e+01	2.885540e-02	5.399784e+00
4.960000e+01	2.908169e-02	5.400972e+00
4.963333e+01	3.045258e-02	5.408167e+00
4.966667e+01	3.437132e-02	5.428734e+00
4.970000e+01	4.084771e-02	5.462724e+00
4.973333e+01	4.734482e-02	5.496823e+00
4.976667e+01	5.080330e-02	5.514974e+00
4.980000e+01	5.053253e-02	5.513553e+00
4.983333e+01	4.844685e-02	5.502607e+00
4.986667e+01	4.691198e-02	5.494551e+00
4.990000e+01	4.686038e-02	5.494281e+00
4.993333e+01	4.768853e-02	5.498627e+00
4.996667e+01	4.836943e-02	5.502201e+00
50	4.843000e-02	5.502519e+00
5.003333e+01	4.808593e-02	5.500713e+00
5.006667e+01	4.779562e-02	5.499189e+00
5.010000e+01	4.787209e-02	5.499590e+00
5.013333e+01	4.843503e-02	5.502545e+00
5.016667e+01	4.949115e-02	5.508088e+00
5.020000e+01	5.093622e-02	5.515672e+00
5.023333e+01	5.256281e-02	5.524209e+00
5.026667e+01	5.416593e-02	5.532623e+00
5.030000e+01	5.565536e-02	5.540440e+00
5.033333e+01	5.706513e-02	5.547839e+00
5.036667e+01	5.847421e-02	5.555234e+00
5.040000e+01	5.992740e-02	5.562861e+00
5.043333e+01	6.140006e-02	5.570590e+00
5.046667e+01	6.278721e-02	5.577870e+00
5.050000e+01	6.395855e-02	5.584018e+00
5.053333e+01	6.490053e-02	5.588961e+00
5.056667e+01	6.573556e-02	5.593344e+00
5.060000e+01	6.651176e-02	5.597418e+00
5.063333e+01	6.708356e-02	5.600419e+00
5.066667e+01	6.729554e-02	5.601531e+00
5.070000e+01	6.719539e-02	5.601006e+00
5.073333e+01	6.699882e-02	5.599974e+00
5.076667e+01	6.689469e-02	5.599428e+00
5.080000e+01	6.712371e-02	5.600629e+00
5.083333e+01	6.854720e-02	5.608100e+00
5.086667e+01	7.250587e-02	5.628877e+00
5.090000e+01	7.898364e-02	5.662874e+00
5.093333e+01	8.545891e-02	5.696859e+00
5.096667e+01	8.889941e-02	5.714916e+00
51	8.862707e-02	5.713486e+00
5.103333e+01	8.655054e-02	5.702588e+00
5.106667e+01	8.502378e-02	5.694575e+00
5.110000e+01	8.497330e-02	5.694310e+00
5.113333e+01	8.579764e-02	5.698637e+00
5.116667e+01	8.647489e-02	5.702191e+00
5.120000e+01	8.653479e-02	5.702505e+00
5.123333e+01	8.619229e-02	5.700708e+00
5.126667e+01	8.588805e-02	5.699111e+00
5.130000e+01	8.584600e-02	5.698890e+00
5.133333e+01	8.598855e-02	5.699639e+00
5.136667e+01	8.612524e-02	5.700356e+00
5.140000e+01	8.615071e-02	5.700490e+00
5.143333e+01	8.609181e-02	5.700181e+00
5.146667e+01	8.603065e-02	5.699860e+00
5.150000e+01	8.601642e-02	5.699785e+00
5.153333e+01	8.604053e-02	5.699911e+00
5.156667e+01	8.606778e-02	5.700054e+00
5.160000e+01	8.607534e-02	5.700094e+00
5.163333e+01	8.606556e-02	5.700043e+00
5.166667e+01	8.605348e-02	5.699979e+00
5.170000e+01	8.604960e-02	5.699959e+00
5.173333e+01	8.605352e-02	5.699980e+00
5.176667e+01	8.605885e-02	5.700008e+00
5.180000e+01	8.606080e-02	5.700018e+00
5.183333e+01	8.605925e-02	5.700010e+00
5.186667e+01	8.605690e-02	5.699997e+00
5.190000e+01	8.605595e-02	5.699992e+00
5.193333e+01	8.605655e-02	5.699995e+00
5.196667e+01	8.605758e-02	5.700001e+00
52	8.605804e-02	5.700003e+00
5.203333e+01	8.605781e-02	5.700002e+00
5.206667e+01	8.605736e-02	5.700000e+00
5.210000e+01	8.605714e-02	5.699999e+00
5.213333e+01	8.605723e-02	5.699999e+00
5.216667e+01	8.605742e-02	5.700000e+00
5.220000e+01	8.605752e-02	5.700001e+00
5.223333e+01	8.605749e-02	5.700000e+00
5.226667e+01	8.605741e-02	5.700000e+00
5.230000e+01	8.605736e-02	5.700000e+00
5.233333e+01	8.605737e-02	5.700000e+00
5.236667e+01	8.605741e-02	5.700000e+00
5.240000e+01	8.605743e-02	5.700000e+00
5.243333e+01	8.605743e-02	5.700000e+00
5.246667e+01	8.605741e-02	5.700000e+00
5.250000e+01	8.605740e-02	5.700000e+00
5.253333e+01	8.605740e-02	5.700000e+00
5.256667e+01	8.605741e-02	5.700000e+00
5.260000e+01	8.605741e-02	5.700000e+00
5.263333e+01	8.605741e-02	5.700000e+00
5.266667e+01	8.605741e-02	5.700000e+00
5.270000e+01	8.605741e-02	5.700000e+00
5.273333e+01	8.605741e-02	5.700000e+00
5.276667e+01	8.605741e-02	5.700000e+00
5.280000e+01	8.605741e-02	5.700000e+00
5.283333e+01	8.605741e-02	5.700000e+00
5.286667e+01	8.605741e-02	5.700000e+00
5.290000e+01	8.605741e-02	5.700000e+00
5.293333e+01	8.605741e-02	5.700000e+00
5.296667e+01	8.605741e-02	5.700000e+00
53	8.605741e-02	5.700000e+00
5.303333e+01	8.605741e-02	5.700000e+00
5.306667e+01	8.605741e-02	5.700000e+00
5.310000e+01	8.605741e-02	5.700000e+00
5.313333e+01	8.605741e-02	5.700000e+00
5.316667e+01	8.605741e-02	5.700000e+00
5.320000e+01	8.605741e-02	5.700000e+00
5.323333e+01	8.605741e-02	5.700000e+00
5.326667e+01	8.605741e-02	5.700000e+00
5.330000e+01	8.605741e-02	5.700000e+00
5.333333e+01	8.605741e-02	5.700000e+00
5.336667e+01	8.605741e-02	5.700000e+00
5.340000e+01	8.605741e-02	5.700000e+00
5.343333e+01	8.605741e-02	5.700000e+00
5.346667e+01	8.605741e-02	5.700000e+00
5.350000e+01	8.605741e-02	5.700000e+00
5.353333e+01	8.605741e-02	5.700000e+00
5.356667e+01	8.605741e-02	5.700000e+00
5.360000e+01	8.605741e-02	5.700000e+00
5.363333e+01	8.605741e-02	5.700000e+00
5.366667e+01	8.605741e-02	5.700000e+00
5.370000e+01	8.605741e-02	5.700000e+00
5.373333e+01	8.605741e-02	5.700000e+00
5.376667e+01	8.605741e-02	5.700000e+00
5.380000e+01	8.605741e-02	5.700000e+00
5.383333e+01	8.605741e-02	5.700000e+00
5.386667e+01	8.605741e-02	5.700000e+00
5.390000e+01	8.605741e-02	5.700000e+00
5.393333e+01	8.605741e-02	5.700000e+00
5.396667e+01	8.605741e-02	5.700000e+00
54	8.605741e-02	5.700000e+00
5.403333e+01	8.605741e-02	5.700000e+00
5.406667e+01	8.605741e-02	5.700000e+00
5.410000e+01	8.585521e-02	5.698939e+00
5.413333e+01	8.451165e-02	5.691887e+00
5.416667e+01	8.060055e-02	5.671361e+00
5.420000e+01	7.411440e-02	5.637319e+00
5.423333e+01	6.760517e-02	5.603156e+00
5.426667e+01	6.414278e-02	5.584985e+00
5.430000e+01	6.441746e-02	5.586426e+00
5.433333e+01	6.650849e-02	5.597401e+00
5.436667e+01	6.784312e-02	5.604405e+00
5.440000e+01	6.654962e-02	5.597616e+00
5.443333e+01	6.180801e-02	5.572731e+00
5.446667e+01	5.464000e-02	5.535111e+00
5.450000e+01	4.807080e-02	5.500633e+00
5.453333e+01	4.495351e-02	5.484273e+00
5.456667e+01	4.553452e-02	5.487322e+00
5.460000e+01	4.766775e-02	5.498518e+00
5.463333e+01	4.906094e-02	5.505830e+00
5.466667e+01	4.897336e-02	5.505370e+00
5.470000e+01	4.811727e-02	5.500877e+00
5.473333e+01	4.749476e-02	5.497610e+00
5.476667e+01	4.749638e-02	5.497619e+00
5.480000e+01	4.785579e-02	5.499505e+00
5.483333e+01	4.813781e-02	5.500985e+00
5.486667e+01	4.815257e-02	5.501062e+00
5.490000e+01	4.800134e-02	5.500269e+00
5.493333e+01	4.787355e-02	5.499598e+00
5.496667e+01	4.786013e-02	5.499528e+00
55	4.792338e-02	5.499860e+00
5.503333e+01	4.818323e-02	5.501223e+00
5.506667e+01	4.953572e-02	5.508322e+00
5.510000e+01	5.342056e-02	5.528711e+00
5.513333e+01	5.988084e-02	5.562616e+00
5.516667e+01	6.638482e-02	5.596752e+00
5.520000e+01	6.985803e-02	5.614980e+00
5.523333e+01	6.959491e-02	5.613599e+00
5.526667e+01	6.750675e-02	5.602640e+00
5.530000e+01	6.596551e-02	5.594551e+00
5.533333e+01	6.591031e-02	5.594261e+00
5.536667e+01	6.653711e-02	5.597551e+00
5.540000e+01	6.587719e-02	5.594087e+00
5.543333e+01	6.202835e-02	5.573887e+00
5.546667e+01	5.519785e-02	5.538039e+00
5.550000e+01	4.838158e-02	5.502264e+00
5.553333e+01	4.487599e-02	5.483866e+00
5.556667e+01	4.526504e-02	5.485908e+00
5.560000e+01	4.727317e-02	5.496447e+00
5.563333e+01	4.805646e-02	5.500558e+00
5.566667e+01	4.634122e-02	5.491556e+00
5.570000e+01	4.281298e-02	5.473038e+00
5.573333e+01	3.898596e-02	5.452953e+00
5.576667e+01	3.585878e-02	5.436540e+00
5.580000e+01	3.343866e-02	5.423839e+00
5.583333e+01	3.117952e-02	5.411982e+00
5.586667e+01	2.864590e-02	5.398685e+00
5.590000e+01	2.580544e-02	5.383777e+00
5.593333e+01	2.288180e-02	5.368433e+00
5.596667e+01	2.006952e-02	5.353673e+00
56	1.739292e-02	5.339625e+00
5.603333e+01	1.458561e-02	5.324892e+00
5.606667e+01	1.078409e-02	5.304940e+00
5.610000e+01	4.913822e-03	5.274131e+00
5.613333e+01	-2.626313e-03	5.234558e+00
5.616667e+01	-9.241877e-03	5.199837e+00
5.620000e+01	-1.228961e-02	5.183841e+00
5.623333e+01	-1.162897e-02	5.187309e+00
5.626667e+01	-9.457610e-03	5.198705e+00
5.630000e+01	-8.071550e-03	5.205979e+00
5.633333e+01	-8.184524e-03	5.205386e+00
5.636667e+01	-9.056779e-03	5.200808e+00
5.640000e+01	-9.677944e-03	5.197548e+00
5.643333e+01	-9.666212e-03	5.197610e+00
5.646667e+01	-9.299677e-03	5.199533e+00
5.650000e+01	-9.017864e-03	5.201013e+00
5.653333e+01	-9.007367e-03	5.201068e+00
5.656667e+01	-9.161838e-03	5.200257e+00
5.660000e+01	-9.289712e-03	5.199586e+00
5.663333e+01	-9.301326e-03	5.199525e+00
5.666667e+01	-9.236605e-03	5.199864e+00
5.670000e+01	-9.178840e-03	5.200168e+00
5.673333e+01	-9.170666e-03	5.200211e+00
5.676667e+01	-9.197592e-03	5.200069e+00
5.680000e+01	-9.223556e-03	5.199933e+00
5.683333e+01	-9.228482e-03	5.199907e+00
5.686667e+01	-9.217367e-03	5.199965e+00
5.690000e+01	-9.205752e-03	5.200026e+00
5.693333e+01	-9.203011e-03	5.200041e+00
5.696667e+01	-9.207560e-03	5.200017e+00
57	-9.212732e-03	5.199990e+00
5.703333e+01	-9.214184e-03	5.199982e+00
5.706667e+01	-9.212341e-03	5.199992e+00
5.710000e+01	-9.210048e-03	5.200004e+00
5.713333e+01	-9.209304e-03	5.200008e+00
5.716667e+01	-9.210042e-03	5.200004e+00
5.720000e+01	-9.211054e-03	5.199999e+00
5.723333e+01	-9.211426e-03	5.199997e+00
5.726667e+01	-9.211135e-03	5.199998e+00
5.730000e+01	-9.210690e-03	5.200000e+00
5.733333e+01	-9.210508e-03	5.200001e+00
5.736667e+01	-9.210621e-03	5.200001e+00
5.740000e+01	-9.210815e-03	5.200000e+00
5.743333e+01	-9.210903e-03	5.199999e+00
5.746667e+01	-9.210860e-03	5.200000e+00
5.750000e+01	-9.008580e-03	5.201061e+00
5.753333e+01	-7.664979e-03	5.208113e+00
5.756667e+01	-3.753894e-03	5.228640e+00
5.760000e+01	2.732227e-03	5.262681e+00
5.763333e+01	9.241434e-03	5.296844e+00
5.766667e+01	1.270383e-02	5.315015e+00
5.770000e+01	1.241361e-02	5.313492e+00
5.773333e+01	1.020369e-02	5.301894e+00
5.776667e+01	8.247102e-03	5.291625e+00
5.780000e+01	7.278343e-03	5.286541e+00
5.783333e+01	6.689439e-03	5.283450e+00
5.786667e+01	5.685556e-03	5.278181e+00
5.790000e+01	4.080925e-03	5.269759e+00
5.793333e+01	2.232060e-03	5.260056e+00
5.796667e+01	5.401846e-04	5.251176e+00
58	-8.837139e-04	5.243703e+00
5.803333e+01	-2.185662e-03	5.236870e+00
5.806667e+01	-3.546048e-03	5.229730e+00
5.810000e+01	-5.023109e-03	5.221978e+00
5.813333e+01	-6.542999e-03	5.214001e+00
5.816667e+01	-7.938225e-03	5.206679e+00
5.820000e+01	-8.982057e-03	5.201200e+00
5.823333e+01	-9.499394e-03	5.198485e+00
5.826667e+01	-9.523478e-03	5.198359e+00
5.830000e+01	-9.303027e-03	5.199516e+00
5.833333e+01	-9.116598e-03	5.200494e+00
5.836667e+01	-9.088591e-03	5.200641e+00
5.840000e+01	-9.169438e-03	5.200217e+00
5.843333e+01	-9.248152e-03	5.199804e+00
5.846667e+01	-9.263669e-03	5.199722e+00
5.850000e+01	-9.230737e-03	5.199895e+00
5.853333e+01	-9.195949e-03	5.200078e+00
5.856667e+01	-9.187573e-03	5.200122e+00
5.860000e+01	-9.201059e-03	5.200051e+00
5.863333e+01	-9.216528e-03	5.199970e+00
5.866667e+01	-9.220935e-03	5.199947e+00
5.870000e+01	-9.215473e-03	5.199975e+00
5.873333e+01	-9.208618e-03	5.200011e+00
5.876667e+01	-9.206366e-03	5.200023e+00
5.880000e+01	-9.208551e-03	5.200012e+00
5.883333e+01	-9.211575e-03	5.199996e+00
5.886667e+01	-9.212699e-03	5.199990e+00
5.890000e+01	-9.211838e-03	5.199994e+00
5.893333e+01	-9.210509e-03	5.200001e+00
5.896667e+01	-9.209959e-03	5.200004e+00
59	-9.008096e-03	5.201064e+00
5.903333e+01	-7.665118e-03	5.208112e+00
5.906667e+01	-3.754284e-03	5.228638e+00
5.910000e+01	2.732000e-03	5.262680e+00
5.913333e+01	9.241480e-03	5.296844e+00
5.916667e+01	1.270400e-02	5.315016e+00
5.920000e+01	1.242927e-02	5.313574e+00
5.923333e+01	1.033813e-02	5.302599e+00
5.926667e+01	8.801246e-03	5.294533e+00
5.930000e+01	8.751203e-03	5.294271e+00
5.933333e+01	9.581754e-03	5.298630e+00
5.936667e+01	1.026364e-02	5.302208e+00
5.940000e+01	1.032361e-02	5.302523e+00
5.943333e+01	9.978487e-03	5.300712e+00
5.946667e+01	9.672145e-03	5.299104e+00
5.950000e+01	9.629944e-03	5.298883e+00
5.953333e+01	9.773585e-03	5.299636e+00
5.956667e+01	9.911236e-03	5.300359e+00
5.960000e+01	9.936819e-03	5.300493e+00
5.963333e+01	9.877468e-03	5.300182e+00
5.966667e+01	9.815870e-03	5.299858e+00
5.970000e+01	9.801567e-03	5.299783e+00
5.973333e+01	9.825875e-03	5.299911e+00
5.976667e+01	9.853314e-03	5.300055e+00
5.980000e+01	9.860916e-03	5.300095e+00
5.983333e+01	9.851060e-03	5.300043e+00
5.986667e+01	9.838892e-03	5.299979e+00
5.990000e+01	9.834988e-03	5.299959e+00
5.993333e+01	9.838938e-03	5.299979e+00
5.996667e+01	9.844310e-03	5.300008e+00
60	9.846265e-03	5.300018e+00
6.003333e+01	9.844704e-03	5.300010e+00
6.006667e+01	9.842343e-03	5.299997e+00
6.010000e+01	9.841382e-03	5.299992e+00
6.013333e+01	9.639793e-03	5.298934e+00
6.016667e+01	8.297267e-03	5.291888e+00
6.020000e+01	4.386632e-03	5.271364e+00
6.023333e+01	-2.099756e-03	5.237321e+00
6.026667e+01	-8.609434e-03	5.203156e+00
6.030000e+01	-1.207204e-02	5.184983e+00
6.033333e+01	-1.179728e-02	5.186425e+00
6.036667e+01	-9.706056e-03	5.197401e+00
6.040000e+01	-8.169125e-03	5.205467e+00
6.043333e+01	-8.119097e-03	5.205730e+00
6.046667e+01	-8.949684e-03	5.201370e+00
6.050000e+01	-9.631591e-03	5.197791e+00
6.053333e+01	-9.691558e-03	5.197477e+00
6.056667e+01	-9.346418e-03	5.199288e+00
6.060000e+01	-9.040066e-03	5.200896e+00
6.063333e+01	-8.997866e-03	5.201117e+00
6.066667e+01	-9.141515e-03	5.200364e+00
6.070000e+01	-9.279170e-03	5.199641e+00
6.073333e+01	-9.304752e-03	5.199507e+00
6.076667e+01	-9.245399e-03	5.199818e+00
6.080000e+01	-9.183798e-03	5.200142e+00
6.083333e+01	-9.169496e-03	5.200217e+00
6.086667e+01	-9.193804e-03	5.200089e+00
6.090000e+01	-9.221244e-03	5.199945e+00
6.093333e+01	-9.228847e-03	5.199905e+00
6.096667e+01	-9.218990e-03	5.199957e+00
61	-9.206822e-03	5.200021e+00
6.103333e+01	-9.202918e-03	5.200041e+00
6.106667e+01	-9.206868e-03	5.200021e+00
6.110000e+01	-9.212240e-03	5.199992e+00
6.113333e+01	-9.214195e-03	5.199982e+00
6.116667e+01	-9.212634e-03	5.199990e+00
6.120000e+01	-9.210273e-03	5.200003e+00
6.123333e+01	-9.209312e-03	5.200008e+00
6.126667e+01	-9.209918e-03	5.200005e+00
6.130000e+01	-9.210952e-03	5.199999e+00
6.133333e+01	-9.211417e-03	5.199997e+00
6.136667e+01	-9.211187e-03	5.199998e+00
6.140000e+01	-9.210736e-03	5.200000e+00
6.143333e+01	-9.210514e-03	5.200001e+00
6.146667e+01	-9.210599e-03	5.200001e+00
6.150000e+01	-9.210794e-03	5.200000e+00
6.153333e+01	-9.210899e-03	5.199999e+00
6.156667e+01	-9.210869e-03	5.200000e+00
6.160000e+01	-9.210785e-03	5.200000e+00
6.163333e+01	-9.210736e-03	5.200000e+00
6.166667e+01	-9.210746e-03	5.200000e+00
6.170000e+01	-9.210782e-03	5.200000e+00
6.173333e+01	-9.210805e-03	5.200000e+00
6.176667e+01	-9.210802e-03	5.200000e+00
6.180000e+01	-9.210786e-03	5.200000e+00
6.183333e+01	-9.210776e-03	5.200000e+00
6.186667e+01	-9.210777e-03	5.200000e+00
6.190000e+01	-9.210783e-03	5.200000e+00
6.193333e+01	-9.210788e-03	5.200000e+00
6.196667e+01	-9.210788e-03	5.200000e+00
62	-9.210785e-03	5.200000e+00
6.203333e+01	-9.210783e-03	5.200000e+00
6.206667e+01	-9.210783e-03	5.200000e+00
6.210000e+01	-9.210784e-03	5.200000e+00
6.213333e+01	-9.210785e-03	5.200000e+00
6.216667e+01	-9.210785e-03	5.200000e+00
6.220000e+01	-9.210785e-03	5.200000e+00
6.223333e+01	-9.210784e-03	5.200000e+00
6.226667e+01	-9.210784e-03	5.200000e+00
6.230000e+01	-9.210784e-03	5.200000e+00
6.233333e+01	-9.210785e-03	5.200000e+00
6.236667e+01	-9.210785e-03	5.200000e+00
6.240000e+01	-9.210784e-03	5.200000e+00
6.243333e+01	-9.210784e-03	5.200000e+00
6.246667e+01	-9.210784e-03	5.200000e+00
6.250000e+01	-9.210784e-03	5.200000e+00
6.253333e+01	-9.210784e-03	5.200000e+00
6.256667e+01	-9.210784e-03	5.200000e+00
6.260000e+01	-9.210784e-03	5.200000e+00
6.263333e+01	-9.210784e-03	5.200000e+00
6.266667e+01	-9.210784e-03	5.200000e+00
6.270000e+01	-9.210784e-03	5.200000e+00
6.273333e+01	-9.210784e-03	5.200000e+00
6.276667e+01	-9.210784e-03	5.200000e+00
6.280000e+01	-9.210784e-03	5.200000e+00
6.283333e+01	-9.210784e-03	5.200000e+00
6.286667e+01	-9.210784e-03	5.200000e+00
6.290000e+01	-9.210784e-03	5.200000e+00
6.293333e+01	-9.210784e-03	5.200000e+00
6.296667e+01	-9.210784e-03	5.200000e+00
63	-9.210784e-03	5.200000e+00
6.303333e+01	-9.210784e-03	5.200000e+00
6.306667e+01	-9.210784e-03	5.200000e+00
6.310000e+01	-9.210784e-03	5.200000e+00
6.313333e+01	-9.210784e-03	5.200000e+00
6.316667e+01	-9.210784e-03	5.200000e+00
6.320000e+01	-9.210784e-03	5.200000e+00
6.323333e+01	-9.210784e-03	5.200000e+00
6.326667e+01	-9.210784e-03	5.200000e+00
6.330000e+01	-9.210784e-03	5.200000e+00
6.333333e+01	-9.210784e-03	5.200000e+00
6.336667e+01	-9.210784e-03	5.200000e+00
6.340000e+01	-9.210784e-03	5.200000e+00
6.343333e+01	-9.210784e-03	5.200000e+00
6.346667e+01	-9.210784e-03	5.200000e+00
6.350000e+01	-9.210784e-03	5.200000e+00
6.353333e+01	-9.210784e-03	5.200000e+00
6.356667e+01	-9.210784e-03	5.200000e+00
6.360000e+01	-9.210784e-03	5.200000e+00
6.363333e+01	-9.210784e-03	5.200000e+00
6.366667e+01	-9.210784e-03	5.200000e+00
6.370000e+01	-9.210784e-03	5.200000e+00
6.373333e+01	-9.210784e-03	5.200000e+00
6.376667e+01	-9.210784e-03	5.200000e+00
6.380000e+01	-9.210784e-03	5.200000e+00
6.383333e+01	-9.210784e-03	5.200000e+00
6.386667e+01	-9.210784e-03	5.200000e+00
6.390000e+01	-9.210784e-03	5.200000e+00
6.393333e+01	-9.210784e-03	5.200000e+00
6.396667e+01	-9.008589e-03	5.201061e+00
64	-7.665030e-03	5.208113e+00
6.403333e+01	-3.753929e-03	5.228639e+00
6.406667e+01	2.530033e-03	5.261620e+00
6.410000e+01	7.695701e-03	5.288731e+00
6.413333e+01	7.246989e-03	5.286376e+00
6.416667e+01	4.861509e-04	5.250893e+00
6.420000e+01	-8.114104e-03	5.205756e+00
6.423333e+01	-1.311332e-02	5.179518e+00
6.426667e+01	-1.288870e-02	5.180697e+00
6.430000e+01	-9.967166e-03	5.196030e+00
6.433333e+01	-7.748483e-03	5.207675e+00
6.436667e+01	-7.638446e-03	5.208252e+00
6.440000e+01	-8.814054e-03	5.202082e+00
6.443333e+01	-9.802240e-03	5.196896e+00
6.446667e+01	-9.904420e-03	5.196360e+00
6.450000e+01	-9.415683e-03	5.198925e+00
6.453333e+01	-8.971709e-03	5.201255e+00
6.456667e+01	-8.701729e-03	5.202672e+00
6.460000e+01	-7.561149e-03	5.208658e+00
6.463333e+01	-3.849289e-03	5.228139e+00
6.466667e+01	2.596984e-03	5.261971e+00
6.470000e+01	9.189863e-03	5.296573e+00
6.473333e+01	1.274129e-02	5.315212e+00
6.476667e+01	1.248851e-02	5.313885e+00
6.480000e+01	1.036332e-02	5.302732e+00
6.483333e+01	8.584694e-03	5.293397e+00
6.486667e+01	7.179570e-03	5.286022e+00
6.490000e+01	4.112778e-03	5.269927e+00
6.493333e+01	-1.673984e-03	5.239556e+00
6.496667e+01	-8.117373e-03	5.205739e+00
65	-1.193038e-02	5.185727e+00
6.503333e+01	-1.196976e-02	5.185520e+00
6.506667e+01	-9.923850e-03	5.196258e+00
6.510000e+01	-8.241224e-03	5.205089e+00
6.513333e+01	-8.050126e-03	5.206092e+00
6.516667e+01	-8.853621e-03	5.201875e+00
6.520000e+01	-9.595661e-03	5.197980e+00
6.523333e+01	-9.718718e-03	5.197334e+00
6.526667e+01	-9.388603e-03	5.199067e+00
6.530000e+01	-9.057653e-03	5.200804e+00
6.533333e+01	-8.987368e-03	5.201173e+00
6.536667e+01	-9.123071e-03	5.200460e+00
6.540000e+01	-9.270686e-03	5.199686e+00
6.543333e+01	-9.308715e-03	5.199486e+00
6.546667e+01	-9.253427e-03	5.199776e+00
6.550000e+01	-9.187842e-03	5.200120e+00
6.553333e+01	-9.168047e-03	5.200224e+00
6.556667e+01	-9.392521e-03	5.199046e+00
6.560000e+01	-1.076509e-02	5.191842e+00
6.563333e+01	-1.468621e-02	5.171263e+00
6.566667e+01	-2.116350e-02	5.137268e+00
6.570000e+01	-2.765995e-02	5.103172e+00
6.573333e+01	-3.111738e-02	5.085027e+00
6.576667e+01	-3.084617e-02	5.086450e+00
6.580000e+01	-2.876075e-02	5.097395e+00
6.583333e+01	-2.722634e-02	5.105448e+00
6.586667e+01	-2.717495e-02	5.105718e+00
6.590000e+01	-2.800300e-02	5.101372e+00
6.593333e+01	-2.868370e-02	5.097799e+00
6.596667e+01	-2.874418e-02	5.097482e+00
66	-2.840013e-02	5.099288e+00
6.603333e+01	-2.809436e-02	5.100893e+00
6.606667e+01	-2.805197e-02	5.101115e+00
6.610000e+01	-2.819515e-02	5.100364e+00
6.613333e+01	-2.833253e-02	5.099643e+00
6.616667e+01	-2.835818e-02	5.099508e+00
6.620000e+01	-2.829903e-02	5.099818e+00
6.623333e+01	-2.823755e-02	5.100141e+00
6.626667e+01	-2.822323e-02	5.100216e+00
6.630000e+01	-2.824745e-02	5.100089e+00
6.633333e+01	-2.827483e-02	5.099945e+00
6.636667e+01	-2.848464e-02	5.098844e+00
6.640000e+01	-2.961618e-02	5.092906e+00
6.643333e+01	-3.217158e-02	5.079494e+00
6.646667e+01	-3.474273e-02	5.066000e+00
6.650000e+01	-3.497193e-02	5.064797e+00
6.653333e+01	-3.327401e-02	5.073708e+00
6.656667e+01	-3.345000e-02	5.072784e+00
6.660000e+01	-3.811826e-02	5.048284e+00
6.663333e+01	-4.517933e-02	5.011225e+00
6.666667e+01	-5.012752e-02	4.985255e+00
6.670000e+01	-5.073401e-02	4.982072e+00
6.673333e+01	-4.849537e-02	4.993821e+00
6.676667e+01	-4.633713e-02	5.005148e+00
6.680000e+01	-4.588176e-02	5.007538e+00
6.683333e+01	-4.675059e-02	5.002978e+00
6.686667e+01	-4.769635e-02	4.998015e+00
6.690000e+01	-4.794224e-02	4.996724e+00
6.693333e+01	-4.759135e-02	4.998566e+00
6.696667e+01	-4.717306e-02	5.000761e+00
67	-4.704590e-02	5.001428e+00
6.703333e+01	-4.718720e-02	5.000687e+00
6.706667e+01	-4.737209e-02	4.999716e+00
6.710000e+01	-4.743629e-02	4.999380e+00
6.713333e+01	-4.741122e-02	4.999511e+00
6.716667e+01	-4.756762e-02	4.998690e+00
6.720000e+01	-4.834426e-02	4.994614e+00
6.723333e+01	-4.999693e-02	4.985940e+00
6.726667e+01	-5.226972e-02	4.974012e+00
6.730000e+01	-5.465878e-02	4.961473e+00
6.733333e+01	-5.697816e-02	4.949301e+00
6.736667e+01	-5.943743e-02	4.936393e+00
6.740000e+01	-6.224336e-02	4.921667e+00
6.743333e+01	-6.533160e-02	4.905459e+00
6.746667e+01	-6.846596e-02	4.889009e+00
6.750000e+01	-7.147324e-02	4.873225e+00
6.753333e+01	-7.434963e-02	4.858129e+00
6.756667e+01	-7.719400e-02	4.843201e+00
6.760000e+01	-8.005707e-02	4.828174e+00
6.763333e+01	-8.277132e-02	4.813929e+00
6.766667e+01	-8.490086e-02	4.802753e+00
6.770000e+01	-8.581039e-02	4.797979e+00
6.773333e+01	-8.455160e-02	4.804586e+00
6.776667e+01	-8.018395e-02	4.827509e+00
6.780000e+01	-7.329146e-02	4.863683e+00
6.783333e+01	-6.670884e-02	4.898231e+00
6.786667e+01	-6.341379e-02	4.915524e+00
6.790000e+01	-6.386038e-02	4.913180e+00
6.793333e+01	-6.599061e-02	4.902000e+00
6.796667e+01	-6.745965e-02	4.894290e+00
68	-6.743389e-02	4.894425e+00
6.803333e+01	-6.658283e-02	4.898892e+00
6.806667e+01	-6.592854e-02	4.902326e+00
6.810000e+01	-6.590218e-02	4.902464e+00
6.813333e+01	-6.625786e-02	4.900597e+00
6.816667e+01	-6.655311e-02	4.899048e+00
6.820000e+01	-6.658046e-02	4.898904e+00
6.823333e+01	-6.643151e-02	4.899686e+00
6.826667e+01	-6.629826e-02	4.900385e+00
6.830000e+01	-6.627921e-02	4.900485e+00
6.833333e+01	-6.634117e-02	4.900160e+00
6.836667e+01	-6.640106e-02	4.899846e+00
6.840000e+01	-6.641250e-02	4.899786e+00
6.843333e+01	-6.638692e-02	4.899920e+00
6.846667e+01	-6.636014e-02	4.900061e+00
6.850000e+01	-6.635378e-02	4.900094e+00
6.853333e+01	-6.636425e-02	4.900039e+00
6.856667e+01	-6.637617e-02	4.899977e+00
6.860000e+01	-6.637953e-02	4.899959e+00
6.863333e+01	-6.637530e-02	4.899981e+00
6.866667e+01	-6.637001e-02	4.900009e+00
6.870000e+01	-6.636829e-02	4.900018e+00
6.873333e+01	-6.636999e-02	4.900009e+00
6.876667e+01	-6.637232e-02	4.899997e+00
6.880000e+01	-6.637318e-02	4.899992e+00
6.883333e+01	-6.637251e-02	4.899996e+00
6.886667e+01	-6.637149e-02	4.900001e+00
6.890000e+01	-6.637106e-02	4.900003e+00
6.893333e+01	-6.637132e-02	4.900002e+00
6.896667e+01	-6.637177e-02	4.900000e+00
69	-6.637197e-02	4.899999e+00
6.903333e+01	-6.637188e-02	4.899999e+00
6.906667e+01	-6.637168e-02	4.900000e+00
6.910000e+01	-6.637158e-02	4.900001e+00
6.913333e+01	-6.616942e-02	4.901062e+00
6.916667e+01	-6.482595e-02	4.908113e+00
6.920000e+01	-6.091490e-02	4.928639e+00
6.923333e+01	-5.442873e-02	4.962681e+00
6.926667e+01	-4.791946e-02	4.996844e+00
6.930000e+01	-4.445705e-02	5.015016e+00
6.933333e+01	-4.473174e-02	5.013574e+00
6.936667e+01	-4.682278e-02	5.002599e+00
6.940000e+01	-4.835962e-02	4.994534e+00
6.943333e+01	-4.840967e-02	4.994271e+00
6.946667e+01	-4.757916e-02	4.998630e+00
6.950000e+01	-4.689730e-02	5.002208e+00
6.953333e+01	-4.703952e-02	5.001462e+00
6.956667e+01	-4.872818e-02	4.992599e+00
6.960000e+01	-5.294562e-02	4.970465e+00
6.963333e+01	-5.947398e-02	4.936202e+00
6.966667e+01	-6.583957e-02	4.902793e+00
6.970000e+01	-6.916431e-02	4.885343e+00
6.973333e+01	-6.886405e-02	4.886919e+00
6.976667e+01	-6.683237e-02	4.897582e+00
6.980000e+01	-6.535714e-02	4.905325e+00
6.983333e+01	-6.532138e-02	4.905512e+00
6.986667e+01	-6.612758e-02	4.901281e+00
6.990000e+01	-6.678200e-02	4.897847e+00
6.993333e+01	-6.683438e-02	4.897572e+00
6.996667e+01	-6.649913e-02	4.899331e+00
70	-6.640716e-02	4.899814e+00
7.003333e+01	-6.771242e-02	4.892963e+00
7.006667e+01	-7.176320e-02	4.871704e+00
7.010000e+01	-7.838164e-02	4.836968e+00
7.013333e+01	-8.491449e-02	4.802681e+00
7.016667e+01	-8.831909e-02	4.784813e+00
7.020000e+01	-8.798518e-02	4.786565e+00
7.023333e+01	-8.588081e-02	4.797610e+00
7.026667e+01	-8.436768e-02	4.805551e+00
7.030000e+01	-8.434403e-02	4.805675e+00
7.033333e+01	-8.518167e-02	4.801279e+00
7.036667e+01	-8.585390e-02	4.797751e+00
7.040000e+01	-8.590216e-02	4.797497e+00
7.043333e+01	-8.555337e-02	4.799328e+00
7.046667e+01	-8.525091e-02	4.800915e+00
7.050000e+01	-8.521388e-02	4.801110e+00
7.053333e+01	-8.535937e-02	4.800346e+00
7.056667e+01	-8.549548e-02	4.799632e+00
7.060000e+01	-8.551879e-02	4.799510e+00
7.063333e+01	-8.545853e-02	4.799826e+00
7.066667e+01	-8.539753e-02	4.800146e+00
7.070000e+01	-8.538422e-02	4.800216e+00
7.073333e+01	-8.540897e-02	4.800086e+00
7.076667e+01	-8.543618e-02	4.799943e+00
7.080000e+01	-8.544335e-02	4.799905e+00
7.083333e+01	-8.543328e-02	4.799958e+00
7.086667e+01	-8.542120e-02	4.800022e+00
7.090000e+01	-8.561968e-02	4.798980e+00
7.093333e+01	-8.696729e-02	4.791907e+00
7.096667e+01	-9.088373e-02	4.771352e+00
71	-9.737176e-02	4.737301e+00
7.103333e+01	-1.038794e-01	4.703147e+00
7.106667e+01	-1.073394e-01	4.684987e+00
7.110000e+01	-1.070638e-01	4.686434e+00
7.113333e+01	-1.049734e-01	4.697405e+00
7.116667e+01	-1.036398e-01	4.704404e+00
7.120000e+01	-1.049338e-01	4.697613e+00
7.123333e+01	-1.096751e-01	4.672729e+00
7.126667e+01	-1.168427e-01	4.635111e+00
7.130000e+01	-1.234117e-01	4.600635e+00
7.133333e+01	-1.265291e-01	4.584274e+00
7.136667e+01	-1.259482e-01	4.587322e+00
7.140000e+01	-1.238151e-01	4.598517e+00
7.143333e+01	-1.224219e-01	4.605829e+00
7.146667e+01	-1.225094e-01	4.605370e+00
7.150000e+01	-1.233654e-01	4.600877e+00
7.153333e+01	-1.239879e-01	4.597610e+00
7.156667e+01	-1.239864e-01	4.597619e+00
7.160000e+01	-1.236270e-01	4.599505e+00
7.163333e+01	-1.233450e-01	4.600985e+00
7.166667e+01	-1.233302e-01	4.601062e+00
7.170000e+01	-1.234814e-01	4.600269e+00
7.173333e+01	-1.236092e-01	4.599598e+00
7.176667e+01	-1.236226e-01	4.599528e+00
7.180000e+01	-1.235594e-01	4.599860e+00
7.183333e+01	-1.235017e-01	4.600162e+00
7.186667e+01	-1.234928e-01	4.600209e+00
7.190000e+01	-1.235190e-01	4.600071e+00
7.193333e+01	-1.235449e-01	4.599935e+00
7.196667e+01	-1.235502e-01	4.599908e+00
72	-1.235394e-01	4.599965e+00
7.203333e+01	-1.235278e-01	4.600025e+00
7.206667e+01	-1.235249e-01	4.600040e+00
7.210000e+01	-1.235293e-01	4.600017e+00
7.213333e+01	-1.233323e-01	4.601051e+00
7.216667e+01	-1.219902e-01	4.608095e+00
7.220000e+01	-1.180773e-01	4.628631e+00
7.223333e+01	-1.115889e-01	4.662685e+00
7.226667e+01	-1.050789e-01	4.696851e+00
7.230000e+01	-1.016172e-01	4.715019e+00
7.233333e+01	-1.018929e-01	4.713573e+00
7.236667e+01	-1.039843e-01	4.702596e+00
7.240000e+01	-1.055209e-01	4.694532e+00
7.243333e+01	-1.055705e-01	4.694271e+00
7.246667e+01	-1.047398e-01	4.698631e+00
7.250000e+01	-1.038559e-01	4.703270e+00
7.253333e+01	-1.024525e-01	4.710636e+00
7.256667e+01	-9.888661e-02	4.729351e+00
7.260000e+01	-9.270674e-02	4.761785e+00
7.263333e+01	-8.623963e-02	4.795726e+00
7.266667e+01	-8.263357e-02	4.814652e+00
7.270000e+01	-8.277062e-02	4.813933e+00
7.273333e+01	-8.483610e-02	4.803093e+00
7.276667e+01	-8.643229e-02	4.794715e+00
7.280000e+01	-8.654394e-02	4.794129e+00
7.283333e+01	-8.572772e-02	4.798413e+00
7.286667e+01	-8.502155e-02	4.802119e+00
7.290000e+01	-8.493414e-02	4.802578e+00
7.293333e+01	-8.527165e-02	4.800807e+00
7.296667e+01	-8.558784e-02	4.799147e+00
73	-8.564221e-02	4.798862e+00
7.303333e+01	-8.530028e-02	4.800656e+00
7.306667e+01	-8.381512e-02	4.808451e+00
7.310000e+01	-7.987307e-02	4.829140e+00
7.313333e+01	-7.344430e-02	4.862881e+00
7.316667e+01	-6.699823e-02	4.896712e+00
7.320000e+01	-6.355251e-02	4.914796e+00
7.323333e+01	-6.360165e-02	4.914538e+00
7.326667e+01	-6.432107e-02	4.910762e+00
7.330000e+01	-6.193816e-02	4.923269e+00
7.333333e+01	-5.551145e-02	4.956998e+00
7.336667e+01	-4.818412e-02	4.995455e+00
7.340000e+01	-4.384203e-02	5.018243e+00
7.343333e+01	-4.270945e-02	5.024188e+00
7.346667e+01	-4.122902e-02	5.031957e+00
7.350000e+01	-3.658387e-02	5.056337e+00
7.353333e+01	-3.016836e-02	5.090007e+00
7.356667e+01	-2.573423e-02	5.113279e+00
7.360000e+01	-2.519045e-02	5.116133e+00
7.363333e+01	-2.719536e-02	5.105611e+00
7.366667e+01	-2.913559e-02	5.095428e+00
7.370000e+01	-2.955308e-02	5.093237e+00
7.373333e+01	-2.877929e-02	5.097298e+00
7.376667e+01	-2.792994e-02	5.101755e+00
7.380000e+01	-2.770512e-02	5.102935e+00
7.383333e+01	-2.801697e-02	5.101299e+00
7.386667e+01	-2.819011e-02	5.100390e+00
7.390000e+01	-2.696240e-02	5.106833e+00
7.393333e+01	-2.292590e-02	5.128018e+00
7.396667e+01	-1.627392e-02	5.162930e+00
74	-9.706358e-03	5.197399e+00
7.403333e+01	-6.091555e-03	5.216371e+00
7.406667e+01	-5.095652e-03	5.221598e+00
7.410000e+01	-3.506581e-03	5.229938e+00
7.413333e+01	1.186302e-04	5.248964e+00
7.416667e+01	2.698676e-03	5.262505e+00
7.420000e+01	5.194068e-04	5.251067e+00
7.423333e+01	-5.590079e-03	5.219003e+00
7.426667e+01	-1.109747e-02	5.190098e+00
7.430000e+01	-1.271143e-02	5.181627e+00
7.433333e+01	-1.097402e-02	5.190746e+00
7.436667e+01	-8.642835e-03	5.202981e+00
7.440000e+01	-7.764105e-03	5.207593e+00
7.443333e+01	-8.397977e-03	5.204266e+00
7.446667e+01	-9.401976e-03	5.198997e+00
7.450000e+01	-9.829124e-03	5.196755e+00
7.453333e+01	-9.587483e-03	5.198023e+00
7.456667e+01	-9.352891e-03	5.199254e+00
7.460000e+01	-1.049160e-02	5.193278e+00
7.463333e+01	-1.449342e-02	5.172275e+00
7.466667e+01	-2.116945e-02	5.137237e+00
7.470000e+01	-2.757383e-02	5.103624e+00
7.473333e+01	-2.965976e-02	5.092677e+00
7.476667e+01	-2.539178e-02	5.115077e+00
7.480000e+01	-1.697095e-02	5.159272e+00
7.483333e+01	-1.007759e-02	5.195451e+00
7.486667e+01	-9.168113e-03	5.200224e+00
7.490000e+01	-1.286975e-02	5.180796e+00
7.493333e+01	-1.566212e-02	5.166141e+00
7.496667e+01	-1.419689e-02	5.173831e+00
75	-1.015486e-02	5.195045e+00
7.503333e+01	-7.202642e-03	5.210539e+00
7.506667e+01	-7.039267e-03	5.211397e+00
7.510000e+01	-8.614250e-03	5.203131e+00
7.513333e+01	-9.977414e-03	5.195976e+00
7.516667e+01	-1.015793e-02	5.195029e+00
7.520000e+01	-9.516819e-03	5.198394e+00
7.523333e+01	-8.906453e-03	5.201597e+00
7.526667e+01	-8.592246e-03	5.203246e+00
7.530000e+01	-7.512486e-03	5.208913e+00
7.533333e+01	-4.076277e-03	5.226948e+00
7.536667e+01	1.003599e-03	5.253609e+00
7.540000e+01	3.709770e-03	5.267811e+00
7.543333e+01	8.074592e-04	5.252579e+00
7.546667e+01	-5.943060e-03	5.217150e+00
7.550000e+01	-1.154031e-02	5.187774e+00
7.553333e+01	-1.285633e-02	5.180867e+00
7.556667e+01	-1.083253e-02	5.191489e+00
7.560000e+01	-8.447619e-03	5.204005e+00
7.563333e+01	-7.691916e-03	5.207972e+00
7.566667e+01	-8.453832e-03	5.203973e+00
7.570000e+01	-9.487745e-03	5.198546e+00
7.573333e+01	-9.864511e-03	5.196569e+00
7.576667e+01	-9.565843e-03	5.198137e+00
7.580000e+01	-9.113178e-03	5.200512e+00
7.583333e+01	-8.928753e-03	5.201480e+00
7.586667e+01	-9.044753e-03	5.200871e+00
7.590000e+01	-9.444967e-03	5.198771e+00
7.593333e+01	-1.087770e-02	5.191251e+00
7.596667e+01	-1.474474e-02	5.170956e+00
76	-2.114461e-02	5.137367e+00
7.603333e+01	-2.761123e-02	5.103428e+00
7.606667e+01	-3.108986e-02	5.085171e+00
7.610000e+01	-3.085261e-02	5.086416e+00
7.613333e+01	-2.878173e-02	5.097285e+00
7.616667e+01	-2.723917e-02	5.105381e+00
7.620000e+01	-2.717295e-02	5.105728e+00
7.623333e+01	-2.799401e-02	5.101419e+00
7.626667e+01	-2.867776e-02	5.097831e+00
7.630000e+01	-2.894688e-02	5.096418e+00
7.633333e+01	-2.994972e-02	5.091155e+00
7.636667e+01	-3.355394e-02	5.072239e+00
7.640000e+01	-3.999493e-02	5.038434e+00
7.643333e+01	-4.664576e-02	5.003528e+00
7.646667e+01	-5.024591e-02	4.984634e+00
7.650000e+01	-4.999808e-02	4.985934e+00
7.653333e+01	-4.784863e-02	4.997215e+00
7.656667e+01	-4.625021e-02	5.005604e+00
7.660000e+01	-4.618532e-02	5.005945e+00
7.663333e+01	-4.703970e-02	5.001461e+00
7.666667e+01	-4.774897e-02	4.997738e+00
7.670000e+01	-4.781678e-02	4.997383e+00
7.673333e+01	-4.746201e-02	4.999245e+00
7.676667e+01	-4.714354e-02	5.000916e+00
7.680000e+01	-4.709734e-02	5.001158e+00
7.683333e+01	-4.724483e-02	5.000384e+00
7.686667e+01	-4.738783e-02	4.999634e+00
7.690000e+01	-4.741541e-02	4.999489e+00
7.693333e+01	-4.735454e-02	4.999809e+00
7.696667e+01	-4.729059e-02	5.000144e+00
77	-4.727532e-02	5.000224e+00
7.703333e+01	-4.730021e-02	5.000094e+00
7.706667e+01	-4.732868e-02	4.999944e+00
7.710000e+01	-4.733675e-02	4.999902e+00
7.713333e+01	-4.752887e-02	4.998894e+00
7.716667e+01	-4.865762e-02	4.992970e+00
7.720000e+01	-5.122103e-02	4.979516e+00
7.723333e+01	-5.380012e-02	4.965980e+00
7.726667e+01	-5.403095e-02	4.964768e+00
7.730000e+01	-5.212753e-02	4.974758e+00
7.733333e+01	-5.095642e-02	4.980905e+00
7.736667e+01	-5.191488e-02	4.975874e+00
7.740000e+01	-5.383470e-02	4.965798e+00
7.743333e+01	-5.618634e-02	4.953456e+00
7.746667e+01	-5.981706e-02	4.934401e+00
7.750000e+01	-6.436178e-02	4.910549e+00
7.753333e+01	-6.775626e-02	4.892733e+00
7.756667e+01	-6.856280e-02	4.888500e+00
7.760000e+01	-6.739088e-02	4.894651e+00
7.763333e+01	-6.596962e-02	4.902110e+00
7.766667e+01	-6.549816e-02	4.904585e+00
7.770000e+01	-6.602811e-02	4.901803e+00
7.773333e+01	-6.702643e-02	4.896564e+00
7.776667e+01	-6.811859e-02	4.890832e+00
7.780000e+01	-6.927504e-02	4.884762e+00
7.783333e+01	-7.057535e-02	4.877938e+00
7.786667e+01	-7.200545e-02	4.870432e+00
7.790000e+01	-7.346366e-02	4.862779e+00
7.793333e+01	-7.486579e-02	4.855420e+00
7.796667e+01	-7.620420e-02	4.848396e+00
78	-7.752346e-02	4.841472e+00
7.803333e+01	-7.886429e-02	4.834435e+00
7.806667e+01	-8.023332e-02	4.827249e+00
7.810000e+01	-8.161226e-02	4.820012e+00
7.813333e+01	-8.296831e-02	4.812895e+00
7.816667e+01	-8.421601e-02	4.806347e+00
7.820000e+01	-8.497726e-02	4.802352e+00
7.823333e+01	-8.413714e-02	4.806761e+00
7.826667e+01	-8.026996e-02	4.827057e+00
7.830000e+01	-7.358278e-02	4.862154e+00
7.833333e+01	-6.689089e-02	4.897275e+00
7.836667e+01	-6.339284e-02	4.915634e+00
7.840000e+01	-6.374049e-02	4.913810e+00
7.843333e+01	-6.590853e-02	4.902431e+00
7.846667e+01	-6.746407e-02	4.894267e+00
7.850000e+01	-6.748468e-02	4.894159e+00
7.853333e+01	-6.682248e-02	4.897634e+00
7.856667e+01	-6.747449e-02	4.894212e+00
7.860000e+01	-7.133755e-02	4.873938e+00
7.863333e+01	-7.818381e-02	4.838006e+00
7.866667e+01	-8.500431e-02	4.802210e+00
7.870000e+01	-8.850412e-02	4.783841e+00
7.873333e+01	-8.807919e-02	4.786072e+00
7.876667e+01	-8.584805e-02	4.797781e+00
7.880000e+01	-8.448972e-02	4.804910e+00
7.883333e+01	-8.584548e-02	4.797795e+00
7.886667e+01	-9.064988e-02	4.772580e+00
7.890000e+01	-9.783147e-02	4.734888e+00
7.893333e+01	-1.043751e-01	4.700545e+00
7.896667e+01	-1.074644e-01	4.684332e+00
79	-1.068760e-01	4.687419e+00
7.903333e+01	-1.045510e-01	4.699622e+00
7.906667e+01	-1.018267e-01	4.713920e+00
7.910000e+01	-9.800699e-02	4.733967e+00
7.913333e+01	-9.237273e-02	4.763538e+00
7.916667e+01	-8.648051e-02	4.794462e+00
7.920000e+01	-8.301459e-02	4.812652e+00
7.923333e+01	-8.293152e-02	4.813088e+00
7.926667e+01	-8.474295e-02	4.803581e+00
7.930000e+01	-8.626596e-02	4.795588e+00
7.933333e+01	-8.646660e-02	4.794535e+00
7.936667e+01	-8.576283e-02	4.798229e+00
7.940000e+01	-8.509393e-02	4.801739e+00
7.943333e+01	-8.497095e-02	4.802385e+00
7.946667e+01	-8.525887e-02	4.800874e+00
7.950000e+01	-8.555649e-02	4.799312e+00
7.953333e+01	-8.562486e-02	4.798953e+00
7.956667e+01	-8.550690e-02	4.799572e+00
7.960000e+01	-8.537439e-02	4.800267e+00
7.963333e+01	-8.533803e-02	4.800458e+00
7.966667e+01	-8.538590e-02	4.800207e+00
7.970000e+01	-8.544467e-02	4.799899e+00
7.973333e+01	-8.546338e-02	4.799800e+00
7.976667e+01	-8.544418e-02	4.799901e+00
7.980000e+01	-8.541822e-02	4.800037e+00
7.983333e+01	-8.540884e-02	4.800087e+00
7.986667e+01	-8.541644e-02	4.800047e+00
7.990000e+01	-8.542785e-02	4.799987e+00
7.993333e+01	-8.543246e-02	4.799963e+00
7.996667e+01	-8.542951e-02	4.799978e+00
80	-8.522232e-02	4.801066e+00
8.003333e+01	-8.387652e-02	4.808129e+00
8.006667e+01	-7.996655e-02	4.828650e+00
8.010000e+01	-7.348257e-02	4.862680e+00
8.013333e+01	-6.677221e-02	4.897898e+00
8.016667e+01	-6.196585e-02	4.923123e+00
8.020000e+01	-5.832849e-02	4.942214e+00
8.023333e+01	-5.393285e-02	4.965283e+00
8.026667e+01	-4.896060e-02	4.991379e+00
8.030000e+01	-4.534648e-02	5.010348e+00
8.033333e+01	-4.344733e-02	5.020315e+00
8.036667e+01	-4.074316e-02	5.034507e+00
8.040000e+01	-3.439011e-02	5.067850e+00
8.043333e+01	-2.436484e-02	5.120466e+00
8.046667e+01	-1.389213e-02	5.175431e+00
8.050000e+01	-7.018007e-03	5.211508e+00
8.053333e+01	-5.443086e-03	5.219774e+00
8.056667e+01	-7.462049e-03	5.209178e+00
8.060000e+01	-9.883850e-03	5.196468e+00
8.063333e+01	-1.069170e-02	5.192228e+00
8.066667e+01	-9.977863e-03	5.195974e+00
8.070000e+01	-8.964053e-03	5.201295e+00
8.073333e+01	-8.577422e-03	5.203324e+00
8.076667e+01	-8.855683e-03	5.201864e+00
8.080000e+01	-9.296978e-03	5.199548e+00
8.083333e+01	-9.483827e-03	5.198567e+00
8.086667e+01	-9.376245e-03	5.199132e+00
8.090000e+01	-9.183499e-03	5.200143e+00
8.093333e+01	-9.093651e-03	5.200615e+00
8.096667e+01	-9.119706e-03	5.200478e+00
81	-9.093154e-03	5.200617e+00
8.103333e+01	-8.746133e-03	5.202439e+00
8.106667e+01	-7.878337e-03	5.206993e+00
8.110000e+01	-6.524001e-03	5.214101e+00
8.113333e+01	-4.938527e-03	5.222422e+00
8.116667e+01	-3.397909e-03	5.230508e+00
8.120000e+01	-2.017213e-03	5.237754e+00
8.123333e+01	-7.400433e-04	5.244457e+00
8.126667e+01	5.445825e-04	5.251199e+00
8.130000e+01	1.893623e-03	5.258280e+00
8.133333e+01	3.289012e-03	5.265603e+00
8.136667e+01	4.683884e-03	5.272924e+00
8.140000e+01	6.051679e-03	5.280103e+00
8.143333e+01	7.384011e-03	5.287095e+00
8.146667e+01	8.619440e-03	5.293579e+00
8.150000e+01	9.586908e-03	5.298657e+00
8.153333e+01	1.010061e-02	5.301353e+00
8.156667e+01	1.015030e-02	5.301614e+00
8.160000e+01	9.947904e-03	5.300551e+00
8.163333e+01	9.760823e-03	5.299569e+00
8.166667e+01	9.722464e-03	5.299368e+00
0	0	0
0	0	0
0	0	0
