0	-4.008991e-02	5.316862e+00
3.333333e-02	-4.548873e-02	5.286959e+00
6.666667e-02	-5.099822e-02	5.256442e+00
1.000000e-01	-5.620343e-02	5.227611e+00
1.333333e-01	-5.928142e-02	5.210562e+00
1.666667e-01	-5.479597e-02	5.235407e+00
2.000000e-01	-3.512590e-02	5.344357e+00
2.333333e-01	3.679664e-04	5.540955e+00
2.666667e-01	3.938089e-02	5.757044e+00
3.000000e-01	6.578469e-02	5.903293e+00
3.333333e-01	7.359142e-02	5.946534e+00
3.666667e-01	6.927265e-02	5.922612e+00
4.000000e-01	6.322248e-02	5.889101e+00
4.333333e-01	6.120665e-02	5.877935e+00
4.666667e-01	6.198059e-02	5.882222e+00
5.000000e-01	6.087224e-02	5.876083e+00
5.333333e-01	5.555637e-02	5.846639e+00
5.666667e-01	4.853475e-02	5.807747e+00
6.000000e-01	4.391130e-02	5.782138e+00
6.333333e-01	4.248641e-02	5.774246e+00
6.666667e-01	4.091145e-02	5.765522e+00
7.000000e-01	3.544252e-02	5.735230e+00
7.333333e-01	2.571483e-02	5.681349e+00
7.666667e-01	1.499890e-02	5.621995e+00
8.000000e-01	7.414650e-03	5.579986e+00
8.333333e-01	4.710959e-03	5.565011e+00
8.666667e-01	5.321941e-03	5.568395e+00
9.000000e-01	6.273305e-03	5.573664e+00
9.333333e-01	5.706654e-03	5.570526e+00
9.666667e-01	3.734024e-03	5.559599e+00
1	1.502047e-03	5.547237e+00
1.033333e+00	-1.355308e-04	5.538166e+00
1.066667e+00	-1.157234e-03	5.532507e+00
1.100000e+00	-2.035806e-03	5.527641e+00
1.133333e+00	-3.142680e-03	5.521510e+00
1.166667e+00	-4.431790e-03	5.514370e+00
1.200000e+00	-5.353885e-03	5.509262e+00
1.233333e+00	-4.734585e-03	5.512692e+00
1.266667e+00	-1.294570e-03	5.531746e+00
1.300000e+00	4.684265e-03	5.564863e+00
1.333333e+00	1.062545e-02	5.597770e+00
1.366667e+00	1.369086e-02	5.614749e+00
1.400000e+00	1.334473e-02	5.612832e+00
1.433333e+00	1.160424e-02	5.603192e+00
1.466667e+00	1.151255e-02	5.602684e+00
1.500000e+00	1.521757e-02	5.623206e+00
1.533333e+00	2.213533e-02	5.661523e+00
1.566667e+00	2.891052e-02	5.699050e+00
1.600000e+00	3.222619e-02	5.717415e+00
1.633333e+00	3.164387e-02	5.714190e+00
1.666667e+00	2.938881e-02	5.701699e+00
1.700000e+00	2.790279e-02	5.693468e+00
1.733333e+00	2.798994e-02	5.693951e+00
1.766667e+00	2.890023e-02	5.698993e+00
1.800000e+00	2.956585e-02	5.702680e+00
1.833333e+00	2.956683e-02	5.702685e+00
1.866667e+00	2.918448e-02	5.700567e+00
1.900000e+00	2.888282e-02	5.698896e+00
1.933333e+00	2.886583e-02	5.698802e+00
1.966667e+00	2.902665e-02	5.699693e+00
2	2.916329e-02	5.700450e+00
2.033333e+00	2.917815e-02	5.700532e+00
2.066667e+00	2.911093e-02	5.700160e+00
2.100000e+00	2.904931e-02	5.699819e+00
2.133333e+00	2.903954e-02	5.699765e+00
2.166667e+00	2.906744e-02	5.699919e+00
2.200000e+00	2.909509e-02	5.700072e+00
2.233333e+00	2.910078e-02	5.700104e+00
2.266667e+00	2.908930e-02	5.700040e+00
2.300000e+00	2.907695e-02	5.699972e+00
2.333333e+00	2.908393e-02	5.700010e+00
2.366667e+00	2.916570e-02	5.700463e+00
2.400000e+00	2.944332e-02	5.702001e+00
2.433333e+00	3.004055e-02	5.705309e+00
2.466667e+00	3.095889e-02	5.710396e+00
2.500000e+00	3.204935e-02	5.716436e+00
2.533333e+00	3.312772e-02	5.722409e+00
2.566667e+00	3.410339e-02	5.727813e+00
2.600000e+00	3.500273e-02	5.732794e+00
2.633333e+00	3.589891e-02	5.737758e+00
2.666667e+00	3.683581e-02	5.742947e+00
2.700000e+00	3.780654e-02	5.748324e+00
2.733333e+00	3.878053e-02	5.753719e+00
2.766667e+00	3.973762e-02	5.759020e+00
2.800000e+00	4.067953e-02	5.764237e+00
2.833333e+00	4.161922e-02	5.769442e+00
2.866667e+00	4.256594e-02	5.774686e+00
2.900000e+00	4.351947e-02	5.779968e+00
2.933333e+00	4.447433e-02	5.785257e+00
2.966667e+00	4.541620e-02	5.790473e+00
3	4.628802e-02	5.795302e+00
3.033333e+00	4.696406e-02	5.799047e+00
3.066667e+00	4.731782e-02	5.801006e+00
3.100000e+00	4.734832e-02	5.801175e+00
3.133333e+00	4.720653e-02	5.800390e+00
3.166667e+00	4.707796e-02	5.799678e+00
3.200000e+00	4.705307e-02	5.799540e+00
3.233333e+00	4.710462e-02	5.799825e+00
3.266667e+00	4.715886e-02	5.800126e+00
3.300000e+00	4.717196e-02	5.800198e+00
3.333333e+00	4.715114e-02	5.800083e+00
3.366667e+00	4.712726e-02	5.799951e+00
3.400000e+00	4.712047e-02	5.799913e+00
3.433333e+00	4.712891e-02	5.799960e+00
3.466667e+00	4.713948e-02	5.800019e+00
3.500000e+00	4.714295e-02	5.800038e+00
3.533333e+00	4.713957e-02	5.800019e+00
3.566667e+00	4.713490e-02	5.799993e+00
3.600000e+00	4.713317e-02	5.799984e+00
3.633333e+00	4.713451e-02	5.799991e+00
3.666667e+00	4.712378e-02	5.799932e+00
3.700000e+00	4.702699e-02	5.799395e+00
3.733333e+00	4.668176e-02	5.797483e+00
3.766667e+00	4.592644e-02	5.793300e+00
3.800000e+00	4.476041e-02	5.786841e+00
3.833333e+00	4.337628e-02	5.779174e+00
3.866667e+00	4.200969e-02	5.771605e+00
3.900000e+00	4.077499e-02	5.764766e+00
3.933333e+00	3.963711e-02	5.758464e+00
3.966667e+00	3.850229e-02	5.752178e+00
4	3.731509e-02	5.745602e+00
4.033333e+00	3.608493e-02	5.738788e+00
4.066667e+00	3.485103e-02	5.731954e+00
4.100000e+00	3.363890e-02	5.725240e+00
4.133333e+00	3.244607e-02	5.718633e+00
4.166667e+00	3.126865e-02	5.712111e+00
4.200000e+00	3.016705e-02	5.706010e+00
4.233333e+00	2.930383e-02	5.701228e+00
4.266667e+00	2.884874e-02	5.698708e+00
4.300000e+00	2.880857e-02	5.698485e+00
4.333333e+00	2.899100e-02	5.699496e+00
4.366667e+00	2.915698e-02	5.700415e+00
4.400000e+00	2.918933e-02	5.700594e+00
4.433333e+00	2.931447e-02	5.701287e+00
4.466667e+00	3.051745e-02	5.707951e+00
4.500000e+00	3.420636e-02	5.728383e+00
4.533333e+00	4.037908e-02	5.762573e+00
4.566667e+00	4.657769e-02	5.796907e+00
4.600000e+00	4.986725e-02	5.815127e+00
4.633333e+00	4.959611e-02	5.813626e+00
4.666667e+00	4.760111e-02	5.802576e+00
4.700000e+00	4.614042e-02	5.794485e+00
4.733333e+00	4.609734e-02	5.794246e+00
4.766667e+00	4.689030e-02	5.798638e+00
4.800000e+00	4.753863e-02	5.802229e+00
4.833333e+00	4.759374e-02	5.802535e+00
4.866667e+00	4.726410e-02	5.800709e+00
4.900000e+00	4.697274e-02	5.799095e+00
4.933333e+00	4.693341e-02	5.798877e+00
4.966667e+00	4.707067e-02	5.799637e+00
5	4.720162e-02	5.800363e+00
5.033333e+00	4.722561e-02	5.800496e+00
5.066667e+00	4.716888e-02	5.800181e+00
5.100000e+00	4.691867e-02	5.798796e+00
5.133333e+00	4.582372e-02	5.792731e+00
5.166667e+00	4.341413e-02	5.779384e+00
5.200000e+00	4.100028e-02	5.766014e+00
5.233333e+00	4.098559e-02	5.765933e+00
5.266667e+00	4.386315e-02	5.781871e+00
5.300000e+00	4.739259e-02	5.801421e+00
5.333333e+00	4.910996e-02	5.810933e+00
5.366667e+00	4.858862e-02	5.808045e+00
5.400000e+00	4.718496e-02	5.800270e+00
5.433333e+00	4.635244e-02	5.795659e+00
5.466667e+00	4.649180e-02	5.796431e+00
5.500000e+00	4.707880e-02	5.799682e+00
5.533333e+00	4.746172e-02	5.801803e+00
5.566667e+00	4.742556e-02	5.801603e+00
5.600000e+00	4.487722e-02	5.787488e+00
5.633333e+00	2.942468e-02	5.701898e+00
5.666667e+00	-1.504093e-02	5.455606e+00
5.700000e+00	-8.839846e-02	5.049285e+00
5.733333e+00	-1.601342e-01	4.651947e+00
5.766667e+00	-1.917451e-01	4.476857e+00
5.800000e+00	-1.716918e-01	4.587931e+00
5.833333e+00	-1.217259e-01	4.864687e+00
5.866667e+00	-7.310704e-02	5.133983e+00
5.900000e+00	-4.176208e-02	5.307600e+00
5.933333e+00	-2.340375e-02	5.409285e+00
5.966667e+00	-5.841218e-03	5.506563e+00
6	1.680162e-02	5.631980e+00
6.033333e+00	3.967232e-02	5.758659e+00
6.066667e+00	5.385851e-02	5.837235e+00
6.100000e+00	5.587963e-02	5.848430e+00
6.133333e+00	5.037621e-02	5.817947e+00
6.166667e+00	4.489332e-02	5.787577e+00
6.200000e+00	4.340298e-02	5.779322e+00
6.233333e+00	4.322719e-02	5.778349e+00
6.266667e+00	3.550455e-02	5.735574e+00
6.300000e+00	1.149686e-02	5.602597e+00
6.333333e+00	-2.622487e-02	5.393660e+00
6.366667e+00	-6.080299e-02	5.202134e+00
6.400000e+00	-7.289059e-02	5.135182e+00
6.433333e+00	-5.434066e-02	5.237928e+00
6.466667e+00	-1.296667e-02	5.467096e+00
6.500000e+00	3.147129e-02	5.713234e+00
6.533333e+00	5.913670e-02	5.866470e+00
6.566667e+00	6.341718e-02	5.890179e+00
6.600000e+00	5.332246e-02	5.834266e+00
6.633333e+00	4.310318e-02	5.777662e+00
6.666667e+00	4.060510e-02	5.763825e+00
6.700000e+00	4.435481e-02	5.784595e+00
6.733333e+00	4.869861e-02	5.808654e+00
6.766667e+00	4.995832e-02	5.815632e+00
6.800000e+00	4.845241e-02	5.807291e+00
6.833333e+00	4.654267e-02	5.796713e+00
6.866667e+00	4.590799e-02	5.793197e+00
6.900000e+00	4.651069e-02	5.796536e+00
6.933333e+00	4.735252e-02	5.801199e+00
6.966667e+00	4.766823e-02	5.802947e+00
7	4.743085e-02	5.801632e+00
7.033333e+00	4.706118e-02	5.799585e+00
7.066667e+00	4.690672e-02	5.798729e+00
7.100000e+00	4.699845e-02	5.799237e+00
7.133333e+00	4.716006e-02	5.800133e+00
7.166667e+00	4.723456e-02	5.800545e+00
7.200000e+00	4.719995e-02	5.800353e+00
7.233333e+00	4.712961e-02	5.799964e+00
7.266667e+00	4.709411e-02	5.799767e+00
7.300000e+00	4.710675e-02	5.799837e+00
7.333333e+00	4.713723e-02	5.800006e+00
7.366667e+00	4.715397e-02	5.800099e+00
7.400000e+00	4.714957e-02	5.800074e+00
7.433333e+00	4.713642e-02	5.800002e+00
7.466667e+00	4.712859e-02	5.799958e+00
7.500000e+00	4.713002e-02	5.799966e+00
7.533333e+00	4.713566e-02	5.799997e+00
7.566667e+00	4.713929e-02	5.800018e+00
7.600000e+00	4.713889e-02	5.800015e+00
7.633333e+00	4.713648e-02	5.800002e+00
7.666667e+00	4.713481e-02	5.799993e+00
7.700000e+00	4.713488e-02	5.799993e+00
7.733333e+00	4.713591e-02	5.799999e+00
7.766667e+00	4.713667e-02	5.800003e+00
7.800000e+00	4.713669e-02	5.800003e+00
7.833333e+00	4.713625e-02	5.800001e+00
7.866667e+00	4.732749e-02	5.801060e+00
7.900000e+00	4.860054e-02	5.808111e+00
7.933333e+00	5.230665e-02	5.828639e+00
7.966667e+00	5.845269e-02	5.862682e+00
8	6.462046e-02	5.896844e+00
8.033333e+00	6.790113e-02	5.915016e+00
8.066667e+00	6.764079e-02	5.913574e+00
8.100000e+00	6.565945e-02	5.902599e+00
8.133333e+00	6.420328e-02	5.894534e+00
8.166667e+00	6.415588e-02	5.894271e+00
8.200000e+00	6.494282e-02	5.898630e+00
8.233333e+00	6.558889e-02	5.902208e+00
8.266667e+00	6.564571e-02	5.902523e+00
8.300000e+00	6.531871e-02	5.900712e+00
8.333333e+00	6.502845e-02	5.899104e+00
8.366667e+00	6.498847e-02	5.898883e+00
8.400000e+00	6.512457e-02	5.899636e+00
8.433333e+00	6.525499e-02	5.900359e+00
8.466667e+00	6.527923e-02	5.900493e+00
8.500000e+00	6.522299e-02	5.900182e+00
8.533333e+00	6.516463e-02	5.899858e+00
8.566667e+00	6.515108e-02	5.899783e+00
8.600000e+00	6.517411e-02	5.899911e+00
8.633333e+00	6.520011e-02	5.900055e+00
8.666667e+00	6.386619e-02	5.892666e+00
8.700000e+00	5.494533e-02	5.843255e+00
8.733333e+00	2.899235e-02	5.699503e+00
8.766667e+00	-1.403257e-02	5.461192e+00
8.800000e+00	-5.720307e-02	5.222074e+00
8.833333e+00	-8.016322e-02	5.094899e+00
8.866667e+00	-7.833947e-02	5.105001e+00
8.900000e+00	-6.447164e-02	5.181814e+00
8.933333e+00	-5.428045e-02	5.238262e+00
8.966667e+00	-5.394934e-02	5.240096e+00
9	-5.945731e-02	5.209588e+00
9.033333e+00	-6.390230e-02	5.184967e+00
9.066667e+00	-6.371381e-02	5.186011e+00
9.100000e+00	-5.935679e-02	5.210145e+00
9.133333e+00	-5.279882e-02	5.246469e+00
9.166667e+00	-4.552542e-02	5.286755e+00
9.200000e+00	-3.817204e-02	5.327485e+00
9.233333e+00	-3.088294e-02	5.367859e+00
9.266667e+00	-2.364317e-02	5.407959e+00
9.300000e+00	-1.642270e-02	5.447953e+00
9.333333e+00	-9.206338e-03	5.487924e+00
9.366667e+00	-1.988854e-03	5.527901e+00
9.400000e+00	5.231044e-03	5.567891e+00
9.433333e+00	1.245292e-02	5.607893e+00
9.466667e+00	1.967556e-02	5.647898e+00
9.500000e+00	2.682122e-02	5.687477e+00
9.533333e+00	3.345698e-02	5.724232e+00
9.566667e+00	3.753711e-02	5.746832e+00
9.600000e+00	3.310265e-02	5.722270e+00
9.633333e+00	1.257742e-02	5.608582e+00
9.666667e+00	-2.292377e-02	5.411944e+00
9.700000e+00	-5.863487e-02	5.214143e+00
9.733333e+00	-7.846785e-02	5.104290e+00
9.766667e+00	-8.153184e-02	5.087319e+00
9.800000e+00	-8.421071e-02	5.072481e+00
9.833333e+00	-1.055353e-01	4.954365e+00
9.866667e+00	-1.474685e-01	4.722101e+00
9.900000e+00	-1.902593e-01	4.485087e+00
9.933333e+00	-2.109066e-01	4.370723e+00
9.966667e+00	-2.041956e-01	4.407894e+00
10	-1.837499e-01	4.521142e+00
1.003333e+01	-1.665957e-01	4.616157e+00
1.006667e+01	-1.597425e-01	4.654116e+00
1.010000e+01	-1.592432e-01	4.656882e+00
1.013333e+01	-1.579132e-01	4.664249e+00
1.016667e+01	-1.522959e-01	4.695363e+00
1.020000e+01	-1.437793e-01	4.742535e+00
1.023333e+01	-1.354476e-01	4.788684e+00
1.026667e+01	-1.289332e-01	4.824767e+00
1.030000e+01	-1.237443e-01	4.853508e+00
1.033333e+01	-1.185511e-01	4.882272e+00
1.036667e+01	-1.125888e-01	4.915297e+00
1.040000e+01	-1.060223e-01	4.951668e+00
1.043333e+01	-9.942367e-02	4.988217e+00
1.046667e+01	-9.314869e-02	5.022974e+00
1.050000e+01	-8.714762e-02	5.056213e+00
1.053333e+01	-8.117565e-02	5.089292e+00
1.056667e+01	-7.506836e-02	5.123120e+00
1.060000e+01	-6.883752e-02	5.157632e+00
1.063333e+01	-6.258738e-02	5.192251e+00
1.066667e+01	-5.639342e-02	5.226558e+00
1.070000e+01	-5.025491e-02	5.260559e+00
1.073333e+01	-4.412770e-02	5.294497e+00
1.076667e+01	-3.797736e-02	5.328563e+00
1.080000e+01	-3.180224e-02	5.362767e+00
1.083333e+01	-2.562095e-02	5.397005e+00
1.086667e+01	-1.944909e-02	5.431190e+00
1.090000e+01	-1.328825e-02	5.465314e+00
1.093333e+01	-7.130648e-03	5.499421e+00
1.096667e+01	-9.692334e-04	5.533548e+00
11	5.197057e-03	5.567703e+00
1.103333e+01	1.136499e-02	5.601867e+00
1.106667e+01	1.753141e-02	5.636022e+00
1.110000e+01	2.363026e-02	5.669803e+00
1.113333e+01	2.929358e-02	5.701172e+00
1.116667e+01	3.267337e-02	5.719892e+00
1.120000e+01	2.820516e-02	5.695143e+00
1.123333e+01	8.695676e-03	5.587082e+00
1.126667e+01	-2.490779e-02	5.400955e+00
1.130000e+01	-5.866674e-02	5.213967e+00
1.133333e+01	-7.711994e-02	5.111756e+00
1.136667e+01	-7.799757e-02	5.106895e+00
1.140000e+01	-7.205547e-02	5.139808e+00
1.143333e+01	-7.093831e-02	5.145995e+00
1.146667e+01	-7.808304e-02	5.106421e+00
1.150000e+01	-8.980815e-02	5.041477e+00
1.153333e+01	-1.016980e-01	4.975620e+00
1.156667e+01	-1.124568e-01	4.916028e+00
1.160000e+01	-1.231400e-01	4.856855e+00
1.163333e+01	-1.347979e-01	4.792283e+00
1.166667e+01	-1.473554e-01	4.722728e+00
1.170000e+01	-1.600500e-01	4.652413e+00
1.173333e+01	-1.723139e-01	4.584484e+00
1.176667e+01	-1.841496e-01	4.518928e+00
1.180000e+01	-1.957667e-01	4.454581e+00
1.183333e+01	-2.067114e-01	4.393960e+00
1.186667e+01	-2.155054e-01	4.345250e+00
1.190000e+01	-2.201430e-01	4.319563e+00
1.193333e+01	-2.165748e-01	4.339327e+00
1.196667e+01	-1.964109e-01	4.451013e+00
12	-1.536717e-01	4.687742e+00
1.203333e+01	-9.806283e-02	4.995755e+00
1.206667e+01	-5.350290e-02	5.242569e+00
1.210000e+01	-3.761977e-02	5.330544e+00
1.213333e+01	-4.671371e-02	5.280174e+00
1.216667e+01	-6.262925e-02	5.192019e+00
1.220000e+01	-7.032632e-02	5.149385e+00
1.223333e+01	-6.749253e-02	5.165081e+00
1.226667e+01	-6.090518e-02	5.201568e+00
1.230000e+01	-5.926534e-02	5.210651e+00
1.233333e+01	-7.298196e-02	5.134676e+00
1.236667e+01	-1.128637e-01	4.913774e+00
1.240000e+01	-1.742523e-01	4.573748e+00
1.243333e+01	-2.241589e-01	4.297319e+00
1.246667e+01	-2.224856e-01	4.306588e+00
1.250000e+01	-1.640492e-01	4.630262e+00
1.253333e+01	-8.924356e-02	5.044604e+00
1.256667e+01	-4.618204e-02	5.283118e+00
1.260000e+01	-4.896772e-02	5.267689e+00
1.263333e+01	-7.538596e-02	5.121360e+00
1.266667e+01	-9.576566e-02	5.008479e+00
1.270000e+01	-9.788580e-02	4.996736e+00
1.273333e+01	-8.889657e-02	5.046526e+00
1.276667e+01	-8.155983e-02	5.087164e+00
1.280000e+01	-8.190330e-02	5.085261e+00
1.283333e+01	-8.735017e-02	5.055092e+00
1.286667e+01	-9.239283e-02	5.027161e+00
1.290000e+01	-9.417245e-02	5.017304e+00
1.293333e+01	-9.361277e-02	5.020404e+00
1.296667e+01	-9.309294e-02	5.023283e+00
13	-9.394311e-02	5.018574e+00
1.303333e+01	-9.577609e-02	5.008421e+00
1.306667e+01	-9.740533e-02	4.999397e+00
1.310000e+01	-9.804216e-02	4.995870e+00
1.313333e+01	-9.759151e-02	4.998366e+00
1.316667e+01	-9.694449e-02	5.001949e+00
1.320000e+01	-1.006149e-01	4.981620e+00
1.323333e+01	-1.156438e-01	4.898375e+00
1.326667e+01	-1.389306e-01	4.769392e+00
1.330000e+01	-1.505401e-01	4.705088e+00
1.333333e+01	-1.335780e-01	4.799039e+00
1.336667e+01	-9.689773e-02	5.002208e+00
1.340000e+01	-6.672599e-02	5.169327e+00
1.343333e+01	-5.979973e-02	5.207691e+00
1.346667e+01	-7.184003e-02	5.141001e+00
1.350000e+01	-8.779032e-02	5.052654e+00
1.353333e+01	-9.621873e-02	5.005969e+00
1.356667e+01	-9.485351e-02	5.013531e+00
1.360000e+01	-8.787702e-02	5.052173e+00
1.363333e+01	-8.049215e-02	5.093078e+00
1.366667e+01	-7.493433e-02	5.123862e+00
1.370000e+01	-7.002386e-02	5.151061e+00
1.373333e+01	-6.361644e-02	5.186551e+00
1.376667e+01	-5.504182e-02	5.234045e+00
1.380000e+01	-4.536732e-02	5.287631e+00
1.383333e+01	-3.601830e-02	5.339415e+00
1.386667e+01	-2.756721e-02	5.386224e+00
1.390000e+01	-1.964899e-02	5.430083e+00
1.393333e+01	-1.163839e-02	5.474453e+00
1.396667e+01	-3.337707e-03	5.520430e+00
14	4.615220e-03	5.564480e+00
1.403333e+01	9.843515e-03	5.593439e+00
1.406667e+01	6.562743e-03	5.575267e+00
1.410000e+01	-1.280227e-02	5.468006e+00
1.413333e+01	-5.038276e-02	5.259851e+00
1.416667e+01	-9.761541e-02	4.998233e+00
1.420000e+01	-1.393873e-01	4.766862e+00
1.423333e+01	-1.644044e-01	4.628295e+00
1.426667e+01	-1.722462e-01	4.584859e+00
1.430000e+01	-1.711525e-01	4.590917e+00
1.433333e+01	-1.694957e-01	4.600094e+00
1.436667e+01	-1.667546e-01	4.615277e+00
1.440000e+01	-1.529102e-01	4.691960e+00
1.443333e+01	-1.212553e-01	4.867294e+00
1.446667e+01	-7.729214e-02	5.110802e+00
1.450000e+01	-3.097898e-02	5.367327e+00
1.453333e+01	1.028860e-02	5.595905e+00
1.456667e+01	3.916012e-02	5.755822e+00
1.460000e+01	4.974009e-02	5.814423e+00
1.463333e+01	4.393621e-02	5.782276e+00
1.466667e+01	3.122838e-02	5.711888e+00
1.470000e+01	2.110523e-02	5.655817e+00
1.473333e+01	1.686858e-02	5.632351e+00
1.476667e+01	1.592559e-02	5.627127e+00
1.480000e+01	1.428196e-02	5.618024e+00
1.483333e+01	1.021557e-02	5.595500e+00
1.486667e+01	4.643583e-03	5.564637e+00
1.490000e+01	-7.217571e-04	5.534919e+00
1.493333e+01	-5.057576e-03	5.510903e+00
1.496667e+01	-8.701657e-03	5.490719e+00
15	-1.239488e-02	5.470263e+00
1.503333e+01	-1.652636e-02	5.447379e+00
1.506667e+01	-2.097508e-02	5.422738e+00
1.510000e+01	-2.542082e-02	5.398113e+00
1.513333e+01	-2.968092e-02	5.374517e+00
1.516667e+01	-3.379631e-02	5.351722e+00
1.520000e+01	-3.790478e-02	5.328965e+00
1.523333e+01	-4.209142e-02	5.305776e+00
1.526667e+01	-4.634371e-02	5.282223e+00
1.530000e+01	-5.060264e-02	5.258633e+00
1.533333e+01	-5.482886e-02	5.235224e+00
1.536667e+01	-5.902546e-02	5.211980e+00
1.540000e+01	-6.321758e-02	5.188760e+00
1.543333e+01	-6.742328e-02	5.165465e+00
1.546667e+01	-7.159758e-02	5.142344e+00
1.550000e+01	-7.547748e-02	5.120853e+00
1.553333e+01	-7.848706e-02	5.104184e+00
1.556667e+01	-8.005666e-02	5.095490e+00
1.560000e+01	-8.018566e-02	5.094775e+00
1.563333e+01	-7.955143e-02	5.098288e+00
1.566667e+01	-7.898059e-02	5.101450e+00
1.570000e+01	-7.887282e-02	5.102047e+00
1.573333e+01	-7.929549e-02	5.099706e+00
1.576667e+01	-8.080955e-02	5.091320e+00
1.580000e+01	-8.457244e-02	5.070477e+00
1.583333e+01	-9.062492e-02	5.036953e+00
1.586667e+01	-9.668651e-02	5.003378e+00
1.590000e+01	-1.001292e-01	4.984310e+00
1.593333e+01	-1.011799e-01	4.978490e+00
1.596667e+01	-1.027599e-01	4.969738e+00
16	-1.063833e-01	4.949669e+00
1.603333e+01	-1.098640e-01	4.930389e+00
1.606667e+01	-1.101979e-01	4.928540e+00
1.610000e+01	-1.068483e-01	4.947093e+00
1.613333e+01	-1.016709e-01	4.975770e+00
1.616667e+01	-9.727013e-02	5.000146e+00
1.620000e+01	-9.550420e-02	5.009927e+00
1.623333e+01	-9.696040e-02	5.001861e+00
1.626667e+01	-1.017582e-01	4.975287e+00
1.630000e+01	-1.101098e-01	4.929028e+00
1.633333e+01	-1.216524e-01	4.865095e+00
1.636667e+01	-1.349533e-01	4.791422e+00
1.640000e+01	-1.482633e-01	4.717699e+00
1.643333e+01	-1.606409e-01	4.649140e+00
1.646667e+01	-1.722484e-01	4.584847e+00
1.650000e+01	-1.837589e-01	4.521092e+00
1.653333e+01	-1.956268e-01	4.455357e+00
1.656667e+01	-2.078313e-01	4.387757e+00
1.660000e+01	-2.200962e-01	4.319822e+00
1.663333e+01	-2.320874e-01	4.253404e+00
1.666667e+01	-2.430802e-01	4.192516e+00
1.670000e+01	-2.499082e-01	4.154696e+00
1.673333e+01	-2.433260e-01	4.191154e+00
1.676667e+01	-2.116139e-01	4.366805e+00
1.680000e+01	-1.563947e-01	4.672660e+00
1.683333e+01	-1.000537e-01	4.984728e+00
1.686667e+01	-6.759189e-02	5.164531e+00
1.690000e+01	-6.434043e-02	5.182541e+00
1.693333e+01	-7.602436e-02	5.117824e+00
1.696667e+01	-8.554327e-02	5.065100e+00
17	-8.603853e-02	5.062357e+00
1.703333e+01	-8.118779e-02	5.089224e+00
1.706667e+01	-7.758630e-02	5.109173e+00
1.710000e+01	-7.821677e-02	5.105681e+00
1.713333e+01	-8.154985e-02	5.087219e+00
1.716667e+01	-8.460268e-02	5.070310e+00
1.720000e+01	-8.587984e-02	5.063236e+00
1.723333e+01	-8.591712e-02	5.063029e+00
1.726667e+01	-8.600058e-02	5.062567e+00
1.730000e+01	-8.683613e-02	5.057939e+00
1.733333e+01	-8.823817e-02	5.050173e+00
1.736667e+01	-8.965264e-02	5.042338e+00
1.740000e+01	-9.074967e-02	5.036262e+00
1.743333e+01	-9.158912e-02	5.031612e+00
1.746667e+01	-9.240878e-02	5.027072e+00
1.750000e+01	-9.336164e-02	5.021795e+00
1.753333e+01	-9.443102e-02	5.015871e+00
1.756667e+01	-9.550471e-02	5.009924e+00
1.760000e+01	-9.645216e-02	5.004676e+00
1.763333e+01	-9.714128e-02	5.000859e+00
1.766667e+01	-9.728808e-02	5.000046e+00
1.770000e+01	-9.603371e-02	5.006994e+00
1.773333e+01	-9.237931e-02	5.027236e+00
1.776667e+01	-8.719456e-02	5.055953e+00
1.780000e+01	-8.343996e-02	5.076750e+00
1.783333e+01	-8.284149e-02	5.080065e+00
1.786667e+01	-8.425566e-02	5.072232e+00
1.790000e+01	-8.579349e-02	5.063714e+00
1.793333e+01	-8.612805e-02	5.061861e+00
1.796667e+01	-8.464558e-02	5.070072e+00
18	-8.257260e-02	5.081554e+00
1.803333e+01	-8.242711e-02	5.082360e+00
1.806667e+01	-8.520653e-02	5.066965e+00
1.810000e+01	-8.964853e-02	5.042361e+00
1.813333e+01	-9.401380e-02	5.018182e+00
1.816667e+01	-9.712667e-02	5.000940e+00
1.820000e+01	-9.844466e-02	4.993640e+00
1.823333e+01	-9.824146e-02	4.994766e+00
1.826667e+01	-9.743885e-02	4.999211e+00
1.830000e+01	-9.690505e-02	5.002168e+00
1.833333e+01	-9.755732e-02	4.998555e+00
1.836667e+01	-1.021069e-01	4.973355e+00
1.840000e+01	-1.146910e-01	4.903653e+00
1.843333e+01	-1.351199e-01	4.790499e+00
1.846667e+01	-1.550634e-01	4.680034e+00
1.850000e+01	-1.641718e-01	4.629583e+00
1.853333e+01	-1.595239e-01	4.655327e+00
1.856667e+01	-1.471449e-01	4.723894e+00
1.860000e+01	-1.354161e-01	4.788858e+00
1.863333e+01	-1.284292e-01	4.827558e+00
1.866667e+01	-1.248556e-01	4.847352e+00
1.870000e+01	-1.212990e-01	4.867052e+00
1.873333e+01	-1.158115e-01	4.897447e+00
1.876667e+01	-1.087951e-01	4.936310e+00
1.880000e+01	-1.016861e-01	4.975686e+00
1.883333e+01	-9.538510e-02	5.010587e+00
1.886667e+01	-8.983797e-02	5.041312e+00
1.890000e+01	-8.479262e-02	5.069258e+00
1.893333e+01	-8.064503e-02	5.092231e+00
1.896667e+01	-7.823514e-02	5.105579e+00
19	-7.783091e-02	5.107818e+00
1.903333e+01	-7.866028e-02	5.103224e+00
1.906667e+01	-7.954238e-02	5.098338e+00
1.910000e+01	-7.979317e-02	5.096949e+00
1.913333e+01	-7.863550e-02	5.103361e+00
1.916667e+01	-7.251442e-02	5.137266e+00
1.920000e+01	-5.565004e-02	5.230676e+00
1.923333e+01	-2.804883e-02	5.383557e+00
1.926667e+01	-7.027834e-04	5.535024e+00
1.930000e+01	1.280818e-02	5.609860e+00
1.933333e+01	8.946241e-03	5.588469e+00
1.936667e+01	-4.153337e-03	5.515912e+00
1.940000e+01	-1.571387e-02	5.451879e+00
1.943333e+01	-2.089506e-02	5.423181e+00
1.946667e+01	-2.184244e-02	5.417933e+00
1.950000e+01	-2.305790e-02	5.411201e+00
1.953333e+01	-2.690278e-02	5.389905e+00
1.956667e+01	-3.266460e-02	5.357990e+00
1.960000e+01	-3.842305e-02	5.326095e+00
1.963333e+01	-4.307393e-02	5.300334e+00
1.966667e+01	-4.685389e-02	5.279397e+00
1.970000e+01	-5.058679e-02	5.258721e+00
1.973333e+01	-5.478564e-02	5.235464e+00
1.976667e+01	-5.937917e-02	5.210021e+00
1.980000e+01	-6.401483e-02	5.184344e+00
1.983333e+01	-6.845569e-02	5.159747e+00
1.986667e+01	-7.271853e-02	5.136135e+00
1.990000e+01	-7.695350e-02	5.112678e+00
1.993333e+01	-8.126932e-02	5.088773e+00
1.996667e+01	-8.566504e-02	5.064425e+00
20	-9.007707e-02	5.039988e+00
2.003333e+01	-9.445580e-02	5.015734e+00
2.006667e+01	-9.875260e-02	4.991934e+00
2.010000e+01	-1.027794e-01	4.969630e+00
2.013333e+01	-1.061864e-01	4.950759e+00
2.016667e+01	-1.087592e-01	4.936509e+00
2.020000e+01	-1.103147e-01	4.927893e+00
2.023333e+01	-1.095024e-01	4.932392e+00
2.026667e+01	-1.037723e-01	4.964131e+00
2.030000e+01	-9.483624e-02	5.013627e+00
2.033333e+01	-9.659641e-02	5.003877e+00
2.036667e+01	-1.290802e-01	4.823952e+00
2.040000e+01	-1.936988e-01	4.466035e+00
2.043333e+01	-2.613421e-01	4.091364e+00
2.046667e+01	-2.969667e-01	3.894043e+00
2.050000e+01	-2.918107e-01	3.922602e+00
2.053333e+01	-2.657219e-01	4.067106e+00
2.056667e+01	-2.440143e-01	4.187342e+00
2.060000e+01	-2.372873e-01	4.224602e+00
2.063333e+01	-2.399062e-01	4.210097e+00
2.066667e+01	-2.413576e-01	4.202057e+00
2.070000e+01	-2.365402e-01	4.228740e+00
2.073333e+01	-2.274607e-01	4.279031e+00
2.076667e+01	-2.186365e-01	4.327907e+00
2.080000e+01	-2.124720e-01	4.362052e+00
2.083333e+01	-2.082564e-01	4.385402e+00
2.086667e+01	-2.040413e-01	4.408749e+00
2.090000e+01	-1.987008e-01	4.438330e+00
2.093333e+01	-1.924722e-01	4.472829e+00
2.096667e+01	-1.861934e-01	4.507607e+00
21	-1.803880e-01	4.539763e+00
2.103333e+01	-1.749851e-01	4.569689e+00
2.106667e+01	-1.696262e-01	4.599371e+00
2.110000e+01	-1.640695e-01	4.630149e+00
2.113333e+01	-1.583313e-01	4.661933e+00
2.116667e+01	-1.525642e-01	4.693877e+00
2.120000e+01	-1.468792e-01	4.725365e+00
2.123333e+01	-1.412756e-01	4.756403e+00
2.126667e+01	-1.356889e-01	4.787348e+00
2.130000e+01	-1.300683e-01	4.818479e+00
2.133333e+01	-1.244114e-01	4.849812e+00
2.136667e+01	-1.188052e-01	4.880865e+00
2.140000e+01	-1.135507e-01	4.909969e+00
2.143333e+01	-1.091326e-01	4.934441e+00
2.146667e+01	-1.058197e-01	4.952791e+00
2.150000e+01	-1.033282e-01	4.966591e+00
2.153333e+01	-1.010876e-01	4.979001e+00
2.156667e+01	-9.890304e-02	4.991101e+00
2.160000e+01	-9.720124e-02	5.000527e+00
2.163333e+01	-9.648754e-02	5.004480e+00
2.166667e+01	-9.670269e-02	5.003289e+00
2.170000e+01	-9.726049e-02	5.000199e+00
2.173333e+01	-9.759395e-02	4.998352e+00
2.176667e+01	-9.754837e-02	4.998605e+00
2.180000e+01	-9.732433e-02	4.999846e+00
2.183333e+01	-9.717416e-02	5.000677e+00
2.186667e+01	-9.718443e-02	5.000620e+00
2.190000e+01	-9.727884e-02	5.000097e+00
2.193333e+01	-9.734724e-02	4.999719e+00
2.196667e+01	-9.734665e-02	4.999722e+00
22	-9.730668e-02	4.999943e+00
2.203333e+01	-9.727551e-02	5.000116e+00
2.206667e+01	-9.727401e-02	5.000124e+00
2.210000e+01	-9.729084e-02	5.000031e+00
2.213333e+01	-9.730498e-02	4.999953e+00
2.216667e+01	-9.730641e-02	4.999945e+00
2.220000e+01	-9.729937e-02	4.999984e+00
2.223333e+01	-9.671823e-02	5.003203e+00
2.226667e+01	-9.284695e-02	5.024645e+00
2.230000e+01	-8.134153e-02	5.088373e+00
2.233333e+01	-6.152791e-02	5.198119e+00
2.236667e+01	-4.000751e-02	5.317319e+00
2.240000e+01	-2.550159e-02	5.397666e+00
2.243333e+01	-2.074380e-02	5.424019e+00
2.246667e+01	-2.121956e-02	5.421384e+00
2.250000e+01	-2.064909e-02	5.424543e+00
2.253333e+01	-1.624071e-02	5.448961e+00
2.256667e+01	-9.341480e-03	5.487175e+00
2.260000e+01	-2.654577e-03	5.524213e+00
2.263333e+01	2.436904e-03	5.552415e+00
2.266667e+01	6.391878e-03	5.574321e+00
2.270000e+01	1.031862e-02	5.596071e+00
2.273333e+01	1.457926e-02	5.619670e+00
2.276667e+01	1.713037e-02	5.633801e+00
2.280000e+01	1.106831e-02	5.600223e+00
2.283333e+01	-1.265464e-02	5.468824e+00
2.286667e+01	-5.326590e-02	5.243882e+00
2.290000e+01	-9.397053e-02	5.018422e+00
2.293333e+01	-1.165082e-01	4.893588e+00
2.296667e+01	-1.209922e-01	4.868751e+00
23	-1.224272e-01	4.860803e+00
2.303333e+01	-1.275600e-01	4.832373e+00
2.306667e+01	-1.275141e-01	4.832627e+00
2.310000e+01	-1.154350e-01	4.899532e+00
2.313333e+01	-9.841326e-02	4.993814e+00
2.316667e+01	-8.840204e-02	5.049265e+00
2.320000e+01	-8.937013e-02	5.043903e+00
2.323333e+01	-9.592232e-02	5.007611e+00
2.326667e+01	-1.006908e-01	4.981199e+00
2.330000e+01	-1.007558e-01	4.980839e+00
2.333333e+01	-9.807526e-02	4.995686e+00
2.336667e+01	-9.592086e-02	5.007619e+00
2.340000e+01	-9.595610e-02	5.007424e+00
2.343333e+01	-9.834772e-02	4.994177e+00
2.346667e+01	-1.032172e-01	4.967205e+00
2.350000e+01	-1.107568e-01	4.925444e+00
2.353333e+01	-1.201643e-01	4.873337e+00
2.356667e+01	-1.291535e-01	4.823547e+00
2.360000e+01	-1.351768e-01	4.790184e+00
2.363333e+01	-1.379424e-01	4.774866e+00
2.366667e+01	-1.401278e-01	4.762761e+00
2.370000e+01	-1.442880e-01	4.739717e+00
2.373333e+01	-1.498989e-01	4.708640e+00
2.376667e+01	-1.549639e-01	4.680585e+00
2.380000e+01	-1.592302e-01	4.656954e+00
2.383333e+01	-1.637460e-01	4.631941e+00
2.386667e+01	-1.682630e-01	4.606922e+00
2.390000e+01	-1.711413e-01	4.590980e+00
2.393333e+01	-1.715008e-01	4.588988e+00
2.396667e+01	-1.702389e-01	4.595978e+00
24	-1.689938e-01	4.602874e+00
2.403333e+01	-1.688903e-01	4.603448e+00
2.406667e+01	-1.706335e-01	4.593792e+00
2.410000e+01	-1.748787e-01	4.570278e+00
2.413333e+01	-1.811801e-01	4.535375e+00
2.416667e+01	-1.873520e-01	4.501189e+00
2.420000e+01	-1.916686e-01	4.477280e+00
2.423333e+01	-1.950355e-01	4.458632e+00
2.426667e+01	-1.992749e-01	4.435150e+00
2.430000e+01	-2.040910e-01	4.408474e+00
2.433333e+01	-2.062140e-01	4.396715e+00
2.436667e+01	-1.990727e-01	4.436270e+00
2.440000e+01	-1.754560e-01	4.567080e+00
2.443333e+01	-1.373537e-01	4.778126e+00
2.446667e+01	-1.012573e-01	4.978061e+00
2.450000e+01	-8.579545e-02	5.063703e+00
2.453333e+01	-9.354355e-02	5.020787e+00
2.456667e+01	-1.079687e-01	4.940887e+00
2.460000e+01	-1.086636e-01	4.937038e+00
2.463333e+01	-8.997981e-02	5.040526e+00
2.466667e+01	-6.467898e-02	5.180665e+00
2.470000e+01	-4.958552e-02	5.264267e+00
2.473333e+01	-4.990528e-02	5.262496e+00
2.476667e+01	-5.737185e-02	5.221139e+00
2.480000e+01	-6.039031e-02	5.204420e+00
2.483333e+01	-5.463135e-02	5.236318e+00
2.486667e+01	-4.493650e-02	5.290017e+00
2.490000e+01	-3.865689e-02	5.324800e+00
2.493333e+01	-3.858399e-02	5.325203e+00
2.496667e+01	-4.183912e-02	5.307173e+00
25	-4.336909e-02	5.298699e+00
2.503333e+01	-3.992623e-02	5.317769e+00
2.506667e+01	-3.238553e-02	5.359536e+00
2.510000e+01	-2.496770e-02	5.400623e+00
2.513333e+01	-2.150490e-02	5.419803e+00
2.516667e+01	-2.234236e-02	5.415164e+00
2.520000e+01	-2.488366e-02	5.401088e+00
2.523333e+01	-2.644807e-02	5.392423e+00
2.526667e+01	-2.625739e-02	5.393479e+00
2.530000e+01	-2.522014e-02	5.399225e+00
2.533333e+01	-2.451417e-02	5.403135e+00
2.536667e+01	-2.455473e-02	5.402910e+00
2.540000e+01	-2.499315e-02	5.400482e+00
2.543333e+01	-2.531504e-02	5.398699e+00
2.546667e+01	-2.531560e-02	5.398696e+00
2.550000e+01	-2.513013e-02	5.399723e+00
2.553333e+01	-2.498353e-02	5.400535e+00
2.556667e+01	-2.497506e-02	5.400582e+00
2.560000e+01	-2.505308e-02	5.400150e+00
2.563333e+01	-2.511952e-02	5.399782e+00
2.566667e+01	-2.512685e-02	5.399741e+00
2.570000e+01	-2.509425e-02	5.399922e+00
2.573333e+01	-2.506430e-02	5.400088e+00
2.576667e+01	-2.505950e-02	5.400114e+00
2.580000e+01	-2.507302e-02	5.400040e+00
2.583333e+01	-2.623599e-02	5.393598e+00
2.586667e+01	-3.387723e-02	5.351274e+00
2.590000e+01	-5.610720e-02	5.228144e+00
2.593333e+01	-9.297653e-02	5.023928e+00
2.596667e+01	-1.297899e-01	4.820021e+00
26	-1.473989e-01	4.722486e+00
2.603333e+01	-1.367871e-01	4.781264e+00
2.606667e+01	-1.031892e-01	4.967361e+00
2.610000e+01	-6.254721e-02	5.192473e+00
2.613333e+01	-3.366201e-02	5.352466e+00
2.616667e+01	-2.693257e-02	5.389740e+00
2.620000e+01	-3.841051e-02	5.326164e+00
2.623333e+01	-5.552350e-02	5.231377e+00
2.626667e+01	-6.803117e-02	5.162098e+00
2.630000e+01	-7.390364e-02	5.129571e+00
2.633333e+01	-7.712161e-02	5.111747e+00
2.636667e+01	-8.199458e-02	5.084756e+00
2.640000e+01	-8.967338e-02	5.042224e+00
2.643333e+01	-9.860525e-02	4.992751e+00
2.646667e+01	-1.069081e-01	4.946762e+00
2.650000e+01	-1.139936e-01	4.907516e+00
2.653333e+01	-1.204066e-01	4.871995e+00
2.656667e+01	-1.265438e-01	4.838001e+00
2.660000e+01	-1.317269e-01	4.809293e+00
2.663333e+01	-1.347335e-01	4.792639e+00
2.666667e+01	-1.351900e-01	4.790111e+00
2.670000e+01	-1.341059e-01	4.796115e+00
2.673333e+01	-1.329939e-01	4.802275e+00
2.676667e+01	-1.327020e-01	4.803892e+00
2.680000e+01	-1.330907e-01	4.801738e+00
2.683333e+01	-1.335599e-01	4.799140e+00
2.686667e+01	-1.337061e-01	4.798330e+00
2.690000e+01	-1.335518e-01	4.799185e+00
2.693333e+01	-1.333464e-01	4.800322e+00
2.696667e+01	-1.332737e-01	4.800725e+00
27	-1.333350e-01	4.800385e+00
2.703333e+01	-1.334253e-01	4.799885e+00
2.706667e+01	-1.334611e-01	4.799687e+00
2.710000e+01	-1.334372e-01	4.799819e+00
2.713333e+01	-1.333976e-01	4.800038e+00
2.716667e+01	-1.333803e-01	4.800135e+00
2.720000e+01	-1.333894e-01	4.800084e+00
2.723333e+01	-1.334067e-01	4.799988e+00
2.726667e+01	-1.334150e-01	4.799942e+00
2.730000e+01	-1.334116e-01	4.799961e+00
2.733333e+01	-1.334041e-01	4.800003e+00
2.736667e+01	-1.334002e-01	4.800025e+00
2.740000e+01	-1.334014e-01	4.800018e+00
2.743333e+01	-1.334046e-01	4.800000e+00
2.746667e+01	-1.334065e-01	4.799990e+00
2.750000e+01	-1.334061e-01	4.799992e+00
2.753333e+01	-1.334047e-01	4.800000e+00
2.756667e+01	-1.334038e-01	4.800004e+00
2.760000e+01	-1.334039e-01	4.800004e+00
2.763333e+01	-1.334045e-01	4.800000e+00
2.766667e+01	-1.334049e-01	4.799998e+00
2.770000e+01	-1.334049e-01	4.799998e+00
2.773333e+01	-1.334046e-01	4.800000e+00
2.776667e+01	-1.334044e-01	4.800001e+00
2.780000e+01	-1.334044e-01	4.800001e+00
2.783333e+01	-1.334046e-01	4.800000e+00
2.786667e+01	-1.334046e-01	4.800000e+00
2.790000e+01	-1.334046e-01	4.800000e+00
2.793333e+01	-1.334046e-01	4.800000e+00
2.796667e+01	-1.334046e-01	4.800000e+00
28	-1.334046e-01	4.800000e+00
2.803333e+01	-1.334046e-01	4.800000e+00
2.806667e+01	-1.334046e-01	4.800000e+00
2.810000e+01	-1.332130e-01	4.801061e+00
2.813333e+01	-1.319399e-01	4.808113e+00
2.816667e+01	-1.282340e-01	4.828639e+00
2.820000e+01	-1.220881e-01	4.862681e+00
2.823333e+01	-1.159204e-01	4.896844e+00
2.826667e+01	-1.126396e-01	4.915015e+00
2.830000e+01	-1.128999e-01	4.913574e+00
2.833333e+01	-1.148812e-01	4.902599e+00
2.836667e+01	-1.165290e-01	4.893472e+00
2.840000e+01	-1.178495e-01	4.886158e+00
2.843333e+01	-1.207685e-01	4.869990e+00
2.846667e+01	-1.262683e-01	4.839527e+00
2.850000e+01	-1.323792e-01	4.805679e+00
2.853333e+01	-1.359870e-01	4.785696e+00
2.856667e+01	-1.360170e-01	4.785530e+00
2.860000e+01	-1.340756e-01	4.796283e+00
2.863333e+01	-1.324833e-01	4.805103e+00
2.866667e+01	-1.323055e-01	4.806088e+00
2.870000e+01	-1.330682e-01	4.801863e+00
2.873333e+01	-1.337705e-01	4.797973e+00
2.876667e+01	-1.338857e-01	4.797335e+00
2.880000e+01	-1.335722e-01	4.799071e+00
2.883333e+01	-1.332589e-01	4.800807e+00
2.886667e+01	-1.331929e-01	4.801172e+00
2.890000e+01	-1.333218e-01	4.800458e+00
2.893333e+01	-1.334616e-01	4.799684e+00
2.896667e+01	-1.334974e-01	4.799486e+00
29	-1.334448e-01	4.799777e+00
2.903333e+01	-1.333827e-01	4.800121e+00
2.906667e+01	-1.333641e-01	4.800224e+00
2.910000e+01	-1.333853e-01	4.800107e+00
2.913333e+01	-1.334127e-01	4.799955e+00
2.916667e+01	-1.334222e-01	4.799903e+00
2.920000e+01	-1.334138e-01	4.799949e+00
2.923333e+01	-1.334017e-01	4.800016e+00
2.926667e+01	-1.333970e-01	4.800042e+00
2.930000e+01	-1.334003e-01	4.800024e+00
2.933333e+01	-1.334056e-01	4.799994e+00
2.936667e+01	-1.334079e-01	4.799982e+00
2.940000e+01	-1.332150e-01	4.801050e+00
2.943333e+01	-1.319396e-01	4.808114e+00
2.946667e+01	-1.282326e-01	4.828647e+00
2.950000e+01	-1.220872e-01	4.862686e+00
2.953333e+01	-1.159204e-01	4.896843e+00
2.956667e+01	-1.126402e-01	4.915012e+00
2.960000e+01	-1.129003e-01	4.913571e+00
2.963333e+01	-1.148812e-01	4.902599e+00
2.966667e+01	-1.165288e-01	4.893474e+00
2.970000e+01	-1.191904e-01	4.878731e+00
2.973333e+01	-1.310211e-01	4.813202e+00
2.976667e+01	-1.624625e-01	4.639051e+00
2.980000e+01	-2.114030e-01	4.367973e+00
2.983333e+01	-2.567203e-01	4.116965e+00
2.986667e+01	-2.745449e-01	4.018236e+00
2.990000e+01	-2.594652e-01	4.101761e+00
2.993333e+01	-2.265194e-01	4.284245e+00
2.996667e+01	-1.953831e-01	4.456706e+00
30	-1.753091e-01	4.567894e+00
3.003333e+01	-1.629966e-01	4.636092e+00
3.006667e+01	-1.505672e-01	4.704938e+00
3.010000e+01	-1.336318e-01	4.798741e+00
3.013333e+01	-1.132229e-01	4.911785e+00
3.016667e+01	-9.267234e-02	5.025613e+00
3.020000e+01	-7.420332e-02	5.127911e+00
3.023333e+01	-5.857784e-02	5.214459e+00
3.026667e+01	-4.757118e-02	5.275424e+00
3.030000e+01	-4.624477e-02	5.282771e+00
3.033333e+01	-6.010850e-02	5.205981e+00
3.036667e+01	-8.691097e-02	5.057524e+00
3.040000e+01	-1.138699e-01	4.908201e+00
3.043333e+01	-1.276181e-01	4.832051e+00
3.046667e+01	-1.258071e-01	4.842082e+00
3.050000e+01	-1.169285e-01	4.891259e+00
3.053333e+01	-1.107949e-01	4.925233e+00
3.056667e+01	-1.109086e-01	4.924603e+00
3.060000e+01	-1.144158e-01	4.905177e+00
3.063333e+01	-1.167216e-01	4.892406e+00
3.066667e+01	-1.153081e-01	4.900235e+00
3.070000e+01	-1.104891e-01	4.926927e+00
3.073333e+01	-1.041111e-01	4.962254e+00
3.076667e+01	-9.789045e-02	4.996710e+00
3.080000e+01	-9.248395e-02	5.026656e+00
3.083333e+01	-8.759366e-02	5.053743e+00
3.086667e+01	-8.265316e-02	5.081108e+00
3.090000e+01	-7.738762e-02	5.110273e+00
3.093333e+01	-7.189967e-02	5.140671e+00
3.096667e+01	-6.642470e-02	5.170996e+00
31	-6.108793e-02	5.200556e+00
3.103333e+01	-5.585224e-02	5.229556e+00
3.106667e+01	-5.061631e-02	5.258557e+00
3.110000e+01	-4.532175e-02	5.287884e+00
3.113333e+01	-4.003745e-02	5.317153e+00
3.116667e+01	-3.506877e-02	5.344674e+00
3.120000e+01	-3.089666e-02	5.367783e+00
3.123333e+01	-2.898705e-02	5.378360e+00
3.126667e+01	-3.466499e-02	5.346910e+00
3.130000e+01	-5.588819e-02	5.229357e+00
3.133333e+01	-9.251434e-02	5.026488e+00
3.136667e+01	-1.297289e-01	4.820359e+00
3.140000e+01	-1.497036e-01	4.709721e+00
3.143333e+01	-1.482681e-01	4.717672e+00
3.146667e+01	-1.363242e-01	4.783829e+00
3.150000e+01	-1.274739e-01	4.832850e+00
3.153333e+01	-1.273240e-01	4.833680e+00
3.156667e+01	-1.333385e-01	4.800366e+00
3.160000e+01	-1.409690e-01	4.758101e+00
3.163333e+01	-1.476738e-01	4.720964e+00
3.166667e+01	-1.531457e-01	4.690656e+00
3.170000e+01	-1.583701e-01	4.661718e+00
3.173333e+01	-1.641951e-01	4.629454e+00
3.176667e+01	-1.704734e-01	4.594679e+00
3.180000e+01	-1.767953e-01	4.559662e+00
3.183333e+01	-1.827847e-01	4.526488e+00
3.186667e+01	-1.874200e-01	4.500813e+00
3.190000e+01	-1.895366e-01	4.489089e+00
3.193333e+01	-1.892018e-01	4.490944e+00
3.196667e+01	-1.878187e-01	4.498605e+00
32	-1.868760e-01	4.503827e+00
3.203333e+01	-1.868898e-01	4.503750e+00
3.206667e+01	-1.874298e-01	4.500759e+00
3.210000e+01	-1.878462e-01	4.498452e+00
3.213333e+01	-1.878645e-01	4.498351e+00
3.216667e+01	-1.876398e-01	4.499596e+00
3.220000e+01	-1.874524e-01	4.500633e+00
3.223333e+01	-1.874345e-01	4.500733e+00
3.226667e+01	-1.873370e-01	4.501273e+00
3.230000e+01	-1.861484e-01	4.507856e+00
3.233333e+01	-1.822632e-01	4.529376e+00
3.236667e+01	-1.748051e-01	4.570686e+00
3.240000e+01	-1.648935e-01	4.625585e+00
3.243333e+01	-1.554595e-01	4.677840e+00
3.246667e+01	-1.493766e-01	4.711532e+00
3.250000e+01	-1.468211e-01	4.725687e+00
3.253333e+01	-1.448357e-01	4.736684e+00
3.256667e+01	-1.407120e-01	4.759525e+00
3.260000e+01	-1.352059e-01	4.790022e+00
3.263333e+01	-1.313244e-01	4.811522e+00
3.266667e+01	-1.307436e-01	4.814739e+00
3.270000e+01	-1.324091e-01	4.805514e+00
3.273333e+01	-1.340999e-01	4.796149e+00
3.276667e+01	-1.345132e-01	4.793859e+00
3.280000e+01	-1.338790e-01	4.797372e+00
3.283333e+01	-1.331419e-01	4.801455e+00
3.286667e+01	-1.329252e-01	4.802656e+00
3.290000e+01	-1.331786e-01	4.801252e+00
3.293333e+01	-1.335033e-01	4.799453e+00
3.296667e+01	-1.336129e-01	4.798846e+00
33	-1.335118e-01	4.799406e+00
3.303333e+01	-1.333688e-01	4.800198e+00
3.306667e+01	-1.333144e-01	4.800499e+00
3.310000e+01	-1.327793e-01	4.803463e+00
3.313333e+01	-1.288313e-01	4.825331e+00
3.316667e+01	-1.164670e-01	4.893816e+00
3.320000e+01	-9.430813e-02	5.016552e+00
3.323333e+01	-6.963158e-02	5.153233e+00
3.326667e+01	-5.360879e-02	5.241982e+00
3.330000e+01	-5.118829e-02	5.255389e+00
3.333333e+01	-5.789412e-02	5.218246e+00
3.336667e+01	-6.574919e-02	5.174738e+00
3.340000e+01	-7.027274e-02	5.149682e+00
3.343333e+01	-7.231510e-02	5.138370e+00
3.346667e+01	-7.520136e-02	5.122383e+00
3.350000e+01	-8.101009e-02	5.090209e+00
3.353333e+01	-8.916097e-02	5.045062e+00
3.356667e+01	-9.768643e-02	4.997840e+00
3.360000e+01	-1.052026e-01	4.956209e+00
3.363333e+01	-1.117003e-01	4.920218e+00
3.366667e+01	-1.179668e-01	4.885509e+00
3.370000e+01	-1.245606e-01	4.848986e+00
3.373333e+01	-1.311136e-01	4.812690e+00
3.376667e+01	-1.364376e-01	4.783200e+00
3.380000e+01	-1.397254e-01	4.764989e+00
3.383333e+01	-1.417940e-01	4.753532e+00
3.386667e+01	-1.444119e-01	4.739031e+00
3.390000e+01	-1.481419e-01	4.718371e+00
3.393333e+01	-1.516196e-01	4.699109e+00
3.396667e+01	-1.530251e-01	4.691324e+00
34	-1.513177e-01	4.700781e+00
3.403333e+01	-1.463763e-01	4.728151e+00
3.406667e+01	-1.394746e-01	4.766378e+00
3.410000e+01	-1.334020e-01	4.800014e+00
3.413333e+01	-1.308174e-01	4.814330e+00
3.416667e+01	-1.326937e-01	4.803938e+00
3.420000e+01	-1.385527e-01	4.771485e+00
3.423333e+01	-1.472149e-01	4.723506e+00
3.426667e+01	-1.571713e-01	4.668358e+00
3.430000e+01	-1.670837e-01	4.613454e+00
3.433333e+01	-1.761411e-01	4.563286e+00
3.436667e+01	-1.837924e-01	4.520906e+00
3.440000e+01	-1.898479e-01	4.487365e+00
3.443333e+01	-1.950581e-01	4.458506e+00
3.446667e+01	-2.002822e-01	4.429570e+00
3.450000e+01	-2.049276e-01	4.403840e+00
3.453333e+01	-2.074813e-01	4.389695e+00
3.456667e+01	-2.074830e-01	4.389686e+00
3.460000e+01	-2.061138e-01	4.397270e+00
3.463333e+01	-2.049885e-01	4.403503e+00
3.466667e+01	-2.048507e-01	4.404266e+00
3.470000e+01	-2.053767e-01	4.401352e+00
3.473333e+01	-2.058696e-01	4.398622e+00
3.476667e+01	-2.057647e-01	4.399203e+00
3.480000e+01	-2.042512e-01	4.407587e+00
3.483333e+01	-2.001308e-01	4.430409e+00
3.486667e+01	-1.932468e-01	4.468539e+00
3.490000e+01	-1.856584e-01	4.510571e+00
3.493333e+01	-1.801440e-01	4.541114e+00
3.496667e+01	-1.776617e-01	4.554863e+00
35	-1.768732e-01	4.559231e+00
3.503333e+01	-1.758163e-01	4.565085e+00
3.506667e+01	-1.735746e-01	4.577501e+00
3.510000e+01	-1.705328e-01	4.594350e+00
3.513333e+01	-1.675317e-01	4.610973e+00
3.516667e+01	-1.650212e-01	4.624878e+00
3.520000e+01	-1.628746e-01	4.636768e+00
3.523333e+01	-1.607576e-01	4.648494e+00
3.526667e+01	-1.585784e-01	4.660565e+00
3.530000e+01	-1.565838e-01	4.671612e+00
3.533333e+01	-1.563890e-01	4.672691e+00
3.536667e+01	-1.642041e-01	4.629404e+00
3.540000e+01	-1.878929e-01	4.498194e+00
3.543333e+01	-2.224659e-01	4.306697e+00
3.546667e+01	-2.465602e-01	4.173240e+00
3.550000e+01	-2.432118e-01	4.191787e+00
3.553333e+01	-2.169918e-01	4.337018e+00
3.556667e+01	-1.913607e-01	4.478986e+00
3.560000e+01	-1.941425e-01	4.463578e+00
3.563333e+01	-2.332142e-01	4.247163e+00
3.566667e+01	-2.833570e-01	3.969426e+00
3.570000e+01	-3.075249e-01	3.835562e+00
3.573333e+01	-2.882506e-01	3.942321e+00
3.576667e+01	-2.359539e-01	4.231988e+00
3.580000e+01	-1.775273e-01	4.555608e+00
3.583333e+01	-1.391512e-01	4.768170e+00
3.586667e+01	-1.307500e-01	4.814704e+00
3.590000e+01	-1.424974e-01	4.749636e+00
3.593333e+01	-1.566035e-01	4.671503e+00
3.596667e+01	-1.620335e-01	4.641427e+00
36	-1.593341e-01	4.656379e+00
3.603333e+01	-1.551109e-01	4.679771e+00
3.606667e+01	-1.543029e-01	4.684246e+00
3.610000e+01	-1.570464e-01	4.669050e+00
3.613333e+01	-1.606191e-01	4.649261e+00
3.616667e+01	-1.627989e-01	4.637187e+00
3.620000e+01	-1.634033e-01	4.633840e+00
3.623333e+01	-1.635705e-01	4.632914e+00
3.626667e+01	-1.643029e-01	4.628857e+00
3.630000e+01	-1.657210e-01	4.621002e+00
3.633333e+01	-1.672912e-01	4.612305e+00
3.636667e+01	-1.684598e-01	4.605832e+00
3.640000e+01	-1.690726e-01	4.602438e+00
3.643333e+01	-1.702825e-01	4.595736e+00
3.646667e+01	-1.767721e-01	4.559791e+00
3.650000e+01	-1.953864e-01	4.456688e+00
3.653333e+01	-2.250021e-01	4.292649e+00
3.656667e+01	-2.499102e-01	4.154685e+00
3.660000e+01	-2.539656e-01	4.132222e+00
3.663333e+01	-2.389347e-01	4.215478e+00
3.666667e+01	-2.176899e-01	4.333150e+00
3.670000e+01	-1.970825e-01	4.447293e+00
3.673333e+01	-1.786025e-01	4.549653e+00
3.676667e+01	-1.658363e-01	4.620363e+00
3.680000e+01	-1.622393e-01	4.640287e+00
3.683333e+01	-1.668210e-01	4.614909e+00
3.686667e+01	-1.753930e-01	4.567430e+00
3.690000e+01	-1.836756e-01	4.521553e+00
3.693333e+01	-1.888240e-01	4.493037e+00
3.696667e+01	-1.900902e-01	4.486023e+00
37	-1.888248e-01	4.493032e+00
3.703333e+01	-1.872073e-01	4.501991e+00
3.706667e+01	-1.866153e-01	4.505270e+00
3.710000e+01	-1.870388e-01	4.502924e+00
3.713333e+01	-1.876980e-01	4.499273e+00
3.716667e+01	-1.879715e-01	4.497758e+00
3.720000e+01	-1.876167e-01	4.499723e+00
3.723333e+01	-1.860584e-01	4.508355e+00
3.726667e+01	-1.822222e-01	4.529603e+00
3.730000e+01	-1.761385e-01	4.563301e+00
3.733333e+01	-1.700949e-01	4.596775e+00
3.736667e+01	-1.668762e-01	4.614603e+00
3.740000e+01	-1.671136e-01	4.613288e+00
3.743333e+01	-1.690411e-01	4.602612e+00
3.746667e+01	-1.704680e-01	4.594709e+00
3.750000e+01	-1.705235e-01	4.594402e+00
3.753333e+01	-1.697598e-01	4.598632e+00
3.756667e+01	-1.691274e-01	4.602134e+00
3.760000e+01	-1.690680e-01	4.602464e+00
3.763333e+01	-1.693850e-01	4.600708e+00
3.766667e+01	-1.696689e-01	4.599135e+00
3.770000e+01	-1.697096e-01	4.598910e+00
3.773333e+01	-1.695778e-01	4.599640e+00
3.776667e+01	-1.694503e-01	4.600346e+00
3.780000e+01	-1.694259e-01	4.600481e+00
3.783333e+01	-1.694803e-01	4.600180e+00
3.786667e+01	-1.695373e-01	4.599864e+00
3.790000e+01	-1.695509e-01	4.599789e+00
3.793333e+01	-1.695286e-01	4.599912e+00
3.796667e+01	-1.695032e-01	4.600053e+00
38	-1.694961e-01	4.600092e+00
3.803333e+01	-1.695051e-01	4.600042e+00
3.806667e+01	-1.708574e-01	4.592552e+00
3.810000e+01	-1.797726e-01	4.543171e+00
3.813333e+01	-2.057105e-01	4.399504e+00
3.816667e+01	-2.487267e-01	4.161240e+00
3.820000e+01	-2.905580e-01	3.929540e+00
3.823333e+01	-3.046132e-01	3.851690e+00
3.826667e+01	-2.768520e-01	4.005457e+00
3.830000e+01	-2.199624e-01	4.320564e+00
3.833333e+01	-1.665941e-01	4.616166e+00
3.836667e+01	-1.432959e-01	4.745213e+00
3.840000e+01	-1.506259e-01	4.704612e+00
3.843333e+01	-1.690180e-01	4.602740e+00
3.846667e+01	-1.795969e-01	4.544144e+00
3.850000e+01	-1.775425e-01	4.555524e+00
3.853333e+01	-1.696574e-01	4.599199e+00
3.856667e+01	-1.641003e-01	4.629979e+00
3.860000e+01	-1.634894e-01	4.633363e+00
3.863333e+01	-1.653071e-01	4.623295e+00
3.866667e+01	-1.661417e-01	4.618672e+00
3.870000e+01	-1.647931e-01	4.626142e+00
3.873333e+01	-1.622940e-01	4.639984e+00
3.876667e+01	-1.601515e-01	4.651851e+00
3.880000e+01	-1.589559e-01	4.658473e+00
3.883333e+01	-1.583014e-01	4.662099e+00
3.886667e+01	-1.575264e-01	4.666391e+00
3.890000e+01	-1.563565e-01	4.672871e+00
3.893333e+01	-1.550066e-01	4.680348e+00
3.896667e+01	-1.538556e-01	4.686723e+00
39	-1.530547e-01	4.691160e+00
3.903333e+01	-1.526482e-01	4.693411e+00
3.906667e+01	-1.531772e-01	4.690481e+00
3.910000e+01	-1.561148e-01	4.674210e+00
3.913333e+01	-1.647099e-01	4.626602e+00
3.916667e+01	-1.823477e-01	4.528908e+00
3.920000e+01	-2.039771e-01	4.409105e+00
3.923333e+01	-2.128455e-01	4.359983e+00
3.926667e+01	-1.967937e-01	4.448893e+00
3.930000e+01	-1.651179e-01	4.624343e+00
3.933333e+01	-1.401712e-01	4.762520e+00
3.936667e+01	-1.350253e-01	4.791023e+00
3.940000e+01	-1.445793e-01	4.738104e+00
3.943333e+01	-1.552262e-01	4.679132e+00
3.946667e+01	-1.577365e-01	4.665227e+00
3.950000e+01	-1.502929e-01	4.706457e+00
3.953333e+01	-1.345507e-01	4.793652e+00
3.956667e+01	-1.151273e-01	4.901236e+00
3.960000e+01	-1.020688e-01	4.973567e+00
3.963333e+01	-1.066471e-01	4.948207e+00
3.966667e+01	-1.303438e-01	4.816954e+00
3.970000e+01	-1.603736e-01	4.650621e+00
3.973333e+01	-1.798619e-01	4.542677e+00
3.976667e+01	-1.821273e-01	4.530129e+00
3.980000e+01	-1.737794e-01	4.576367e+00
3.983333e+01	-1.658802e-01	4.620120e+00
3.986667e+01	-1.642926e-01	4.628914e+00
3.990000e+01	-1.675054e-01	4.611119e+00
3.993333e+01	-1.707405e-01	4.593199e+00
3.996667e+01	-1.703177e-01	4.595542e+00
40	-1.653089e-01	4.623284e+00
4.003333e+01	-1.576473e-01	4.665722e+00
4.006667e+01	-1.510373e-01	4.702334e+00
4.010000e+01	-1.482833e-01	4.717588e+00
4.013333e+01	-1.492144e-01	4.712431e+00
4.016667e+01	-1.514205e-01	4.700211e+00
4.020000e+01	-1.526665e-01	4.693310e+00
4.023333e+01	-1.524181e-01	4.694686e+00
4.026667e+01	-1.515194e-01	4.699664e+00
4.030000e+01	-1.509559e-01	4.702784e+00
4.033333e+01	-1.510289e-01	4.702380e+00
4.036667e+01	-1.514106e-01	4.700266e+00
4.040000e+01	-1.516690e-01	4.698835e+00
4.043333e+01	-1.516522e-01	4.698928e+00
4.046667e+01	-1.514898e-01	4.699828e+00
4.050000e+01	-1.513714e-01	4.700483e+00
4.053333e+01	-1.513718e-01	4.700481e+00
4.056667e+01	-1.514406e-01	4.700100e+00
4.060000e+01	-1.516862e-01	4.698740e+00
4.063333e+01	-1.529621e-01	4.691673e+00
4.066667e+01	-1.566391e-01	4.671306e+00
4.070000e+01	-1.627605e-01	4.637400e+00
4.073333e+01	-1.687341e-01	4.604313e+00
4.076667e+01	-1.707538e-01	4.593126e+00
4.080000e+01	-1.669903e-01	4.613972e+00
4.083333e+01	-1.601378e-01	4.651927e+00
4.086667e+01	-1.562148e-01	4.673656e+00
4.090000e+01	-1.590275e-01	4.658077e+00
4.093333e+01	-1.662415e-01	4.618119e+00
4.096667e+01	-1.719761e-01	4.586356e+00
41	-1.720641e-01	4.585868e+00
4.103333e+01	-1.664226e-01	4.617116e+00
4.106667e+01	-1.583607e-01	4.661770e+00
4.110000e+01	-1.522973e-01	4.695355e+00
4.113333e+01	-1.507900e-01	4.703703e+00
4.116667e+01	-1.530773e-01	4.691034e+00
4.120000e+01	-1.564817e-01	4.672177e+00
4.123333e+01	-1.589088e-01	4.658734e+00
4.126667e+01	-1.600328e-01	4.652509e+00
4.130000e+01	-1.607146e-01	4.648732e+00
4.133333e+01	-1.617969e-01	4.642738e+00
4.136667e+01	-1.634453e-01	4.633607e+00
4.140000e+01	-1.653071e-01	4.623295e+00
4.143333e+01	-1.669938e-01	4.613952e+00
4.146667e+01	-1.683260e-01	4.606573e+00
4.150000e+01	-1.692453e-01	4.601481e+00
4.153333e+01	-1.697142e-01	4.598884e+00
4.156667e+01	-1.697777e-01	4.598532e+00
4.160000e+01	-1.696180e-01	4.599417e+00
4.163333e+01	-1.694568e-01	4.600310e+00
4.166667e+01	-1.694133e-01	4.600551e+00
4.170000e+01	-1.704252e-01	4.594946e+00
4.173333e+01	-1.758991e-01	4.564627e+00
4.176667e+01	-1.880846e-01	4.497132e+00
4.180000e+01	-2.012212e-01	4.424369e+00
4.183333e+01	-2.076670e-01	4.388667e+00
4.186667e+01	-2.107931e-01	4.371351e+00
4.190000e+01	-2.174605e-01	4.334421e+00
4.193333e+01	-2.211770e-01	4.313836e+00
4.196667e+01	-2.094821e-01	4.378613e+00
42	-1.843826e-01	4.517637e+00
4.203333e+01	-1.622385e-01	4.640291e+00
4.206667e+01	-1.555521e-01	4.677327e+00
4.210000e+01	-1.622765e-01	4.640081e+00
4.213333e+01	-1.715755e-01	4.588574e+00
4.216667e+01	-1.752280e-01	4.568344e+00
4.220000e+01	-1.728284e-01	4.581635e+00
4.223333e+01	-1.705666e-01	4.594163e+00
4.226667e+01	-1.785356e-01	4.550023e+00
4.230000e+01	-2.030598e-01	4.414185e+00
4.233333e+01	-2.380155e-01	4.220569e+00
4.236667e+01	-2.711341e-01	4.037128e+00
4.240000e+01	-2.948902e-01	3.905545e+00
4.243333e+01	-3.012581e-01	3.870273e+00
4.246667e+01	-2.778088e-01	4.000157e+00
4.250000e+01	-2.241582e-01	4.297323e+00
4.253333e+01	-1.657879e-01	4.620632e+00
4.256667e+01	-1.411489e-01	4.757105e+00
4.260000e+01	-1.722841e-01	4.584650e+00
4.263333e+01	-2.440509e-01	4.187139e+00
4.266667e+01	-3.125656e-01	3.807642e+00
4.270000e+01	-3.403776e-01	3.653594e+00
4.273333e+01	-3.243616e-01	3.742305e+00
4.276667e+01	-2.898194e-01	3.933631e+00
4.280000e+01	-2.633216e-01	4.080401e+00
4.283333e+01	-2.534443e-01	4.135110e+00
4.286667e+01	-2.521994e-01	4.142005e+00
4.290000e+01	-2.483235e-01	4.163474e+00
4.293333e+01	-2.374467e-01	4.223719e+00
4.296667e+01	-2.225743e-01	4.306097e+00
43	-2.085875e-01	4.383568e+00
4.303333e+01	-1.976026e-01	4.444412e+00
4.306667e+01	-1.885871e-01	4.494349e+00
4.310000e+01	-1.798721e-01	4.542620e+00
4.313333e+01	-1.710137e-01	4.591686e+00
4.316667e+01	-1.625531e-01	4.638549e+00
4.320000e+01	-1.554198e-01	4.678060e+00
4.323333e+01	-1.507809e-01	4.703754e+00
4.326667e+01	-1.513738e-01	4.700470e+00
4.330000e+01	-1.662093e-01	4.618297e+00
4.333333e+01	-2.082298e-01	4.385549e+00
4.336667e+01	-2.752752e-01	4.014191e+00
4.340000e+01	-3.393755e-01	3.659144e+00
4.343333e+01	-3.698199e-01	3.490515e+00
4.346667e+01	-3.628990e-01	3.528849e+00
4.350000e+01	-3.403415e-01	3.653793e+00
4.353333e+01	-3.248521e-01	3.739588e+00
4.356667e+01	-3.235737e-01	3.746669e+00
4.360000e+01	-3.301203e-01	3.710408e+00
4.363333e+01	-3.354479e-01	3.680899e+00
4.366667e+01	-3.359338e-01	3.678207e+00
4.370000e+01	-3.343793e-01	3.686818e+00
4.373333e+01	-3.357150e-01	3.679419e+00
4.376667e+01	-3.416223e-01	3.646700e+00
4.380000e+01	-3.488763e-01	3.606520e+00
4.383333e+01	-3.528898e-01	3.584289e+00
4.386667e+01	-3.521206e-01	3.588550e+00
4.390000e+01	-3.486542e-01	3.607750e+00
4.393333e+01	-3.454466e-01	3.625517e+00
4.396667e+01	-3.438095e-01	3.634585e+00
44	-3.431691e-01	3.638132e+00
4.403333e+01	-3.423745e-01	3.642533e+00
4.406667e+01	-3.408758e-01	3.650834e+00
4.410000e+01	-3.389120e-01	3.661712e+00
4.413333e+01	-3.369895e-01	3.672360e+00
4.416667e+01	-3.353692e-01	3.681335e+00
4.420000e+01	-3.339633e-01	3.689122e+00
4.423333e+01	-3.325519e-01	3.696939e+00
4.426667e+01	-3.310124e-01	3.705467e+00
4.430000e+01	-3.293748e-01	3.714537e+00
4.433333e+01	-3.277340e-01	3.723626e+00
4.436667e+01	-3.261472e-01	3.732415e+00
4.440000e+01	-3.246049e-01	3.740957e+00
4.443333e+01	-3.230666e-01	3.749478e+00
4.446667e+01	-3.215056e-01	3.758124e+00
4.450000e+01	-3.199245e-01	3.766882e+00
4.453333e+01	-3.183406e-01	3.775655e+00
4.456667e+01	-3.167661e-01	3.784376e+00
4.460000e+01	-3.152006e-01	3.793047e+00
4.463333e+01	-3.136369e-01	3.801708e+00
4.466667e+01	-3.120693e-01	3.810391e+00
4.470000e+01	-3.104976e-01	3.819097e+00
4.473333e+01	-3.089249e-01	3.827807e+00
4.476667e+01	-3.073539e-01	3.836509e+00
4.480000e+01	-3.057847e-01	3.845201e+00
4.483333e+01	-3.042159e-01	3.853890e+00
4.486667e+01	-3.026466e-01	3.862583e+00
4.490000e+01	-3.010764e-01	3.871280e+00
4.493333e+01	-2.995059e-01	3.879978e+00
4.496667e+01	-2.979358e-01	3.888675e+00
45	-2.963659e-01	3.897371e+00
4.503333e+01	-2.947962e-01	3.906065e+00
4.506667e+01	-2.932264e-01	3.914760e+00
4.510000e+01	-2.916565e-01	3.923456e+00
4.513333e+01	-2.900865e-01	3.932152e+00
4.516667e+01	-2.885165e-01	3.940848e+00
4.520000e+01	-2.869466e-01	3.949544e+00
4.523333e+01	-2.853767e-01	3.958239e+00
4.526667e+01	-2.838068e-01	3.966935e+00
4.530000e+01	-2.822369e-01	3.975630e+00
4.533333e+01	-2.806670e-01	3.984326e+00
4.536667e+01	-2.790970e-01	3.993022e+00
4.540000e+01	-2.775271e-01	4.001717e+00
4.543333e+01	-2.759572e-01	4.010413e+00
4.546667e+01	-2.743873e-01	4.019109e+00
4.550000e+01	-2.728174e-01	4.027804e+00
4.553333e+01	-2.712474e-01	4.036500e+00
4.556667e+01	-2.696775e-01	4.045196e+00
4.560000e+01	-2.681076e-01	4.053891e+00
4.563333e+01	-2.665377e-01	4.062587e+00
4.566667e+01	-2.649678e-01	4.071282e+00
4.570000e+01	-2.633978e-01	4.079978e+00
4.573333e+01	-2.618279e-01	4.088674e+00
4.576667e+01	-2.602580e-01	4.097369e+00
4.580000e+01	-2.586881e-01	4.106065e+00
4.583333e+01	-2.571182e-01	4.114761e+00
4.586667e+01	-2.555483e-01	4.123456e+00
4.590000e+01	-2.539783e-01	4.132152e+00
4.593333e+01	-2.524084e-01	4.140848e+00
4.596667e+01	-2.508385e-01	4.149543e+00
46	-2.492686e-01	4.158239e+00
4.603333e+01	-2.476987e-01	4.166935e+00
4.606667e+01	-2.461287e-01	4.175630e+00
4.610000e+01	-2.445588e-01	4.184326e+00
4.613333e+01	-2.429889e-01	4.193022e+00
4.616667e+01	-2.414190e-01	4.201717e+00
4.620000e+01	-2.398491e-01	4.210413e+00
4.623333e+01	-2.382791e-01	4.219109e+00
4.626667e+01	-2.367092e-01	4.227804e+00
4.630000e+01	-2.351393e-01	4.236500e+00
4.633333e+01	-2.335694e-01	4.245196e+00
4.636667e+01	-2.319995e-01	4.253891e+00
4.640000e+01	-2.304295e-01	4.262587e+00
4.643333e+01	-2.288596e-01	4.271282e+00
4.646667e+01	-2.272897e-01	4.279978e+00
4.650000e+01	-2.257198e-01	4.288674e+00
4.653333e+01	-2.241499e-01	4.297369e+00
4.656667e+01	-2.225799e-01	4.306065e+00
4.660000e+01	-2.210100e-01	4.314761e+00
4.663333e+01	-2.194401e-01	4.323456e+00
4.666667e+01	-2.178702e-01	4.332152e+00
4.670000e+01	-2.163003e-01	4.340848e+00
4.673333e+01	-2.147304e-01	4.349543e+00
4.676667e+01	-2.131604e-01	4.358239e+00
4.680000e+01	-2.115905e-01	4.366935e+00
4.683333e+01	-2.100206e-01	4.375630e+00
4.686667e+01	-2.084507e-01	4.384326e+00
4.690000e+01	-2.068808e-01	4.393022e+00
4.693333e+01	-2.053108e-01	4.401717e+00
4.696667e+01	-2.037409e-01	4.410413e+00
47	-2.021710e-01	4.419109e+00
4.703333e+01	-2.006011e-01	4.427804e+00
4.706667e+01	-1.990312e-01	4.436500e+00
4.710000e+01	-1.974612e-01	4.445196e+00
4.713333e+01	-1.958913e-01	4.453891e+00
4.716667e+01	-1.943214e-01	4.462587e+00
4.720000e+01	-1.927515e-01	4.471282e+00
4.723333e+01	-1.911816e-01	4.479978e+00
4.726667e+01	-1.896116e-01	4.488674e+00
4.730000e+01	-1.880417e-01	4.497369e+00
4.733333e+01	-1.864718e-01	4.506065e+00
4.736667e+01	-1.849019e-01	4.514761e+00
4.740000e+01	-1.833320e-01	4.523456e+00
4.743333e+01	-1.817620e-01	4.532152e+00
4.746667e+01	-1.801921e-01	4.540848e+00
4.750000e+01	-1.786222e-01	4.549543e+00
4.753333e+01	-1.770523e-01	4.558239e+00
4.756667e+01	-1.754824e-01	4.566935e+00
4.760000e+01	-1.739125e-01	4.575630e+00
4.763333e+01	-1.723425e-01	4.584326e+00
4.766667e+01	-1.707726e-01	4.593022e+00
4.770000e+01	-1.692027e-01	4.601717e+00
4.773333e+01	-1.676328e-01	4.610413e+00
4.776667e+01	-1.660629e-01	4.619109e+00
4.780000e+01	-1.644929e-01	4.627804e+00
4.783333e+01	-1.629230e-01	4.636500e+00
4.786667e+01	-1.613531e-01	4.645196e+00
4.790000e+01	-1.597832e-01	4.653891e+00
4.793333e+01	-1.582133e-01	4.662587e+00
4.796667e+01	-1.566433e-01	4.671282e+00
48	-1.550734e-01	4.679978e+00
4.803333e+01	-1.535035e-01	4.688674e+00
4.806667e+01	-1.519336e-01	4.697369e+00
4.810000e+01	-1.503637e-01	4.706065e+00
4.813333e+01	-1.487937e-01	4.714761e+00
4.816667e+01	-1.472238e-01	4.723456e+00
4.820000e+01	-1.456539e-01	4.732152e+00
4.823333e+01	-1.440840e-01	4.740848e+00
4.826667e+01	-1.425141e-01	4.749543e+00
4.830000e+01	-1.409441e-01	4.758239e+00
4.833333e+01	-1.393742e-01	4.766935e+00
4.836667e+01	-1.378043e-01	4.775630e+00
4.840000e+01	-1.362510e-01	4.784234e+00
4.843333e+01	-1.348085e-01	4.792224e+00
4.846667e+01	-1.336882e-01	4.798429e+00
4.850000e+01	-1.331023e-01	4.801674e+00
4.853333e+01	-1.340107e-01	4.796643e+00
4.856667e+01	-1.411866e-01	4.756896e+00
4.860000e+01	-1.631737e-01	4.635111e+00
4.863333e+01	-2.020089e-01	4.420006e+00
4.866667e+01	-2.457488e-01	4.177735e+00
4.870000e+01	-2.801963e-01	3.986933e+00
4.873333e+01	-3.028609e-01	3.861396e+00
4.876667e+01	-3.194490e-01	3.769515e+00
4.880000e+01	-3.350567e-01	3.683066e+00
4.883333e+01	-3.513006e-01	3.593092e+00
4.886667e+01	-3.656694e-01	3.513504e+00
4.890000e+01	-3.738710e-01	3.468077e+00
4.893333e+01	-3.748386e-01	3.462717e+00
4.896667e+01	-3.720756e-01	3.478021e+00
49	-3.701510e-01	3.488681e+00
4.903333e+01	-3.710693e-01	3.483595e+00
4.906667e+01	-3.738262e-01	3.468325e+00
4.910000e+01	-3.764321e-01	3.453891e+00
4.913333e+01	-3.778663e-01	3.445947e+00
4.916667e+01	-3.784619e-01	3.442648e+00
4.920000e+01	-3.790701e-01	3.439279e+00
4.923333e+01	-3.801715e-01	3.433178e+00
4.926667e+01	-3.816544e-01	3.424965e+00
4.930000e+01	-3.831534e-01	3.416662e+00
4.933333e+01	-3.844446e-01	3.409510e+00
4.936667e+01	-3.855629e-01	3.403316e+00
4.940000e+01	-3.866646e-01	3.397214e+00
4.943333e+01	-3.878532e-01	3.390630e+00
4.946667e+01	-3.891200e-01	3.383614e+00
4.950000e+01	-3.903981e-01	3.376534e+00
4.953333e+01	-3.916402e-01	3.369655e+00
4.956667e+01	-3.928471e-01	3.362969e+00
4.960000e+01	-3.940472e-01	3.356322e+00
4.963333e+01	-3.952622e-01	3.349592e+00
4.966667e+01	-3.964930e-01	3.342775e+00
4.970000e+01	-3.977275e-01	3.335938e+00
4.973333e+01	-3.989559e-01	3.329134e+00
4.976667e+01	-4.001773e-01	3.322368e+00
4.980000e+01	-4.013967e-01	3.315614e+00
4.983333e+01	-4.026186e-01	3.308846e+00
4.986667e+01	-4.038436e-01	3.302061e+00
4.990000e+01	-4.050696e-01	3.295270e+00
4.993333e+01	-4.062946e-01	3.288485e+00
4.996667e+01	-4.075182e-01	3.281707e+00
50	-4.087414e-01	3.274932e+00
5.003333e+01	-4.099649e-01	3.268155e+00
5.006667e+01	-4.111890e-01	3.261375e+00
5.010000e+01	-4.124134e-01	3.254593e+00
5.013333e+01	-4.136376e-01	3.247812e+00
5.016667e+01	-4.148616e-01	3.241033e+00
5.020000e+01	-4.160854e-01	3.234254e+00
5.023333e+01	-4.173093e-01	3.227475e+00
5.026667e+01	-4.185333e-01	3.220695e+00
5.030000e+01	-4.197574e-01	3.213915e+00
5.033333e+01	-4.209815e-01	3.207136e+00
5.036667e+01	-4.222055e-01	3.200356e+00
5.040000e+01	-4.234295e-01	3.193576e+00
5.043333e+01	-4.246534e-01	3.186797e+00
5.046667e+01	-4.258774e-01	3.180017e+00
5.050000e+01	-4.271015e-01	3.173237e+00
5.053333e+01	-4.283255e-01	3.166458e+00
5.056667e+01	-4.295495e-01	3.159678e+00
5.060000e+01	-4.307735e-01	3.152898e+00
5.063333e+01	-4.319975e-01	3.146119e+00
5.066667e+01	-4.332215e-01	3.139339e+00
5.070000e+01	-4.344455e-01	3.132559e+00
5.073333e+01	-4.356565e-01	3.125852e+00
5.076667e+01	-4.367812e-01	3.119622e+00
5.080000e+01	-4.372975e-01	3.116763e+00
5.083333e+01	-4.348060e-01	3.130563e+00
5.086667e+01	-4.220086e-01	3.201447e+00
5.090000e+01	-3.839036e-01	3.412507e+00
5.093333e+01	-3.041240e-01	3.854400e+00
5.096667e+01	-1.859260e-01	4.509088e+00
51	-6.576947e-02	5.174625e+00
5.103333e+01	7.798539e-03	5.582112e+00
5.106667e+01	1.158664e-02	5.603094e+00
5.110000e+01	-3.965337e-02	5.319280e+00
5.113333e+01	-1.114259e-01	4.921738e+00
5.116667e+01	-1.733367e-01	4.578819e+00
5.120000e+01	-2.083009e-01	4.385156e+00
5.123333e+01	-2.113580e-01	4.368223e+00
5.126667e+01	-1.919950e-01	4.475472e+00
5.130000e+01	-1.709654e-01	4.591954e+00
5.133333e+01	-1.624379e-01	4.639187e+00
5.136667e+01	-1.645265e-01	4.627618e+00
5.140000e+01	-1.689097e-01	4.603340e+00
5.143333e+01	-1.685256e-01	4.605468e+00
5.146667e+01	-1.599850e-01	4.652773e+00
5.150000e+01	-1.512775e-01	4.701003e+00
5.153333e+01	-1.626567e-01	4.637975e+00
5.156667e+01	-2.076816e-01	4.388586e+00
5.160000e+01	-2.728589e-01	4.027574e+00
5.163333e+01	-3.244298e-01	3.741927e+00
5.166667e+01	-3.377730e-01	3.668020e+00
5.170000e+01	-3.162324e-01	3.787332e+00
5.173333e+01	-2.823393e-01	3.975063e+00
5.176667e+01	-2.561180e-01	4.120301e+00
5.180000e+01	-2.424315e-01	4.196109e+00
5.183333e+01	-2.342284e-01	4.241545e+00
5.186667e+01	-2.232210e-01	4.302515e+00
5.190000e+01	-2.068894e-01	4.392973e+00
5.193333e+01	-1.879900e-01	4.497656e+00
5.196667e+01	-1.701376e-01	4.596539e+00
52	-1.545907e-01	4.682652e+00
5.203333e+01	-1.402558e-01	4.762052e+00
5.206667e+01	-1.255446e-01	4.843536e+00
5.210000e+01	-1.098364e-01	4.930542e+00
5.213333e+01	-9.355921e-02	5.020700e+00
5.216667e+01	-7.740926e-02	5.110153e+00
5.220000e+01	-6.168843e-02	5.197230e+00
5.223333e+01	-4.623260e-02	5.282838e+00
5.226667e+01	-3.073790e-02	5.368662e+00
5.230000e+01	-1.505942e-02	5.455504e+00
5.233333e+01	5.749807e-04	5.542102e+00
5.236667e+01	1.509284e-02	5.622515e+00
5.240000e+01	2.516032e-02	5.678278e+00
5.243333e+01	2.333836e-02	5.668186e+00
5.246667e+01	1.556911e-03	5.547541e+00
5.250000e+01	-3.768398e-02	5.330188e+00
5.253333e+01	-7.680403e-02	5.113506e+00
5.256667e+01	-9.687809e-02	5.002317e+00
5.260000e+01	-9.522010e-02	5.011501e+00
5.263333e+01	-8.753211e-02	5.054084e+00
5.266667e+01	-9.341169e-02	5.021517e+00
5.270000e+01	-1.176765e-01	4.887116e+00
5.273333e+01	-1.451078e-01	4.735177e+00
5.276667e+01	-1.560767e-01	4.674421e+00
5.280000e+01	-1.466488e-01	4.726641e+00
5.283333e+01	-1.303976e-01	4.816655e+00
5.286667e+01	-1.223821e-01	4.861053e+00
5.290000e+01	-1.260022e-01	4.841001e+00
5.293333e+01	-1.350190e-01	4.791058e+00
5.296667e+01	-1.430507e-01	4.746571e+00
53	-1.481855e-01	4.718130e+00
5.303333e+01	-1.510527e-01	4.702249e+00
5.306667e+01	-1.522885e-01	4.695403e+00
5.310000e+01	-1.522155e-01	4.695808e+00
5.313333e+01	-1.512447e-01	4.701185e+00
5.316667e+01	-1.498558e-01	4.708878e+00
5.320000e+01	-1.483900e-01	4.716997e+00
5.323333e+01	-1.469800e-01	4.724807e+00
5.326667e+01	-1.456183e-01	4.732349e+00
5.330000e+01	-1.442570e-01	4.739889e+00
5.333333e+01	-1.428712e-01	4.747565e+00
5.336667e+01	-1.414683e-01	4.755336e+00
5.340000e+01	-1.400668e-01	4.763099e+00
5.343333e+01	-1.386764e-01	4.770800e+00
5.346667e+01	-1.372938e-01	4.778458e+00
5.350000e+01	-1.359256e-01	4.786036e+00
5.353333e+01	-1.346505e-01	4.793099e+00
5.356667e+01	-1.336569e-01	4.798602e+00
5.360000e+01	-1.331360e-01	4.801488e+00
5.363333e+01	-1.330916e-01	4.801734e+00
5.366667e+01	-1.333012e-01	4.800573e+00
5.370000e+01	-1.334909e-01	4.799522e+00
5.373333e+01	-1.335273e-01	4.799320e+00
5.376667e+01	-1.334509e-01	4.799743e+00
5.380000e+01	-1.333708e-01	4.800187e+00
5.383333e+01	-1.333516e-01	4.800293e+00
5.386667e+01	-1.331909e-01	4.801184e+00
5.390000e+01	-1.319531e-01	4.808040e+00
5.393333e+01	-1.282571e-01	4.828511e+00
5.396667e+01	-1.220987e-01	4.862622e+00
54	-1.159154e-01	4.896871e+00
5.403333e+01	-1.126295e-01	4.915071e+00
5.406667e+01	-1.128948e-01	4.913602e+00
5.410000e+01	-1.148830e-01	4.902589e+00
5.413333e+01	-1.163418e-01	4.894509e+00
5.416667e+01	-1.163872e-01	4.894258e+00
5.420000e+01	-1.155973e-01	4.898633e+00
5.423333e+01	-1.149499e-01	4.902219e+00
5.426667e+01	-1.148939e-01	4.902529e+00
5.430000e+01	-1.152222e-01	4.900711e+00
5.433333e+01	-1.155131e-01	4.899100e+00
5.436667e+01	-1.155528e-01	4.898880e+00
5.440000e+01	-1.152245e-01	4.900698e+00
5.443333e+01	-1.138207e-01	4.908473e+00
5.446667e+01	-1.100907e-01	4.929134e+00
5.450000e+01	-1.040013e-01	4.962863e+00
5.453333e+01	-9.789200e-02	4.996701e+00
5.456667e+01	-9.462477e-02	5.014798e+00
5.460000e+01	-9.486190e-02	5.013485e+00
5.463333e+01	-9.681717e-02	5.002655e+00
5.466667e+01	-9.826618e-02	4.994629e+00
5.470000e+01	-9.832300e-02	4.994314e+00
5.473333e+01	-9.754762e-02	4.998609e+00
5.476667e+01	-9.690523e-02	5.002167e+00
5.480000e+01	-9.684464e-02	5.002502e+00
5.483333e+01	-9.716654e-02	5.000720e+00
5.486667e+01	-9.745494e-02	4.999122e+00
5.490000e+01	-9.749642e-02	4.998892e+00
5.493333e+01	-9.736256e-02	4.999634e+00
5.496667e+01	-9.723305e-02	5.000351e+00
55	-9.720823e-02	5.000489e+00
5.503333e+01	-9.726348e-02	5.000183e+00
5.506667e+01	-9.732141e-02	4.999862e+00
5.510000e+01	-9.733518e-02	4.999785e+00
5.513333e+01	-9.731258e-02	4.999911e+00
5.516667e+01	-9.728679e-02	5.000053e+00
5.520000e+01	-9.727950e-02	5.000094e+00
5.523333e+01	-9.728866e-02	5.000043e+00
5.526667e+01	-9.730009e-02	4.999980e+00
5.530000e+01	-9.730381e-02	4.999959e+00
5.533333e+01	-9.730015e-02	4.999979e+00
5.536667e+01	-9.729511e-02	5.000007e+00
5.540000e+01	-9.729325e-02	5.000018e+00
5.543333e+01	-9.729469e-02	5.000010e+00
5.546667e+01	-9.729691e-02	4.999997e+00
5.550000e+01	-9.729782e-02	4.999992e+00
5.553333e+01	-9.729726e-02	4.999995e+00
5.556667e+01	-9.729629e-02	5.000001e+00
5.560000e+01	-9.748744e-02	4.998942e+00
5.563333e+01	-9.876072e-02	4.991889e+00
5.566667e+01	-1.024671e-01	4.971360e+00
5.570000e+01	-1.086132e-01	4.937318e+00
5.573333e+01	-1.147808e-01	4.903155e+00
5.576667e+01	-1.180614e-01	4.884985e+00
5.580000e+01	-1.178010e-01	4.886427e+00
5.583333e+01	-1.160113e-01	4.896340e+00
5.586667e+01	-1.160199e-01	4.896293e+00
5.590000e+01	-1.209515e-01	4.868977e+00
5.593333e+01	-1.315902e-01	4.810050e+00
5.596667e+01	-1.445499e-01	4.738267e+00
56	-1.540552e-01	4.685618e+00
5.603333e+01	-1.567487e-01	4.670699e+00
5.606667e+01	-1.544084e-01	4.683661e+00
5.610000e+01	-1.522040e-01	4.695872e+00
5.613333e+01	-1.545424e-01	4.682920e+00
5.616667e+01	-1.615582e-01	4.644060e+00
5.620000e+01	-1.691832e-01	4.601825e+00
5.623333e+01	-1.731106e-01	4.580072e+00
5.626667e+01	-1.725218e-01	4.583333e+00
5.630000e+01	-1.699097e-01	4.597801e+00
5.633333e+01	-1.681463e-01	4.607569e+00
5.636667e+01	-1.682209e-01	4.607155e+00
5.640000e+01	-1.692816e-01	4.601280e+00
5.643333e+01	-1.700730e-01	4.596897e+00
5.646667e+01	-1.700863e-01	4.596823e+00
5.650000e+01	-1.696410e-01	4.599289e+00
5.653333e+01	-1.692826e-01	4.601275e+00
5.656667e+01	-1.692572e-01	4.601416e+00
5.660000e+01	-1.694441e-01	4.600380e+00
5.663333e+01	-1.696063e-01	4.599482e+00
5.666667e+01	-1.695824e-01	4.599614e+00
5.670000e+01	-1.691696e-01	4.601901e+00
5.673333e+01	-1.679147e-01	4.608851e+00
5.676667e+01	-1.653156e-01	4.623248e+00
5.680000e+01	-1.613515e-01	4.645205e+00
5.683333e+01	-1.566379e-01	4.671313e+00
5.686667e+01	-1.519583e-01	4.697233e+00
5.690000e+01	-1.477111e-01	4.720757e+00
5.693333e+01	-1.437954e-01	4.742446e+00
5.696667e+01	-1.399014e-01	4.764015e+00
57	-1.358367e-01	4.786529e+00
5.703333e+01	-1.316254e-01	4.809855e+00
5.706667e+01	-1.273966e-01	4.833278e+00
5.710000e+01	-1.232384e-01	4.856310e+00
5.713333e+01	-1.191459e-01	4.878978e+00
5.716667e+01	-1.150643e-01	4.901585e+00
5.720000e+01	-1.109535e-01	4.924354e+00
5.723333e+01	-1.068134e-01	4.947287e+00
5.726667e+01	-1.026669e-01	4.970254e+00
5.730000e+01	-9.853238e-02	4.993154e+00
5.733333e+01	-9.441102e-02	5.015982e+00
5.736667e+01	-9.029308e-02	5.038791e+00
5.740000e+01	-8.617024e-02	5.061627e+00
5.743333e+01	-8.204157e-02	5.084495e+00
5.746667e+01	-7.791113e-02	5.107374e+00
5.750000e+01	-7.378266e-02	5.130241e+00
5.753333e+01	-6.965677e-02	5.153094e+00
5.756667e+01	-6.553177e-02	5.175942e+00
5.760000e+01	-6.140599e-02	5.198794e+00
5.763333e+01	-5.727908e-02	5.221653e+00
5.766667e+01	-5.315172e-02	5.244514e+00
5.770000e+01	-4.902467e-02	5.267373e+00
5.773333e+01	-4.489812e-02	5.290230e+00
5.776667e+01	-4.077178e-02	5.313085e+00
5.780000e+01	-3.664532e-02	5.335942e+00
5.783333e+01	-3.256244e-02	5.358556e+00
5.786667e+01	-2.877045e-02	5.379560e+00
5.790000e+01	-2.582556e-02	5.395871e+00
5.793333e+01	-2.428555e-02	5.404401e+00
5.796667e+01	-2.415535e-02	5.405122e+00
58	-2.477503e-02	5.401690e+00
5.803333e+01	-2.648470e-02	5.392220e+00
5.806667e+01	-3.423039e-02	5.349318e+00
5.810000e+01	-5.624032e-02	5.227406e+00
5.813333e+01	-9.172971e-02	5.030834e+00
5.816667e+01	-1.210412e-01	4.868480e+00
5.820000e+01	-1.185813e-01	4.882105e+00
5.823333e+01	-8.024847e-02	5.094427e+00
5.826667e+01	-3.157496e-02	5.364026e+00
5.830000e+01	-4.389347e-03	5.514605e+00
5.833333e+01	-9.326186e-03	5.487260e+00
5.836667e+01	-3.206667e-02	5.361302e+00
5.840000e+01	-5.086296e-02	5.257191e+00
5.843333e+01	-5.478964e-02	5.235442e+00
5.846667e+01	-4.785326e-02	5.273862e+00
5.850000e+01	-4.024802e-02	5.315986e+00
5.853333e+01	-3.820195e-02	5.327319e+00
5.856667e+01	-4.092943e-02	5.312212e+00
5.860000e+01	-4.424273e-02	5.293860e+00
5.863333e+01	-4.527810e-02	5.288125e+00
5.866667e+01	-4.418272e-02	5.294192e+00
5.870000e+01	-4.272213e-02	5.302283e+00
5.873333e+01	-4.220341e-02	5.305156e+00
5.876667e+01	-4.263816e-02	5.302748e+00
5.880000e+01	-4.328075e-02	5.299188e+00
5.883333e+01	-4.353644e-02	5.297772e+00
5.886667e+01	-4.336687e-02	5.298711e+00
5.890000e+01	-4.308537e-02	5.300271e+00
5.893333e+01	-4.296127e-02	5.300958e+00
5.896667e+01	-4.302601e-02	5.300599e+00
59	-4.314879e-02	5.299919e+00
5.903333e+01	-4.320824e-02	5.299590e+00
5.906667e+01	-4.318420e-02	5.299723e+00
5.910000e+01	-4.313089e-02	5.300018e+00
5.913333e+01	-4.310272e-02	5.300175e+00
5.916667e+01	-4.311130e-02	5.300127e+00
5.920000e+01	-4.313435e-02	5.299999e+00
5.923333e+01	-4.314757e-02	5.299926e+00
5.926667e+01	-4.314468e-02	5.299942e+00
5.930000e+01	-4.313477e-02	5.299997e+00
5.933333e+01	-4.312861e-02	5.300031e+00
5.936667e+01	-4.312949e-02	5.300026e+00
5.940000e+01	-4.294214e-02	5.301064e+00
5.943333e+01	-4.167191e-02	5.308100e+00
5.946667e+01	-3.796578e-02	5.328628e+00
5.950000e+01	-3.181809e-02	5.362679e+00
5.953333e+01	-2.564903e-02	5.396849e+00
5.956667e+01	-2.236830e-02	5.415021e+00
5.960000e+01	-2.262933e-02	5.413575e+00
5.963333e+01	-2.461126e-02	5.402597e+00
5.966667e+01	-2.606749e-02	5.394531e+00
5.970000e+01	-2.592301e-02	5.395331e+00
5.973333e+01	-2.386273e-02	5.406743e+00
5.976667e+01	-1.951070e-02	5.430849e+00
5.980000e+01	-1.330811e-02	5.465204e+00
5.983333e+01	-7.467485e-03	5.497555e+00
5.986667e+01	-4.668601e-03	5.513058e+00
5.990000e+01	-6.241879e-03	5.504344e+00
5.993333e+01	-1.179298e-02	5.473597e+00
5.996667e+01	-1.926464e-02	5.432212e+00
60	-2.545560e-02	5.397920e+00
6.003333e+01	-2.800567e-02	5.383796e+00
6.006667e+01	-2.715769e-02	5.388493e+00
6.010000e+01	-2.513307e-02	5.399707e+00
6.013333e+01	-2.398082e-02	5.406089e+00
6.016667e+01	-2.419765e-02	5.404888e+00
6.020000e+01	-2.501737e-02	5.400348e+00
6.023333e+01	-2.553670e-02	5.397471e+00
6.026667e+01	-2.547464e-02	5.397815e+00
6.030000e+01	-2.512710e-02	5.399740e+00
6.033333e+01	-2.488933e-02	5.401057e+00
6.036667e+01	-2.490261e-02	5.400983e+00
6.040000e+01	-2.524200e-02	5.399104e+00
6.043333e+01	-2.662395e-02	5.391449e+00
6.046667e+01	-3.033035e-02	5.370920e+00
6.050000e+01	-3.641371e-02	5.337224e+00
6.053333e+01	-4.253186e-02	5.303336e+00
6.056667e+01	-4.580960e-02	5.285181e+00
6.060000e+01	-4.557562e-02	5.286477e+00
6.063333e+01	-4.380835e-02	5.296266e+00
6.066667e+01	-4.362777e-02	5.297266e+00
6.070000e+01	-4.727528e-02	5.277063e+00
6.073333e+01	-5.438956e-02	5.237658e+00
6.076667e+01	-6.247482e-02	5.192874e+00
6.080000e+01	-6.952287e-02	5.153835e+00
6.083333e+01	-7.527763e-02	5.121960e+00
6.086667e+01	-8.044781e-02	5.093323e+00
6.090000e+01	-8.612801e-02	5.061861e+00
6.093333e+01	-9.337334e-02	5.021730e+00
6.096667e+01	-1.023741e-01	4.971875e+00
61	-1.122887e-01	4.916959e+00
6.103333e+01	-1.220478e-01	4.862905e+00
6.106667e+01	-1.311680e-01	4.812388e+00
6.110000e+01	-1.396671e-01	4.765312e+00
6.113333e+01	-1.471045e-01	4.724117e+00
6.116667e+01	-1.521777e-01	4.696017e+00
6.120000e+01	-1.541148e-01	4.685288e+00
6.123333e+01	-1.544903e-01	4.683208e+00
6.126667e+01	-1.565549e-01	4.671772e+00
6.130000e+01	-1.618664e-01	4.642352e+00
6.133333e+01	-1.682802e-01	4.606827e+00
6.136667e+01	-1.722224e-01	4.584991e+00
6.140000e+01	-1.725327e-01	4.583272e+00
6.143333e+01	-1.717436e-01	4.587643e+00
6.146667e+01	-1.737120e-01	4.576741e+00
6.150000e+01	-1.796357e-01	4.543930e+00
6.153333e+01	-1.875731e-01	4.499965e+00
6.156667e+01	-1.979857e-01	4.442291e+00
6.160000e+01	-2.163925e-01	4.340337e+00
6.163333e+01	-2.448076e-01	4.182948e+00
6.166667e+01	-2.738486e-01	4.022092e+00
6.170000e+01	-2.901279e-01	3.931922e+00
6.173333e+01	-2.897500e-01	3.934016e+00
6.176667e+01	-2.806416e-01	3.984466e+00
6.180000e+01	-2.734586e-01	4.024253e+00
6.183333e+01	-2.728389e-01	4.027685e+00
6.186667e+01	-2.762243e-01	4.008934e+00
6.190000e+01	-2.781204e-01	3.998431e+00
6.193333e+01	-2.748570e-01	4.016507e+00
6.196667e+01	-2.670448e-01	4.059778e+00
62	-2.581876e-01	4.108837e+00
6.203333e+01	-2.508848e-01	4.149287e+00
6.206667e+01	-2.452687e-01	4.180394e+00
6.210000e+01	-2.406763e-01	4.205831e+00
6.213333e+01	-2.369699e-01	4.226360e+00
6.216667e+01	-2.340046e-01	4.242785e+00
6.220000e+01	-2.310244e-01	4.259292e+00
6.223333e+01	-2.271630e-01	4.280680e+00
6.226667e+01	-2.222458e-01	4.307916e+00
6.230000e+01	-2.168313e-01	4.337906e+00
6.233333e+01	-2.115888e-01	4.366944e+00
6.236667e+01	-2.067704e-01	4.393633e+00
6.240000e+01	-2.021952e-01	4.418975e+00
6.243333e+01	-1.975713e-01	4.444586e+00
6.246667e+01	-1.927695e-01	4.471183e+00
6.250000e+01	-1.878554e-01	4.498402e+00
6.253333e+01	-1.829552e-01	4.525543e+00
6.256667e+01	-1.781818e-01	4.551983e+00
6.260000e+01	-1.736080e-01	4.577317e+00
6.263333e+01	-1.689379e-01	4.603184e+00
6.266667e+01	-1.634417e-01	4.633627e+00
6.270000e+01	-1.578930e-01	4.664361e+00
6.273333e+01	-1.576381e-01	4.665773e+00
6.276667e+01	-1.705947e-01	4.594007e+00
6.280000e+01	-1.977943e-01	4.443351e+00
6.283333e+01	-2.278404e-01	4.276928e+00
6.286667e+01	-2.455535e-01	4.178817e+00
6.290000e+01	-2.454253e-01	4.179527e+00
6.293333e+01	-2.343965e-01	4.240614e+00
6.296667e+01	-2.233604e-01	4.301742e+00
63	-2.181225e-01	4.330754e+00
6.303333e+01	-2.174262e-01	4.334611e+00
6.306667e+01	-2.170151e-01	4.336888e+00
6.310000e+01	-2.142386e-01	4.352267e+00
6.313333e+01	-2.094413e-01	4.378839e+00
6.316667e+01	-2.044158e-01	4.406675e+00
6.320000e+01	-2.003758e-01	4.429052e+00
6.323333e+01	-1.972440e-01	4.446399e+00
6.326667e+01	-1.941056e-01	4.463782e+00
6.330000e+01	-1.897314e-01	4.488010e+00
6.333333e+01	-1.832582e-01	4.523865e+00
6.336667e+01	-1.754893e-01	4.566896e+00
6.340000e+01	-1.691003e-01	4.602285e+00
6.343333e+01	-1.664363e-01	4.617040e+00
6.346667e+01	-1.673075e-01	4.612215e+00
6.350000e+01	-1.694349e-01	4.600431e+00
6.353333e+01	-1.706651e-01	4.593617e+00
6.356667e+01	-1.704529e-01	4.594792e+00
6.360000e+01	-1.695915e-01	4.599564e+00
6.363333e+01	-1.690358e-01	4.602642e+00
6.366667e+01	-1.690930e-01	4.602325e+00
6.370000e+01	-1.694576e-01	4.600305e+00
6.373333e+01	-1.698614e-01	4.598068e+00
6.376667e+01	-1.708465e-01	4.592612e+00
6.380000e+01	-1.735890e-01	4.577422e+00
6.383333e+01	-1.782709e-01	4.551489e+00
6.386667e+01	-1.830375e-01	4.525087e+00
6.390000e+01	-1.854798e-01	4.511560e+00
6.393333e+01	-1.849177e-01	4.514673e+00
6.396667e+01	-1.827367e-01	4.526753e+00
64	-1.808157e-01	4.537394e+00
6.403333e+01	-1.800091e-01	4.541861e+00
6.406667e+01	-1.799478e-01	4.542201e+00
6.410000e+01	-1.798437e-01	4.542778e+00
6.413333e+01	-1.792800e-01	4.545900e+00
6.416667e+01	-1.783787e-01	4.550892e+00
6.420000e+01	-1.774760e-01	4.555892e+00
6.423333e+01	-1.767669e-01	4.559820e+00
6.426667e+01	-1.762110e-01	4.562899e+00
6.430000e+01	-1.756643e-01	4.565927e+00
6.433333e+01	-1.750362e-01	4.569406e+00
6.436667e+01	-1.743387e-01	4.573269e+00
6.440000e+01	-1.736334e-01	4.577176e+00
6.443333e+01	-1.729621e-01	4.580894e+00
6.446667e+01	-1.723221e-01	4.584439e+00
6.450000e+01	-1.716872e-01	4.587956e+00
6.453333e+01	-1.710382e-01	4.591551e+00
6.456667e+01	-1.703751e-01	4.595224e+00
6.460000e+01	-1.697091e-01	4.598912e+00
6.463333e+01	-1.690489e-01	4.602569e+00
6.466667e+01	-1.683949e-01	4.606191e+00
6.470000e+01	-1.677426e-01	4.609805e+00
6.473333e+01	-1.670879e-01	4.613431e+00
6.476667e+01	-1.664304e-01	4.617073e+00
6.480000e+01	-1.657720e-01	4.620719e+00
6.483333e+01	-1.651147e-01	4.624361e+00
6.486667e+01	-1.644585e-01	4.627995e+00
6.490000e+01	-1.638028e-01	4.631627e+00
6.493333e+01	-1.631467e-01	4.635261e+00
6.496667e+01	-1.624900e-01	4.638898e+00
65	-1.618332e-01	4.642536e+00
6.503333e+01	-1.611765e-01	4.646174e+00
6.506667e+01	-1.605200e-01	4.649810e+00
6.510000e+01	-1.598637e-01	4.653445e+00
6.513333e+01	-1.592072e-01	4.657081e+00
6.516667e+01	-1.585507e-01	4.660718e+00
6.520000e+01	-1.578941e-01	4.664354e+00
6.523333e+01	-1.572376e-01	4.667991e+00
6.526667e+01	-1.565811e-01	4.671627e+00
6.530000e+01	-1.559246e-01	4.675264e+00
6.533333e+01	-1.552681e-01	4.678900e+00
6.536667e+01	-1.546116e-01	4.682536e+00
6.540000e+01	-1.539620e-01	4.686134e+00
6.543333e+01	-1.533518e-01	4.689514e+00
6.546667e+01	-1.528300e-01	4.692404e+00
6.550000e+01	-1.524040e-01	4.694764e+00
6.553333e+01	-1.520250e-01	4.696863e+00
6.556667e+01	-1.516758e-01	4.698797e+00
6.560000e+01	-1.514214e-01	4.700207e+00
6.563333e+01	-1.513286e-01	4.700720e+00
6.566667e+01	-1.513742e-01	4.700468e+00
6.570000e+01	-1.514616e-01	4.699984e+00
6.573333e+01	-1.515073e-01	4.699731e+00
6.576667e+01	-1.514949e-01	4.699799e+00
6.580000e+01	-1.514594e-01	4.699996e+00
6.583333e+01	-1.514385e-01	4.700112e+00
6.586667e+01	-1.514424e-01	4.700090e+00
6.590000e+01	-1.514575e-01	4.700006e+00
6.593333e+01	-1.514671e-01	4.699953e+00
6.596667e+01	-1.514660e-01	4.699959e+00
66	-1.514595e-01	4.699995e+00
6.603333e+01	-1.514551e-01	4.700020e+00
6.606667e+01	-1.514553e-01	4.700018e+00
6.610000e+01	-1.514581e-01	4.700003e+00
6.613333e+01	-1.514601e-01	4.699992e+00
6.616667e+01	-1.514601e-01	4.699992e+00
6.620000e+01	-1.514590e-01	4.699998e+00
6.623333e+01	-1.514581e-01	4.700003e+00
6.626667e+01	-1.514580e-01	4.700004e+00
6.630000e+01	-1.512669e-01	4.701062e+00
6.633333e+01	-1.499942e-01	4.708111e+00
6.636667e+01	-1.462884e-01	4.728638e+00
6.640000e+01	-1.399507e-01	4.763742e+00
6.643333e+01	-1.325097e-01	4.804957e+00
6.646667e+01	-1.255230e-01	4.843656e+00
6.650000e+01	-1.196374e-01	4.876255e+00
6.653333e+01	-1.152595e-01	4.900504e+00
6.656667e+01	-1.121619e-01	4.917661e+00
6.660000e+01	-1.087637e-01	4.936484e+00
6.663333e+01	-1.038121e-01	4.963910e+00
6.666667e+01	-9.845449e-02	4.993586e+00
6.670000e+01	-9.497276e-02	5.012871e+00
6.673333e+01	-9.350004e-02	5.021028e+00
6.676667e+01	-9.141963e-02	5.032551e+00
6.680000e+01	-8.671309e-02	5.058620e+00
6.683333e+01	-8.078367e-02	5.091463e+00
6.686667e+01	-7.687582e-02	5.113108e+00
6.690000e+01	-7.650575e-02	5.115158e+00
6.693333e+01	-7.835039e-02	5.104941e+00
6.696667e+01	-8.006154e-02	5.095463e+00
67	-8.038854e-02	5.093651e+00
6.703333e+01	-7.967479e-02	5.097605e+00
6.706667e+01	-7.892498e-02	5.101758e+00
6.710000e+01	-7.874407e-02	5.102760e+00
6.713333e+01	-7.902037e-02	5.101230e+00
6.716667e+01	-7.925474e-02	5.099931e+00
6.720000e+01	-7.900489e-02	5.101315e+00
6.723333e+01	-7.813351e-02	5.106142e+00
6.726667e+01	-7.682087e-02	5.113412e+00
6.730000e+01	-7.538815e-02	5.121348e+00
6.733333e+01	-7.406794e-02	5.128661e+00
6.736667e+01	-7.289790e-02	5.135142e+00
6.740000e+01	-7.178422e-02	5.141310e+00
6.743333e+01	-7.063115e-02	5.147697e+00
6.746667e+01	-6.941555e-02	5.154430e+00
6.750000e+01	-6.817355e-02	5.161309e+00
6.753333e+01	-6.694670e-02	5.168105e+00
6.756667e+01	-6.575976e-02	5.174679e+00
6.760000e+01	-6.465752e-02	5.180784e+00
6.763333e+01	-6.372450e-02	5.185952e+00
6.766667e+01	-6.416397e-02	5.183518e+00
6.770000e+01	-7.126280e-02	5.144198e+00
6.773333e+01	-9.301586e-02	5.023710e+00
6.776667e+01	-1.294263e-01	4.822035e+00
6.780000e+01	-1.649237e-01	4.625418e+00
6.783333e+01	-1.768196e-01	4.559528e+00
6.786667e+01	-1.530680e-01	4.691086e+00
6.790000e+01	-1.044221e-01	4.960531e+00
6.793333e+01	-5.894019e-02	5.212452e+00
6.796667e+01	-4.023455e-02	5.316061e+00
68	-5.017655e-02	5.260993e+00
6.803333e+01	-7.205535e-02	5.139808e+00
6.806667e+01	-8.730348e-02	5.055350e+00
6.810000e+01	-8.892669e-02	5.046359e+00
6.813333e+01	-8.221765e-02	5.083520e+00
6.816667e+01	-7.611974e-02	5.117296e+00
6.820000e+01	-7.513072e-02	5.122774e+00
6.823333e+01	-7.782127e-02	5.107871e+00
6.826667e+01	-8.049489e-02	5.093062e+00
6.830000e+01	-8.104705e-02	5.090004e+00
6.833333e+01	-7.994008e-02	5.096135e+00
6.836667e+01	-7.874953e-02	5.102730e+00
6.840000e+01	-7.845053e-02	5.104386e+00
6.843333e+01	-7.890259e-02	5.101882e+00
6.846667e+01	-7.943189e-02	5.098950e+00
6.850000e+01	-7.958821e-02	5.098084e+00
6.853333e+01	-7.940570e-02	5.099095e+00
6.856667e+01	-7.917140e-02	5.100393e+00
6.860000e+01	-7.909201e-02	5.100833e+00
6.863333e+01	-7.897317e-02	5.101491e+00
6.866667e+01	-7.780335e-02	5.107971e+00
6.870000e+01	-7.413686e-02	5.128279e+00
6.873333e+01	-6.796241e-02	5.162479e+00
6.876667e+01	-6.174936e-02	5.196892e+00
6.880000e+01	-5.844937e-02	5.215171e+00
6.883333e+01	-5.872063e-02	5.213668e+00
6.886667e+01	-6.072176e-02	5.202584e+00
6.890000e+01	-6.218722e-02	5.194467e+00
6.893333e+01	-6.223052e-02	5.194227e+00
6.896667e+01	-6.143498e-02	5.198634e+00
69	-6.078449e-02	5.202237e+00
6.903333e+01	-6.072916e-02	5.202543e+00
6.906667e+01	-6.105988e-02	5.200711e+00
6.910000e+01	-6.135222e-02	5.199092e+00
6.913333e+01	-6.139169e-02	5.198873e+00
6.916667e+01	-6.125398e-02	5.199636e+00
6.920000e+01	-6.112259e-02	5.200364e+00
6.923333e+01	-6.109852e-02	5.200497e+00
6.926667e+01	-6.115544e-02	5.200182e+00
6.930000e+01	-6.121425e-02	5.199856e+00
6.933333e+01	-6.122776e-02	5.199781e+00
6.936667e+01	-6.120443e-02	5.199911e+00
6.940000e+01	-6.117823e-02	5.200056e+00
6.943333e+01	-6.117103e-02	5.200096e+00
6.946667e+01	-6.118050e-02	5.200043e+00
6.950000e+01	-6.119212e-02	5.199979e+00
6.953333e+01	-6.119582e-02	5.199958e+00
6.956667e+01	-6.119203e-02	5.199979e+00
6.960000e+01	-6.118689e-02	5.200008e+00
6.963333e+01	-6.118504e-02	5.200018e+00
6.966667e+01	-6.118654e-02	5.200010e+00
6.970000e+01	-6.118879e-02	5.199997e+00
6.973333e+01	-6.118971e-02	5.199992e+00
6.976667e+01	-6.118912e-02	5.199995e+00
6.980000e+01	-6.118814e-02	5.200001e+00
6.983333e+01	-6.118769e-02	5.200003e+00
6.986667e+01	-6.118792e-02	5.200002e+00
6.990000e+01	-6.118835e-02	5.200000e+00
6.993333e+01	-6.118856e-02	5.199999e+00
6.996667e+01	-6.118848e-02	5.199999e+00
70	-6.118829e-02	5.200000e+00
7.003333e+01	-6.118819e-02	5.200001e+00
7.006667e+01	-6.118822e-02	5.200000e+00
7.010000e+01	-6.099671e-02	5.201061e+00
7.013333e+01	-5.972368e-02	5.208112e+00
7.016667e+01	-5.601775e-02	5.228639e+00
7.020000e+01	-5.006342e-02	5.261620e+00
7.023333e+01	-4.516872e-02	5.288731e+00
7.026667e+01	-4.559390e-02	5.286376e+00
7.030000e+01	-5.200007e-02	5.250893e+00
7.033333e+01	-6.014916e-02	5.205756e+00
7.036667e+01	-6.488611e-02	5.179518e+00
7.040000e+01	-6.467327e-02	5.180697e+00
7.043333e+01	-6.190500e-02	5.196030e+00
7.046667e+01	-5.980271e-02	5.207675e+00
7.050000e+01	-5.969845e-02	5.208252e+00
7.053333e+01	-6.081238e-02	5.202082e+00
7.056667e+01	-6.174873e-02	5.196896e+00
7.060000e+01	-6.184555e-02	5.196360e+00
7.063333e+01	-6.138245e-02	5.198925e+00
7.066667e+01	-6.096177e-02	5.201255e+00
7.070000e+01	-6.089754e-02	5.201611e+00
7.073333e+01	-6.108987e-02	5.200545e+00
7.076667e+01	-6.127866e-02	5.199500e+00
7.080000e+01	-6.131645e-02	5.199290e+00
7.083333e+01	-6.123719e-02	5.199729e+00
7.086667e+01	-6.112728e-02	5.200338e+00
7.090000e+01	-6.091123e-02	5.201535e+00
7.093333e+01	-6.025419e-02	5.205174e+00
7.096667e+01	-5.878286e-02	5.213324e+00
71	-5.646253e-02	5.226176e+00
7.103333e+01	-5.368078e-02	5.241584e+00
7.106667e+01	-5.093021e-02	5.256819e+00
7.110000e+01	-4.845487e-02	5.270529e+00
7.113333e+01	-4.618447e-02	5.283105e+00
7.116667e+01	-4.392250e-02	5.295634e+00
7.120000e+01	-4.155104e-02	5.308769e+00
7.123333e+01	-3.908862e-02	5.322408e+00
7.126667e+01	-3.661746e-02	5.336096e+00
7.130000e+01	-3.419176e-02	5.349532e+00
7.133333e+01	-3.183246e-02	5.362600e+00
7.136667e+01	-2.962329e-02	5.374836e+00
7.140000e+01	-2.774515e-02	5.385239e+00
7.143333e+01	-2.634375e-02	5.393001e+00
7.146667e+01	-2.543583e-02	5.398030e+00
7.150000e+01	-2.497024e-02	5.400609e+00
7.153333e+01	-2.486307e-02	5.401202e+00
7.156667e+01	-2.496583e-02	5.400633e+00
7.160000e+01	-2.510071e-02	5.399886e+00
7.163333e+01	-2.515560e-02	5.399582e+00
7.166667e+01	-2.512654e-02	5.399743e+00
7.170000e+01	-2.507367e-02	5.400036e+00
7.173333e+01	-2.504877e-02	5.400174e+00
7.176667e+01	-2.505937e-02	5.400115e+00
7.180000e+01	-2.508193e-02	5.399990e+00
7.183333e+01	-2.509355e-02	5.399926e+00
7.186667e+01	-2.508968e-02	5.399947e+00
7.190000e+01	-2.507992e-02	5.400001e+00
7.193333e+01	-2.507447e-02	5.400031e+00
7.196667e+01	-2.507581e-02	5.400024e+00
72	-2.508001e-02	5.400001e+00
7.203333e+01	-2.508256e-02	5.399987e+00
7.206667e+01	-2.508213e-02	5.399989e+00
7.210000e+01	-2.508033e-02	5.399999e+00
7.213333e+01	-2.507915e-02	5.400006e+00
7.216667e+01	-2.507926e-02	5.400005e+00
7.220000e+01	-2.508003e-02	5.400001e+00
7.223333e+01	-2.508058e-02	5.399998e+00
7.226667e+01	-2.508056e-02	5.399998e+00
7.230000e+01	-2.508023e-02	5.400000e+00
7.233333e+01	-2.507998e-02	5.400001e+00
7.236667e+01	-2.507998e-02	5.400001e+00
7.240000e+01	-2.508011e-02	5.400000e+00
7.243333e+01	-2.508023e-02	5.400000e+00
7.246667e+01	-2.508024e-02	5.400000e+00
7.250000e+01	-2.508018e-02	5.400000e+00
7.253333e+01	-2.508013e-02	5.400000e+00
7.256667e+01	-2.508012e-02	5.400000e+00
7.260000e+01	-2.508015e-02	5.400000e+00
7.263333e+01	-2.508017e-02	5.400000e+00
7.266667e+01	-2.527176e-02	5.398939e+00
7.270000e+01	-2.654483e-02	5.391887e+00
7.273333e+01	-3.025074e-02	5.371361e+00
7.276667e+01	-3.639662e-02	5.337319e+00
7.280000e+01	-4.256438e-02	5.303156e+00
7.283333e+01	-4.584513e-02	5.284985e+00
7.286667e+01	-4.558486e-02	5.286426e+00
7.290000e+01	-4.360353e-02	5.297401e+00
7.293333e+01	-4.214732e-02	5.305466e+00
7.296667e+01	-4.209989e-02	5.305729e+00
73	-4.288683e-02	5.301370e+00
7.303333e+01	-4.353291e-02	5.297792e+00
7.306667e+01	-4.358974e-02	5.297477e+00
7.310000e+01	-4.326274e-02	5.299288e+00
7.313333e+01	-4.316407e-02	5.299835e+00
7.316667e+01	-4.439716e-02	5.293005e+00
7.320000e+01	-4.823918e-02	5.271724e+00
7.323333e+01	-5.451549e-02	5.236960e+00
7.326667e+01	-6.070748e-02	5.202663e+00
7.330000e+01	-6.393200e-02	5.184803e+00
7.333333e+01	-6.361336e-02	5.186568e+00
7.336667e+01	-6.161848e-02	5.197617e+00
7.340000e+01	-6.018531e-02	5.205555e+00
7.343333e+01	-6.016387e-02	5.205674e+00
7.346667e+01	-6.095801e-02	5.201276e+00
7.350000e+01	-6.159476e-02	5.197749e+00
7.353333e+01	-6.164006e-02	5.197498e+00
7.356667e+01	-6.130936e-02	5.199329e+00
7.360000e+01	-6.102284e-02	5.200916e+00
7.363333e+01	-6.098795e-02	5.201110e+00
7.366667e+01	-6.112590e-02	5.200346e+00
7.370000e+01	-6.125484e-02	5.199631e+00
7.373333e+01	-6.127685e-02	5.199510e+00
7.376667e+01	-6.121970e-02	5.199826e+00
7.380000e+01	-6.116191e-02	5.200146e+00
7.383333e+01	-6.114934e-02	5.200216e+00
7.386667e+01	-6.117281e-02	5.200086e+00
7.390000e+01	-6.119859e-02	5.199943e+00
7.393333e+01	-6.101378e-02	5.200967e+00
7.396667e+01	-5.973115e-02	5.208071e+00
74	-5.601378e-02	5.228661e+00
7.403333e+01	-4.986438e-02	5.262722e+00
7.406667e+01	-4.370048e-02	5.296864e+00
7.410000e+01	-4.042479e-02	5.315007e+00
7.413333e+01	-4.068683e-02	5.313556e+00
7.416667e+01	-4.266664e-02	5.302590e+00
7.420000e+01	-4.412061e-02	5.294537e+00
7.423333e+01	-4.416717e-02	5.294279e+00
7.426667e+01	-4.338083e-02	5.298634e+00
7.430000e+01	-4.273572e-02	5.302207e+00
7.433333e+01	-4.267931e-02	5.302520e+00
7.436667e+01	-4.300609e-02	5.300710e+00
7.440000e+01	-4.329592e-02	5.299104e+00
7.443333e+01	-4.333570e-02	5.298884e+00
7.446667e+01	-4.319969e-02	5.299637e+00
7.450000e+01	-4.306945e-02	5.300359e+00
7.453333e+01	-4.304531e-02	5.300493e+00
7.456667e+01	-4.310151e-02	5.300181e+00
7.460000e+01	-4.315979e-02	5.299858e+00
7.463333e+01	-4.317330e-02	5.299784e+00
7.466667e+01	-4.315028e-02	5.299911e+00
7.470000e+01	-4.312432e-02	5.300055e+00
7.473333e+01	-4.311713e-02	5.300095e+00
7.476667e+01	-4.312647e-02	5.300043e+00
7.480000e+01	-4.313798e-02	5.299979e+00
7.483333e+01	-4.314167e-02	5.299959e+00
7.486667e+01	-4.313793e-02	5.299979e+00
7.490000e+01	-4.313285e-02	5.300008e+00
7.493333e+01	-4.313100e-02	5.300018e+00
7.496667e+01	-4.313248e-02	5.300010e+00
75	-4.313471e-02	5.299997e+00
7.503333e+01	-4.313562e-02	5.299992e+00
7.506667e+01	-4.294346e-02	5.301057e+00
7.510000e+01	-4.166941e-02	5.308114e+00
7.513333e+01	-3.796304e-02	5.328643e+00
7.516667e+01	-3.181737e-02	5.362683e+00
7.520000e+01	-2.565005e-02	5.396843e+00
7.523333e+01	-2.236951e-02	5.415014e+00
7.526667e+01	-2.262970e-02	5.413573e+00
7.530000e+01	-2.461085e-02	5.402599e+00
7.533333e+01	-2.606695e-02	5.394534e+00
7.536667e+01	-2.611441e-02	5.394271e+00
7.540000e+01	-2.532756e-02	5.398630e+00
7.543333e+01	-2.468152e-02	5.402208e+00
7.546667e+01	-2.462468e-02	5.402523e+00
7.550000e+01	-2.495164e-02	5.400712e+00
7.553333e+01	-2.524188e-02	5.399104e+00
7.556667e+01	-2.528187e-02	5.398883e+00
7.560000e+01	-2.514579e-02	5.399636e+00
7.563333e+01	-2.501537e-02	5.400359e+00
7.566667e+01	-2.499113e-02	5.400493e+00
7.570000e+01	-2.504736e-02	5.400182e+00
7.573333e+01	-2.510572e-02	5.399858e+00
7.576667e+01	-2.511927e-02	5.399783e+00
7.580000e+01	-2.509624e-02	5.399911e+00
7.583333e+01	-2.507025e-02	5.400055e+00
7.586667e+01	-2.506305e-02	5.400095e+00
7.590000e+01	-2.507238e-02	5.400043e+00
7.593333e+01	-2.508391e-02	5.399979e+00
7.596667e+01	-2.508761e-02	5.399959e+00
76	-2.508387e-02	5.399979e+00
7.603333e+01	-2.488719e-02	5.401069e+00
7.606667e+01	-2.361226e-02	5.408131e+00
7.610000e+01	-1.990782e-02	5.428649e+00
7.613333e+01	-1.395576e-02	5.461617e+00
7.616667e+01	-9.061993e-03	5.488723e+00
7.620000e+01	-9.486590e-03	5.486371e+00
7.623333e+01	-1.589177e-02	5.450894e+00
7.626667e+01	-2.404041e-02	5.405759e+00
7.630000e+01	-2.877758e-02	5.379520e+00
7.633333e+01	-2.856517e-02	5.380697e+00
7.636667e+01	-2.579711e-02	5.396029e+00
7.640000e+01	-2.369474e-02	5.407674e+00
7.643333e+01	-2.359030e-02	5.408252e+00
7.646667e+01	-2.470413e-02	5.402083e+00
7.650000e+01	-2.564050e-02	5.396896e+00
7.653333e+01	-2.573740e-02	5.396360e+00
7.656667e+01	-2.527435e-02	5.398924e+00
7.660000e+01	-2.485366e-02	5.401255e+00
7.663333e+01	-2.478940e-02	5.401610e+00
7.666667e+01	-2.498171e-02	5.400545e+00
7.670000e+01	-2.517050e-02	5.399500e+00
7.673333e+01	-2.520830e-02	5.399290e+00
7.676667e+01	-2.512905e-02	5.399729e+00
7.680000e+01	-2.504469e-02	5.400196e+00
7.683333e+01	-2.502393e-02	5.400311e+00
7.686667e+01	-2.505629e-02	5.400132e+00
7.690000e+01	-2.509382e-02	5.399924e+00
7.693333e+01	-2.510472e-02	5.399864e+00
7.696667e+01	-2.509164e-02	5.399936e+00
77	-2.507503e-02	5.400028e+00
7.703333e+01	-2.506947e-02	5.400059e+00
7.706667e+01	-2.507469e-02	5.400030e+00
7.710000e+01	-2.508202e-02	5.399990e+00
7.713333e+01	-2.508478e-02	5.399974e+00
7.716667e+01	-2.508273e-02	5.399986e+00
7.720000e+01	-2.507951e-02	5.400004e+00
7.723333e+01	-2.507816e-02	5.400011e+00
7.726667e+01	-2.509173e-02	5.399936e+00
7.730000e+01	-2.519078e-02	5.399387e+00
7.733333e+01	-2.553613e-02	5.397474e+00
7.736667e+01	-2.629027e-02	5.393297e+00
7.740000e+01	-2.745527e-02	5.386844e+00
7.743333e+01	-2.883929e-02	5.379178e+00
7.746667e+01	-3.020638e-02	5.371606e+00
7.750000e+01	-3.144154e-02	5.364765e+00
7.753333e+01	-3.257949e-02	5.358462e+00
7.756667e+01	-3.371411e-02	5.352177e+00
7.760000e+01	-3.490110e-02	5.345603e+00
7.763333e+01	-3.613122e-02	5.338789e+00
7.766667e+01	-3.736520e-02	5.331954e+00
7.770000e+01	-3.857742e-02	5.325240e+00
7.773333e+01	-3.977028e-02	5.318633e+00
7.776667e+01	-4.094766e-02	5.312111e+00
7.780000e+01	-4.204922e-02	5.306010e+00
7.783333e+01	-4.291243e-02	5.301229e+00
7.786667e+01	-4.336753e-02	5.298708e+00
7.790000e+01	-4.340772e-02	5.298485e+00
7.793333e+01	-4.322530e-02	5.299496e+00
7.796667e+01	-4.305931e-02	5.300415e+00
78	-4.302695e-02	5.300594e+00
7.803333e+01	-4.309340e-02	5.300226e+00
7.806667e+01	-4.316350e-02	5.299838e+00
7.810000e+01	-4.318051e-02	5.299744e+00
7.813333e+01	-4.315368e-02	5.299892e+00
7.816667e+01	-4.312282e-02	5.300063e+00
7.820000e+01	-4.311400e-02	5.300112e+00
7.823333e+01	-4.312488e-02	5.300052e+00
7.826667e+01	-4.313854e-02	5.299976e+00
7.830000e+01	-4.314303e-02	5.299951e+00
7.833333e+01	-4.313868e-02	5.299975e+00
7.836667e+01	-4.313265e-02	5.300009e+00
7.840000e+01	-4.313041e-02	5.300021e+00
7.843333e+01	-4.313213e-02	5.300012e+00
7.846667e+01	-4.313478e-02	5.299997e+00
7.850000e+01	-4.313587e-02	5.299991e+00
7.853333e+01	-4.294362e-02	5.301056e+00
7.856667e+01	-4.166939e-02	5.308114e+00
7.860000e+01	-3.796294e-02	5.328643e+00
7.863333e+01	-3.181730e-02	5.362684e+00
7.866667e+01	-2.565005e-02	5.396843e+00
7.870000e+01	-2.236956e-02	5.415014e+00
7.873333e+01	-2.262974e-02	5.413573e+00
7.876667e+01	-2.461085e-02	5.402599e+00
7.880000e+01	-2.606693e-02	5.394534e+00
7.883333e+01	-2.611440e-02	5.394271e+00
7.886667e+01	-2.532756e-02	5.398630e+00
7.890000e+01	-2.448994e-02	5.403269e+00
7.893333e+01	-2.316002e-02	5.410635e+00
7.896667e+01	-1.978106e-02	5.429351e+00
79	-1.392540e-02	5.461785e+00
7.903333e+01	-7.797647e-03	5.495726e+00
7.906667e+01	-4.189229e-03	5.515713e+00
7.910000e+01	-3.046012e-03	5.522045e+00
7.913333e+01	-1.297180e-03	5.531732e+00
7.916667e+01	3.336280e-03	5.557396e+00
7.920000e+01	9.398237e-03	5.590973e+00
7.923333e+01	1.345237e-02	5.613428e+00
7.926667e+01	1.386121e-02	5.615693e+00
7.930000e+01	1.196271e-02	5.605177e+00
7.933333e+01	1.018671e-02	5.595340e+00
7.936667e+01	9.839680e-03	5.593418e+00
7.940000e+01	1.057510e-02	5.597491e+00
7.943333e+01	1.135358e-02	5.601803e+00
7.946667e+01	1.154458e-02	5.602861e+00
7.950000e+01	1.124691e-02	5.601213e+00
7.953333e+01	1.090227e-02	5.599304e+00
7.956667e+01	1.080244e-02	5.598751e+00
7.960000e+01	1.092275e-02	5.599417e+00
7.963333e+01	1.107529e-02	5.600262e+00
7.966667e+01	1.112611e-02	5.600543e+00
7.970000e+01	1.107805e-02	5.600277e+00
7.973333e+01	1.101079e-02	5.599905e+00
7.976667e+01	1.098549e-02	5.599765e+00
7.980000e+01	1.100440e-02	5.599869e+00
7.983333e+01	1.103393e-02	5.600033e+00
7.986667e+01	1.104630e-02	5.600101e+00
7.990000e+01	1.103900e-02	5.600061e+00
7.993333e+01	1.102609e-02	5.599990e+00
7.996667e+01	1.082854e-02	5.598895e+00
80	9.558217e-03	5.591859e+00
8.003333e+01	5.857913e-03	5.571363e+00
8.006667e+01	-2.851344e-04	5.537338e+00
8.010000e+01	-6.453887e-03	5.503169e+00
8.013333e+01	-9.737070e-03	5.484984e+00
8.016667e+01	-9.478139e-03	5.486418e+00
8.020000e+01	-7.688048e-03	5.496333e+00
8.023333e+01	-7.503870e-03	5.497354e+00
8.026667e+01	-1.116173e-02	5.477093e+00
8.030000e+01	-1.809467e-02	5.438692e+00
8.033333e+01	-2.473014e-02	5.401939e+00
8.036667e+01	-2.687981e-02	5.390032e+00
8.040000e+01	-2.283364e-02	5.412443e+00
8.043333e+01	-1.483847e-02	5.456728e+00
8.046667e+01	-7.683226e-03	5.496360e+00
8.050000e+01	-5.054569e-03	5.510920e+00
8.053333e+01	-6.969360e-03	5.500314e+00
8.056667e+01	-1.065461e-02	5.479902e+00
8.060000e+01	-1.339866e-02	5.464703e+00
8.063333e+01	-1.442451e-02	5.459021e+00
8.066667e+01	-1.462109e-02	5.457932e+00
8.070000e+01	-1.513893e-02	5.455064e+00
8.073333e+01	-1.638264e-02	5.448175e+00
8.076667e+01	-1.801260e-02	5.439147e+00
8.080000e+01	-1.952859e-02	5.430750e+00
8.083333e+01	-2.073212e-02	5.424083e+00
8.086667e+01	-2.175520e-02	5.418417e+00
8.090000e+01	-2.280371e-02	5.412609e+00
8.093333e+01	-2.390172e-02	5.406527e+00
8.096667e+01	-2.483658e-02	5.401349e+00
81	-2.535027e-02	5.398504e+00
8.103333e+01	-2.539527e-02	5.398255e+00
8.106667e+01	-2.518279e-02	5.399432e+00
8.110000e+01	-2.499032e-02	5.400498e+00
8.113333e+01	-2.495443e-02	5.400696e+00
8.116667e+01	-2.503339e-02	5.400259e+00
8.120000e+01	-2.511540e-02	5.399805e+00
8.123333e+01	-2.532617e-02	5.398637e+00
8.126667e+01	-2.675884e-02	5.390702e+00
8.130000e+01	-3.189322e-02	5.362263e+00
8.133333e+01	-4.300807e-02	5.300699e+00
8.136667e+01	-5.923221e-02	5.210835e+00
8.140000e+01	-7.611572e-02	5.117318e+00
8.143333e+01	-8.920660e-02	5.044809e+00
8.146667e+01	-9.765950e-02	4.997989e+00
8.150000e+01	-1.038283e-01	4.963821e+00
8.153333e+01	-1.097674e-01	4.930925e+00
8.156667e+01	-1.149602e-01	4.902162e+00
8.160000e+01	-1.176483e-01	4.887273e+00
8.163333e+01	-1.174230e-01	4.888521e+00
8.166667e+01	-1.155777e-01	4.898741e+00
0	0	0
0	0	0
0	0	0
