0	-5.976477e-03	4.696634e+00
3.333333e-02	-5.981472e-03	4.696610e+00
6.666667e-02	-5.649137e-03	4.698180e+00
1.000000e-01	-5.579452e-03	4.698510e+00
1.333333e-01	-5.944450e-03	4.696785e+00
1.666667e-01	-6.512528e-03	4.694101e+00
2.000000e-01	-6.991698e-03	4.691837e+00
2.333333e-01	-7.282699e-03	4.690462e+00
2.666667e-01	-7.475910e-03	4.689549e+00
3.000000e-01	-7.700411e-03	4.688488e+00
3.333333e-01	-8.006059e-03	4.687044e+00
3.666667e-01	-8.357674e-03	4.685383e+00
4.000000e-01	-8.698692e-03	4.683772e+00
4.333333e-01	-9.004801e-03	4.682325e+00
4.666667e-01	-9.289494e-03	4.680980e+00
5.000000e-01	-9.577461e-03	4.679620e+00
5.333333e-01	-9.880383e-03	4.678188e+00
5.666667e-01	-1.019321e-02	4.676710e+00
6.000000e-01	-1.050521e-02	4.675236e+00
6.333333e-01	-1.081084e-02	4.673792e+00
6.666667e-01	-1.111192e-02	4.672370e+00
7.000000e-01	-1.141309e-02	4.670947e+00
7.333333e-01	-1.171696e-02	4.669511e+00
7.666667e-01	-1.202291e-02	4.668065e+00
8.000000e-01	-1.232893e-02	4.666619e+00
8.333333e-01	-1.263382e-02	4.665179e+00
8.666667e-01	-1.293777e-02	4.663743e+00
9.000000e-01	-1.324163e-02	4.662307e+00
9.333333e-01	-1.354596e-02	4.660869e+00
9.666667e-01	-1.385072e-02	4.659429e+00
1	-1.415555e-02	4.657989e+00
1.033333e+00	-1.446017e-02	4.656549e+00
1.066667e+00	-1.476460e-02	4.655111e+00
1.100000e+00	-1.506900e-02	4.653673e+00
1.133333e+00	-1.537348e-02	4.652234e+00
1.166667e+00	-1.567804e-02	4.650795e+00
1.200000e+00	-1.598262e-02	4.649356e+00
1.233333e+00	-1.628717e-02	4.647917e+00
1.266667e+00	-1.659169e-02	4.646478e+00
1.300000e+00	-1.689619e-02	4.645040e+00
1.333333e+00	-1.720070e-02	4.643601e+00
1.366667e+00	-1.750524e-02	4.642162e+00
1.400000e+00	-1.780977e-02	4.640723e+00
1.433333e+00	-1.811430e-02	4.639284e+00
1.466667e+00	-1.841883e-02	4.637845e+00
1.500000e+00	-1.872335e-02	4.636407e+00
1.533333e+00	-1.902788e-02	4.634968e+00
1.566667e+00	-1.933240e-02	4.633529e+00
1.600000e+00	-1.963693e-02	4.632090e+00
1.633333e+00	-1.994146e-02	4.630651e+00
1.666667e+00	-2.024599e-02	4.629212e+00
1.700000e+00	-2.055051e-02	4.627773e+00
1.733333e+00	-2.085504e-02	4.626335e+00
1.766667e+00	-2.115956e-02	4.624896e+00
1.800000e+00	-2.146409e-02	4.623457e+00
1.833333e+00	-2.176862e-02	4.622018e+00
1.866667e+00	-2.207314e-02	4.620579e+00
1.900000e+00	-2.237767e-02	4.619140e+00
1.933333e+00	-2.268220e-02	4.617701e+00
1.966667e+00	-2.298672e-02	4.616263e+00
2	-2.329125e-02	4.614824e+00
2.033333e+00	-2.359578e-02	4.613385e+00
2.066667e+00	-2.390030e-02	4.611946e+00
2.100000e+00	-2.420483e-02	4.610507e+00
2.133333e+00	-2.450936e-02	4.609068e+00
2.166667e+00	-2.481388e-02	4.607630e+00
2.200000e+00	-2.511841e-02	4.606191e+00
2.233333e+00	-2.542294e-02	4.604752e+00
2.266667e+00	-2.572746e-02	4.603313e+00
2.300000e+00	-2.603199e-02	4.601874e+00
2.333333e+00	-2.633652e-02	4.600435e+00
2.366667e+00	-2.664104e-02	4.598996e+00
2.400000e+00	-2.694557e-02	4.597558e+00
2.433333e+00	-2.725009e-02	4.596119e+00
2.466667e+00	-2.755462e-02	4.594680e+00
2.500000e+00	-2.785915e-02	4.593241e+00
2.533333e+00	-2.816367e-02	4.591802e+00
2.566667e+00	-2.846820e-02	4.590363e+00
2.600000e+00	-2.877273e-02	4.588924e+00
2.633333e+00	-2.907725e-02	4.587486e+00
2.666667e+00	-2.938178e-02	4.586047e+00
2.700000e+00	-2.968631e-02	4.584608e+00
2.733333e+00	-2.999083e-02	4.583169e+00
2.766667e+00	-3.029536e-02	4.581730e+00
2.800000e+00	-3.059989e-02	4.580291e+00
2.833333e+00	-3.090441e-02	4.578853e+00
2.866667e+00	-3.120894e-02	4.577414e+00
2.900000e+00	-3.151347e-02	4.575975e+00
2.933333e+00	-3.181799e-02	4.574536e+00
2.966667e+00	-3.212252e-02	4.573097e+00
3	-3.242705e-02	4.571658e+00
3.033333e+00	-3.273157e-02	4.570219e+00
3.066667e+00	-3.303610e-02	4.568781e+00
3.100000e+00	-3.334063e-02	4.567342e+00
3.133333e+00	-3.364515e-02	4.565903e+00
3.166667e+00	-3.394968e-02	4.564464e+00
3.200000e+00	-3.425421e-02	4.563025e+00
3.233333e+00	-3.455873e-02	4.561586e+00
3.266667e+00	-3.486326e-02	4.560148e+00
3.300000e+00	-3.516778e-02	4.558709e+00
3.333333e+00	-3.547231e-02	4.557270e+00
3.366667e+00	-3.577684e-02	4.555831e+00
3.400000e+00	-3.608136e-02	4.554392e+00
3.433333e+00	-3.638589e-02	4.552953e+00
3.466667e+00	-3.669042e-02	4.551514e+00
3.500000e+00	-3.699494e-02	4.550076e+00
3.533333e+00	-3.729947e-02	4.548637e+00
3.566667e+00	-3.760400e-02	4.547198e+00
3.600000e+00	-3.790852e-02	4.545759e+00
3.633333e+00	-3.821305e-02	4.544320e+00
3.666667e+00	-3.851758e-02	4.542881e+00
3.700000e+00	-3.882210e-02	4.541442e+00
3.733333e+00	-3.912663e-02	4.540004e+00
3.766667e+00	-3.943116e-02	4.538565e+00
3.800000e+00	-3.973568e-02	4.537126e+00
3.833333e+00	-4.004021e-02	4.535687e+00
3.866667e+00	-4.034474e-02	4.534248e+00
3.900000e+00	-4.064926e-02	4.532809e+00
3.933333e+00	-4.095379e-02	4.531371e+00
3.966667e+00	-4.125832e-02	4.529932e+00
4	-4.156284e-02	4.528493e+00
4.033333e+00	-4.186737e-02	4.527054e+00
4.066667e+00	-4.217190e-02	4.525615e+00
4.100000e+00	-4.247642e-02	4.524176e+00
4.133333e+00	-4.278095e-02	4.522737e+00
4.166667e+00	-4.308548e-02	4.521299e+00
4.200000e+00	-4.339000e-02	4.519860e+00
4.233333e+00	-4.369453e-02	4.518421e+00
4.266667e+00	-4.399905e-02	4.516982e+00
4.300000e+00	-4.430358e-02	4.515543e+00
4.333333e+00	-4.460811e-02	4.514104e+00
4.366667e+00	-4.491263e-02	4.512665e+00
4.400000e+00	-4.521716e-02	4.511227e+00
4.433333e+00	-4.552169e-02	4.509788e+00
4.466667e+00	-4.582621e-02	4.508349e+00
4.500000e+00	-4.613074e-02	4.506910e+00
4.533333e+00	-4.643527e-02	4.505471e+00
4.566667e+00	-4.673979e-02	4.504032e+00
4.600000e+00	-4.704109e-02	4.502609e+00
4.633333e+00	-4.754551e-02	4.500226e+00
4.666667e+00	-4.925523e-02	4.492147e+00
4.700000e+00	-5.371329e-02	4.471084e+00
4.733333e+00	-6.070306e-02	4.438058e+00
4.766667e+00	-6.639531e-02	4.411163e+00
4.800000e+00	-6.585555e-02	4.413713e+00
4.833333e+00	-5.833776e-02	4.449233e+00
4.866667e+00	-4.880133e-02	4.494292e+00
4.900000e+00	-4.326570e-02	4.520447e+00
4.933333e+00	-4.374398e-02	4.518187e+00
4.966667e+00	-4.847487e-02	4.495834e+00
5	-5.527609e-02	4.463699e+00
5.033333e+00	-6.260091e-02	4.429091e+00
5.066667e+00	-6.852817e-02	4.401085e+00
5.100000e+00	-7.127989e-02	4.388084e+00
5.133333e+00	-7.086239e-02	4.390056e+00
5.166667e+00	-6.885689e-02	4.399532e+00
5.200000e+00	-6.614905e-02	4.412326e+00
5.233333e+00	-6.182377e-02	4.432763e+00
5.266667e+00	-5.527565e-02	4.463702e+00
5.300000e+00	-4.826983e-02	4.496803e+00
5.333333e+00	-4.334436e-02	4.520075e+00
5.366667e+00	-4.094685e-02	4.531403e+00
5.400000e+00	-3.930124e-02	4.539179e+00
5.433333e+00	-3.655973e-02	4.552132e+00
5.466667e+00	-3.236656e-02	4.571944e+00
5.500000e+00	-2.760493e-02	4.594442e+00
5.533333e+00	-2.322547e-02	4.615135e+00
5.566667e+00	-1.948060e-02	4.632829e+00
5.600000e+00	-1.601957e-02	4.649182e+00
5.633333e+00	-1.241734e-02	4.666202e+00
5.666667e+00	-8.539905e-03	4.684522e+00
5.700000e+00	-4.526771e-03	4.703484e+00
5.733333e+00	-5.654611e-04	4.722200e+00
5.766667e+00	3.276609e-03	4.740353e+00
5.800000e+00	7.054561e-03	4.758204e+00
5.833333e+00	1.085082e-02	4.776141e+00
5.866667e+00	1.469856e-02	4.794321e+00
5.900000e+00	1.857633e-02	4.812643e+00
5.933333e+00	2.244805e-02	4.830936e+00
5.966667e+00	2.629765e-02	4.849125e+00
6	3.013329e-02	4.867248e+00
6.033333e+00	3.397070e-02	4.885379e+00
6.066667e+00	3.781758e-02	4.903555e+00
6.100000e+00	4.167089e-02	4.921762e+00
6.133333e+00	4.552382e-02	4.939966e+00
6.166667e+00	4.937272e-02	4.958152e+00
6.200000e+00	5.321867e-02	4.976323e+00
6.233333e+00	5.706462e-02	4.994495e+00
6.266667e+00	6.091227e-02	5.012675e+00
6.300000e+00	6.476126e-02	5.030861e+00
6.333333e+00	6.856950e-02	5.048854e+00
6.366667e+00	7.214651e-02	5.065755e+00
6.400000e+00	7.516353e-02	5.080010e+00
6.433333e+00	7.716447e-02	5.089464e+00
6.466667e+00	7.710335e-02	5.089175e+00
6.500000e+00	7.304669e-02	5.070008e+00
6.533333e+00	6.303423e-02	5.022701e+00
6.566667e+00	4.695958e-02	4.946750e+00
6.600000e+00	2.849206e-02	4.859493e+00
6.633333e+00	1.421646e-02	4.792043e+00
6.666667e+00	8.660828e-03	4.765793e+00
6.700000e+00	1.025273e-02	4.773315e+00
6.733333e+00	1.322555e-02	4.787361e+00
6.766667e+00	1.296908e-02	4.786149e+00
6.800000e+00	9.041984e-03	4.767594e+00
6.833333e+00	3.906454e-03	4.743329e+00
6.866667e+00	-1.148492e-04	4.724329e+00
6.900000e+00	-2.560313e-03	4.712775e+00
6.933333e+00	-4.398202e-03	4.704091e+00
6.966667e+00	-6.662309e-03	4.693393e+00
7	-9.612248e-03	4.679455e+00
7.033333e+00	-1.285701e-02	4.664124e+00
7.066667e+00	-1.593837e-02	4.649565e+00
7.100000e+00	-1.869070e-02	4.636561e+00
7.133333e+00	-2.110256e-02	4.625165e+00
7.166667e+00	-2.280169e-02	4.617137e+00
7.200000e+00	-2.257140e-02	4.618225e+00
7.233333e+00	-1.874795e-02	4.636290e+00
7.266667e+00	-1.064281e-02	4.674586e+00
7.300000e+00	1.275083e-04	4.725474e+00
7.333333e+00	9.279141e-03	4.768715e+00
7.366667e+00	1.177160e-02	4.780491e+00
7.400000e+00	6.239105e-03	4.754351e+00
7.433333e+00	-2.828343e-03	4.711508e+00
7.466667e+00	-8.994332e-03	4.682375e+00
7.500000e+00	-9.526644e-03	4.679860e+00
7.533333e+00	-6.577274e-03	4.693795e+00
7.566667e+00	-3.910045e-03	4.706397e+00
7.600000e+00	-3.460064e-03	4.708524e+00
7.633333e+00	-4.623518e-03	4.703026e+00
7.666667e+00	-5.797078e-03	4.697481e+00
7.700000e+00	-6.052222e-03	4.696276e+00
7.733333e+00	-5.352537e-03	4.699582e+00
7.766667e+00	-3.338641e-03	4.709097e+00
7.800000e+00	1.367139e-03	4.731331e+00
7.833333e+00	9.870964e-03	4.771511e+00
7.866667e+00	2.121426e-02	4.825107e+00
7.900000e+00	3.219412e-02	4.876985e+00
7.933333e+00	3.917080e-02	4.909949e+00
7.966667e+00	4.059445e-02	4.916675e+00
8	3.790491e-02	4.903968e+00
8.033333e+00	3.393497e-02	4.885210e+00
8.066667e+00	3.069398e-02	4.869897e+00
8.100000e+00	2.851426e-02	4.859598e+00
8.133333e+00	2.668754e-02	4.850967e+00
8.166667e+00	2.452668e-02	4.840757e+00
8.200000e+00	2.190779e-02	4.828383e+00
8.233333e+00	1.912565e-02	4.815238e+00
8.266667e+00	1.648048e-02	4.802740e+00
8.300000e+00	1.403743e-02	4.791197e+00
8.333333e+00	1.167434e-02	4.780032e+00
8.366667e+00	9.257382e-03	4.768612e+00
8.400000e+00	6.751691e-03	4.756773e+00
8.433333e+00	4.207133e-03	4.744750e+00
8.466667e+00	1.683192e-03	4.732825e+00
8.500000e+00	-7.756021e-04	4.721207e+00
8.533333e+00	-3.040179e-03	4.710507e+00
8.566667e+00	-4.801319e-03	4.702186e+00
8.600000e+00	-5.731660e-03	4.697791e+00
8.633333e+00	-5.820206e-03	4.697372e+00
8.666667e+00	-5.453535e-03	4.699105e+00
8.700000e+00	-5.115488e-03	4.700702e+00
8.733333e+00	-5.046549e-03	4.701028e+00
8.766667e+00	-5.179371e-03	4.700400e+00
8.800000e+00	-5.321865e-03	4.699727e+00
8.833333e+00	-5.582357e-03	4.698496e+00
8.866667e+00	-7.021276e-03	4.691697e+00
8.900000e+00	-1.130302e-02	4.671467e+00
8.933333e+00	-1.848931e-02	4.637512e+00
8.966667e+00	-2.551673e-02	4.604309e+00
9	-2.789803e-02	4.593057e+00
9.033333e+00	-2.325786e-02	4.614982e+00
9.066667e+00	-1.394637e-02	4.658977e+00
9.100000e+00	-6.489091e-03	4.694212e+00
9.133333e+00	-6.927260e-03	4.692142e+00
9.166667e+00	-1.536304e-02	4.652284e+00
9.200000e+00	-2.567888e-02	4.603543e+00
9.233333e+00	-3.130085e-02	4.576979e+00
9.266667e+00	-3.044210e-02	4.581037e+00
9.300000e+00	-2.536187e-02	4.605040e+00
9.333333e+00	-1.850500e-02	4.637438e+00
9.366667e+00	-1.133805e-02	4.671301e+00
9.400000e+00	-5.567428e-03	4.698567e+00
9.433333e+00	-2.848046e-03	4.711415e+00
9.466667e+00	-3.200559e-03	4.709750e+00
9.500000e+00	-4.911505e-03	4.701666e+00
9.533333e+00	-6.109303e-03	4.696006e+00
9.566667e+00	-6.116673e-03	4.695971e+00
9.600000e+00	-5.450293e-03	4.699120e+00
9.633333e+00	-4.922766e-03	4.701612e+00
9.666667e+00	-4.889480e-03	4.701770e+00
9.700000e+00	-5.166302e-03	4.700462e+00
9.733333e+00	-5.403282e-03	4.699342e+00
9.766667e+00	-5.430222e-03	4.699215e+00
9.800000e+00	-5.314623e-03	4.699761e+00
9.833333e+00	-5.207918e-03	4.700265e+00
9.866667e+00	-5.190547e-03	4.700347e+00
9.900000e+00	-5.238497e-03	4.700121e+00
9.933333e+00	-5.286357e-03	4.699895e+00
9.966667e+00	-5.296408e-03	4.699847e+00
10	-5.276684e-03	4.699940e+00
1.003333e+01	-5.255318e-03	4.700041e+00
1.006667e+01	-5.249857e-03	4.700067e+00
1.010000e+01	-5.257895e-03	4.700029e+00
1.013333e+01	-5.267390e-03	4.699984e+00
1.016667e+01	-5.270237e-03	4.699971e+00
1.020000e+01	-5.266997e-03	4.699986e+00
1.023333e+01	-5.262796e-03	4.700006e+00
1.026667e+01	-5.261354e-03	4.700013e+00
1.030000e+01	-5.262644e-03	4.700007e+00
1.033333e+01	-5.264494e-03	4.699998e+00
1.036667e+01	-5.265209e-03	4.699995e+00
1.040000e+01	-5.264704e-03	4.699997e+00
1.043333e+01	-5.263892e-03	4.700001e+00
1.046667e+01	-5.263544e-03	4.700002e+00
1.050000e+01	-5.233792e-03	4.700143e+00
1.053333e+01	-5.005211e-03	4.701223e+00
1.056667e+01	-4.197189e-03	4.705041e+00
1.060000e+01	-2.428292e-03	4.713399e+00
1.063333e+01	3.047371e-04	4.726312e+00
1.066667e+01	3.550491e-03	4.741648e+00
1.070000e+01	6.755457e-03	4.756791e+00
1.073333e+01	9.650690e-03	4.770470e+00
1.076667e+01	1.231834e-02	4.783075e+00
1.080000e+01	1.497862e-02	4.795644e+00
1.083333e+01	1.776193e-02	4.808795e+00
1.086667e+01	2.064621e-02	4.822423e+00
1.090000e+01	2.353935e-02	4.836092e+00
1.093333e+01	2.638137e-02	4.849521e+00
1.096667e+01	2.917803e-02	4.862734e+00
11	3.193850e-02	4.875777e+00
1.103333e+01	3.452125e-02	4.887980e+00
1.106667e+01	3.654514e-02	4.897543e+00
1.110000e+01	3.761218e-02	4.902585e+00
1.113333e+01	3.770637e-02	4.903030e+00
1.116667e+01	3.727865e-02	4.901009e+00
1.120000e+01	3.688949e-02	4.899170e+00
1.123333e+01	3.681362e-02	4.898812e+00
1.126667e+01	3.584644e-02	4.894242e+00
1.130000e+01	2.854873e-02	4.859761e+00
1.133333e+01	6.866555e-03	4.757316e+00
1.136667e+01	-2.922015e-02	4.586810e+00
1.140000e+01	-6.544444e-02	4.415655e+00
1.143333e+01	-8.469505e-02	4.324699e+00
1.146667e+01	-8.314399e-02	4.332027e+00
1.150000e+01	-7.149849e-02	4.387051e+00
1.153333e+01	-6.288339e-02	4.427756e+00
1.156667e+01	-6.208726e-02	4.431518e+00
1.160000e+01	-6.484892e-02	4.418469e+00
1.163333e+01	-6.455927e-02	4.419838e+00
1.166667e+01	-5.858173e-02	4.448081e+00
1.170000e+01	-4.916881e-02	4.492556e+00
1.173333e+01	-4.006876e-02	4.535552e+00
1.176667e+01	-3.315447e-02	4.568221e+00
1.180000e+01	-2.779871e-02	4.593527e+00
1.183333e+01	-2.242533e-02	4.618915e+00
1.186667e+01	-1.614388e-02	4.648594e+00
1.190000e+01	-9.157104e-03	4.681606e+00
1.193333e+01	-2.137921e-03	4.714771e+00
1.196667e+01	4.430730e-03	4.745807e+00
12	1.022076e-02	4.773164e+00
1.203333e+01	1.464245e-02	4.794056e+00
1.206667e+01	1.678232e-02	4.804166e+00
1.210000e+01	1.557378e-02	4.798456e+00
1.213333e+01	1.035135e-02	4.773781e+00
1.216667e+01	2.296130e-03	4.735721e+00
1.220000e+01	-5.134787e-03	4.700611e+00
1.223333e+01	-8.668798e-03	4.683913e+00
1.226667e+01	-8.007253e-03	4.687039e+00
1.230000e+01	-5.583038e-03	4.698493e+00
1.233333e+01	-4.000439e-03	4.705970e+00
1.236667e+01	-4.101002e-03	4.705495e+00
1.240000e+01	-5.074611e-03	4.700895e+00
1.243333e+01	-5.557513e-03	4.698613e+00
1.246667e+01	-4.062879e-03	4.705675e+00
1.250000e+01	6.903289e-04	4.728134e+00
1.253333e+01	8.215659e-03	4.763690e+00
1.256667e+01	1.546268e-02	4.797931e+00
1.260000e+01	1.913664e-02	4.815290e+00
1.263333e+01	1.868626e-02	4.813162e+00
1.266667e+01	1.634838e-02	4.802116e+00
1.270000e+01	1.471324e-02	4.794390e+00
1.273333e+01	1.472317e-02	4.794437e+00
1.276667e+01	1.565581e-02	4.798844e+00
1.280000e+01	1.638333e-02	4.802281e+00
1.283333e+01	1.642054e-02	4.802457e+00
1.286667e+01	1.603125e-02	4.800618e+00
1.290000e+01	1.570329e-02	4.799068e+00
1.293333e+01	1.566956e-02	4.798909e+00
1.296667e+01	1.583236e-02	4.799678e+00
13	1.598023e-02	4.800376e+00
1.303333e+01	1.600281e-02	4.800483e+00
1.306667e+01	1.593517e-02	4.800164e+00
1.310000e+01	1.586878e-02	4.799850e+00
1.313333e+01	1.585548e-02	4.799787e+00
1.316667e+01	1.588335e-02	4.799919e+00
1.320000e+01	1.591302e-02	4.800059e+00
1.323333e+01	1.592032e-02	4.800093e+00
1.326667e+01	1.590894e-02	4.800040e+00
1.330000e+01	1.589575e-02	4.799977e+00
1.333333e+01	1.589191e-02	4.799959e+00
1.336667e+01	1.589651e-02	4.799981e+00
1.340000e+01	1.590235e-02	4.800009e+00
1.343333e+01	1.590431e-02	4.800018e+00
1.346667e+01	1.590247e-02	4.800009e+00
1.350000e+01	1.589990e-02	4.799997e+00
1.353333e+01	1.589892e-02	4.799992e+00
1.356667e+01	1.589964e-02	4.799996e+00
1.360000e+01	1.590078e-02	4.800001e+00
1.363333e+01	1.590125e-02	4.800003e+00
1.366667e+01	1.590097e-02	4.800002e+00
1.370000e+01	1.590048e-02	4.800000e+00
1.373333e+01	1.590025e-02	4.799999e+00
1.376667e+01	1.590035e-02	4.799999e+00
1.380000e+01	1.612517e-02	4.801061e+00
1.383333e+01	1.761769e-02	4.808113e+00
1.386667e+01	2.196206e-02	4.828640e+00
1.390000e+01	2.916673e-02	4.862681e+00
1.393333e+01	3.617247e-02	4.895782e+00
1.396667e+01	3.852605e-02	4.906903e+00
14	3.387657e-02	4.884934e+00
1.403333e+01	2.434914e-02	4.839919e+00
1.406667e+01	1.541166e-02	4.797690e+00
1.410000e+01	1.151005e-02	4.779255e+00
1.413333e+01	1.273767e-02	4.785056e+00
1.416667e+01	1.604236e-02	4.800670e+00
1.420000e+01	1.930849e-02	4.816102e+00
1.423333e+01	2.332517e-02	4.835080e+00
1.426667e+01	2.926715e-02	4.863155e+00
1.430000e+01	3.569326e-02	4.893518e+00
1.433333e+01	3.963216e-02	4.912129e+00
1.436667e+01	3.986328e-02	4.913221e+00
1.440000e+01	3.790928e-02	4.903988e+00
1.443333e+01	3.618314e-02	4.895833e+00
1.446667e+01	3.589957e-02	4.894493e+00
1.450000e+01	3.665331e-02	4.898054e+00
1.453333e+01	3.740929e-02	4.901626e+00
1.456667e+01	3.757231e-02	4.902396e+00
1.460000e+01	3.726584e-02	4.900948e+00
1.463333e+01	3.693051e-02	4.899364e+00
1.466667e+01	3.684312e-02	4.898951e+00
1.470000e+01	3.696785e-02	4.899540e+00
1.473333e+01	3.711669e-02	4.900244e+00
1.476667e+01	3.716202e-02	4.900458e+00
1.480000e+01	3.711178e-02	4.900220e+00
1.483333e+01	3.704597e-02	4.899909e+00
1.486667e+01	3.702307e-02	4.899801e+00
1.490000e+01	3.704303e-02	4.899896e+00
1.493333e+01	3.707201e-02	4.900032e+00
1.496667e+01	3.708334e-02	4.900086e+00
15	3.707553e-02	4.900049e+00
1.503333e+01	3.706283e-02	4.899989e+00
1.506667e+01	3.705732e-02	4.899963e+00
1.510000e+01	3.706031e-02	4.899977e+00
1.513333e+01	3.706585e-02	4.900003e+00
1.516667e+01	3.706850e-02	4.900016e+00
1.520000e+01	3.706738e-02	4.900011e+00
1.523333e+01	3.706497e-02	4.899999e+00
1.526667e+01	3.706372e-02	4.899993e+00
1.530000e+01	3.706412e-02	4.899995e+00
1.533333e+01	3.706516e-02	4.900000e+00
1.536667e+01	3.706575e-02	4.900003e+00
1.540000e+01	3.706561e-02	4.900002e+00
1.543333e+01	3.706516e-02	4.900000e+00
1.546667e+01	3.706489e-02	4.899999e+00
1.550000e+01	3.706493e-02	4.899999e+00
1.553333e+01	3.706512e-02	4.900000e+00
1.556667e+01	3.706525e-02	4.900001e+00
1.560000e+01	3.706524e-02	4.900000e+00
1.563333e+01	3.706516e-02	4.900000e+00
1.566667e+01	3.706510e-02	4.900000e+00
1.570000e+01	3.706510e-02	4.900000e+00
1.573333e+01	3.706514e-02	4.900000e+00
1.576667e+01	3.706516e-02	4.900000e+00
1.580000e+01	3.706516e-02	4.900000e+00
1.583333e+01	3.706515e-02	4.900000e+00
1.586667e+01	3.706514e-02	4.900000e+00
1.590000e+01	3.728973e-02	4.901061e+00
1.593333e+01	3.878215e-02	4.908113e+00
1.596667e+01	4.312657e-02	4.928639e+00
16	5.078052e-02	4.964803e+00
1.603333e+01	6.099573e-02	5.013069e+00
1.606667e+01	7.353054e-02	5.072294e+00
1.610000e+01	8.763495e-02	5.138936e+00
1.613333e+01	9.977303e-02	5.196287e+00
1.616667e+01	1.055333e-01	5.223503e+00
1.620000e+01	1.033751e-01	5.213306e+00
1.623333e+01	9.530779e-02	5.175189e+00
1.626667e+01	8.522165e-02	5.127533e+00
1.630000e+01	7.622967e-02	5.085047e+00
1.633333e+01	6.800855e-02	5.046204e+00
1.636667e+01	5.793902e-02	4.998626e+00
1.640000e+01	4.591294e-02	4.941805e+00
1.643333e+01	3.593652e-02	4.894667e+00
1.646667e+01	3.192361e-02	4.875707e+00
1.650000e+01	3.356356e-02	4.883455e+00
1.653333e+01	3.708912e-02	4.900113e+00
1.656667e+01	3.879796e-02	4.908187e+00
1.660000e+01	3.686293e-02	4.899045e+00
1.663333e+01	3.107402e-02	4.871693e+00
1.666667e+01	2.298575e-02	4.833477e+00
1.670000e+01	1.588921e-02	4.799946e+00
1.673333e+01	1.265698e-02	4.784675e+00
1.676667e+01	1.336826e-02	4.788035e+00
1.680000e+01	1.565676e-02	4.798848e+00
1.683333e+01	1.710233e-02	4.805678e+00
1.686667e+01	1.697144e-02	4.805060e+00
1.690000e+01	1.605293e-02	4.800720e+00
1.693333e+01	1.540644e-02	4.797665e+00
1.696667e+01	1.542499e-02	4.797753e+00
17	1.581144e-02	4.799579e+00
1.703333e+01	1.610495e-02	4.800966e+00
1.706667e+01	1.611315e-02	4.801004e+00
1.710000e+01	1.595010e-02	4.800234e+00
1.713333e+01	1.581679e-02	4.799604e+00
1.716667e+01	1.580585e-02	4.799553e+00
1.720000e+01	1.587424e-02	4.799876e+00
1.723333e+01	1.593451e-02	4.800160e+00
1.726667e+01	1.594254e-02	4.800198e+00
1.730000e+01	1.591406e-02	4.800064e+00
1.733333e+01	1.588694e-02	4.799936e+00
1.736667e+01	1.588201e-02	4.799912e+00
1.740000e+01	1.589379e-02	4.799968e+00
1.743333e+01	1.590593e-02	4.800025e+00
1.746667e+01	1.590870e-02	4.800038e+00
1.750000e+01	1.590387e-02	4.800016e+00
1.753333e+01	1.589846e-02	4.799990e+00
1.756667e+01	1.589698e-02	4.799983e+00
1.760000e+01	1.589894e-02	4.799992e+00
1.763333e+01	1.590134e-02	4.800004e+00
1.766667e+01	1.590210e-02	4.800007e+00
1.770000e+01	1.590132e-02	4.800004e+00
1.773333e+01	1.590026e-02	4.799999e+00
1.776667e+01	1.589988e-02	4.799997e+00
1.780000e+01	1.590019e-02	4.799998e+00
1.783333e+01	1.590065e-02	4.800000e+00
1.786667e+01	1.590084e-02	4.800001e+00
1.790000e+01	1.590072e-02	4.800001e+00
1.793333e+01	1.590052e-02	4.800000e+00
1.796667e+01	1.590042e-02	4.799999e+00
18	1.590047e-02	4.800000e+00
1.803333e+01	1.590056e-02	4.800000e+00
1.806667e+01	1.590060e-02	4.800000e+00
1.810000e+01	1.590059e-02	4.800000e+00
1.813333e+01	1.590055e-02	4.800000e+00
1.816667e+01	1.590053e-02	4.800000e+00
1.820000e+01	1.590053e-02	4.800000e+00
1.823333e+01	1.590055e-02	4.800000e+00
1.826667e+01	1.590056e-02	4.800000e+00
1.830000e+01	1.590056e-02	4.800000e+00
1.833333e+01	1.567595e-02	4.798939e+00
1.836667e+01	1.418354e-02	4.791887e+00
1.840000e+01	9.839126e-03	4.771361e+00
1.843333e+01	2.634368e-03	4.737319e+00
1.846667e+01	-4.596015e-03	4.703156e+00
1.850000e+01	-8.442003e-03	4.684985e+00
1.853333e+01	-8.136891e-03	4.686426e+00
1.856667e+01	-5.814200e-03	4.697401e+00
1.860000e+01	-4.107108e-03	4.705466e+00
1.863333e+01	-4.051503e-03	4.705729e+00
1.866667e+01	-4.974018e-03	4.701370e+00
1.870000e+01	-5.731418e-03	4.697792e+00
1.873333e+01	-5.798041e-03	4.697477e+00
1.876667e+01	-5.414703e-03	4.699288e+00
1.880000e+01	-5.074435e-03	4.700896e+00
1.883333e+01	-5.027557e-03	4.701117e+00
1.886667e+01	-5.187103e-03	4.700364e+00
1.890000e+01	-5.339997e-03	4.699641e+00
1.893333e+01	-5.368414e-03	4.699507e+00
1.896667e+01	-5.302493e-03	4.699818e+00
19	-5.234073e-03	4.700142e+00
1.903333e+01	-5.218186e-03	4.700217e+00
1.906667e+01	-5.245184e-03	4.700089e+00
1.910000e+01	-5.275662e-03	4.699945e+00
1.913333e+01	-5.284106e-03	4.699905e+00
1.916667e+01	-5.273159e-03	4.699957e+00
1.920000e+01	-5.259644e-03	4.700021e+00
1.923333e+01	-5.255307e-03	4.700041e+00
1.926667e+01	-5.259695e-03	4.700021e+00
1.930000e+01	-5.265661e-03	4.699992e+00
1.933333e+01	-5.267833e-03	4.699982e+00
1.936667e+01	-5.266100e-03	4.699990e+00
1.940000e+01	-5.263477e-03	4.700003e+00
1.943333e+01	-5.262410e-03	4.700008e+00
1.946667e+01	-5.263083e-03	4.700005e+00
1.950000e+01	-5.264231e-03	4.699999e+00
1.953333e+01	-5.264747e-03	4.699997e+00
1.956667e+01	-5.264492e-03	4.699998e+00
1.960000e+01	-5.263991e-03	4.700000e+00
1.963333e+01	-5.263745e-03	4.700001e+00
1.966667e+01	-5.263839e-03	4.700001e+00
1.970000e+01	-5.264056e-03	4.700000e+00
1.973333e+01	-5.264172e-03	4.699999e+00
1.976667e+01	-5.264139e-03	4.700000e+00
1.980000e+01	-5.264046e-03	4.700000e+00
1.983333e+01	-5.039394e-03	4.701061e+00
1.986667e+01	-3.546993e-03	4.708113e+00
1.990000e+01	7.973789e-04	4.728639e+00
1.993333e+01	8.002114e-03	4.762681e+00
1.996667e+01	1.523250e-02	4.796844e+00
20	1.907851e-02	4.815015e+00
2.003333e+01	1.877341e-02	4.813574e+00
2.006667e+01	1.622612e-02	4.801538e+00
2.010000e+01	1.302661e-02	4.786421e+00
2.013333e+01	8.626583e-03	4.765631e+00
2.016667e+01	2.344338e-03	4.735949e+00
2.020000e+01	-4.128644e-03	4.705365e+00
2.023333e+01	-7.683410e-03	4.688569e+00
2.026667e+01	-6.269223e-03	4.695251e+00
2.030000e+01	5.761244e-05	4.725144e+00
2.033333e+01	8.922585e-03	4.767030e+00
2.036667e+01	1.636812e-02	4.802209e+00
2.040000e+01	1.944449e-02	4.816745e+00
2.043333e+01	1.841039e-02	4.811859e+00
2.046667e+01	1.595516e-02	4.800258e+00
2.050000e+01	1.456298e-02	4.793680e+00
2.053333e+01	1.483176e-02	4.794950e+00
2.056667e+01	1.582815e-02	4.799658e+00
2.060000e+01	1.645648e-02	4.802627e+00
2.063333e+01	1.637865e-02	4.802259e+00
2.066667e+01	1.595595e-02	4.800262e+00
2.070000e+01	1.566809e-02	4.798902e+00
2.073333e+01	1.568530e-02	4.798983e+00
2.076667e+01	1.586512e-02	4.799833e+00
2.080000e+01	1.599698e-02	4.800456e+00
2.083333e+01	1.599709e-02	4.800456e+00
2.086667e+01	1.592099e-02	4.800097e+00
2.090000e+01	1.586090e-02	4.799813e+00
2.093333e+01	1.585746e-02	4.799796e+00
2.096667e+01	1.588947e-02	4.799948e+00
21	1.591670e-02	4.800076e+00
2.103333e+01	1.591970e-02	4.800090e+00
2.106667e+01	1.590632e-02	4.800027e+00
2.110000e+01	1.587907e-02	4.799898e+00
2.113333e+01	1.576264e-02	4.799348e+00
2.116667e+01	1.536409e-02	4.797465e+00
2.120000e+01	1.448519e-02	4.793313e+00
2.123333e+01	1.311990e-02	4.786862e+00
2.126667e+01	1.149477e-02	4.779183e+00
2.130000e+01	9.889818e-03	4.771600e+00
2.133333e+01	8.441546e-03	4.764757e+00
2.136667e+01	7.108634e-03	4.758459e+00
2.140000e+01	5.779590e-03	4.752180e+00
2.143333e+01	4.388278e-03	4.745606e+00
2.146667e+01	2.945771e-03	4.738790e+00
2.150000e+01	1.498714e-03	4.731953e+00
2.153333e+01	7.753222e-05	4.725238e+00
2.156667e+01	-1.320650e-03	4.718632e+00
2.160000e+01	-2.700671e-03	4.712112e+00
2.163333e+01	-3.991966e-03	4.706010e+00
2.166667e+01	-5.003966e-03	4.701229e+00
2.170000e+01	-5.537579e-03	4.698708e+00
2.173333e+01	-5.584717e-03	4.698485e+00
2.176667e+01	-5.370832e-03	4.699495e+00
2.180000e+01	-5.400808e-03	4.699354e+00
2.183333e+01	-6.855266e-03	4.692482e+00
2.186667e+01	-1.127759e-02	4.671587e+00
2.190000e+01	-1.856454e-02	4.637157e+00
2.193333e+01	-2.581488e-02	4.602900e+00
2.196667e+01	-2.962941e-02	4.584877e+00
22	-2.928811e-02	4.586489e+00
2.203333e+01	-2.695508e-02	4.597513e+00
2.206667e+01	-2.526074e-02	4.605518e+00
2.210000e+01	-2.522115e-02	4.605705e+00
2.213333e+01	-2.614894e-02	4.601322e+00
2.216667e+01	-2.690124e-02	4.597767e+00
2.220000e+01	-2.696079e-02	4.597486e+00
2.223333e+01	-2.657482e-02	4.599309e+00
2.226667e+01	-2.646116e-02	4.599846e+00
2.230000e+01	-2.790980e-02	4.593002e+00
2.233333e+01	-3.241505e-02	4.571715e+00
2.236667e+01	-3.977192e-02	4.536955e+00
2.240000e+01	-4.702937e-02	4.502664e+00
2.243333e+01	-5.080881e-02	4.484807e+00
2.246667e+01	-5.043558e-02	4.486570e+00
2.250000e+01	-4.809759e-02	4.497617e+00
2.253333e+01	-4.641779e-02	4.505554e+00
2.256667e+01	-4.639256e-02	4.505673e+00
2.260000e+01	-4.732326e-02	4.501276e+00
2.263333e+01	-4.806957e-02	4.497749e+00
2.266667e+01	-4.812272e-02	4.497498e+00
2.270000e+01	-4.773515e-02	4.499329e+00
2.273333e+01	-4.739934e-02	4.500916e+00
2.276667e+01	-4.735841e-02	4.501109e+00
2.280000e+01	-4.752008e-02	4.500346e+00
2.283333e+01	-4.767122e-02	4.499632e+00
2.286667e+01	-4.769701e-02	4.499510e+00
2.290000e+01	-4.763004e-02	4.499826e+00
2.293333e+01	-4.733771e-02	4.501207e+00
2.296667e+01	-4.583056e-02	4.508328e+00
23	-4.151366e-02	4.528725e+00
2.303333e+01	-3.433911e-02	4.562624e+00
2.306667e+01	-2.711667e-02	4.596749e+00
2.310000e+01	-2.325949e-02	4.614974e+00
2.313333e+01	-2.355119e-02	4.613596e+00
2.316667e+01	-2.586976e-02	4.602641e+00
2.320000e+01	-2.758135e-02	4.594554e+00
2.323333e+01	-2.764289e-02	4.594263e+00
2.326667e+01	-2.672245e-02	4.598612e+00
2.330000e+01	-2.596327e-02	4.602199e+00
2.333333e+01	-2.589403e-02	4.602526e+00
2.336667e+01	-2.627634e-02	4.600720e+00
2.340000e+01	-2.661731e-02	4.599109e+00
2.343333e+01	-2.666533e-02	4.598882e+00
2.346667e+01	-2.650629e-02	4.599633e+00
2.350000e+01	-2.635312e-02	4.600357e+00
2.353333e+01	-2.632421e-02	4.600493e+00
2.356667e+01	-2.638989e-02	4.600183e+00
2.360000e+01	-2.645841e-02	4.599859e+00
2.363333e+01	-2.647451e-02	4.599783e+00
2.366667e+01	-2.644763e-02	4.599910e+00
2.370000e+01	-2.641712e-02	4.600054e+00
2.373333e+01	-2.640858e-02	4.600095e+00
2.376667e+01	-2.641947e-02	4.600043e+00
2.380000e+01	-2.643300e-02	4.599979e+00
2.383333e+01	-2.643738e-02	4.599959e+00
2.386667e+01	-2.643301e-02	4.599979e+00
2.390000e+01	-2.642704e-02	4.600008e+00
2.393333e+01	-2.642485e-02	4.600018e+00
2.396667e+01	-2.642658e-02	4.600010e+00
24	-2.642920e-02	4.599997e+00
2.403333e+01	-2.643027e-02	4.599992e+00
2.406667e+01	-2.642961e-02	4.599995e+00
2.410000e+01	-2.665305e-02	4.598940e+00
2.413333e+01	-2.814495e-02	4.591891e+00
2.416667e+01	-3.248961e-02	4.571363e+00
2.420000e+01	-3.947028e-02	4.538380e+00
2.423333e+01	-4.520850e-02	4.511268e+00
2.426667e+01	-4.470998e-02	4.513623e+00
2.430000e+01	-3.719989e-02	4.549107e+00
2.433333e+01	-2.764669e-02	4.594245e+00
2.436667e+01	-2.209365e-02	4.620482e+00
2.440000e+01	-2.234325e-02	4.619303e+00
2.443333e+01	-2.558851e-02	4.603969e+00
2.446667e+01	-2.805299e-02	4.592325e+00
2.450000e+01	-2.817518e-02	4.591748e+00
2.453333e+01	-2.686930e-02	4.597918e+00
2.456667e+01	-2.577164e-02	4.603104e+00
2.460000e+01	-2.565815e-02	4.603640e+00
2.463333e+01	-2.620105e-02	4.601075e+00
2.466667e+01	-2.669421e-02	4.598745e+00
2.470000e+01	-2.676950e-02	4.598389e+00
2.473333e+01	-2.654403e-02	4.599455e+00
2.476667e+01	-2.632271e-02	4.600500e+00
2.480000e+01	-2.627841e-02	4.600710e+00
2.483333e+01	-2.637133e-02	4.600271e+00
2.486667e+01	-2.647023e-02	4.599803e+00
2.490000e+01	-2.649456e-02	4.599689e+00
2.493333e+01	-2.645661e-02	4.599868e+00
2.496667e+01	-2.641262e-02	4.600076e+00
25	-2.639984e-02	4.600136e+00
2.503333e+01	-2.641518e-02	4.600064e+00
2.506667e+01	-2.643466e-02	4.599972e+00
2.510000e+01	-2.644117e-02	4.599941e+00
2.513333e+01	-2.643504e-02	4.599970e+00
2.516667e+01	-2.642646e-02	4.600010e+00
2.520000e+01	-2.642322e-02	4.600026e+00
2.523333e+01	-2.642562e-02	4.600014e+00
2.526667e+01	-2.642939e-02	4.599996e+00
2.530000e+01	-2.643098e-02	4.599989e+00
2.533333e+01	-2.643005e-02	4.599993e+00
2.536667e+01	-2.642840e-02	4.600001e+00
2.540000e+01	-2.642764e-02	4.600005e+00
2.543333e+01	-2.642799e-02	4.600003e+00
2.546667e+01	-2.642870e-02	4.600000e+00
2.550000e+01	-2.642907e-02	4.599998e+00
2.553333e+01	-2.620434e-02	4.601060e+00
2.556667e+01	-2.471162e-02	4.608113e+00
2.560000e+01	-2.036704e-02	4.628640e+00
2.563333e+01	-1.316232e-02	4.662682e+00
2.566667e+01	-5.932069e-03	4.696844e+00
2.570000e+01	-2.086162e-03	4.715015e+00
2.573333e+01	-2.391260e-03	4.713574e+00
2.576667e+01	-4.489299e-03	4.703661e+00
2.580000e+01	-4.479344e-03	4.703708e+00
2.583333e+01	1.301872e-03	4.731023e+00
2.586667e+01	1.377353e-02	4.789950e+00
2.590000e+01	2.896606e-02	4.861733e+00
2.593333e+01	4.010906e-02	4.914382e+00
2.596667e+01	4.326661e-02	4.929301e+00
26	4.029854e-02	4.915277e+00
2.603333e+01	3.622188e-02	4.896016e+00
2.606667e+01	3.461873e-02	4.888441e+00
2.610000e+01	3.563853e-02	4.893259e+00
2.613333e+01	3.734686e-02	4.901331e+00
2.616667e+01	3.807854e-02	4.904788e+00
2.620000e+01	3.749140e-02	4.902014e+00
2.623333e+01	3.603880e-02	4.895151e+00
2.626667e+01	3.411793e-02	4.886075e+00
2.630000e+01	3.184971e-02	4.875358e+00
2.633333e+01	2.930677e-02	4.863343e+00
2.636667e+01	2.664920e-02	4.850786e+00
2.640000e+01	2.404350e-02	4.838474e+00
2.643333e+01	2.155098e-02	4.826698e+00
2.646667e+01	1.912376e-02	4.815229e+00
2.650000e+01	1.668501e-02	4.803706e+00
2.653333e+01	1.419972e-02	4.791964e+00
2.656667e+01	1.168413e-02	4.780078e+00
2.660000e+01	9.171328e-03	4.768205e+00
2.663333e+01	6.678153e-03	4.756425e+00
2.666667e+01	4.198844e-03	4.744711e+00
2.670000e+01	1.719142e-03	4.732995e+00
2.673333e+01	-7.424521e-04	4.721364e+00
2.676667e+01	-3.034799e-03	4.710533e+00
2.680000e+01	-4.816228e-03	4.702116e+00
2.683333e+01	-5.746530e-03	4.697720e+00
2.686667e+01	-5.823322e-03	4.697357e+00
2.690000e+01	-5.447403e-03	4.699134e+00
2.693333e+01	-5.333447e-03	4.699672e+00
2.696667e+01	-6.761864e-03	4.692923e+00
27	-1.146789e-02	4.670688e+00
2.703333e+01	-2.030801e-02	4.628919e+00
2.706667e+01	-3.191663e-02	4.574070e+00
2.710000e+01	-4.291199e-02	4.522118e+00
2.713333e+01	-4.977430e-02	4.489695e+00
2.716667e+01	-5.127998e-02	4.482581e+00
2.720000e+01	-4.929026e-02	4.491982e+00
2.723333e+01	-4.693986e-02	4.503087e+00
2.726667e+01	-4.593969e-02	4.507813e+00
2.730000e+01	-4.514006e-02	4.511591e+00
2.733333e+01	-4.177248e-02	4.527502e+00
2.736667e+01	-3.493727e-02	4.559798e+00
2.740000e+01	-2.743680e-02	4.595237e+00
2.743333e+01	-2.316601e-02	4.615416e+00
2.746667e+01	-2.329261e-02	4.614817e+00
2.750000e+01	-2.571994e-02	4.603349e+00
2.753333e+01	-2.761263e-02	4.594406e+00
2.756667e+01	-2.775413e-02	4.593737e+00
2.760000e+01	-2.679214e-02	4.598283e+00
2.763333e+01	-2.595396e-02	4.602243e+00
2.766667e+01	-2.584643e-02	4.602751e+00
2.770000e+01	-2.624417e-02	4.600872e+00
2.773333e+01	-2.661943e-02	4.599099e+00
2.776667e+01	-2.668560e-02	4.598786e+00
2.780000e+01	-2.652105e-02	4.599563e+00
2.783333e+01	-2.635306e-02	4.600357e+00
2.786667e+01	-2.631563e-02	4.600534e+00
2.790000e+01	-2.638316e-02	4.600215e+00
2.793333e+01	-2.645806e-02	4.599861e+00
2.796667e+01	-2.647812e-02	4.599766e+00
28	-2.645068e-02	4.599896e+00
2.803333e+01	-2.641744e-02	4.600053e+00
2.806667e+01	-2.640707e-02	4.600102e+00
2.810000e+01	-2.641809e-02	4.600050e+00
2.813333e+01	-2.643278e-02	4.599980e+00
2.816667e+01	-2.643800e-02	4.599956e+00
2.820000e+01	-2.643363e-02	4.599976e+00
2.823333e+01	-2.665176e-02	4.598946e+00
2.826667e+01	-2.814160e-02	4.591906e+00
2.830000e+01	-3.248772e-02	4.571372e+00
2.833333e+01	-3.969531e-02	4.537317e+00
2.836667e+01	-4.692695e-02	4.503148e+00
2.840000e+01	-5.073485e-02	4.485156e+00
2.843333e+01	-5.014233e-02	4.487956e+00
2.846667e+01	-4.680881e-02	4.503706e+00
2.850000e+01	-4.289093e-02	4.522218e+00
2.853333e+01	-3.941976e-02	4.538619e+00
2.856667e+01	-3.628547e-02	4.553428e+00
2.860000e+01	-3.303654e-02	4.568779e+00
2.863333e+01	-2.948381e-02	4.585565e+00
2.866667e+01	-2.576573e-02	4.603132e+00
2.870000e+01	-2.210015e-02	4.620452e+00
2.873333e+01	-1.857427e-02	4.637111e+00
2.876667e+01	-1.512855e-02	4.653391e+00
2.880000e+01	-1.166501e-02	4.669756e+00
2.883333e+01	-8.140841e-03	4.686408e+00
2.886667e+01	-4.579060e-03	4.703236e+00
2.890000e+01	-1.022624e-03	4.720040e+00
2.893333e+01	2.507854e-03	4.736721e+00
2.896667e+01	6.020933e-03	4.753320e+00
29	9.722447e-03	4.770809e+00
2.903333e+01	1.445410e-02	4.793166e+00
2.906667e+01	2.132166e-02	4.825614e+00
2.910000e+01	2.984870e-02	4.865903e+00
2.913333e+01	3.719161e-02	4.900598e+00
2.916667e+01	4.050548e-02	4.916255e+00
2.920000e+01	3.971894e-02	4.912539e+00
2.923333e+01	3.730390e-02	4.901128e+00
2.926667e+01	3.579064e-02	4.893978e+00
2.930000e+01	3.593829e-02	4.894676e+00
2.933333e+01	3.690948e-02	4.899265e+00
2.936667e+01	3.758858e-02	4.902473e+00
2.940000e+01	3.756569e-02	4.902365e+00
2.943333e+01	3.715707e-02	4.900434e+00
2.946667e+01	3.684856e-02	4.898977e+00
2.950000e+01	3.684133e-02	4.898942e+00
2.953333e+01	3.701378e-02	4.899757e+00
2.956667e+01	3.715396e-02	4.900420e+00
2.960000e+01	3.716488e-02	4.900471e+00
2.963333e+01	3.709251e-02	4.900129e+00
2.966667e+01	3.702911e-02	4.899830e+00
2.970000e+01	3.702091e-02	4.899791e+00
2.973333e+01	3.705107e-02	4.899933e+00
2.976667e+01	3.707960e-02	4.900068e+00
2.980000e+01	3.708468e-02	4.900092e+00
2.983333e+01	3.707221e-02	4.900033e+00
2.986667e+01	3.705943e-02	4.899973e+00
2.990000e+01	3.705655e-02	4.899959e+00
2.993333e+01	3.706167e-02	4.899984e+00
2.996667e+01	3.706737e-02	4.900011e+00
30	3.706891e-02	4.900018e+00
3.003333e+01	3.706683e-02	4.900008e+00
3.006667e+01	3.706430e-02	4.899996e+00
3.010000e+01	3.706351e-02	4.899992e+00
3.013333e+01	3.706434e-02	4.899996e+00
3.016667e+01	3.706546e-02	4.900001e+00
3.020000e+01	3.706586e-02	4.900003e+00
3.023333e+01	3.706553e-02	4.900002e+00
3.026667e+01	3.706503e-02	4.899999e+00
3.030000e+01	3.706484e-02	4.899999e+00
3.033333e+01	3.706497e-02	4.899999e+00
3.036667e+01	3.706518e-02	4.900000e+00
3.040000e+01	3.706528e-02	4.900001e+00
3.043333e+01	3.706523e-02	4.900000e+00
3.046667e+01	3.706513e-02	4.900000e+00
3.050000e+01	3.706509e-02	4.900000e+00
3.053333e+01	3.706511e-02	4.900000e+00
3.056667e+01	3.706515e-02	4.900000e+00
3.060000e+01	3.706517e-02	4.900000e+00
3.063333e+01	3.706516e-02	4.900000e+00
3.066667e+01	3.706514e-02	4.900000e+00
3.070000e+01	3.706513e-02	4.900000e+00
3.073333e+01	3.706514e-02	4.900000e+00
3.076667e+01	3.706514e-02	4.900000e+00
3.080000e+01	3.706515e-02	4.900000e+00
3.083333e+01	3.706515e-02	4.900000e+00
3.086667e+01	3.706515e-02	4.900000e+00
3.090000e+01	3.706514e-02	4.900000e+00
3.093333e+01	3.706514e-02	4.900000e+00
3.096667e+01	3.706514e-02	4.900000e+00
31	3.706515e-02	4.900000e+00
3.103333e+01	3.706515e-02	4.900000e+00
3.106667e+01	3.706514e-02	4.900000e+00
3.110000e+01	3.706514e-02	4.900000e+00
3.113333e+01	3.706514e-02	4.900000e+00
3.116667e+01	3.706514e-02	4.900000e+00
3.120000e+01	3.706514e-02	4.900000e+00
3.123333e+01	3.706514e-02	4.900000e+00
3.126667e+01	3.706514e-02	4.900000e+00
3.130000e+01	3.706514e-02	4.900000e+00
3.133333e+01	3.706514e-02	4.900000e+00
3.136667e+01	3.706514e-02	4.900000e+00
3.140000e+01	3.706514e-02	4.900000e+00
3.143333e+01	3.706514e-02	4.900000e+00
3.146667e+01	3.706514e-02	4.900000e+00
3.150000e+01	3.706514e-02	4.900000e+00
3.153333e+01	3.706514e-02	4.900000e+00
3.156667e+01	3.706514e-02	4.900000e+00
3.160000e+01	3.706514e-02	4.900000e+00
3.163333e+01	3.706514e-02	4.900000e+00
3.166667e+01	3.706514e-02	4.900000e+00
3.170000e+01	3.706514e-02	4.900000e+00
3.173333e+01	3.706514e-02	4.900000e+00
3.176667e+01	3.706514e-02	4.900000e+00
3.180000e+01	3.706514e-02	4.900000e+00
3.183333e+01	3.706514e-02	4.900000e+00
3.186667e+01	3.706514e-02	4.900000e+00
3.190000e+01	3.706514e-02	4.900000e+00
3.193333e+01	3.706514e-02	4.900000e+00
3.196667e+01	3.706514e-02	4.900000e+00
32	3.706514e-02	4.900000e+00
3.203333e+01	3.706514e-02	4.900000e+00
3.206667e+01	3.706514e-02	4.900000e+00
3.210000e+01	3.706514e-02	4.900000e+00
3.213333e+01	3.706514e-02	4.900000e+00
3.216667e+01	3.706514e-02	4.900000e+00
3.220000e+01	3.706514e-02	4.900000e+00
3.223333e+01	3.706514e-02	4.900000e+00
3.226667e+01	3.706514e-02	4.900000e+00
3.230000e+01	3.706514e-02	4.900000e+00
3.233333e+01	3.706514e-02	4.900000e+00
3.236667e+01	3.706514e-02	4.900000e+00
3.240000e+01	3.706514e-02	4.900000e+00
3.243333e+01	3.706514e-02	4.900000e+00
3.246667e+01	3.706514e-02	4.900000e+00
3.250000e+01	3.706514e-02	4.900000e+00
3.253333e+01	3.706514e-02	4.900000e+00
3.256667e+01	3.706514e-02	4.900000e+00
3.260000e+01	3.706514e-02	4.900000e+00
3.263333e+01	3.706514e-02	4.900000e+00
3.266667e+01	3.706514e-02	4.900000e+00
3.270000e+01	3.706514e-02	4.900000e+00
3.273333e+01	3.706514e-02	4.900000e+00
3.276667e+01	3.706514e-02	4.900000e+00
3.280000e+01	3.706514e-02	4.900000e+00
3.283333e+01	3.706514e-02	4.900000e+00
3.286667e+01	3.706514e-02	4.900000e+00
3.290000e+01	3.706514e-02	4.900000e+00
3.293333e+01	3.706514e-02	4.900000e+00
3.296667e+01	3.706514e-02	4.900000e+00
33	3.706514e-02	4.900000e+00
3.303333e+01	3.706514e-02	4.900000e+00
3.306667e+01	3.706514e-02	4.900000e+00
3.310000e+01	3.706514e-02	4.900000e+00
3.313333e+01	3.706514e-02	4.900000e+00
3.316667e+01	3.706514e-02	4.900000e+00
3.320000e+01	3.706514e-02	4.900000e+00
3.323333e+01	3.706514e-02	4.900000e+00
3.326667e+01	3.706514e-02	4.900000e+00
3.330000e+01	3.706514e-02	4.900000e+00
3.333333e+01	3.706514e-02	4.900000e+00
3.336667e+01	3.706514e-02	4.900000e+00
3.340000e+01	3.706514e-02	4.900000e+00
3.343333e+01	3.706514e-02	4.900000e+00
3.346667e+01	3.706514e-02	4.900000e+00
3.350000e+01	3.706514e-02	4.900000e+00
3.353333e+01	3.706514e-02	4.900000e+00
3.356667e+01	3.706514e-02	4.900000e+00
3.360000e+01	3.706514e-02	4.900000e+00
3.363333e+01	3.706514e-02	4.900000e+00
3.366667e+01	3.706514e-02	4.900000e+00
3.370000e+01	3.706514e-02	4.900000e+00
3.373333e+01	3.706514e-02	4.900000e+00
3.376667e+01	3.706514e-02	4.900000e+00
3.380000e+01	3.706514e-02	4.900000e+00
3.383333e+01	3.706514e-02	4.900000e+00
3.386667e+01	3.706514e-02	4.900000e+00
3.390000e+01	3.706514e-02	4.900000e+00
3.393333e+01	3.706514e-02	4.900000e+00
3.396667e+01	3.706514e-02	4.900000e+00
34	3.706514e-02	4.900000e+00
3.403333e+01	3.706514e-02	4.900000e+00
3.406667e+01	3.706514e-02	4.900000e+00
3.410000e+01	3.706514e-02	4.900000e+00
3.413333e+01	3.706514e-02	4.900000e+00
3.416667e+01	3.706514e-02	4.900000e+00
3.420000e+01	3.706514e-02	4.900000e+00
3.423333e+01	3.706514e-02	4.900000e+00
3.426667e+01	3.706514e-02	4.900000e+00
3.430000e+01	3.706514e-02	4.900000e+00
3.433333e+01	3.706514e-02	4.900000e+00
3.436667e+01	3.706514e-02	4.900000e+00
3.440000e+01	3.706514e-02	4.900000e+00
3.443333e+01	3.706514e-02	4.900000e+00
3.446667e+01	3.706514e-02	4.900000e+00
3.450000e+01	3.706514e-02	4.900000e+00
3.453333e+01	3.706514e-02	4.900000e+00
3.456667e+01	3.706514e-02	4.900000e+00
3.460000e+01	3.706514e-02	4.900000e+00
3.463333e+01	3.706514e-02	4.900000e+00
3.466667e+01	3.706514e-02	4.900000e+00
3.470000e+01	3.706514e-02	4.900000e+00
3.473333e+01	3.706514e-02	4.900000e+00
3.476667e+01	3.706514e-02	4.900000e+00
3.480000e+01	3.706514e-02	4.900000e+00
3.483333e+01	3.706514e-02	4.900000e+00
3.486667e+01	3.706514e-02	4.900000e+00
3.490000e+01	3.706514e-02	4.900000e+00
3.493333e+01	3.706514e-02	4.900000e+00
3.496667e+01	3.706514e-02	4.900000e+00
35	3.706514e-02	4.900000e+00
3.503333e+01	3.706514e-02	4.900000e+00
3.506667e+01	3.706514e-02	4.900000e+00
3.510000e+01	3.706514e-02	4.900000e+00
3.513333e+01	3.706514e-02	4.900000e+00
3.516667e+01	3.706514e-02	4.900000e+00
3.520000e+01	3.706514e-02	4.900000e+00
3.523333e+01	3.706514e-02	4.900000e+00
3.526667e+01	3.706514e-02	4.900000e+00
3.530000e+01	3.684055e-02	4.898939e+00
3.533333e+01	3.534814e-02	4.891887e+00
3.536667e+01	3.100372e-02	4.871361e+00
3.540000e+01	2.379896e-02	4.837319e+00
3.543333e+01	1.656858e-02	4.803156e+00
3.546667e+01	1.272259e-02	4.784985e+00
3.550000e+01	1.280311e-02	4.785365e+00
3.553333e+01	1.363339e-02	4.789288e+00
3.556667e+01	1.099607e-02	4.776827e+00
3.560000e+01	3.846911e-03	4.743048e+00
3.563333e+01	-4.305990e-03	4.704527e+00
3.566667e+01	-8.909378e-03	4.682776e+00
3.570000e+01	-8.670888e-03	4.683903e+00
3.573333e+01	-5.964857e-03	4.696689e+00
3.576667e+01	-3.917498e-03	4.706362e+00
3.580000e+01	-3.815015e-03	4.706846e+00
3.583333e+01	-4.897076e-03	4.701734e+00
3.586667e+01	-5.807371e-03	4.697433e+00
3.590000e+01	-5.902410e-03	4.696984e+00
3.593333e+01	-5.453151e-03	4.699106e+00
3.596667e+01	-5.044463e-03	4.701037e+00
36	-4.981698e-03	4.701334e+00
3.603333e+01	-5.168243e-03	4.700453e+00
3.606667e+01	-5.351615e-03	4.699586e+00
3.610000e+01	-5.388476e-03	4.699412e+00
3.613333e+01	-5.311607e-03	4.699775e+00
3.616667e+01	-5.229672e-03	4.700162e+00
3.620000e+01	-5.209448e-03	4.700258e+00
3.623333e+01	-5.240834e-03	4.700110e+00
3.626667e+01	-5.277278e-03	4.699937e+00
3.630000e+01	-5.287895e-03	4.699887e+00
3.633333e+01	-5.275214e-03	4.699947e+00
3.636667e+01	-5.259076e-03	4.700023e+00
3.640000e+01	-5.253672e-03	4.700049e+00
3.643333e+01	-5.258733e-03	4.700025e+00
3.646667e+01	-5.490444e-03	4.698930e+00
3.650000e+01	-6.985545e-03	4.691866e+00
3.653333e+01	-1.132797e-02	4.671349e+00
3.656667e+01	-1.852960e-02	4.637322e+00
3.660000e+01	-2.575868e-02	4.603165e+00
3.663333e+01	-2.960543e-02	4.584990e+00
3.666667e+01	-2.930168e-02	4.586425e+00
3.670000e+01	-2.697962e-02	4.597397e+00
3.673333e+01	-2.527224e-02	4.605464e+00
3.676667e+01	-2.521605e-02	4.605729e+00
3.680000e+01	-2.613826e-02	4.601372e+00
3.683333e+01	-2.689576e-02	4.597793e+00
3.686667e+01	-2.673805e-02	4.598538e+00
3.690000e+01	-2.486244e-02	4.607400e+00
3.693333e+01	-2.017772e-02	4.629535e+00
3.696667e+01	-1.292597e-02	4.663798e+00
37	-5.855068e-03	4.697207e+00
3.703333e+01	-2.161986e-03	4.714657e+00
3.706667e+01	-2.495563e-03	4.713081e+00
3.710000e+01	-4.976962e-03	4.701356e+00
3.713333e+01	-8.108042e-03	4.686562e+00
3.716667e+01	-1.249215e-02	4.665848e+00
3.720000e+01	-1.880138e-02	4.636038e+00
3.723333e+01	-2.530484e-02	4.605310e+00
3.726667e+01	-2.909266e-02	4.587413e+00
3.730000e+01	-2.915995e-02	4.587095e+00
3.733333e+01	-2.716401e-02	4.596525e+00
3.736667e+01	-2.549945e-02	4.604390e+00
3.740000e+01	-2.528869e-02	4.605386e+00
3.743333e+01	-2.606427e-02	4.601722e+00
3.746667e+01	-2.679543e-02	4.598267e+00
3.750000e+01	-2.692624e-02	4.597649e+00
3.753333e+01	-2.660870e-02	4.599149e+00
3.756667e+01	-2.628325e-02	4.600687e+00
3.760000e+01	-2.621005e-02	4.601033e+00
3.763333e+01	-2.634027e-02	4.600418e+00
3.766667e+01	-2.648523e-02	4.599733e+00
3.770000e+01	-2.652434e-02	4.599548e+00
3.773333e+01	-2.647144e-02	4.599798e+00
3.776667e+01	-2.640710e-02	4.600102e+00
3.780000e+01	-2.638693e-02	4.600197e+00
3.783333e+01	-2.640817e-02	4.600097e+00
3.786667e+01	-2.643660e-02	4.599962e+00
3.790000e+01	-2.644674e-02	4.599914e+00
3.793333e+01	-2.643832e-02	4.599954e+00
3.796667e+01	-2.642582e-02	4.600013e+00
38	-2.642082e-02	4.600037e+00
3.803333e+01	-2.642410e-02	4.600021e+00
3.806667e+01	-2.642958e-02	4.599996e+00
3.810000e+01	-2.643200e-02	4.599984e+00
3.813333e+01	-2.643075e-02	4.599990e+00
3.816667e+01	-2.642836e-02	4.600001e+00
3.820000e+01	-2.642720e-02	4.600007e+00
3.823333e+01	-2.642767e-02	4.600005e+00
3.826667e+01	-2.642870e-02	4.600000e+00
3.830000e+01	-2.620465e-02	4.601058e+00
3.833333e+01	-2.471208e-02	4.608111e+00
3.836667e+01	-2.036722e-02	4.628639e+00
3.840000e+01	-1.316220e-02	4.662682e+00
3.843333e+01	-5.931869e-03	4.696845e+00
3.846667e+01	-2.086074e-03	4.715016e+00
3.850000e+01	-2.391307e-03	4.713573e+00
3.853333e+01	-4.713983e-03	4.702599e+00
3.856667e+01	-6.420992e-03	4.694534e+00
3.860000e+01	-6.476541e-03	4.694271e+00
3.863333e+01	-5.554030e-03	4.698630e+00
3.866667e+01	-4.796665e-03	4.702208e+00
3.870000e+01	-4.730068e-03	4.702523e+00
3.873333e+01	-4.888809e-03	4.701773e+00
3.876667e+01	-3.736650e-03	4.707217e+00
3.880000e+01	5.608963e-04	4.727522e+00
3.883333e+01	7.925203e-03	4.762318e+00
3.886667e+01	1.530848e-02	4.797203e+00
3.890000e+01	1.940747e-02	4.816570e+00
3.893333e+01	2.052885e-02	4.821868e+00
3.896667e+01	2.248215e-02	4.831097e+00
39	2.796394e-02	4.856998e+00
3.903333e+01	3.516572e-02	4.891025e+00
3.906667e+01	3.996470e-02	4.913700e+00
3.910000e+01	4.042543e-02	4.915877e+00
3.913333e+01	3.815841e-02	4.905166e+00
3.916667e+01	3.605446e-02	4.895225e+00
3.920000e+01	3.565426e-02	4.893334e+00
3.923333e+01	3.653428e-02	4.897492e+00
3.926667e+01	3.745719e-02	4.901852e+00
3.930000e+01	3.767888e-02	4.902900e+00
3.933333e+01	3.732223e-02	4.901215e+00
3.936667e+01	3.691342e-02	4.899283e+00
3.940000e+01	3.679705e-02	4.898733e+00
3.943333e+01	3.694138e-02	4.899415e+00
3.946667e+01	3.712242e-02	4.900271e+00
3.950000e+01	3.718183e-02	4.900551e+00
3.953333e+01	3.734870e-02	4.901340e+00
3.956667e+01	3.876124e-02	4.908014e+00
3.960000e+01	4.307601e-02	4.928401e+00
3.963333e+01	5.030352e-02	4.962550e+00
3.966667e+01	5.756899e-02	4.996878e+00
3.970000e+01	6.142950e-02	5.015118e+00
3.973333e+01	6.111558e-02	5.013635e+00
3.976667e+01	5.877755e-02	5.002588e+00
3.980000e+01	5.706344e-02	4.994489e+00
3.983333e+01	5.701117e-02	4.994242e+00
3.986667e+01	5.794036e-02	4.998633e+00
3.990000e+01	5.870111e-02	5.002227e+00
3.993333e+01	5.876651e-02	5.002536e+00
3.996667e+01	5.838028e-02	5.000711e+00
40	5.803843e-02	4.999096e+00
4.003333e+01	5.799198e-02	4.998877e+00
4.006667e+01	5.815278e-02	4.999636e+00
4.010000e+01	5.830641e-02	5.000362e+00
4.013333e+01	5.833469e-02	5.000496e+00
4.016667e+01	5.826823e-02	5.000182e+00
4.020000e+01	5.819947e-02	4.999857e+00
4.023333e+01	5.818362e-02	4.999782e+00
4.026667e+01	5.821085e-02	4.999911e+00
4.030000e+01	5.824148e-02	5.000055e+00
4.033333e+01	5.824992e-02	5.000095e+00
4.036667e+01	5.823887e-02	5.000043e+00
4.040000e+01	5.822529e-02	4.999979e+00
4.043333e+01	5.822095e-02	4.999958e+00
4.046667e+01	5.822538e-02	4.999979e+00
4.050000e+01	5.823138e-02	5.000008e+00
4.053333e+01	5.823355e-02	5.000018e+00
4.056667e+01	5.823180e-02	5.000010e+00
4.060000e+01	5.822916e-02	4.999997e+00
4.063333e+01	5.822809e-02	4.999992e+00
4.066667e+01	5.822877e-02	4.999995e+00
4.070000e+01	5.822993e-02	5.000001e+00
4.073333e+01	5.823045e-02	5.000003e+00
4.076667e+01	5.823019e-02	5.000002e+00
4.080000e+01	5.822968e-02	5.000000e+00
4.083333e+01	5.822944e-02	4.999999e+00
4.086667e+01	5.822953e-02	4.999999e+00
4.090000e+01	5.822975e-02	5.000000e+00
4.093333e+01	5.822987e-02	5.000001e+00
4.096667e+01	5.822983e-02	5.000000e+00
41	5.822974e-02	5.000000e+00
4.103333e+01	5.822969e-02	5.000000e+00
4.106667e+01	5.822970e-02	5.000000e+00
4.110000e+01	5.821929e-02	4.999951e+00
4.113333e+01	5.814990e-02	4.999623e+00
4.116667e+01	5.794783e-02	4.998668e+00
4.120000e+01	5.762316e-02	4.997134e+00
4.123333e+01	5.735626e-02	4.995873e+00
4.126667e+01	5.737945e-02	4.995982e+00
4.130000e+01	5.772875e-02	4.997633e+00
4.133333e+01	5.817308e-02	4.999732e+00
4.136667e+01	5.843137e-02	5.000953e+00
4.140000e+01	5.841976e-02	5.000898e+00
4.143333e+01	5.826882e-02	5.000185e+00
4.146667e+01	5.815419e-02	4.999643e+00
4.150000e+01	5.814850e-02	4.999616e+00
4.153333e+01	5.820924e-02	4.999903e+00
4.156667e+01	5.826030e-02	5.000144e+00
4.160000e+01	5.826558e-02	5.000169e+00
4.163333e+01	5.824033e-02	5.000050e+00
4.166667e+01	5.821739e-02	4.999942e+00
4.170000e+01	5.821389e-02	4.999925e+00
4.173333e+01	5.822437e-02	4.999975e+00
4.176667e+01	5.823467e-02	5.000023e+00
4.180000e+01	5.823673e-02	5.000033e+00
4.183333e+01	5.823241e-02	5.000013e+00
4.186667e+01	5.822781e-02	4.999991e+00
4.190000e+01	5.822667e-02	4.999986e+00
4.193333e+01	5.822844e-02	4.999994e+00
4.196667e+01	5.823048e-02	5.000004e+00
42	5.823108e-02	5.000006e+00
4.203333e+01	5.823037e-02	5.000003e+00
4.206667e+01	5.822946e-02	4.999999e+00
4.210000e+01	5.822916e-02	4.999997e+00
4.213333e+01	5.822944e-02	4.999999e+00
4.216667e+01	5.822984e-02	5.000000e+00
4.220000e+01	5.822999e-02	5.000001e+00
4.223333e+01	5.822988e-02	5.000001e+00
4.226667e+01	5.822970e-02	5.000000e+00
4.230000e+01	5.822963e-02	4.999999e+00
4.233333e+01	5.822967e-02	5.000000e+00
4.236667e+01	5.822975e-02	5.000000e+00
4.240000e+01	5.822979e-02	5.000000e+00
4.243333e+01	5.822977e-02	5.000000e+00
4.246667e+01	5.822974e-02	5.000000e+00
4.250000e+01	5.822972e-02	5.000000e+00
4.253333e+01	5.822973e-02	5.000000e+00
4.256667e+01	5.822974e-02	5.000000e+00
4.260000e+01	5.822975e-02	5.000000e+00
4.263333e+01	5.822975e-02	5.000000e+00
4.266667e+01	5.822974e-02	5.000000e+00
4.270000e+01	5.822974e-02	5.000000e+00
4.273333e+01	5.822974e-02	5.000000e+00
4.276667e+01	5.822974e-02	5.000000e+00
4.280000e+01	5.822974e-02	5.000000e+00
4.283333e+01	5.800514e-02	4.998939e+00
4.286667e+01	5.651273e-02	4.991887e+00
4.290000e+01	5.216832e-02	4.971361e+00
4.293333e+01	4.496356e-02	4.937319e+00
4.296667e+01	3.773317e-02	4.903156e+00
43	3.388719e-02	4.884985e+00
4.303333e+01	3.419230e-02	4.886426e+00
4.306667e+01	3.651499e-02	4.897401e+00
4.310000e+01	3.822208e-02	4.905466e+00
4.313333e+01	3.827769e-02	4.905729e+00
4.316667e+01	3.735517e-02	4.901370e+00
4.320000e+01	3.659777e-02	4.897792e+00
4.323333e+01	3.653115e-02	4.897477e+00
4.326667e+01	3.691449e-02	4.899288e+00
4.330000e+01	3.725475e-02	4.900896e+00
4.333333e+01	3.730163e-02	4.901117e+00
4.336667e+01	3.714209e-02	4.900364e+00
4.340000e+01	3.698919e-02	4.899641e+00
4.343333e+01	3.696078e-02	4.899507e+00
4.346667e+01	3.702670e-02	4.899818e+00
4.350000e+01	3.709512e-02	4.900142e+00
4.353333e+01	3.711100e-02	4.900217e+00
4.356667e+01	3.708401e-02	4.900089e+00
4.360000e+01	3.705353e-02	4.899945e+00
4.363333e+01	3.704508e-02	4.899905e+00
4.366667e+01	3.705603e-02	4.899957e+00
4.370000e+01	3.706955e-02	4.900021e+00
4.373333e+01	3.705891e-02	4.899971e+00
4.376667e+01	3.694005e-02	4.899409e+00
4.380000e+01	3.652999e-02	4.897471e+00
4.383333e+01	3.564341e-02	4.893282e+00
4.386667e+01	3.427870e-02	4.886834e+00
4.390000e+01	3.265849e-02	4.879179e+00
4.393333e+01	3.105706e-02	4.871613e+00
4.396667e+01	2.960874e-02	4.864769e+00
44	2.827375e-02	4.858462e+00
4.403333e+01	2.694309e-02	4.852175e+00
4.406667e+01	2.555171e-02	4.845601e+00
4.410000e+01	2.411008e-02	4.838789e+00
4.413333e+01	2.266375e-02	4.831955e+00
4.416667e+01	2.125762e-02	4.825311e+00
4.420000e+01	1.997353e-02	4.819244e+00
4.423333e+01	1.917696e-02	4.815481e+00
4.426667e+01	1.994898e-02	4.819128e+00
4.430000e+01	2.366463e-02	4.836684e+00
4.433333e+01	3.011372e-02	4.867155e+00
4.436667e+01	3.656900e-02	4.897656e+00
4.440000e+01	3.994083e-02	4.913587e+00
4.443333e+01	3.937770e-02	4.910927e+00
4.446667e+01	3.579271e-02	4.893988e+00
4.450000e+01	2.994873e-02	4.866376e+00
4.453333e+01	2.250102e-02	4.831186e+00
4.456667e+01	1.461272e-02	4.793915e+00
4.460000e+01	7.089066e-03	4.758367e+00
4.463333e+01	2.350944e-04	4.725983e+00
4.466667e+01	-5.020301e-03	4.701152e+00
4.470000e+01	-7.459330e-03	4.689628e+00
4.473333e+01	-7.134427e-03	4.691163e+00
4.476667e+01	-5.589155e-03	4.698464e+00
4.480000e+01	-4.504355e-03	4.703589e+00
4.483333e+01	-4.492636e-03	4.703645e+00
4.486667e+01	-5.091938e-03	4.700813e+00
4.490000e+01	-5.569637e-03	4.698556e+00
4.493333e+01	-5.602422e-03	4.698401e+00
4.496667e+01	-5.353923e-03	4.699575e+00
45	-5.139525e-03	4.700588e+00
4.503333e+01	-5.114019e-03	4.700709e+00
4.506667e+01	-5.217700e-03	4.700219e+00
4.510000e+01	-5.314178e-03	4.699763e+00
4.513333e+01	-5.330367e-03	4.699687e+00
4.516667e+01	-5.287396e-03	4.699890e+00
4.520000e+01	-5.244145e-03	4.700094e+00
4.523333e+01	-5.234855e-03	4.700138e+00
4.526667e+01	-5.252514e-03	4.700054e+00
4.530000e+01	-5.271814e-03	4.699963e+00
4.533333e+01	-5.276836e-03	4.699940e+00
4.536667e+01	-5.269647e-03	4.699974e+00
4.540000e+01	-5.261074e-03	4.700014e+00
4.543333e+01	-5.258465e-03	4.700026e+00
4.546667e+01	-5.261359e-03	4.700013e+00
4.550000e+01	-5.265150e-03	4.699995e+00
4.553333e+01	-5.266469e-03	4.699989e+00
4.556667e+01	-5.265318e-03	4.699994e+00
4.560000e+01	-5.263649e-03	4.700002e+00
4.563333e+01	-5.262997e-03	4.700005e+00
4.566667e+01	-5.263447e-03	4.700003e+00
4.570000e+01	-5.264179e-03	4.699999e+00
4.573333e+01	-5.264496e-03	4.699998e+00
4.576667e+01	-5.264323e-03	4.699999e+00
4.580000e+01	-5.264004e-03	4.700000e+00
4.583333e+01	-5.263852e-03	4.700001e+00
4.586667e+01	-5.263916e-03	4.700001e+00
4.590000e+01	-5.264055e-03	4.700000e+00
4.593333e+01	-5.039530e-03	4.701061e+00
4.596667e+01	-3.547095e-03	4.708112e+00
46	7.973771e-04	4.728639e+00
4.603333e+01	8.002171e-03	4.762681e+00
4.606667e+01	1.523255e-02	4.796844e+00
4.610000e+01	1.907851e-02	4.815015e+00
4.613333e+01	1.877338e-02	4.813574e+00
4.616667e+01	1.645069e-02	4.802599e+00
4.620000e+01	1.474361e-02	4.794534e+00
4.623333e+01	1.468801e-02	4.794271e+00
4.626667e+01	1.561053e-02	4.798630e+00
4.630000e+01	1.636792e-02	4.802208e+00
4.633333e+01	1.620995e-02	4.801462e+00
4.636667e+01	1.433420e-02	4.792599e+00
4.640000e+01	9.649519e-03	4.770465e+00
4.643333e+01	2.397882e-03	4.736202e+00
4.646667e+01	-4.672957e-03	4.702793e+00
4.650000e+01	-8.366051e-03	4.685343e+00
4.653333e+01	-8.032523e-03	4.686919e+00
4.656667e+01	-5.775751e-03	4.697582e+00
4.660000e+01	-3.912483e-03	4.706386e+00
4.663333e+01	-2.380353e-03	4.713625e+00
4.666667e+01	1.068543e-03	4.729921e+00
4.670000e+01	7.546380e-03	4.760528e+00
4.673333e+01	1.471859e-02	4.794415e+00
4.676667e+01	1.893697e-02	4.814347e+00
4.680000e+01	1.895861e-02	4.814449e+00
4.683333e+01	1.667845e-02	4.803675e+00
4.686667e+01	1.481620e-02	4.794877e+00
4.690000e+01	1.461367e-02	4.793920e+00
4.693333e+01	1.550994e-02	4.798154e+00
4.696667e+01	1.633153e-02	4.802036e+00
47	1.646395e-02	4.802662e+00
4.703333e+01	1.609543e-02	4.800921e+00
4.706667e+01	1.572884e-02	4.799189e+00
4.710000e+01	1.565263e-02	4.798829e+00
4.713333e+01	1.580425e-02	4.799545e+00
4.716667e+01	1.596784e-02	4.800318e+00
4.720000e+01	1.600927e-02	4.800514e+00
4.723333e+01	1.594744e-02	4.800222e+00
4.726667e+01	1.587472e-02	4.799878e+00
4.730000e+01	1.585309e-02	4.799776e+00
4.733333e+01	1.587803e-02	4.799894e+00
4.736667e+01	1.591021e-02	4.800046e+00
4.740000e+01	1.592118e-02	4.800097e+00
4.743333e+01	1.591125e-02	4.800051e+00
4.746667e+01	1.589707e-02	4.799984e+00
4.750000e+01	1.589162e-02	4.799958e+00
4.753333e+01	1.589552e-02	4.799976e+00
4.756667e+01	1.590174e-02	4.800006e+00
4.760000e+01	1.590439e-02	4.800018e+00
4.763333e+01	1.590290e-02	4.800011e+00
4.766667e+01	1.590018e-02	4.799998e+00
4.770000e+01	1.589890e-02	4.799992e+00
4.773333e+01	1.589946e-02	4.799995e+00
4.776667e+01	1.590065e-02	4.800000e+00
4.780000e+01	1.590125e-02	4.800003e+00
4.783333e+01	1.590105e-02	4.800002e+00
4.786667e+01	1.590054e-02	4.800000e+00
4.790000e+01	1.590025e-02	4.799999e+00
4.793333e+01	1.590032e-02	4.799999e+00
4.796667e+01	1.567595e-02	4.798939e+00
48	1.418367e-02	4.791888e+00
4.803333e+01	9.839233e-03	4.771361e+00
4.806667e+01	2.634378e-03	4.737319e+00
4.810000e+01	-4.596069e-03	4.703156e+00
4.813333e+01	-8.442051e-03	4.684984e+00
4.816667e+01	-8.136898e-03	4.686426e+00
4.820000e+01	-5.814177e-03	4.697401e+00
4.823333e+01	-4.107087e-03	4.705466e+00
4.826667e+01	-4.051499e-03	4.705729e+00
4.830000e+01	-4.974027e-03	4.701370e+00
4.833333e+01	-5.731428e-03	4.697792e+00
4.836667e+01	-5.798043e-03	4.697477e+00
4.840000e+01	-5.414699e-03	4.699288e+00
4.843333e+01	-5.074431e-03	4.700896e+00
4.846667e+01	-5.027556e-03	4.701117e+00
4.850000e+01	-5.187105e-03	4.700364e+00
4.853333e+01	-5.339999e-03	4.699641e+00
4.856667e+01	-5.368415e-03	4.699507e+00
4.860000e+01	-5.302492e-03	4.699818e+00
4.863333e+01	-5.234072e-03	4.700142e+00
4.866667e+01	-5.218186e-03	4.700217e+00
4.870000e+01	-5.245185e-03	4.700089e+00
4.873333e+01	-5.275662e-03	4.699945e+00
4.876667e+01	-5.284106e-03	4.699905e+00
4.880000e+01	-5.273159e-03	4.699957e+00
4.883333e+01	-5.266250e-03	4.699990e+00
4.886667e+01	-5.312413e-03	4.699771e+00
4.890000e+01	-5.495078e-03	4.698908e+00
4.893333e+01	-5.891226e-03	4.697037e+00
4.896667e+01	-6.496239e-03	4.694178e+00
49	-7.210462e-03	4.690803e+00
4.903333e+01	-7.914823e-03	4.687475e+00
4.906667e+01	-8.552425e-03	4.684463e+00
4.910000e+01	-9.141559e-03	4.681679e+00
4.913333e+01	-9.729532e-03	4.678901e+00
4.916667e+01	-1.034401e-02	4.675998e+00
4.920000e+01	-1.097998e-02	4.672993e+00
4.923333e+01	-1.161768e-02	4.669980e+00
4.926667e+01	-1.224435e-02	4.667019e+00
4.930000e+01	-1.286136e-02	4.664104e+00
4.933333e+01	-1.347711e-02	4.661194e+00
4.936667e+01	-1.409745e-02	4.658263e+00
4.940000e+01	-1.472214e-02	4.655312e+00
4.943333e+01	-1.534760e-02	4.652356e+00
4.946667e+01	-1.597116e-02	4.649410e+00
4.950000e+01	-1.659278e-02	4.646473e+00
4.953333e+01	-1.721396e-02	4.643538e+00
4.956667e+01	-1.783592e-02	4.640599e+00
4.960000e+01	-1.845875e-02	4.637657e+00
4.963333e+01	-1.908181e-02	4.634713e+00
4.966667e+01	-1.970455e-02	4.631770e+00
4.970000e+01	-2.032691e-02	4.628830e+00
4.973333e+01	-2.094915e-02	4.625890e+00
4.976667e+01	-2.157152e-02	4.622949e+00
4.980000e+01	-2.219405e-02	4.620008e+00
4.983333e+01	-2.281665e-02	4.617066e+00
4.986667e+01	-2.343919e-02	4.614125e+00
4.990000e+01	-2.406167e-02	4.611184e+00
4.993333e+01	-2.467750e-02	4.608274e+00
4.996667e+01	-2.524946e-02	4.605571e+00
50	-2.570028e-02	4.603441e+00
5.003333e+01	-2.597650e-02	4.602136e+00
5.006667e+01	-2.612394e-02	4.601440e+00
5.010000e+01	-2.624238e-02	4.600880e+00
5.013333e+01	-2.637053e-02	4.600275e+00
5.016667e+01	-2.646746e-02	4.599817e+00
5.020000e+01	-2.649251e-02	4.599698e+00
5.023333e+01	-2.645987e-02	4.599852e+00
5.026667e+01	-2.641819e-02	4.600049e+00
5.030000e+01	-2.640281e-02	4.600122e+00
5.033333e+01	-2.686343e-02	4.597946e+00
5.036667e+01	-2.986610e-02	4.583758e+00
5.040000e+01	-3.856246e-02	4.542669e+00
5.043333e+01	-5.319226e-02	4.473545e+00
5.046667e+01	-6.891310e-02	4.399266e+00
5.050000e+01	-7.967806e-02	4.348403e+00
5.053333e+01	-8.342221e-02	4.330713e+00
5.056667e+01	-8.247644e-02	4.335181e+00
5.060000e+01	-7.840710e-02	4.354408e+00
5.063333e+01	-6.834135e-02	4.401968e+00
5.066667e+01	-5.039905e-02	4.486743e+00
5.070000e+01	-3.053238e-02	4.580610e+00
5.073333e+01	-1.845666e-02	4.637667e+00
5.076667e+01	-1.787697e-02	4.640406e+00
5.080000e+01	-2.394417e-02	4.611739e+00
5.083333e+01	-2.920337e-02	4.586890e+00
5.086667e+01	-2.999644e-02	4.583143e+00
5.090000e+01	-2.764420e-02	4.594257e+00
5.093333e+01	-2.533891e-02	4.605149e+00
5.096667e+01	-2.487347e-02	4.607348e+00
51	-2.583319e-02	4.602813e+00
5.103333e+01	-2.685729e-02	4.597975e+00
5.106667e+01	-2.711042e-02	4.596779e+00
5.110000e+01	-2.671862e-02	4.598630e+00
5.113333e+01	-2.626344e-02	4.600781e+00
5.116667e+01	-2.613078e-02	4.601407e+00
5.120000e+01	-2.628912e-02	4.600659e+00
5.123333e+01	-2.649068e-02	4.599707e+00
5.126667e+01	-2.655819e-02	4.599388e+00
5.130000e+01	-2.649500e-02	4.599686e+00
5.133333e+01	-2.640614e-02	4.600106e+00
5.136667e+01	-2.637255e-02	4.600265e+00
5.140000e+01	-2.639739e-02	4.600148e+00
5.143333e+01	-2.643640e-02	4.599963e+00
5.146667e+01	-2.645281e-02	4.599886e+00
5.150000e+01	-2.644323e-02	4.599931e+00
5.153333e+01	-2.642618e-02	4.600012e+00
5.156667e+01	-2.641827e-02	4.600049e+00
5.160000e+01	-2.642188e-02	4.600032e+00
5.163333e+01	-2.642930e-02	4.599997e+00
5.166667e+01	-2.620847e-02	4.601040e+00
5.170000e+01	-2.471474e-02	4.608098e+00
5.173333e+01	-2.036712e-02	4.628640e+00
5.176667e+01	-1.316058e-02	4.662690e+00
5.180000e+01	-5.930651e-03	4.696850e+00
5.183333e+01	-2.086049e-03	4.715016e+00
5.186667e+01	-2.391990e-03	4.713570e+00
5.190000e+01	-4.714537e-03	4.702596e+00
5.193333e+01	-6.421034e-03	4.694533e+00
5.196667e+01	-6.456724e-03	4.694365e+00
52	-5.384944e-03	4.699429e+00
5.203333e+01	-4.100717e-03	4.705497e+00
5.206667e+01	-2.880691e-03	4.711261e+00
5.210000e+01	-1.481712e-03	4.717871e+00
5.213333e+01	2.948718e-04	4.726265e+00
5.216667e+01	2.338287e-03	4.735920e+00
5.220000e+01	4.386074e-03	4.745596e+00
5.223333e+01	6.278719e-03	4.754538e+00
5.226667e+01	8.042060e-03	4.762870e+00
5.230000e+01	9.791316e-03	4.771135e+00
5.233333e+01	1.160396e-02	4.779699e+00
5.236667e+01	1.347492e-02	4.788539e+00
5.240000e+01	1.535542e-02	4.797424e+00
5.243333e+01	1.720980e-02	4.806186e+00
5.246667e+01	1.903807e-02	4.814824e+00
5.250000e+01	2.086083e-02	4.823437e+00
5.253333e+01	2.269433e-02	4.832100e+00
5.256667e+01	2.453947e-02	4.840818e+00
5.260000e+01	2.638760e-02	4.849550e+00
5.263333e+01	2.823136e-02	4.858261e+00
5.266667e+01	3.005041e-02	4.866856e+00
5.270000e+01	3.173813e-02	4.874831e+00
5.273333e+01	3.286430e-02	4.880152e+00
5.276667e+01	3.231894e-02	4.877575e+00
5.280000e+01	2.878963e-02	4.860899e+00
5.283333e+01	2.256229e-02	4.831476e+00
5.286667e+01	1.633931e-02	4.802073e+00
5.290000e+01	1.311371e-02	4.786833e+00
5.293333e+01	1.324141e-02	4.787436e+00
5.296667e+01	1.377327e-02	4.789949e+00
53	1.086455e-02	4.776206e+00
5.303333e+01	3.665253e-03	4.742190e+00
5.306667e+01	-4.373671e-03	4.704207e+00
5.310000e+01	-8.858554e-03	4.683016e+00
5.313333e+01	-8.592067e-03	4.684276e+00
5.316667e+01	-6.156730e-03	4.695782e+00
5.320000e+01	-5.654220e-03	4.698156e+00
5.323333e+01	-9.910871e-03	4.678044e+00
5.326667e+01	-1.817902e-02	4.638978e+00
5.330000e+01	-2.629648e-02	4.600624e+00
5.333333e+01	-3.022997e-02	4.582039e+00
5.336667e+01	-2.970767e-02	4.584507e+00
5.340000e+01	-2.847895e-02	4.590313e+00
5.343333e+01	-3.105728e-02	4.578130e+00
5.346667e+01	-3.839002e-02	4.543484e+00
5.350000e+01	-4.672179e-02	4.504117e+00
5.353333e+01	-5.113560e-02	4.483263e+00
5.356667e+01	-4.932897e-02	4.491799e+00
5.360000e+01	-4.219856e-02	4.525489e+00
5.363333e+01	-3.292711e-02	4.569296e+00
5.366667e+01	-2.562520e-02	4.603796e+00
5.370000e+01	-2.289686e-02	4.616687e+00
5.373333e+01	-2.412245e-02	4.610896e+00
5.376667e+01	-2.652766e-02	4.599532e+00
5.380000e+01	-2.776973e-02	4.593664e+00
5.383333e+01	-2.718685e-02	4.596418e+00
5.386667e+01	-2.471416e-02	4.608101e+00
5.390000e+01	-1.980585e-02	4.631292e+00
5.393333e+01	-1.272043e-02	4.664770e+00
5.396667e+01	-6.132871e-03	4.695895e+00
54	-4.039640e-03	4.705785e+00
5.403333e+01	-8.652837e-03	4.683988e+00
5.406667e+01	-1.800128e-02	4.639818e+00
5.410000e+01	-2.681859e-02	4.598158e+00
5.413333e+01	-3.072882e-02	4.579682e+00
5.416667e+01	-2.957744e-02	4.585122e+00
5.420000e+01	-2.655251e-02	4.599415e+00
5.423333e+01	-2.477825e-02	4.607798e+00
5.426667e+01	-2.507369e-02	4.606402e+00
5.430000e+01	-2.631130e-02	4.600554e+00
5.433333e+01	-2.711439e-02	4.596760e+00
5.436667e+01	-2.703507e-02	4.597135e+00
5.440000e+01	-2.651025e-02	4.599614e+00
5.443333e+01	-2.614271e-02	4.601351e+00
5.446667e+01	-2.615607e-02	4.601288e+00
5.450000e+01	-2.637888e-02	4.600235e+00
5.453333e+01	-2.654689e-02	4.599441e+00
5.456667e+01	-2.655067e-02	4.599423e+00
5.460000e+01	-2.645658e-02	4.599868e+00
5.463333e+01	-2.638018e-02	4.600229e+00
5.466667e+01	-2.637426e-02	4.600257e+00
5.470000e+01	-2.641374e-02	4.600070e+00
5.473333e+01	-2.644830e-02	4.599907e+00
5.476667e+01	-2.645276e-02	4.599886e+00
5.480000e+01	-2.643631e-02	4.599964e+00
5.483333e+01	-2.642075e-02	4.600037e+00
5.486667e+01	-2.619339e-02	4.601112e+00
5.490000e+01	-2.470778e-02	4.608131e+00
5.493333e+01	-2.037034e-02	4.628625e+00
5.496667e+01	-1.316714e-02	4.662659e+00
55	-5.933965e-03	4.696835e+00
5.503333e+01	-2.084872e-03	4.715021e+00
5.506667e+01	-2.389148e-03	4.713584e+00
5.510000e+01	-4.712974e-03	4.702604e+00
5.513333e+01	-6.421444e-03	4.694531e+00
5.516667e+01	-6.477480e-03	4.694267e+00
5.520000e+01	-5.554510e-03	4.698628e+00
5.523333e+01	-5.021098e-03	4.701148e+00
5.526667e+01	-6.446670e-03	4.694412e+00
5.530000e+01	-1.117460e-02	4.672073e+00
5.533333e+01	-1.871990e-02	4.636423e+00
5.536667e+01	-2.599727e-02	4.602038e+00
5.540000e+01	-2.968364e-02	4.584621e+00
5.543333e+01	-2.922551e-02	4.586785e+00
5.546667e+01	-2.687435e-02	4.597894e+00
5.550000e+01	-2.523321e-02	4.605648e+00
5.553333e+01	-2.524608e-02	4.605587e+00
5.556667e+01	-2.618450e-02	4.601154e+00
5.560000e+01	-2.691489e-02	4.597703e+00
5.563333e+01	-2.717561e-02	4.596471e+00
5.566667e+01	-2.805163e-02	4.592332e+00
5.570000e+01	-3.079891e-02	4.579351e+00
5.573333e+01	-3.489372e-02	4.560004e+00
5.576667e+01	-3.793524e-02	4.545633e+00
5.580000e+01	-3.755969e-02	4.547407e+00
5.583333e+01	-3.368126e-02	4.565732e+00
5.586667e+01	-2.970360e-02	4.584526e+00
5.590000e+01	-3.044583e-02	4.581019e+00
5.593333e+01	-3.727123e-02	4.548770e+00
5.596667e+01	-4.612341e-02	4.506945e+00
56	-5.148557e-02	4.481609e+00
5.603333e+01	-5.147509e-02	4.481659e+00
5.606667e+01	-4.852586e-02	4.495593e+00
5.610000e+01	-4.615780e-02	4.506782e+00
5.613333e+01	-4.594179e-02	4.507803e+00
5.616667e+01	-4.711844e-02	4.502243e+00
5.620000e+01	-4.816845e-02	4.497282e+00
5.623333e+01	-4.831897e-02	4.496571e+00
5.626667e+01	-4.783279e-02	4.498868e+00
5.630000e+01	-4.736296e-02	4.501088e+00
5.633333e+01	-4.727330e-02	4.501512e+00
5.636667e+01	-4.747396e-02	4.500564e+00
5.640000e+01	-4.768401e-02	4.499571e+00
5.643333e+01	-4.773375e-02	4.499336e+00
5.646667e+01	-4.765164e-02	4.499724e+00
5.650000e+01	-4.755812e-02	4.500166e+00
5.653333e+01	-4.753179e-02	4.500290e+00
5.656667e+01	-4.756505e-02	4.500133e+00
5.660000e+01	-4.760650e-02	4.499937e+00
5.663333e+01	-4.761998e-02	4.499874e+00
5.666667e+01	-4.760667e-02	4.499937e+00
5.670000e+01	-4.758838e-02	4.500023e+00
5.673333e+01	-4.758164e-02	4.500055e+00
5.676667e+01	-4.758689e-02	4.500030e+00
5.680000e+01	-4.759493e-02	4.499992e+00
5.683333e+01	-4.759824e-02	4.499976e+00
5.686667e+01	-4.759620e-02	4.499986e+00
5.690000e+01	-4.759268e-02	4.500003e+00
5.693333e+01	-4.759109e-02	4.500010e+00
5.696667e+01	-4.759186e-02	4.500007e+00
57	-4.781799e-02	4.498938e+00
5.703333e+01	-4.931116e-02	4.491883e+00
5.706667e+01	-5.365529e-02	4.471358e+00
5.710000e+01	-6.063479e-02	4.438380e+00
5.713333e+01	-6.637240e-02	4.411271e+00
5.716667e+01	-6.587408e-02	4.413625e+00
5.720000e+01	-5.836449e-02	4.449107e+00
5.723333e+01	-4.881158e-02	4.494243e+00
5.726667e+01	-4.325847e-02	4.520481e+00
5.730000e+01	-4.350785e-02	4.519303e+00
5.733333e+01	-4.697758e-02	4.502909e+00
5.736667e+01	-5.093449e-02	4.484213e+00
5.740000e+01	-5.540119e-02	4.463108e+00
5.743333e+01	-6.130013e-02	4.435237e+00
5.746667e+01	-6.743284e-02	4.406260e+00
5.750000e+01	-7.116531e-02	4.388625e+00
5.753333e+01	-7.140306e-02	4.387502e+00
5.756667e+01	-6.957353e-02	4.396146e+00
5.760000e+01	-6.794175e-02	4.403856e+00
5.763333e+01	-6.766068e-02	4.405184e+00
5.766667e+01	-6.836188e-02	4.401871e+00
5.770000e+01	-6.907498e-02	4.398502e+00
5.773333e+01	-6.923451e-02	4.397748e+00
5.776667e+01	-6.895007e-02	4.399092e+00
5.780000e+01	-6.863414e-02	4.400584e+00
5.783333e+01	-6.854932e-02	4.400985e+00
5.786667e+01	-6.866487e-02	4.400439e+00
5.790000e+01	-6.880498e-02	4.399777e+00
5.793333e+01	-6.884873e-02	4.399570e+00
5.796667e+01	-6.880229e-02	4.399790e+00
58	-6.874038e-02	4.400082e+00
5.803333e+01	-6.871838e-02	4.400186e+00
5.806667e+01	-6.873678e-02	4.400099e+00
5.810000e+01	-6.876402e-02	4.399971e+00
5.813333e+01	-6.877487e-02	4.399919e+00
5.816667e+01	-6.876770e-02	4.399953e+00
5.820000e+01	-6.875577e-02	4.400010e+00
5.823333e+01	-6.875050e-02	4.400035e+00
5.826667e+01	-6.852864e-02	4.401083e+00
5.830000e+01	-6.704143e-02	4.408110e+00
5.833333e+01	-6.225035e-02	4.430747e+00
5.836667e+01	-5.205975e-02	4.478896e+00
5.840000e+01	-3.613828e-02	4.554123e+00
5.843333e+01	-1.788158e-02	4.640384e+00
5.846667e+01	-3.726282e-03	4.707266e+00
5.850000e+01	1.642024e-03	4.732630e+00
5.853333e+01	-6.873711e-04	4.721624e+00
5.856667e+01	-5.476291e-03	4.698997e+00
5.860000e+01	-8.278381e-03	4.685758e+00
5.863333e+01	-8.312246e-03	4.685598e+00
5.866667e+01	-7.451736e-03	4.689663e+00
5.870000e+01	-7.568790e-03	4.689110e+00
5.873333e+01	-9.008622e-03	4.682307e+00
5.876667e+01	-1.093574e-02	4.673202e+00
5.880000e+01	-1.248269e-02	4.665893e+00
5.883333e+01	-1.344668e-02	4.661338e+00
5.886667e+01	-1.416966e-02	4.657922e+00
5.890000e+01	-1.503916e-02	4.653814e+00
5.893333e+01	-1.616352e-02	4.648501e+00
5.896667e+01	-1.740434e-02	4.642639e+00
59	-1.858981e-02	4.637037e+00
5.903333e+01	-1.966433e-02	4.631961e+00
5.906667e+01	-2.068330e-02	4.627146e+00
5.910000e+01	-2.172256e-02	4.622236e+00
5.913333e+01	-2.280991e-02	4.617098e+00
5.916667e+01	-2.392348e-02	4.611837e+00
5.920000e+01	-2.502994e-02	4.606609e+00
5.923333e+01	-2.611566e-02	4.601479e+00
5.926667e+01	-2.718911e-02	4.596407e+00
5.930000e+01	-2.826487e-02	4.591324e+00
5.933333e+01	-2.934954e-02	4.586199e+00
5.936667e+01	-3.043991e-02	4.581047e+00
5.940000e+01	-3.152962e-02	4.575899e+00
5.943333e+01	-3.261552e-02	4.570768e+00
5.946667e+01	-3.369880e-02	4.565649e+00
5.950000e+01	-3.478220e-02	4.560530e+00
5.953333e+01	-3.586723e-02	4.555404e+00
5.956667e+01	-3.695346e-02	4.550272e+00
5.960000e+01	-3.803970e-02	4.545139e+00
5.963333e+01	-3.912526e-02	4.540010e+00
5.966667e+01	-4.021026e-02	4.534884e+00
5.970000e+01	-4.129524e-02	4.529757e+00
5.973333e+01	-4.238050e-02	4.524630e+00
5.976667e+01	-4.346601e-02	4.519501e+00
5.980000e+01	-4.455154e-02	4.514372e+00
5.983333e+01	-4.562544e-02	4.509298e+00
5.986667e+01	-4.684729e-02	4.503524e+00
5.990000e+01	-4.911415e-02	4.492814e+00
5.993333e+01	-5.386358e-02	4.470373e+00
5.996667e+01	-6.110262e-02	4.436170e+00
60	-6.817007e-02	4.402777e+00
6.003333e+01	-7.186875e-02	4.385301e+00
6.006667e+01	-7.153541e-02	4.386876e+00
6.010000e+01	-6.927203e-02	4.397570e+00
6.013333e+01	-6.762712e-02	4.405342e+00
6.016667e+01	-6.736179e-02	4.406596e+00
6.020000e+01	-6.676793e-02	4.409402e+00
6.023333e+01	-6.315354e-02	4.426480e+00
6.026667e+01	-5.600768e-02	4.460243e+00
6.030000e+01	-4.840367e-02	4.496171e+00
6.033333e+01	-4.422954e-02	4.515893e+00
6.036667e+01	-4.449173e-02	4.514654e+00
6.040000e+01	-4.697007e-02	4.502944e+00
6.043333e+01	-4.882470e-02	4.494181e+00
6.046667e+01	-4.890675e-02	4.493794e+00
6.050000e+01	-4.791985e-02	4.498457e+00
6.053333e+01	-4.709638e-02	4.502348e+00
6.056667e+01	-4.701484e-02	4.502733e+00
6.060000e+01	-4.742458e-02	4.500797e+00
6.063333e+01	-4.779430e-02	4.499050e+00
6.066667e+01	-4.784916e-02	4.498791e+00
6.070000e+01	-4.767589e-02	4.499609e+00
6.073333e+01	-4.748704e-02	4.500502e+00
6.076667e+01	-4.737369e-02	4.501037e+00
6.080000e+01	-4.726703e-02	4.501541e+00
6.083333e+01	-4.706794e-02	4.502482e+00
6.086667e+01	-4.676132e-02	4.503931e+00
6.090000e+01	-4.641212e-02	4.505581e+00
6.093333e+01	-4.608957e-02	4.507105e+00
6.096667e+01	-4.581334e-02	4.508410e+00
61	-4.555893e-02	4.509612e+00
6.103333e+01	-4.529523e-02	4.510858e+00
6.106667e+01	-4.501163e-02	4.512198e+00
6.110000e+01	-4.471768e-02	4.513587e+00
6.113333e+01	-4.442702e-02	4.514960e+00
6.116667e+01	-4.414495e-02	4.516293e+00
6.120000e+01	-4.386773e-02	4.517603e+00
6.123333e+01	-4.358940e-02	4.518918e+00
6.126667e+01	-4.330737e-02	4.520250e+00
6.130000e+01	-4.302308e-02	4.521593e+00
6.133333e+01	-4.273913e-02	4.522935e+00
6.136667e+01	-4.245677e-02	4.524269e+00
6.140000e+01	-4.217545e-02	4.525598e+00
6.143333e+01	-4.189405e-02	4.526928e+00
6.146667e+01	-4.161197e-02	4.528261e+00
6.150000e+01	-4.132941e-02	4.529596e+00
6.153333e+01	-4.104686e-02	4.530931e+00
6.156667e+01	-4.076459e-02	4.532264e+00
6.160000e+01	-4.048255e-02	4.533597e+00
6.163333e+01	-4.020051e-02	4.534930e+00
6.166667e+01	-3.991836e-02	4.536263e+00
6.170000e+01	-3.963610e-02	4.537596e+00
6.173333e+01	-3.935384e-02	4.538930e+00
6.176667e+01	-3.907162e-02	4.540264e+00
6.180000e+01	-3.878945e-02	4.541597e+00
6.183333e+01	-3.850729e-02	4.542930e+00
6.186667e+01	-3.822510e-02	4.544263e+00
6.190000e+01	-3.794290e-02	4.545597e+00
6.193333e+01	-3.766069e-02	4.546930e+00
6.196667e+01	-3.737849e-02	4.548263e+00
62	-3.709630e-02	4.549597e+00
6.203333e+01	-3.681411e-02	4.550930e+00
6.206667e+01	-3.653192e-02	4.552263e+00
6.210000e+01	-3.624972e-02	4.553597e+00
6.213333e+01	-3.596753e-02	4.554930e+00
6.216667e+01	-3.568533e-02	4.556263e+00
6.220000e+01	-3.540314e-02	4.557597e+00
6.223333e+01	-3.512094e-02	4.558930e+00
6.226667e+01	-3.483875e-02	4.560263e+00
6.230000e+01	-3.455655e-02	4.561597e+00
6.233333e+01	-3.427436e-02	4.562930e+00
6.236667e+01	-3.399216e-02	4.564263e+00
6.240000e+01	-3.370997e-02	4.565597e+00
6.243333e+01	-3.342778e-02	4.566930e+00
6.246667e+01	-3.314558e-02	4.568263e+00
6.250000e+01	-3.286339e-02	4.569597e+00
6.253333e+01	-3.258119e-02	4.570930e+00
6.256667e+01	-3.229900e-02	4.572263e+00
6.260000e+01	-3.201680e-02	4.573597e+00
6.263333e+01	-3.173461e-02	4.574930e+00
6.266667e+01	-3.145241e-02	4.576263e+00
6.270000e+01	-3.117022e-02	4.577597e+00
6.273333e+01	-3.088802e-02	4.578930e+00
6.276667e+01	-3.060583e-02	4.580263e+00
6.280000e+01	-3.032364e-02	4.581597e+00
6.283333e+01	-3.004144e-02	4.582930e+00
6.286667e+01	-2.975925e-02	4.584263e+00
6.290000e+01	-2.947705e-02	4.585597e+00
6.293333e+01	-2.919486e-02	4.586930e+00
6.296667e+01	-2.891266e-02	4.588263e+00
63	-2.863047e-02	4.589597e+00
6.303333e+01	-2.834827e-02	4.590930e+00
6.306667e+01	-2.806608e-02	4.592263e+00
6.310000e+01	-2.778388e-02	4.593597e+00
6.313333e+01	-2.750169e-02	4.594930e+00
6.316667e+01	-2.721949e-02	4.596263e+00
6.320000e+01	-2.694029e-02	4.597582e+00
6.323333e+01	-2.668099e-02	4.598808e+00
6.326667e+01	-2.647962e-02	4.599759e+00
6.330000e+01	-2.637431e-02	4.600257e+00
6.333333e+01	-2.636540e-02	4.600299e+00
6.336667e+01	-2.640777e-02	4.600099e+00
6.340000e+01	-2.644608e-02	4.599918e+00
6.343333e+01	-2.667801e-02	4.598822e+00
6.346667e+01	-2.815499e-02	4.591843e+00
6.350000e+01	-3.248324e-02	4.571393e+00
6.353333e+01	-3.968413e-02	4.537369e+00
6.356667e+01	-4.692075e-02	4.503177e+00
6.360000e+01	-5.077386e-02	4.484972e+00
6.363333e+01	-5.047075e-02	4.486404e+00
6.366667e+01	-4.814553e-02	4.497390e+00
6.370000e+01	-4.643529e-02	4.505471e+00
6.373333e+01	-4.637866e-02	4.505739e+00
6.376667e+01	-4.730219e-02	4.501375e+00
6.380000e+01	-4.806098e-02	4.497790e+00
6.383333e+01	-4.812811e-02	4.497473e+00
6.386667e+01	-4.774437e-02	4.499286e+00
6.390000e+01	-4.740350e-02	4.500896e+00
6.393333e+01	-4.735637e-02	4.501119e+00
6.396667e+01	-4.751607e-02	4.500365e+00
64	-4.766923e-02	4.499641e+00
6.403333e+01	-4.769777e-02	4.499506e+00
6.406667e+01	-4.763179e-02	4.499818e+00
6.410000e+01	-4.756325e-02	4.500142e+00
6.413333e+01	-4.754731e-02	4.500217e+00
6.416667e+01	-4.757433e-02	4.500089e+00
6.420000e+01	-4.760485e-02	4.499945e+00
6.423333e+01	-4.761333e-02	4.499905e+00
6.426667e+01	-4.760237e-02	4.499957e+00
6.430000e+01	-4.758883e-02	4.500021e+00
6.433333e+01	-4.758448e-02	4.500041e+00
6.436667e+01	-4.758887e-02	4.500021e+00
6.440000e+01	-4.759485e-02	4.499992e+00
6.443333e+01	-4.759703e-02	4.499982e+00
6.446667e+01	-4.759529e-02	4.499990e+00
6.450000e+01	-4.759267e-02	4.500003e+00
6.453333e+01	-4.736700e-02	4.501069e+00
6.456667e+01	-4.587526e-02	4.508117e+00
6.460000e+01	-4.153200e-02	4.528639e+00
6.463333e+01	-3.432776e-02	4.562678e+00
6.466667e+01	-2.709712e-02	4.596842e+00
6.470000e+01	-2.325063e-02	4.615016e+00
6.473333e+01	-2.378009e-02	4.612514e+00
6.476667e+01	-2.737069e-02	4.595549e+00
6.480000e+01	-3.193000e-02	4.574007e+00
6.483333e+01	-3.484607e-02	4.560229e+00
6.486667e+01	-3.394915e-02	4.564467e+00
6.490000e+01	-2.980725e-02	4.584036e+00
6.493333e+01	-2.558948e-02	4.603965e+00
6.496667e+01	-2.395525e-02	4.611686e+00
65	-2.491116e-02	4.607170e+00
6.503333e+01	-2.660955e-02	4.599145e+00
6.506667e+01	-2.742812e-02	4.595278e+00
6.510000e+01	-2.711009e-02	4.596780e+00
6.513333e+01	-2.639088e-02	4.600178e+00
6.516667e+01	-2.600684e-02	4.601993e+00
6.520000e+01	-2.611834e-02	4.601466e+00
6.523333e+01	-2.642762e-02	4.600005e+00
6.526667e+01	-2.660705e-02	4.599157e+00
6.530000e+01	-2.656992e-02	4.599332e+00
6.533333e+01	-2.643699e-02	4.599961e+00
6.536667e+01	-2.635360e-02	4.600355e+00
6.540000e+01	-2.636462e-02	4.600302e+00
6.543333e+01	-2.642149e-02	4.600034e+00
6.546667e+01	-2.645999e-02	4.599852e+00
6.550000e+01	-2.645750e-02	4.599864e+00
6.553333e+01	-2.620870e-02	4.601039e+00
6.556667e+01	-2.469863e-02	4.608174e+00
6.560000e+01	-2.035427e-02	4.628701e+00
6.563333e+01	-1.315976e-02	4.662694e+00
6.566667e+01	-5.937422e-03	4.696818e+00
6.570000e+01	-2.091866e-03	4.714988e+00
6.573333e+01	-2.392668e-03	4.713567e+00
6.576667e+01	-4.711710e-03	4.702610e+00
6.580000e+01	-6.418413e-03	4.694546e+00
6.583333e+01	-6.475819e-03	4.694275e+00
6.586667e+01	-5.554951e-03	4.698626e+00
6.590000e+01	-4.797808e-03	4.702203e+00
6.593333e+01	-4.730438e-03	4.702521e+00
6.596667e+01	-5.113037e-03	4.700713e+00
66	-5.453154e-03	4.699106e+00
6.603333e+01	-5.500340e-03	4.698884e+00
6.606667e+01	-5.341124e-03	4.699636e+00
6.610000e+01	-5.188312e-03	4.700358e+00
6.613333e+01	-5.159769e-03	4.700493e+00
6.616667e+01	-5.225544e-03	4.700182e+00
6.620000e+01	-5.293921e-03	4.699859e+00
6.623333e+01	-5.309858e-03	4.699784e+00
6.626667e+01	-5.282925e-03	4.699911e+00
6.630000e+01	-5.027873e-03	4.701116e+00
6.633333e+01	-3.526996e-03	4.708207e+00
6.636667e+01	8.064975e-04	4.728683e+00
6.640000e+01	7.997754e-03	4.762660e+00
6.643333e+01	1.522379e-02	4.796802e+00
6.646667e+01	1.907416e-02	4.814995e+00
6.650000e+01	1.855041e-02	4.812520e+00
6.653333e+01	1.451288e-02	4.793443e+00
6.656667e+01	6.967238e-03	4.757791e+00
6.660000e+01	-4.640158e-03	4.702948e+00
6.663333e+01	-1.815386e-02	4.639097e+00
6.666667e+01	-2.847216e-02	4.590345e+00
6.670000e+01	-3.194527e-02	4.573935e+00
6.673333e+01	-2.970028e-02	4.584542e+00
6.676667e+01	-2.601102e-02	4.601973e+00
6.680000e+01	-2.429570e-02	4.610078e+00
6.683333e+01	-2.522791e-02	4.605673e+00
6.686667e+01	-2.824725e-02	4.591407e+00
6.690000e+01	-3.338705e-02	4.567122e+00
6.693333e+01	-4.034090e-02	4.534266e+00
6.696667e+01	-4.691613e-02	4.503199e+00
67	-5.039095e-02	4.486781e+00
6.703333e+01	-5.017157e-02	4.487818e+00
6.706667e+01	-4.813083e-02	4.497460e+00
6.710000e+01	-4.659656e-02	4.504709e+00
6.713333e+01	-4.651437e-02	4.505097e+00
6.716667e+01	-4.731607e-02	4.501310e+00
6.720000e+01	-4.799351e-02	4.498109e+00
6.723333e+01	-4.806687e-02	4.497762e+00
6.726667e+01	-4.773504e-02	4.499330e+00
6.730000e+01	-4.743152e-02	4.500764e+00
6.733333e+01	-4.738386e-02	4.500989e+00
6.736667e+01	-4.752157e-02	4.500339e+00
6.740000e+01	-4.765768e-02	4.499695e+00
6.743333e+01	-4.768548e-02	4.499564e+00
6.746667e+01	-4.762876e-02	4.499832e+00
6.750000e+01	-4.756797e-02	4.500119e+00
6.753333e+01	-4.755277e-02	4.500191e+00
6.756667e+01	-4.757591e-02	4.500082e+00
6.760000e+01	-4.760295e-02	4.499954e+00
6.763333e+01	-4.761091e-02	4.499917e+00
6.766667e+01	-4.760156e-02	4.499961e+00
6.770000e+01	-4.758959e-02	4.500017e+00
6.773333e+01	-4.758555e-02	4.500036e+00
6.776667e+01	-4.758928e-02	4.500019e+00
6.780000e+01	-4.759455e-02	4.499994e+00
6.783333e+01	-4.759656e-02	4.499984e+00
6.786667e+01	-4.759510e-02	4.499991e+00
6.790000e+01	-4.759278e-02	4.500002e+00
6.793333e+01	-4.759180e-02	4.500007e+00
6.796667e+01	-4.759237e-02	4.500004e+00
68	-4.759338e-02	4.499999e+00
6.803333e+01	-4.759385e-02	4.499997e+00
6.806667e+01	-4.759364e-02	4.499998e+00
6.810000e+01	-4.759320e-02	4.500000e+00
6.813333e+01	-4.759297e-02	4.500001e+00
6.816667e+01	-4.759305e-02	4.500001e+00
6.820000e+01	-4.759324e-02	4.500000e+00
6.823333e+01	-4.759335e-02	4.499999e+00
6.826667e+01	-4.759332e-02	4.500000e+00
6.830000e+01	-4.759324e-02	4.500000e+00
6.833333e+01	-4.759319e-02	4.500000e+00
6.836667e+01	-4.759320e-02	4.500000e+00
6.840000e+01	-4.759323e-02	4.500000e+00
6.843333e+01	-4.759325e-02	4.500000e+00
6.846667e+01	-4.759325e-02	4.500000e+00
6.850000e+01	-4.759324e-02	4.500000e+00
6.853333e+01	-4.759323e-02	4.500000e+00
6.856667e+01	-4.759323e-02	4.500000e+00
6.860000e+01	-4.759323e-02	4.500000e+00
6.863333e+01	-4.759324e-02	4.500000e+00
6.866667e+01	-4.759324e-02	4.500000e+00
6.870000e+01	-4.759324e-02	4.500000e+00
6.873333e+01	-4.759323e-02	4.500000e+00
6.876667e+01	-4.759323e-02	4.500000e+00
6.880000e+01	-4.759323e-02	4.500000e+00
6.883333e+01	-4.759323e-02	4.500000e+00
6.886667e+01	-4.759324e-02	4.500000e+00
6.890000e+01	-4.759323e-02	4.500000e+00
6.893333e+01	-4.759323e-02	4.500000e+00
6.896667e+01	-4.759323e-02	4.500000e+00
69	-4.759323e-02	4.500000e+00
6.903333e+01	-4.759323e-02	4.500000e+00
6.906667e+01	-4.759323e-02	4.500000e+00
6.910000e+01	-4.759323e-02	4.500000e+00
6.913333e+01	-4.759323e-02	4.500000e+00
6.916667e+01	-4.759323e-02	4.500000e+00
6.920000e+01	-4.759323e-02	4.500000e+00
6.923333e+01	-4.759323e-02	4.500000e+00
6.926667e+01	-4.759323e-02	4.500000e+00
6.930000e+01	-4.759323e-02	4.500000e+00
6.933333e+01	-4.759323e-02	4.500000e+00
6.936667e+01	-4.759323e-02	4.500000e+00
6.940000e+01	-4.759323e-02	4.500000e+00
6.943333e+01	-4.759323e-02	4.500000e+00
6.946667e+01	-4.759323e-02	4.500000e+00
6.950000e+01	-4.759323e-02	4.500000e+00
6.953333e+01	-4.759323e-02	4.500000e+00
6.956667e+01	-4.759323e-02	4.500000e+00
6.960000e+01	-4.759323e-02	4.500000e+00
6.963333e+01	-4.759323e-02	4.500000e+00
6.966667e+01	-4.759323e-02	4.500000e+00
6.970000e+01	-4.759323e-02	4.500000e+00
6.973333e+01	-4.759323e-02	4.500000e+00
6.976667e+01	-4.759323e-02	4.500000e+00
6.980000e+01	-4.759323e-02	4.500000e+00
6.983333e+01	-4.759323e-02	4.500000e+00
6.986667e+01	-4.759323e-02	4.500000e+00
6.990000e+01	-4.759323e-02	4.500000e+00
6.993333e+01	-4.759323e-02	4.500000e+00
6.996667e+01	-4.759323e-02	4.500000e+00
70	-4.759323e-02	4.500000e+00
7.003333e+01	-4.759323e-02	4.500000e+00
7.006667e+01	-4.759323e-02	4.500000e+00
7.010000e+01	-4.759323e-02	4.500000e+00
7.013333e+01	-4.759323e-02	4.500000e+00
7.016667e+01	-4.759323e-02	4.500000e+00
7.020000e+01	-4.759323e-02	4.500000e+00
7.023333e+01	-4.759323e-02	4.500000e+00
7.026667e+01	-4.759323e-02	4.500000e+00
7.030000e+01	-4.759323e-02	4.500000e+00
7.033333e+01	-4.759323e-02	4.500000e+00
7.036667e+01	-4.759323e-02	4.500000e+00
7.040000e+01	-4.759323e-02	4.500000e+00
7.043333e+01	-4.759323e-02	4.500000e+00
7.046667e+01	-4.759323e-02	4.500000e+00
7.050000e+01	-4.759323e-02	4.500000e+00
7.053333e+01	-4.759323e-02	4.500000e+00
7.056667e+01	-4.759323e-02	4.500000e+00
7.060000e+01	-4.759323e-02	4.500000e+00
7.063333e+01	-4.759323e-02	4.500000e+00
7.066667e+01	-4.759323e-02	4.500000e+00
7.070000e+01	-4.759323e-02	4.500000e+00
7.073333e+01	-4.759323e-02	4.500000e+00
7.076667e+01	-4.759323e-02	4.500000e+00
7.080000e+01	-4.759323e-02	4.500000e+00
7.083333e+01	-4.759323e-02	4.500000e+00
7.086667e+01	-4.759323e-02	4.500000e+00
7.090000e+01	-4.759323e-02	4.500000e+00
7.093333e+01	-4.759323e-02	4.500000e+00
7.096667e+01	-4.759323e-02	4.500000e+00
71	-4.759323e-02	4.500000e+00
7.103333e+01	-4.759323e-02	4.500000e+00
7.106667e+01	-4.759323e-02	4.500000e+00
7.110000e+01	-4.759323e-02	4.500000e+00
7.113333e+01	-4.759323e-02	4.500000e+00
7.116667e+01	-4.759323e-02	4.500000e+00
7.120000e+01	-4.759323e-02	4.500000e+00
7.123333e+01	-4.759323e-02	4.500000e+00
7.126667e+01	-4.759323e-02	4.500000e+00
7.130000e+01	-4.759323e-02	4.500000e+00
7.133333e+01	-4.759323e-02	4.500000e+00
7.136667e+01	-4.759323e-02	4.500000e+00
7.140000e+01	-4.759323e-02	4.500000e+00
7.143333e+01	-4.759323e-02	4.500000e+00
7.146667e+01	-4.759323e-02	4.500000e+00
7.150000e+01	-4.759323e-02	4.500000e+00
7.153333e+01	-4.759323e-02	4.500000e+00
7.156667e+01	-4.759323e-02	4.500000e+00
7.160000e+01	-4.759323e-02	4.500000e+00
7.163333e+01	-4.759323e-02	4.500000e+00
7.166667e+01	-4.759323e-02	4.500000e+00
7.170000e+01	-4.759323e-02	4.500000e+00
7.173333e+01	-4.759323e-02	4.500000e+00
7.176667e+01	-4.759323e-02	4.500000e+00
7.180000e+01	-4.759323e-02	4.500000e+00
7.183333e+01	-4.759323e-02	4.500000e+00
7.186667e+01	-4.759323e-02	4.500000e+00
7.190000e+01	-4.781783e-02	4.498939e+00
7.193333e+01	-4.931024e-02	4.491887e+00
7.196667e+01	-5.365466e-02	4.471361e+00
72	-6.085942e-02	4.437319e+00
7.203333e+01	-6.808980e-02	4.403156e+00
7.206667e+01	-7.193579e-02	4.384985e+00
7.210000e+01	-7.163068e-02	4.386426e+00
7.213333e+01	-6.953258e-02	4.396339e+00
7.216667e+01	-6.931790e-02	4.397354e+00
7.220000e+01	-7.360671e-02	4.377090e+00
7.223333e+01	-8.173398e-02	4.338689e+00
7.226667e+01	-8.968213e-02	4.301135e+00
7.230000e+01	-9.329174e-02	4.284080e+00
7.233333e+01	-9.153363e-02	4.292387e+00
7.236667e+01	-8.652958e-02	4.316031e+00
7.240000e+01	-8.115857e-02	4.341408e+00
7.243333e+01	-7.696676e-02	4.361214e+00
7.246667e+01	-7.380027e-02	4.376175e+00
7.250000e+01	-7.075408e-02	4.390568e+00
7.253333e+01	-6.722401e-02	4.407247e+00
7.256667e+01	-6.325130e-02	4.426018e+00
7.260000e+01	-5.921140e-02	4.445106e+00
7.263333e+01	-5.537412e-02	4.463236e+00
7.266667e+01	-5.173498e-02	4.480431e+00
7.270000e+01	-4.813480e-02	4.497441e+00
7.273333e+01	-4.445080e-02	4.514848e+00
7.276667e+01	-4.067817e-02	4.532673e+00
7.280000e+01	-3.688406e-02	4.550599e+00
7.283333e+01	-3.316387e-02	4.568177e+00
7.286667e+01	-2.974649e-02	4.584324e+00
7.290000e+01	-2.710709e-02	4.596794e+00
7.293333e+01	-2.572525e-02	4.603323e+00
7.296667e+01	-2.561686e-02	4.603836e+00
73	-2.628089e-02	4.600698e+00
7.303333e+01	-2.718624e-02	4.596420e+00
7.306667e+01	-2.816973e-02	4.591774e+00
7.310000e+01	-2.933688e-02	4.586259e+00
7.313333e+01	-3.074843e-02	4.579590e+00
7.316667e+01	-3.229906e-02	4.572263e+00
7.320000e+01	-3.382708e-02	4.565043e+00
7.323333e+01	-3.525390e-02	4.558302e+00
7.326667e+01	-3.661085e-02	4.551890e+00
7.330000e+01	-3.796993e-02	4.545469e+00
7.333333e+01	-3.937091e-02	4.538849e+00
7.336667e+01	-4.080384e-02	4.532079e+00
7.340000e+01	-4.223788e-02	4.525303e+00
7.343333e+01	-4.365436e-02	4.518611e+00
7.346667e+01	-4.504139e-02	4.512057e+00
7.350000e+01	-4.632764e-02	4.505980e+00
7.353333e+01	-4.733161e-02	4.501236e+00
7.356667e+01	-4.808640e-02	4.497670e+00
7.360000e+01	-4.962789e-02	4.490387e+00
7.363333e+01	-5.376193e-02	4.470854e+00
7.366667e+01	-6.077371e-02	4.437724e+00
7.370000e+01	-6.796541e-02	4.403744e+00
7.373333e+01	-7.188779e-02	4.385211e+00
7.376667e+01	-7.166408e-02	4.386268e+00
7.380000e+01	-6.936161e-02	4.397147e+00
7.383333e+01	-6.762372e-02	4.405359e+00
7.386667e+01	-6.753230e-02	4.405790e+00
7.390000e+01	-6.844438e-02	4.401481e+00
7.393333e+01	-6.921425e-02	4.397843e+00
7.396667e+01	-6.929672e-02	4.397454e+00
74	-6.891868e-02	4.399240e+00
7.403333e+01	-6.857343e-02	4.400871e+00
7.406667e+01	-6.851956e-02	4.401126e+00
7.410000e+01	-6.867647e-02	4.400384e+00
7.413333e+01	-6.883133e-02	4.399653e+00
7.416667e+01	-6.908741e-02	4.398443e+00
7.420000e+01	-7.051519e-02	4.391697e+00
7.423333e+01	-7.479042e-02	4.371497e+00
7.426667e+01	-8.197796e-02	4.337537e+00
7.430000e+01	-8.923472e-02	4.303249e+00
7.433333e+01	-9.311147e-02	4.284932e+00
7.436667e+01	-9.259079e-02	4.287392e+00
7.440000e+01	-8.876503e-02	4.305469e+00
7.443333e+01	-8.269991e-02	4.334125e+00
7.446667e+01	-7.543496e-02	4.368451e+00
7.450000e+01	-6.913133e-02	4.398235e+00
7.453333e+01	-6.604875e-02	4.412800e+00
7.456667e+01	-6.642276e-02	4.411033e+00
7.460000e+01	-6.836045e-02	4.401878e+00
7.463333e+01	-6.972464e-02	4.395432e+00
7.466667e+01	-6.950766e-02	4.396457e+00
7.470000e+01	-6.725292e-02	4.407111e+00
7.473333e+01	-6.230515e-02	4.430488e+00
7.476667e+01	-5.506272e-02	4.464708e+00
7.480000e+01	-4.814951e-02	4.497372e+00
7.483333e+01	-4.457487e-02	4.514261e+00
7.486667e+01	-4.491072e-02	4.512675e+00
7.490000e+01	-4.710095e-02	4.502326e+00
7.493333e+01	-4.868584e-02	4.494838e+00
7.496667e+01	-4.872159e-02	4.494669e+00
75	-4.785402e-02	4.498768e+00
7.503333e+01	-4.715144e-02	4.502087e+00
7.506667e+01	-4.709631e-02	4.502348e+00
7.510000e+01	-4.745704e-02	4.500643e+00
7.513333e+01	-4.777284e-02	4.499151e+00
7.516667e+01	-4.781347e-02	4.498959e+00
7.520000e+01	-4.766314e-02	4.499670e+00
7.523333e+01	-4.752112e-02	4.500341e+00
7.526667e+01	-4.749596e-02	4.500460e+00
7.530000e+01	-4.755817e-02	4.500166e+00
7.533333e+01	-4.762177e-02	4.499865e+00
7.536667e+01	-4.763601e-02	4.499798e+00
7.540000e+01	-4.761049e-02	4.499918e+00
7.543333e+01	-4.758213e-02	4.500052e+00
7.546667e+01	-4.757451e-02	4.500088e+00
7.550000e+01	-4.758487e-02	4.500040e+00
7.553333e+01	-4.759746e-02	4.499980e+00
7.556667e+01	-4.760140e-02	4.499961e+00
7.560000e+01	-4.759723e-02	4.499981e+00
7.563333e+01	-4.759167e-02	4.500007e+00
7.566667e+01	-4.758969e-02	4.500017e+00
7.570000e+01	-4.759134e-02	4.500009e+00
7.573333e+01	-4.759379e-02	4.499997e+00
7.576667e+01	-4.759476e-02	4.499993e+00
7.580000e+01	-4.759412e-02	4.499996e+00
7.583333e+01	-4.759305e-02	4.500001e+00
7.586667e+01	-4.759258e-02	4.500003e+00
7.590000e+01	-4.759282e-02	4.500002e+00
7.593333e+01	-4.759329e-02	4.500000e+00
7.596667e+01	-4.759352e-02	4.499999e+00
76	-4.759342e-02	4.499999e+00
7.603333e+01	-4.759322e-02	4.500000e+00
7.606667e+01	-4.736852e-02	4.501062e+00
7.610000e+01	-4.587614e-02	4.508113e+00
7.613333e+01	-4.153181e-02	4.528639e+00
7.616667e+01	-3.432710e-02	4.562681e+00
7.620000e+01	-2.709671e-02	4.596843e+00
7.623333e+01	-2.325068e-02	4.615015e+00
7.626667e+01	-2.355577e-02	4.613574e+00
7.630000e+01	-2.587847e-02	4.602599e+00
7.633333e+01	-2.758557e-02	4.594534e+00
7.636667e+01	-2.764119e-02	4.594271e+00
7.640000e+01	-2.671867e-02	4.598630e+00
7.643333e+01	-2.596127e-02	4.602208e+00
7.646667e+01	-2.589464e-02	4.602523e+00
7.650000e+01	-2.627798e-02	4.600712e+00
7.653333e+01	-2.661825e-02	4.599104e+00
7.656667e+01	-2.666513e-02	4.598883e+00
7.660000e+01	-2.673018e-02	4.598575e+00
7.663333e+01	-2.806970e-02	4.592246e+00
7.666667e+01	-3.238569e-02	4.571854e+00
7.670000e+01	-3.965637e-02	4.537501e+00
7.673333e+01	-4.695518e-02	4.503015e+00
7.676667e+01	-5.081705e-02	4.484768e+00
7.680000e+01	-5.048494e-02	4.486337e+00
7.683333e+01	-4.813177e-02	4.497455e+00
7.686667e+01	-4.641624e-02	4.505561e+00
7.690000e+01	-4.637158e-02	4.505772e+00
7.693333e+01	-4.730761e-02	4.501350e+00
7.696667e+01	-4.806935e-02	4.497750e+00
77	-4.790698e-02	4.498518e+00
7.703333e+01	-4.602527e-02	4.507408e+00
7.706667e+01	-4.133841e-02	4.529553e+00
7.710000e+01	-3.408851e-02	4.563808e+00
7.713333e+01	-2.702029e-02	4.597205e+00
7.716667e+01	-2.332827e-02	4.614649e+00
7.720000e+01	-2.388572e-02	4.612015e+00
7.723333e+01	-2.763376e-02	4.594306e+00
7.726667e+01	-3.361632e-02	4.566039e+00
7.730000e+01	-4.063646e-02	4.532870e+00
7.733333e+01	-4.547942e-02	4.509988e+00
7.736667e+01	-4.425432e-02	4.515776e+00
7.740000e+01	-3.668617e-02	4.551534e+00
7.743333e+01	-2.750527e-02	4.594913e+00
7.746667e+01	-2.227882e-02	4.619607e+00
7.750000e+01	-2.257091e-02	4.618227e+00
7.753333e+01	-2.566105e-02	4.603627e+00
7.756667e+01	-2.797867e-02	4.592676e+00
7.760000e+01	-2.807464e-02	4.592223e+00
7.763333e+01	-2.683293e-02	4.598090e+00
7.766667e+01	-2.580104e-02	4.602965e+00
7.770000e+01	-2.570236e-02	4.603432e+00
7.773333e+01	-2.621894e-02	4.600991e+00
7.776667e+01	-2.668278e-02	4.598799e+00
7.780000e+01	-2.675015e-02	4.598481e+00
7.783333e+01	-2.653536e-02	4.599496e+00
7.786667e+01	-2.632706e-02	4.600480e+00
7.790000e+01	-2.628684e-02	4.600670e+00
7.793333e+01	-2.637547e-02	4.600251e+00
7.796667e+01	-2.646863e-02	4.599811e+00
78	-2.649090e-02	4.599706e+00
7.803333e+01	-2.645465e-02	4.599877e+00
7.806667e+01	-2.641319e-02	4.600073e+00
7.810000e+01	-2.662602e-02	4.599067e+00
7.813333e+01	-2.813310e-02	4.591947e+00
7.816667e+01	-3.249589e-02	4.571333e+00
7.820000e+01	-3.970667e-02	4.537263e+00
7.823333e+01	-4.693118e-02	4.503128e+00
7.826667e+01	-5.076907e-02	4.484995e+00
7.830000e+01	-5.046095e-02	4.486450e+00
7.833333e+01	-4.814057e-02	4.497414e+00
7.836667e+01	-4.643704e-02	4.505463e+00
7.840000e+01	-4.638291e-02	4.505719e+00
7.843333e+01	-4.730453e-02	4.501364e+00
7.846667e+01	-4.806037e-02	4.497793e+00
7.850000e+01	-4.812628e-02	4.497481e+00
7.853333e+01	-4.774328e-02	4.499291e+00
7.856667e+01	-4.740369e-02	4.500896e+00
7.860000e+01	-4.735715e-02	4.501115e+00
7.863333e+01	-4.751657e-02	4.500362e+00
7.866667e+01	-4.766917e-02	4.499641e+00
7.870000e+01	-4.769743e-02	4.499508e+00
7.873333e+01	-4.763155e-02	4.499819e+00
7.876667e+01	-4.756326e-02	4.500142e+00
7.880000e+01	-4.754745e-02	4.500216e+00
7.883333e+01	-4.757443e-02	4.500089e+00
7.886667e+01	-4.782945e-02	4.498884e+00
7.890000e+01	-4.933027e-02	4.491793e+00
7.893333e+01	-5.366374e-02	4.471318e+00
7.896667e+01	-6.085501e-02	4.437340e+00
79	-6.808108e-02	4.403198e+00
7.903333e+01	-7.193145e-02	4.385005e+00
7.906667e+01	-7.163229e-02	4.386419e+00
7.910000e+01	-6.931177e-02	4.397383e+00
7.913333e+01	-6.760294e-02	4.405457e+00
7.916667e+01	-6.754472e-02	4.405732e+00
7.920000e+01	-6.846617e-02	4.401378e+00
7.923333e+01	-6.922424e-02	4.397796e+00
7.926667e+01	-6.929201e-02	4.397476e+00
7.930000e+01	-6.890919e-02	4.399285e+00
7.933333e+01	-6.856866e-02	4.400894e+00
7.936667e+01	-6.852129e-02	4.401118e+00
7.940000e+01	-6.868059e-02	4.400365e+00
7.943333e+01	-6.883358e-02	4.399642e+00
7.946667e+01	-6.886221e-02	4.399507e+00
7.950000e+01	-6.879640e-02	4.399818e+00
7.953333e+01	-6.872795e-02	4.400141e+00
7.956667e+01	-6.871197e-02	4.400217e+00
7.960000e+01	-6.873891e-02	4.400089e+00
7.963333e+01	-6.876940e-02	4.399945e+00
7.966667e+01	-6.877789e-02	4.399905e+00
7.970000e+01	-6.876697e-02	4.399957e+00
7.973333e+01	-6.875345e-02	4.400021e+00
7.976667e+01	-6.874909e-02	4.400041e+00
7.980000e+01	-6.875347e-02	4.400021e+00
7.983333e+01	-6.875944e-02	4.399992e+00
7.986667e+01	-6.876162e-02	4.399982e+00
7.990000e+01	-6.875989e-02	4.399990e+00
7.993333e+01	-6.875727e-02	4.400003e+00
7.996667e+01	-6.875619e-02	4.400008e+00
80	-6.875687e-02	4.400005e+00
8.003333e+01	-6.875801e-02	4.399999e+00
8.006667e+01	-6.875853e-02	4.399997e+00
8.010000e+01	-6.875828e-02	4.399998e+00
8.013333e+01	-6.875778e-02	4.400000e+00
8.016667e+01	-6.875753e-02	4.400001e+00
8.020000e+01	-6.875762e-02	4.400001e+00
8.023333e+01	-6.875784e-02	4.400000e+00
8.026667e+01	-6.875796e-02	4.399999e+00
8.030000e+01	-6.875792e-02	4.400000e+00
8.033333e+01	-6.875783e-02	4.400000e+00
8.036667e+01	-6.875778e-02	4.400000e+00
8.040000e+01	-6.875779e-02	4.400000e+00
8.043333e+01	-6.875783e-02	4.400000e+00
8.046667e+01	-6.875785e-02	4.400000e+00
8.050000e+01	-6.875785e-02	4.400000e+00
8.053333e+01	-6.875783e-02	4.400000e+00
8.056667e+01	-6.875782e-02	4.400000e+00
8.060000e+01	-6.875782e-02	4.400000e+00
8.063333e+01	-6.875783e-02	4.400000e+00
8.066667e+01	-6.875783e-02	4.400000e+00
8.070000e+01	-6.875783e-02	4.400000e+00
8.073333e+01	-6.875783e-02	4.400000e+00
8.076667e+01	-6.875783e-02	4.400000e+00
8.080000e+01	-6.875783e-02	4.400000e+00
8.083333e+01	-6.875783e-02	4.400000e+00
8.086667e+01	-6.875783e-02	4.400000e+00
8.090000e+01	-6.875783e-02	4.400000e+00
8.093333e+01	-6.875783e-02	4.400000e+00
8.096667e+01	-6.875783e-02	4.400000e+00
81	-6.875783e-02	4.400000e+00
8.103333e+01	-6.875783e-02	4.400000e+00
8.106667e+01	-6.875783e-02	4.400000e+00
8.110000e+01	-6.875783e-02	4.400000e+00
8.113333e+01	-6.875783e-02	4.400000e+00
8.116667e+01	-6.875783e-02	4.400000e+00
8.120000e+01	-6.875783e-02	4.400000e+00
8.123333e+01	-6.875783e-02	4.400000e+00
8.126667e+01	-6.875783e-02	4.400000e+00
8.130000e+01	-6.875783e-02	4.400000e+00
8.133333e+01	-6.875783e-02	4.400000e+00
8.136667e+01	-6.875783e-02	4.400000e+00
8.140000e+01	-6.875783e-02	4.400000e+00
8.143333e+01	-6.875783e-02	4.400000e+00
8.146667e+01	-6.875783e-02	4.400000e+00
8.150000e+01	-6.875783e-02	4.400000e+00
8.153333e+01	-6.875783e-02	4.400000e+00
8.156667e+01	-6.875783e-02	4.400000e+00
8.160000e+01	-6.875783e-02	4.400000e+00
8.163333e+01	-6.875783e-02	4.400000e+00
8.166667e+01	-6.875783e-02	4.400000e+00
0	0	0
0	0	0
0	0	0
