0	6.518681e-03	4.028782e+00
3.333333e-02	1.524137e-02	4.063697e+00
6.666667e-02	2.551976e-02	4.104838e+00
1.000000e-01	3.520075e-02	4.143588e+00
1.333333e-01	4.336592e-02	4.176270e+00
1.666667e-01	4.919446e-02	4.199600e+00
2.000000e-01	5.191701e-02	4.210498e+00
2.333333e-01	5.219770e-02	4.211621e+00
2.666667e-01	5.210660e-02	4.211257e+00
3.000000e-01	5.340688e-02	4.216461e+00
3.333333e-01	5.629726e-02	4.228031e+00
3.666667e-01	5.977318e-02	4.241944e+00
4.000000e-01	6.282817e-02	4.254172e+00
4.333333e-01	6.521153e-02	4.263712e+00
4.666667e-01	6.730159e-02	4.272077e+00
5.000000e-01	6.954473e-02	4.281056e+00
5.333333e-01	7.207716e-02	4.291193e+00
5.666667e-01	7.474947e-02	4.301889e+00
6.000000e-01	7.736522e-02	4.312359e+00
6.333333e-01	7.985563e-02	4.322327e+00
6.666667e-01	8.227989e-02	4.332031e+00
7.000000e-01	8.472436e-02	4.341815e+00
7.333333e-01	8.722299e-02	4.351817e+00
7.666667e-01	8.975267e-02	4.361942e+00
8.000000e-01	9.227555e-02	4.372040e+00
8.333333e-01	9.474861e-02	4.381939e+00
8.666667e-01	9.729617e-02	4.392136e+00
9.000000e-01	1.008295e-01	4.406279e+00
9.333333e-01	1.068890e-01	4.430533e+00
9.666667e-01	1.157431e-01	4.465974e+00
1	1.256696e-01	4.505707e+00
1.033333e+00	1.349994e-01	4.543051e+00
1.066667e+00	1.430767e-01	4.575382e+00
1.100000e+00	1.490042e-01	4.599108e+00
1.133333e+00	1.516717e-01	4.609785e+00
1.166667e+00	1.512810e-01	4.608221e+00
1.200000e+00	1.495741e-01	4.601389e+00
1.233333e+00	1.483902e-01	4.596650e+00
1.266667e+00	1.483851e-01	4.596630e+00
1.300000e+00	1.490435e-01	4.599265e+00
1.333333e+00	1.495637e-01	4.601347e+00
1.366667e+00	1.495962e-01	4.601477e+00
1.400000e+00	1.493233e-01	4.600385e+00
1.433333e+00	1.490898e-01	4.599450e+00
1.466667e+00	1.490634e-01	4.599345e+00
1.500000e+00	1.491774e-01	4.599801e+00
1.533333e+00	1.492825e-01	4.600222e+00
1.566667e+00	1.492995e-01	4.600290e+00
1.600000e+00	1.492523e-01	4.600101e+00
1.633333e+00	1.492051e-01	4.599912e+00
1.666667e+00	1.491952e-01	4.599872e+00
1.700000e+00	1.494798e-01	4.601011e+00
1.733333e+00	1.512625e-01	4.608147e+00
1.766667e+00	1.563962e-01	4.628695e+00
1.800000e+00	1.648929e-01	4.662705e+00
1.833333e+00	1.736836e-01	4.697892e+00
1.866667e+00	1.799824e-01	4.723104e+00
1.900000e+00	1.847537e-01	4.742202e+00
1.933333e+00	1.905207e-01	4.765285e+00
1.966667e+00	1.970419e-01	4.791388e+00
2	2.015149e-01	4.809292e+00
2.033333e+00	2.022419e-01	4.812202e+00
2.066667e+00	2.003935e-01	4.804803e+00
2.100000e+00	1.984575e-01	4.797054e+00
2.133333e+00	1.979402e-01	4.794983e+00
2.166667e+00	1.986279e-01	4.797736e+00
2.200000e+00	1.994664e-01	4.801092e+00
2.233333e+00	1.999981e-01	4.803221e+00
2.266667e+00	2.014876e-01	4.809183e+00
2.300000e+00	2.062478e-01	4.828236e+00
2.333333e+00	2.146195e-01	4.861745e+00
2.366667e+00	2.232621e-01	4.896339e+00
2.400000e+00	2.279637e-01	4.915158e+00
2.433333e+00	2.276688e-01	4.913978e+00
2.466667e+00	2.251503e-01	4.903897e+00
2.500000e+00	2.245610e-01	4.901538e+00
2.533333e+00	2.278303e-01	4.914624e+00
2.566667e+00	2.323116e-01	4.932561e+00
2.600000e+00	2.332668e-01	4.936385e+00
2.633333e+00	2.291004e-01	4.919708e+00
2.666667e+00	2.219803e-01	4.891208e+00
2.700000e+00	2.137903e-01	4.858426e+00
2.733333e+00	2.044532e-01	4.821053e+00
2.766667e+00	1.946916e-01	4.781980e+00
2.800000e+00	1.881161e-01	4.755661e+00
2.833333e+00	1.885531e-01	4.757410e+00
2.866667e+00	1.961577e-01	4.787848e+00
2.900000e+00	2.075867e-01	4.833595e+00
2.933333e+00	2.185691e-01	4.877555e+00
2.966667e+00	2.256668e-01	4.905964e+00
3	2.273788e-01	4.912817e+00
3.033333e+00	2.240266e-01	4.899399e+00
3.066667e+00	2.166440e-01	4.869849e+00
3.100000e+00	2.072136e-01	4.832102e+00
3.133333e+00	1.991911e-01	4.799990e+00
3.166667e+00	1.955682e-01	4.785489e+00
3.200000e+00	1.960883e-01	4.787571e+00
3.233333e+00	1.968767e-01	4.790726e+00
3.266667e+00	1.936338e-01	4.777746e+00
3.300000e+00	1.867564e-01	4.750218e+00
3.333333e+00	1.823312e-01	4.732505e+00
3.366667e+00	1.855729e-01	4.745481e+00
3.400000e+00	1.944835e-01	4.781147e+00
3.433333e+00	2.011327e-01	4.807762e+00
3.466667e+00	1.963339e-01	4.788554e+00
3.500000e+00	1.749178e-01	4.702832e+00
3.533333e+00	1.427428e-01	4.574045e+00
3.566667e+00	1.167947e-01	4.470183e+00
3.600000e+00	1.134522e-01	4.456804e+00
3.633333e+00	1.362397e-01	4.548015e+00
3.666667e+00	1.729082e-01	4.694788e+00
3.700000e+00	2.034437e-01	4.817012e+00
3.733333e+00	2.146894e-01	4.862025e+00
3.766667e+00	2.089214e-01	4.838938e+00
3.800000e+00	1.983580e-01	4.796656e+00
3.833333e+00	1.931635e-01	4.775864e+00
3.866667e+00	1.949831e-01	4.783147e+00
3.900000e+00	1.993482e-01	4.800619e+00
3.933333e+00	2.017321e-01	4.810161e+00
3.966667e+00	2.010986e-01	4.807625e+00
4	1.992277e-01	4.800137e+00
4.033333e+00	1.981201e-01	4.795703e+00
4.066667e+00	1.983275e-01	4.796533e+00
4.100000e+00	1.991308e-01	4.799749e+00
4.133333e+00	1.996445e-01	4.801805e+00
4.166667e+00	1.995855e-01	4.801569e+00
4.200000e+00	1.992422e-01	4.800195e+00
4.233333e+00	1.992706e-01	4.800308e+00
4.266667e+00	2.007787e-01	4.806345e+00
4.300000e+00	2.042912e-01	4.820404e+00
4.333333e+00	2.077761e-01	4.834353e+00
4.366667e+00	2.078075e-01	4.834479e+00
4.400000e+00	2.032206e-01	4.816119e+00
4.433333e+00	1.947478e-01	4.782205e+00
4.466667e+00	1.821064e-01	4.731606e+00
4.500000e+00	1.655845e-01	4.665474e+00
4.533333e+00	1.487248e-01	4.597989e+00
4.566667e+00	1.356740e-01	4.545751e+00
4.600000e+00	1.276840e-01	4.513769e+00
4.633333e+00	1.238071e-01	4.498251e+00
4.666667e+00	1.224994e-01	4.493017e+00
4.700000e+00	1.212845e-01	4.488154e+00
4.733333e+00	1.170709e-01	4.471289e+00
4.766667e+00	1.090379e-01	4.439135e+00
4.800000e+00	1.004016e-01	4.404567e+00
4.833333e+00	9.552881e-02	4.385062e+00
4.866667e+00	9.542123e-02	4.384632e+00
4.900000e+00	9.643114e-02	4.388674e+00
4.933333e+00	9.345673e-02	4.376768e+00
4.966667e+00	8.510929e-02	4.343356e+00
5	7.547746e-02	4.304803e+00
5.033333e+00	6.971929e-02	4.281755e+00
5.066667e+00	6.819715e-02	4.275662e+00
5.100000e+00	6.626421e-02	4.267925e+00
5.133333e+00	5.993626e-02	4.242596e+00
5.166667e+00	4.977981e-02	4.201943e+00
5.200000e+00	3.883501e-02	4.158135e+00
5.233333e+00	2.960538e-02	4.121191e+00
5.266667e+00	2.369132e-02	4.097519e+00
5.300000e+00	2.169607e-02	4.089533e+00
5.333333e+00	2.260873e-02	4.093186e+00
5.366667e+00	2.433956e-02	4.100114e+00
5.400000e+00	2.524094e-02	4.103722e+00
5.433333e+00	2.500964e-02	4.102796e+00
5.466667e+00	2.432790e-02	4.100067e+00
5.500000e+00	2.419103e-02	4.099519e+00
5.533333e+00	2.602688e-02	4.106868e+00
5.566667e+00	3.144397e-02	4.128550e+00
5.600000e+00	4.013295e-02	4.163330e+00
5.633333e+00	4.864634e-02	4.197406e+00
5.666667e+00	5.306283e-02	4.215084e+00
5.700000e+00	5.261782e-02	4.213303e+00
5.733333e+00	4.988045e-02	4.202346e+00
5.766667e+00	4.791784e-02	4.194490e+00
5.800000e+00	4.789106e-02	4.194383e+00
5.833333e+00	4.898036e-02	4.198743e+00
5.866667e+00	5.011734e-02	4.203294e+00
5.900000e+00	5.193997e-02	4.210590e+00
5.933333e+00	5.661457e-02	4.229301e+00
5.966667e+00	6.472691e-02	4.261772e+00
6	7.321451e-02	4.295745e+00
6.033333e+00	7.794367e-02	4.314674e+00
6.066667e+00	7.776010e-02	4.313940e+00
6.100000e+00	7.504827e-02	4.303085e+00
6.133333e+00	7.321988e-02	4.295767e+00
6.166667e+00	7.483677e-02	4.302238e+00
6.200000e+00	8.103685e-02	4.327055e+00
6.233333e+00	9.046779e-02	4.364805e+00
6.266667e+00	9.911667e-02	4.399423e+00
6.300000e+00	1.032133e-01	4.415821e+00
6.333333e+00	1.024384e-01	4.412719e+00
6.366667e+00	9.986280e-02	4.402410e+00
6.400000e+00	9.960749e-02	4.401388e+00
6.433333e+00	1.043160e-01	4.420235e+00
6.466667e+00	1.130410e-01	4.455158e+00
6.500000e+00	1.213895e-01	4.488574e+00
6.533333e+00	1.250707e-01	4.503309e+00
6.566667e+00	1.234499e-01	4.496822e+00
6.600000e+00	1.193524e-01	4.480421e+00
6.633333e+00	1.160185e-01	4.467076e+00
6.666667e+00	1.146660e-01	4.461663e+00
6.700000e+00	1.144594e-01	4.460836e+00
6.733333e+00	1.140336e-01	4.459131e+00
6.766667e+00	1.127809e-01	4.454117e+00
6.800000e+00	1.110033e-01	4.447002e+00
6.833333e+00	1.092884e-01	4.440137e+00
6.866667e+00	1.079254e-01	4.434682e+00
6.900000e+00	1.068038e-01	4.430192e+00
6.933333e+00	1.056689e-01	4.425650e+00
6.966667e+00	1.043844e-01	4.420509e+00
7	1.029895e-01	4.414925e+00
7.033333e+00	1.016078e-01	4.409395e+00
7.066667e+00	1.003821e-01	4.404489e+00
7.100000e+00	9.947671e-02	4.400864e+00
7.133333e+00	9.902202e-02	4.399044e+00
7.166667e+00	9.898992e-02	4.398916e+00
7.200000e+00	9.917398e-02	4.399653e+00
7.233333e+00	9.907134e-02	4.399242e+00
7.266667e+00	9.733896e-02	4.392308e+00
7.300000e+00	9.214422e-02	4.371515e+00
7.333333e+00	8.357129e-02	4.337200e+00
7.366667e+00	7.502081e-02	4.302975e+00
7.400000e+00	7.050781e-02	4.284911e+00
7.433333e+00	7.089804e-02	4.286473e+00
7.466667e+00	7.364794e-02	4.297480e+00
7.500000e+00	7.565209e-02	4.305502e+00
7.533333e+00	7.570440e-02	4.305711e+00
7.566667e+00	7.461125e-02	4.301336e+00
7.600000e+00	7.372160e-02	4.297775e+00
7.633333e+00	7.364884e-02	4.297484e+00
7.666667e+00	7.410345e-02	4.299303e+00
7.700000e+00	7.450337e-02	4.300904e+00
7.733333e+00	7.455611e-02	4.301115e+00
7.766667e+00	7.436674e-02	4.300357e+00
7.800000e+00	7.418694e-02	4.299637e+00
7.833333e+00	7.415453e-02	4.299508e+00
7.866667e+00	7.449797e-02	4.300882e+00
7.900000e+00	7.634015e-02	4.308256e+00
7.933333e+00	8.148666e-02	4.328856e+00
7.966667e+00	8.995922e-02	4.362769e+00
8	9.845827e-02	4.396788e+00
8.033333e+00	1.029884e-01	4.414921e+00
8.066667e+00	1.026413e-01	4.413531e+00
8.100000e+00	1.001806e-01	4.403682e+00
8.133333e+00	9.993217e-02	4.402688e+00
8.166667e+00	1.049896e-01	4.422931e+00
8.200000e+00	1.145762e-01	4.461303e+00
8.233333e+00	1.240026e-01	4.499034e+00
8.266667e+00	1.286232e-01	4.517529e+00
8.300000e+00	1.278136e-01	4.514288e+00
8.333333e+00	1.246715e-01	4.501711e+00
8.366667e+00	1.226002e-01	4.493421e+00
8.400000e+00	1.224565e-01	4.492845e+00
8.433333e+00	1.219636e-01	4.490873e+00
8.466667e+00	1.177633e-01	4.474060e+00
8.500000e+00	1.092600e-01	4.440024e+00
8.533333e+00	1.001921e-01	4.403728e+00
8.566667e+00	9.523169e-02	4.383873e+00
8.600000e+00	9.556813e-02	4.385220e+00
8.633333e+00	9.853406e-02	4.397091e+00
8.666667e+00	1.007396e-01	4.405920e+00
8.700000e+00	1.008260e-01	4.406265e+00
8.733333e+00	9.964335e-02	4.401531e+00
8.766667e+00	9.866339e-02	4.397609e+00
8.800000e+00	9.857113e-02	4.397240e+00
8.833333e+00	9.906251e-02	4.399207e+00
8.866667e+00	9.950272e-02	4.400969e+00
8.900000e+00	9.956600e-02	4.401222e+00
8.933333e+00	9.909654e-02	4.399343e+00
8.966667e+00	9.713717e-02	4.391500e+00
9	9.197104e-02	4.370822e+00
9.033333e+00	8.355071e-02	4.337118e+00
9.066667e+00	7.510421e-02	4.303309e+00
9.100000e+00	7.058533e-02	4.285221e+00
9.133333e+00	7.091099e-02	4.286525e+00
9.166667e+00	7.361339e-02	4.297342e+00
9.200000e+00	7.561736e-02	4.305363e+00
9.233333e+00	7.569697e-02	4.305682e+00
9.266667e+00	7.462546e-02	4.301393e+00
9.300000e+00	7.373709e-02	4.297837e+00
9.333333e+00	7.365286e-02	4.297500e+00
9.366667e+00	7.383254e-02	4.298219e+00
9.400000e+00	7.246968e-02	4.292764e+00
9.433333e+00	6.739897e-02	4.272467e+00
9.466667e+00	5.870935e-02	4.237685e+00
9.500000e+00	4.999534e-02	4.202806e+00
9.533333e+00	4.542105e-02	4.184496e+00
9.566667e+00	4.585755e-02	4.186244e+00
9.600000e+00	4.867940e-02	4.197539e+00
9.633333e+00	5.071357e-02	4.205681e+00
9.666667e+00	5.048286e-02	4.204757e+00
9.700000e+00	4.759657e-02	4.193204e+00
9.733333e+00	4.182930e-02	4.170120e+00
9.766667e+00	3.502031e-02	4.142865e+00
9.800000e+00	3.208194e-02	4.131104e+00
9.833333e+00	3.645353e-02	4.148602e+00
9.866667e+00	4.539889e-02	4.184408e+00
9.900000e+00	5.222013e-02	4.211711e+00
9.933333e+00	5.193032e-02	4.210551e+00
9.966667e+00	4.435952e-02	4.180247e+00
10	3.459335e-02	4.141157e+00
1.003333e+01	3.030902e-02	4.124008e+00
1.006667e+01	3.530209e-02	4.143993e+00
1.010000e+01	4.551052e-02	4.184855e+00
1.013333e+01	5.323590e-02	4.215777e+00
1.016667e+01	5.448398e-02	4.220773e+00
1.020000e+01	5.123137e-02	4.207753e+00
1.023333e+01	4.790775e-02	4.194450e+00
1.026667e+01	4.710786e-02	4.191248e+00
1.030000e+01	4.837104e-02	4.196304e+00
1.033333e+01	4.982472e-02	4.202123e+00
1.036667e+01	5.024344e-02	4.203799e+00
1.040000e+01	4.973579e-02	4.201767e+00
1.043333e+01	4.909423e-02	4.199199e+00
1.046667e+01	4.888156e-02	4.198348e+00
1.050000e+01	4.908441e-02	4.199160e+00
1.053333e+01	4.936724e-02	4.200292e+00
1.056667e+01	4.947314e-02	4.200716e+00
1.060000e+01	4.939327e-02	4.200396e+00
1.063333e+01	4.926907e-02	4.199899e+00
1.066667e+01	4.921725e-02	4.199691e+00
1.070000e+01	4.924812e-02	4.199815e+00
1.073333e+01	4.930242e-02	4.200032e+00
1.076667e+01	4.932742e-02	4.200132e+00
1.080000e+01	4.931576e-02	4.200086e+00
1.083333e+01	4.929213e-02	4.199991e+00
1.086667e+01	4.928022e-02	4.199943e+00
1.090000e+01	4.928448e-02	4.199961e+00
1.093333e+01	4.929472e-02	4.200002e+00
1.096667e+01	4.930034e-02	4.200024e+00
11	4.929885e-02	4.200018e+00
1.103333e+01	4.929443e-02	4.200000e+00
1.106667e+01	4.929181e-02	4.199990e+00
1.110000e+01	4.929229e-02	4.199992e+00
1.113333e+01	4.929418e-02	4.199999e+00
1.116667e+01	4.929540e-02	4.200004e+00
1.120000e+01	4.929527e-02	4.200004e+00
1.123333e+01	4.929446e-02	4.200000e+00
1.126667e+01	4.929390e-02	4.199998e+00
1.130000e+01	4.929392e-02	4.199998e+00
1.133333e+01	4.929427e-02	4.200000e+00
1.136667e+01	4.929452e-02	4.200001e+00
1.140000e+01	4.929453e-02	4.200001e+00
1.143333e+01	4.929438e-02	4.200000e+00
1.146667e+01	4.929426e-02	4.200000e+00
1.150000e+01	4.929426e-02	4.200000e+00
1.153333e+01	4.929432e-02	4.200000e+00
1.156667e+01	4.929437e-02	4.200000e+00
1.160000e+01	4.929438e-02	4.200000e+00
1.163333e+01	4.929435e-02	4.200000e+00
1.166667e+01	4.929433e-02	4.200000e+00
1.170000e+01	4.929432e-02	4.200000e+00
1.173333e+01	4.929433e-02	4.200000e+00
1.176667e+01	4.929434e-02	4.200000e+00
1.180000e+01	4.929435e-02	4.200000e+00
1.183333e+01	4.929434e-02	4.200000e+00
1.186667e+01	4.929434e-02	4.200000e+00
1.190000e+01	4.929434e-02	4.200000e+00
1.193333e+01	4.929434e-02	4.200000e+00
1.196667e+01	4.929434e-02	4.200000e+00
12	4.929434e-02	4.200000e+00
1.203333e+01	4.929434e-02	4.200000e+00
1.206667e+01	4.902922e-02	4.198939e+00
1.210000e+01	4.726754e-02	4.191887e+00
1.213333e+01	4.213929e-02	4.171361e+00
1.216667e+01	3.363462e-02	4.137319e+00
1.220000e+01	2.509970e-02	4.103156e+00
1.223333e+01	2.029468e-02	4.083923e+00
1.226667e+01	1.889316e-02	4.078314e+00
1.230000e+01	1.650668e-02	4.068761e+00
1.233333e+01	1.001710e-02	4.042785e+00
1.236667e+01	1.547812e-03	4.008885e+00
1.240000e+01	-4.081043e-03	3.986355e+00
1.243333e+01	-5.145173e-03	3.982096e+00
1.246667e+01	-6.005412e-03	3.978652e+00
1.250000e+01	-1.405944e-02	3.946414e+00
1.253333e+01	-3.236316e-02	3.873150e+00
1.256667e+01	-5.532976e-02	3.781222e+00
1.260000e+01	-7.250005e-02	3.712495e+00
1.263333e+01	-7.720720e-02	3.693654e+00
1.266667e+01	-7.246819e-02	3.712622e+00
1.270000e+01	-6.756812e-02	3.732236e+00
1.273333e+01	-6.855401e-02	3.728290e+00
1.276667e+01	-7.378647e-02	3.707346e+00
1.280000e+01	-7.810289e-02	3.690068e+00
1.283333e+01	-7.895711e-02	3.686649e+00
1.286667e+01	-7.869053e-02	3.687716e+00
1.290000e+01	-8.184582e-02	3.675087e+00
1.293333e+01	-8.994752e-02	3.642658e+00
1.296667e+01	-9.929961e-02	3.605224e+00
13	-1.047174e-01	3.583539e+00
1.303333e+01	-1.045789e-01	3.584093e+00
1.306667e+01	-1.015053e-01	3.596396e+00
1.310000e+01	-9.910052e-02	3.606021e+00
1.313333e+01	-9.891919e-02	3.606747e+00
1.316667e+01	-1.001420e-01	3.601853e+00
1.320000e+01	-1.012084e-01	3.597584e+00
1.323333e+01	-1.013457e-01	3.597034e+00
1.326667e+01	-1.008399e-01	3.599059e+00
1.330000e+01	-1.003623e-01	3.600971e+00
1.333333e+01	-1.002779e-01	3.601309e+00
1.336667e+01	-1.004871e-01	3.600471e+00
1.340000e+01	-1.007009e-01	3.599616e+00
1.343333e+01	-1.007487e-01	3.599424e+00
1.346667e+01	-1.006628e-01	3.599768e+00
1.350000e+01	-1.008326e-01	3.599088e+00
1.353333e+01	-1.025687e-01	3.592139e+00
1.356667e+01	-1.077318e-01	3.571473e+00
1.360000e+01	-1.162788e-01	3.537262e+00
1.363333e+01	-1.248269e-01	3.503046e+00
1.366667e+01	-1.293528e-01	3.484931e+00
1.370000e+01	-1.289740e-01	3.486447e+00
1.373333e+01	-1.262256e-01	3.497448e+00
1.376667e+01	-1.242160e-01	3.505492e+00
1.380000e+01	-1.241586e-01	3.505722e+00
1.383333e+01	-1.252508e-01	3.501350e+00
1.386667e+01	-1.261427e-01	3.497780e+00
1.390000e+01	-1.262178e-01	3.497479e+00
1.393333e+01	-1.257637e-01	3.499297e+00
1.396667e+01	-1.253628e-01	3.500901e+00
14	-1.253091e-01	3.501117e+00
1.403333e+01	-1.254982e-01	3.500360e+00
1.406667e+01	-1.256783e-01	3.499639e+00
1.410000e+01	-1.257112e-01	3.499507e+00
1.413333e+01	-1.256330e-01	3.499820e+00
1.416667e+01	-1.255524e-01	3.500143e+00
1.420000e+01	-1.255339e-01	3.500217e+00
1.423333e+01	-1.253008e-01	3.501150e+00
1.426667e+01	-1.235751e-01	3.508057e+00
1.430000e+01	-1.184567e-01	3.528545e+00
1.433333e+01	-1.099390e-01	3.562638e+00
1.436667e+01	-1.013882e-01	3.596865e+00
1.440000e+01	-9.684319e-02	3.615057e+00
1.443333e+01	-9.720857e-02	3.613594e+00
1.446667e+01	-9.995737e-02	3.602592e+00
1.450000e+01	-1.019750e-01	3.594516e+00
1.453333e+01	-1.020386e-01	3.594261e+00
1.456667e+01	-1.006814e-01	3.599694e+00
1.460000e+01	-9.802442e-02	3.610329e+00
1.463333e+01	-9.281833e-02	3.631167e+00
1.466667e+01	-8.476752e-02	3.663392e+00
1.470000e+01	-7.663486e-02	3.695944e+00
1.473333e+01	-7.214999e-02	3.713896e+00
1.476667e+01	-7.232123e-02	3.713211e+00
1.480000e+01	-7.488223e-02	3.702960e+00
1.483333e+01	-7.686389e-02	3.695028e+00
1.486667e+01	-7.700760e-02	3.694453e+00
1.490000e+01	-7.599954e-02	3.698487e+00
1.493333e+01	-7.512420e-02	3.701991e+00
1.496667e+01	-7.527869e-02	3.701373e+00
15	-7.745684e-02	3.692654e+00
1.503333e+01	-8.297679e-02	3.670560e+00
1.506667e+01	-9.154977e-02	3.636245e+00
1.510000e+01	-9.991234e-02	3.602772e+00
1.513333e+01	-1.042769e-01	3.585302e+00
1.516667e+01	-1.038780e-01	3.586899e+00
1.520000e+01	-1.012070e-01	3.597590e+00
1.523333e+01	-9.927007e-02	3.605343e+00
1.526667e+01	-9.949036e-02	3.604461e+00
1.530000e+01	-1.023122e-01	3.593166e+00
1.533333e+01	-1.082998e-01	3.569199e+00
1.536667e+01	-1.168724e-01	3.534886e+00
1.540000e+01	-1.249664e-01	3.502488e+00
1.543333e+01	-1.291199e-01	3.485863e+00
1.546667e+01	-1.287099e-01	3.487504e+00
1.550000e+01	-1.261518e-01	3.497743e+00
1.553333e+01	-1.243105e-01	3.505114e+00
1.556667e+01	-1.242757e-01	3.505253e+00
1.560000e+01	-1.252886e-01	3.501198e+00
1.563333e+01	-1.261049e-01	3.497931e+00
1.566667e+01	-1.261661e-01	3.497686e+00
1.570000e+01	-1.257448e-01	3.499373e+00
1.573333e+01	-1.253778e-01	3.500842e+00
1.576667e+01	-1.253318e-01	3.501026e+00
1.580000e+01	-1.255075e-01	3.500323e+00
1.583333e+01	-1.256725e-01	3.499662e+00
1.586667e+01	-1.257013e-01	3.499547e+00
1.590000e+01	-1.256285e-01	3.499838e+00
1.593333e+01	-1.255546e-01	3.500134e+00
1.596667e+01	-1.258034e-01	3.499138e+00
16	-1.275949e-01	3.491967e+00
1.603333e+01	-1.327561e-01	3.471308e+00
1.606667e+01	-1.412696e-01	3.437232e+00
1.610000e+01	-1.497924e-01	3.403118e+00
1.613333e+01	-1.543176e-01	3.385004e+00
1.616667e+01	-1.539529e-01	3.386464e+00
1.620000e+01	-1.512160e-01	3.397419e+00
1.623333e+01	-1.492074e-01	3.405459e+00
1.626667e+01	-1.491441e-01	3.405713e+00
1.630000e+01	-1.502311e-01	3.401362e+00
1.633333e+01	-1.511223e-01	3.397794e+00
1.636667e+01	-1.511998e-01	3.397484e+00
1.640000e+01	-1.507481e-01	3.399292e+00
1.643333e+01	-1.503476e-01	3.400895e+00
1.646667e+01	-1.502929e-01	3.401114e+00
1.650000e+01	-1.504809e-01	3.400362e+00
1.653333e+01	-1.506608e-01	3.399641e+00
1.656667e+01	-1.506610e-01	3.399641e+00
1.660000e+01	-1.503299e-01	3.400966e+00
1.663333e+01	-1.493550e-01	3.404868e+00
1.666667e+01	-1.473789e-01	3.412778e+00
1.670000e+01	-1.443864e-01	3.424756e+00
1.673333e+01	-1.408305e-01	3.438989e+00
1.676667e+01	-1.372936e-01	3.453146e+00
1.680000e+01	-1.340766e-01	3.466023e+00
1.683333e+01	-1.311085e-01	3.477903e+00
1.686667e+01	-1.281594e-01	3.489708e+00
1.690000e+01	-1.250845e-01	3.502016e+00
1.693333e+01	-1.218997e-01	3.514763e+00
1.696667e+01	-1.187005e-01	3.527569e+00
17	-1.155533e-01	3.540166e+00
1.703333e+01	-1.124553e-01	3.552566e+00
1.706667e+01	-1.093661e-01	3.564932e+00
1.710000e+01	-1.062885e-01	3.577250e+00
1.713333e+01	-1.034091e-01	3.588776e+00
1.716667e+01	-1.009006e-01	3.598816e+00
1.720000e+01	-9.796753e-02	3.610556e+00
1.723333e+01	-9.274455e-02	3.631462e+00
1.726667e+01	-8.471527e-02	3.663601e+00
1.730000e+01	-7.634202e-02	3.697117e+00
1.733333e+01	-7.012016e-02	3.722021e+00
1.736667e+01	-6.517854e-02	3.741801e+00
1.740000e+01	-5.897022e-02	3.766651e+00
1.743333e+01	-5.064645e-02	3.799968e+00
1.746667e+01	-4.111413e-02	3.838123e+00
1.750000e+01	-3.196011e-02	3.874764e+00
1.753333e+01	-2.529493e-02	3.901442e+00
1.756667e+01	-2.266298e-02	3.911977e+00
1.760000e+01	-2.350608e-02	3.908602e+00
1.763333e+01	-2.554925e-02	3.900424e+00
1.766667e+01	-2.673706e-02	3.895670e+00
1.770000e+01	-2.655127e-02	3.896414e+00
1.773333e+01	-2.573998e-02	3.899661e+00
1.776667e+01	-2.520953e-02	3.901784e+00
1.780000e+01	-2.525720e-02	3.901593e+00
1.783333e+01	-2.559936e-02	3.900224e+00
1.786667e+01	-2.584105e-02	3.899256e+00
1.790000e+01	-2.583396e-02	3.899285e+00
1.793333e+01	-2.568881e-02	3.899866e+00
1.796667e+01	-2.557846e-02	3.900307e+00
18	-2.557529e-02	3.900320e+00
1.803333e+01	-2.563655e-02	3.900075e+00
1.806667e+01	-2.568670e-02	3.899874e+00
1.810000e+01	-2.569087e-02	3.899857e+00
1.813333e+01	-2.566519e-02	3.899960e+00
1.816667e+01	-2.564251e-02	3.900051e+00
1.820000e+01	-2.563947e-02	3.900063e+00
1.823333e+01	-2.565016e-02	3.900020e+00
1.826667e+01	-2.566036e-02	3.899980e+00
1.830000e+01	-2.566223e-02	3.899972e+00
1.833333e+01	-2.565781e-02	3.899990e+00
1.836667e+01	-2.565324e-02	3.900008e+00
1.840000e+01	-2.565219e-02	3.900012e+00
1.843333e+01	-2.565400e-02	3.900005e+00
1.846667e+01	-2.565604e-02	3.899997e+00
1.850000e+01	-2.565660e-02	3.899995e+00
1.853333e+01	-2.565586e-02	3.899998e+00
1.856667e+01	-2.565496e-02	3.900001e+00
1.860000e+01	-2.565467e-02	3.900002e+00
1.863333e+01	-2.565497e-02	3.900001e+00
1.866667e+01	-2.565537e-02	3.900000e+00
1.870000e+01	-2.565551e-02	3.899999e+00
1.873333e+01	-2.565539e-02	3.899999e+00
1.876667e+01	-2.565522e-02	3.900000e+00
1.880000e+01	-2.539003e-02	3.901062e+00
1.883333e+01	-2.362839e-02	3.908113e+00
1.886667e+01	-1.850022e-02	3.928639e+00
1.890000e+01	-9.730463e-03	3.963742e+00
1.893333e+01	5.661550e-04	4.004956e+00
1.896667e+01	1.049945e-02	4.044716e+00
19	2.040566e-02	4.084368e+00
1.903333e+01	3.132706e-02	4.128083e+00
1.906667e+01	4.235652e-02	4.172230e+00
1.910000e+01	5.046564e-02	4.204688e+00
1.913333e+01	5.335273e-02	4.216244e+00
1.916667e+01	5.187154e-02	4.210316e+00
1.920000e+01	4.914279e-02	4.199393e+00
1.923333e+01	4.776415e-02	4.193875e+00
1.926667e+01	4.819090e-02	4.195583e+00
1.930000e+01	4.930317e-02	4.200035e+00
1.933333e+01	4.993305e-02	4.202557e+00
1.936667e+01	4.979052e-02	4.201986e+00
1.940000e+01	4.931622e-02	4.200088e+00
1.943333e+01	4.902508e-02	4.198922e+00
1.946667e+01	4.906946e-02	4.199100e+00
1.950000e+01	4.927258e-02	4.199913e+00
1.953333e+01	4.940712e-02	4.200451e+00
1.956667e+01	4.939587e-02	4.200406e+00
1.960000e+01	4.930927e-02	4.200060e+00
1.963333e+01	4.924746e-02	4.199812e+00
1.966667e+01	4.924872e-02	4.199817e+00
1.970000e+01	4.928544e-02	4.199964e+00
1.973333e+01	4.931368e-02	4.200077e+00
1.976667e+01	4.957985e-02	4.201143e+00
1.980000e+01	5.132605e-02	4.208132e+00
1.983333e+01	5.644148e-02	4.228608e+00
1.986667e+01	6.494498e-02	4.262645e+00
1.990000e+01	7.348639e-02	4.296833e+00
1.993333e+01	7.803208e-02	4.315028e+00
1.996667e+01	7.740762e-02	4.312529e+00
20	7.290148e-02	4.294492e+00
2.003333e+01	6.575554e-02	4.265889e+00
2.006667e+01	5.718473e-02	4.231583e+00
2.010000e+01	4.947476e-02	4.200722e+00
2.013333e+01	4.406840e-02	4.179082e+00
2.016667e+01	3.937923e-02	4.160313e+00
2.020000e+01	3.316337e-02	4.135433e+00
2.023333e+01	2.624136e-02	4.107726e+00
2.026667e+01	2.171162e-02	4.089595e+00
2.030000e+01	2.117134e-02	4.087432e+00
2.033333e+01	2.319976e-02	4.095551e+00
2.036667e+01	2.543494e-02	4.104498e+00
2.040000e+01	2.763687e-02	4.113312e+00
2.043333e+01	3.199696e-02	4.130764e+00
2.046667e+01	3.964412e-02	4.161373e+00
2.050000e+01	4.794397e-02	4.194595e+00
2.053333e+01	5.279191e-02	4.214000e+00
2.056667e+01	5.280985e-02	4.214071e+00
2.060000e+01	5.018830e-02	4.203578e+00
2.063333e+01	4.804967e-02	4.195018e+00
2.066667e+01	4.781718e-02	4.194087e+00
2.070000e+01	4.884591e-02	4.198205e+00
2.073333e+01	4.978885e-02	4.201979e+00
2.076667e+01	4.994086e-02	4.202588e+00
2.080000e+01	4.951798e-02	4.200895e+00
2.083333e+01	4.883219e-02	4.198150e+00
2.086667e+01	4.698305e-02	4.190749e+00
2.090000e+01	4.202878e-02	4.170918e+00
2.093333e+01	3.371183e-02	4.137628e+00
2.096667e+01	2.522445e-02	4.103656e+00
21	2.034848e-02	4.084139e+00
2.103333e+01	1.886353e-02	4.078195e+00
2.106667e+01	1.618709e-02	4.067482e+00
2.110000e+01	7.964455e-03	4.034569e+00
2.113333e+01	-5.596154e-03	3.980290e+00
2.116667e+01	-1.998221e-02	3.922707e+00
2.120000e+01	-3.082410e-02	3.879311e+00
2.123333e+01	-3.784540e-02	3.851207e+00
2.126667e+01	-4.352856e-02	3.828459e+00
2.130000e+01	-4.911507e-02	3.806098e+00
2.133333e+01	-5.442804e-02	3.784831e+00
2.136667e+01	-6.020983e-02	3.761689e+00
2.140000e+01	-6.732254e-02	3.733219e+00
2.143333e+01	-7.458570e-02	3.704147e+00
2.146667e+01	-8.042228e-02	3.680785e+00
2.150000e+01	-8.569007e-02	3.659699e+00
2.153333e+01	-9.211360e-02	3.633988e+00
2.156667e+01	-9.913351e-02	3.605889e+00
2.160000e+01	-1.051750e-01	3.581707e+00
2.163333e+01	-1.107436e-01	3.559418e+00
2.166667e+01	-1.172855e-01	3.533233e+00
2.170000e+01	-1.239597e-01	3.506518e+00
2.173333e+01	-1.281076e-01	3.489915e+00
2.176667e+01	-1.284906e-01	3.488382e+00
2.180000e+01	-1.268237e-01	3.495054e+00
2.183333e+01	-1.267822e-01	3.495220e+00
2.186667e+01	-1.315461e-01	3.476152e+00
2.190000e+01	-1.407824e-01	3.439182e+00
2.193333e+01	-1.501021e-01	3.401878e+00
2.196667e+01	-1.548408e-01	3.382910e+00
22	-1.541861e-01	3.385531e+00
2.203333e+01	-1.510977e-01	3.397893e+00
2.206667e+01	-1.489795e-01	3.406371e+00
2.210000e+01	-1.490327e-01	3.406158e+00
2.213333e+01	-1.502749e-01	3.401186e+00
2.216667e+01	-1.512212e-01	3.397398e+00
2.220000e+01	-1.512525e-01	3.397273e+00
2.223333e+01	-1.507325e-01	3.399355e+00
2.226667e+01	-1.503049e-01	3.401066e+00
2.230000e+01	-1.505333e-01	3.400152e+00
2.233333e+01	-1.525129e-01	3.392228e+00
2.236667e+01	-1.578343e-01	3.370928e+00
2.240000e+01	-1.663653e-01	3.336781e+00
2.243333e+01	-1.748095e-01	3.302982e+00
2.246667e+01	-1.792626e-01	3.285158e+00
2.250000e+01	-1.788863e-01	3.286664e+00
2.253333e+01	-1.761821e-01	3.297488e+00
2.256667e+01	-1.742058e-01	3.305398e+00
2.260000e+01	-1.741492e-01	3.305625e+00
2.263333e+01	-1.752228e-01	3.301328e+00
2.266667e+01	-1.760995e-01	3.297818e+00
2.270000e+01	-1.761734e-01	3.297523e+00
2.273333e+01	-1.759922e-01	3.298248e+00
2.276667e+01	-1.773599e-01	3.292773e+00
2.280000e+01	-1.824353e-01	3.272458e+00
2.283333e+01	-1.911258e-01	3.237673e+00
2.286667e+01	-1.998378e-01	3.202801e+00
2.290000e+01	-2.044100e-01	3.184500e+00
2.293333e+01	-2.039730e-01	3.186249e+00
2.296667e+01	-2.011520e-01	3.197541e+00
23	-1.991188e-01	3.205679e+00
2.303333e+01	-1.990846e-01	3.205816e+00
2.306667e+01	-2.002089e-01	3.201316e+00
2.310000e+01	-2.011126e-01	3.197699e+00
2.313333e+01	-2.011785e-01	3.197435e+00
2.316667e+01	-2.007103e-01	3.199309e+00
2.320000e+01	-2.003037e-01	3.200936e+00
2.323333e+01	-2.002535e-01	3.201137e+00
2.326667e+01	-2.004487e-01	3.200356e+00
2.330000e+01	-2.006317e-01	3.199624e+00
2.333333e+01	-2.006632e-01	3.199497e+00
2.336667e+01	-2.005824e-01	3.199821e+00
2.340000e+01	-2.005004e-01	3.200149e+00
2.343333e+01	-2.004824e-01	3.200221e+00
2.346667e+01	-2.005112e-01	3.200106e+00
2.350000e+01	-2.005140e-01	3.200095e+00
2.353333e+01	-2.004044e-01	3.200533e+00
2.356667e+01	-2.001299e-01	3.201632e+00
2.360000e+01	-1.997104e-01	3.203311e+00
2.363333e+01	-1.992265e-01	3.205248e+00
2.366667e+01	-1.987590e-01	3.207119e+00
2.370000e+01	-1.983390e-01	3.208801e+00
2.373333e+01	-1.979479e-01	3.210366e+00
2.376667e+01	-1.975532e-01	3.211946e+00
2.380000e+01	-1.971394e-01	3.213602e+00
2.383333e+01	-1.967125e-01	3.215311e+00
2.386667e+01	-1.962865e-01	3.217016e+00
2.390000e+01	-1.958685e-01	3.218689e+00
2.393333e+01	-1.954565e-01	3.220338e+00
2.396667e+01	-1.950444e-01	3.221988e+00
24	-1.946289e-01	3.223651e+00
2.403333e+01	-1.942108e-01	3.225325e+00
2.406667e+01	-1.937924e-01	3.226999e+00
2.410000e+01	-1.933756e-01	3.228668e+00
2.413333e+01	-1.929599e-01	3.230331e+00
2.416667e+01	-1.925444e-01	3.231995e+00
2.420000e+01	-1.921282e-01	3.233660e+00
2.423333e+01	-1.917116e-01	3.235328e+00
2.426667e+01	-1.912948e-01	3.236996e+00
2.430000e+01	-1.908783e-01	3.238663e+00
2.433333e+01	-1.904620e-01	3.240330e+00
2.436667e+01	-1.900458e-01	3.241996e+00
2.440000e+01	-1.896295e-01	3.243662e+00
2.443333e+01	-1.892130e-01	3.245329e+00
2.446667e+01	-1.887966e-01	3.246996e+00
2.450000e+01	-1.883802e-01	3.248663e+00
2.453333e+01	-1.879638e-01	3.250329e+00
2.456667e+01	-1.875474e-01	3.251996e+00
2.460000e+01	-1.871311e-01	3.253662e+00
2.463333e+01	-1.867147e-01	3.255329e+00
2.466667e+01	-1.862983e-01	3.256996e+00
2.470000e+01	-1.858819e-01	3.258663e+00
2.473333e+01	-1.854655e-01	3.260329e+00
2.476667e+01	-1.850491e-01	3.261996e+00
2.480000e+01	-1.846327e-01	3.263662e+00
2.483333e+01	-1.842163e-01	3.265329e+00
2.486667e+01	-1.838000e-01	3.266996e+00
2.490000e+01	-1.833836e-01	3.268662e+00
2.493333e+01	-1.829672e-01	3.270329e+00
2.496667e+01	-1.825508e-01	3.271996e+00
25	-1.821344e-01	3.273662e+00
2.503333e+01	-1.817180e-01	3.275329e+00
2.506667e+01	-1.813016e-01	3.276996e+00
2.510000e+01	-1.808852e-01	3.278662e+00
2.513333e+01	-1.804689e-01	3.280329e+00
2.516667e+01	-1.800525e-01	3.281996e+00
2.520000e+01	-1.796361e-01	3.283662e+00
2.523333e+01	-1.792197e-01	3.285329e+00
2.526667e+01	-1.788033e-01	3.286996e+00
2.530000e+01	-1.783869e-01	3.288662e+00
2.533333e+01	-1.779705e-01	3.290329e+00
2.536667e+01	-1.775542e-01	3.291996e+00
2.540000e+01	-1.771378e-01	3.293662e+00
2.543333e+01	-1.767214e-01	3.295329e+00
2.546667e+01	-1.763094e-01	3.296978e+00
2.550000e+01	-1.759268e-01	3.298510e+00
2.553333e+01	-1.756297e-01	3.299699e+00
2.556667e+01	-1.754743e-01	3.300321e+00
2.560000e+01	-1.754611e-01	3.300374e+00
2.563333e+01	-1.752585e-01	3.301184e+00
2.566667e+01	-1.735534e-01	3.308010e+00
2.570000e+01	-1.684360e-01	3.328493e+00
2.573333e+01	-1.599085e-01	3.362626e+00
2.576667e+01	-1.510846e-01	3.397945e+00
2.580000e+01	-1.447773e-01	3.423191e+00
2.583333e+01	-1.397533e-01	3.443301e+00
2.586667e+01	-1.322392e-01	3.473377e+00
2.590000e+01	-1.203290e-01	3.521050e+00
2.593333e+01	-1.055847e-01	3.580067e+00
2.596667e+01	-9.092293e-02	3.638754e+00
26	-7.796288e-02	3.690629e+00
2.603333e+01	-6.659781e-02	3.736120e+00
2.606667e+01	-5.681520e-02	3.775276e+00
2.610000e+01	-4.996899e-02	3.802680e+00
2.613333e+01	-4.739718e-02	3.812974e+00
2.616667e+01	-4.841560e-02	3.808897e+00
2.620000e+01	-5.060060e-02	3.800152e+00
2.623333e+01	-5.155131e-02	3.796346e+00
2.626667e+01	-4.928214e-02	3.805429e+00
2.630000e+01	-4.151889e-02	3.836503e+00
2.633333e+01	-2.733793e-02	3.893265e+00
2.636667e+01	-1.036744e-02	3.961192e+00
2.640000e+01	2.338268e-03	4.012049e+00
2.643333e+01	6.267389e-03	4.027776e+00
2.646667e+01	3.446163e-03	4.016484e+00
2.650000e+01	6.079748e-04	4.005124e+00
2.653333e+01	3.505156e-03	4.016720e+00
2.656667e+01	1.153642e-02	4.048867e+00
2.660000e+01	1.862133e-02	4.077225e+00
2.663333e+01	2.044006e-02	4.084505e+00
2.666667e+01	1.817635e-02	4.075444e+00
2.670000e+01	1.523684e-02	4.063678e+00
2.673333e+01	1.457723e-02	4.061038e+00
2.676667e+01	1.876017e-02	4.077781e+00
2.680000e+01	2.860286e-02	4.117178e+00
2.683333e+01	4.115552e-02	4.167423e+00
2.686667e+01	5.095013e-02	4.206628e+00
2.690000e+01	5.435203e-02	4.220244e+00
2.693333e+01	5.236145e-02	4.212277e+00
2.696667e+01	4.922012e-02	4.199703e+00
27	4.909983e-02	4.199221e+00
2.703333e+01	5.309413e-02	4.215209e+00
2.706667e+01	5.787704e-02	4.234354e+00
2.710000e+01	5.865248e-02	4.237458e+00
2.713333e+01	5.443582e-02	4.220580e+00
2.716667e+01	4.893254e-02	4.198552e+00
2.720000e+01	4.593873e-02	4.186569e+00
2.723333e+01	4.497847e-02	4.182725e+00
2.726667e+01	4.205908e-02	4.171040e+00
2.730000e+01	3.487040e-02	4.142265e+00
2.733333e+01	2.611799e-02	4.107232e+00
2.736667e+01	2.065162e-02	4.085352e+00
2.740000e+01	2.067119e-02	4.085430e+00
2.743333e+01	2.523082e-02	4.103681e+00
2.746667e+01	3.276779e-02	4.133849e+00
2.750000e+01	4.161599e-02	4.169266e+00
2.753333e+01	4.905377e-02	4.199037e+00
2.756667e+01	5.251705e-02	4.212900e+00
2.760000e+01	5.183205e-02	4.210158e+00
2.763333e+01	4.913381e-02	4.199357e+00
2.766667e+01	4.677329e-02	4.189909e+00
2.770000e+01	4.569914e-02	4.185610e+00
2.773333e+01	4.541460e-02	4.184471e+00
2.776667e+01	4.493161e-02	4.182537e+00
2.780000e+01	4.370987e-02	4.177647e+00
2.783333e+01	4.192122e-02	4.170488e+00
2.786667e+01	4.006594e-02	4.163062e+00
2.790000e+01	3.847309e-02	4.156686e+00
2.793333e+01	3.712579e-02	4.151293e+00
2.796667e+01	3.582259e-02	4.146077e+00
28	3.441344e-02	4.140436e+00
2.803333e+01	3.289554e-02	4.134361e+00
2.806667e+01	3.135301e-02	4.128186e+00
2.810000e+01	2.985383e-02	4.122186e+00
2.813333e+01	2.840304e-02	4.116379e+00
2.816667e+01	2.698095e-02	4.110686e+00
2.820000e+01	2.564489e-02	4.105339e+00
2.823333e+01	2.458902e-02	4.101112e+00
2.826667e+01	2.402667e-02	4.098861e+00
2.830000e+01	2.397344e-02	4.098648e+00
2.833333e+01	2.419675e-02	4.099542e+00
2.836667e+01	2.440226e-02	4.100365e+00
2.840000e+01	2.444370e-02	4.100531e+00
2.843333e+01	2.436243e-02	4.100205e+00
2.846667e+01	2.427563e-02	4.099858e+00
2.850000e+01	2.425398e-02	4.099771e+00
2.853333e+01	2.428674e-02	4.099902e+00
2.856667e+01	2.432494e-02	4.100055e+00
2.860000e+01	2.433611e-02	4.100100e+00
2.863333e+01	2.432285e-02	4.100047e+00
2.866667e+01	2.430595e-02	4.099979e+00
2.870000e+01	2.430028e-02	4.099957e+00
2.873333e+01	2.430557e-02	4.099978e+00
2.876667e+01	2.431302e-02	4.100008e+00
2.880000e+01	2.431584e-02	4.100019e+00
2.883333e+01	2.431376e-02	4.100010e+00
2.886667e+01	2.431049e-02	4.099997e+00
2.890000e+01	2.430911e-02	4.099992e+00
2.893333e+01	2.430992e-02	4.099995e+00
2.896667e+01	2.431135e-02	4.100001e+00
29	2.431201e-02	4.100003e+00
2.903333e+01	2.431171e-02	4.100002e+00
2.906667e+01	2.431109e-02	4.100000e+00
2.910000e+01	2.431077e-02	4.099999e+00
2.913333e+01	2.431088e-02	4.099999e+00
2.916667e+01	2.431115e-02	4.100000e+00
2.920000e+01	2.431130e-02	4.100001e+00
2.923333e+01	2.431126e-02	4.100000e+00
2.926667e+01	2.457626e-02	4.101061e+00
2.930000e+01	2.633787e-02	4.108112e+00
2.933333e+01	3.146613e-02	4.128639e+00
2.936667e+01	3.997086e-02	4.162681e+00
2.940000e+01	4.850581e-02	4.196844e+00
2.943333e+01	5.304570e-02	4.215016e+00
2.946667e+01	5.268552e-02	4.213574e+00
2.950000e+01	4.994374e-02	4.202599e+00
2.953333e+01	4.792865e-02	4.194534e+00
2.956667e+01	4.786302e-02	4.194271e+00
2.960000e+01	4.895199e-02	4.198630e+00
2.963333e+01	4.984604e-02	4.202208e+00
2.966667e+01	5.018980e-02	4.203584e+00
2.970000e+01	5.149898e-02	4.208824e+00
2.973333e+01	5.622556e-02	4.227744e+00
2.976667e+01	6.467490e-02	4.261564e+00
2.980000e+01	7.339816e-02	4.296480e+00
2.983333e+01	7.811854e-02	4.315374e+00
2.986667e+01	7.779192e-02	4.314067e+00
2.990000e+01	7.497234e-02	4.302781e+00
2.993333e+01	7.287648e-02	4.294392e+00
2.996667e+01	7.279209e-02	4.294054e+00
30	7.417804e-02	4.299602e+00
3.003333e+01	7.686975e-02	4.310376e+00
3.006667e+01	8.208661e-02	4.331257e+00
3.010000e+01	9.012586e-02	4.363436e+00
3.013333e+01	9.824317e-02	4.395927e+00
3.016667e+01	1.027226e-01	4.413857e+00
3.020000e+01	1.025560e-01	4.413190e+00
3.023333e+01	1.000017e-01	4.402966e+00
3.026667e+01	9.802273e-02	4.395045e+00
3.030000e+01	9.787723e-02	4.394462e+00
3.033333e+01	9.888233e-02	4.398485e+00
3.036667e+01	9.975637e-02	4.401984e+00
3.040000e+01	9.986768e-02	4.402429e+00
3.043333e+01	9.945251e-02	4.400768e+00
3.046667e+01	9.906143e-02	4.399202e+00
3.050000e+01	9.899287e-02	4.398928e+00
3.053333e+01	9.889954e-02	4.398554e+00
3.056667e+01	9.731293e-02	4.392204e+00
3.060000e+01	9.222351e-02	4.371832e+00
3.063333e+01	8.364832e-02	4.337508e+00
3.066667e+01	7.503534e-02	4.303033e+00
3.070000e+01	7.047460e-02	4.284778e+00
3.073333e+01	7.086343e-02	4.286334e+00
3.076667e+01	7.363984e-02	4.297447e+00
3.080000e+01	7.566571e-02	4.305556e+00
3.083333e+01	7.571983e-02	4.305773e+00
3.086667e+01	7.461555e-02	4.301353e+00
3.090000e+01	7.371608e-02	4.297753e+00
3.093333e+01	7.364200e-02	4.297456e+00
3.096667e+01	7.410124e-02	4.299294e+00
31	7.450558e-02	4.300913e+00
3.103333e+01	7.455913e-02	4.301127e+00
3.106667e+01	7.436785e-02	4.300361e+00
3.110000e+01	7.418607e-02	4.299634e+00
3.113333e+01	7.415320e-02	4.299502e+00
3.116667e+01	7.423231e-02	4.299819e+00
3.120000e+01	7.431369e-02	4.300145e+00
3.123333e+01	7.433219e-02	4.300219e+00
3.126667e+01	7.429977e-02	4.300089e+00
3.130000e+01	7.426349e-02	4.299944e+00
3.133333e+01	7.425362e-02	4.299904e+00
3.136667e+01	7.426678e-02	4.299957e+00
3.140000e+01	7.428287e-02	4.300021e+00
3.143333e+01	7.428796e-02	4.300042e+00
3.146667e+01	7.428268e-02	4.300021e+00
3.150000e+01	7.427557e-02	4.299992e+00
3.153333e+01	7.400790e-02	4.298921e+00
3.156667e+01	7.224831e-02	4.291878e+00
3.160000e+01	6.712319e-02	4.271363e+00
3.163333e+01	5.861977e-02	4.237327e+00
3.166667e+01	5.008403e-02	4.203161e+00
3.170000e+01	4.554277e-02	4.184984e+00
3.173333e+01	4.590232e-02	4.186423e+00
3.176667e+01	4.864439e-02	4.197398e+00
3.180000e+01	5.066008e-02	4.205467e+00
3.183333e+01	5.072601e-02	4.205731e+00
3.186667e+01	4.963694e-02	4.201371e+00
3.190000e+01	4.874263e-02	4.197792e+00
3.193333e+01	4.866384e-02	4.197476e+00
3.196667e+01	4.911639e-02	4.199288e+00
32	4.951816e-02	4.200896e+00
3.203333e+01	4.957356e-02	4.201118e+00
3.206667e+01	4.912009e-02	4.199303e+00
3.210000e+01	4.717789e-02	4.191528e+00
3.213333e+01	4.201606e-02	4.170867e+00
3.216667e+01	3.358921e-02	4.137137e+00
3.220000e+01	2.513507e-02	4.103298e+00
3.223333e+01	2.061395e-02	4.085201e+00
3.226667e+01	2.094224e-02	4.086515e+00
3.230000e+01	2.364801e-02	4.097346e+00
3.233333e+01	2.565313e-02	4.105372e+00
3.236667e+01	2.573169e-02	4.105686e+00
3.240000e+01	2.465869e-02	4.101391e+00
3.243333e+01	2.376976e-02	4.097833e+00
3.246667e+01	2.368594e-02	4.097497e+00
3.250000e+01	2.413139e-02	4.099281e+00
3.253333e+01	2.453049e-02	4.100878e+00
3.256667e+01	2.458787e-02	4.101108e+00
3.260000e+01	2.440263e-02	4.100366e+00
3.263333e+01	2.422342e-02	4.099649e+00
3.266667e+01	2.418908e-02	4.099511e+00
3.270000e+01	2.426554e-02	4.099817e+00
3.273333e+01	2.434569e-02	4.100138e+00
3.276667e+01	2.436475e-02	4.100215e+00
3.280000e+01	2.433347e-02	4.100089e+00
3.283333e+01	2.429778e-02	4.099947e+00
3.286667e+01	2.428770e-02	4.099906e+00
3.290000e+01	2.430037e-02	4.099957e+00
3.293333e+01	2.431619e-02	4.100020e+00
3.296667e+01	2.432134e-02	4.100041e+00
33	2.431628e-02	4.100021e+00
3.303333e+01	2.430930e-02	4.099993e+00
3.306667e+01	2.430672e-02	4.099982e+00
3.310000e+01	2.430872e-02	4.099990e+00
3.313333e+01	2.431178e-02	4.100003e+00
3.316667e+01	2.431305e-02	4.100008e+00
3.320000e+01	2.431227e-02	4.100005e+00
3.323333e+01	2.431093e-02	4.099999e+00
3.326667e+01	2.431032e-02	4.099997e+00
3.330000e+01	2.431062e-02	4.099998e+00
3.333333e+01	2.431120e-02	4.100000e+00
3.336667e+01	2.431149e-02	4.100001e+00
3.340000e+01	2.431138e-02	4.100001e+00
3.343333e+01	2.431113e-02	4.100000e+00
3.346667e+01	2.431099e-02	4.099999e+00
3.350000e+01	2.431103e-02	4.100000e+00
3.353333e+01	2.431114e-02	4.100000e+00
3.356667e+01	2.431120e-02	4.100000e+00
3.360000e+01	2.457631e-02	4.101061e+00
3.363333e+01	2.633794e-02	4.108113e+00
3.366667e+01	3.146616e-02	4.128639e+00
3.370000e+01	3.997084e-02	4.162681e+00
3.373333e+01	4.850578e-02	4.196844e+00
3.376667e+01	5.304569e-02	4.215015e+00
3.380000e+01	5.268553e-02	4.213574e+00
3.383333e+01	4.994376e-02	4.202599e+00
3.386667e+01	4.792866e-02	4.194534e+00
3.390000e+01	4.786302e-02	4.194271e+00
3.393333e+01	4.895198e-02	4.198630e+00
3.396667e+01	4.984604e-02	4.202208e+00
34	4.992468e-02	4.202523e+00
3.403333e+01	4.947218e-02	4.200712e+00
3.406667e+01	4.907052e-02	4.199104e+00
3.410000e+01	4.901518e-02	4.198883e+00
3.413333e+01	4.920352e-02	4.199636e+00
3.416667e+01	4.938400e-02	4.200359e+00
3.420000e+01	4.941754e-02	4.200493e+00
3.423333e+01	4.933972e-02	4.200182e+00
3.426667e+01	4.925896e-02	4.199858e+00
3.430000e+01	4.924021e-02	4.199783e+00
3.433333e+01	4.927208e-02	4.199911e+00
3.436667e+01	4.930805e-02	4.200055e+00
3.440000e+01	4.931802e-02	4.200095e+00
3.443333e+01	4.930510e-02	4.200043e+00
3.446667e+01	4.928914e-02	4.199979e+00
3.450000e+01	4.928403e-02	4.199959e+00
3.453333e+01	4.928920e-02	4.199979e+00
3.456667e+01	4.929625e-02	4.200008e+00
3.460000e+01	4.929881e-02	4.200018e+00
3.463333e+01	4.929677e-02	4.200010e+00
3.466667e+01	4.929367e-02	4.199997e+00
3.470000e+01	4.929241e-02	4.199992e+00
3.473333e+01	4.929320e-02	4.199995e+00
3.476667e+01	4.929456e-02	4.200001e+00
3.480000e+01	4.929517e-02	4.200003e+00
3.483333e+01	4.929487e-02	4.200002e+00
3.486667e+01	4.929428e-02	4.200000e+00
3.490000e+01	4.929399e-02	4.199999e+00
3.493333e+01	4.929410e-02	4.199999e+00
3.496667e+01	4.929435e-02	4.200000e+00
35	4.929449e-02	4.200001e+00
3.503333e+01	4.929445e-02	4.200000e+00
3.506667e+01	4.929434e-02	4.200000e+00
3.510000e+01	4.929428e-02	4.200000e+00
3.513333e+01	4.929429e-02	4.200000e+00
3.516667e+01	4.929434e-02	4.200000e+00
3.520000e+01	4.929437e-02	4.200000e+00
3.523333e+01	4.929436e-02	4.200000e+00
3.526667e+01	4.929434e-02	4.200000e+00
3.530000e+01	4.929433e-02	4.200000e+00
3.533333e+01	4.929433e-02	4.200000e+00
3.536667e+01	4.929434e-02	4.200000e+00
3.540000e+01	4.929434e-02	4.200000e+00
3.543333e+01	4.929434e-02	4.200000e+00
3.546667e+01	4.929434e-02	4.200000e+00
3.550000e+01	4.929434e-02	4.200000e+00
3.553333e+01	4.929434e-02	4.200000e+00
3.556667e+01	4.929434e-02	4.200000e+00
3.560000e+01	4.929434e-02	4.200000e+00
3.563333e+01	4.929434e-02	4.200000e+00
3.566667e+01	4.929434e-02	4.200000e+00
3.570000e+01	4.929434e-02	4.200000e+00
3.573333e+01	4.929434e-02	4.200000e+00
3.576667e+01	4.929434e-02	4.200000e+00
3.580000e+01	4.902922e-02	4.198939e+00
3.583333e+01	4.726754e-02	4.191887e+00
3.586667e+01	4.213929e-02	4.171361e+00
3.590000e+01	3.363462e-02	4.137319e+00
3.593333e+01	2.509970e-02	4.103156e+00
3.596667e+01	2.055980e-02	4.084985e+00
36	2.091996e-02	4.086426e+00
3.603333e+01	2.366173e-02	4.097401e+00
3.606667e+01	2.567682e-02	4.105466e+00
3.610000e+01	2.574245e-02	4.105729e+00
3.613333e+01	2.465350e-02	4.101370e+00
3.616667e+01	2.375944e-02	4.097792e+00
3.620000e+01	2.368080e-02	4.097477e+00
3.623333e+01	2.386818e-02	4.098227e+00
3.626667e+01	2.250816e-02	4.092783e+00
3.630000e+01	1.743525e-02	4.072478e+00
3.633333e+01	8.742244e-03	4.037683e+00
3.636667e+01	2.684239e-05	4.002797e+00
3.640000e+01	-4.811717e-03	3.983430e+00
3.643333e+01	-6.135419e-03	3.978132e+00
3.646667e+01	-8.441141e-03	3.968903e+00
3.650000e+01	-1.491197e-02	3.943002e+00
3.653333e+01	-2.341312e-02	3.908975e+00
3.656667e+01	-2.907795e-02	3.886300e+00
3.660000e+01	-2.962181e-02	3.884123e+00
3.663333e+01	-2.694577e-02	3.894834e+00
3.666667e+01	-2.472734e-02	3.903714e+00
3.670000e+01	-2.601661e-02	3.898554e+00
3.673333e+01	-3.218366e-02	3.873869e+00
3.676667e+01	-4.204288e-02	3.834405e+00
3.680000e+01	-5.260117e-02	3.792144e+00
3.683333e+01	-6.211343e-02	3.754069e+00
3.686667e+01	-7.153705e-02	3.716349e+00
3.690000e+01	-8.232109e-02	3.673184e+00
3.693333e+01	-9.352094e-02	3.628355e+00
3.696667e+01	-1.015787e-01	3.596102e+00
37	-1.027742e-01	3.591317e+00
3.703333e+01	-9.609660e-02	3.618045e+00
3.706667e+01	-8.476889e-02	3.663386e+00
3.710000e+01	-7.482034e-02	3.703207e+00
3.713333e+01	-7.073406e-02	3.719564e+00
3.716667e+01	-7.224790e-02	3.713504e+00
3.720000e+01	-7.563669e-02	3.699940e+00
3.723333e+01	-7.776397e-02	3.691425e+00
3.726667e+01	-7.909888e-02	3.686082e+00
3.730000e+01	-8.283875e-02	3.671112e+00
3.733333e+01	-9.049768e-02	3.640456e+00
3.736667e+01	-9.916497e-02	3.605763e+00
3.740000e+01	-1.042958e-01	3.585226e+00
3.743333e+01	-1.043247e-01	3.585111e+00
3.746667e+01	-1.015482e-01	3.596224e+00
3.750000e+01	-9.928111e-02	3.605299e+00
3.753333e+01	-9.903677e-02	3.606277e+00
3.756667e+01	-1.001304e-01	3.601899e+00
3.760000e+01	-1.011313e-01	3.597893e+00
3.763333e+01	-1.012917e-01	3.597251e+00
3.766667e+01	-1.008418e-01	3.599052e+00
3.770000e+01	-1.003950e-01	3.600840e+00
3.773333e+01	-1.003026e-01	3.601210e+00
3.776667e+01	-1.004877e-01	3.600469e+00
3.780000e+01	-1.006871e-01	3.599671e+00
3.783333e+01	-1.007374e-01	3.599469e+00
3.786667e+01	-1.006619e-01	3.599772e+00
3.790000e+01	-1.005733e-01	3.600126e+00
3.793333e+01	-1.005470e-01	3.600232e+00
3.796667e+01	-1.005774e-01	3.600110e+00
38	-1.006167e-01	3.599953e+00
3.803333e+01	-1.006300e-01	3.599899e+00
3.806667e+01	-1.006179e-01	3.599948e+00
3.810000e+01	-1.006006e-01	3.600017e+00
3.813333e+01	-1.005940e-01	3.600044e+00
3.816667e+01	-1.005987e-01	3.600025e+00
3.820000e+01	-1.006063e-01	3.599994e+00
3.823333e+01	-1.006095e-01	3.599981e+00
3.826667e+01	-1.006077e-01	3.599989e+00
3.830000e+01	-1.008695e-01	3.598941e+00
3.833333e+01	-1.026296e-01	3.591895e+00
3.836667e+01	-1.077586e-01	3.571366e+00
3.840000e+01	-1.162647e-01	3.537319e+00
3.843333e+01	-1.248004e-01	3.503153e+00
3.846667e+01	-1.293400e-01	3.484982e+00
3.850000e+01	-1.289792e-01	3.486426e+00
3.853333e+01	-1.262371e-01	3.497402e+00
3.856667e+01	-1.242221e-01	3.505467e+00
3.860000e+01	-1.241567e-01	3.505729e+00
3.863333e+01	-1.255110e-01	3.500309e+00
3.866667e+01	-1.281667e-01	3.489679e+00
3.870000e+01	-1.333735e-01	3.468837e+00
3.873333e+01	-1.414255e-01	3.436607e+00
3.876667e+01	-1.495588e-01	3.404052e+00
3.880000e+01	-1.540434e-01	3.386102e+00
3.883333e+01	-1.538716e-01	3.386790e+00
3.886667e+01	-1.513103e-01	3.397042e+00
3.890000e+01	-1.493288e-01	3.404973e+00
3.893333e+01	-1.491853e-01	3.405547e+00
3.896667e+01	-1.501935e-01	3.401512e+00
39	-1.510688e-01	3.398008e+00
3.903333e+01	-1.514445e-01	3.396505e+00
3.906667e+01	-1.527896e-01	3.391121e+00
3.910000e+01	-1.575262e-01	3.372162e+00
3.913333e+01	-1.659626e-01	3.338393e+00
3.916667e+01	-1.746699e-01	3.303541e+00
3.920000e+01	-1.793851e-01	3.284667e+00
3.923333e+01	-1.790637e-01	3.285954e+00
3.926667e+01	-1.762512e-01	3.297211e+00
3.930000e+01	-1.741579e-01	3.305590e+00
3.933333e+01	-1.740714e-01	3.305936e+00
3.936667e+01	-1.751892e-01	3.301462e+00
3.940000e+01	-1.761179e-01	3.297745e+00
3.943333e+01	-1.762073e-01	3.297387e+00
3.946667e+01	-1.757433e-01	3.299244e+00
3.950000e+01	-1.753263e-01	3.300913e+00
3.953333e+01	-1.752655e-01	3.301157e+00
3.956667e+01	-1.754584e-01	3.300384e+00
3.960000e+01	-1.756457e-01	3.299635e+00
3.963333e+01	-1.756819e-01	3.299490e+00
3.966667e+01	-1.756023e-01	3.299809e+00
3.970000e+01	-1.755185e-01	3.300144e+00
3.973333e+01	-1.754985e-01	3.300224e+00
3.976667e+01	-1.755310e-01	3.300094e+00
3.980000e+01	-1.755683e-01	3.299944e+00
3.983333e+01	-1.755789e-01	3.299902e+00
3.986667e+01	-1.755657e-01	3.299955e+00
3.990000e+01	-1.755492e-01	3.300021e+00
3.993333e+01	-1.755438e-01	3.300043e+00
3.996667e+01	-1.755491e-01	3.300022e+00
40	-1.755564e-01	3.299992e+00
4.003333e+01	-1.755591e-01	3.299982e+00
4.006667e+01	-1.755570e-01	3.299990e+00
4.010000e+01	-1.755538e-01	3.300003e+00
4.013333e+01	-1.755525e-01	3.300008e+00
4.016667e+01	-1.755533e-01	3.300005e+00
4.020000e+01	-1.755547e-01	3.299999e+00
4.023333e+01	-1.755553e-01	3.299997e+00
4.026667e+01	-1.755550e-01	3.299998e+00
4.030000e+01	-1.755544e-01	3.300000e+00
4.033333e+01	-1.755541e-01	3.300001e+00
4.036667e+01	-1.755542e-01	3.300001e+00
4.040000e+01	-1.755545e-01	3.300000e+00
4.043333e+01	-1.755546e-01	3.299999e+00
4.046667e+01	-1.755546e-01	3.300000e+00
4.050000e+01	-1.755544e-01	3.300000e+00
4.053333e+01	-1.755544e-01	3.300000e+00
4.056667e+01	-1.755544e-01	3.300000e+00
4.060000e+01	-1.755544e-01	3.300000e+00
4.063333e+01	-1.755545e-01	3.300000e+00
4.066667e+01	-1.755545e-01	3.300000e+00
4.070000e+01	-1.755545e-01	3.300000e+00
4.073333e+01	-1.755544e-01	3.300000e+00
4.076667e+01	-1.755544e-01	3.300000e+00
4.080000e+01	-1.755544e-01	3.300000e+00
4.083333e+01	-1.755545e-01	3.300000e+00
4.086667e+01	-1.755545e-01	3.300000e+00
4.090000e+01	-1.755544e-01	3.300000e+00
4.093333e+01	-1.755544e-01	3.300000e+00
4.096667e+01	-1.755544e-01	3.300000e+00
41	-1.755544e-01	3.300000e+00
4.103333e+01	-1.755544e-01	3.300000e+00
4.106667e+01	-1.755544e-01	3.300000e+00
4.110000e+01	-1.755544e-01	3.300000e+00
4.113333e+01	-1.755544e-01	3.300000e+00
4.116667e+01	-1.755544e-01	3.300000e+00
4.120000e+01	-1.755544e-01	3.300000e+00
4.123333e+01	-1.755544e-01	3.300000e+00
4.126667e+01	-1.755544e-01	3.300000e+00
4.130000e+01	-1.755544e-01	3.300000e+00
4.133333e+01	-1.755544e-01	3.300000e+00
4.136667e+01	-1.755544e-01	3.300000e+00
4.140000e+01	-1.755544e-01	3.300000e+00
4.143333e+01	-1.755544e-01	3.300000e+00
4.146667e+01	-1.755544e-01	3.300000e+00
4.150000e+01	-1.755544e-01	3.300000e+00
4.153333e+01	-1.755544e-01	3.300000e+00
4.156667e+01	-1.755544e-01	3.300000e+00
4.160000e+01	-1.755544e-01	3.300000e+00
4.163333e+01	-1.755544e-01	3.300000e+00
4.166667e+01	-1.755544e-01	3.300000e+00
4.170000e+01	-1.755544e-01	3.300000e+00
4.173333e+01	-1.755544e-01	3.300000e+00
4.176667e+01	-1.755544e-01	3.300000e+00
4.180000e+01	-1.755544e-01	3.300000e+00
4.183333e+01	-1.755544e-01	3.300000e+00
4.186667e+01	-1.755544e-01	3.300000e+00
4.190000e+01	-1.755544e-01	3.300000e+00
4.193333e+01	-1.755544e-01	3.300000e+00
4.196667e+01	-1.755544e-01	3.300000e+00
42	-1.755544e-01	3.300000e+00
4.203333e+01	-1.755544e-01	3.300000e+00
4.206667e+01	-1.755544e-01	3.300000e+00
4.210000e+01	-1.755544e-01	3.300000e+00
4.213333e+01	-1.755544e-01	3.300000e+00
4.216667e+01	-1.755544e-01	3.300000e+00
4.220000e+01	-1.755544e-01	3.300000e+00
4.223333e+01	-1.755544e-01	3.300000e+00
4.226667e+01	-1.755544e-01	3.300000e+00
4.230000e+01	-1.755544e-01	3.300000e+00
4.233333e+01	-1.755544e-01	3.300000e+00
4.236667e+01	-1.755544e-01	3.300000e+00
4.240000e+01	-1.755544e-01	3.300000e+00
4.243333e+01	-1.755544e-01	3.300000e+00
4.246667e+01	-1.755544e-01	3.300000e+00
4.250000e+01	-1.755544e-01	3.300000e+00
4.253333e+01	-1.755544e-01	3.300000e+00
4.256667e+01	-1.755544e-01	3.300000e+00
4.260000e+01	-1.755544e-01	3.300000e+00
4.263333e+01	-1.755544e-01	3.300000e+00
4.266667e+01	-1.755544e-01	3.300000e+00
4.270000e+01	-1.755544e-01	3.300000e+00
4.273333e+01	-1.755544e-01	3.300000e+00
4.276667e+01	-1.755544e-01	3.300000e+00
4.280000e+01	-1.755544e-01	3.300000e+00
4.283333e+01	-1.755544e-01	3.300000e+00
4.286667e+01	-1.755544e-01	3.300000e+00
4.290000e+01	-1.755544e-01	3.300000e+00
4.293333e+01	-1.755544e-01	3.300000e+00
4.296667e+01	-1.755544e-01	3.300000e+00
43	-1.755544e-01	3.300000e+00
4.303333e+01	-1.755544e-01	3.300000e+00
4.306667e+01	-1.755544e-01	3.300000e+00
4.310000e+01	-1.755544e-01	3.300000e+00
4.313333e+01	-1.755544e-01	3.300000e+00
4.316667e+01	-1.755544e-01	3.300000e+00
4.320000e+01	-1.755544e-01	3.300000e+00
4.323333e+01	-1.755544e-01	3.300000e+00
4.326667e+01	-1.755544e-01	3.300000e+00
4.330000e+01	-1.755544e-01	3.300000e+00
4.333333e+01	-1.755544e-01	3.300000e+00
4.336667e+01	-1.755544e-01	3.300000e+00
4.340000e+01	-1.755544e-01	3.300000e+00
4.343333e+01	-1.755544e-01	3.300000e+00
4.346667e+01	-1.755544e-01	3.300000e+00
4.350000e+01	-1.755544e-01	3.300000e+00
4.353333e+01	-1.755544e-01	3.300000e+00
4.356667e+01	-1.755544e-01	3.300000e+00
4.360000e+01	-1.755544e-01	3.300000e+00
4.363333e+01	-1.755544e-01	3.300000e+00
4.366667e+01	-1.755544e-01	3.300000e+00
4.370000e+01	-1.755544e-01	3.300000e+00
4.373333e+01	-1.755544e-01	3.300000e+00
4.376667e+01	-1.755544e-01	3.300000e+00
4.380000e+01	-1.755544e-01	3.300000e+00
4.383333e+01	-1.755544e-01	3.300000e+00
4.386667e+01	-1.755544e-01	3.300000e+00
4.390000e+01	-1.755544e-01	3.300000e+00
4.393333e+01	-1.755544e-01	3.300000e+00
4.396667e+01	-1.755544e-01	3.300000e+00
44	-1.755544e-01	3.300000e+00
4.403333e+01	-1.755544e-01	3.300000e+00
4.406667e+01	-1.755544e-01	3.300000e+00
4.410000e+01	-1.755544e-01	3.300000e+00
4.413333e+01	-1.752893e-01	3.301061e+00
4.416667e+01	-1.735276e-01	3.308113e+00
4.420000e+01	-1.683994e-01	3.328639e+00
4.423333e+01	-1.598947e-01	3.362681e+00
4.426667e+01	-1.513598e-01	3.396844e+00
4.430000e+01	-1.470850e-01	3.413954e+00
4.433333e+01	-1.489418e-01	3.406522e+00
4.436667e+01	-1.553152e-01	3.381011e+00
4.440000e+01	-1.624684e-01	3.352379e+00
4.443333e+01	-1.676925e-01	3.331469e+00
4.446667e+01	-1.711132e-01	3.317777e+00
4.450000e+01	-1.738540e-01	3.306806e+00
4.453333e+01	-1.756686e-01	3.299543e+00
4.456667e+01	-1.747259e-01	3.303316e+00
4.460000e+01	-1.692070e-01	3.325407e+00
4.463333e+01	-1.598972e-01	3.362671e+00
4.466667e+01	-1.509134e-01	3.398631e+00
4.470000e+01	-1.464665e-01	3.416430e+00
4.473333e+01	-1.471561e-01	3.413670e+00
4.476667e+01	-1.501051e-01	3.401866e+00
4.480000e+01	-1.520948e-01	3.393902e+00
4.483333e+01	-1.520212e-01	3.394196e+00
4.486667e+01	-1.508372e-01	3.398936e+00
4.490000e+01	-1.499486e-01	3.402492e+00
4.493333e+01	-1.499291e-01	3.402570e+00
4.496667e+01	-1.504251e-01	3.400585e+00
45	-1.508269e-01	3.398977e+00
4.503333e+01	-1.508572e-01	3.398855e+00
4.506667e+01	-1.506491e-01	3.399689e+00
4.510000e+01	-1.504674e-01	3.400416e+00
4.513333e+01	-1.504444e-01	3.400508e+00
4.516667e+01	-1.505312e-01	3.400160e+00
4.520000e+01	-1.506129e-01	3.399833e+00
4.523333e+01	-1.506273e-01	3.399776e+00
4.526667e+01	-1.508565e-01	3.398858e+00
4.530000e+01	-1.525815e-01	3.391953e+00
4.533333e+01	-1.577016e-01	3.371459e+00
4.536667e+01	-1.662211e-01	3.337359e+00
4.540000e+01	-1.747723e-01	3.303131e+00
4.543333e+01	-1.793166e-01	3.284941e+00
4.546667e+01	-1.789504e-01	3.286407e+00
4.550000e+01	-1.762014e-01	3.297410e+00
4.553333e+01	-1.741841e-01	3.305485e+00
4.556667e+01	-1.741208e-01	3.305738e+00
4.560000e+01	-1.752130e-01	3.301367e+00
4.563333e+01	-1.761082e-01	3.297784e+00
4.566667e+01	-1.761859e-01	3.297473e+00
4.570000e+01	-1.757320e-01	3.299289e+00
4.573333e+01	-1.750646e-01	3.301961e+00
4.576667e+01	-1.732480e-01	3.309232e+00
4.580000e+01	-1.683087e-01	3.329003e+00
4.583333e+01	-1.599848e-01	3.362321e+00
4.586667e+01	-1.514832e-01	3.396350e+00
4.590000e+01	-1.468653e-01	3.414834e+00
4.593333e+01	-1.471445e-01	3.413716e+00
4.596667e+01	-1.498676e-01	3.402817e+00
46	-1.519147e-01	3.394623e+00
4.603333e+01	-1.520163e-01	3.394216e+00
4.606667e+01	-1.509373e-01	3.398535e+00
4.610000e+01	-1.500303e-01	3.402165e+00
4.613333e+01	-1.499357e-01	3.402544e+00
4.616667e+01	-1.503831e-01	3.400753e+00
4.620000e+01	-1.507899e-01	3.399125e+00
4.623333e+01	-1.508523e-01	3.398875e+00
4.626667e+01	-1.506666e-01	3.399619e+00
4.630000e+01	-1.504840e-01	3.400349e+00
4.633333e+01	-1.504474e-01	3.400496e+00
4.636667e+01	-1.505239e-01	3.400189e+00
4.640000e+01	-1.506055e-01	3.399863e+00
4.643333e+01	-1.506256e-01	3.399782e+00
4.646667e+01	-1.505943e-01	3.399908e+00
4.650000e+01	-1.505581e-01	3.400053e+00
4.653333e+01	-1.505475e-01	3.400095e+00
4.656667e+01	-1.505601e-01	3.400044e+00
4.660000e+01	-1.505762e-01	3.399980e+00
4.663333e+01	-1.503165e-01	3.401020e+00
4.666667e+01	-1.485497e-01	3.408091e+00
4.670000e+01	-1.434144e-01	3.428647e+00
4.673333e+01	-1.349071e-01	3.462699e+00
4.676667e+01	-1.263741e-01	3.496854e+00
4.680000e+01	-1.218373e-01	3.515013e+00
4.683333e+01	-1.221988e-01	3.513566e+00
4.686667e+01	-1.249398e-01	3.502595e+00
4.690000e+01	-1.269535e-01	3.494534e+00
4.693333e+01	-1.270185e-01	3.494274e+00
4.696667e+01	-1.259299e-01	3.498632e+00
47	-1.247713e-01	3.503269e+00
4.703333e+01	-1.229313e-01	3.510634e+00
4.706667e+01	-1.182554e-01	3.529350e+00
4.710000e+01	-1.101521e-01	3.561785e+00
4.713333e+01	-1.016724e-01	3.595727e+00
4.716667e+01	-9.694422e-02	3.614652e+00
4.720000e+01	-9.712401e-02	3.613933e+00
4.723333e+01	-9.983230e-02	3.603092e+00
4.726667e+01	-1.019252e-01	3.594715e+00
4.730000e+01	-1.020715e-01	3.594129e+00
4.733333e+01	-1.010013e-01	3.598413e+00
4.736667e+01	-1.000754e-01	3.602119e+00
4.740000e+01	-9.996079e-02	3.602578e+00
4.743333e+01	-1.006685e-01	3.599745e+00
4.746667e+01	-1.028447e-01	3.591034e+00
4.750000e+01	-1.080443e-01	3.570222e+00
4.753333e+01	-1.163657e-01	3.536914e+00
4.756667e+01	-1.247150e-01	3.503495e+00
4.760000e+01	-1.292143e-01	3.485485e+00
4.763333e+01	-1.289294e-01	3.486626e+00
4.766667e+01	-1.262704e-01	3.497269e+00
4.770000e+01	-1.242772e-01	3.505247e+00
4.773333e+01	-1.241809e-01	3.505632e+00
4.776667e+01	-1.252331e-01	3.501421e+00
4.780000e+01	-1.261158e-01	3.497887e+00
4.783333e+01	-1.262068e-01	3.497523e+00
4.786667e+01	-1.257706e-01	3.499269e+00
4.790000e+01	-1.253746e-01	3.500854e+00
4.793333e+01	-1.253144e-01	3.501095e+00
4.796667e+01	-1.254956e-01	3.500370e+00
48	-1.256732e-01	3.499659e+00
4.803333e+01	-1.257087e-01	3.499517e+00
4.806667e+01	-1.256340e-01	3.499816e+00
4.810000e+01	-1.255546e-01	3.500134e+00
4.813333e+01	-1.255351e-01	3.500212e+00
4.816667e+01	-1.255656e-01	3.500090e+00
4.820000e+01	-1.256009e-01	3.499948e+00
4.823333e+01	-1.258763e-01	3.498846e+00
4.826667e+01	-1.276256e-01	3.491844e+00
4.830000e+01	-1.327383e-01	3.471380e+00
4.833333e+01	-1.412377e-01	3.437359e+00
4.836667e+01	-1.497776e-01	3.403177e+00
4.840000e+01	-1.543243e-01	3.384978e+00
4.843333e+01	-1.539668e-01	3.386409e+00
4.846667e+01	-1.512231e-01	3.397391e+00
4.850000e+01	-1.492050e-01	3.405469e+00
4.853333e+01	-1.491381e-01	3.405737e+00
4.856667e+01	-1.502278e-01	3.401375e+00
4.860000e+01	-1.511231e-01	3.397791e+00
4.863333e+01	-1.512024e-01	3.397474e+00
4.866667e+01	-1.510147e-01	3.398225e+00
4.870000e+01	-1.523742e-01	3.392783e+00
4.873333e+01	-1.574468e-01	3.372479e+00
4.876667e+01	-1.661399e-01	3.337683e+00
4.880000e+01	-1.748556e-01	3.302797e+00
4.883333e+01	-1.794291e-01	3.284491e+00
4.886667e+01	-1.787260e-01	3.287305e+00
4.890000e+01	-1.741417e-01	3.305655e+00
4.893333e+01	-1.669795e-01	3.334323e+00
4.896667e+01	-1.584411e-01	3.368499e+00
49	-1.510312e-01	3.398159e+00
4.903333e+01	-1.473953e-01	3.412712e+00
4.906667e+01	-1.478212e-01	3.411008e+00
4.910000e+01	-1.500945e-01	3.401908e+00
4.913333e+01	-1.517028e-01	3.395471e+00
4.916667e+01	-1.517183e-01	3.395409e+00
4.920000e+01	-1.508247e-01	3.398986e+00
4.923333e+01	-1.501137e-01	3.401831e+00
4.926667e+01	-1.500665e-01	3.402020e+00
4.930000e+01	-1.504381e-01	3.400533e+00
4.933333e+01	-1.507578e-01	3.399253e+00
4.936667e+01	-1.507951e-01	3.399104e+00
4.940000e+01	-1.506400e-01	3.399725e+00
4.943333e+01	-1.504961e-01	3.400301e+00
4.946667e+01	-1.504723e-01	3.400396e+00
4.950000e+01	-1.505366e-01	3.400139e+00
4.953333e+01	-1.506011e-01	3.399881e+00
4.956667e+01	-1.506148e-01	3.399826e+00
4.960000e+01	-1.505884e-01	3.399931e+00
4.963333e+01	-1.505596e-01	3.400047e+00
4.966667e+01	-1.505522e-01	3.400076e+00
4.970000e+01	-1.502978e-01	3.401095e+00
4.973333e+01	-1.485489e-01	3.408095e+00
4.976667e+01	-1.434245e-01	3.428606e+00
4.980000e+01	-1.349155e-01	3.462665e+00
4.983333e+01	-1.263749e-01	3.496850e+00
4.986667e+01	-1.215680e-01	3.516091e+00
4.990000e+01	-1.201682e-01	3.521694e+00
4.993333e+01	-1.177842e-01	3.531236e+00
4.996667e+01	-1.112956e-01	3.557208e+00
50	-1.028256e-01	3.591111e+00
5.003333e+01	-9.719566e-02	3.613646e+00
5.006667e+01	-9.666130e-02	3.615785e+00
5.010000e+01	-9.932468e-02	3.605124e+00
5.013333e+01	-1.017928e-01	3.595245e+00
5.016667e+01	-1.022603e-01	3.593374e+00
5.020000e+01	-1.012266e-01	3.597512e+00
5.023333e+01	-1.001440e-01	3.601845e+00
5.026667e+01	-9.988473e-02	3.602882e+00
5.030000e+01	-1.003037e-01	3.601205e+00
5.033333e+01	-1.005182e-01	3.600347e+00
5.036667e+01	-9.889264e-02	3.606853e+00
5.040000e+01	-9.359480e-02	3.628059e+00
5.043333e+01	-8.487774e-02	3.662951e+00
5.046667e+01	-7.627327e-02	3.697392e+00
5.050000e+01	-7.153611e-02	3.716353e+00
5.053333e+01	-7.022830e-02	3.721588e+00
5.056667e+01	-6.787653e-02	3.731001e+00
5.060000e+01	-6.162531e-02	3.756023e+00
5.063333e+01	-5.487655e-02	3.783036e+00
5.066667e+01	-5.435892e-02	3.785108e+00
5.070000e+01	-6.234006e-02	3.753162e+00
5.073333e+01	-7.355611e-02	3.708268e+00
5.076667e+01	-8.057182e-02	3.680186e+00
5.080000e+01	-8.067503e-02	3.679773e+00
5.083333e+01	-7.715693e-02	3.693855e+00
5.086667e+01	-7.581721e-02	3.699217e+00
5.090000e+01	-8.062213e-02	3.679985e+00
5.093333e+01	-9.063812e-02	3.639894e+00
5.096667e+01	-1.005484e-01	3.600226e+00
51	-1.053026e-01	3.581197e+00
5.103333e+01	-1.043189e-01	3.585134e+00
5.106667e+01	-1.009622e-01	3.598570e+00
5.110000e+01	-9.882243e-02	3.607134e+00
5.113333e+01	-9.901360e-02	3.606369e+00
5.116667e+01	-1.003771e-01	3.600912e+00
5.120000e+01	-1.013394e-01	3.597060e+00
5.123333e+01	-1.013132e-01	3.597165e+00
5.126667e+01	-1.007386e-01	3.599465e+00
5.130000e+01	-1.000361e-01	3.602277e+00
5.133333e+01	-9.826138e-02	3.609380e+00
5.136667e+01	-9.337552e-02	3.628937e+00
5.140000e+01	-8.506952e-02	3.662183e+00
5.143333e+01	-7.655125e-02	3.696279e+00
5.146667e+01	-7.164459e-02	3.715919e+00
5.150000e+01	-7.015326e-02	3.721888e+00
5.153333e+01	-6.775466e-02	3.731489e+00
5.156667e+01	-6.130741e-02	3.757295e+00
5.160000e+01	-5.261340e-02	3.792095e+00
5.163333e+01	-4.523027e-02	3.821647e+00
5.166667e+01	-3.955064e-02	3.844381e+00
5.170000e+01	-3.369100e-02	3.867835e+00
5.173333e+01	-2.735440e-02	3.893199e+00
5.176667e+01	-2.152729e-02	3.916523e+00
5.180000e+01	-1.573363e-02	3.939713e+00
5.183333e+01	-8.890553e-03	3.967104e+00
5.186667e+01	-2.108692e-03	3.994250e+00
5.190000e+01	1.950182e-03	4.010496e+00
5.193333e+01	2.200643e-03	4.011499e+00
5.196667e+01	2.156671e-04	4.003553e+00
52	-1.552781e-03	3.996475e+00
5.203333e+01	-1.859141e-03	3.995248e+00
5.206667e+01	-1.101860e-03	3.998280e+00
5.210000e+01	-3.302963e-04	4.001368e+00
5.213333e+01	-1.567279e-04	4.002063e+00
5.216667e+01	-4.636353e-04	4.000834e+00
5.220000e+01	-1.070424e-03	3.998405e+00
5.223333e+01	-2.659116e-03	3.992046e+00
5.226667e+01	-5.901039e-03	3.979070e+00
5.230000e+01	-9.125962e-03	3.966162e+00
5.233333e+01	-9.108732e-03	3.966231e+00
5.236667e+01	-5.163786e-03	3.982021e+00
5.240000e+01	-3.306627e-04	4.001366e+00
5.243333e+01	2.027069e-03	4.010804e+00
5.246667e+01	1.320243e-03	4.007975e+00
5.250000e+01	-5.997669e-04	4.000289e+00
5.253333e+01	-1.742600e-03	3.995715e+00
5.256667e+01	-1.555426e-03	3.996464e+00
5.260000e+01	-7.529125e-04	3.999676e+00
5.263333e+01	-2.274738e-04	4.001780e+00
5.266667e+01	-2.753660e-04	4.001588e+00
5.270000e+01	-6.160668e-04	4.000224e+00
5.273333e+01	-8.570019e-04	3.999260e+00
5.276667e+01	-8.502442e-04	3.999287e+00
5.280000e+01	-7.057492e-04	3.999865e+00
5.283333e+01	-5.956842e-04	4.000306e+00
5.286667e+01	-5.923449e-04	4.000319e+00
5.290000e+01	-6.533014e-04	4.000075e+00
5.293333e+01	-9.684366e-04	3.998814e+00
5.296667e+01	-2.734353e-03	3.991745e+00
53	-7.837047e-03	3.971321e+00
5.303333e+01	-1.631911e-02	3.937370e+00
5.306667e+01	-2.485096e-02	3.903219e+00
5.310000e+01	-2.913638e-02	3.886066e+00
5.313333e+01	-2.702471e-02	3.894519e+00
5.316667e+01	-1.915657e-02	3.926012e+00
5.320000e+01	-8.632408e-03	3.968137e+00
5.323333e+01	-2.729857e-05	4.002581e+00
5.326667e+01	3.424689e-03	4.016398e+00
5.330000e+01	2.168672e-03	4.011371e+00
5.333333e+01	-6.537606e-04	4.000073e+00
5.336667e+01	-2.216909e-03	3.993816e+00
5.340000e+01	-1.880156e-03	3.995164e+00
5.343333e+01	-7.349620e-04	3.999748e+00
5.346667e+01	-2.895319e-05	4.002574e+00
5.350000e+01	-1.310834e-04	4.002165e+00
5.353333e+01	-6.175262e-04	4.000218e+00
5.356667e+01	-9.415151e-04	3.998921e+00
5.360000e+01	-9.159701e-04	3.999024e+00
5.363333e+01	-7.087106e-04	3.999853e+00
5.366667e+01	-5.600291e-04	4.000448e+00
5.370000e+01	-5.625066e-04	4.000438e+00
5.373333e+01	-6.503661e-04	4.000087e+00
5.376667e+01	-7.182428e-04	3.999815e+00
5.380000e+01	-7.210254e-04	3.999804e+00
5.383333e+01	-6.840032e-04	3.999952e+00
5.386667e+01	-3.880698e-04	4.001137e+00
5.390000e+01	1.376528e-03	4.008200e+00
5.393333e+01	6.489276e-03	4.028665e+00
5.396667e+01	1.498003e-02	4.062650e+00
54	2.351293e-02	4.096805e+00
5.403333e+01	2.832440e-02	4.116064e+00
5.406667e+01	2.973216e-02	4.121699e+00
5.410000e+01	3.211986e-02	4.131256e+00
5.413333e+01	3.860678e-02	4.157221e+00
5.416667e+01	4.707327e-02	4.191110e+00
5.420000e+01	5.270146e-02	4.213638e+00
5.423333e+01	5.323643e-02	4.215779e+00
5.426667e+01	5.083968e-02	4.206186e+00
5.430000e+01	5.013412e-02	4.203361e+00
5.433333e+01	5.479463e-02	4.222016e+00
5.436667e+01	6.433237e-02	4.260193e+00
5.440000e+01	7.394950e-02	4.298687e+00
5.443333e+01	7.874870e-02	4.317897e+00
5.446667e+01	7.796982e-02	4.314779e+00
5.450000e+01	7.474867e-02	4.301886e+00
5.453333e+01	7.259741e-02	4.293275e+00
5.456667e+01	7.270125e-02	4.293691e+00
5.460000e+01	7.400251e-02	4.298899e+00
5.463333e+01	7.496611e-02	4.302756e+00
5.466667e+01	7.524207e-02	4.303861e+00
5.470000e+01	7.645758e-02	4.308726e+00
5.473333e+01	8.088434e-02	4.326445e+00
5.476667e+01	8.786384e-02	4.354382e+00
5.480000e+01	9.299655e-02	4.374926e+00
5.483333e+01	9.259584e-02	4.373322e+00
5.486667e+01	8.710038e-02	4.351326e+00
5.490000e+01	7.975316e-02	4.321917e+00
5.493333e+01	7.401422e-02	4.298946e+00
5.496667e+01	7.177545e-02	4.289985e+00
55	7.253760e-02	4.293036e+00
5.503333e+01	7.426386e-02	4.299945e+00
5.506667e+01	7.521153e-02	4.303738e+00
5.510000e+01	7.500325e-02	4.302905e+00
5.513333e+01	7.431024e-02	4.300131e+00
5.516667e+01	7.388738e-02	4.298438e+00
5.520000e+01	7.395287e-02	4.298700e+00
5.523333e+01	7.424744e-02	4.299880e+00
5.526667e+01	7.444138e-02	4.300656e+00
5.530000e+01	7.442407e-02	4.300587e+00
5.533333e+01	7.429841e-02	4.300084e+00
5.536667e+01	7.420933e-02	4.299727e+00
5.540000e+01	7.421167e-02	4.299736e+00
5.543333e+01	7.426499e-02	4.299950e+00
5.546667e+01	7.457082e-02	4.301174e+00
5.550000e+01	7.633380e-02	4.308231e+00
5.553333e+01	8.143956e-02	4.328667e+00
5.556667e+01	8.992574e-02	4.362635e+00
5.560000e+01	9.845906e-02	4.396791e+00
5.563333e+01	1.030084e-01	4.415001e+00
5.566667e+01	1.026566e-01	4.413593e+00
5.570000e+01	9.991597e-02	4.402623e+00
5.573333e+01	9.789695e-02	4.394541e+00
5.576667e+01	9.782756e-02	4.394263e+00
5.580000e+01	9.891582e-02	4.398619e+00
5.583333e+01	9.981149e-02	4.402204e+00
5.586667e+01	9.989182e-02	4.402526e+00
5.590000e+01	9.943970e-02	4.400716e+00
5.593333e+01	9.903738e-02	4.399106e+00
5.596667e+01	9.898130e-02	4.398881e+00
56	9.916942e-02	4.399634e+00
5.603333e+01	9.935017e-02	4.400358e+00
5.606667e+01	9.938405e-02	4.400494e+00
5.610000e+01	9.930634e-02	4.400183e+00
5.613333e+01	9.922546e-02	4.399859e+00
5.616667e+01	9.920656e-02	4.399783e+00
5.620000e+01	9.923838e-02	4.399911e+00
5.623333e+01	9.927440e-02	4.400055e+00
5.626667e+01	9.928443e-02	4.400095e+00
5.630000e+01	9.927154e-02	4.400043e+00
5.633333e+01	9.925557e-02	4.399979e+00
5.636667e+01	9.925042e-02	4.399959e+00
5.640000e+01	9.925558e-02	4.399979e+00
5.643333e+01	9.952775e-02	4.401069e+00
5.646667e+01	1.012920e-01	4.408131e+00
5.650000e+01	1.064182e-01	4.428649e+00
5.653333e+01	1.149198e-01	4.462678e+00
5.656667e+01	1.234534e-01	4.496836e+00
5.660000e+01	1.279941e-01	4.515011e+00
5.663333e+01	1.276353e-01	4.513575e+00
5.666667e+01	1.248942e-01	4.502603e+00
5.670000e+01	1.228788e-01	4.494536e+00
5.673333e+01	1.228126e-01	4.494271e+00
5.676667e+01	1.239012e-01	4.498628e+00
5.680000e+01	1.247954e-01	4.502207e+00
5.683333e+01	1.248743e-01	4.502523e+00
5.686667e+01	1.244219e-01	4.500712e+00
5.690000e+01	1.240202e-01	4.499105e+00
5.693333e+01	1.239648e-01	4.498883e+00
5.696667e+01	1.241530e-01	4.499636e+00
57	1.243335e-01	4.500359e+00
5.703333e+01	1.243671e-01	4.500493e+00
5.706667e+01	1.240242e-01	4.499121e+00
5.710000e+01	1.221818e-01	4.491746e+00
5.713333e+01	1.170348e-01	4.471144e+00
5.716667e+01	1.085619e-01	4.437230e+00
5.720000e+01	1.000630e-01	4.403211e+00
5.723333e+01	9.526796e-02	4.384018e+00
5.726667e+01	9.385352e-02	4.378357e+00
5.730000e+01	9.145108e-02	4.368740e+00
5.733333e+01	8.495638e-02	4.342744e+00
5.736667e+01	7.649227e-02	4.308865e+00
5.740000e+01	7.087046e-02	4.286363e+00
5.743333e+01	7.033913e-02	4.284236e+00
5.746667e+01	7.300021e-02	4.294887e+00
5.750000e+01	7.546471e-02	4.304752e+00
5.753333e+01	7.593074e-02	4.306617e+00
5.756667e+01	7.489791e-02	4.302483e+00
5.760000e+01	7.381688e-02	4.298156e+00
5.763333e+01	7.382349e-02	4.298183e+00
5.766667e+01	7.600382e-02	4.306910e+00
5.770000e+01	8.161096e-02	4.329353e+00
5.773333e+01	9.025144e-02	4.363939e+00
5.776667e+01	9.861689e-02	4.397423e+00
5.780000e+01	1.029447e-01	4.414746e+00
5.783333e+01	1.025152e-01	4.413026e+00
5.786667e+01	9.984120e-02	4.402323e+00
5.790000e+01	9.791968e-02	4.394632e+00
5.793333e+01	9.788869e-02	4.394508e+00
5.796667e+01	9.895091e-02	4.398760e+00
58	9.980385e-02	4.402174e+00
5.803333e+01	9.986552e-02	4.402421e+00
5.806667e+01	9.942337e-02	4.400651e+00
5.810000e+01	9.903969e-02	4.399115e+00
5.813333e+01	9.899255e-02	4.398927e+00
5.816667e+01	9.917697e-02	4.399665e+00
5.820000e+01	9.934962e-02	4.400356e+00
5.823333e+01	9.937925e-02	4.400474e+00
5.826667e+01	9.930287e-02	4.400169e+00
5.830000e+01	9.922550e-02	4.399859e+00
5.833333e+01	9.920860e-02	4.399791e+00
5.836667e+01	9.923996e-02	4.399917e+00
5.840000e+01	9.927447e-02	4.400055e+00
5.843333e+01	9.928358e-02	4.400091e+00
5.846667e+01	9.927082e-02	4.400040e+00
5.850000e+01	9.925549e-02	4.399979e+00
5.853333e+01	9.925078e-02	4.399960e+00
5.856667e+01	9.925591e-02	4.399981e+00
5.860000e+01	9.926268e-02	4.400008e+00
5.863333e+01	9.926506e-02	4.400017e+00
5.866667e+01	9.926302e-02	4.400009e+00
5.870000e+01	9.926004e-02	4.399997e+00
5.873333e+01	9.925887e-02	4.399993e+00
5.876667e+01	9.925966e-02	4.399996e+00
5.880000e+01	9.926097e-02	4.400001e+00
5.883333e+01	9.926154e-02	4.400003e+00
5.886667e+01	9.926124e-02	4.400002e+00
5.890000e+01	9.926067e-02	4.400000e+00
5.893333e+01	9.926039e-02	4.399999e+00
5.896667e+01	9.926051e-02	4.399999e+00
59	9.926075e-02	4.400000e+00
5.903333e+01	9.926088e-02	4.400001e+00
5.906667e+01	9.926084e-02	4.400000e+00
5.910000e+01	9.952586e-02	4.401061e+00
5.913333e+01	1.012875e-01	4.408112e+00
5.916667e+01	1.064157e-01	4.428639e+00
5.920000e+01	1.149205e-01	4.462681e+00
5.923333e+01	1.234554e-01	4.496844e+00
5.926667e+01	1.279953e-01	4.515016e+00
5.930000e+01	1.276351e-01	4.513574e+00
5.933333e+01	1.248933e-01	4.502599e+00
5.936667e+01	1.228782e-01	4.494534e+00
5.940000e+01	1.228126e-01	4.494271e+00
5.943333e+01	1.239016e-01	4.498630e+00
5.946667e+01	1.247956e-01	4.502208e+00
5.950000e+01	1.248743e-01	4.502523e+00
5.953333e+01	1.244218e-01	4.500712e+00
5.956667e+01	1.240201e-01	4.499104e+00
5.960000e+01	1.239648e-01	4.498883e+00
5.963333e+01	1.241531e-01	4.499636e+00
5.966667e+01	1.243336e-01	4.500359e+00
5.970000e+01	1.243671e-01	4.500493e+00
5.973333e+01	1.242893e-01	4.500182e+00
5.976667e+01	1.242086e-01	4.499858e+00
5.980000e+01	1.241898e-01	4.499783e+00
5.983333e+01	1.242217e-01	4.499911e+00
5.986667e+01	1.242576e-01	4.500055e+00
5.990000e+01	1.242676e-01	4.500095e+00
5.993333e+01	1.242547e-01	4.500043e+00
5.996667e+01	1.242387e-01	4.499979e+00
60	1.242336e-01	4.499959e+00
6.003333e+01	1.242388e-01	4.499979e+00
6.006667e+01	1.242458e-01	4.500008e+00
6.010000e+01	1.242484e-01	4.500018e+00
6.013333e+01	1.242464e-01	4.500010e+00
6.016667e+01	1.242433e-01	4.499997e+00
6.020000e+01	1.242420e-01	4.499992e+00
6.023333e+01	1.242428e-01	4.499995e+00
6.026667e+01	1.242442e-01	4.500001e+00
6.030000e+01	1.239796e-01	4.498942e+00
6.033333e+01	1.222177e-01	4.491889e+00
6.036667e+01	1.170888e-01	4.471360e+00
6.040000e+01	1.085839e-01	4.437318e+00
6.043333e+01	1.000490e-01	4.403155e+00
6.046667e+01	9.550941e-02	4.384985e+00
6.050000e+01	9.586971e-02	4.386427e+00
6.053333e+01	9.861143e-02	4.397401e+00
6.056667e+01	1.006264e-01	4.405466e+00
6.060000e+01	1.006920e-01	4.405729e+00
6.063333e+01	9.960304e-02	4.401370e+00
6.066667e+01	9.870903e-02	4.397792e+00
6.070000e+01	9.863042e-02	4.397477e+00
6.073333e+01	9.908292e-02	4.399288e+00
6.076667e+01	9.948456e-02	4.400896e+00
6.080000e+01	9.953988e-02	4.401117e+00
6.083333e+01	9.935155e-02	4.400363e+00
6.086667e+01	9.917108e-02	4.399641e+00
6.090000e+01	9.913754e-02	4.399507e+00
6.093333e+01	9.921536e-02	4.399818e+00
6.096667e+01	9.929612e-02	4.400142e+00
61	9.931487e-02	4.400217e+00
6.103333e+01	9.928300e-02	4.400089e+00
6.106667e+01	9.924702e-02	4.399945e+00
6.110000e+01	9.923706e-02	4.399905e+00
6.113333e+01	9.924998e-02	4.399957e+00
6.116667e+01	9.926593e-02	4.400021e+00
6.120000e+01	9.927105e-02	4.400041e+00
6.123333e+01	9.953099e-02	4.401082e+00
6.126667e+01	1.012856e-01	4.408105e+00
6.130000e+01	1.064113e-01	4.428622e+00
6.133333e+01	1.149180e-01	4.462671e+00
6.136667e+01	1.234560e-01	4.496846e+00
6.140000e+01	1.279972e-01	4.515023e+00
6.143333e+01	1.276362e-01	4.513578e+00
6.146667e+01	1.248931e-01	4.502599e+00
6.150000e+01	1.226123e-01	4.493469e+00
6.153333e+01	1.207853e-01	4.486156e+00
6.156667e+01	1.167466e-01	4.469990e+00
6.160000e+01	1.091363e-01	4.439529e+00
6.163333e+01	1.006799e-01	4.405680e+00
6.166667e+01	9.568722e-02	4.385696e+00
6.170000e+01	9.564559e-02	4.385530e+00
6.173333e+01	9.833205e-02	4.396283e+00
6.176667e+01	1.005356e-01	4.405103e+00
6.180000e+01	1.007818e-01	4.406088e+00
6.183333e+01	9.972634e-02	4.401864e+00
6.186667e+01	9.875443e-02	4.397973e+00
6.190000e+01	9.859499e-02	4.397335e+00
6.193333e+01	9.902874e-02	4.399071e+00
6.196667e+01	9.946229e-02	4.400807e+00
62	9.955362e-02	4.401172e+00
6.203333e+01	9.937525e-02	4.400458e+00
6.206667e+01	9.918184e-02	4.399684e+00
6.210000e+01	9.913234e-02	4.399486e+00
6.213333e+01	9.920503e-02	4.399777e+00
6.216667e+01	9.929098e-02	4.400121e+00
6.220000e+01	9.931678e-02	4.400224e+00
6.223333e+01	9.928747e-02	4.400107e+00
6.226667e+01	9.924945e-02	4.399955e+00
6.230000e+01	9.923638e-02	4.399903e+00
6.233333e+01	9.924805e-02	4.399949e+00
6.236667e+01	9.926480e-02	4.400016e+00
6.240000e+01	9.927127e-02	4.400042e+00
6.243333e+01	9.926670e-02	4.400024e+00
6.246667e+01	9.925936e-02	4.399994e+00
6.250000e+01	9.925620e-02	4.399982e+00
6.253333e+01	9.925796e-02	4.399989e+00
6.256667e+01	9.926116e-02	4.400002e+00
6.260000e+01	9.926268e-02	4.400008e+00
6.263333e+01	9.926202e-02	4.400005e+00
6.266667e+01	9.926063e-02	4.400000e+00
6.270000e+01	9.925991e-02	4.399997e+00
6.273333e+01	9.926015e-02	4.399998e+00
6.276667e+01	9.926075e-02	4.400000e+00
6.280000e+01	9.926109e-02	4.400001e+00
6.283333e+01	9.926101e-02	4.400001e+00
6.286667e+01	9.926075e-02	4.400000e+00
6.290000e+01	9.926059e-02	4.399999e+00
6.293333e+01	9.926061e-02	4.400000e+00
6.296667e+01	9.926073e-02	4.400000e+00
63	9.926080e-02	4.400000e+00
6.303333e+01	9.899567e-02	4.398939e+00
6.306667e+01	9.723395e-02	4.391887e+00
6.310000e+01	9.210566e-02	4.371360e+00
6.313333e+01	8.360099e-02	4.337319e+00
6.316667e+01	7.480097e-02	4.302095e+00
6.320000e+01	6.823429e-02	4.275811e+00
6.323333e+01	6.170452e-02	4.249674e+00
6.326667e+01	5.081336e-02	4.206080e+00
6.330000e+01	3.578885e-02	4.145942e+00
6.333333e+01	2.277967e-02	4.093870e+00
6.336667e+01	1.751098e-02	4.072781e+00
6.340000e+01	1.971885e-02	4.081618e+00
6.343333e+01	2.466218e-02	4.101405e+00
6.346667e+01	2.895709e-02	4.118596e+00
6.350000e+01	3.372880e-02	4.137696e+00
6.353333e+01	4.206747e-02	4.171073e+00
6.356667e+01	5.456961e-02	4.221115e+00
6.360000e+01	6.780756e-02	4.274103e+00
6.363333e+01	7.680294e-02	4.310108e+00
6.366667e+01	7.913588e-02	4.319446e+00
6.370000e+01	7.670840e-02	4.309730e+00
6.373333e+01	7.355094e-02	4.297092e+00
6.376667e+01	7.237891e-02	4.292400e+00
6.380000e+01	7.321562e-02	4.295749e+00
6.383333e+01	7.453184e-02	4.301018e+00
6.386667e+01	7.535095e-02	4.304297e+00
6.390000e+01	7.679245e-02	4.310066e+00
6.393333e+01	8.135013e-02	4.328309e+00
6.396667e+01	8.959036e-02	4.361292e+00
64	9.824633e-02	4.395940e+00
6.403333e+01	1.030344e-01	4.415105e+00
6.406667e+01	1.028000e-01	4.414167e+00
6.410000e+01	1.000141e-01	4.403015e+00
6.413333e+01	9.789147e-02	4.394519e+00
6.416667e+01	9.776654e-02	4.394019e+00
6.420000e+01	9.887085e-02	4.398439e+00
6.423333e+01	9.981127e-02	4.402204e+00
6.426667e+01	9.991762e-02	4.402629e+00
6.430000e+01	9.946019e-02	4.400798e+00
6.433333e+01	9.903863e-02	4.399111e+00
6.436667e+01	9.897045e-02	4.398838e+00
6.440000e+01	9.916014e-02	4.399597e+00
6.443333e+01	9.934912e-02	4.400354e+00
6.446667e+01	9.938858e-02	4.400512e+00
6.450000e+01	9.931052e-02	4.400199e+00
6.453333e+01	9.922615e-02	4.399862e+00
6.456667e+01	9.920469e-02	4.399776e+00
6.460000e+01	9.923650e-02	4.399903e+00
6.463333e+01	9.927400e-02	4.400053e+00
6.466667e+01	9.928520e-02	4.400098e+00
6.470000e+01	9.927237e-02	4.400047e+00
6.473333e+01	9.925578e-02	4.399980e+00
6.476667e+01	9.925010e-02	4.399957e+00
6.480000e+01	9.925521e-02	4.399978e+00
6.483333e+01	9.926252e-02	4.400007e+00
6.486667e+01	9.926534e-02	4.400018e+00
6.490000e+01	9.926333e-02	4.400010e+00
6.493333e+01	9.926013e-02	4.399998e+00
6.496667e+01	9.925876e-02	4.399992e+00
65	9.925953e-02	4.399995e+00
6.503333e+01	9.926093e-02	4.400001e+00
6.506667e+01	9.926159e-02	4.400003e+00
6.510000e+01	9.926130e-02	4.400002e+00
6.513333e+01	9.926069e-02	4.400000e+00
6.516667e+01	9.926037e-02	4.399999e+00
6.520000e+01	9.926048e-02	4.399999e+00
6.523333e+01	9.926074e-02	4.400000e+00
6.526667e+01	9.899577e-02	4.398939e+00
6.530000e+01	9.723406e-02	4.391888e+00
6.533333e+01	9.184057e-02	4.370299e+00
6.536667e+01	8.130903e-02	4.328145e+00
6.540000e+01	6.588419e-02	4.266404e+00
6.543333e+01	4.771143e-02	4.193664e+00
6.546667e+01	3.103202e-02	4.126902e+00
6.550000e+01	2.069897e-02	4.085542e+00
6.553333e+01	1.853430e-02	4.076877e+00
6.556667e+01	2.170185e-02	4.089556e+00
6.560000e+01	2.536975e-02	4.104237e+00
6.563333e+01	2.629131e-02	4.107926e+00
6.566667e+01	2.342767e-02	4.096464e+00
6.570000e+01	1.676891e-02	4.069811e+00
6.573333e+01	7.693201e-03	4.033484e+00
6.576667e+01	-4.125292e-04	4.001039e+00
6.580000e+01	-4.286596e-03	3.985532e+00
6.583333e+01	-3.649917e-03	3.988081e+00
6.586667e+01	-1.074693e-03	3.998388e+00
6.590000e+01	6.494023e-04	4.005289e+00
6.593333e+01	5.817792e-04	4.005019e+00
6.596667e+01	-4.441559e-04	4.000912e+00
66	-1.211499e-03	3.997841e+00
6.603333e+01	-1.226600e-03	3.997780e+00
6.606667e+01	-7.971824e-04	3.999499e+00
6.610000e+01	-4.504458e-04	4.000887e+00
6.613333e+01	-4.251012e-04	4.000988e+00
6.616667e+01	-6.053593e-04	4.000267e+00
6.620000e+01	-7.621428e-04	3.999639e+00
6.623333e+01	-7.816572e-04	3.999561e+00
6.626667e+01	-7.064656e-04	3.999862e+00
6.630000e+01	-6.358763e-04	4.000145e+00
6.633333e+01	-6.236345e-04	4.000194e+00
6.636667e+01	-6.547619e-04	4.000069e+00
6.640000e+01	-6.863906e-04	3.999943e+00
6.643333e+01	-4.282381e-04	4.000976e+00
6.646667e+01	1.611339e-03	4.009140e+00
6.650000e+01	8.515372e-03	4.036774e+00
6.653333e+01	2.215204e-02	4.091358e+00
6.656667e+01	3.918644e-02	4.159541e+00
6.660000e+01	5.225499e-02	4.211851e+00
6.663333e+01	5.643279e-02	4.228573e+00
6.666667e+01	5.333295e-02	4.216165e+00
6.670000e+01	4.857887e-02	4.197136e+00
6.673333e+01	4.649912e-02	4.188812e+00
6.676667e+01	4.778673e-02	4.193965e+00
6.680000e+01	5.179532e-02	4.210011e+00
6.683333e+01	5.939234e-02	4.240419e+00
6.686667e+01	7.115517e-02	4.287502e+00
6.690000e+01	8.397457e-02	4.338814e+00
6.693333e+01	9.321620e-02	4.375806e+00
6.696667e+01	9.749856e-02	4.392947e+00
67	9.876024e-02	4.397997e+00
6.703333e+01	9.911735e-02	4.399426e+00
6.706667e+01	9.937400e-02	4.400453e+00
6.710000e+01	9.951217e-02	4.401006e+00
6.713333e+01	9.944627e-02	4.400743e+00
6.716667e+01	9.927747e-02	4.400067e+00
6.720000e+01	9.916631e-02	4.399622e+00
6.723333e+01	9.917348e-02	4.399651e+00
6.726667e+01	9.924468e-02	4.399936e+00
6.730000e+01	9.929798e-02	4.400149e+00
6.733333e+01	9.929941e-02	4.400155e+00
6.736667e+01	9.926982e-02	4.400036e+00
6.740000e+01	9.924562e-02	4.399939e+00
6.743333e+01	9.924357e-02	4.399931e+00
6.746667e+01	9.925593e-02	4.399981e+00
6.750000e+01	9.900174e-02	4.398963e+00
6.753333e+01	9.724154e-02	4.391918e+00
6.756667e+01	9.210815e-02	4.371370e+00
6.760000e+01	8.359856e-02	4.337309e+00
6.763333e+01	7.506274e-02	4.303143e+00
6.766667e+01	7.025985e-02	4.283918e+00
6.770000e+01	6.912565e-02	4.279379e+00
6.773333e+01	6.850135e-02	4.276880e+00
6.776667e+01	6.687403e-02	4.270366e+00
6.780000e+01	6.514676e-02	4.263452e+00
6.783333e+01	6.292430e-02	4.254557e+00
6.786667e+01	5.842599e-02	4.236551e+00
6.790000e+01	5.219446e-02	4.211608e+00
6.793333e+01	4.764565e-02	4.193401e+00
6.796667e+01	4.795444e-02	4.194637e+00
68	5.322844e-02	4.215747e+00
6.803333e+01	6.038814e-02	4.244405e+00
6.806667e+01	6.624726e-02	4.267857e+00
6.810000e+01	7.016563e-02	4.283541e+00
6.813333e+01	7.293345e-02	4.294620e+00
6.816667e+01	7.474752e-02	4.301881e+00
6.820000e+01	7.560670e-02	4.305320e+00
6.823333e+01	7.695370e-02	4.310712e+00
6.826667e+01	8.138775e-02	4.328460e+00
6.830000e+01	8.954496e-02	4.361111e+00
6.833333e+01	9.818883e-02	4.395709e+00
6.836667e+01	1.030120e-01	4.415015e+00
6.840000e+01	1.028137e-01	4.414221e+00
6.843333e+01	1.000372e-01	4.403108e+00
6.846667e+01	9.790183e-02	4.394561e+00
6.850000e+01	9.776146e-02	4.393999e+00
6.853333e+01	9.886092e-02	4.398400e+00
6.856667e+01	9.980639e-02	4.402184e+00
6.860000e+01	9.991951e-02	4.402637e+00
6.863333e+01	9.946449e-02	4.400816e+00
6.866667e+01	9.904094e-02	4.399120e+00
6.870000e+01	9.896978e-02	4.398835e+00
6.873333e+01	9.915828e-02	4.399590e+00
6.876667e+01	9.934803e-02	4.400349e+00
6.880000e+01	9.938880e-02	4.400513e+00
6.883333e+01	9.931132e-02	4.400202e+00
6.886667e+01	9.922665e-02	4.399864e+00
6.890000e+01	9.920462e-02	4.399775e+00
6.893333e+01	9.923616e-02	4.399902e+00
6.896667e+01	9.927377e-02	4.400052e+00
69	9.902010e-02	4.399037e+00
6.903333e+01	9.724572e-02	4.391935e+00
6.906667e+01	9.183572e-02	4.370280e+00
6.910000e+01	8.156358e-02	4.329164e+00
6.913333e+01	6.764034e-02	4.273433e+00
6.916667e+01	5.284142e-02	4.214198e+00
6.920000e+01	3.927615e-02	4.159900e+00
6.923333e+01	2.694457e-02	4.110541e+00
6.926667e+01	1.389176e-02	4.058294e+00
6.930000e+01	-1.475048e-03	3.996786e+00
6.933333e+01	-1.749271e-02	3.932672e+00
6.936667e+01	-3.041446e-02	3.880950e+00
6.940000e+01	-3.887429e-02	3.847088e+00
6.943333e+01	-4.465323e-02	3.823957e+00
6.946667e+01	-4.946297e-02	3.804705e+00
6.950000e+01	-5.407035e-02	3.786263e+00
6.953333e+01	-5.972697e-02	3.763621e+00
6.956667e+01	-6.714527e-02	3.733928e+00
6.960000e+01	-7.472298e-02	3.703597e+00
6.963333e+01	-8.063243e-02	3.679943e+00
6.966667e+01	-8.577654e-02	3.659353e+00
6.970000e+01	-9.206049e-02	3.634200e+00
6.973333e+01	-9.877659e-02	3.607318e+00
6.976667e+01	-1.033716e-01	3.588925e+00
6.980000e+01	-1.056355e-01	3.579864e+00
6.983333e+01	-1.088208e-01	3.567114e+00
6.986667e+01	-1.154446e-01	3.540601e+00
6.990000e+01	-1.235769e-01	3.508050e+00
6.993333e+01	-1.289766e-01	3.486437e+00
6.996667e+01	-1.298814e-01	3.482815e+00
70	-1.283423e-01	3.488976e+00
7.003333e+01	-1.275455e-01	3.492165e+00
7.006667e+01	-1.289153e-01	3.486682e+00
7.010000e+01	-1.316632e-01	3.475683e+00
7.013333e+01	-1.342771e-01	3.465220e+00
7.016667e+01	-1.359909e-01	3.458360e+00
7.020000e+01	-1.370678e-01	3.454050e+00
7.023333e+01	-1.381595e-01	3.449680e+00
7.026667e+01	-1.396302e-01	3.443794e+00
7.030000e+01	-1.413911e-01	3.436745e+00
7.033333e+01	-1.431623e-01	3.429656e+00
7.036667e+01	-1.447740e-01	3.423205e+00
7.040000e+01	-1.462373e-01	3.417348e+00
7.043333e+01	-1.475787e-01	3.411978e+00
7.046667e+01	-1.484179e-01	3.408619e+00
7.050000e+01	-1.473821e-01	3.412765e+00
7.053333e+01	-1.426650e-01	3.431646e+00
7.056667e+01	-1.344709e-01	3.464445e+00
7.060000e+01	-1.262443e-01	3.497373e+00
7.063333e+01	-1.219293e-01	3.514645e+00
7.066667e+01	-1.223456e-01	3.512979e+00
7.070000e+01	-1.250106e-01	3.502311e+00
7.073333e+01	-1.269292e-01	3.494632e+00
7.076667e+01	-1.269595e-01	3.494510e+00
7.080000e+01	-1.258972e-01	3.498762e+00
7.083333e+01	-1.250444e-01	3.502176e+00
7.086667e+01	-1.249831e-01	3.502421e+00
7.090000e+01	-1.254255e-01	3.500651e+00
7.093333e+01	-1.258093e-01	3.499114e+00
7.096667e+01	-1.258563e-01	3.498926e+00
71	-1.256718e-01	3.499665e+00
7.103333e+01	-1.254991e-01	3.500356e+00
7.106667e+01	-1.254695e-01	3.500475e+00
7.110000e+01	-1.255459e-01	3.500169e+00
7.113333e+01	-1.256233e-01	3.499859e+00
7.116667e+01	-1.256402e-01	3.499791e+00
7.120000e+01	-1.256088e-01	3.499917e+00
7.123333e+01	-1.255743e-01	3.500055e+00
7.126667e+01	-1.255652e-01	3.500091e+00
7.130000e+01	-1.255780e-01	3.500040e+00
7.133333e+01	-1.258584e-01	3.498918e+00
7.136667e+01	-1.273597e-01	3.492909e+00
7.140000e+01	-1.309862e-01	3.478393e+00
7.143333e+01	-1.361176e-01	3.457854e+00
7.146667e+01	-1.412737e-01	3.437215e+00
7.150000e+01	-1.457854e-01	3.419156e+00
7.153333e+01	-1.494232e-01	3.404595e+00
7.156667e+01	-1.515827e-01	3.395951e+00
7.160000e+01	-1.519484e-01	3.394488e+00
7.163333e+01	-1.511548e-01	3.397664e+00
7.166667e+01	-1.502937e-01	3.401111e+00
7.170000e+01	-1.500335e-01	3.402152e+00
7.173333e+01	-1.503076e-01	3.401055e+00
7.176667e+01	-1.506708e-01	3.399602e+00
7.180000e+01	-1.508002e-01	3.399084e+00
7.183333e+01	-1.509589e-01	3.398449e+00
7.186667e+01	-1.525624e-01	3.392030e+00
7.190000e+01	-1.576275e-01	3.371756e+00
7.193333e+01	-1.661737e-01	3.337548e+00
7.196667e+01	-1.747778e-01	3.303109e+00
72	-1.793483e-01	3.284814e+00
7.203333e+01	-1.789723e-01	3.286320e+00
7.206667e+01	-1.762003e-01	3.297415e+00
7.210000e+01	-1.741706e-01	3.305539e+00
7.213333e+01	-1.741108e-01	3.305778e+00
7.216667e+01	-1.752129e-01	3.301367e+00
7.220000e+01	-1.761139e-01	3.297761e+00
7.223333e+01	-1.761904e-01	3.297454e+00
7.226667e+01	-1.757323e-01	3.299288e+00
7.230000e+01	-1.753274e-01	3.300909e+00
7.233333e+01	-1.752727e-01	3.301128e+00
7.236667e+01	-1.754635e-01	3.300364e+00
7.240000e+01	-1.756455e-01	3.299636e+00
7.243333e+01	-1.756788e-01	3.299502e+00
7.246667e+01	-1.756000e-01	3.299818e+00
7.250000e+01	-1.755185e-01	3.300144e+00
7.253333e+01	-1.754998e-01	3.300219e+00
7.256667e+01	-1.755321e-01	3.300089e+00
7.260000e+01	-1.755684e-01	3.299944e+00
7.263333e+01	-1.755784e-01	3.299904e+00
7.266667e+01	-1.755653e-01	3.299957e+00
7.270000e+01	-1.755492e-01	3.300021e+00
7.273333e+01	-1.755440e-01	3.300042e+00
7.276667e+01	-1.755493e-01	3.300021e+00
7.280000e+01	-1.755564e-01	3.299992e+00
7.283333e+01	-1.755590e-01	3.299982e+00
7.286667e+01	-1.755569e-01	3.299990e+00
7.290000e+01	-1.755538e-01	3.300003e+00
7.293333e+01	-1.755525e-01	3.300008e+00
7.296667e+01	-1.755533e-01	3.300005e+00
73	-1.755547e-01	3.299999e+00
7.303333e+01	-1.755553e-01	3.299997e+00
7.306667e+01	-1.755550e-01	3.299998e+00
7.310000e+01	-1.755544e-01	3.300000e+00
7.313333e+01	-1.755541e-01	3.300001e+00
7.316667e+01	-1.755542e-01	3.300001e+00
7.320000e+01	-1.755545e-01	3.300000e+00
7.323333e+01	-1.755546e-01	3.299999e+00
7.326667e+01	-1.755546e-01	3.300000e+00
7.330000e+01	-1.755544e-01	3.300000e+00
7.333333e+01	-1.752893e-01	3.301061e+00
7.336667e+01	-1.735276e-01	3.308113e+00
7.340000e+01	-1.686645e-01	3.327578e+00
7.343333e+01	-1.616564e-01	3.355629e+00
7.346667e+01	-1.567532e-01	3.375256e+00
7.350000e+01	-1.573514e-01	3.372861e+00
7.353333e+01	-1.628700e-01	3.350772e+00
7.356667e+01	-1.698563e-01	3.322808e+00
7.360000e+01	-1.737446e-01	3.307244e+00
7.363333e+01	-1.708403e-01	3.318869e+00
7.366667e+01	-1.618783e-01	3.354741e+00
7.370000e+01	-1.534187e-01	3.388603e+00
7.373333e+01	-1.530679e-01	3.390007e+00
7.376667e+01	-1.621247e-01	3.353755e+00
7.380000e+01	-1.740766e-01	3.305915e+00
7.383333e+01	-1.810498e-01	3.278004e+00
7.386667e+01	-1.806964e-01	3.279418e+00
7.390000e+01	-1.765791e-01	3.295899e+00
7.393333e+01	-1.734784e-01	3.308310e+00
7.396667e+01	-1.733487e-01	3.308829e+00
74	-1.750124e-01	3.302170e+00
7.403333e+01	-1.763959e-01	3.296632e+00
7.406667e+01	-1.765286e-01	3.296101e+00
7.410000e+01	-1.758360e-01	3.298873e+00
7.413333e+01	-1.752138e-01	3.301364e+00
7.416667e+01	-1.751232e-01	3.301726e+00
7.420000e+01	-1.754111e-01	3.300574e+00
7.423333e+01	-1.756906e-01	3.299455e+00
7.426667e+01	-1.757446e-01	3.299239e+00
7.430000e+01	-1.756258e-01	3.299714e+00
7.433333e+01	-1.752357e-01	3.301276e+00
7.436667e+01	-1.734441e-01	3.308447e+00
7.440000e+01	-1.683645e-01	3.328779e+00
7.443333e+01	-1.599154e-01	3.362598e+00
7.446667e+01	-1.513963e-01	3.396698e+00
7.450000e+01	-1.468367e-01	3.414948e+00
7.453333e+01	-1.471723e-01	3.413605e+00
7.456667e+01	-1.499059e-01	3.402663e+00
7.460000e+01	-1.516638e-01	3.395627e+00
7.463333e+01	-1.499786e-01	3.402372e+00
7.466667e+01	-1.437654e-01	3.427242e+00
7.470000e+01	-1.343636e-01	3.464874e+00
7.473333e+01	-1.257453e-01	3.499371e+00
7.476667e+01	-1.213908e-01	3.516800e+00
7.480000e+01	-1.203921e-01	3.520798e+00
7.483333e+01	-1.180631e-01	3.530120e+00
7.486667e+01	-1.113861e-01	3.556846e+00
7.490000e+01	-1.024708e-01	3.592531e+00
7.493333e+01	-9.504578e-02	3.622251e+00
7.496667e+01	-8.946100e-02	3.644605e+00
75	-8.370038e-02	3.667663e+00
7.503333e+01	-7.765220e-02	3.691872e+00
7.506667e+01	-7.381306e-02	3.707239e+00
7.510000e+01	-7.486524e-02	3.703028e+00
7.513333e+01	-8.164273e-02	3.675899e+00
7.516667e+01	-9.191620e-02	3.634778e+00
7.520000e+01	-1.009517e-01	3.598612e+00
7.523333e+01	-1.048873e-01	3.582859e+00
7.526667e+01	-1.037640e-01	3.587355e+00
7.530000e+01	-1.007670e-01	3.599351e+00
7.533333e+01	-9.898947e-02	3.606466e+00
7.536667e+01	-9.925800e-02	3.605391e+00
7.540000e+01	-1.004732e-01	3.600527e+00
7.543333e+01	-1.012739e-01	3.597322e+00
7.546667e+01	-1.012060e-01	3.597594e+00
7.550000e+01	-1.006919e-01	3.599652e+00
7.553333e+01	-1.003262e-01	3.601115e+00
7.556667e+01	-1.003350e-01	3.601080e+00
7.560000e+01	-1.005530e-01	3.600208e+00
7.563333e+01	-1.007199e-01	3.599540e+00
7.566667e+01	-1.007256e-01	3.599517e+00
7.570000e+01	-1.006336e-01	3.599885e+00
7.573333e+01	-1.005578e-01	3.600188e+00
7.576667e+01	-1.005511e-01	3.600215e+00
7.580000e+01	-1.005896e-01	3.600061e+00
7.583333e+01	-1.006239e-01	3.599924e+00
7.586667e+01	-1.006287e-01	3.599905e+00
7.590000e+01	-1.006126e-01	3.599969e+00
7.593333e+01	-1.005972e-01	3.600031e+00
7.596667e+01	-1.005943e-01	3.600042e+00
76	-1.006010e-01	3.600016e+00
7.603333e+01	-1.006079e-01	3.599988e+00
7.606667e+01	-1.006095e-01	3.599982e+00
7.610000e+01	-1.006068e-01	3.599992e+00
7.613333e+01	-1.006037e-01	3.600005e+00
7.616667e+01	-1.006028e-01	3.600008e+00
7.620000e+01	-1.006039e-01	3.600004e+00
7.623333e+01	-1.006053e-01	3.599998e+00
7.626667e+01	-1.006057e-01	3.599996e+00
7.630000e+01	-1.006053e-01	3.599998e+00
7.633333e+01	-1.006047e-01	3.600001e+00
7.636667e+01	-1.006045e-01	3.600002e+00
7.640000e+01	-1.003395e-01	3.601062e+00
7.643333e+01	-9.857811e-02	3.608112e+00
7.646667e+01	-9.344997e-02	3.628639e+00
7.650000e+01	-8.494523e-02	3.662681e+00
7.653333e+01	-7.641019e-02	3.696844e+00
7.656667e+01	-7.187024e-02	3.715016e+00
7.660000e+01	-7.223043e-02	3.713574e+00
7.663333e+01	-7.497224e-02	3.702599e+00
7.666667e+01	-7.698736e-02	3.694533e+00
7.670000e+01	-7.705299e-02	3.694271e+00
7.673333e+01	-7.596401e-02	3.698630e+00
7.676667e+01	-7.506994e-02	3.702208e+00
7.680000e+01	-7.499130e-02	3.702523e+00
7.683333e+01	-7.544381e-02	3.700712e+00
7.686667e+01	-7.584548e-02	3.699104e+00
7.690000e+01	-7.590081e-02	3.698883e+00
7.693333e+01	-7.571248e-02	3.699636e+00
7.696667e+01	-7.526688e-02	3.701420e+00
77	-7.347165e-02	3.708606e+00
7.703333e+01	-6.842122e-02	3.728821e+00
7.706667e+01	-5.999731e-02	3.762539e+00
7.710000e+01	-5.148114e-02	3.796627e+00
7.713333e+01	-4.690938e-02	3.814926e+00
7.716667e+01	-4.696844e-02	3.814690e+00
7.720000e+01	-4.793856e-02	3.810807e+00
7.723333e+01	-4.483832e-02	3.823216e+00
7.726667e+01	-3.641524e-02	3.856931e+00
7.730000e+01	-2.679648e-02	3.895432e+00
7.733333e+01	-2.135735e-02	3.917203e+00
7.736667e+01	-2.136671e-02	3.917166e+00
7.740000e+01	-2.279673e-02	3.911442e+00
7.743333e+01	-2.008728e-02	3.922287e+00
7.746667e+01	-1.170668e-02	3.955832e+00
7.750000e+01	-1.895723e-03	3.995102e+00
7.753333e+01	3.719502e-03	4.017578e+00
7.756667e+01	3.472882e-03	4.016591e+00
7.760000e+01	2.014120e-04	4.003496e+00
7.763333e+01	-2.296407e-03	3.993498e+00
7.766667e+01	-2.436723e-03	3.992937e+00
7.770000e+01	-1.127854e-03	3.998176e+00
7.773333e+01	-1.723234e-05	4.002621e+00
7.776667e+01	1.051786e-04	4.003111e+00
7.780000e+01	-4.379233e-04	4.000937e+00
7.783333e+01	-9.363409e-04	3.998942e+00
7.786667e+01	-1.015660e-03	3.998625e+00
7.790000e+01	-7.903437e-04	3.999527e+00
7.793333e+01	-5.668308e-04	4.000421e+00
7.796667e+01	-5.207074e-04	4.000606e+00
78	-8.785811e-04	3.999173e+00
7.803333e+01	-2.740078e-03	3.991722e+00
7.806667e+01	-7.893480e-03	3.971095e+00
7.810000e+01	-1.636032e-02	3.937205e+00
7.813333e+01	-2.485087e-02	3.903220e+00
7.816667e+01	-2.911250e-02	3.886162e+00
7.820000e+01	-2.700592e-02	3.894594e+00
7.823333e+01	-1.915555e-02	3.926016e+00
7.826667e+01	-8.642457e-03	3.968097e+00
7.830000e+01	-3.581621e-05	4.002547e+00
7.833333e+01	3.423775e-03	4.016394e+00
7.836667e+01	2.172873e-03	4.011387e+00
7.840000e+01	-6.499191e-04	4.000089e+00
7.843333e+01	-2.216306e-03	3.993819e+00
7.846667e+01	-1.881899e-03	3.995157e+00
7.850000e+01	-7.366860e-04	3.999741e+00
7.853333e+01	2.358135e-04	4.003634e+00
7.856667e+01	1.896433e-03	4.010281e+00
7.860000e+01	6.538292e-03	4.028861e+00
7.863333e+01	1.471840e-02	4.061603e+00
7.866667e+01	2.327838e-02	4.095866e+00
7.870000e+01	2.802549e-02	4.114867e+00
7.873333e+01	2.781425e-02	4.114022e+00
7.876667e+01	2.507023e-02	4.103038e+00
7.880000e+01	2.296731e-02	4.094621e+00
7.883333e+01	2.256857e-02	4.093025e+00
7.886667e+01	2.189297e-02	4.090321e+00
7.890000e+01	1.769578e-02	4.073521e+00
7.893333e+01	9.300605e-03	4.039917e+00
7.896667e+01	3.161440e-04	4.003955e+00
79	-4.640903e-03	3.984114e+00
7.903333e+01	-4.350008e-03	3.985278e+00
7.906667e+01	-1.421954e-03	3.996998e+00
7.910000e+01	7.800576e-04	4.005812e+00
7.913333e+01	8.854973e-04	4.006234e+00
7.916667e+01	-2.800599e-04	4.001569e+00
7.920000e+01	-1.257534e-03	3.997657e+00
7.923333e+01	-1.357729e-03	3.997255e+00
7.926667e+01	-8.740303e-04	3.999192e+00
7.930000e+01	-4.353079e-04	4.000948e+00
7.933333e+01	-3.687589e-04	4.001214e+00
7.936667e+01	-5.696580e-04	4.000410e+00
7.940000e+01	-7.665311e-04	3.999622e+00
7.943333e+01	-8.057461e-04	3.999465e+00
7.946667e+01	-7.229335e-04	3.999796e+00
7.950000e+01	-9.000693e-04	3.999087e+00
7.953333e+01	-2.640188e-03	3.992122e+00
7.956667e+01	-7.802262e-03	3.971460e+00
7.960000e+01	-1.634608e-02	3.937262e+00
7.963333e+01	-2.489233e-02	3.903054e+00
7.966667e+01	-2.941856e-02	3.884937e+00
7.970000e+01	-2.904106e-02	3.886448e+00
7.973333e+01	-2.629352e-02	3.897445e+00
7.976667e+01	-2.428389e-02	3.905489e+00
7.980000e+01	-2.422590e-02	3.905721e+00
7.983333e+01	-2.531773e-02	3.901351e+00
7.986667e+01	-2.620964e-02	3.897781e+00
7.990000e+01	-2.628492e-02	3.897480e+00
7.993333e+01	-2.583101e-02	3.899296e+00
7.996667e+01	-2.569530e-02	3.899840e+00
80	-2.740311e-02	3.893004e+00
8.003333e+01	-3.272037e-02	3.871721e+00
8.006667e+01	-4.140521e-02	3.836958e+00
8.010000e+01	-4.997304e-02	3.802663e+00
8.013333e+01	-5.443480e-02	3.784804e+00
8.016667e+01	-5.399399e-02	3.786569e+00
8.020000e+01	-5.123375e-02	3.797617e+00
8.023333e+01	-4.925068e-02	3.805555e+00
8.026667e+01	-4.922098e-02	3.805674e+00
8.030000e+01	-5.005466e-02	3.802337e+00
8.033333e+01	-4.917405e-02	3.805862e+00
8.036667e+01	-4.410850e-02	3.826137e+00
8.040000e+01	-3.514626e-02	3.862010e+00
8.043333e+01	-2.621489e-02	3.897760e+00
8.046667e+01	-2.162669e-02	3.916125e+00
8.050000e+01	-2.191261e-02	3.914981e+00
8.053333e+01	-2.307111e-02	3.910344e+00
8.056667e+01	-1.998840e-02	3.922683e+00
8.060000e+01	-1.147030e-02	3.956778e+00
8.063333e+01	-1.766458e-03	3.995619e+00
8.066667e+01	3.684889e-03	4.017440e+00
8.070000e+01	3.370895e-03	4.016183e+00
8.073333e+01	1.409593e-04	4.003254e+00
8.076667e+01	-2.285170e-03	3.993543e+00
8.080000e+01	-2.392930e-03	3.993112e+00
8.083333e+01	-1.099799e-03	3.998288e+00
8.086667e+01	2.447172e-04	4.003670e+00
8.090000e+01	2.113268e-03	4.011149e+00
8.093333e+01	6.704196e-03	4.029525e+00
8.096667e+01	1.445887e-02	4.060564e+00
81	2.116014e-02	4.087388e+00
8.103333e+01	2.052995e-02	4.084865e+00
8.106667e+01	1.012110e-02	4.043202e+00
8.110000e+01	-6.506263e-03	3.976647e+00
8.113333e+01	-2.341969e-02	3.908948e+00
8.116667e+01	-3.688565e-02	3.855048e+00
8.120000e+01	-4.612305e-02	3.818074e+00
8.123333e+01	-5.161615e-02	3.796087e+00
8.126667e+01	-5.498838e-02	3.782589e+00
8.130000e+01	-5.927042e-02	3.765449e+00
8.133333e+01	-6.654375e-02	3.736336e+00
8.136667e+01	-7.633250e-02	3.697155e+00
8.140000e+01	-8.795624e-02	3.650628e+00
8.143333e+01	-1.018084e-01	3.595183e+00
8.146667e+01	-1.164504e-01	3.536575e+00
8.150000e+01	-1.274501e-01	3.492547e+00
8.153333e+01	-1.313200e-01	3.477057e+00
8.156667e+01	-1.294149e-01	3.484682e+00
8.160000e+01	-1.273307e-01	3.493025e+00
8.163333e+01	-1.305611e-01	3.480094e+00
8.166667e+01	-1.397089e-01	3.443479e+00
0	0	0
0	0	0
0	0	0
