0	-3.395428e-04	4.799779e+00
3.333333e-02	-4.856125e-04	4.799077e+00
6.666667e-02	-9.181042e-04	4.797001e+00
1.000000e-01	-1.892234e-03	4.792324e+00
1.333333e-01	-3.435249e-03	4.784915e+00
1.666667e-01	-5.288569e-03	4.776016e+00
2.000000e-01	-7.121458e-03	4.767216e+00
2.333333e-01	-8.769552e-03	4.759303e+00
2.666667e-01	-1.027980e-02	4.752051e+00
3.000000e-01	-1.178423e-02	4.744828e+00
3.333333e-01	-1.336219e-02	4.737252e+00
3.666667e-01	-1.500135e-02	4.729381e+00
4.000000e-01	-1.664645e-02	4.721483e+00
4.333333e-01	-1.824401e-02	4.713812e+00
4.666667e-01	-1.970113e-02	4.706816e+00
5.000000e-01	-2.082536e-02	4.701418e+00
5.333333e-01	-2.141691e-02	4.698578e+00
5.666667e-01	-2.147347e-02	4.698306e+00
6.000000e-01	-2.124130e-02	4.699421e+00
6.333333e-01	-2.102699e-02	4.700450e+00
6.666667e-01	-2.076197e-02	4.701722e+00
7.000000e-01	-1.937724e-02	4.708371e+00
7.333333e-01	-1.519232e-02	4.728464e+00
7.666667e-01	-8.125275e-03	4.762396e+00
8.000000e-01	-9.763777e-04	4.796721e+00
8.333333e-01	2.626964e-03	4.814022e+00
8.666667e-01	8.698403e-04	4.805585e+00
9.000000e-01	-5.704639e-03	4.774019e+00
9.333333e-01	-1.449198e-02	4.731827e+00
9.666667e-01	-2.166777e-02	4.697373e+00
1	-2.453920e-02	4.683586e+00
1.033333e+00	-2.348589e-02	4.688644e+00
1.066667e+00	-2.113171e-02	4.699947e+00
1.100000e+00	-1.983119e-02	4.706191e+00
1.133333e+00	-2.011471e-02	4.704830e+00
1.166667e+00	-2.107010e-02	4.700243e+00
1.200000e+00	-2.165760e-02	4.697422e+00
1.233333e+00	-2.157122e-02	4.697837e+00
1.266667e+00	-2.116533e-02	4.699786e+00
1.300000e+00	-2.089567e-02	4.701080e+00
1.333333e+00	-2.069649e-02	4.702037e+00
1.366667e+00	-1.940084e-02	4.708258e+00
1.400000e+00	-1.524946e-02	4.728190e+00
1.433333e+00	-8.157237e-03	4.762243e+00
1.466667e+00	-9.687718e-04	4.796758e+00
1.500000e+00	2.872427e-03	4.815201e+00
1.533333e+00	2.574391e-03	4.813770e+00
1.566667e+00	2.578155e-04	4.802647e+00
1.600000e+00	-1.447726e-03	4.794458e+00
1.633333e+00	-1.504831e-03	4.794184e+00
1.666667e+00	-5.840772e-04	4.798605e+00
1.700000e+00	1.728397e-04	4.802239e+00
1.733333e+00	2.230638e-04	4.802480e+00
1.766667e+00	-2.895193e-04	4.800019e+00
1.800000e+00	-1.088402e-03	4.796183e+00
1.833333e+00	-2.139740e-03	4.791135e+00
1.866667e+00	-3.532042e-03	4.784450e+00
1.900000e+00	-5.221911e-03	4.776337e+00
1.933333e+00	-7.012952e-03	4.767737e+00
1.966667e+00	-8.722470e-03	4.759529e+00
2	-1.030535e-02	4.751929e+00
2.033333e+00	-1.183159e-02	4.744601e+00
2.066667e+00	-1.338479e-02	4.737143e+00
2.100000e+00	-1.499181e-02	4.729427e+00
2.133333e+00	-1.660887e-02	4.721663e+00
2.166667e+00	-1.810331e-02	4.714488e+00
2.200000e+00	-1.904171e-02	4.709982e+00
2.233333e+00	-1.827039e-02	4.713685e+00
2.266667e+00	-1.436445e-02	4.732439e+00
2.300000e+00	-7.579146e-03	4.765018e+00
2.333333e+00	-7.995947e-04	4.797570e+00
2.366667e+00	2.730962e-03	4.814521e+00
2.400000e+00	2.365882e-03	4.812769e+00
2.433333e+00	1.666525e-04	4.802209e+00
2.466667e+00	-1.403861e-03	4.794669e+00
2.500000e+00	-1.418724e-03	4.794597e+00
2.533333e+00	-5.413259e-04	4.798810e+00
2.566667e+00	1.571276e-04	4.802163e+00
2.600000e+00	2.031259e-04	4.802384e+00
2.633333e+00	-1.625712e-04	4.800628e+00
2.666667e+00	-4.770587e-04	4.799118e+00
2.700000e+00	-5.137970e-04	4.798942e+00
2.733333e+00	-3.611411e-04	4.799675e+00
2.766667e+00	-2.195357e-04	4.800355e+00
2.800000e+00	-1.960423e-04	4.800468e+00
2.833333e+00	-2.593251e-04	4.800164e+00
2.866667e+00	-3.228194e-04	4.799859e+00
2.900000e+00	-3.363448e-04	4.799794e+00
2.933333e+00	-3.103296e-04	4.799919e+00
2.966667e+00	-2.819921e-04	4.800055e+00
3	-2.746678e-04	4.800090e+00
3.033333e+00	-2.852623e-04	4.800039e+00
3.066667e+00	-7.683520e-05	4.801040e+00
3.100000e+00	1.387977e-03	4.808073e+00
3.133333e+00	5.667404e-03	4.828621e+00
3.166667e+00	1.276288e-02	4.862689e+00
3.200000e+00	1.987994e-02	4.896861e+00
3.233333e+00	2.366292e-02	4.915024e+00
3.266667e+00	2.336022e-02	4.913571e+00
3.300000e+00	2.107360e-02	4.902592e+00
3.333333e+00	1.939439e-02	4.894529e+00
3.366667e+00	1.934074e-02	4.894272e+00
3.400000e+00	2.024902e-02	4.898633e+00
3.433333e+00	2.099409e-02	4.902210e+00
3.466667e+00	2.105918e-02	4.902523e+00
3.500000e+00	2.068173e-02	4.900710e+00
3.533333e+00	2.034698e-02	4.899103e+00
3.566667e+00	2.030105e-02	4.898883e+00
3.600000e+00	2.045816e-02	4.899637e+00
3.633333e+00	2.060859e-02	4.900359e+00
3.666667e+00	2.063646e-02	4.900493e+00
3.700000e+00	2.057154e-02	4.900181e+00
3.733333e+00	2.050422e-02	4.899858e+00
3.766667e+00	2.048863e-02	4.899783e+00
3.800000e+00	2.051522e-02	4.899911e+00
3.833333e+00	2.054521e-02	4.900055e+00
3.866667e+00	2.055350e-02	4.900095e+00
3.900000e+00	2.054272e-02	4.900043e+00
3.933333e+00	2.052942e-02	4.899979e+00
3.966667e+00	2.052516e-02	4.899959e+00
4	2.052948e-02	4.899979e+00
4.033333e+00	2.053535e-02	4.900008e+00
4.066667e+00	2.053749e-02	4.900018e+00
4.100000e+00	2.053578e-02	4.900010e+00
4.133333e+00	2.053320e-02	4.899997e+00
4.166667e+00	2.053215e-02	4.899992e+00
4.200000e+00	2.053281e-02	4.899995e+00
4.233333e+00	2.053394e-02	4.900001e+00
4.266667e+00	2.053445e-02	4.900003e+00
4.300000e+00	2.053420e-02	4.900002e+00
4.333333e+00	2.053370e-02	4.900000e+00
4.366667e+00	2.053346e-02	4.899999e+00
4.400000e+00	2.053356e-02	4.899999e+00
4.433333e+00	2.053377e-02	4.900000e+00
4.466667e+00	2.053388e-02	4.900001e+00
4.500000e+00	2.053385e-02	4.900000e+00
4.533333e+00	2.053376e-02	4.900000e+00
4.566667e+00	2.053370e-02	4.900000e+00
4.600000e+00	2.053372e-02	4.900000e+00
4.633333e+00	2.053376e-02	4.900000e+00
4.666667e+00	2.053378e-02	4.900000e+00
4.700000e+00	2.053378e-02	4.900000e+00
4.733333e+00	2.053376e-02	4.900000e+00
4.766667e+00	2.053375e-02	4.900000e+00
4.800000e+00	2.053375e-02	4.900000e+00
4.833333e+00	2.053376e-02	4.900000e+00
4.866667e+00	2.053376e-02	4.900000e+00
4.900000e+00	2.053376e-02	4.900000e+00
4.933333e+00	2.053376e-02	4.900000e+00
4.966667e+00	2.031274e-02	4.898939e+00
5	1.884412e-02	4.891887e+00
5.033333e+00	1.456896e-02	4.871361e+00
5.066667e+00	7.479047e-03	4.837319e+00
5.100000e+00	3.639183e-04	4.803156e+00
5.133333e+00	-3.641779e-03	4.783923e+00
5.166667e+00	-4.810153e-03	4.778314e+00
5.200000e+00	-7.020662e-03	4.767700e+00
5.233333e+00	-1.389932e-02	4.734673e+00
5.266667e+00	-2.523489e-02	4.680246e+00
5.300000e+00	-3.723831e-02	4.622613e+00
5.333333e+00	-4.626714e-02	4.579262e+00
5.366667e+00	-5.210687e-02	4.551223e+00
5.400000e+00	-5.683943e-02	4.528500e+00
5.433333e+00	-6.127932e-02	4.507182e+00
5.466667e+00	-6.402479e-02	4.494000e+00
5.500000e+00	-6.310353e-02	4.498423e+00
5.533333e+00	-5.766653e-02	4.524528e+00
5.566667e+00	-4.929280e-02	4.564734e+00
5.600000e+00	-4.178880e-02	4.600764e+00
5.633333e+00	-3.842124e-02	4.616933e+00
5.666667e+00	-3.905232e-02	4.613903e+00
5.700000e+00	-4.006583e-02	4.609037e+00
5.733333e+00	-3.730828e-02	4.622277e+00
5.766667e+00	-3.003213e-02	4.657212e+00
5.800000e+00	-2.191293e-02	4.696196e+00
5.833333e+00	-1.744612e-02	4.717643e+00
5.866667e+00	-1.778623e-02	4.716010e+00
5.900000e+00	-2.049577e-02	4.703000e+00
5.933333e+00	-2.248637e-02	4.693443e+00
5.966667e+00	-2.254125e-02	4.693179e+00
6	-2.145411e-02	4.698399e+00
6.033333e+00	-2.056727e-02	4.702657e+00
6.066667e+00	-2.049370e-02	4.703010e+00
6.100000e+00	-2.094638e-02	4.700837e+00
6.133333e+00	-2.134536e-02	4.698921e+00
6.166667e+00	-2.139850e-02	4.698666e+00
6.200000e+00	-2.120997e-02	4.699571e+00
6.233333e+00	-2.103059e-02	4.700433e+00
6.266667e+00	-2.099802e-02	4.700589e+00
6.300000e+00	-2.107598e-02	4.700215e+00
6.333333e+00	-2.115628e-02	4.699829e+00
6.366667e+00	-2.117460e-02	4.699741e+00
6.400000e+00	-2.114264e-02	4.699895e+00
6.433333e+00	-2.110686e-02	4.700066e+00
6.466667e+00	-2.109709e-02	4.700113e+00
6.500000e+00	-2.111005e-02	4.700051e+00
6.533333e+00	-2.112593e-02	4.699975e+00
6.566667e+00	-2.135198e-02	4.698889e+00
6.600000e+00	-2.281540e-02	4.691863e+00
6.633333e+00	-2.708355e-02	4.671370e+00
6.666667e+00	-3.417093e-02	4.637340e+00
6.700000e+00	-4.128812e-02	4.603168e+00
6.733333e+00	-4.529690e-02	4.583920e+00
6.766667e+00	-4.646652e-02	4.578304e+00
6.800000e+00	-4.845521e-02	4.568756e+00
6.833333e+00	-5.386389e-02	4.542786e+00
6.866667e+00	-6.092370e-02	4.508889e+00
6.900000e+00	-6.561650e-02	4.486357e+00
6.933333e+00	-6.628318e-02	4.483156e+00
6.966667e+00	-6.553198e-02	4.486763e+00
7	-6.774992e-02	4.476114e+00
7.033333e+00	-7.422900e-02	4.445005e+00
7.066667e+00	-8.073705e-02	4.413757e+00
7.100000e+00	-8.114894e-02	4.411780e+00
7.133333e+00	-7.397491e-02	4.446225e+00
7.166667e+00	-6.422491e-02	4.493039e+00
7.200000e+00	-5.836062e-02	4.521196e+00
7.233333e+00	-5.849265e-02	4.520562e+00
7.266667e+00	-6.182746e-02	4.504550e+00
7.300000e+00	-6.442970e-02	4.492056e+00
7.333333e+00	-6.460795e-02	4.491200e+00
7.366667e+00	-6.326637e-02	4.497641e+00
7.400000e+00	-6.210809e-02	4.503203e+00
7.433333e+00	-6.196746e-02	4.503878e+00
7.466667e+00	-6.252399e-02	4.501206e+00
7.500000e+00	-6.282258e-02	4.499772e+00
7.533333e+00	-6.144224e-02	4.506400e+00
7.566667e+00	-5.693657e-02	4.528033e+00
7.600000e+00	-4.961387e-02	4.563193e+00
7.633333e+00	-4.244829e-02	4.597597e+00
7.666667e+00	-3.875831e-02	4.615315e+00
7.700000e+00	-3.916242e-02	4.613374e+00
7.733333e+00	-4.147530e-02	4.602269e+00
7.766667e+00	-4.311664e-02	4.594388e+00
7.800000e+00	-4.312523e-02	4.594347e+00
7.833333e+00	-4.220330e-02	4.598774e+00
7.866667e+00	-4.147349e-02	4.602278e+00
7.900000e+00	-4.142832e-02	4.602495e+00
7.933333e+00	-4.181267e-02	4.600649e+00
7.966667e+00	-4.236237e-02	4.598010e+00
8	-4.386815e-02	4.590780e+00
8.033333e+00	-4.798278e-02	4.571024e+00
8.066667e+00	-5.492465e-02	4.537693e+00
8.100000e+00	-6.201575e-02	4.503646e+00
8.133333e+00	-6.586701e-02	4.485155e+00
8.166667e+00	-6.563317e-02	4.486277e+00
8.200000e+00	-6.336142e-02	4.497185e+00
8.233333e+00	-6.165415e-02	4.505382e+00
8.266667e+00	-6.156978e-02	4.505787e+00
8.300000e+00	-6.247003e-02	4.501465e+00
8.333333e+00	-6.322652e-02	4.497833e+00
8.366667e+00	-6.330525e-02	4.497455e+00
8.400000e+00	-6.293197e-02	4.499247e+00
8.433333e+00	-6.259263e-02	4.500876e+00
8.466667e+00	-6.254067e-02	4.501126e+00
8.500000e+00	-6.269567e-02	4.500381e+00
8.533333e+00	-6.284792e-02	4.499650e+00
8.566667e+00	-6.287845e-02	4.499504e+00
8.600000e+00	-6.281457e-02	4.499811e+00
8.633333e+00	-6.274654e-02	4.500137e+00
8.666667e+00	-6.272978e-02	4.500218e+00
8.700000e+00	-6.275587e-02	4.500092e+00
8.733333e+00	-6.278613e-02	4.499947e+00
8.766667e+00	-6.279493e-02	4.499905e+00
8.800000e+00	-6.278439e-02	4.499956e+00
8.833333e+00	-6.277099e-02	4.500020e+00
8.866667e+00	-6.276651e-02	4.500041e+00
8.900000e+00	-6.278913e-02	4.499933e+00
8.933333e+00	-6.293584e-02	4.499228e+00
8.966667e+00	-6.343514e-02	4.496831e+00
9	-6.452138e-02	4.491616e+00
9.033333e+00	-6.619960e-02	4.483558e+00
9.066667e+00	-6.819472e-02	4.473978e+00
9.100000e+00	-7.016655e-02	4.464511e+00
9.133333e+00	-7.194840e-02	4.455955e+00
9.166667e+00	-7.358965e-02	4.448075e+00
9.200000e+00	-7.522558e-02	4.440220e+00
9.233333e+00	-7.693691e-02	4.432003e+00
9.266667e+00	-7.871058e-02	4.423487e+00
9.300000e+00	-8.047165e-02	4.415032e+00
9.333333e+00	-8.207901e-02	4.407314e+00
9.366667e+00	-8.330212e-02	4.401441e+00
9.400000e+00	-8.393040e-02	4.398425e+00
9.433333e+00	-8.419980e-02	4.397131e+00
9.466667e+00	-8.541399e-02	4.391302e+00
9.500000e+00	-8.946213e-02	4.371865e+00
9.533333e+00	-9.651012e-02	4.338024e+00
9.566667e+00	-1.037177e-01	4.303418e+00
9.600000e+00	-1.075980e-01	4.284787e+00
9.633333e+00	-1.073200e-01	4.286122e+00
9.666667e+00	-1.052180e-01	4.296215e+00
9.700000e+00	-1.051856e-01	4.296370e+00
9.733333e+00	-1.108631e-01	4.269110e+00
9.766667e+00	-1.231511e-01	4.210110e+00
9.800000e+00	-1.381202e-01	4.138238e+00
9.833333e+00	-1.490915e-01	4.085560e+00
9.866667e+00	-1.521926e-01	4.070670e+00
9.900000e+00	-1.494846e-01	4.083672e+00
9.933333e+00	-1.469386e-01	4.095897e+00
9.966667e+00	-1.496385e-01	4.082933e+00
10	-1.575146e-01	4.045117e+00
1.003333e+01	-1.648437e-01	4.009927e+00
1.006667e+01	-1.650983e-01	4.008705e+00
1.010000e+01	-1.573275e-01	4.046015e+00
1.013333e+01	-1.471983e-01	4.094650e+00
1.016667e+01	-1.411587e-01	4.123648e+00
1.020000e+01	-1.400772e-01	4.128841e+00
1.023333e+01	-1.393116e-01	4.132517e+00
1.026667e+01	-1.348144e-01	4.154110e+00
1.030000e+01	-1.277690e-01	4.187938e+00
1.033333e+01	-1.225627e-01	4.212935e+00
1.036667e+01	-1.217042e-01	4.217057e+00
1.040000e+01	-1.238951e-01	4.206538e+00
1.043333e+01	-1.261680e-01	4.195625e+00
1.046667e+01	-1.267446e-01	4.192856e+00
1.050000e+01	-1.259058e-01	4.196884e+00
1.053333e+01	-1.249134e-01	4.201649e+00
1.056667e+01	-1.246132e-01	4.203090e+00
1.060000e+01	-1.249480e-01	4.201483e+00
1.063333e+01	-1.253850e-01	4.199384e+00
1.066667e+01	-1.255362e-01	4.198658e+00
1.070000e+01	-1.254031e-01	4.199298e+00
1.073333e+01	-1.252107e-01	4.200221e+00
1.076667e+01	-1.251359e-01	4.200580e+00
1.080000e+01	-1.251881e-01	4.200330e+00
1.083333e+01	-1.252724e-01	4.199925e+00
1.086667e+01	-1.253088e-01	4.199750e+00
1.090000e+01	-1.252888e-01	4.199846e+00
1.093333e+01	-1.252520e-01	4.200023e+00
1.096667e+01	-1.252345e-01	4.200107e+00
11	-1.252420e-01	4.200071e+00
1.103333e+01	-1.252580e-01	4.199994e+00
1.106667e+01	-1.252663e-01	4.199954e+00
1.110000e+01	-1.252636e-01	4.199967e+00
1.113333e+01	-1.252567e-01	4.200001e+00
1.116667e+01	-1.252528e-01	4.200019e+00
1.120000e+01	-1.252537e-01	4.200015e+00
1.123333e+01	-1.252567e-01	4.200001e+00
1.126667e+01	-1.252585e-01	4.199992e+00
1.130000e+01	-1.252582e-01	4.199993e+00
1.133333e+01	-1.252569e-01	4.199999e+00
1.136667e+01	-1.252561e-01	4.200003e+00
1.140000e+01	-1.252561e-01	4.200003e+00
1.143333e+01	-1.252567e-01	4.200000e+00
1.146667e+01	-1.252571e-01	4.199999e+00
1.150000e+01	-1.252571e-01	4.199999e+00
1.153333e+01	-1.252568e-01	4.200000e+00
1.156667e+01	-1.252567e-01	4.200001e+00
1.160000e+01	-1.252567e-01	4.200001e+00
1.163333e+01	-1.252567e-01	4.200000e+00
1.166667e+01	-1.252568e-01	4.200000e+00
1.170000e+01	-1.252568e-01	4.200000e+00
1.173333e+01	-1.252568e-01	4.200000e+00
1.176667e+01	-1.252568e-01	4.200000e+00
1.180000e+01	-1.252568e-01	4.200000e+00
1.183333e+01	-1.252568e-01	4.200000e+00
1.186667e+01	-1.252568e-01	4.200000e+00
1.190000e+01	-1.252568e-01	4.200000e+00
1.193333e+01	-1.252568e-01	4.200000e+00
1.196667e+01	-1.252568e-01	4.200000e+00
12	-1.252568e-01	4.200000e+00
1.203333e+01	-1.252568e-01	4.200000e+00
1.206667e+01	-1.252568e-01	4.200000e+00
1.210000e+01	-1.250358e-01	4.201061e+00
1.213333e+01	-1.235671e-01	4.208113e+00
1.216667e+01	-1.192920e-01	4.228639e+00
1.220000e+01	-1.122021e-01	4.262681e+00
1.223333e+01	-1.050869e-01	4.296844e+00
1.226667e+01	-1.013023e-01	4.315015e+00
1.230000e+01	-1.016025e-01	4.313574e+00
1.233333e+01	-1.041092e-01	4.301538e+00
1.236667e+01	-1.072577e-01	4.286421e+00
1.240000e+01	-1.115876e-01	4.265631e+00
1.243333e+01	-1.177697e-01	4.235949e+00
1.246667e+01	-1.241395e-01	4.205365e+00
1.250000e+01	-1.278586e-01	4.187508e+00
1.253333e+01	-1.279356e-01	4.187138e+00
1.256667e+01	-1.259848e-01	4.196505e+00
1.260000e+01	-1.243510e-01	4.204349e+00
1.263333e+01	-1.241393e-01	4.205366e+00
1.266667e+01	-1.248966e-01	4.201729e+00
1.270000e+01	-1.256140e-01	4.198285e+00
1.273333e+01	-1.257444e-01	4.197659e+00
1.276667e+01	-1.254345e-01	4.199147e+00
1.280000e+01	-1.251153e-01	4.200679e+00
1.283333e+01	-1.250426e-01	4.201028e+00
1.286667e+01	-1.251696e-01	4.200418e+00
1.290000e+01	-1.253118e-01	4.199736e+00
1.293333e+01	-1.253505e-01	4.199550e+00
1.296667e+01	-1.255200e-01	4.198736e+00
13	-1.267045e-01	4.193049e+00
1.303333e+01	-1.297121e-01	4.178608e+00
1.306667e+01	-1.340162e-01	4.157943e+00
1.310000e+01	-1.383444e-01	4.137161e+00
1.313333e+01	-1.421139e-01	4.119062e+00
1.316667e+01	-1.451359e-01	4.104552e+00
1.320000e+01	-1.469229e-01	4.095972e+00
1.323333e+01	-1.472235e-01	4.094529e+00
1.326667e+01	-1.465662e-01	4.097685e+00
1.330000e+01	-1.458542e-01	4.101103e+00
1.333333e+01	-1.456394e-01	4.102135e+00
1.336667e+01	-1.458662e-01	4.101046e+00
1.340000e+01	-1.461664e-01	4.099604e+00
1.343333e+01	-1.462732e-01	4.099091e+00
1.346667e+01	-1.461852e-01	4.099514e+00
1.350000e+01	-1.460545e-01	4.100142e+00
1.353333e+01	-1.460023e-01	4.100392e+00
1.356667e+01	-1.460367e-01	4.100227e+00
1.360000e+01	-1.460939e-01	4.099953e+00
1.363333e+01	-1.461191e-01	4.099831e+00
1.366667e+01	-1.461060e-01	4.099894e+00
1.370000e+01	-1.460811e-01	4.100014e+00
1.373333e+01	-1.460690e-01	4.100072e+00
1.376667e+01	-1.460738e-01	4.100049e+00
1.380000e+01	-1.460847e-01	4.099997e+00
1.383333e+01	-1.460904e-01	4.099969e+00
1.386667e+01	-1.460887e-01	4.099978e+00
1.390000e+01	-1.460840e-01	4.100000e+00
1.393333e+01	-1.460813e-01	4.100013e+00
1.396667e+01	-1.460819e-01	4.100010e+00
14	-1.460839e-01	4.100001e+00
1.403333e+01	-1.460851e-01	4.099995e+00
1.406667e+01	-1.460850e-01	4.099995e+00
1.410000e+01	-1.460841e-01	4.100000e+00
1.413333e+01	-1.460835e-01	4.100002e+00
1.416667e+01	-1.460836e-01	4.100002e+00
1.420000e+01	-1.460839e-01	4.100000e+00
1.423333e+01	-1.460842e-01	4.099999e+00
1.426667e+01	-1.460842e-01	4.099999e+00
1.430000e+01	-1.460840e-01	4.100000e+00
1.433333e+01	-1.460839e-01	4.100000e+00
1.436667e+01	-1.460839e-01	4.100000e+00
1.440000e+01	-1.460840e-01	4.100000e+00
1.443333e+01	-1.460840e-01	4.100000e+00
1.446667e+01	-1.460840e-01	4.100000e+00
1.450000e+01	-1.460840e-01	4.100000e+00
1.453333e+01	-1.460840e-01	4.100000e+00
1.456667e+01	-1.460840e-01	4.100000e+00
1.460000e+01	-1.460840e-01	4.100000e+00
1.463333e+01	-1.460840e-01	4.100000e+00
1.466667e+01	-1.461208e-01	4.099823e+00
1.470000e+01	-1.464024e-01	4.098471e+00
1.473333e+01	-1.473966e-01	4.093698e+00
1.476667e+01	-1.495724e-01	4.083251e+00
1.480000e+01	-1.529340e-01	4.067110e+00
1.483333e+01	-1.569264e-01	4.047941e+00
1.486667e+01	-1.608688e-01	4.029012e+00
1.490000e+01	-1.644302e-01	4.011912e+00
1.493333e+01	-1.677117e-01	3.996157e+00
1.496667e+01	-1.709840e-01	3.980445e+00
15	-1.744077e-01	3.964007e+00
1.503333e+01	-1.779555e-01	3.946972e+00
1.506667e+01	-1.814775e-01	3.930062e+00
1.510000e+01	-1.846918e-01	3.914628e+00
1.513333e+01	-1.871377e-01	3.902884e+00
1.516667e+01	-1.883944e-01	3.896851e+00
1.520000e+01	-1.882703e-01	3.897446e+00
1.523333e+01	-1.862929e-01	3.906941e+00
1.526667e+01	-1.815637e-01	3.929647e+00
1.530000e+01	-1.743899e-01	3.964092e+00
1.533333e+01	-1.674596e-01	3.997367e+00
1.536667e+01	-1.638662e-01	4.014620e+00
1.540000e+01	-1.642110e-01	4.012965e+00
1.543333e+01	-1.666429e-01	4.001288e+00
1.546667e+01	-1.697071e-01	3.986576e+00
1.550000e+01	-1.740138e-01	3.965898e+00
1.553333e+01	-1.804473e-01	3.935008e+00
1.556667e+01	-1.883230e-01	3.897193e+00
1.560000e+01	-1.963292e-01	3.858752e+00
1.563333e+01	-2.034839e-01	3.824399e+00
1.566667e+01	-2.086317e-01	3.799683e+00
1.570000e+01	-2.107767e-01	3.789384e+00
1.573333e+01	-2.102695e-01	3.791819e+00
1.576667e+01	-2.087485e-01	3.799122e+00
1.580000e+01	-2.077889e-01	3.803729e+00
1.583333e+01	-2.078627e-01	3.803375e+00
1.586667e+01	-2.082365e-01	3.801581e+00
1.590000e+01	-2.071925e-01	3.806593e+00
1.593333e+01	-2.029110e-01	3.827151e+00
1.596667e+01	-1.955722e-01	3.862387e+00
16	-1.882651e-01	3.897471e+00
1.603333e+01	-1.844727e-01	3.915680e+00
1.606667e+01	-1.848778e-01	3.913735e+00
1.610000e+01	-1.872505e-01	3.902343e+00
1.613333e+01	-1.889385e-01	3.894238e+00
1.616667e+01	-1.889493e-01	3.894186e+00
1.620000e+01	-1.880022e-01	3.898734e+00
1.623333e+01	-1.872512e-01	3.902339e+00
1.626667e+01	-1.872039e-01	3.902566e+00
1.630000e+01	-1.875988e-01	3.900670e+00
1.633333e+01	-1.879371e-01	3.899046e+00
1.636667e+01	-1.879757e-01	3.898861e+00
1.640000e+01	-1.878107e-01	3.899653e+00
1.643333e+01	-1.876584e-01	3.900384e+00
1.646667e+01	-1.876335e-01	3.900504e+00
1.650000e+01	-1.877019e-01	3.900175e+00
1.653333e+01	-1.877702e-01	3.899847e+00
1.656667e+01	-1.877846e-01	3.899778e+00
1.660000e+01	-1.877565e-01	3.899913e+00
1.663333e+01	-1.877260e-01	3.900060e+00
1.666667e+01	-1.877182e-01	3.900097e+00
1.670000e+01	-1.877297e-01	3.900042e+00
1.673333e+01	-1.877432e-01	3.899977e+00
1.676667e+01	-1.877473e-01	3.899958e+00
1.680000e+01	-1.877427e-01	3.899980e+00
1.683333e+01	-1.877367e-01	3.900009e+00
1.686667e+01	-1.877346e-01	3.900018e+00
1.690000e+01	-1.877364e-01	3.900010e+00
1.693333e+01	-1.877391e-01	3.899997e+00
1.696667e+01	-1.877401e-01	3.899992e+00
17	-1.877394e-01	3.899995e+00
1.703333e+01	-1.877382e-01	3.900001e+00
1.706667e+01	-1.877377e-01	3.900003e+00
1.710000e+01	-1.877380e-01	3.900002e+00
1.713333e+01	-1.877385e-01	3.900000e+00
1.716667e+01	-1.877387e-01	3.899999e+00
1.720000e+01	-1.877386e-01	3.899999e+00
1.723333e+01	-1.877384e-01	3.900000e+00
1.726667e+01	-1.877383e-01	3.900001e+00
1.730000e+01	-1.877383e-01	3.900000e+00
1.733333e+01	-1.877384e-01	3.900000e+00
1.736667e+01	-1.877385e-01	3.900000e+00
1.740000e+01	-1.877385e-01	3.900000e+00
1.743333e+01	-1.877384e-01	3.900000e+00
1.746667e+01	-1.877384e-01	3.900000e+00
1.750000e+01	-1.877384e-01	3.900000e+00
1.753333e+01	-1.877384e-01	3.900000e+00
1.756667e+01	-1.877384e-01	3.900000e+00
1.760000e+01	-1.877384e-01	3.900000e+00
1.763333e+01	-1.877384e-01	3.900000e+00
1.766667e+01	-1.877384e-01	3.900000e+00
1.770000e+01	-1.877384e-01	3.900000e+00
1.773333e+01	-1.877384e-01	3.900000e+00
1.776667e+01	-1.877384e-01	3.900000e+00
1.780000e+01	-1.877384e-01	3.900000e+00
1.783333e+01	-1.877384e-01	3.900000e+00
1.786667e+01	-1.877384e-01	3.900000e+00
1.790000e+01	-1.879595e-01	3.898939e+00
1.793333e+01	-1.894281e-01	3.891887e+00
1.796667e+01	-1.937032e-01	3.871361e+00
18	-2.007931e-01	3.837319e+00
1.803333e+01	-2.079083e-01	3.803156e+00
1.806667e+01	-2.116930e-01	3.784985e+00
1.810000e+01	-2.113927e-01	3.786426e+00
1.813333e+01	-2.091070e-01	3.797401e+00
1.816667e+01	-2.074272e-01	3.805466e+00
1.820000e+01	-2.073724e-01	3.805729e+00
1.823333e+01	-2.082803e-01	3.801370e+00
1.826667e+01	-2.090256e-01	3.797792e+00
1.830000e+01	-2.090911e-01	3.797477e+00
1.833333e+01	-2.087139e-01	3.799288e+00
1.836667e+01	-2.083791e-01	3.800896e+00
1.840000e+01	-2.083329e-01	3.801117e+00
1.843333e+01	-2.087110e-01	3.799302e+00
1.846667e+01	-2.103300e-01	3.791528e+00
1.850000e+01	-2.146332e-01	3.770867e+00
1.853333e+01	-2.214372e-01	3.738199e+00
1.856667e+01	-2.270164e-01	3.711411e+00
1.860000e+01	-2.265103e-01	3.713841e+00
1.863333e+01	-2.191467e-01	3.749196e+00
1.866667e+01	-2.097759e-01	3.794189e+00
1.870000e+01	-2.043196e-01	3.820387e+00
1.873333e+01	-2.045544e-01	3.819260e+00
1.876667e+01	-2.077345e-01	3.803991e+00
1.880000e+01	-2.101555e-01	3.792367e+00
1.883333e+01	-2.102801e-01	3.791768e+00
1.886667e+01	-2.090009e-01	3.797910e+00
1.890000e+01	-2.079229e-01	3.803086e+00
1.893333e+01	-2.078095e-01	3.803631e+00
1.896667e+01	-2.083411e-01	3.801078e+00
19	-2.088254e-01	3.798753e+00
1.903333e+01	-2.089001e-01	3.798394e+00
1.906667e+01	-2.086794e-01	3.799454e+00
1.910000e+01	-2.084621e-01	3.800497e+00
1.913333e+01	-2.084183e-01	3.800708e+00
1.916667e+01	-2.085092e-01	3.800271e+00
1.920000e+01	-2.086063e-01	3.799805e+00
1.923333e+01	-2.086303e-01	3.799690e+00
1.926667e+01	-2.085932e-01	3.799868e+00
1.930000e+01	-2.085500e-01	3.800075e+00
1.933333e+01	-2.085374e-01	3.800136e+00
1.936667e+01	-2.085524e-01	3.800064e+00
1.940000e+01	-2.085715e-01	3.799972e+00
1.943333e+01	-2.085779e-01	3.799941e+00
1.946667e+01	-2.085720e-01	3.799970e+00
1.950000e+01	-2.085635e-01	3.800010e+00
1.953333e+01	-2.085603e-01	3.800026e+00
1.956667e+01	-2.085627e-01	3.800014e+00
1.960000e+01	-2.085664e-01	3.799996e+00
1.963333e+01	-2.085679e-01	3.799989e+00
1.966667e+01	-2.085670e-01	3.799993e+00
1.970000e+01	-2.085654e-01	3.800001e+00
1.973333e+01	-2.085647e-01	3.800005e+00
1.976667e+01	-2.085650e-01	3.800003e+00
1.980000e+01	-2.085657e-01	3.800000e+00
1.983333e+01	-2.085661e-01	3.799998e+00
1.986667e+01	-2.085660e-01	3.799999e+00
1.990000e+01	-2.085656e-01	3.800000e+00
1.993333e+01	-2.085655e-01	3.800001e+00
1.996667e+01	-2.085655e-01	3.800001e+00
20	-2.085657e-01	3.800000e+00
2.003333e+01	-2.085657e-01	3.800000e+00
2.006667e+01	-2.085657e-01	3.800000e+00
2.010000e+01	-2.085657e-01	3.800000e+00
2.013333e+01	-2.085656e-01	3.800000e+00
2.016667e+01	-2.085656e-01	3.800000e+00
2.020000e+01	-2.085657e-01	3.800000e+00
2.023333e+01	-2.085657e-01	3.800000e+00
2.026667e+01	-2.085657e-01	3.800000e+00
2.030000e+01	-2.085657e-01	3.800000e+00
2.033333e+01	-2.085657e-01	3.800000e+00
2.036667e+01	-2.085657e-01	3.800000e+00
2.040000e+01	-2.085657e-01	3.800000e+00
2.043333e+01	-2.085657e-01	3.800000e+00
2.046667e+01	-2.085657e-01	3.800000e+00
2.050000e+01	-2.085657e-01	3.800000e+00
2.053333e+01	-2.085657e-01	3.800000e+00
2.056667e+01	-2.085657e-01	3.800000e+00
2.060000e+01	-2.085657e-01	3.800000e+00
2.063333e+01	-2.085657e-01	3.800000e+00
2.066667e+01	-2.085657e-01	3.800000e+00
2.070000e+01	-2.085657e-01	3.800000e+00
2.073333e+01	-2.085657e-01	3.800000e+00
2.076667e+01	-2.085657e-01	3.800000e+00
2.080000e+01	-2.085657e-01	3.800000e+00
2.083333e+01	-2.085657e-01	3.800000e+00
2.086667e+01	-2.085657e-01	3.800000e+00
2.090000e+01	-2.085657e-01	3.800000e+00
2.093333e+01	-2.085657e-01	3.800000e+00
2.096667e+01	-2.085657e-01	3.800000e+00
21	-2.085657e-01	3.800000e+00
2.103333e+01	-2.085657e-01	3.800000e+00
2.106667e+01	-2.085657e-01	3.800000e+00
2.110000e+01	-2.085657e-01	3.800000e+00
2.113333e+01	-2.085657e-01	3.800000e+00
2.116667e+01	-2.085657e-01	3.800000e+00
2.120000e+01	-2.085657e-01	3.800000e+00
2.123333e+01	-2.085657e-01	3.800000e+00
2.126667e+01	-2.085657e-01	3.800000e+00
2.130000e+01	-2.085657e-01	3.800000e+00
2.133333e+01	-2.085657e-01	3.800000e+00
2.136667e+01	-2.085657e-01	3.800000e+00
2.140000e+01	-2.085657e-01	3.800000e+00
2.143333e+01	-2.085657e-01	3.800000e+00
2.146667e+01	-2.085657e-01	3.800000e+00
2.150000e+01	-2.085657e-01	3.800000e+00
2.153333e+01	-2.085657e-01	3.800000e+00
2.156667e+01	-2.085657e-01	3.800000e+00
2.160000e+01	-2.085657e-01	3.800000e+00
2.163333e+01	-2.085657e-01	3.800000e+00
2.166667e+01	-2.085657e-01	3.800000e+00
2.170000e+01	-2.085657e-01	3.800000e+00
2.173333e+01	-2.085657e-01	3.800000e+00
2.176667e+01	-2.085657e-01	3.800000e+00
2.180000e+01	-2.085657e-01	3.800000e+00
2.183333e+01	-2.085657e-01	3.800000e+00
2.186667e+01	-2.085657e-01	3.800000e+00
2.190000e+01	-2.085657e-01	3.800000e+00
2.193333e+01	-2.085657e-01	3.800000e+00
2.196667e+01	-2.085657e-01	3.800000e+00
22	-2.085657e-01	3.800000e+00
2.203333e+01	-2.085657e-01	3.800000e+00
2.206667e+01	-2.085657e-01	3.800000e+00
2.210000e+01	-2.085657e-01	3.800000e+00
2.213333e+01	-2.085657e-01	3.800000e+00
2.216667e+01	-2.085657e-01	3.800000e+00
2.220000e+01	-2.085657e-01	3.800000e+00
2.223333e+01	-2.085657e-01	3.800000e+00
2.226667e+01	-2.085657e-01	3.800000e+00
2.230000e+01	-2.083446e-01	3.801061e+00
2.233333e+01	-2.068760e-01	3.808113e+00
2.236667e+01	-2.026009e-01	3.828639e+00
2.240000e+01	-1.955109e-01	3.862681e+00
2.243333e+01	-1.883958e-01	3.896844e+00
2.246667e+01	-1.846111e-01	3.915015e+00
2.250000e+01	-1.849114e-01	3.913574e+00
2.253333e+01	-1.871971e-01	3.902599e+00
2.256667e+01	-1.888769e-01	3.894534e+00
2.260000e+01	-1.889317e-01	3.894271e+00
2.263333e+01	-1.880238e-01	3.898630e+00
2.266667e+01	-1.872785e-01	3.902208e+00
2.270000e+01	-1.872130e-01	3.902523e+00
2.273333e+01	-1.875902e-01	3.900712e+00
2.276667e+01	-1.879250e-01	3.899104e+00
2.280000e+01	-1.879712e-01	3.898883e+00
2.283333e+01	-1.878142e-01	3.899636e+00
2.286667e+01	-1.876637e-01	3.900359e+00
2.290000e+01	-1.876357e-01	3.900493e+00
2.293333e+01	-1.877006e-01	3.900182e+00
2.296667e+01	-1.877679e-01	3.899858e+00
23	-1.877836e-01	3.899783e+00
2.303333e+01	-1.877570e-01	3.899911e+00
2.306667e+01	-1.877270e-01	3.900055e+00
2.310000e+01	-1.877187e-01	3.900095e+00
2.313333e+01	-1.877295e-01	3.900043e+00
2.316667e+01	-1.877428e-01	3.899979e+00
2.320000e+01	-1.877470e-01	3.899959e+00
2.323333e+01	-1.877427e-01	3.899979e+00
2.326667e+01	-1.877368e-01	3.900008e+00
2.330000e+01	-1.877347e-01	3.900018e+00
2.333333e+01	-1.877364e-01	3.900010e+00
2.336667e+01	-1.877390e-01	3.899997e+00
2.340000e+01	-1.877400e-01	3.899992e+00
2.343333e+01	-1.877394e-01	3.899995e+00
2.346667e+01	-1.877383e-01	3.900001e+00
2.350000e+01	-1.877377e-01	3.900003e+00
2.353333e+01	-1.877380e-01	3.900002e+00
2.356667e+01	-1.877385e-01	3.900000e+00
2.360000e+01	-1.875177e-01	3.901060e+00
2.363333e+01	-1.860490e-01	3.908112e+00
2.366667e+01	-1.817736e-01	3.928639e+00
2.370000e+01	-1.746836e-01	3.962682e+00
2.373333e+01	-1.675685e-01	3.996844e+00
2.376667e+01	-1.637839e-01	4.015015e+00
2.380000e+01	-1.640842e-01	4.013574e+00
2.383333e+01	-1.661489e-01	4.003660e+00
2.386667e+01	-1.663601e-01	4.002646e+00
2.390000e+01	-1.621396e-01	4.022910e+00
2.393333e+01	-1.541419e-01	4.061311e+00
2.396667e+01	-1.462815e-01	4.099052e+00
24	-1.424312e-01	4.117538e+00
2.403333e+01	-1.431087e-01	4.114286e+00
2.406667e+01	-1.457292e-01	4.101704e+00
2.410000e+01	-1.474552e-01	4.093416e+00
2.413333e+01	-1.473529e-01	4.093907e+00
2.416667e+01	-1.462947e-01	4.098989e+00
2.420000e+01	-1.453004e-01	4.103763e+00
2.423333e+01	-1.438310e-01	4.110817e+00
2.426667e+01	-1.400004e-01	4.129210e+00
2.430000e+01	-1.332610e-01	4.161568e+00
2.433333e+01	-1.261654e-01	4.195637e+00
2.436667e+01	-1.221938e-01	4.214707e+00
2.440000e+01	-1.223352e-01	4.214027e+00
2.443333e+01	-1.246037e-01	4.203136e+00
2.446667e+01	-1.263618e-01	4.194694e+00
2.450000e+01	-1.264881e-01	4.194088e+00
2.453333e+01	-1.255916e-01	4.198392e+00
2.456667e+01	-1.248138e-01	4.202127e+00
2.460000e+01	-1.247161e-01	4.202596e+00
2.463333e+01	-1.250868e-01	4.200816e+00
2.466667e+01	-1.254350e-01	4.199144e+00
2.470000e+01	-1.254954e-01	4.198854e+00
2.473333e+01	-1.253420e-01	4.199591e+00
2.476667e+01	-1.251861e-01	4.200339e+00
2.480000e+01	-1.251518e-01	4.200504e+00
2.483333e+01	-1.252148e-01	4.200202e+00
2.486667e+01	-1.252843e-01	4.199868e+00
2.490000e+01	-1.253028e-01	4.199779e+00
2.493333e+01	-1.252772e-01	4.199902e+00
2.496667e+01	-1.252463e-01	4.200050e+00
25	-1.252367e-01	4.200096e+00
2.503333e+01	-1.252470e-01	4.200047e+00
2.506667e+01	-1.252607e-01	4.199981e+00
2.510000e+01	-1.252655e-01	4.199958e+00
2.513333e+01	-1.252614e-01	4.199978e+00
2.516667e+01	-1.252554e-01	4.200007e+00
2.520000e+01	-1.252530e-01	4.200018e+00
2.523333e+01	-1.252546e-01	4.200010e+00
2.526667e+01	-1.252572e-01	4.199998e+00
2.530000e+01	-1.252584e-01	4.199992e+00
2.533333e+01	-1.252578e-01	4.199995e+00
2.536667e+01	-1.252566e-01	4.200001e+00
2.540000e+01	-1.252561e-01	4.200003e+00
2.543333e+01	-1.252563e-01	4.200002e+00
2.546667e+01	-1.252568e-01	4.200000e+00
2.550000e+01	-1.252571e-01	4.199999e+00
2.553333e+01	-1.254780e-01	4.198938e+00
2.556667e+01	-1.269464e-01	4.191887e+00
2.560000e+01	-1.312215e-01	4.171361e+00
2.563333e+01	-1.383114e-01	4.137319e+00
2.566667e+01	-1.454266e-01	4.103156e+00
2.570000e+01	-1.492114e-01	4.084984e+00
2.573333e+01	-1.489111e-01	4.086426e+00
2.576667e+01	-1.466254e-01	4.097401e+00
2.580000e+01	-1.449455e-01	4.105466e+00
2.583333e+01	-1.448908e-01	4.105729e+00
2.586667e+01	-1.457986e-01	4.101370e+00
2.590000e+01	-1.465439e-01	4.097792e+00
2.593333e+01	-1.466095e-01	4.097477e+00
2.596667e+01	-1.462323e-01	4.099288e+00
26	-1.458974e-01	4.100896e+00
2.603333e+01	-1.458513e-01	4.101117e+00
2.606667e+01	-1.460083e-01	4.100364e+00
2.610000e+01	-1.461587e-01	4.099641e+00
2.613333e+01	-1.461867e-01	4.099507e+00
2.616667e+01	-1.461218e-01	4.099818e+00
2.620000e+01	-1.460545e-01	4.100142e+00
2.623333e+01	-1.460389e-01	4.100217e+00
2.626667e+01	-1.460654e-01	4.100089e+00
2.630000e+01	-1.460954e-01	4.099945e+00
2.633333e+01	-1.461037e-01	4.099905e+00
2.636667e+01	-1.460930e-01	4.099957e+00
2.640000e+01	-1.460797e-01	4.100021e+00
2.643333e+01	-1.460754e-01	4.100041e+00
2.646667e+01	-1.460797e-01	4.100021e+00
2.650000e+01	-1.460856e-01	4.099992e+00
2.653333e+01	-1.460877e-01	4.099982e+00
2.656667e+01	-1.460860e-01	4.099990e+00
2.660000e+01	-1.460834e-01	4.100003e+00
2.663333e+01	-1.463034e-01	4.098947e+00
2.666667e+01	-1.477727e-01	4.091892e+00
2.670000e+01	-1.520490e-01	4.071360e+00
2.673333e+01	-1.591394e-01	4.037316e+00
2.676667e+01	-1.662543e-01	4.003154e+00
2.680000e+01	-1.698174e-01	3.986046e+00
2.683333e+01	-1.680483e-01	3.994540e+00
2.686667e+01	-1.614876e-01	4.026041e+00
2.690000e+01	-1.527180e-01	4.068147e+00
2.693333e+01	-1.455483e-01	4.102572e+00
2.696667e+01	-1.428924e-01	4.115324e+00
27	-1.454065e-01	4.103253e+00
2.703333e+01	-1.520328e-01	4.071437e+00
2.706667e+01	-1.604254e-01	4.031141e+00
2.710000e+01	-1.672605e-01	3.998323e+00
2.713333e+01	-1.700912e-01	3.984731e+00
2.716667e+01	-1.692027e-01	3.988998e+00
2.720000e+01	-1.670019e-01	3.999565e+00
2.723333e+01	-1.657272e-01	4.005685e+00
2.726667e+01	-1.659424e-01	4.004652e+00
2.730000e+01	-1.668290e-01	4.000395e+00
2.733333e+01	-1.674017e-01	3.997645e+00
2.736667e+01	-1.673434e-01	3.997925e+00
2.740000e+01	-1.669682e-01	3.999726e+00
2.743333e+01	-1.667065e-01	4.000983e+00
2.746667e+01	-1.667170e-01	4.000933e+00
2.750000e+01	-1.668763e-01	4.000168e+00
2.753333e+01	-1.669959e-01	3.999593e+00
2.756667e+01	-1.669982e-01	3.999582e+00
2.760000e+01	-1.669309e-01	3.999905e+00
2.763333e+01	-1.668765e-01	4.000167e+00
2.766667e+01	-1.668724e-01	4.000186e+00
2.770000e+01	-1.669007e-01	4.000051e+00
2.773333e+01	-1.669253e-01	3.999932e+00
2.776667e+01	-1.669284e-01	3.999917e+00
2.780000e+01	-1.669166e-01	3.999974e+00
2.783333e+01	-1.669056e-01	4.000027e+00
2.786667e+01	-1.671246e-01	3.998975e+00
2.790000e+01	-1.685981e-01	3.991900e+00
2.793333e+01	-1.728783e-01	3.971350e+00
2.796667e+01	-1.799693e-01	3.937303e+00
28	-1.870824e-01	3.903150e+00
2.803333e+01	-1.908649e-01	3.884989e+00
2.806667e+01	-1.905640e-01	3.886433e+00
2.810000e+01	-1.882792e-01	3.897404e+00
2.813333e+01	-1.866003e-01	3.905465e+00
2.816667e+01	-1.865459e-01	3.905726e+00
2.820000e+01	-1.874533e-01	3.901369e+00
2.823333e+01	-1.881982e-01	3.897792e+00
2.826667e+01	-1.882636e-01	3.897478e+00
2.830000e+01	-1.878865e-01	3.899289e+00
2.833333e+01	-1.875519e-01	3.900896e+00
2.836667e+01	-1.875058e-01	3.901117e+00
2.840000e+01	-1.876628e-01	3.900363e+00
2.843333e+01	-1.878132e-01	3.899641e+00
2.846667e+01	-1.878411e-01	3.899507e+00
2.850000e+01	-1.877762e-01	3.899818e+00
2.853333e+01	-1.877089e-01	3.900142e+00
2.856667e+01	-1.876933e-01	3.900217e+00
2.860000e+01	-1.877199e-01	3.900089e+00
2.863333e+01	-1.877499e-01	3.899945e+00
2.866667e+01	-1.877582e-01	3.899905e+00
2.870000e+01	-1.877474e-01	3.899957e+00
2.873333e+01	-1.877341e-01	3.900021e+00
2.876667e+01	-1.877298e-01	3.900041e+00
2.880000e+01	-1.877342e-01	3.900021e+00
2.883333e+01	-1.877400e-01	3.899992e+00
2.886667e+01	-1.877422e-01	3.899982e+00
2.890000e+01	-1.877405e-01	3.899990e+00
2.893333e+01	-1.877379e-01	3.900003e+00
2.896667e+01	-1.877368e-01	3.900008e+00
29	-1.875165e-01	3.901066e+00
2.903333e+01	-1.860490e-01	3.908112e+00
2.906667e+01	-1.817743e-01	3.928636e+00
2.910000e+01	-1.746842e-01	3.962679e+00
2.913333e+01	-1.675685e-01	3.996844e+00
2.916667e+01	-1.637836e-01	4.015017e+00
2.920000e+01	-1.640840e-01	4.013575e+00
2.923333e+01	-1.663698e-01	4.002599e+00
2.926667e+01	-1.680498e-01	3.994533e+00
2.930000e+01	-1.681045e-01	3.994270e+00
2.933333e+01	-1.671966e-01	3.998630e+00
2.936667e+01	-1.664512e-01	4.002209e+00
2.940000e+01	-1.663857e-01	4.002523e+00
2.943333e+01	-1.667630e-01	4.000712e+00
2.946667e+01	-1.670978e-01	3.999104e+00
2.950000e+01	-1.671440e-01	3.998883e+00
2.953333e+01	-1.669869e-01	3.999636e+00
2.956667e+01	-1.668365e-01	4.000359e+00
2.960000e+01	-1.668085e-01	4.000493e+00
2.963333e+01	-1.668734e-01	4.000182e+00
2.966667e+01	-1.669407e-01	3.999858e+00
2.970000e+01	-1.669563e-01	3.999783e+00
2.973333e+01	-1.669298e-01	3.999911e+00
2.976667e+01	-1.668998e-01	4.000055e+00
2.980000e+01	-1.668915e-01	4.000095e+00
2.983333e+01	-1.671233e-01	3.998982e+00
2.986667e+01	-1.686052e-01	3.991867e+00
2.990000e+01	-1.728846e-01	3.971319e+00
2.993333e+01	-1.799702e-01	3.937298e+00
2.996667e+01	-1.870795e-01	3.903164e+00
30	-1.908620e-01	3.885002e+00
3.003333e+01	-1.905635e-01	3.886436e+00
3.006667e+01	-1.882804e-01	3.897398e+00
3.010000e+01	-1.866016e-01	3.905459e+00
3.013333e+01	-1.865462e-01	3.905725e+00
3.016667e+01	-1.874529e-01	3.901371e+00
3.020000e+01	-1.881977e-01	3.897795e+00
3.023333e+01	-1.882635e-01	3.897479e+00
3.026667e+01	-1.878867e-01	3.899288e+00
3.030000e+01	-1.875521e-01	3.900894e+00
3.033333e+01	-1.875059e-01	3.901116e+00
3.036667e+01	-1.876627e-01	3.900364e+00
3.040000e+01	-1.878131e-01	3.899642e+00
3.043333e+01	-1.878411e-01	3.899507e+00
3.046667e+01	-1.877763e-01	3.899818e+00
3.050000e+01	-1.874880e-01	3.901203e+00
3.053333e+01	-1.860037e-01	3.908329e+00
3.056667e+01	-1.817551e-01	3.928729e+00
3.060000e+01	-1.746951e-01	3.962626e+00
3.063333e+01	-1.675883e-01	3.996749e+00
3.066667e+01	-1.637929e-01	4.014972e+00
3.070000e+01	-1.640798e-01	4.013595e+00
3.073333e+01	-1.663612e-01	4.002641e+00
3.076667e+01	-1.680454e-01	3.994554e+00
3.080000e+01	-1.681060e-01	3.994263e+00
3.083333e+01	-1.672003e-01	3.998612e+00
3.086667e+01	-1.664533e-01	4.002199e+00
3.090000e+01	-1.663852e-01	4.002526e+00
3.093333e+01	-1.667614e-01	4.000720e+00
3.096667e+01	-1.670969e-01	3.999109e+00
31	-1.671441e-01	3.998882e+00
3.103333e+01	-1.669876e-01	3.999633e+00
3.106667e+01	-1.668369e-01	4.000357e+00
3.110000e+01	-1.670295e-01	3.999432e+00
3.113333e+01	-1.685627e-01	3.992070e+00
3.116667e+01	-1.729053e-01	3.971220e+00
3.120000e+01	-1.797901e-01	3.938163e+00
3.123333e+01	-1.854101e-01	3.911179e+00
3.126667e+01	-1.848896e-01	3.913678e+00
3.130000e+01	-1.774910e-01	3.949202e+00
3.133333e+01	-1.681010e-01	3.994288e+00
3.136667e+01	-1.626497e-01	4.020461e+00
3.140000e+01	-1.628995e-01	4.019262e+00
3.143333e+01	-1.660887e-01	4.003949e+00
3.146667e+01	-1.685081e-01	3.992333e+00
3.150000e+01	-1.686262e-01	3.991766e+00
3.153333e+01	-1.673428e-01	3.997928e+00
3.156667e+01	-1.662653e-01	4.003102e+00
3.160000e+01	-1.661546e-01	4.003633e+00
3.163333e+01	-1.669092e-01	4.000010e+00
3.166667e+01	-1.688620e-01	3.990633e+00
3.170000e+01	-1.732108e-01	3.969753e+00
3.173333e+01	-1.800790e-01	3.936776e+00
3.176667e+01	-1.869769e-01	3.903657e+00
3.180000e+01	-1.907182e-01	3.885693e+00
3.183333e+01	-1.905093e-01	3.886696e+00
3.186667e+01	-1.883207e-01	3.897204e+00
3.190000e+01	-1.866647e-01	3.905156e+00
3.193333e+01	-1.865727e-01	3.905597e+00
3.196667e+01	-1.874373e-01	3.901446e+00
32	-1.881701e-01	3.897928e+00
3.203333e+01	-1.882507e-01	3.897540e+00
3.206667e+01	-1.881136e-01	3.898199e+00
3.210000e+01	-1.890328e-01	3.893785e+00
3.213333e+01	-1.917872e-01	3.880560e+00
3.216667e+01	-1.947505e-01	3.866332e+00
3.220000e+01	-1.951440e-01	3.864443e+00
3.223333e+01	-1.933125e-01	3.873237e+00
3.226667e+01	-1.934416e-01	3.872617e+00
3.230000e+01	-1.984803e-01	3.848424e+00
3.233333e+01	-2.061847e-01	3.811432e+00
3.236667e+01	-2.113984e-01	3.786399e+00
3.240000e+01	-2.106213e-01	3.790130e+00
3.243333e+01	-2.039067e-01	3.822370e+00
3.246667e+01	-1.944470e-01	3.867789e+00
3.250000e+01	-1.868215e-01	3.904403e+00
3.253333e+01	-1.839826e-01	3.918033e+00
3.256667e+01	-1.853209e-01	3.911608e+00
3.260000e+01	-1.878810e-01	3.899316e+00
3.263333e+01	-1.891792e-01	3.893082e+00
3.266667e+01	-1.887750e-01	3.895023e+00
3.270000e+01	-1.877258e-01	3.900061e+00
3.273333e+01	-1.871339e-01	3.902903e+00
3.276667e+01	-1.872711e-01	3.902244e+00
3.280000e+01	-1.877196e-01	3.900090e+00
3.283333e+01	-1.879935e-01	3.898775e+00
3.286667e+01	-1.879504e-01	3.898982e+00
3.290000e+01	-1.877582e-01	3.899905e+00
3.293333e+01	-1.876316e-01	3.900513e+00
3.296667e+01	-1.876427e-01	3.900460e+00
33	-1.877247e-01	3.900066e+00
3.303333e+01	-1.877829e-01	3.899787e+00
3.306667e+01	-1.877815e-01	3.899793e+00
3.310000e+01	-1.877467e-01	3.899960e+00
3.313333e+01	-1.877201e-01	3.900088e+00
3.316667e+01	-1.877192e-01	3.900092e+00
3.320000e+01	-1.877339e-01	3.900022e+00
3.323333e+01	-1.877459e-01	3.899964e+00
3.326667e+01	-1.877470e-01	3.899959e+00
3.330000e+01	-1.877409e-01	3.899988e+00
3.333333e+01	-1.877354e-01	3.900015e+00
3.336667e+01	-1.877346e-01	3.900018e+00
3.340000e+01	-1.877372e-01	3.900006e+00
3.343333e+01	-1.877397e-01	3.899994e+00
3.346667e+01	-1.877401e-01	3.899992e+00
3.350000e+01	-1.875180e-01	3.901058e+00
3.353333e+01	-1.860483e-01	3.908115e+00
3.356667e+01	-1.817729e-01	3.928643e+00
3.360000e+01	-1.746834e-01	3.962682e+00
3.363333e+01	-1.675688e-01	3.996843e+00
3.366667e+01	-1.637842e-01	4.015014e+00
3.370000e+01	-1.640843e-01	4.013573e+00
3.373333e+01	-1.663698e-01	4.002600e+00
3.376667e+01	-1.680496e-01	3.994534e+00
3.380000e+01	-1.681044e-01	3.994271e+00
3.383333e+01	-1.671966e-01	3.998630e+00
3.386667e+01	-1.664514e-01	4.002208e+00
3.390000e+01	-1.663858e-01	4.002523e+00
3.393333e+01	-1.667630e-01	4.000712e+00
3.396667e+01	-1.670978e-01	3.999104e+00
34	-1.671439e-01	3.998883e+00
3.403333e+01	-1.669869e-01	3.999636e+00
3.406667e+01	-1.668365e-01	4.000359e+00
3.410000e+01	-1.668085e-01	4.000493e+00
3.413333e+01	-1.668734e-01	4.000182e+00
3.416667e+01	-1.669407e-01	3.999858e+00
3.420000e+01	-1.669563e-01	3.999783e+00
3.423333e+01	-1.669298e-01	3.999911e+00
3.426667e+01	-1.668998e-01	4.000055e+00
3.430000e+01	-1.668915e-01	4.000095e+00
3.433333e+01	-1.669022e-01	4.000043e+00
3.436667e+01	-1.669155e-01	3.999979e+00
3.440000e+01	-1.669198e-01	3.999959e+00
3.443333e+01	-1.669155e-01	3.999979e+00
3.446667e+01	-1.669096e-01	4.000008e+00
3.450000e+01	-1.669075e-01	4.000018e+00
3.453333e+01	-1.669092e-01	4.000010e+00
3.456667e+01	-1.669118e-01	3.999997e+00
3.460000e+01	-1.671338e-01	3.998931e+00
3.463333e+01	-1.686018e-01	3.991883e+00
3.466667e+01	-1.728758e-01	3.971361e+00
3.470000e+01	-1.799652e-01	3.937322e+00
3.473333e+01	-1.870806e-01	3.903158e+00
3.476667e+01	-1.908658e-01	3.884984e+00
3.480000e+01	-1.905658e-01	3.886425e+00
3.483333e+01	-1.882800e-01	3.897400e+00
3.486667e+01	-1.865999e-01	3.905466e+00
3.490000e+01	-1.865451e-01	3.905730e+00
3.493333e+01	-1.874529e-01	3.901371e+00
3.496667e+01	-1.881984e-01	3.897792e+00
35	-1.882640e-01	3.897477e+00
3.503333e+01	-1.878867e-01	3.899288e+00
3.506667e+01	-1.875519e-01	3.900896e+00
3.510000e+01	-1.875057e-01	3.901117e+00
3.513333e+01	-1.876627e-01	3.900364e+00
3.516667e+01	-1.878132e-01	3.899641e+00
3.520000e+01	-1.878412e-01	3.899507e+00
3.523333e+01	-1.877763e-01	3.899818e+00
3.526667e+01	-1.877089e-01	3.900142e+00
3.530000e+01	-1.876933e-01	3.900217e+00
3.533333e+01	-1.877199e-01	3.900089e+00
3.536667e+01	-1.877499e-01	3.899945e+00
3.540000e+01	-1.877582e-01	3.899905e+00
3.543333e+01	-1.877474e-01	3.899957e+00
3.546667e+01	-1.877341e-01	3.900021e+00
3.550000e+01	-1.877298e-01	3.900041e+00
3.553333e+01	-1.877342e-01	3.900021e+00
3.556667e+01	-1.877400e-01	3.899992e+00
3.560000e+01	-1.877422e-01	3.899982e+00
3.563333e+01	-1.877405e-01	3.899990e+00
3.566667e+01	-1.877379e-01	3.900003e+00
3.570000e+01	-1.877368e-01	3.900008e+00
3.573333e+01	-1.877375e-01	3.900005e+00
3.576667e+01	-1.877386e-01	3.899999e+00
3.580000e+01	-1.877391e-01	3.899997e+00
3.583333e+01	-1.877389e-01	3.899998e+00
3.586667e+01	-1.877384e-01	3.900000e+00
3.590000e+01	-1.877381e-01	3.900001e+00
3.593333e+01	-1.877382e-01	3.900001e+00
3.596667e+01	-1.877384e-01	3.900000e+00
36	-1.877386e-01	3.899999e+00
3.603333e+01	-1.877543e-01	3.899924e+00
3.606667e+01	-1.878749e-01	3.899345e+00
3.610000e+01	-1.883009e-01	3.897299e+00
3.613333e+01	-1.892334e-01	3.892822e+00
3.616667e+01	-1.906741e-01	3.885904e+00
3.620000e+01	-1.923852e-01	3.877689e+00
3.623333e+01	-1.940748e-01	3.869577e+00
3.626667e+01	-1.956011e-01	3.862248e+00
3.630000e+01	-1.970074e-01	3.855496e+00
3.633333e+01	-1.984099e-01	3.848762e+00
3.636667e+01	-1.998771e-01	3.841717e+00
3.640000e+01	-2.013977e-01	3.834416e+00
3.643333e+01	-2.029229e-01	3.827093e+00
3.646667e+01	-2.044211e-01	3.819900e+00
3.650000e+01	-2.058796e-01	3.812897e+00
3.653333e+01	-2.072300e-01	3.806413e+00
3.656667e+01	-2.082862e-01	3.801342e+00
3.660000e+01	-2.088467e-01	3.798651e+00
3.663333e+01	-2.089010e-01	3.798390e+00
3.666667e+01	-2.086803e-01	3.799449e+00
3.670000e+01	-2.084763e-01	3.800429e+00
3.673333e+01	-2.084344e-01	3.800630e+00
3.676667e+01	-2.085144e-01	3.800246e+00
3.680000e+01	-2.086004e-01	3.799833e+00
3.683333e+01	-2.086222e-01	3.799728e+00
3.686667e+01	-2.085900e-01	3.799883e+00
3.690000e+01	-2.087732e-01	3.799004e+00
3.693333e+01	-2.102306e-01	3.792006e+00
3.696667e+01	-2.145188e-01	3.771417e+00
37	-2.218464e-01	3.736233e+00
3.703333e+01	-2.304359e-01	3.694992e+00
3.706667e+01	-2.384905e-01	3.656318e+00
3.710000e+01	-2.452728e-01	3.623754e+00
3.713333e+01	-2.500995e-01	3.600579e+00
3.716667e+01	-2.522063e-01	3.590463e+00
3.720000e+01	-2.518546e-01	3.592152e+00
3.723333e+01	-2.504781e-01	3.598761e+00
3.726667e+01	-2.495427e-01	3.603252e+00
3.730000e+01	-2.495522e-01	3.603207e+00
3.733333e+01	-2.500821e-01	3.600663e+00
3.736667e+01	-2.502719e-01	3.599752e+00
3.740000e+01	-2.488233e-01	3.606707e+00
3.743333e+01	-2.443282e-01	3.628289e+00
3.746667e+01	-2.370538e-01	3.663217e+00
3.750000e+01	-2.299202e-01	3.697468e+00
3.753333e+01	-2.262275e-01	3.715198e+00
3.756667e+01	-2.266110e-01	3.713357e+00
3.760000e+01	-2.289091e-01	3.702323e+00
3.763333e+01	-2.305507e-01	3.694441e+00
3.766667e+01	-2.305681e-01	3.694357e+00
3.770000e+01	-2.296529e-01	3.698752e+00
3.773333e+01	-2.289233e-01	3.702254e+00
3.776667e+01	-2.288745e-01	3.702489e+00
3.780000e+01	-2.292558e-01	3.700658e+00
3.783333e+01	-2.295842e-01	3.699082e+00
3.786667e+01	-2.296229e-01	3.698896e+00
3.790000e+01	-2.294637e-01	3.699660e+00
3.793333e+01	-2.290949e-01	3.701431e+00
3.796667e+01	-2.276016e-01	3.708601e+00
38	-2.233924e-01	3.728811e+00
3.803333e+01	-2.163687e-01	3.762534e+00
3.806667e+01	-2.092678e-01	3.796629e+00
3.810000e+01	-2.054560e-01	3.814931e+00
3.813333e+01	-2.057267e-01	3.813631e+00
3.816667e+01	-2.080047e-01	3.802694e+00
3.820000e+01	-2.096956e-01	3.794575e+00
3.823333e+01	-2.097634e-01	3.794249e+00
3.826667e+01	-2.088596e-01	3.798589e+00
3.830000e+01	-2.081098e-01	3.802189e+00
3.833333e+01	-2.080385e-01	3.802531e+00
3.836667e+01	-2.084137e-01	3.800730e+00
3.840000e+01	-2.087503e-01	3.799113e+00
3.843333e+01	-2.087990e-01	3.798880e+00
3.846667e+01	-2.086430e-01	3.799629e+00
3.850000e+01	-2.084918e-01	3.800354e+00
3.853333e+01	-2.084627e-01	3.800494e+00
3.856667e+01	-2.085271e-01	3.800185e+00
3.860000e+01	-2.085947e-01	3.799860e+00
3.863333e+01	-2.086108e-01	3.799783e+00
3.866667e+01	-2.085845e-01	3.799909e+00
3.870000e+01	-2.085544e-01	3.800054e+00
3.873333e+01	-2.085459e-01	3.800095e+00
3.876667e+01	-2.085566e-01	3.800044e+00
3.880000e+01	-2.085699e-01	3.799980e+00
3.883333e+01	-2.085743e-01	3.799959e+00
3.886667e+01	-2.085700e-01	3.799979e+00
3.890000e+01	-2.085641e-01	3.800007e+00
3.893333e+01	-2.085619e-01	3.800018e+00
3.896667e+01	-2.085636e-01	3.800010e+00
39	-2.085662e-01	3.799997e+00
3.903333e+01	-2.085673e-01	3.799992e+00
3.906667e+01	-2.085666e-01	3.799995e+00
3.910000e+01	-2.085655e-01	3.800001e+00
3.913333e+01	-2.085650e-01	3.800003e+00
3.916667e+01	-2.085652e-01	3.800002e+00
3.920000e+01	-2.085657e-01	3.800000e+00
3.923333e+01	-2.085660e-01	3.799999e+00
3.926667e+01	-2.085659e-01	3.799999e+00
3.930000e+01	-2.083446e-01	3.801061e+00
3.933333e+01	-2.068759e-01	3.808113e+00
3.936667e+01	-2.026008e-01	3.828640e+00
3.940000e+01	-1.955109e-01	3.862681e+00
3.943333e+01	-1.883959e-01	3.896843e+00
3.946667e+01	-1.848322e-01	3.913954e+00
3.950000e+01	-1.866010e-01	3.905461e+00
3.953333e+01	-1.931618e-01	3.873960e+00
3.956667e+01	-2.019316e-01	3.831853e+00
3.960000e+01	-2.088805e-01	3.798488e+00
3.963333e+01	-2.102887e-01	3.791727e+00
3.966667e+01	-2.049680e-01	3.817274e+00
3.970000e+01	-1.955268e-01	3.862605e+00
3.973333e+01	-1.871091e-01	3.903022e+00
3.976667e+01	-1.836045e-01	3.919849e+00
3.980000e+01	-1.848587e-01	3.913827e+00
3.983333e+01	-1.877327e-01	3.900028e+00
3.986667e+01	-1.893277e-01	3.892369e+00
3.990000e+01	-1.889772e-01	3.894052e+00
3.993333e+01	-1.880204e-01	3.898646e+00
3.996667e+01	-1.887649e-01	3.895071e+00
40	-1.931472e-01	3.874030e+00
4.003333e+01	-2.007382e-01	3.837583e+00
4.006667e+01	-2.081861e-01	3.801822e+00
4.010000e+01	-2.119438e-01	3.783780e+00
4.013333e+01	-2.114300e-01	3.786247e+00
4.016667e+01	-2.089915e-01	3.797955e+00
4.020000e+01	-2.070935e-01	3.807069e+00
4.023333e+01	-2.058817e-01	3.812887e+00
4.026667e+01	-2.038317e-01	3.822730e+00
4.030000e+01	-2.005174e-01	3.838643e+00
4.033333e+01	-1.974920e-01	3.853169e+00
4.036667e+01	-1.961302e-01	3.859708e+00
4.040000e+01	-1.955770e-01	3.862364e+00
4.043333e+01	-1.937728e-01	3.871027e+00
4.046667e+01	-1.903081e-01	3.887662e+00
4.050000e+01	-1.872572e-01	3.902311e+00
4.053333e+01	-1.874791e-01	3.901245e+00
4.056667e+01	-1.925059e-01	3.877109e+00
4.060000e+01	-2.009244e-01	3.836689e+00
4.063333e+01	-2.086866e-01	3.799419e+00
4.066667e+01	-2.122303e-01	3.782404e+00
4.070000e+01	-2.113695e-01	3.786538e+00
4.073333e+01	-2.087799e-01	3.798971e+00
4.076667e+01	-2.071831e-01	3.806638e+00
4.080000e+01	-2.073689e-01	3.805746e+00
4.083333e+01	-2.084184e-01	3.800707e+00
4.086667e+01	-2.091366e-01	3.797259e+00
4.090000e+01	-2.090989e-01	3.797440e+00
4.093333e+01	-2.086559e-01	3.799567e+00
4.096667e+01	-2.083288e-01	3.801137e+00
41	-2.083268e-01	3.801147e+00
4.103333e+01	-2.085142e-01	3.800247e+00
4.106667e+01	-2.086630e-01	3.799532e+00
4.110000e+01	-2.084512e-01	3.800550e+00
4.113333e+01	-2.069038e-01	3.807979e+00
4.116667e+01	-2.025612e-01	3.828830e+00
4.120000e+01	-1.954636e-01	3.862908e+00
4.123333e+01	-1.883814e-01	3.896913e+00
4.126667e+01	-1.846271e-01	3.914939e+00
4.130000e+01	-1.849323e-01	3.913473e+00
4.133333e+01	-1.872043e-01	3.902564e+00
4.136667e+01	-1.886496e-01	3.895625e+00
4.140000e+01	-1.872328e-01	3.902428e+00
4.143333e+01	-1.820554e-01	3.927286e+00
4.146667e+01	-1.742263e-01	3.964877e+00
4.150000e+01	-1.670472e-01	3.999347e+00
4.153333e+01	-1.636374e-01	4.015719e+00
4.156667e+01	-1.642698e-01	4.012683e+00
4.160000e+01	-1.666008e-01	4.001490e+00
4.163333e+01	-1.681246e-01	3.994174e+00
4.166667e+01	-1.680300e-01	3.994628e+00
4.170000e+01	-1.670947e-01	3.999119e+00
4.173333e+01	-1.664139e-01	4.002388e+00
4.176667e+01	-1.664151e-01	4.002382e+00
4.180000e+01	-1.668078e-01	4.000497e+00
4.183333e+01	-1.671162e-01	3.999016e+00
4.186667e+01	-1.669115e-01	3.999998e+00
4.190000e+01	-1.652777e-01	4.007843e+00
4.193333e+01	-1.608628e-01	4.029041e+00
4.196667e+01	-1.537581e-01	4.063153e+00
42	-1.467121e-01	4.096984e+00
4.203333e+01	-1.429904e-01	4.114853e+00
4.206667e+01	-1.433005e-01	4.113365e+00
4.210000e+01	-1.455575e-01	4.102528e+00
4.213333e+01	-1.472091e-01	4.094598e+00
4.216667e+01	-1.472580e-01	4.094363e+00
4.220000e+01	-1.463620e-01	4.098665e+00
4.223333e+01	-1.456293e-01	4.102183e+00
4.226667e+01	-1.455669e-01	4.102483e+00
4.230000e+01	-1.459393e-01	4.100695e+00
4.233333e+01	-1.462686e-01	4.099114e+00
4.236667e+01	-1.463130e-01	4.098900e+00
4.240000e+01	-1.461580e-01	4.099645e+00
4.243333e+01	-1.460100e-01	4.100355e+00
4.246667e+01	-1.459829e-01	4.100485e+00
4.250000e+01	-1.460470e-01	4.100178e+00
4.253333e+01	-1.461132e-01	4.099860e+00
4.256667e+01	-1.461284e-01	4.099787e+00
4.260000e+01	-1.461022e-01	4.099913e+00
4.263333e+01	-1.460727e-01	4.100054e+00
4.266667e+01	-1.460646e-01	4.100093e+00
4.270000e+01	-1.460752e-01	4.100042e+00
4.273333e+01	-1.460883e-01	4.099979e+00
4.276667e+01	-1.460925e-01	4.099959e+00
4.280000e+01	-1.460882e-01	4.099980e+00
4.283333e+01	-1.460824e-01	4.100008e+00
4.286667e+01	-1.460803e-01	4.100018e+00
4.290000e+01	-1.460820e-01	4.100010e+00
4.293333e+01	-1.460846e-01	4.099997e+00
4.296667e+01	-1.460856e-01	4.099992e+00
43	-1.460849e-01	4.099996e+00
4.303333e+01	-1.460838e-01	4.100001e+00
4.306667e+01	-1.460833e-01	4.100003e+00
4.310000e+01	-1.460836e-01	4.100002e+00
4.313333e+01	-1.460841e-01	4.100000e+00
4.316667e+01	-1.460843e-01	4.099999e+00
4.320000e+01	-1.460842e-01	4.099999e+00
4.323333e+01	-1.460840e-01	4.100000e+00
4.326667e+01	-1.460839e-01	4.100001e+00
4.330000e+01	-1.460839e-01	4.100000e+00
4.333333e+01	-1.460840e-01	4.100000e+00
4.336667e+01	-1.460841e-01	4.100000e+00
4.340000e+01	-1.460840e-01	4.100000e+00
4.343333e+01	-1.460840e-01	4.100000e+00
4.346667e+01	-1.460945e-01	4.099950e+00
4.350000e+01	-1.461750e-01	4.099563e+00
4.353333e+01	-1.464590e-01	4.098199e+00
4.356667e+01	-1.470807e-01	4.095215e+00
4.360000e+01	-1.480412e-01	4.090603e+00
4.363333e+01	-1.491818e-01	4.085126e+00
4.366667e+01	-1.503082e-01	4.079718e+00
4.370000e+01	-1.513258e-01	4.074832e+00
4.373333e+01	-1.522633e-01	4.070330e+00
4.376667e+01	-1.531983e-01	4.065841e+00
4.380000e+01	-1.541765e-01	4.061145e+00
4.383333e+01	-1.551901e-01	4.056278e+00
4.386667e+01	-1.562069e-01	4.051396e+00
4.390000e+01	-1.572058e-01	4.046600e+00
4.393333e+01	-1.581887e-01	4.041881e+00
4.396667e+01	-1.591694e-01	4.037172e+00
44	-1.601575e-01	4.032427e+00
4.403333e+01	-1.611528e-01	4.027648e+00
4.406667e+01	-1.621495e-01	4.022863e+00
4.410000e+01	-1.631431e-01	4.018092e+00
4.413333e+01	-1.641335e-01	4.013337e+00
4.416667e+01	-1.651126e-01	4.008636e+00
4.420000e+01	-1.662440e-01	4.003204e+00
4.423333e+01	-1.684209e-01	3.992751e+00
4.426667e+01	-1.730671e-01	3.970443e+00
4.430000e+01	-1.801888e-01	3.936249e+00
4.433333e+01	-1.871548e-01	3.902802e+00
4.436667e+01	-1.908044e-01	3.885279e+00
4.440000e+01	-1.904782e-01	3.886845e+00
4.443333e+01	-1.882468e-01	3.897559e+00
4.446667e+01	-1.866239e-01	3.905351e+00
4.450000e+01	-1.865829e-01	3.905548e+00
4.453333e+01	-1.874688e-01	3.901295e+00
4.456667e+01	-1.884100e-01	3.896775e+00
4.460000e+01	-1.901581e-01	3.888382e+00
4.463333e+01	-1.955336e-01	3.862572e+00
4.466667e+01	-2.065749e-01	3.809558e+00
4.470000e+01	-2.207374e-01	3.741558e+00
4.473333e+01	-2.317907e-01	3.688487e+00
4.476667e+01	-2.354207e-01	3.671058e+00
4.480000e+01	-2.328609e-01	3.683349e+00
4.483333e+01	-2.288319e-01	3.702693e+00
4.486667e+01	-2.270321e-01	3.711335e+00
4.490000e+01	-2.278705e-01	3.707310e+00
4.493333e+01	-2.295496e-01	3.699247e+00
4.496667e+01	-2.303896e-01	3.695214e+00
45	-2.298648e-01	3.697734e+00
4.503333e+01	-2.276735e-01	3.708255e+00
4.506667e+01	-2.230045e-01	3.730673e+00
4.510000e+01	-2.160214e-01	3.764202e+00
4.513333e+01	-2.092180e-01	3.796868e+00
4.516667e+01	-2.056174e-01	3.814156e+00
4.520000e+01	-2.058828e-01	3.812882e+00
4.523333e+01	-2.080346e-01	3.802550e+00
4.526667e+01	-2.094080e-01	3.795956e+00
4.530000e+01	-2.080040e-01	3.802697e+00
4.533333e+01	-2.028782e-01	3.827308e+00
4.536667e+01	-1.950824e-01	3.864739e+00
4.540000e+01	-1.878997e-01	3.899226e+00
4.543333e+01	-1.844679e-01	3.915703e+00
4.546667e+01	-1.850850e-01	3.912740e+00
4.550000e+01	-1.874166e-01	3.901545e+00
4.553333e+01	-1.889498e-01	3.894184e+00
4.556667e+01	-1.888622e-01	3.894604e+00
4.560000e+01	-1.879270e-01	3.899095e+00
4.563333e+01	-1.872422e-01	3.902382e+00
4.566667e+01	-1.872403e-01	3.902392e+00
4.570000e+01	-1.876327e-01	3.900508e+00
4.573333e+01	-1.879428e-01	3.899019e+00
4.576667e+01	-1.879606e-01	3.898933e+00
4.580000e+01	-1.875745e-01	3.900787e+00
4.583333e+01	-1.859655e-01	3.908513e+00
4.586667e+01	-1.816749e-01	3.929113e+00
4.590000e+01	-1.746540e-01	3.962824e+00
4.593333e+01	-1.676022e-01	3.996682e+00
4.596667e+01	-1.638276e-01	4.014806e+00
46	-1.640992e-01	4.013502e+00
4.603333e+01	-1.663565e-01	4.002664e+00
4.606667e+01	-1.680305e-01	3.994626e+00
4.610000e+01	-1.680970e-01	3.994307e+00
4.613333e+01	-1.672019e-01	3.998605e+00
4.616667e+01	-1.664597e-01	4.002168e+00
4.620000e+01	-1.663894e-01	4.002506e+00
4.623333e+01	-1.669820e-01	3.999660e+00
4.626667e+01	-1.687838e-01	3.991009e+00
4.630000e+01	-1.731070e-01	3.970252e+00
4.633333e+01	-1.800424e-01	3.936952e+00
4.636667e+01	-1.870079e-01	3.903508e+00
4.640000e+01	-1.907639e-01	3.885474e+00
4.643333e+01	-1.905274e-01	3.886609e+00
4.646667e+01	-1.883086e-01	3.897262e+00
4.650000e+01	-1.866447e-01	3.905252e+00
4.653333e+01	-1.865639e-01	3.905640e+00
4.656667e+01	-1.874419e-01	3.901424e+00
4.660000e+01	-1.881788e-01	3.897886e+00
4.663333e+01	-1.882549e-01	3.897520e+00
4.666667e+01	-1.878909e-01	3.899268e+00
4.670000e+01	-1.875604e-01	3.900855e+00
4.673333e+01	-1.875100e-01	3.901097e+00
4.676667e+01	-1.876612e-01	3.900371e+00
4.680000e+01	-1.878095e-01	3.899659e+00
4.683333e+01	-1.878391e-01	3.899517e+00
4.686667e+01	-1.877768e-01	3.899816e+00
4.690000e+01	-1.877105e-01	3.900134e+00
4.693333e+01	-1.876943e-01	3.900212e+00
4.696667e+01	-1.877197e-01	3.900090e+00
47	-1.877492e-01	3.899948e+00
4.703333e+01	-1.877577e-01	3.899907e+00
4.706667e+01	-1.875264e-01	3.901018e+00
4.710000e+01	-1.860448e-01	3.908132e+00
4.713333e+01	-1.817652e-01	3.928680e+00
4.716667e+01	-1.746794e-01	3.962702e+00
4.720000e+01	-1.675701e-01	3.996837e+00
4.723333e+01	-1.637876e-01	4.014998e+00
4.726667e+01	-1.640862e-01	4.013564e+00
4.730000e+01	-1.663693e-01	4.002602e+00
4.733333e+01	-1.680481e-01	3.994541e+00
4.736667e+01	-1.681035e-01	3.994275e+00
4.740000e+01	-1.671968e-01	3.998629e+00
4.743333e+01	-1.664520e-01	4.002205e+00
4.746667e+01	-1.663862e-01	4.002521e+00
4.750000e+01	-1.667629e-01	4.000712e+00
4.753333e+01	-1.670975e-01	3.999105e+00
4.756667e+01	-1.671437e-01	3.998884e+00
4.760000e+01	-1.669869e-01	3.999636e+00
4.763333e+01	-1.668366e-01	4.000358e+00
4.766667e+01	-1.668086e-01	4.000493e+00
4.770000e+01	-1.668734e-01	4.000182e+00
4.773333e+01	-1.669407e-01	3.999859e+00
4.776667e+01	-1.667353e-01	4.000845e+00
4.780000e+01	-1.652401e-01	4.008024e+00
4.783333e+01	-1.609350e-01	4.028694e+00
4.786667e+01	-1.538368e-01	4.062776e+00
4.790000e+01	-1.467324e-01	4.096887e+00
4.793333e+01	-1.429610e-01	4.114995e+00
4.796667e+01	-1.432655e-01	4.113533e+00
48	-1.455469e-01	4.102579e+00
4.803333e+01	-1.472209e-01	4.094541e+00
4.806667e+01	-1.472735e-01	4.094289e+00
4.810000e+01	-1.463674e-01	4.098639e+00
4.813333e+01	-1.456246e-01	4.102206e+00
4.816667e+01	-1.455601e-01	4.102515e+00
4.820000e+01	-1.459367e-01	4.100707e+00
4.823333e+01	-1.462704e-01	4.099105e+00
4.826667e+01	-1.463160e-01	4.098886e+00
4.830000e+01	-1.461593e-01	4.099639e+00
4.833333e+01	-1.460093e-01	4.100359e+00
4.836667e+01	-1.459816e-01	4.100492e+00
4.840000e+01	-1.460464e-01	4.100181e+00
4.843333e+01	-1.461135e-01	4.099858e+00
4.846667e+01	-1.461290e-01	4.099784e+00
4.850000e+01	-1.461025e-01	4.099911e+00
4.853333e+01	-1.460726e-01	4.100055e+00
4.856667e+01	-1.460643e-01	4.100095e+00
4.860000e+01	-1.460751e-01	4.100043e+00
4.863333e+01	-1.460883e-01	4.099979e+00
4.866667e+01	-1.460926e-01	4.099959e+00
4.870000e+01	-1.460883e-01	4.099980e+00
4.873333e+01	-1.460824e-01	4.100008e+00
4.876667e+01	-1.460803e-01	4.100018e+00
4.880000e+01	-1.460820e-01	4.100010e+00
4.883333e+01	-1.460846e-01	4.099997e+00
4.886667e+01	-1.460856e-01	4.099992e+00
4.890000e+01	-1.460849e-01	4.099995e+00
4.893333e+01	-1.460838e-01	4.100001e+00
4.896667e+01	-1.460833e-01	4.100003e+00
49	-1.460836e-01	4.100002e+00
4.903333e+01	-1.460841e-01	4.100000e+00
4.906667e+01	-1.460843e-01	4.099999e+00
4.910000e+01	-1.460842e-01	4.099999e+00
4.913333e+01	-1.463050e-01	4.098939e+00
4.916667e+01	-1.477735e-01	4.091888e+00
4.920000e+01	-1.520487e-01	4.071361e+00
4.923333e+01	-1.591387e-01	4.037319e+00
4.926667e+01	-1.662539e-01	4.003156e+00
4.930000e+01	-1.700386e-01	3.984984e+00
4.933333e+01	-1.697383e-01	3.986426e+00
4.936667e+01	-1.674526e-01	3.997401e+00
4.940000e+01	-1.657727e-01	4.005466e+00
4.943333e+01	-1.657180e-01	4.005729e+00
4.946667e+01	-1.666258e-01	4.001370e+00
4.950000e+01	-1.673711e-01	3.997792e+00
4.953333e+01	-1.674367e-01	3.997477e+00
4.956667e+01	-1.670595e-01	3.999288e+00
4.960000e+01	-1.667246e-01	4.000896e+00
4.963333e+01	-1.666785e-01	4.001117e+00
4.966667e+01	-1.668355e-01	4.000364e+00
4.970000e+01	-1.669860e-01	3.999641e+00
4.973333e+01	-1.670139e-01	3.999507e+00
4.976667e+01	-1.669491e-01	3.999818e+00
4.980000e+01	-1.668817e-01	4.000142e+00
4.983333e+01	-1.668661e-01	4.000217e+00
4.986667e+01	-1.668927e-01	4.000089e+00
4.990000e+01	-1.669227e-01	3.999945e+00
4.993333e+01	-1.669310e-01	3.999905e+00
4.996667e+01	-1.669202e-01	3.999957e+00
50	-1.669069e-01	4.000021e+00
5.003333e+01	-1.669026e-01	4.000041e+00
5.006667e+01	-1.669069e-01	4.000021e+00
5.010000e+01	-1.669128e-01	3.999992e+00
5.013333e+01	-1.669149e-01	3.999982e+00
5.016667e+01	-1.669132e-01	3.999990e+00
5.020000e+01	-1.669107e-01	4.000003e+00
5.023333e+01	-1.669096e-01	4.000008e+00
5.026667e+01	-1.669103e-01	4.000005e+00
5.030000e+01	-1.669114e-01	3.999999e+00
5.033333e+01	-1.669119e-01	3.999997e+00
5.036667e+01	-1.669117e-01	3.999998e+00
5.040000e+01	-1.669112e-01	4.000000e+00
5.043333e+01	-1.669109e-01	4.000001e+00
5.046667e+01	-1.669110e-01	4.000001e+00
5.050000e+01	-1.669112e-01	4.000000e+00
5.053333e+01	-1.666903e-01	4.001061e+00
5.056667e+01	-1.652217e-01	4.008112e+00
5.060000e+01	-1.609464e-01	4.028639e+00
5.063333e+01	-1.538565e-01	4.062681e+00
5.066667e+01	-1.469624e-01	4.095783e+00
5.070000e+01	-1.446463e-01	4.106903e+00
5.073333e+01	-1.492218e-01	4.084934e+00
5.076667e+01	-1.585973e-01	4.039918e+00
5.080000e+01	-1.673923e-01	3.997690e+00
5.083333e+01	-1.712317e-01	3.979255e+00
5.086667e+01	-1.700237e-01	3.985056e+00
5.090000e+01	-1.669927e-01	3.999609e+00
5.093333e+01	-1.652472e-01	4.007989e+00
5.096667e+01	-1.655698e-01	4.006441e+00
51	-1.665914e-01	4.001536e+00
5.103333e+01	-1.659142e-01	4.004787e+00
5.106667e+01	-1.615476e-01	4.025753e+00
5.110000e+01	-1.539300e-01	4.062328e+00
5.113333e+01	-1.464521e-01	4.098233e+00
5.116667e+01	-1.426861e-01	4.116314e+00
5.120000e+01	-1.432107e-01	4.113796e+00
5.123333e+01	-1.456625e-01	4.102024e+00
5.126667e+01	-1.473438e-01	4.093951e+00
5.130000e+01	-1.473036e-01	4.094144e+00
5.133333e+01	-1.463202e-01	4.098866e+00
5.136667e+01	-1.455700e-01	4.102468e+00
5.140000e+01	-1.455443e-01	4.102591e+00
5.143333e+01	-1.459558e-01	4.100616e+00
5.146667e+01	-1.462946e-01	4.098989e+00
5.150000e+01	-1.463241e-01	4.098847e+00
5.153333e+01	-1.461517e-01	4.099675e+00
5.156667e+01	-1.459986e-01	4.100410e+00
5.160000e+01	-1.459776e-01	4.100511e+00
5.163333e+01	-1.460494e-01	4.100166e+00
5.166667e+01	-1.463392e-01	4.098775e+00
5.170000e+01	-1.478206e-01	4.091662e+00
5.173333e+01	-1.520661e-01	4.071277e+00
5.176667e+01	-1.591252e-01	4.037384e+00
5.180000e+01	-1.662332e-01	4.003255e+00
5.183333e+01	-1.700300e-01	3.985025e+00
5.186667e+01	-1.697435e-01	3.986401e+00
5.190000e+01	-1.674616e-01	3.997357e+00
5.193333e+01	-1.657768e-01	4.005447e+00
5.196667e+01	-1.657160e-01	4.005739e+00
52	-1.666219e-01	4.001389e+00
5.203333e+01	-1.673692e-01	3.997801e+00
5.206667e+01	-1.674374e-01	3.997473e+00
5.210000e+01	-1.670612e-01	3.999280e+00
5.213333e+01	-1.667256e-01	4.000891e+00
5.216667e+01	-1.666782e-01	4.001119e+00
5.220000e+01	-1.668348e-01	4.000367e+00
5.223333e+01	-1.669855e-01	3.999643e+00
5.226667e+01	-1.670140e-01	3.999506e+00
5.230000e+01	-1.669494e-01	3.999817e+00
5.233333e+01	-1.668819e-01	4.000141e+00
5.236667e+01	-1.668661e-01	4.000217e+00
5.240000e+01	-1.668925e-01	4.000090e+00
5.243333e+01	-1.669226e-01	3.999946e+00
5.246667e+01	-1.671520e-01	3.998844e+00
5.250000e+01	-1.686099e-01	3.991844e+00
5.253333e+01	-1.728717e-01	3.971381e+00
5.256667e+01	-1.799573e-01	3.937360e+00
5.260000e+01	-1.870768e-01	3.903177e+00
5.263333e+01	-1.908673e-01	3.884977e+00
5.266667e+01	-1.905692e-01	3.886408e+00
5.270000e+01	-1.882819e-01	3.897391e+00
5.273333e+01	-1.863784e-01	3.906530e+00
5.276667e+01	-1.848540e-01	3.913849e+00
5.280000e+01	-1.814873e-01	3.930014e+00
5.283333e+01	-1.751438e-01	3.960472e+00
5.286667e+01	-1.680948e-01	3.994317e+00
5.290000e+01	-1.639326e-01	4.014301e+00
5.293333e+01	-1.638975e-01	4.014470e+00
5.296667e+01	-1.661368e-01	4.003718e+00
53	-1.679738e-01	3.994898e+00
5.303333e+01	-1.681792e-01	3.993912e+00
5.306667e+01	-1.672995e-01	3.998136e+00
5.310000e+01	-1.664892e-01	4.002026e+00
5.313333e+01	-1.663562e-01	4.002665e+00
5.316667e+01	-1.667178e-01	4.000929e+00
5.320000e+01	-1.670792e-01	3.999193e+00
5.323333e+01	-1.671554e-01	3.998828e+00
5.326667e+01	-1.670067e-01	3.999542e+00
5.330000e+01	-1.668455e-01	4.000316e+00
5.333333e+01	-1.668042e-01	4.000514e+00
5.336667e+01	-1.668648e-01	4.000223e+00
5.340000e+01	-1.669364e-01	3.999879e+00
5.343333e+01	-1.669579e-01	3.999776e+00
5.346667e+01	-1.669335e-01	3.999893e+00
5.350000e+01	-1.669018e-01	4.000045e+00
5.353333e+01	-1.668909e-01	4.000097e+00
5.356667e+01	-1.669006e-01	4.000051e+00
5.360000e+01	-1.669146e-01	3.999984e+00
5.363333e+01	-1.669200e-01	3.999958e+00
5.366667e+01	-1.669162e-01	3.999976e+00
5.370000e+01	-1.666891e-01	4.001067e+00
5.373333e+01	-1.652178e-01	4.008131e+00
5.376667e+01	-1.609441e-01	4.028651e+00
5.380000e+01	-1.538569e-01	4.062679e+00
5.383333e+01	-1.467430e-01	4.096836e+00
5.386667e+01	-1.429578e-01	4.115010e+00
5.390000e+01	-1.432569e-01	4.113574e+00
5.393333e+01	-1.457629e-01	4.101542e+00
5.396667e+01	-1.489116e-01	4.086423e+00
54	-1.532420e-01	4.065631e+00
5.403333e+01	-1.594244e-01	4.035947e+00
5.406667e+01	-1.655731e-01	4.006425e+00
5.410000e+01	-1.678234e-01	3.995620e+00
5.413333e+01	-1.636251e-01	4.015778e+00
5.416667e+01	-1.545844e-01	4.059186e+00
5.420000e+01	-1.458356e-01	4.101193e+00
5.423333e+01	-1.418393e-01	4.120381e+00
5.426667e+01	-1.428968e-01	4.115303e+00
5.430000e+01	-1.458998e-01	4.100884e+00
5.433333e+01	-1.477101e-01	4.092192e+00
5.436667e+01	-1.474549e-01	4.093418e+00
5.440000e+01	-1.460069e-01	4.100370e+00
5.443333e+01	-1.437203e-01	4.111349e+00
5.446667e+01	-1.395066e-01	4.131581e+00
5.450000e+01	-1.329360e-01	4.163129e+00
5.453333e+01	-1.261945e-01	4.195498e+00
5.456667e+01	-1.224044e-01	4.213696e+00
5.460000e+01	-1.224845e-01	4.213311e+00
5.463333e+01	-1.245998e-01	4.203154e+00
5.466667e+01	-1.262724e-01	4.195123e+00
5.470000e+01	-1.264199e-01	4.194416e+00
5.473333e+01	-1.255894e-01	4.198403e+00
5.476667e+01	-1.248515e-01	4.201946e+00
5.480000e+01	-1.247471e-01	4.202447e+00
5.483333e+01	-1.250894e-01	4.200803e+00
5.486667e+01	-1.254192e-01	4.199220e+00
5.490000e+01	-1.254814e-01	4.198921e+00
5.493333e+01	-1.253401e-01	4.199600e+00
5.496667e+01	-1.251927e-01	4.200308e+00
55	-1.251581e-01	4.200474e+00
5.503333e+01	-1.252159e-01	4.200196e+00
5.506667e+01	-1.252816e-01	4.199881e+00
5.510000e+01	-1.252999e-01	4.199793e+00
5.513333e+01	-1.252765e-01	4.199905e+00
5.516667e+01	-1.252474e-01	4.200045e+00
5.520000e+01	-1.254590e-01	4.199029e+00
5.523333e+01	-1.269370e-01	4.191933e+00
5.526667e+01	-1.312250e-01	4.171344e+00
5.530000e+01	-1.383196e-01	4.137280e+00
5.533333e+01	-1.454311e-01	4.103135e+00
5.536667e+01	-1.492101e-01	4.084990e+00
5.540000e+01	-1.489075e-01	4.086443e+00
5.543333e+01	-1.466233e-01	4.097411e+00
5.546667e+01	-1.449459e-01	4.105464e+00
5.550000e+01	-1.448923e-01	4.105722e+00
5.553333e+01	-1.457996e-01	4.101366e+00
5.556667e+01	-1.465438e-01	4.097792e+00
5.560000e+01	-1.466088e-01	4.097480e+00
5.563333e+01	-1.462318e-01	4.099290e+00
5.566667e+01	-1.456764e-01	4.101957e+00
5.570000e+01	-1.441619e-01	4.109229e+00
5.573333e+01	-1.400437e-01	4.129002e+00
5.576667e+01	-1.331040e-01	4.162322e+00
5.580000e+01	-1.260167e-01	4.196351e+00
5.583333e+01	-1.221672e-01	4.214834e+00
5.586667e+01	-1.224002e-01	4.213715e+00
5.590000e+01	-1.246703e-01	4.202816e+00
5.593333e+01	-1.263768e-01	4.194623e+00
5.596667e+01	-1.264614e-01	4.194216e+00
56	-1.255619e-01	4.198535e+00
5.603333e+01	-1.248058e-01	4.202165e+00
5.606667e+01	-1.247270e-01	4.202544e+00
5.610000e+01	-1.250999e-01	4.200753e+00
5.613333e+01	-1.254391e-01	4.199125e+00
5.616667e+01	-1.254911e-01	4.198875e+00
5.620000e+01	-1.253362e-01	4.199619e+00
5.623333e+01	-1.251841e-01	4.200349e+00
5.626667e+01	-1.251535e-01	4.200496e+00
5.630000e+01	-1.252173e-01	4.200189e+00
5.633333e+01	-1.252853e-01	4.199863e+00
5.636667e+01	-1.253021e-01	4.199782e+00
5.640000e+01	-1.252760e-01	4.199908e+00
5.643333e+01	-1.252458e-01	4.200053e+00
5.646667e+01	-1.252370e-01	4.200095e+00
5.650000e+01	-1.252475e-01	4.200044e+00
5.653333e+01	-1.252609e-01	4.199980e+00
5.656667e+01	-1.252654e-01	4.199959e+00
5.660000e+01	-1.252612e-01	4.199979e+00
5.663333e+01	-1.252553e-01	4.200007e+00
5.666667e+01	-1.252531e-01	4.200018e+00
5.670000e+01	-1.252547e-01	4.200010e+00
5.673333e+01	-1.252573e-01	4.199998e+00
5.676667e+01	-1.252584e-01	4.199992e+00
5.680000e+01	-1.252577e-01	4.199995e+00
5.683333e+01	-1.252566e-01	4.200001e+00
5.686667e+01	-1.252561e-01	4.200003e+00
5.690000e+01	-1.252563e-01	4.200002e+00
5.693333e+01	-1.252568e-01	4.200000e+00
5.696667e+01	-1.252571e-01	4.199999e+00
57	-1.252570e-01	4.199999e+00
5.703333e+01	-1.252568e-01	4.200000e+00
5.706667e+01	-1.252567e-01	4.200001e+00
5.710000e+01	-1.252567e-01	4.200000e+00
5.713333e+01	-1.252568e-01	4.200000e+00
5.716667e+01	-1.252568e-01	4.200000e+00
5.720000e+01	-1.254778e-01	4.198939e+00
5.723333e+01	-1.269464e-01	4.191887e+00
5.726667e+01	-1.312216e-01	4.171361e+00
5.730000e+01	-1.383115e-01	4.137319e+00
5.733333e+01	-1.454266e-01	4.103156e+00
5.736667e+01	-1.492113e-01	4.084985e+00
5.740000e+01	-1.489111e-01	4.086426e+00
5.743333e+01	-1.466254e-01	4.097401e+00
5.746667e+01	-1.449455e-01	4.105466e+00
5.750000e+01	-1.448908e-01	4.105729e+00
5.753333e+01	-1.457986e-01	4.101370e+00
5.756667e+01	-1.465439e-01	4.097792e+00
5.760000e+01	-1.466095e-01	4.097477e+00
5.763333e+01	-1.462323e-01	4.099288e+00
5.766667e+01	-1.458974e-01	4.100896e+00
5.770000e+01	-1.460723e-01	4.100056e+00
5.773333e+01	-1.476979e-01	4.092251e+00
5.776667e+01	-1.521235e-01	4.071002e+00
5.780000e+01	-1.592414e-01	4.036826e+00
5.783333e+01	-1.662917e-01	4.002975e+00
5.786667e+01	-1.700090e-01	3.985126e+00
5.790000e+01	-1.696931e-01	3.986643e+00
5.793333e+01	-1.674340e-01	3.997490e+00
5.796667e+01	-1.657842e-01	4.005411e+00
58	-1.657377e-01	4.005634e+00
5.803333e+01	-1.666348e-01	4.001327e+00
5.806667e+01	-1.673668e-01	3.997813e+00
5.810000e+01	-1.674281e-01	3.997518e+00
5.813333e+01	-1.672762e-01	3.998248e+00
5.816667e+01	-1.684159e-01	3.992776e+00
5.820000e+01	-1.726470e-01	3.972460e+00
5.823333e+01	-1.798922e-01	3.937673e+00
5.826667e+01	-1.871552e-01	3.902800e+00
5.830000e+01	-1.909668e-01	3.884499e+00
5.833333e+01	-1.906024e-01	3.886249e+00
5.836667e+01	-1.882505e-01	3.897541e+00
5.840000e+01	-1.865555e-01	3.905680e+00
5.843333e+01	-1.865271e-01	3.905816e+00
5.846667e+01	-1.874644e-01	3.901316e+00
5.850000e+01	-1.879968e-01	3.898760e+00
5.853333e+01	-1.865830e-01	3.905547e+00
5.856667e+01	-1.819176e-01	3.927948e+00
5.860000e+01	-1.744887e-01	3.963618e+00
5.863333e+01	-1.673317e-01	3.997981e+00
5.866667e+01	-1.637098e-01	4.015371e+00
5.870000e+01	-1.641626e-01	4.013197e+00
5.873333e+01	-1.664745e-01	4.002097e+00
5.876667e+01	-1.680870e-01	3.994355e+00
5.880000e+01	-1.680734e-01	3.994420e+00
5.883333e+01	-1.671506e-01	3.998851e+00
5.886667e+01	-1.664329e-01	4.002297e+00
5.890000e+01	-1.663978e-01	4.002465e+00
5.893333e+01	-1.670042e-01	3.999554e+00
5.896667e+01	-1.687964e-01	3.990949e+00
59	-1.731041e-01	3.970265e+00
5.903333e+01	-1.800328e-01	3.936998e+00
5.906667e+01	-1.870020e-01	3.903536e+00
5.910000e+01	-1.907647e-01	3.885469e+00
5.913333e+01	-1.905315e-01	3.886589e+00
5.916667e+01	-1.883113e-01	3.897249e+00
5.920000e+01	-1.866445e-01	3.905253e+00
5.923333e+01	-1.865621e-01	3.905648e+00
5.926667e+01	-1.874407e-01	3.901430e+00
5.930000e+01	-1.881788e-01	3.897886e+00
5.933333e+01	-1.882557e-01	3.897517e+00
5.936667e+01	-1.878915e-01	3.899265e+00
5.940000e+01	-1.875604e-01	3.900855e+00
5.943333e+01	-1.875097e-01	3.901098e+00
5.946667e+01	-1.876609e-01	3.900372e+00
5.950000e+01	-1.878095e-01	3.899659e+00
5.953333e+01	-1.878393e-01	3.899516e+00
5.956667e+01	-1.877769e-01	3.899815e+00
5.960000e+01	-1.877106e-01	3.900134e+00
5.963333e+01	-1.876942e-01	3.900212e+00
5.966667e+01	-1.877197e-01	3.900090e+00
5.970000e+01	-1.879702e-01	3.898887e+00
5.973333e+01	-1.894474e-01	3.891795e+00
5.976667e+01	-1.937123e-01	3.871317e+00
5.980000e+01	-2.007891e-01	3.837338e+00
5.983333e+01	-2.078999e-01	3.803197e+00
5.986667e+01	-2.116887e-01	3.785005e+00
5.990000e+01	-2.113942e-01	3.786419e+00
5.993333e+01	-2.091107e-01	3.797383e+00
5.996667e+01	-2.074292e-01	3.805457e+00
60	-2.073719e-01	3.805732e+00
6.003333e+01	-2.082787e-01	3.801378e+00
6.006667e+01	-2.090246e-01	3.797796e+00
6.010000e+01	-2.090913e-01	3.797476e+00
6.013333e+01	-2.084936e-01	3.800346e+00
6.016667e+01	-2.066899e-01	3.809006e+00
6.020000e+01	-2.023681e-01	3.829757e+00
6.023333e+01	-1.954349e-01	3.863046e+00
6.026667e+01	-1.884704e-01	3.896486e+00
6.030000e+01	-1.847138e-01	3.914522e+00
6.033333e+01	-1.849493e-01	3.913392e+00
6.036667e+01	-1.871677e-01	3.902741e+00
6.040000e+01	-1.888318e-01	3.894750e+00
6.043333e+01	-1.889130e-01	3.894360e+00
6.046667e+01	-1.880352e-01	3.898575e+00
6.050000e+01	-1.872983e-01	3.902114e+00
6.053333e+01	-1.872219e-01	3.902480e+00
6.056667e+01	-1.875859e-01	3.900733e+00
6.060000e+01	-1.879164e-01	3.899145e+00
6.063333e+01	-1.879669e-01	3.898903e+00
6.066667e+01	-1.878157e-01	3.899629e+00
6.070000e+01	-1.876674e-01	3.900341e+00
6.073333e+01	-1.876378e-01	3.900483e+00
6.076667e+01	-1.877000e-01	3.900184e+00
6.080000e+01	-1.877663e-01	3.899866e+00
6.083333e+01	-1.877826e-01	3.899788e+00
6.086667e+01	-1.877572e-01	3.899910e+00
6.090000e+01	-1.877277e-01	3.900052e+00
6.093333e+01	-1.877191e-01	3.900093e+00
6.096667e+01	-1.877294e-01	3.900043e+00
61	-1.877425e-01	3.899981e+00
6.103333e+01	-1.877468e-01	3.899960e+00
6.106667e+01	-1.877427e-01	3.899979e+00
6.110000e+01	-1.877370e-01	3.900007e+00
6.113333e+01	-1.877348e-01	3.900017e+00
6.116667e+01	-1.877364e-01	3.900010e+00
6.120000e+01	-1.877389e-01	3.899998e+00
6.123333e+01	-1.877400e-01	3.899992e+00
6.126667e+01	-1.877394e-01	3.899995e+00
6.130000e+01	-1.877383e-01	3.900001e+00
6.133333e+01	-1.879588e-01	3.898942e+00
6.136667e+01	-1.894276e-01	3.891889e+00
6.140000e+01	-1.937033e-01	3.871360e+00
6.143333e+01	-2.007934e-01	3.837318e+00
6.146667e+01	-2.079085e-01	3.803155e+00
6.150000e+01	-2.116930e-01	3.784985e+00
6.153333e+01	-2.113926e-01	3.786427e+00
6.156667e+01	-2.091069e-01	3.797401e+00
6.160000e+01	-2.074272e-01	3.805466e+00
6.163333e+01	-2.073725e-01	3.805729e+00
6.166667e+01	-2.082803e-01	3.801370e+00
6.170000e+01	-2.090256e-01	3.797792e+00
6.173333e+01	-2.090911e-01	3.797477e+00
6.176667e+01	-2.087139e-01	3.799288e+00
6.180000e+01	-2.083791e-01	3.800896e+00
6.183333e+01	-2.083329e-01	3.801117e+00
6.186667e+01	-2.084900e-01	3.800363e+00
6.190000e+01	-2.086404e-01	3.799641e+00
6.193333e+01	-2.086684e-01	3.799507e+00
6.196667e+01	-2.086035e-01	3.799818e+00
62	-2.085362e-01	3.800142e+00
6.203333e+01	-2.085205e-01	3.800217e+00
6.206667e+01	-2.085471e-01	3.800089e+00
6.210000e+01	-2.085771e-01	3.799945e+00
6.213333e+01	-2.085854e-01	3.799905e+00
6.216667e+01	-2.085746e-01	3.799957e+00
6.220000e+01	-2.085613e-01	3.800021e+00
6.223333e+01	-2.085571e-01	3.800041e+00
6.226667e+01	-2.085614e-01	3.800021e+00
6.230000e+01	-2.085672e-01	3.799992e+00
6.233333e+01	-2.085694e-01	3.799982e+00
6.236667e+01	-2.085677e-01	3.799990e+00
6.240000e+01	-2.085651e-01	3.800003e+00
6.243333e+01	-2.085640e-01	3.800008e+00
6.246667e+01	-2.085647e-01	3.800005e+00
6.250000e+01	-2.085658e-01	3.799999e+00
6.253333e+01	-2.085663e-01	3.799997e+00
6.256667e+01	-2.085661e-01	3.799998e+00
6.260000e+01	-2.085656e-01	3.800000e+00
6.263333e+01	-2.085654e-01	3.800001e+00
6.266667e+01	-2.085655e-01	3.800001e+00
6.270000e+01	-2.085657e-01	3.800000e+00
6.273333e+01	-2.085658e-01	3.799999e+00
6.276667e+01	-2.085658e-01	3.800000e+00
6.280000e+01	-2.085657e-01	3.800000e+00
6.283333e+01	-2.085656e-01	3.800000e+00
6.286667e+01	-2.085656e-01	3.800000e+00
6.290000e+01	-2.085657e-01	3.800000e+00
6.293333e+01	-2.085657e-01	3.800000e+00
6.296667e+01	-2.085657e-01	3.800000e+00
63	-2.085657e-01	3.800000e+00
6.303333e+01	-2.085656e-01	3.800000e+00
6.306667e+01	-2.085656e-01	3.800000e+00
6.310000e+01	-2.085657e-01	3.800000e+00
6.313333e+01	-2.085657e-01	3.800000e+00
6.316667e+01	-2.085657e-01	3.800000e+00
6.320000e+01	-2.085657e-01	3.800000e+00
6.323333e+01	-2.087867e-01	3.798939e+00
6.326667e+01	-2.102553e-01	3.791887e+00
6.330000e+01	-2.145305e-01	3.771361e+00
6.333333e+01	-2.216204e-01	3.737319e+00
6.336667e+01	-2.287355e-01	3.703156e+00
6.340000e+01	-2.327412e-01	3.683923e+00
6.343333e+01	-2.339096e-01	3.678314e+00
6.346667e+01	-2.358991e-01	3.668761e+00
6.350000e+01	-2.413091e-01	3.642785e+00
6.353333e+01	-2.483695e-01	3.608885e+00
6.356667e+01	-2.528410e-01	3.587416e+00
6.360000e+01	-2.518174e-01	3.592331e+00
6.363333e+01	-2.453222e-01	3.623517e+00
6.366667e+01	-2.361751e-01	3.667436e+00
6.370000e+01	-2.286705e-01	3.703469e+00
6.373333e+01	-2.257475e-01	3.717503e+00
6.376667e+01	-2.269500e-01	3.711729e+00
6.380000e+01	-2.294517e-01	3.699717e+00
6.383333e+01	-2.307823e-01	3.693329e+00
6.386667e+01	-2.304373e-01	3.694985e+00
6.390000e+01	-2.294161e-01	3.699889e+00
6.393333e+01	-2.288121e-01	3.702788e+00
6.396667e+01	-2.289236e-01	3.702253e+00
64	-2.293588e-01	3.700164e+00
6.403333e+01	-2.296370e-01	3.698828e+00
6.406667e+01	-2.296051e-01	3.698981e+00
6.410000e+01	-2.291981e-01	3.700935e+00
6.413333e+01	-2.276013e-01	3.708602e+00
6.416667e+01	-2.233325e-01	3.729098e+00
6.420000e+01	-2.163217e-01	3.762760e+00
6.423333e+01	-2.092652e-01	3.796641e+00
6.426667e+01	-2.054812e-01	3.814810e+00
6.430000e+01	-2.057480e-01	3.813529e+00
6.433333e+01	-2.080070e-01	3.802683e+00
6.436667e+01	-2.096851e-01	3.794625e+00
6.440000e+01	-2.097538e-01	3.794295e+00
6.443333e+01	-2.088581e-01	3.798596e+00
6.446667e+01	-2.081142e-01	3.802168e+00
6.450000e+01	-2.080428e-01	3.802510e+00
6.453333e+01	-2.084146e-01	3.800725e+00
6.456667e+01	-2.087485e-01	3.799122e+00
6.460000e+01	-2.085760e-01	3.799950e+00
6.463333e+01	-2.069529e-01	3.807744e+00
6.466667e+01	-2.025278e-01	3.828990e+00
6.470000e+01	-1.954089e-01	3.863171e+00
6.473333e+01	-1.883575e-01	3.897027e+00
6.476667e+01	-1.846399e-01	3.914877e+00
6.480000e+01	-1.849562e-01	3.913359e+00
6.483333e+01	-1.872158e-01	3.902509e+00
6.486667e+01	-1.888658e-01	3.894587e+00
6.490000e+01	-1.889121e-01	3.894365e+00
6.493333e+01	-1.880148e-01	3.898673e+00
6.496667e+01	-1.872827e-01	3.902188e+00
65	-1.872215e-01	3.902482e+00
6.503333e+01	-1.875945e-01	3.900691e+00
6.506667e+01	-1.879235e-01	3.899111e+00
6.510000e+01	-1.879675e-01	3.898900e+00
6.513333e+01	-1.878121e-01	3.899646e+00
6.516667e+01	-1.876642e-01	3.900356e+00
6.520000e+01	-1.876373e-01	3.900485e+00
6.523333e+01	-1.877016e-01	3.900177e+00
6.526667e+01	-1.877678e-01	3.899859e+00
6.530000e+01	-1.877829e-01	3.899787e+00
6.533333e+01	-1.877566e-01	3.899913e+00
6.536667e+01	-1.877271e-01	3.900055e+00
6.540000e+01	-1.877190e-01	3.900093e+00
6.543333e+01	-1.877297e-01	3.900042e+00
6.546667e+01	-1.877428e-01	3.899979e+00
6.550000e+01	-1.877469e-01	3.899959e+00
6.553333e+01	-1.877426e-01	3.899980e+00
6.556667e+01	-1.877368e-01	3.900008e+00
6.560000e+01	-1.877348e-01	3.900018e+00
6.563333e+01	-1.877365e-01	3.900010e+00
6.566667e+01	-1.877390e-01	3.899997e+00
6.570000e+01	-1.877400e-01	3.899992e+00
6.573333e+01	-1.877394e-01	3.899996e+00
6.576667e+01	-1.877383e-01	3.900001e+00
6.580000e+01	-1.879588e-01	3.898942e+00
6.583333e+01	-1.894276e-01	3.891889e+00
6.586667e+01	-1.937033e-01	3.871360e+00
6.590000e+01	-2.007934e-01	3.837318e+00
6.593333e+01	-2.079085e-01	3.803155e+00
6.596667e+01	-2.116929e-01	3.784985e+00
66	-2.113926e-01	3.786427e+00
6.603333e+01	-2.091070e-01	3.797401e+00
6.606667e+01	-2.074272e-01	3.805466e+00
6.610000e+01	-2.073725e-01	3.805729e+00
6.613333e+01	-2.082803e-01	3.801370e+00
6.616667e+01	-2.090256e-01	3.797792e+00
6.620000e+01	-2.090911e-01	3.797477e+00
6.623333e+01	-2.087139e-01	3.799288e+00
6.626667e+01	-2.083791e-01	3.800896e+00
6.630000e+01	-2.083329e-01	3.801117e+00
6.633333e+01	-2.084900e-01	3.800363e+00
6.636667e+01	-2.086404e-01	3.799641e+00
6.640000e+01	-2.086684e-01	3.799507e+00
6.643333e+01	-2.086035e-01	3.799818e+00
6.646667e+01	-2.085362e-01	3.800142e+00
6.650000e+01	-2.085205e-01	3.800217e+00
6.653333e+01	-2.085471e-01	3.800089e+00
6.656667e+01	-2.085771e-01	3.799945e+00
6.660000e+01	-2.085854e-01	3.799905e+00
6.663333e+01	-2.085746e-01	3.799957e+00
6.666667e+01	-2.087823e-01	3.798960e+00
6.670000e+01	-2.100257e-01	3.792990e+00
6.673333e+01	-2.128365e-01	3.779494e+00
6.676667e+01	-2.156572e-01	3.765951e+00
6.680000e+01	-2.156845e-01	3.765819e+00
6.683333e+01	-2.123524e-01	3.781818e+00
6.686667e+01	-2.082648e-01	3.801444e+00
6.690000e+01	-2.062784e-01	3.810982e+00
6.693333e+01	-2.068848e-01	3.808070e+00
6.696667e+01	-2.085111e-01	3.800262e+00
67	-2.094742e-01	3.795638e+00
6.703333e+01	-2.093114e-01	3.796419e+00
6.706667e+01	-2.086312e-01	3.799685e+00
6.710000e+01	-2.081881e-01	3.801813e+00
6.713333e+01	-2.082306e-01	3.801609e+00
6.716667e+01	-2.085195e-01	3.800221e+00
6.720000e+01	-2.087228e-01	3.799246e+00
6.723333e+01	-2.087162e-01	3.799277e+00
6.726667e+01	-2.085936e-01	3.799866e+00
6.730000e+01	-2.085007e-01	3.800312e+00
6.733333e+01	-2.084983e-01	3.800323e+00
6.736667e+01	-2.085500e-01	3.800075e+00
6.740000e+01	-2.085922e-01	3.799872e+00
6.743333e+01	-2.083747e-01	3.800917e+00
6.746667e+01	-2.068843e-01	3.808073e+00
6.750000e+01	-2.025901e-01	3.828691e+00
6.753333e+01	-1.954976e-01	3.862745e+00
6.756667e+01	-1.883915e-01	3.896864e+00
6.760000e+01	-1.846155e-01	3.914995e+00
6.763333e+01	-1.849173e-01	3.913546e+00
6.766667e+01	-1.871992e-01	3.902589e+00
6.770000e+01	-1.888752e-01	3.894542e+00
6.773333e+01	-1.889291e-01	3.894283e+00
6.776667e+01	-1.880228e-01	3.898635e+00
6.780000e+01	-1.875002e-01	3.901144e+00
6.783333e+01	-1.889037e-01	3.894405e+00
6.786667e+01	-1.935555e-01	3.872070e+00
6.790000e+01	-2.009795e-01	3.836424e+00
6.793333e+01	-2.081405e-01	3.802041e+00
6.796667e+01	-2.117684e-01	3.784622e+00
68	-2.113181e-01	3.786785e+00
6.803333e+01	-2.090045e-01	3.797893e+00
6.806667e+01	-2.073894e-01	3.805647e+00
6.810000e+01	-2.074019e-01	3.805588e+00
6.813333e+01	-2.083253e-01	3.801154e+00
6.816667e+01	-2.088231e-01	3.798764e+00
6.820000e+01	-2.073901e-01	3.805644e+00
6.823333e+01	-2.027294e-01	3.828022e+00
6.826667e+01	-1.953154e-01	3.863620e+00
6.830000e+01	-1.881674e-01	3.897940e+00
6.833333e+01	-1.845440e-01	3.915338e+00
6.836667e+01	-1.849904e-01	3.913194e+00
6.840000e+01	-1.872982e-01	3.902114e+00
6.843333e+01	-1.889110e-01	3.894370e+00
6.846667e+01	-1.889001e-01	3.894422e+00
6.850000e+01	-1.879793e-01	3.898844e+00
6.853333e+01	-1.872616e-01	3.902290e+00
6.856667e+01	-1.872253e-01	3.902464e+00
6.860000e+01	-1.876097e-01	3.900618e+00
6.863333e+01	-1.881543e-01	3.898003e+00
6.866667e+01	-1.896560e-01	3.890793e+00
6.870000e+01	-1.937704e-01	3.871038e+00
6.873333e+01	-2.007144e-01	3.837697e+00
6.876667e+01	-2.078074e-01	3.803641e+00
6.880000e+01	-2.116588e-01	3.785148e+00
6.883333e+01	-2.114241e-01	3.786275e+00
6.886667e+01	-2.091515e-01	3.797187e+00
6.890000e+01	-2.074441e-01	3.805385e+00
6.893333e+01	-2.073601e-01	3.805788e+00
6.896667e+01	-2.082607e-01	3.801464e+00
69	-2.090173e-01	3.797831e+00
6.903333e+01	-2.090959e-01	3.797454e+00
6.906667e+01	-2.087224e-01	3.799247e+00
6.910000e+01	-2.083831e-01	3.800877e+00
6.913333e+01	-2.083312e-01	3.801126e+00
6.916667e+01	-2.084862e-01	3.800381e+00
6.920000e+01	-2.086385e-01	3.799650e+00
6.923333e+01	-2.086690e-01	3.799504e+00
6.926667e+01	-2.086051e-01	3.799811e+00
6.930000e+01	-2.085371e-01	3.800137e+00
6.933333e+01	-2.085203e-01	3.800218e+00
6.936667e+01	-2.085464e-01	3.800092e+00
6.940000e+01	-2.085767e-01	3.799947e+00
6.943333e+01	-2.085855e-01	3.799905e+00
6.946667e+01	-2.085749e-01	3.799956e+00
6.950000e+01	-2.085615e-01	3.800020e+00
6.953333e+01	-2.085570e-01	3.800041e+00
6.956667e+01	-2.087823e-01	3.798960e+00
6.960000e+01	-2.102568e-01	3.791880e+00
6.963333e+01	-2.145342e-01	3.771343e+00
6.966667e+01	-2.216224e-01	3.737309e+00
6.970000e+01	-2.287350e-01	3.703159e+00
6.973333e+01	-2.325186e-01	3.684992e+00
6.976667e+01	-2.322190e-01	3.686431e+00
6.980000e+01	-2.299344e-01	3.697400e+00
6.983333e+01	-2.282551e-01	3.705463e+00
6.986667e+01	-2.282001e-01	3.705727e+00
6.990000e+01	-2.291074e-01	3.701371e+00
6.993333e+01	-2.298525e-01	3.697793e+00
6.996667e+01	-2.299182e-01	3.697478e+00
70	-2.295411e-01	3.699288e+00
7.003333e+01	-2.292064e-01	3.700895e+00
7.006667e+01	-2.291603e-01	3.701117e+00
7.010000e+01	-2.293172e-01	3.700364e+00
7.013333e+01	-2.294676e-01	3.699641e+00
7.016667e+01	-2.292745e-01	3.700568e+00
7.020000e+01	-2.277411e-01	3.707931e+00
7.023333e+01	-2.233986e-01	3.728781e+00
7.026667e+01	-2.165141e-01	3.761836e+00
7.030000e+01	-2.108941e-01	3.788820e+00
7.033333e+01	-2.114146e-01	3.786321e+00
7.036667e+01	-2.188130e-01	3.750798e+00
7.040000e+01	-2.282031e-01	3.705713e+00
7.043333e+01	-2.336543e-01	3.679539e+00
7.046667e+01	-2.334045e-01	3.680738e+00
7.050000e+01	-2.302154e-01	3.696051e+00
7.053333e+01	-2.277960e-01	3.707667e+00
7.056667e+01	-2.276779e-01	3.708234e+00
7.060000e+01	-2.289612e-01	3.702072e+00
7.063333e+01	-2.300388e-01	3.696899e+00
7.066667e+01	-2.301495e-01	3.696367e+00
7.070000e+01	-2.296159e-01	3.698929e+00
7.073333e+01	-2.291317e-01	3.701254e+00
7.076667e+01	-2.290581e-01	3.701607e+00
7.080000e+01	-2.292798e-01	3.700543e+00
7.083333e+01	-2.294971e-01	3.699500e+00
7.086667e+01	-2.295404e-01	3.699292e+00
7.090000e+01	-2.294491e-01	3.699730e+00
7.093333e+01	-2.293520e-01	3.700196e+00
7.096667e+01	-2.293281e-01	3.700311e+00
71	-2.293654e-01	3.700132e+00
7.103333e+01	-2.291876e-01	3.700986e+00
7.106667e+01	-2.277315e-01	3.707977e+00
7.110000e+01	-2.234413e-01	3.728576e+00
7.113333e+01	-2.163322e-01	3.762709e+00
7.116667e+01	-2.092107e-01	3.796903e+00
7.120000e+01	-2.054321e-01	3.815046e+00
7.123333e+01	-2.057408e-01	3.813564e+00
7.126667e+01	-2.080296e-01	3.802574e+00
7.130000e+01	-2.097071e-01	3.794519e+00
7.133333e+01	-2.097581e-01	3.794274e+00
7.136667e+01	-2.090698e-01	3.797579e+00
7.140000e+01	-2.097940e-01	3.794102e+00
7.143333e+01	-2.140052e-01	3.773882e+00
7.146667e+01	-2.214731e-01	3.738026e+00
7.150000e+01	-2.289397e-01	3.702176e+00
7.153333e+01	-2.328998e-01	3.683162e+00
7.156667e+01	-2.329010e-01	3.683156e+00
7.160000e+01	-2.314692e-01	3.690031e+00
7.163333e+01	-2.313132e-01	3.690780e+00
7.166667e+01	-2.331662e-01	3.681883e+00
7.170000e+01	-2.359609e-01	3.668464e+00
7.173333e+01	-2.383654e-01	3.656919e+00
7.176667e+01	-2.399189e-01	3.649460e+00
7.180000e+01	-2.410220e-01	3.644164e+00
7.183333e+01	-2.422590e-01	3.638224e+00
7.186667e+01	-2.438612e-01	3.630532e+00
7.190000e+01	-2.456740e-01	3.621828e+00
7.193333e+01	-2.476462e-01	3.612358e+00
7.196667e+01	-2.505962e-01	3.598194e+00
72	-2.559260e-01	3.572604e+00
7.203333e+01	-2.635385e-01	3.536053e+00
7.206667e+01	-2.704750e-01	3.502748e+00
7.210000e+01	-2.725876e-01	3.492605e+00
7.213333e+01	-2.678286e-01	3.515454e+00
7.216667e+01	-2.584168e-01	3.560644e+00
7.220000e+01	-2.496940e-01	3.602526e+00
7.223333e+01	-2.459311e-01	3.620593e+00
7.226667e+01	-2.471580e-01	3.614702e+00
7.230000e+01	-2.501599e-01	3.600289e+00
7.233333e+01	-2.518718e-01	3.592070e+00
7.236667e+01	-2.515396e-01	3.593665e+00
7.240000e+01	-2.503087e-01	3.599575e+00
7.243333e+01	-2.495321e-01	3.603303e+00
7.246667e+01	-2.496285e-01	3.602841e+00
7.250000e+01	-2.501515e-01	3.600330e+00
7.253333e+01	-2.505077e-01	3.598619e+00
7.256667e+01	-2.504865e-01	3.598721e+00
7.260000e+01	-2.502640e-01	3.599789e+00
7.263333e+01	-2.501008e-01	3.600573e+00
7.266667e+01	-2.501006e-01	3.600574e+00
7.270000e+01	-2.501948e-01	3.600122e+00
7.273333e+01	-2.500481e-01	3.600826e+00
7.276667e+01	-2.485838e-01	3.607857e+00
7.280000e+01	-2.442690e-01	3.628574e+00
7.283333e+01	-2.371454e-01	3.662777e+00
7.286667e+01	-2.300266e-01	3.696957e+00
7.290000e+01	-2.262584e-01	3.715050e+00
7.293333e+01	-2.265739e-01	3.713535e+00
7.296667e+01	-2.288620e-01	3.702549e+00
73	-2.305350e-01	3.694516e+00
7.303333e+01	-2.305829e-01	3.694286e+00
7.306667e+01	-2.296737e-01	3.698652e+00
7.310000e+01	-2.287101e-01	3.703278e+00
7.313333e+01	-2.271790e-01	3.710630e+00
7.316667e+01	-2.232818e-01	3.729342e+00
7.320000e+01	-2.165256e-01	3.761781e+00
7.323333e+01	-2.094553e-01	3.795729e+00
7.326667e+01	-2.055132e-01	3.814656e+00
7.330000e+01	-2.056634e-01	3.813935e+00
7.333333e+01	-2.079217e-01	3.803092e+00
7.336667e+01	-2.096667e-01	3.794713e+00
7.340000e+01	-2.097886e-01	3.794128e+00
7.343333e+01	-2.088961e-01	3.798413e+00
7.346667e+01	-2.081241e-01	3.802120e+00
7.350000e+01	-2.080286e-01	3.802578e+00
7.353333e+01	-2.083977e-01	3.800807e+00
7.356667e+01	-2.087433e-01	3.799147e+00
7.360000e+01	-2.088027e-01	3.798862e+00
7.363333e+01	-2.086500e-01	3.799595e+00
7.366667e+01	-2.084952e-01	3.800338e+00
7.370000e+01	-2.084613e-01	3.800501e+00
7.373333e+01	-2.085241e-01	3.800200e+00
7.376667e+01	-2.085931e-01	3.799868e+00
7.380000e+01	-2.086114e-01	3.799781e+00
7.383333e+01	-2.085858e-01	3.799903e+00
7.386667e+01	-2.085552e-01	3.800050e+00
7.390000e+01	-2.085457e-01	3.800096e+00
7.393333e+01	-2.085560e-01	3.800046e+00
7.396667e+01	-2.083485e-01	3.801042e+00
74	-2.068847e-01	3.808071e+00
7.403333e+01	-2.026054e-01	3.828617e+00
7.406667e+01	-1.955096e-01	3.862688e+00
7.410000e+01	-1.883921e-01	3.896862e+00
7.413333e+01	-1.846090e-01	3.915026e+00
7.416667e+01	-1.849119e-01	3.913572e+00
7.420000e+01	-1.871987e-01	3.902592e+00
7.423333e+01	-1.888779e-01	3.894529e+00
7.426667e+01	-1.889315e-01	3.894272e+00
7.430000e+01	-1.880232e-01	3.898633e+00
7.433333e+01	-1.872781e-01	3.902210e+00
7.436667e+01	-1.872130e-01	3.902523e+00
7.440000e+01	-1.875905e-01	3.900710e+00
7.443333e+01	-1.879252e-01	3.899103e+00
7.446667e+01	-1.877501e-01	3.899944e+00
7.450000e+01	-1.861244e-01	3.907750e+00
7.453333e+01	-1.816988e-01	3.928999e+00
7.456667e+01	-1.743600e-01	3.964235e+00
7.460000e+01	-1.658412e-01	4.005138e+00
7.463333e+01	-1.576276e-01	4.044574e+00
7.466667e+01	-1.493849e-01	4.084151e+00
7.470000e+01	-1.402537e-01	4.127993e+00
7.473333e+01	-1.310290e-01	4.172285e+00
7.476667e+01	-1.240396e-01	4.205844e+00
7.480000e+01	-1.201749e-01	4.224400e+00
7.483333e+01	-1.171478e-01	4.238934e+00
7.486667e+01	-1.123370e-01	4.262033e+00
7.490000e+01	-1.065879e-01	4.289637e+00
7.493333e+01	-1.039102e-01	4.302494e+00
7.496667e+01	-1.075562e-01	4.284988e+00
75	-1.164084e-01	4.242485e+00
7.503333e+01	-1.253248e-01	4.199673e+00
7.506667e+01	-1.295607e-01	4.179335e+00
7.510000e+01	-1.285946e-01	4.183974e+00
7.513333e+01	-1.255255e-01	4.198710e+00
7.516667e+01	-1.236102e-01	4.207906e+00
7.520000e+01	-1.238209e-01	4.206894e+00
7.523333e+01	-1.250734e-01	4.200881e+00
7.526667e+01	-1.259373e-01	4.196733e+00
7.530000e+01	-1.258973e-01	4.196925e+00
7.533333e+01	-1.253683e-01	4.199465e+00
7.536667e+01	-1.249748e-01	4.201354e+00
7.540000e+01	-1.249700e-01	4.201377e+00
7.543333e+01	-1.251936e-01	4.200304e+00
7.546667e+01	-1.253726e-01	4.199444e+00
7.550000e+01	-1.253847e-01	4.199386e+00
7.553333e+01	-1.252908e-01	4.199837e+00
7.556667e+01	-1.252097e-01	4.200226e+00
7.560000e+01	-1.252000e-01	4.200273e+00
7.563333e+01	-1.252392e-01	4.200084e+00
7.566667e+01	-1.252757e-01	4.199909e+00
7.570000e+01	-1.252819e-01	4.199879e+00
7.573333e+01	-1.252656e-01	4.199957e+00
7.576667e+01	-1.252493e-01	4.200036e+00
7.580000e+01	-1.252457e-01	4.200053e+00
7.583333e+01	-1.252524e-01	4.200021e+00
7.586667e+01	-1.252597e-01	4.199986e+00
7.590000e+01	-1.252616e-01	4.199977e+00
7.593333e+01	-1.250379e-01	4.201051e+00
7.596667e+01	-1.235660e-01	4.208118e+00
76	-1.192899e-01	4.228650e+00
7.603333e+01	-1.122011e-01	4.262686e+00
7.606667e+01	-1.050874e-01	4.296842e+00
7.610000e+01	-1.015242e-01	4.313950e+00
7.613333e+01	-1.032926e-01	4.305459e+00
7.616667e+01	-1.098528e-01	4.273961e+00
7.620000e+01	-1.186224e-01	4.231855e+00
7.623333e+01	-1.257924e-01	4.197428e+00
7.626667e+01	-1.286695e-01	4.183614e+00
7.630000e+01	-1.276241e-01	4.188634e+00
7.633333e+01	-1.252728e-01	4.199923e+00
7.636667e+01	-1.239700e-01	4.206178e+00
7.640000e+01	-1.242501e-01	4.204834e+00
7.643333e+01	-1.252040e-01	4.200253e+00
7.646667e+01	-1.257924e-01	4.197428e+00
7.650000e+01	-1.257076e-01	4.197836e+00
7.653333e+01	-1.253024e-01	4.199781e+00
7.656667e+01	-1.250324e-01	4.201078e+00
7.660000e+01	-1.252746e-01	4.199915e+00
7.663333e+01	-1.269158e-01	4.192034e+00
7.666667e+01	-1.313149e-01	4.170913e+00
7.670000e+01	-1.384028e-01	4.136881e+00
7.673333e+01	-1.454447e-01	4.103069e+00
7.676667e+01	-1.491728e-01	4.085169e+00
7.680000e+01	-1.488703e-01	4.086622e+00
7.683333e+01	-1.466154e-01	4.097448e+00
7.686667e+01	-1.449612e-01	4.105391e+00
7.690000e+01	-1.449089e-01	4.105642e+00
7.693333e+01	-1.458038e-01	4.101345e+00
7.696667e+01	-1.465376e-01	4.097822e+00
77	-1.466014e-01	4.097516e+00
7.703333e+01	-1.462296e-01	4.099301e+00
7.706667e+01	-1.458999e-01	4.100884e+00
7.710000e+01	-1.458548e-01	4.101100e+00
7.713333e+01	-1.460096e-01	4.100357e+00
7.716667e+01	-1.461577e-01	4.099646e+00
7.720000e+01	-1.461851e-01	4.099514e+00
7.723333e+01	-1.461212e-01	4.099821e+00
7.726667e+01	-1.460549e-01	4.100140e+00
7.730000e+01	-1.460396e-01	4.100213e+00
7.733333e+01	-1.460658e-01	4.100088e+00
7.736667e+01	-1.460953e-01	4.099946e+00
7.740000e+01	-1.461034e-01	4.099907e+00
7.743333e+01	-1.460928e-01	4.099958e+00
7.746667e+01	-1.460797e-01	4.100021e+00
7.750000e+01	-1.460755e-01	4.100041e+00
7.753333e+01	-1.460798e-01	4.100020e+00
7.756667e+01	-1.460856e-01	4.099992e+00
7.760000e+01	-1.460877e-01	4.099982e+00
7.763333e+01	-1.460860e-01	4.099990e+00
7.766667e+01	-1.460834e-01	4.100003e+00
7.770000e+01	-1.460824e-01	4.100008e+00
7.773333e+01	-1.460831e-01	4.100004e+00
7.776667e+01	-1.460842e-01	4.099999e+00
7.780000e+01	-1.460847e-01	4.099997e+00
7.783333e+01	-1.460844e-01	4.099998e+00
7.786667e+01	-1.460839e-01	4.100000e+00
7.790000e+01	-1.460837e-01	4.100001e+00
7.793333e+01	-1.460838e-01	4.100001e+00
7.796667e+01	-1.460840e-01	4.100000e+00
78	-1.460841e-01	4.099999e+00
7.803333e+01	-1.460841e-01	4.100000e+00
7.806667e+01	-1.460840e-01	4.100000e+00
7.810000e+01	-1.460839e-01	4.100000e+00
7.813333e+01	-1.460840e-01	4.100000e+00
7.816667e+01	-1.460840e-01	4.100000e+00
7.820000e+01	-1.460840e-01	4.100000e+00
7.823333e+01	-1.460840e-01	4.100000e+00
7.826667e+01	-1.460840e-01	4.100000e+00
7.830000e+01	-1.460840e-01	4.100000e+00
7.833333e+01	-1.460840e-01	4.100000e+00
7.836667e+01	-1.460840e-01	4.100000e+00
7.840000e+01	-1.460840e-01	4.100000e+00
7.843333e+01	-1.460840e-01	4.100000e+00
7.846667e+01	-1.460840e-01	4.100000e+00
7.850000e+01	-1.460840e-01	4.100000e+00
7.853333e+01	-1.460840e-01	4.100000e+00
7.856667e+01	-1.460840e-01	4.100000e+00
7.860000e+01	-1.460840e-01	4.100000e+00
7.863333e+01	-1.460840e-01	4.100000e+00
7.866667e+01	-1.460840e-01	4.100000e+00
7.870000e+01	-1.460840e-01	4.100000e+00
7.873333e+01	-1.458630e-01	4.101061e+00
7.876667e+01	-1.443944e-01	4.108113e+00
7.880000e+01	-1.401192e-01	4.128639e+00
7.883333e+01	-1.330293e-01	4.162681e+00
7.886667e+01	-1.259142e-01	4.196844e+00
7.890000e+01	-1.223505e-01	4.213954e+00
7.893333e+01	-1.241194e-01	4.205461e+00
7.896667e+01	-1.306802e-01	4.173960e+00
79	-1.394500e-01	4.131853e+00
7.903333e+01	-1.466198e-01	4.097427e+00
7.906667e+01	-1.494967e-01	4.083614e+00
7.910000e+01	-1.484511e-01	4.088634e+00
7.913333e+01	-1.460999e-01	4.099924e+00
7.916667e+01	-1.445762e-01	4.107239e+00
7.920000e+01	-1.433877e-01	4.112946e+00
7.923333e+01	-1.400665e-01	4.128892e+00
7.926667e+01	-1.335649e-01	4.160109e+00
7.930000e+01	-1.263649e-01	4.194679e+00
7.933333e+01	-1.221750e-01	4.214797e+00
7.936667e+01	-1.222053e-01	4.214651e+00
7.940000e+01	-1.245122e-01	4.203575e+00
7.943333e+01	-1.263647e-01	4.194680e+00
7.946667e+01	-1.265433e-01	4.193823e+00
7.950000e+01	-1.256335e-01	4.198191e+00
7.953333e+01	-1.248149e-01	4.202121e+00
7.956667e+01	-1.246928e-01	4.202708e+00
7.960000e+01	-1.250677e-01	4.200908e+00
7.963333e+01	-1.254334e-01	4.199152e+00
7.966667e+01	-1.255052e-01	4.198807e+00
7.970000e+01	-1.253506e-01	4.199549e+00
7.973333e+01	-1.251873e-01	4.200334e+00
7.976667e+01	-1.251477e-01	4.200524e+00
7.980000e+01	-1.252109e-01	4.200220e+00
7.983333e+01	-1.252836e-01	4.199871e+00
7.986667e+01	-1.253044e-01	4.199771e+00
7.990000e+01	-1.252789e-01	4.199894e+00
7.993333e+01	-1.252467e-01	4.200048e+00
7.996667e+01	-1.252360e-01	4.200100e+00
80	-1.252463e-01	4.200051e+00
8.003333e+01	-1.252605e-01	4.199982e+00
8.006667e+01	-1.252658e-01	4.199957e+00
8.010000e+01	-1.252617e-01	4.199976e+00
8.013333e+01	-1.252555e-01	4.200006e+00
8.016667e+01	-1.252529e-01	4.200019e+00
8.020000e+01	-1.252545e-01	4.200011e+00
8.023333e+01	-1.252572e-01	4.199998e+00
8.026667e+01	-1.252584e-01	4.199992e+00
8.030000e+01	-1.252579e-01	4.199995e+00
8.033333e+01	-1.252567e-01	4.200001e+00
8.036667e+01	-1.252561e-01	4.200003e+00
8.040000e+01	-1.252563e-01	4.200002e+00
8.043333e+01	-1.252568e-01	4.200000e+00
8.046667e+01	-1.252571e-01	4.199999e+00
8.050000e+01	-1.252570e-01	4.199999e+00
8.053333e+01	-1.252568e-01	4.200000e+00
8.056667e+01	-1.252567e-01	4.200001e+00
8.060000e+01	-1.252567e-01	4.200000e+00
8.063333e+01	-1.252568e-01	4.200000e+00
8.066667e+01	-1.252568e-01	4.200000e+00
8.070000e+01	-1.252568e-01	4.200000e+00
8.073333e+01	-1.252568e-01	4.200000e+00
8.076667e+01	-1.252568e-01	4.200000e+00
8.080000e+01	-1.252568e-01	4.200000e+00
8.083333e+01	-1.252568e-01	4.200000e+00
8.086667e+01	-1.252568e-01	4.200000e+00
8.090000e+01	-1.252568e-01	4.200000e+00
8.093333e+01	-1.252568e-01	4.200000e+00
8.096667e+01	-1.252568e-01	4.200000e+00
81	-1.252568e-01	4.200000e+00
8.103333e+01	-1.252568e-01	4.200000e+00
8.106667e+01	-1.254778e-01	4.198939e+00
8.110000e+01	-1.269464e-01	4.191887e+00
8.113333e+01	-1.312216e-01	4.171361e+00
8.116667e+01	-1.383115e-01	4.137319e+00
8.120000e+01	-1.454266e-01	4.103156e+00
8.123333e+01	-1.492113e-01	4.084985e+00
8.126667e+01	-1.489111e-01	4.086426e+00
8.130000e+01	-1.466254e-01	4.097401e+00
8.133333e+01	-1.451665e-01	4.104405e+00
8.136667e+01	-1.465804e-01	4.097616e+00
8.140000e+01	-1.517634e-01	4.072731e+00
8.143333e+01	-1.595986e-01	4.035111e+00
8.146667e+01	-1.667793e-01	4.000633e+00
8.150000e+01	-1.701868e-01	3.984273e+00
8.153333e+01	-1.695517e-01	3.987322e+00
8.156667e+01	-1.672199e-01	3.998518e+00
8.160000e+01	-1.656970e-01	4.005830e+00
8.163333e+01	-1.657927e-01	4.005370e+00
8.166667e+01	-1.667285e-01	4.000877e+00
0	0	0
0	0	0
0	0	0
