0	2.230776e-02	4.397417e+00
3.333333e-02	2.377740e-02	4.403739e+00
6.666667e-02	2.553247e-02	4.411288e+00
1.000000e-01	2.982675e-02	4.429760e+00
1.333333e-01	3.738041e-02	4.462252e+00
1.666667e-01	4.554975e-02	4.497392e+00
2.000000e-01	5.064733e-02	4.519319e+00
2.333333e-01	5.157484e-02	4.523309e+00
2.666667e-01	5.034390e-02	4.518014e+00
3.000000e-01	4.965381e-02	4.515045e+00
3.333333e-01	5.064464e-02	4.519307e+00
3.666667e-01	5.268014e-02	4.528063e+00
4.000000e-01	5.458497e-02	4.536257e+00
4.333333e-01	5.578716e-02	4.541428e+00
4.666667e-01	5.650996e-02	4.544537e+00
5.000000e-01	5.725948e-02	4.547761e+00
5.333333e-01	5.830653e-02	4.552265e+00
5.666667e-01	5.957275e-02	4.557711e+00
6.000000e-01	6.083997e-02	4.563162e+00
6.333333e-01	6.198139e-02	4.568072e+00
6.666667e-01	6.302301e-02	4.572553e+00
7.000000e-01	6.405858e-02	4.577007e+00
7.333333e-01	6.514704e-02	4.581689e+00
7.666667e-01	6.628072e-02	4.586565e+00
8.000000e-01	6.740776e-02	4.591413e+00
8.333333e-01	6.843465e-02	4.595831e+00
8.666667e-01	6.921392e-02	4.599183e+00
9.000000e-01	6.961302e-02	4.600899e+00
9.333333e-01	6.964308e-02	4.601029e+00
9.666667e-01	6.948112e-02	4.600332e+00
1	6.933703e-02	4.599712e+00
1.033333e+00	6.931067e-02	4.599599e+00
1.066667e+00	6.936951e-02	4.599852e+00
1.100000e+00	6.943023e-02	4.600113e+00
1.133333e+00	6.944422e-02	4.600173e+00
1.166667e+00	6.942042e-02	4.600071e+00
1.200000e+00	6.939367e-02	4.599956e+00
1.233333e+00	6.913965e-02	4.598863e+00
1.266667e+00	6.751001e-02	4.591853e+00
1.300000e+00	6.274981e-02	4.571377e+00
1.333333e+00	5.459291e-02	4.536291e+00
1.366667e+00	4.500761e-02	4.495060e+00
1.400000e+00	3.600576e-02	4.456339e+00
1.433333e+00	2.842506e-02	4.423731e+00
1.466667e+00	2.303582e-02	4.400549e+00
1.500000e+00	2.068869e-02	4.390453e+00
1.533333e+00	2.108584e-02	4.392161e+00
1.566667e+00	2.262325e-02	4.398775e+00
1.600000e+00	2.391212e-02	4.404319e+00
1.633333e+00	2.553888e-02	4.411316e+00
1.666667e+00	2.971891e-02	4.429296e+00
1.700000e+00	3.717511e-02	4.461369e+00
1.733333e+00	4.509574e-02	4.495439e+00
1.766667e+00	4.958055e-02	4.514730e+00
1.800000e+00	4.956197e-02	4.514650e+00
1.833333e+00	4.742248e-02	4.505447e+00
1.866667e+00	4.630172e-02	4.500627e+00
1.900000e+00	4.747229e-02	4.505662e+00
1.933333e+00	5.004476e-02	4.516727e+00
1.966667e+00	5.247261e-02	4.527170e+00
2	5.399051e-02	4.533700e+00
2.033333e+00	5.487036e-02	4.537484e+00
2.066667e+00	5.576814e-02	4.541346e+00
2.100000e+00	5.704682e-02	4.546846e+00
2.133333e+00	5.861529e-02	4.553593e+00
2.166667e+00	6.019247e-02	4.560377e+00
2.200000e+00	6.160923e-02	4.566471e+00
2.233333e+00	6.289446e-02	4.572000e+00
2.266667e+00	6.416864e-02	4.577480e+00
2.300000e+00	6.551007e-02	4.583251e+00
2.333333e+00	6.689643e-02	4.589214e+00
2.366667e+00	6.819440e-02	4.594797e+00
2.400000e+00	6.918365e-02	4.599052e+00
2.433333e+00	6.968064e-02	4.601190e+00
2.466667e+00	6.970554e-02	4.601297e+00
2.500000e+00	6.949350e-02	4.600385e+00
2.533333e+00	6.931315e-02	4.599609e+00
2.566667e+00	6.928563e-02	4.599491e+00
2.600000e+00	6.936367e-02	4.599827e+00
2.633333e+00	6.943997e-02	4.600155e+00
2.666667e+00	6.945520e-02	4.600220e+00
2.700000e+00	6.917671e-02	4.599022e+00
2.733333e+00	6.750367e-02	4.591826e+00
2.766667e+00	6.247671e-02	4.570203e+00
2.800000e+00	5.268974e-02	4.528104e+00
2.833333e+00	3.835127e-02	4.466428e+00
2.866667e+00	2.119830e-02	4.392645e+00
2.900000e+00	4.032809e-03	4.318808e+00
2.933333e+00	-1.036123e-02	4.256893e+00
2.966667e+00	-2.029167e-02	4.214178e+00
3	-2.528412e-02	4.192703e+00
3.033333e+00	-2.609262e-02	4.189225e+00
3.066667e+00	-2.465213e-02	4.195421e+00
3.100000e+00	-2.312706e-02	4.201981e+00
3.133333e+00	-2.267742e-02	4.203915e+00
3.166667e+00	-2.314825e-02	4.201890e+00
3.200000e+00	-2.376187e-02	4.199251e+00
3.233333e+00	-2.397368e-02	4.198340e+00
3.266667e+00	-2.378929e-02	4.199133e+00
3.300000e+00	-2.352331e-02	4.200277e+00
3.333333e+00	-2.342058e-02	4.200719e+00
3.366667e+00	-2.373992e-02	4.199345e+00
3.400000e+00	-2.549579e-02	4.191792e+00
3.433333e+00	-3.031777e-02	4.171051e+00
3.466667e+00	-3.820376e-02	4.137130e+00
3.500000e+00	-4.609494e-02	4.103186e+00
3.533333e+00	-5.029551e-02	4.085117e+00
3.566667e+00	-4.997085e-02	4.086514e+00
3.600000e+00	-4.744166e-02	4.097393e+00
3.633333e+00	-4.557794e-02	4.105410e+00
3.666667e+00	-4.575977e-02	4.104628e+00
3.700000e+00	-4.840283e-02	4.093259e+00
3.733333e+00	-5.400147e-02	4.069176e+00
3.766667e+00	-6.198990e-02	4.034814e+00
3.800000e+00	-6.926835e-02	4.003506e+00
3.833333e+00	-7.148235e-02	3.993983e+00
3.866667e+00	-6.632325e-02	4.016175e+00
3.900000e+00	-5.603145e-02	4.060444e+00
3.933333e+00	-4.638101e-02	4.101955e+00
3.966667e+00	-4.212669e-02	4.120255e+00
4	-4.340350e-02	4.114763e+00
4.033333e+00	-4.671216e-02	4.100531e+00
4.066667e+00	-4.864300e-02	4.092226e+00
4.100000e+00	-4.831234e-02	4.093648e+00
4.133333e+00	-4.695849e-02	4.099471e+00
4.166667e+00	-4.608431e-02	4.103232e+00
4.200000e+00	-4.617449e-02	4.102844e+00
4.233333e+00	-4.674877e-02	4.100373e+00
4.266667e+00	-4.714899e-02	4.098652e+00
4.300000e+00	-4.713284e-02	4.098721e+00
4.333333e+00	-4.688894e-02	4.099771e+00
4.366667e+00	-4.670592e-02	4.100558e+00
4.400000e+00	-4.670248e-02	4.100573e+00
4.433333e+00	-4.680551e-02	4.100129e+00
4.466667e+00	-4.688877e-02	4.099771e+00
4.500000e+00	-4.689493e-02	4.099745e+00
4.533333e+00	-4.685168e-02	4.099931e+00
4.566667e+00	-4.681400e-02	4.100093e+00
4.600000e+00	-4.656256e-02	4.101174e+00
4.633333e+00	-4.494128e-02	4.108148e+00
4.666667e+00	-4.018619e-02	4.128602e+00
4.700000e+00	-3.227520e-02	4.162631e+00
4.733333e+00	-2.407893e-02	4.197887e+00
4.766667e+00	-1.820745e-02	4.223143e+00
4.800000e+00	-1.376886e-02	4.242235e+00
4.833333e+00	-8.656003e-03	4.264228e+00
4.866667e+00	-4.231734e-03	4.283259e+00
4.900000e+00	-4.841202e-03	4.280637e+00
4.933333e+00	-1.207573e-02	4.249518e+00
4.966667e+00	-2.173570e-02	4.207966e+00
5	-2.776175e-02	4.182045e+00
5.033333e+00	-2.815596e-02	4.180350e+00
5.066667e+00	-2.660505e-02	4.187021e+00
5.100000e+00	-2.872175e-02	4.177916e+00
5.133333e+00	-3.632599e-02	4.145207e+00
5.166667e+00	-4.553425e-02	4.105598e+00
5.200000e+00	-5.117991e-02	4.081313e+00
5.233333e+00	-5.268124e-02	4.074855e+00
5.266667e+00	-5.438092e-02	4.067544e+00
5.300000e+00	-5.989555e-02	4.043823e+00
5.333333e+00	-6.791089e-02	4.009345e+00
5.366667e+00	-7.500222e-02	3.978842e+00
5.400000e+00	-8.050487e-02	3.955173e+00
5.433333e+00	-8.600138e-02	3.931530e+00
5.466667e+00	-9.156009e-02	3.907619e+00
5.500000e+00	-9.524596e-02	3.891765e+00
5.533333e+00	-9.584109e-02	3.889205e+00
5.566667e+00	-9.433209e-02	3.895696e+00
5.600000e+00	-9.274402e-02	3.902527e+00
5.633333e+00	-9.230903e-02	3.904398e+00
5.666667e+00	-9.286222e-02	3.902018e+00
5.700000e+00	-9.354730e-02	3.899071e+00
5.733333e+00	-9.377039e-02	3.898112e+00
5.766667e+00	-9.355238e-02	3.899050e+00
5.800000e+00	-9.325218e-02	3.900341e+00
5.833333e+00	-9.338809e-02	3.899756e+00
5.866667e+00	-9.511339e-02	3.892335e+00
5.900000e+00	-1.000172e-01	3.871241e+00
5.933333e+00	-1.079854e-01	3.836966e+00
5.966667e+00	-1.158942e-01	3.802947e+00
6	-1.200611e-01	3.785023e+00
6.033333e+00	-1.196998e-01	3.786578e+00
6.066667e+00	-1.171611e-01	3.797498e+00
6.100000e+00	-1.150643e-01	3.806517e+00
6.133333e+00	-1.133765e-01	3.813777e+00
6.166667e+00	-1.096131e-01	3.829965e+00
6.200000e+00	-1.025202e-01	3.860475e+00
6.233333e+00	-9.464537e-02	3.894348e+00
6.266667e+00	-9.000137e-02	3.914324e+00
6.300000e+00	-8.996745e-02	3.914470e+00
6.333333e+00	-9.247005e-02	3.903705e+00
6.366667e+00	-9.427319e-02	3.895949e+00
6.400000e+00	-9.286088e-02	3.902024e+00
6.433333e+00	-8.685873e-02	3.927842e+00
6.466667e+00	-7.640125e-02	3.972824e+00
6.500000e+00	-6.353962e-02	4.028148e+00
6.533333e+00	-5.180532e-02	4.078623e+00
6.566667e+00	-4.460175e-02	4.109609e+00
6.600000e+00	-4.301311e-02	4.116442e+00
6.633333e+00	-4.481043e-02	4.108711e+00
6.666667e+00	-4.560355e-02	4.105300e+00
6.700000e+00	-4.164740e-02	4.122317e+00
6.733333e+00	-3.303034e-02	4.159383e+00
6.766667e+00	-2.408172e-02	4.197875e+00
6.800000e+00	-1.922351e-02	4.218772e+00
6.833333e+00	-1.819259e-02	4.223207e+00
6.866667e+00	-1.616234e-02	4.231940e+00
6.900000e+00	-8.670574e-03	4.264165e+00
6.933333e+00	4.334780e-03	4.320107e+00
6.966667e+00	1.931681e-02	4.384552e+00
7	3.261729e-02	4.441764e+00
7.033333e+00	4.223799e-02	4.483147e+00
7.066667e+00	4.746572e-02	4.505633e+00
7.100000e+00	4.866155e-02	4.510777e+00
7.133333e+00	4.742750e-02	4.505469e+00
7.166667e+00	4.585825e-02	4.498719e+00
7.200000e+00	4.525761e-02	4.496135e+00
7.233333e+00	4.563367e-02	4.497753e+00
7.266667e+00	4.625851e-02	4.500441e+00
7.300000e+00	4.653339e-02	4.501623e+00
7.333333e+00	4.639218e-02	4.501016e+00
7.366667e+00	4.612386e-02	4.499862e+00
7.400000e+00	4.599437e-02	4.499305e+00
7.433333e+00	4.604727e-02	4.499532e+00
7.466667e+00	4.616372e-02	4.500033e+00
7.500000e+00	4.622497e-02	4.500296e+00
7.533333e+00	4.620598e-02	4.500215e+00
7.566667e+00	4.615562e-02	4.499998e+00
7.600000e+00	4.612686e-02	4.499874e+00
7.633333e+00	4.613327e-02	4.499902e+00
7.666667e+00	4.615495e-02	4.499995e+00
7.700000e+00	4.616834e-02	4.500053e+00
7.733333e+00	4.616639e-02	4.500044e+00
7.766667e+00	4.615710e-02	4.500005e+00
7.800000e+00	4.615091e-02	4.499978e+00
7.833333e+00	4.615139e-02	4.499980e+00
7.866667e+00	4.615534e-02	4.499997e+00
7.900000e+00	4.591148e-02	4.498948e+00
7.933333e+00	4.402542e-02	4.490835e+00
7.966667e+00	3.736567e-02	4.462189e+00
8	2.302607e-02	4.400507e+00
8.033333e+00	2.298644e-03	4.311349e+00
8.066667e+00	-1.813169e-02	4.223469e+00
8.100000e+00	-3.072957e-02	4.169279e+00
8.133333e+00	-3.325256e-02	4.158427e+00
8.166667e+00	-2.989856e-02	4.172854e+00
8.200000e+00	-2.680096e-02	4.186178e+00
8.233333e+00	-2.713349e-02	4.184748e+00
8.266667e+00	-3.007426e-02	4.172098e+00
8.300000e+00	-3.314607e-02	4.158885e+00
8.333333e+00	-3.483692e-02	4.151612e+00
8.366667e+00	-3.536591e-02	4.149336e+00
8.400000e+00	-3.577408e-02	4.147581e+00
8.433333e+00	-3.675638e-02	4.143355e+00
8.466667e+00	-3.826067e-02	4.136885e+00
8.500000e+00	-3.984496e-02	4.130070e+00
8.533333e+00	-4.119083e-02	4.124281e+00
8.566667e+00	-4.230245e-02	4.119499e+00
8.600000e+00	-4.336705e-02	4.114920e+00
8.633333e+00	-4.451692e-02	4.109974e+00
8.666667e+00	-4.568517e-02	4.104948e+00
8.700000e+00	-4.662808e-02	4.100893e+00
8.733333e+00	-4.711434e-02	4.098801e+00
8.766667e+00	-4.713604e-02	4.098708e+00
8.800000e+00	-4.692184e-02	4.099629e+00
8.833333e+00	-4.674149e-02	4.100405e+00
8.866667e+00	-4.671604e-02	4.100514e+00
8.900000e+00	-4.679618e-02	4.100170e+00
8.933333e+00	-4.711977e-02	4.098778e+00
8.966667e+00	-4.877355e-02	4.091664e+00
9	-5.351284e-02	4.071278e+00
9.033333e+00	-6.163943e-02	4.036322e+00
9.066667e+00	-7.121293e-02	3.995142e+00
9.100000e+00	-8.022298e-02	3.956385e+00
9.133333e+00	-8.781695e-02	3.923720e+00
9.166667e+00	-9.321193e-02	3.900514e+00
9.200000e+00	-9.555591e-02	3.890431e+00
9.233333e+00	-9.515296e-02	3.892165e+00
9.266667e+00	-9.361281e-02	3.898790e+00
9.300000e+00	-9.281852e-02	3.902206e+00
9.333333e+00	-9.447291e-02	3.895090e+00
9.366667e+00	-9.983829e-02	3.872011e+00
9.400000e+00	-1.082096e-01	3.836002e+00
9.433333e+00	-1.161721e-01	3.801752e+00
9.466667e+00	-1.201503e-01	3.784640e+00
9.500000e+00	-1.196096e-01	3.786965e+00
9.533333e+00	-1.170386e-01	3.798024e+00
9.566667e+00	-1.152666e-01	3.805647e+00
9.600000e+00	-1.152982e-01	3.805511e+00
9.633333e+00	-1.163250e-01	3.801094e+00
9.666667e+00	-1.171141e-01	3.797700e+00
9.700000e+00	-1.171456e-01	3.797564e+00
9.733333e+00	-1.167165e-01	3.799410e+00
9.766667e+00	-1.163604e-01	3.800942e+00
9.800000e+00	-1.163275e-01	3.801083e+00
9.833333e+00	-1.165073e-01	3.800310e+00
9.866667e+00	-1.166680e-01	3.799619e+00
9.900000e+00	-1.166909e-01	3.799520e+00
9.933333e+00	-1.166016e-01	3.799904e+00
9.966667e+00	-1.164184e-01	3.800692e+00
10	-1.160130e-01	3.802436e+00
1.003333e+01	-1.151867e-01	3.805990e+00
1.006667e+01	-1.138946e-01	3.811548e+00
1.010000e+01	-1.123294e-01	3.818281e+00
1.013333e+01	-1.107637e-01	3.825016e+00
1.016667e+01	-1.093462e-01	3.831113e+00
1.020000e+01	-1.080494e-01	3.836691e+00
1.023333e+01	-1.067653e-01	3.842215e+00
1.026667e+01	-1.054229e-01	3.847989e+00
1.030000e+01	-1.040273e-01	3.853992e+00
1.033333e+01	-1.026232e-01	3.860032e+00
1.036667e+01	-1.012431e-01	3.865968e+00
1.040000e+01	-9.988681e-02	3.871802e+00
1.043333e+01	-9.853537e-02	3.877615e+00
1.046667e+01	-9.717405e-02	3.883471e+00
1.050000e+01	-9.581664e-02	3.889310e+00
1.053333e+01	-9.455300e-02	3.894745e+00
1.056667e+01	-9.332740e-02	3.900017e+00
1.060000e+01	-9.117943e-02	3.909257e+00
1.063333e+01	-8.636730e-02	3.929956e+00
1.066667e+01	-7.866014e-02	3.963108e+00
1.070000e+01	-7.090303e-02	3.996475e+00
1.073333e+01	-6.671267e-02	4.014500e+00
1.076667e+01	-6.697237e-02	4.013382e+00
1.080000e+01	-6.944558e-02	4.002744e+00
1.083333e+01	-7.130255e-02	3.994756e+00
1.086667e+01	-7.139415e-02	3.994362e+00
1.090000e+01	-7.066196e-02	3.997512e+00
1.093333e+01	-7.123210e-02	3.995059e+00
1.096667e+01	-7.452595e-02	3.980891e+00
11	-7.971299e-02	3.958579e+00
1.103333e+01	-8.488208e-02	3.936344e+00
1.106667e+01	-8.913497e-02	3.918051e+00
1.110000e+01	-9.234885e-02	3.904226e+00
1.113333e+01	-9.419173e-02	3.896299e+00
1.116667e+01	-9.449960e-02	3.894975e+00
1.120000e+01	-9.383177e-02	3.897848e+00
1.123333e+01	-9.310500e-02	3.900974e+00
1.126667e+01	-9.288077e-02	3.901938e+00
1.130000e+01	-9.310696e-02	3.900966e+00
1.133333e+01	-9.341176e-02	3.899654e+00
1.136667e+01	-9.352269e-02	3.899177e+00
1.140000e+01	-9.343534e-02	3.899553e+00
1.143333e+01	-9.305619e-02	3.901184e+00
1.146667e+01	-9.133945e-02	3.908568e+00
1.150000e+01	-8.642172e-02	3.929722e+00
1.153333e+01	-7.793156e-02	3.966242e+00
1.156667e+01	-6.862770e-02	4.006262e+00
1.160000e+01	-6.224602e-02	4.033713e+00
1.163333e+01	-6.000940e-02	4.043333e+00
1.166667e+01	-6.003365e-02	4.043229e+00
1.170000e+01	-5.964190e-02	4.044914e+00
1.173333e+01	-5.762087e-02	4.053608e+00
1.176667e+01	-5.452619e-02	4.066919e+00
1.180000e+01	-5.150881e-02	4.079898e+00
1.183333e+01	-4.916792e-02	4.089968e+00
1.186667e+01	-4.731629e-02	4.097932e+00
1.190000e+01	-4.546076e-02	4.105914e+00
1.193333e+01	-4.332003e-02	4.115122e+00
1.196667e+01	-4.095671e-02	4.125288e+00
12	-3.858257e-02	4.135500e+00
1.203333e+01	-3.632845e-02	4.145196e+00
1.206667e+01	-3.417527e-02	4.154458e+00
1.210000e+01	-3.203235e-02	4.163676e+00
1.213333e+01	-2.983922e-02	4.173109e+00
1.216667e+01	-2.737733e-02	4.183699e+00
1.220000e+01	-2.367205e-02	4.199637e+00
1.223333e+01	-1.730936e-02	4.227006e+00
1.226667e+01	-8.578937e-03	4.264560e+00
1.230000e+01	-5.808355e-04	4.298963e+00
1.233333e+01	3.059278e-03	4.314621e+00
1.236667e+01	5.414240e-04	4.303790e+00
1.240000e+01	-8.472728e-03	4.265016e+00
1.243333e+01	-2.315695e-02	4.201853e+00
1.246667e+01	-4.058804e-02	4.126874e+00
1.250000e+01	-5.673246e-02	4.057429e+00
1.253333e+01	-6.939333e-02	4.002969e+00
1.256667e+01	-7.920313e-02	3.960772e+00
1.260000e+01	-8.759758e-02	3.924664e+00
1.263333e+01	-9.526098e-02	3.891700e+00
1.266667e+01	-1.026855e-01	3.859764e+00
1.270000e+01	-1.100516e-01	3.828079e+00
1.273333e+01	-1.161267e-01	3.801947e+00
1.276667e+01	-1.191212e-01	3.789066e+00
1.280000e+01	-1.188384e-01	3.790283e+00
1.283333e+01	-1.170202e-01	3.798104e+00
1.286667e+01	-1.156924e-01	3.803815e+00
1.290000e+01	-1.156424e-01	3.804030e+00
1.293333e+01	-1.163501e-01	3.800986e+00
1.296667e+01	-1.169351e-01	3.798470e+00
13	-1.169901e-01	3.798233e+00
1.303333e+01	-1.166973e-01	3.799493e+00
1.306667e+01	-1.164351e-01	3.800620e+00
1.310000e+01	-1.163976e-01	3.800782e+00
1.313333e+01	-1.165193e-01	3.800258e+00
1.316667e+01	-1.163903e-01	3.800813e+00
1.320000e+01	-1.147735e-01	3.807768e+00
1.323333e+01	-1.099512e-01	3.828511e+00
1.326667e+01	-1.019846e-01	3.862779e+00
1.330000e+01	-9.402999e-02	3.896995e+00
1.333333e+01	-8.982599e-02	3.915078e+00
1.336667e+01	-9.018458e-02	3.913536e+00
1.340000e+01	-9.274251e-02	3.902533e+00
1.343333e+01	-9.460931e-02	3.894503e+00
1.346667e+01	-9.463097e-02	3.894410e+00
1.350000e+01	-9.339238e-02	3.899738e+00
1.353333e+01	-9.178046e-02	3.906671e+00
1.356667e+01	-8.999751e-02	3.914341e+00
1.360000e+01	-8.777155e-02	3.923916e+00
1.363333e+01	-8.499827e-02	3.935845e+00
1.366667e+01	-8.194145e-02	3.948994e+00
1.370000e+01	-7.895922e-02	3.961821e+00
1.373333e+01	-7.620625e-02	3.973663e+00
1.376667e+01	-7.359756e-02	3.984884e+00
1.380000e+01	-7.097280e-02	3.996175e+00
1.383333e+01	-6.825232e-02	4.007877e+00
1.386667e+01	-6.546533e-02	4.019865e+00
1.390000e+01	-6.268097e-02	4.031842e+00
1.393333e+01	-5.993701e-02	4.043645e+00
1.396667e+01	-5.722342e-02	4.055317e+00
14	-5.451043e-02	4.066987e+00
1.403333e+01	-5.180941e-02	4.078605e+00
1.406667e+01	-4.928745e-02	4.089453e+00
1.410000e+01	-4.732587e-02	4.097891e+00
1.413333e+01	-4.630251e-02	4.102293e+00
1.416667e+01	-4.597304e-02	4.103710e+00
1.420000e+01	-4.474877e-02	4.108976e+00
1.423333e+01	-4.059605e-02	4.126839e+00
1.426667e+01	-3.439108e-02	4.153530e+00
1.430000e+01	-3.106959e-02	4.167817e+00
1.433333e+01	-3.460159e-02	4.152624e+00
1.436667e+01	-4.308864e-02	4.116117e+00
1.440000e+01	-5.156509e-02	4.079656e+00
1.443333e+01	-5.794646e-02	4.052207e+00
1.446667e+01	-6.363612e-02	4.027733e+00
1.450000e+01	-7.030422e-02	3.999051e+00
1.453333e+01	-7.837708e-02	3.964326e+00
1.456667e+01	-8.688617e-02	3.927724e+00
1.460000e+01	-9.353995e-02	3.899103e+00
1.463333e+01	-9.634989e-02	3.887016e+00
1.466667e+01	-9.558903e-02	3.890289e+00
1.470000e+01	-9.351258e-02	3.899221e+00
1.473333e+01	-9.235495e-02	3.904200e+00
1.476667e+01	-9.290031e-02	3.901854e+00
1.480000e+01	-9.459163e-02	3.894579e+00
1.483333e+01	-9.648316e-02	3.886443e+00
1.486667e+01	-9.802393e-02	3.879815e+00
1.490000e+01	-9.922586e-02	3.874645e+00
1.493333e+01	-1.003711e-01	3.869719e+00
1.496667e+01	-1.016634e-01	3.864160e+00
15	-1.031011e-01	3.857976e+00
1.503333e+01	-1.045673e-01	3.851669e+00
1.506667e+01	-1.059718e-01	3.845628e+00
1.510000e+01	-1.073113e-01	3.839866e+00
1.513333e+01	-1.086354e-01	3.834171e+00
1.516667e+01	-1.099848e-01	3.828366e+00
1.520000e+01	-1.113486e-01	3.822500e+00
1.523333e+01	-1.126242e-01	3.817013e+00
1.526667e+01	-1.133912e-01	3.813714e+00
1.530000e+01	-1.124510e-01	3.817758e+00
1.533333e+01	-1.080285e-01	3.836781e+00
1.536667e+01	-9.919677e-02	3.874770e+00
1.540000e+01	-8.723286e-02	3.926233e+00
1.543333e+01	-7.555939e-02	3.976446e+00
1.546667e+01	-6.798972e-02	4.009006e+00
1.550000e+01	-6.609415e-02	4.017160e+00
1.553333e+01	-6.834772e-02	4.007466e+00
1.556667e+01	-7.280784e-02	3.988281e+00
1.560000e+01	-8.016589e-02	3.956631e+00
1.563333e+01	-9.216983e-02	3.904997e+00
1.566667e+01	-1.072074e-01	3.840313e+00
1.570000e+01	-1.205682e-01	3.782842e+00
1.573333e+01	-1.297376e-01	3.743400e+00
1.576667e+01	-1.368658e-01	3.712738e+00
1.580000e+01	-1.453659e-01	3.676176e+00
1.583333e+01	-1.554692e-01	3.632717e+00
1.586667e+01	-1.638276e-01	3.596763e+00
1.590000e+01	-1.672450e-01	3.582063e+00
1.593333e+01	-1.662229e-01	3.586460e+00
1.596667e+01	-1.649889e-01	3.591768e+00
16	-1.681520e-01	3.578162e+00
1.603333e+01	-1.763989e-01	3.542688e+00
1.606667e+01	-1.855138e-01	3.503481e+00
1.610000e+01	-1.904701e-01	3.482162e+00
1.613333e+01	-1.900376e-01	3.484022e+00
1.616667e+01	-1.869887e-01	3.497137e+00
1.620000e+01	-1.847778e-01	3.506647e+00
1.623333e+01	-1.847394e-01	3.506812e+00
1.626667e+01	-1.859645e-01	3.501542e+00
1.630000e+01	-1.867037e-01	3.498363e+00
1.633333e+01	-1.851366e-01	3.505104e+00
1.636667e+01	-1.798538e-01	3.527827e+00
1.640000e+01	-1.714959e-01	3.563779e+00
1.643333e+01	-1.634987e-01	3.598178e+00
1.646667e+01	-1.594872e-01	3.615434e+00
1.650000e+01	-1.600221e-01	3.613133e+00
1.653333e+01	-1.626079e-01	3.602010e+00
1.656667e+01	-1.643949e-01	3.594323e+00
1.660000e+01	-1.641197e-01	3.595507e+00
1.663333e+01	-1.614474e-01	3.607002e+00
1.666667e+01	-1.558796e-01	3.630951e+00
1.670000e+01	-1.479324e-01	3.665136e+00
1.673333e+01	-1.401752e-01	3.698503e+00
1.676667e+01	-1.346704e-01	3.722182e+00
1.680000e+01	-1.302673e-01	3.741122e+00
1.683333e+01	-1.247239e-01	3.764966e+00
1.686667e+01	-1.184949e-01	3.791760e+00
1.690000e+01	-1.143080e-01	3.809770e+00
1.693333e+01	-1.137050e-01	3.812364e+00
1.696667e+01	-1.154972e-01	3.804655e+00
17	-1.173002e-01	3.796899e+00
1.703333e+01	-1.176521e-01	3.795386e+00
1.706667e+01	-1.166295e-01	3.799784e+00
1.710000e+01	-1.150743e-01	3.806474e+00
1.713333e+01	-1.136536e-01	3.812585e+00
1.716667e+01	-1.125140e-01	3.817487e+00
1.720000e+01	-1.114709e-01	3.821974e+00
1.723333e+01	-1.103343e-01	3.826863e+00
1.726667e+01	-1.090711e-01	3.832296e+00
1.730000e+01	-1.077651e-01	3.837914e+00
1.733333e+01	-1.064994e-01	3.843358e+00
1.736667e+01	-1.052906e-01	3.848558e+00
1.740000e+01	-1.041031e-01	3.853666e+00
1.743333e+01	-1.028995e-01	3.858843e+00
1.746667e+01	-1.016708e-01	3.864128e+00
1.750000e+01	-1.004317e-01	3.869459e+00
1.753333e+01	-9.919876e-02	3.874762e+00
1.756667e+01	-9.797681e-02	3.880018e+00
1.760000e+01	-9.675991e-02	3.885252e+00
1.763333e+01	-9.530694e-02	3.891502e+00
1.766667e+01	-9.254288e-02	3.903392e+00
1.770000e+01	-8.689483e-02	3.927687e+00
1.773333e+01	-7.827555e-02	3.964762e+00
1.776667e+01	-6.865559e-02	4.006142e+00
1.780000e+01	-5.984391e-02	4.044045e+00
1.783333e+01	-5.243210e-02	4.075927e+00
1.786667e+01	-4.707314e-02	4.098978e+00
1.790000e+01	-4.465631e-02	4.109374e+00
1.793333e+01	-4.522873e-02	4.106912e+00
1.796667e+01	-4.838925e-02	4.093317e+00
18	-5.423170e-02	4.068186e+00
1.803333e+01	-6.241132e-02	4.033002e+00
1.806667e+01	-7.140922e-02	3.994297e+00
1.810000e+01	-7.993659e-02	3.957617e+00
1.813333e+01	-8.747996e-02	3.925170e+00
1.816667e+01	-9.335880e-02	3.899882e+00
1.820000e+01	-9.755779e-02	3.881820e+00
1.823333e+01	-1.019600e-01	3.862885e+00
1.826667e+01	-1.082353e-01	3.835891e+00
1.830000e+01	-1.150397e-01	3.806623e+00
1.833333e+01	-1.192599e-01	3.788469e+00
1.836667e+01	-1.195587e-01	3.787184e+00
1.840000e+01	-1.175079e-01	3.796006e+00
1.843333e+01	-1.156638e-01	3.803938e+00
1.846667e+01	-1.155865e-01	3.804270e+00
1.850000e+01	-1.180145e-01	3.793827e+00
1.853333e+01	-1.235932e-01	3.769830e+00
1.856667e+01	-1.316901e-01	3.735002e+00
1.860000e+01	-1.392863e-01	3.702327e+00
1.863333e+01	-1.429550e-01	3.686546e+00
1.866667e+01	-1.418219e-01	3.691420e+00
1.870000e+01	-1.378666e-01	3.708434e+00
1.873333e+01	-1.337800e-01	3.726012e+00
1.876667e+01	-1.309543e-01	3.738167e+00
1.880000e+01	-1.291361e-01	3.745987e+00
1.883333e+01	-1.273873e-01	3.753510e+00
1.886667e+01	-1.251220e-01	3.763254e+00
1.890000e+01	-1.224147e-01	3.774900e+00
1.893333e+01	-1.196581e-01	3.786757e+00
1.896667e+01	-1.171178e-01	3.797684e+00
19	-1.147761e-01	3.807757e+00
1.903333e+01	-1.124660e-01	3.817693e+00
1.906667e+01	-1.100660e-01	3.828017e+00
1.910000e+01	-1.075768e-01	3.838724e+00
1.913333e+01	-1.050693e-01	3.849510e+00
1.916667e+01	-1.025988e-01	3.860137e+00
1.920000e+01	-1.001681e-01	3.870592e+00
1.923333e+01	-9.777338e-02	3.880893e+00
1.926667e+01	-9.553614e-02	3.890516e+00
1.930000e+01	-9.353682e-02	3.899116e+00
1.933333e+01	-9.097269e-02	3.910146e+00
1.936667e+01	-8.611793e-02	3.931029e+00
1.940000e+01	-7.857379e-02	3.963479e+00
1.943333e+01	-7.096889e-02	3.996192e+00
1.946667e+01	-6.705724e-02	4.013017e+00
1.950000e+01	-6.889708e-02	4.005103e+00
1.953333e+01	-7.632478e-02	3.973153e+00
1.956667e+01	-8.771842e-02	3.924144e+00
1.960000e+01	-1.007947e-01	3.867897e+00
1.963333e+01	-1.136219e-01	3.812721e+00
1.966667e+01	-1.254336e-01	3.761914e+00
1.970000e+01	-1.365649e-01	3.714033e+00
1.973333e+01	-1.474621e-01	3.667159e+00
1.976667e+01	-1.573529e-01	3.624614e+00
1.980000e+01	-1.644050e-01	3.594280e+00
1.983333e+01	-1.683254e-01	3.577416e+00
1.986667e+01	-1.718103e-01	3.562426e+00
1.990000e+01	-1.774881e-01	3.538003e+00
1.993333e+01	-1.843348e-01	3.508552e+00
1.996667e+01	-1.889306e-01	3.488784e+00
20	-1.895023e-01	3.486325e+00
2.003333e+01	-1.874510e-01	3.495148e+00
2.006667e+01	-1.854493e-01	3.503758e+00
2.010000e+01	-1.850014e-01	3.505685e+00
2.013333e+01	-1.857833e-01	3.502322e+00
2.016667e+01	-1.866562e-01	3.498567e+00
2.020000e+01	-1.868953e-01	3.497539e+00
2.023333e+01	-1.865814e-01	3.498889e+00
2.026667e+01	-1.861963e-01	3.500545e+00
2.030000e+01	-1.860740e-01	3.501071e+00
2.033333e+01	-1.861999e-01	3.500530e+00
2.036667e+01	-1.863698e-01	3.499799e+00
2.040000e+01	-1.864311e-01	3.499535e+00
2.043333e+01	-1.863813e-01	3.499750e+00
2.046667e+01	-1.863066e-01	3.500071e+00
2.050000e+01	-1.862764e-01	3.500201e+00
2.053333e+01	-1.862958e-01	3.500117e+00
2.056667e+01	-1.863155e-01	3.500032e+00
2.060000e+01	-1.862309e-01	3.500397e+00
2.063333e+01	-1.858731e-01	3.501936e+00
2.066667e+01	-1.850919e-01	3.505296e+00
2.070000e+01	-1.838999e-01	3.510423e+00
2.073333e+01	-1.824953e-01	3.516465e+00
2.076667e+01	-1.811119e-01	3.522416e+00
2.080000e+01	-1.798598e-01	3.527802e+00
2.083333e+01	-1.787021e-01	3.532781e+00
2.086667e+01	-1.775460e-01	3.537754e+00
2.090000e+01	-1.763376e-01	3.542952e+00
2.093333e+01	-1.750874e-01	3.548330e+00
2.096667e+01	-1.738341e-01	3.553721e+00
21	-1.726025e-01	3.559018e+00
2.103333e+01	-1.713898e-01	3.564235e+00
2.106667e+01	-1.701794e-01	3.569441e+00
2.110000e+01	-1.689599e-01	3.574687e+00
2.113333e+01	-1.677320e-01	3.579969e+00
2.116667e+01	-1.665026e-01	3.585257e+00
2.120000e+01	-1.652899e-01	3.590473e+00
2.123333e+01	-1.639207e-01	3.596363e+00
2.126667e+01	-1.614108e-01	3.607159e+00
2.130000e+01	-1.561831e-01	3.629646e+00
2.133333e+01	-1.482299e-01	3.663857e+00
2.136667e+01	-1.404704e-01	3.697234e+00
2.140000e+01	-1.364114e-01	3.714693e+00
2.143333e+01	-1.370253e-01	3.712052e+00
2.146667e+01	-1.411495e-01	3.694312e+00
2.150000e+01	-1.479736e-01	3.664959e+00
2.153333e+01	-1.575710e-01	3.623676e+00
2.156667e+01	-1.692987e-01	3.573230e+00
2.160000e+01	-1.808827e-01	3.523401e+00
2.163333e+01	-1.900645e-01	3.483906e+00
2.166667e+01	-1.969200e-01	3.454418e+00
2.170000e+01	-2.029839e-01	3.428334e+00
2.173333e+01	-2.083606e-01	3.405206e+00
2.176667e+01	-2.115525e-01	3.391477e+00
2.180000e+01	-2.120730e-01	3.389238e+00
2.183333e+01	-2.122185e-01	3.388612e+00
2.186667e+01	-2.155970e-01	3.374079e+00
2.190000e+01	-2.232218e-01	3.341282e+00
2.193333e+01	-2.316975e-01	3.304824e+00
2.196667e+01	-2.363469e-01	3.284824e+00
22	-2.355349e-01	3.288317e+00
2.203333e+01	-2.313725e-01	3.306222e+00
2.206667e+01	-2.270867e-01	3.324657e+00
2.210000e+01	-2.243980e-01	3.336222e+00
2.213333e+01	-2.229866e-01	3.342293e+00
2.216667e+01	-2.216646e-01	3.347980e+00
2.220000e+01	-2.196856e-01	3.356492e+00
2.223333e+01	-2.171416e-01	3.367435e+00
2.226667e+01	-2.145322e-01	3.378659e+00
2.230000e+01	-2.121975e-01	3.388702e+00
2.233333e+01	-2.101168e-01	3.397652e+00
2.236667e+01	-2.080776e-01	3.406424e+00
2.240000e+01	-2.059244e-01	3.415685e+00
2.243333e+01	-2.036573e-01	3.425437e+00
2.246667e+01	-2.013662e-01	3.435293e+00
2.250000e+01	-1.991220e-01	3.444946e+00
2.253333e+01	-1.969286e-01	3.454381e+00
2.256667e+01	-1.947483e-01	3.463759e+00
2.260000e+01	-1.925489e-01	3.473220e+00
2.263333e+01	-1.901037e-01	3.483738e+00
2.266667e+01	-1.864151e-01	3.499604e+00
2.270000e+01	-1.798094e-01	3.528018e+00
2.273333e+01	-1.694328e-01	3.572653e+00
2.276667e+01	-1.566551e-01	3.627615e+00
2.280000e+01	-1.450991e-01	3.677323e+00
2.283333e+01	-1.394310e-01	3.701705e+00
2.286667e+01	-1.425846e-01	3.688140e+00
2.290000e+01	-1.528329e-01	3.644057e+00
2.293333e+01	-1.649002e-01	3.592150e+00
2.296667e+01	-1.747295e-01	3.549869e+00
23	-1.818338e-01	3.519311e+00
2.303333e+01	-1.878331e-01	3.493505e+00
2.306667e+01	-1.945589e-01	3.464574e+00
2.310000e+01	-2.023571e-01	3.431030e+00
2.313333e+01	-2.092090e-01	3.401557e+00
2.316667e+01	-2.125811e-01	3.387052e+00
2.320000e+01	-2.123964e-01	3.387847e+00
2.323333e+01	-2.118811e-01	3.390063e+00
2.326667e+01	-2.151446e-01	3.376025e+00
2.330000e+01	-2.230599e-01	3.341978e+00
2.333333e+01	-2.318546e-01	3.304148e+00
2.336667e+01	-2.367488e-01	3.283095e+00
2.340000e+01	-2.364518e-01	3.284373e+00
2.343333e+01	-2.335133e-01	3.297013e+00
2.346667e+01	-2.310906e-01	3.307434e+00
2.350000e+01	-2.301285e-01	3.311573e+00
2.353333e+01	-2.293895e-01	3.314752e+00
2.356667e+01	-2.274207e-01	3.323220e+00
2.360000e+01	-2.240276e-01	3.337815e+00
2.363333e+01	-2.201010e-01	3.354706e+00
2.366667e+01	-2.165551e-01	3.369958e+00
2.370000e+01	-2.136245e-01	3.382564e+00
2.373333e+01	-2.109665e-01	3.393997e+00
2.376667e+01	-2.081709e-01	3.406022e+00
2.380000e+01	-2.051097e-01	3.419190e+00
2.383333e+01	-2.019181e-01	3.432919e+00
2.386667e+01	-1.987769e-01	3.446430e+00
2.390000e+01	-1.957507e-01	3.459447e+00
2.393333e+01	-1.927861e-01	3.472200e+00
2.396667e+01	-1.898036e-01	3.485029e+00
24	-1.867715e-01	3.498071e+00
2.403333e+01	-1.837105e-01	3.511238e+00
2.406667e+01	-1.806554e-01	3.524379e+00
2.410000e+01	-1.776217e-01	3.537428e+00
2.413333e+01	-1.746014e-01	3.550420e+00
2.416667e+01	-1.715794e-01	3.563419e+00
2.420000e+01	-1.685804e-01	3.576319e+00
2.423333e+01	-1.657890e-01	3.588326e+00
2.426667e+01	-1.636205e-01	3.597654e+00
2.430000e+01	-1.627348e-01	3.601464e+00
2.433333e+01	-1.642805e-01	3.594815e+00
2.436667e+01	-1.697567e-01	3.571260e+00
2.440000e+01	-1.797220e-01	3.528394e+00
2.443333e+01	-1.925141e-01	3.473370e+00
2.446667e+01	-2.047326e-01	3.420812e+00
2.450000e+01	-2.138049e-01	3.381788e+00
2.453333e+01	-2.204557e-01	3.353180e+00
2.456667e+01	-2.278661e-01	3.321304e+00
2.460000e+01	-2.380445e-01	3.277522e+00
2.463333e+01	-2.493426e-01	3.228924e+00
2.466667e+01	-2.576931e-01	3.193004e+00
2.470000e+01	-2.604189e-01	3.181280e+00
2.473333e+01	-2.586086e-01	3.189067e+00
2.476667e+01	-2.557065e-01	3.201550e+00
2.480000e+01	-2.543872e-01	3.207225e+00
2.483333e+01	-2.549650e-01	3.204739e+00
2.486667e+01	-2.561636e-01	3.199584e+00
2.490000e+01	-2.567744e-01	3.196956e+00
2.493333e+01	-2.565667e-01	3.197850e+00
2.496667e+01	-2.560518e-01	3.200064e+00
25	-2.560130e-01	3.200231e+00
2.503333e+01	-2.577246e-01	3.192869e+00
2.506667e+01	-2.627185e-01	3.171388e+00
2.510000e+01	-2.707657e-01	3.136773e+00
2.513333e+01	-2.786847e-01	3.102710e+00
2.516667e+01	-2.825673e-01	3.086009e+00
2.520000e+01	-2.805311e-01	3.094768e+00
2.523333e+01	-2.732141e-01	3.126242e+00
2.526667e+01	-2.634656e-01	3.168174e+00
2.530000e+01	-2.554909e-01	3.202477e+00
2.533333e+01	-2.522786e-01	3.216295e+00
2.536667e+01	-2.534284e-01	3.211349e+00
2.540000e+01	-2.560399e-01	3.200116e+00
2.543333e+01	-2.574937e-01	3.193862e+00
2.546667e+01	-2.569416e-01	3.196237e+00
2.550000e+01	-2.542433e-01	3.207844e+00
2.553333e+01	-2.488151e-01	3.231193e+00
2.556667e+01	-2.409928e-01	3.264840e+00
2.560000e+01	-2.335003e-01	3.297069e+00
2.563333e+01	-2.295768e-01	3.313946e+00
2.566667e+01	-2.298895e-01	3.312601e+00
2.570000e+01	-2.322493e-01	3.302450e+00
2.573333e+01	-2.339864e-01	3.294978e+00
2.576667e+01	-2.340492e-01	3.294708e+00
2.580000e+01	-2.328703e-01	3.299779e+00
2.583333e+01	-2.304621e-01	3.310138e+00
2.586667e+01	-2.256197e-01	3.330967e+00
2.590000e+01	-2.180926e-01	3.363345e+00
2.593333e+01	-2.107424e-01	3.394961e+00
2.596667e+01	-2.082058e-01	3.405872e+00
26	-2.131521e-01	3.384596e+00
2.603333e+01	-2.234623e-01	3.340247e+00
2.606667e+01	-2.330035e-01	3.299206e+00
2.610000e+01	-2.357163e-01	3.287537e+00
2.613333e+01	-2.296652e-01	3.313566e+00
2.616667e+01	-2.183842e-01	3.362090e+00
2.620000e+01	-2.084666e-01	3.404750e+00
2.623333e+01	-2.045712e-01	3.421507e+00
2.626667e+01	-2.062847e-01	3.414136e+00
2.630000e+01	-2.097305e-01	3.399314e+00
2.633333e+01	-2.112706e-01	3.392689e+00
2.636667e+01	-2.091078e-01	3.401993e+00
2.640000e+01	-2.029130e-01	3.428639e+00
2.643333e+01	-1.941820e-01	3.466195e+00
2.646667e+01	-1.864149e-01	3.499605e+00
2.650000e+01	-1.827985e-01	3.515161e+00
2.653333e+01	-1.835116e-01	3.512093e+00
2.656667e+01	-1.860097e-01	3.501348e+00
2.660000e+01	-1.876244e-01	3.494402e+00
2.663333e+01	-1.875110e-01	3.494890e+00
2.666667e+01	-1.865104e-01	3.499194e+00
2.670000e+01	-1.857894e-01	3.502296e+00
2.673333e+01	-1.857963e-01	3.502266e+00
2.676667e+01	-1.862165e-01	3.500458e+00
2.680000e+01	-1.865433e-01	3.499053e+00
2.683333e+01	-1.865582e-01	3.498989e+00
2.686667e+01	-1.863813e-01	3.499750e+00
2.690000e+01	-1.862331e-01	3.500387e+00
2.693333e+01	-1.862185e-01	3.500450e+00
2.696667e+01	-1.862925e-01	3.500131e+00
27	-1.863594e-01	3.499844e+00
2.703333e+01	-1.863694e-01	3.499801e+00
2.706667e+01	-1.860919e-01	3.500994e+00
2.710000e+01	-1.841758e-01	3.509236e+00
2.713333e+01	-1.777586e-01	3.536840e+00
2.716667e+01	-1.650852e-01	3.591354e+00
2.720000e+01	-1.492426e-01	3.659500e+00
2.723333e+01	-1.373259e-01	3.710759e+00
2.726667e+01	-1.350706e-01	3.720460e+00
2.730000e+01	-1.427232e-01	3.687543e+00
2.733333e+01	-1.553086e-01	3.633408e+00
2.736667e+01	-1.668283e-01	3.583856e+00
2.740000e+01	-1.748753e-01	3.549242e+00
2.743333e+01	-1.806097e-01	3.524576e+00
2.746667e+01	-1.850945e-01	3.505285e+00
2.750000e+01	-1.880374e-01	3.492626e+00
2.753333e+01	-1.900749e-01	3.483862e+00
2.756667e+01	-1.937345e-01	3.468120e+00
2.760000e+01	-2.004820e-01	3.439096e+00
2.763333e+01	-2.080933e-01	3.406356e+00
2.766667e+01	-2.127108e-01	3.386494e+00
2.770000e+01	-2.128748e-01	3.385789e+00
2.773333e+01	-2.104926e-01	3.396036e+00
2.776667e+01	-2.084643e-01	3.404760e+00
2.780000e+01	-2.081853e-01	3.405960e+00
2.783333e+01	-2.091153e-01	3.401960e+00
2.786667e+01	-2.100073e-01	3.398123e+00
2.790000e+01	-2.101760e-01	3.397398e+00
2.793333e+01	-2.097955e-01	3.399034e+00
2.796667e+01	-2.093986e-01	3.400741e+00
28	-2.093054e-01	3.401142e+00
2.803333e+01	-2.094611e-01	3.400472e+00
2.806667e+01	-2.096378e-01	3.399713e+00
2.810000e+01	-2.094404e-01	3.400562e+00
2.813333e+01	-2.077380e-01	3.407885e+00
2.816667e+01	-2.028876e-01	3.428748e+00
2.820000e+01	-1.949484e-01	3.462899e+00
2.823333e+01	-1.870316e-01	3.496952e+00
2.826667e+01	-1.828416e-01	3.514976e+00
2.830000e+01	-1.831894e-01	3.513480e+00
2.833333e+01	-1.854840e-01	3.503609e+00
2.836667e+01	-1.857046e-01	3.502660e+00
2.840000e+01	-1.809874e-01	3.522951e+00
2.843333e+01	-1.720640e-01	3.561335e+00
2.846667e+01	-1.632966e-01	3.599047e+00
2.850000e+01	-1.589759e-01	3.617633e+00
2.853333e+01	-1.595321e-01	3.615240e+00
2.856667e+01	-1.617535e-01	3.605685e+00
2.860000e+01	-1.621448e-01	3.604002e+00
2.863333e+01	-1.596612e-01	3.614685e+00
2.866667e+01	-1.556666e-01	3.631868e+00
2.870000e+01	-1.520248e-01	3.647533e+00
2.873333e+01	-1.495131e-01	3.658337e+00
2.876667e+01	-1.476954e-01	3.666155e+00
2.880000e+01	-1.457793e-01	3.674397e+00
2.883333e+01	-1.433876e-01	3.684685e+00
2.886667e+01	-1.406779e-01	3.696341e+00
2.890000e+01	-1.379920e-01	3.707894e+00
2.893333e+01	-1.355082e-01	3.718578e+00
2.896667e+01	-1.331701e-01	3.728635e+00
29	-1.308302e-01	3.738701e+00
2.903333e+01	-1.284046e-01	3.749134e+00
2.906667e+01	-1.259125e-01	3.759854e+00
2.910000e+01	-1.234174e-01	3.770586e+00
2.913333e+01	-1.207377e-01	3.782113e+00
2.916667e+01	-1.168681e-01	3.798758e+00
2.920000e+01	-1.101244e-01	3.827766e+00
2.923333e+01	-9.966406e-02	3.872760e+00
2.926667e+01	-8.686525e-02	3.927814e+00
2.930000e+01	-7.533145e-02	3.977426e+00
2.933333e+01	-6.969282e-02	4.001681e+00
2.936667e+01	-7.285821e-02	3.988065e+00
2.940000e+01	-8.309953e-02	3.944012e+00
2.943333e+01	-9.515472e-02	3.892157e+00
2.946667e+01	-1.052251e-01	3.848840e+00
2.950000e+01	-1.137246e-01	3.812279e+00
2.953333e+01	-1.231086e-01	3.771915e+00
2.956667e+01	-1.346183e-01	3.722406e+00
2.960000e+01	-1.474624e-01	3.667158e+00
2.963333e+01	-1.601478e-01	3.612592e+00
2.966667e+01	-1.716731e-01	3.563016e+00
2.970000e+01	-1.811644e-01	3.522190e+00
2.973333e+01	-1.872939e-01	3.495824e+00
2.976667e+01	-1.892732e-01	3.487310e+00
2.980000e+01	-1.881386e-01	3.492191e+00
2.983333e+01	-1.861969e-01	3.500543e+00
2.986667e+01	-1.852458e-01	3.504634e+00
2.990000e+01	-1.855606e-01	3.503280e+00
2.993333e+01	-1.863395e-01	3.499929e+00
2.996667e+01	-1.867713e-01	3.498072e+00
30	-1.866648e-01	3.498530e+00
3.003333e+01	-1.863332e-01	3.499956e+00
3.006667e+01	-1.861338e-01	3.500814e+00
3.010000e+01	-1.861680e-01	3.500667e+00
3.013333e+01	-1.860635e-01	3.501117e+00
3.016667e+01	-1.845165e-01	3.507771e+00
3.020000e+01	-1.797351e-01	3.528338e+00
3.023333e+01	-1.717604e-01	3.562641e+00
3.026667e+01	-1.635292e-01	3.598047e+00
3.030000e+01	-1.576433e-01	3.623365e+00
3.033333e+01	-1.530526e-01	3.643112e+00
3.036667e+01	-1.470753e-01	3.668823e+00
3.040000e+01	-1.396209e-01	3.700887e+00
3.043333e+01	-1.333024e-01	3.728067e+00
3.046667e+01	-1.300688e-01	3.741976e+00
3.050000e+01	-1.292729e-01	3.745399e+00
3.053333e+01	-1.288077e-01	3.747400e+00
3.056667e+01	-1.272008e-01	3.754312e+00
3.060000e+01	-1.244745e-01	3.766039e+00
3.063333e+01	-1.215084e-01	3.778798e+00
3.066667e+01	-1.189952e-01	3.789608e+00
3.070000e+01	-1.169781e-01	3.798285e+00
3.073333e+01	-1.150916e-01	3.806400e+00
3.076667e+01	-1.130220e-01	3.815302e+00
3.080000e+01	-1.107328e-01	3.825149e+00
3.083333e+01	-1.083759e-01	3.835287e+00
3.086667e+01	-1.060927e-01	3.845108e+00
3.090000e+01	-1.039065e-01	3.854512e+00
3.093333e+01	-1.017544e-01	3.863769e+00
3.096667e+01	-9.957307e-02	3.873152e+00
31	-9.737251e-02	3.882617e+00
3.103333e+01	-9.506455e-02	3.892545e+00
3.106667e+01	-9.182987e-02	3.906459e+00
3.110000e+01	-8.623489e-02	3.930525e+00
3.113333e+01	-7.850928e-02	3.963757e+00
3.116667e+01	-7.254611e-02	3.989407e+00
3.120000e+01	-7.339312e-02	3.985764e+00
3.123333e+01	-8.194155e-02	3.948993e+00
3.126667e+01	-9.394995e-02	3.897339e+00
3.130000e+01	-1.049418e-01	3.850058e+00
3.133333e+01	-1.141928e-01	3.810266e+00
3.136667e+01	-1.233927e-01	3.770693e+00
3.140000e+01	-1.331267e-01	3.728822e+00
3.143333e+01	-1.422535e-01	3.689563e+00
3.146667e+01	-1.501127e-01	3.655758e+00
3.150000e+01	-1.572440e-01	3.625082e+00
3.153333e+01	-1.643300e-01	3.594602e+00
3.156667e+01	-1.718768e-01	3.562140e+00
3.160000e+01	-1.794490e-01	3.529569e+00
3.163333e+01	-1.842081e-01	3.509097e+00
3.166667e+01	-1.824408e-01	3.516700e+00
3.170000e+01	-1.740683e-01	3.552713e+00
3.173333e+01	-1.641624e-01	3.595323e+00
3.176667e+01	-1.585954e-01	3.619270e+00
3.180000e+01	-1.589525e-01	3.617733e+00
3.183333e+01	-1.622768e-01	3.603434e+00
3.186667e+01	-1.647468e-01	3.592809e+00
3.190000e+01	-1.645863e-01	3.593500e+00
3.193333e+01	-1.616116e-01	3.606295e+00
3.196667e+01	-1.557396e-01	3.631553e+00
32	-1.477273e-01	3.666018e+00
3.203333e+01	-1.403411e-01	3.697790e+00
3.206667e+01	-1.365947e-01	3.713905e+00
3.210000e+01	-1.368731e-01	3.712707e+00
3.213333e+01	-1.387492e-01	3.704637e+00
3.216667e+01	-1.394306e-01	3.701706e+00
3.220000e+01	-1.379490e-01	3.708079e+00
3.223333e+01	-1.352487e-01	3.719694e+00
3.226667e+01	-1.327560e-01	3.730417e+00
3.230000e+01	-1.311159e-01	3.737472e+00
3.233333e+01	-1.300327e-01	3.742131e+00
3.236667e+01	-1.289011e-01	3.746998e+00
3.240000e+01	-1.274116e-01	3.753405e+00
3.243333e+01	-1.256681e-01	3.760905e+00
3.246667e+01	-1.239309e-01	3.768378e+00
3.250000e+01	-1.223451e-01	3.775199e+00
3.253333e+01	-1.208752e-01	3.781522e+00
3.256667e+01	-1.194256e-01	3.787757e+00
3.260000e+01	-1.180214e-01	3.793797e+00
3.263333e+01	-1.166359e-01	3.799756e+00
3.266667e+01	-1.143809e-01	3.809456e+00
3.270000e+01	-1.095494e-01	3.830239e+00
3.273333e+01	-1.016817e-01	3.864081e+00
3.276667e+01	-9.263947e-02	3.902976e+00
3.280000e+01	-8.459749e-02	3.937569e+00
3.283333e+01	-7.845958e-02	3.963971e+00
3.286667e+01	-7.466512e-02	3.980292e+00
3.290000e+01	-7.373053e-02	3.984312e+00
3.293333e+01	-7.548704e-02	3.976757e+00
3.296667e+01	-7.872559e-02	3.962826e+00
33	-8.197049e-02	3.948869e+00
3.303333e+01	-8.444668e-02	3.938217e+00
3.306667e+01	-8.630037e-02	3.930244e+00
3.310000e+01	-8.808743e-02	3.922557e+00
3.313333e+01	-9.017279e-02	3.913587e+00
3.316667e+01	-9.253040e-02	3.903446e+00
3.320000e+01	-9.493113e-02	3.893119e+00
3.323333e+01	-9.720924e-02	3.883320e+00
3.326667e+01	-9.936601e-02	3.874042e+00
3.330000e+01	-1.014979e-01	3.864872e+00
3.333333e+01	-1.036804e-01	3.855484e+00
3.336667e+01	-1.059169e-01	3.845864e+00
3.340000e+01	-1.081671e-01	3.836185e+00
3.343333e+01	-1.103731e-01	3.826696e+00
3.346667e+01	-1.123989e-01	3.817982e+00
3.350000e+01	-1.137399e-01	3.812214e+00
3.353333e+01	-1.130756e-01	3.815071e+00
3.356667e+01	-1.088312e-01	3.833328e+00
3.360000e+01	-1.013453e-01	3.865529e+00
3.363333e+01	-9.386258e-02	3.897715e+00
3.366667e+01	-9.022834e-02	3.913348e+00
3.370000e+01	-9.253566e-02	3.903423e+00
3.373333e+01	-1.013806e-01	3.865377e+00
3.376667e+01	-1.160405e-01	3.802318e+00
3.380000e+01	-1.335436e-01	3.727029e+00
3.383333e+01	-1.495104e-01	3.658348e+00
3.386667e+01	-1.607918e-01	3.609822e+00
3.390000e+01	-1.674399e-01	3.581225e+00
3.393333e+01	-1.726621e-01	3.558762e+00
3.396667e+01	-1.802903e-01	3.525950e+00
34	-1.914442e-01	3.477972e+00
3.403333e+01	-2.033836e-01	3.426615e+00
3.406667e+01	-2.116786e-01	3.390934e+00
3.410000e+01	-2.142388e-01	3.379922e+00
3.413333e+01	-2.137752e-01	3.381916e+00
3.416667e+01	-2.156527e-01	3.373840e+00
3.420000e+01	-2.224222e-01	3.344721e+00
3.423333e+01	-2.310757e-01	3.307498e+00
3.426667e+01	-2.367499e-01	3.283091e+00
3.430000e+01	-2.385910e-01	3.275171e+00
3.433333e+01	-2.405433e-01	3.266774e+00
3.436667e+01	-2.460621e-01	3.243035e+00
3.440000e+01	-2.536885e-01	3.210230e+00
3.443333e+01	-2.590261e-01	3.187271e+00
3.446667e+01	-2.597485e-01	3.184163e+00
3.450000e+01	-2.573907e-01	3.194305e+00
3.453333e+01	-2.550591e-01	3.204335e+00
3.456667e+01	-2.545268e-01	3.206624e+00
3.460000e+01	-2.554322e-01	3.202730e+00
3.463333e+01	-2.564512e-01	3.198347e+00
3.466667e+01	-2.567342e-01	3.197129e+00
3.470000e+01	-2.563706e-01	3.198693e+00
3.473333e+01	-2.559209e-01	3.200627e+00
3.476667e+01	-2.555296e-01	3.202311e+00
3.480000e+01	-2.540360e-01	3.208735e+00
3.483333e+01	-2.494624e-01	3.228409e+00
3.486667e+01	-2.416207e-01	3.262139e+00
3.490000e+01	-2.336211e-01	3.296550e+00
3.493333e+01	-2.293093e-01	3.315096e+00
3.496667e+01	-2.296089e-01	3.313808e+00
35	-2.321826e-01	3.302737e+00
3.503333e+01	-2.338492e-01	3.295568e+00
3.506667e+01	-2.322881e-01	3.302283e+00
3.510000e+01	-2.264943e-01	3.327205e+00
3.513333e+01	-2.177317e-01	3.364897e+00
3.516667e+01	-2.097082e-01	3.399410e+00
3.520000e+01	-2.059079e-01	3.415757e+00
3.523333e+01	-2.066240e-01	3.412676e+00
3.526667e+01	-2.092307e-01	3.401464e+00
3.530000e+01	-2.109295e-01	3.394157e+00
3.533333e+01	-2.108065e-01	3.394686e+00
3.536667e+01	-2.096609e-01	3.399613e+00
3.540000e+01	-2.085513e-01	3.404386e+00
3.543333e+01	-2.077876e-01	3.407671e+00
3.546667e+01	-2.070420e-01	3.410878e+00
3.550000e+01	-2.059787e-01	3.415452e+00
3.553333e+01	-2.046065e-01	3.421354e+00
3.556667e+01	-2.031662e-01	3.427550e+00
3.560000e+01	-2.018536e-01	3.433196e+00
3.563333e+01	-2.006840e-01	3.438227e+00
3.566667e+01	-1.995546e-01	3.443085e+00
3.570000e+01	-1.983743e-01	3.448162e+00
3.573333e+01	-1.971307e-01	3.453511e+00
3.576667e+01	-1.958663e-01	3.458950e+00
3.580000e+01	-1.946221e-01	3.464302e+00
3.583333e+01	-1.934058e-01	3.469534e+00
3.586667e+01	-1.921999e-01	3.474721e+00
3.590000e+01	-1.909861e-01	3.479942e+00
3.593333e+01	-1.897600e-01	3.485216e+00
3.596667e+01	-1.885417e-01	3.490456e+00
36	-1.871662e-01	3.496373e+00
3.603333e+01	-1.846545e-01	3.507177e+00
3.606667e+01	-1.794291e-01	3.529654e+00
3.610000e+01	-1.714787e-01	3.563853e+00
3.613333e+01	-1.637201e-01	3.597226e+00
3.616667e+01	-1.596602e-01	3.614689e+00
3.620000e+01	-1.600262e-01	3.613115e+00
3.623333e+01	-1.627574e-01	3.601367e+00
3.626667e+01	-1.664490e-01	3.585488e+00
3.630000e+01	-1.729051e-01	3.557717e+00
3.633333e+01	-1.846048e-01	3.507391e+00
3.636667e+01	-1.999063e-01	3.441572e+00
3.640000e+01	-2.136476e-01	3.382465e+00
3.643333e+01	-2.227191e-01	3.343444e+00
3.646667e+01	-2.281068e-01	3.320269e+00
3.650000e+01	-2.316696e-01	3.304944e+00
3.653333e+01	-2.337871e-01	3.295835e+00
3.656667e+01	-2.342422e-01	3.293878e+00
3.660000e+01	-2.335072e-01	3.297039e+00
3.663333e+01	-2.326078e-01	3.300908e+00
3.666667e+01	-2.322714e-01	3.302355e+00
3.670000e+01	-2.325063e-01	3.301345e+00
3.673333e+01	-2.328840e-01	3.299720e+00
3.676667e+01	-2.330486e-01	3.299012e+00
3.680000e+01	-2.329620e-01	3.299385e+00
3.683333e+01	-2.327991e-01	3.300085e+00
3.686667e+01	-2.327208e-01	3.300422e+00
3.690000e+01	-2.327530e-01	3.300284e+00
3.693333e+01	-2.328236e-01	3.299980e+00
3.696667e+01	-2.328607e-01	3.299820e+00
37	-2.328491e-01	3.299870e+00
3.703333e+01	-2.328186e-01	3.300001e+00
3.706667e+01	-2.328012e-01	3.300076e+00
3.710000e+01	-2.328051e-01	3.300059e+00
3.713333e+01	-2.328182e-01	3.300003e+00
3.716667e+01	-2.328263e-01	3.299968e+00
3.720000e+01	-2.328252e-01	3.299973e+00
3.723333e+01	-2.328195e-01	3.299997e+00
3.726667e+01	-2.328040e-01	3.300064e+00
3.730000e+01	-2.327145e-01	3.300449e+00
3.733333e+01	-2.323999e-01	3.301802e+00
3.736667e+01	-2.317077e-01	3.304780e+00
3.740000e+01	-2.306355e-01	3.309392e+00
3.743333e+01	-2.293613e-01	3.314873e+00
3.746667e+01	-2.281032e-01	3.320285e+00
3.750000e+01	-2.269673e-01	3.325170e+00
3.753333e+01	-2.259212e-01	3.329670e+00
3.756667e+01	-2.248779e-01	3.334158e+00
3.760000e+01	-2.237861e-01	3.338854e+00
3.763333e+01	-2.226544e-01	3.343722e+00
3.766667e+01	-2.215193e-01	3.348605e+00
3.770000e+01	-2.204044e-01	3.353401e+00
3.773333e+01	-2.193073e-01	3.358120e+00
3.776667e+01	-2.182127e-01	3.362828e+00
3.780000e+01	-2.171097e-01	3.367573e+00
3.783333e+01	-2.159986e-01	3.372352e+00
3.786667e+01	-2.148861e-01	3.377137e+00
3.790000e+01	-2.137771e-01	3.381908e+00
3.793333e+01	-2.126716e-01	3.386663e+00
3.796667e+01	-2.113320e-01	3.392425e+00
38	-2.086764e-01	3.403848e+00
3.803333e+01	-2.031138e-01	3.427775e+00
3.806667e+01	-1.947856e-01	3.463599e+00
3.810000e+01	-1.868081e-01	3.497914e+00
3.813333e+01	-1.827500e-01	3.515369e+00
3.816667e+01	-1.834826e-01	3.512218e+00
3.820000e+01	-1.877022e-01	3.494068e+00
3.823333e+01	-1.945355e-01	3.464674e+00
3.826667e+01	-2.040862e-01	3.423592e+00
3.830000e+01	-2.157718e-01	3.373327e+00
3.833333e+01	-2.271028e-01	3.324587e+00
3.836667e+01	-2.349113e-01	3.290999e+00
3.840000e+01	-2.386529e-01	3.274905e+00
3.843333e+01	-2.415785e-01	3.262321e+00
3.846667e+01	-2.469191e-01	3.239348e+00
3.850000e+01	-2.538201e-01	3.209664e+00
3.853333e+01	-2.586516e-01	3.188882e+00
3.856667e+01	-2.593772e-01	3.185760e+00
3.860000e+01	-2.573112e-01	3.194647e+00
3.863333e+01	-2.552091e-01	3.203689e+00
3.866667e+01	-2.546905e-01	3.205920e+00
3.870000e+01	-2.554747e-01	3.202547e+00
3.873333e+01	-2.563902e-01	3.198609e+00
3.876667e+01	-2.566616e-01	3.197441e+00
3.880000e+01	-2.561019e-01	3.199849e+00
3.883333e+01	-2.540595e-01	3.208634e+00
3.886667e+01	-2.491504e-01	3.229751e+00
3.890000e+01	-2.413611e-01	3.263256e+00
3.893333e+01	-2.335965e-01	3.296655e+00
3.896667e+01	-2.294399e-01	3.314535e+00
39	-2.294794e-01	3.314365e+00
3.903333e+01	-2.303136e-01	3.310777e+00
3.906667e+01	-2.273513e-01	3.323519e+00
3.910000e+01	-2.192713e-01	3.358275e+00
3.913333e+01	-2.094814e-01	3.400385e+00
3.916667e+01	-2.025401e-01	3.430243e+00
3.920000e+01	-1.998584e-01	3.441778e+00
3.923333e+01	-1.993284e-01	3.444058e+00
3.926667e+01	-1.981257e-01	3.449231e+00
3.930000e+01	-1.951297e-01	3.462119e+00
3.933333e+01	-1.910810e-01	3.479534e+00
3.936667e+01	-1.872260e-01	3.496116e+00
3.940000e+01	-1.841300e-01	3.509434e+00
3.943333e+01	-1.815214e-01	3.520654e+00
3.946667e+01	-1.788598e-01	3.532103e+00
3.950000e+01	-1.758751e-01	3.544942e+00
3.953333e+01	-1.726662e-01	3.558745e+00
3.956667e+01	-1.694671e-01	3.572505e+00
3.960000e+01	-1.664052e-01	3.585676e+00
3.963333e+01	-1.634459e-01	3.598405e+00
3.966667e+01	-1.604883e-01	3.611127e+00
3.970000e+01	-1.574727e-01	3.624099e+00
3.973333e+01	-1.544104e-01	3.637271e+00
3.976667e+01	-1.513447e-01	3.650458e+00
3.980000e+01	-1.483034e-01	3.663540e+00
3.983333e+01	-1.450687e-01	3.677454e+00
3.986667e+01	-1.406579e-01	3.696427e+00
3.990000e+01	-1.334798e-01	3.727303e+00
3.993333e+01	-1.227900e-01	3.773285e+00
3.996667e+01	-1.099737e-01	3.828414e+00
40	-9.828813e-02	3.878679e+00
4.003333e+01	-9.109472e-02	3.909621e+00
4.006667e+01	-8.974988e-02	3.915406e+00
4.010000e+01	-9.368156e-02	3.898494e+00
4.013333e+01	-1.025308e-01	3.860429e+00
4.016667e+01	-1.162826e-01	3.801277e+00
4.020000e+01	-1.330735e-01	3.729051e+00
4.023333e+01	-1.490025e-01	3.660533e+00
4.026667e+01	-1.606638e-01	3.610372e+00
4.030000e+01	-1.676324e-01	3.580397e+00
4.033333e+01	-1.726412e-01	3.558852e+00
4.036667e+01	-1.787177e-01	3.532714e+00
4.040000e+01	-1.865944e-01	3.498833e+00
4.043333e+01	-1.953696e-01	3.461087e+00
4.046667e+01	-2.037026e-01	3.425243e+00
4.050000e+01	-2.097985e-01	3.399021e+00
4.053333e+01	-2.122683e-01	3.388397e+00
4.056667e+01	-2.115628e-01	3.391432e+00
4.060000e+01	-2.097131e-01	3.399389e+00
4.063333e+01	-2.086033e-01	3.404162e+00
4.066667e+01	-2.087429e-01	3.403562e+00
4.070000e+01	-2.094742e-01	3.400416e+00
4.073333e+01	-2.099683e-01	3.398291e+00
4.076667e+01	-2.099380e-01	3.398421e+00
4.080000e+01	-2.093837e-01	3.400806e+00
4.083333e+01	-2.075199e-01	3.408823e+00
4.086667e+01	-2.027485e-01	3.429347e+00
4.090000e+01	-1.949647e-01	3.462828e+00
4.093333e+01	-1.871248e-01	3.496551e+00
4.096667e+01	-1.829057e-01	3.514700e+00
41	-1.831861e-01	3.513494e+00
4.103333e+01	-1.856910e-01	3.502719e+00
4.106667e+01	-1.875613e-01	3.494674e+00
4.110000e+01	-1.876452e-01	3.494313e+00
4.113333e+01	-1.866528e-01	3.498582e+00
4.116667e+01	-1.855774e-01	3.503207e+00
4.120000e+01	-1.838554e-01	3.510614e+00
4.123333e+01	-1.794951e-01	3.529370e+00
4.126667e+01	-1.719530e-01	3.561812e+00
4.130000e+01	-1.640663e-01	3.595737e+00
4.133333e+01	-1.594239e-01	3.615706e+00
4.136667e+01	-1.579529e-01	3.622033e+00
4.140000e+01	-1.556993e-01	3.631727e+00
4.143333e+01	-1.497310e-01	3.657399e+00
4.146667e+01	-1.421713e-01	3.689917e+00
4.150000e+01	-1.388376e-01	3.704257e+00
4.153333e+01	-1.447233e-01	3.678940e+00
4.156667e+01	-1.598542e-01	3.613855e+00
4.160000e+01	-1.779970e-01	3.535814e+00
4.163333e+01	-1.906101e-01	3.481559e+00
4.166667e+01	-1.935524e-01	3.468903e+00
4.170000e+01	-1.896636e-01	3.485631e+00
4.173333e+01	-1.849914e-01	3.505728e+00
4.176667e+01	-1.834385e-01	3.512408e+00
4.180000e+01	-1.848345e-01	3.506403e+00
4.183333e+01	-1.868083e-01	3.497913e+00
4.186667e+01	-1.875585e-01	3.494686e+00
4.190000e+01	-1.870142e-01	3.497027e+00
4.193333e+01	-1.861539e-01	3.500728e+00
4.196667e+01	-1.857906e-01	3.502291e+00
42	-1.860009e-01	3.501386e+00
4.203333e+01	-1.863767e-01	3.499769e+00
4.206667e+01	-1.865515e-01	3.499017e+00
4.210000e+01	-1.864723e-01	3.499358e+00
4.213333e+01	-1.863088e-01	3.500061e+00
4.216667e+01	-1.862256e-01	3.500419e+00
4.220000e+01	-1.862544e-01	3.500295e+00
4.223333e+01	-1.863252e-01	3.499991e+00
4.226667e+01	-1.863644e-01	3.499822e+00
4.230000e+01	-1.863545e-01	3.499865e+00
4.233333e+01	-1.863239e-01	3.499996e+00
4.236667e+01	-1.863056e-01	3.500075e+00
4.240000e+01	-1.863088e-01	3.500061e+00
4.243333e+01	-1.863219e-01	3.500005e+00
4.246667e+01	-1.863304e-01	3.499969e+00
4.250000e+01	-1.863295e-01	3.499972e+00
4.253333e+01	-1.863239e-01	3.499996e+00
4.256667e+01	-1.863200e-01	3.500013e+00
4.260000e+01	-1.863202e-01	3.500012e+00
4.263333e+01	-1.863225e-01	3.500002e+00
4.266667e+01	-1.863243e-01	3.499995e+00
4.270000e+01	-1.863244e-01	3.499994e+00
4.273333e+01	-1.863234e-01	3.499999e+00
4.276667e+01	-1.863226e-01	3.500002e+00
4.280000e+01	-1.863225e-01	3.500002e+00
4.283333e+01	-1.863229e-01	3.500001e+00
4.286667e+01	-1.863233e-01	3.499999e+00
4.290000e+01	-1.863233e-01	3.499999e+00
4.293333e+01	-1.863232e-01	3.500000e+00
4.296667e+01	-1.863230e-01	3.500000e+00
43	-1.863230e-01	3.500000e+00
4.303333e+01	-1.863230e-01	3.500000e+00
4.306667e+01	-1.863231e-01	3.500000e+00
4.310000e+01	-1.863231e-01	3.500000e+00
4.313333e+01	-1.863231e-01	3.500000e+00
4.316667e+01	-1.863231e-01	3.500000e+00
4.320000e+01	-1.863230e-01	3.500000e+00
4.323333e+01	-1.863231e-01	3.500000e+00
4.326667e+01	-1.863231e-01	3.500000e+00
4.330000e+01	-1.860764e-01	3.501061e+00
4.333333e+01	-1.841903e-01	3.509174e+00
4.336667e+01	-1.777790e-01	3.536752e+00
4.340000e+01	-1.650930e-01	3.591320e+00
4.343333e+01	-1.492369e-01	3.659525e+00
4.346667e+01	-1.370703e-01	3.711859e+00
4.350000e+01	-1.331808e-01	3.728589e+00
4.353333e+01	-1.363140e-01	3.715112e+00
4.356667e+01	-1.423798e-01	3.689020e+00
4.360000e+01	-1.493347e-01	3.659104e+00
4.363333e+01	-1.579358e-01	3.622107e+00
4.366667e+01	-1.688046e-01	3.575355e+00
4.370000e+01	-1.800380e-01	3.527035e+00
4.373333e+01	-1.879929e-01	3.492817e+00
4.376667e+01	-1.904609e-01	3.482201e+00
4.380000e+01	-1.886759e-01	3.489879e+00
4.383333e+01	-1.861865e-01	3.500588e+00
4.386667e+01	-1.866208e-01	3.498719e+00
4.390000e+01	-1.919646e-01	3.475733e+00
4.393333e+01	-2.010062e-01	3.436841e+00
4.396667e+01	-2.095068e-01	3.400276e+00
44	-2.135233e-01	3.382999e+00
4.403333e+01	-2.127034e-01	3.386526e+00
4.406667e+01	-2.098905e-01	3.398626e+00
4.410000e+01	-2.080890e-01	3.406375e+00
4.413333e+01	-2.082372e-01	3.405737e+00
4.416667e+01	-2.093729e-01	3.400852e+00
4.420000e+01	-2.101805e-01	3.397378e+00
4.423333e+01	-2.101638e-01	3.397450e+00
4.426667e+01	-2.096858e-01	3.399506e+00
4.430000e+01	-2.093192e-01	3.401083e+00
4.433333e+01	-2.093061e-01	3.401139e+00
4.436667e+01	-2.095076e-01	3.400273e+00
4.440000e+01	-2.096740e-01	3.399557e+00
4.443333e+01	-2.094422e-01	3.400554e+00
4.446667e+01	-2.077184e-01	3.407969e+00
4.450000e+01	-2.028712e-01	3.428819e+00
4.453333e+01	-1.949467e-01	3.462906e+00
4.456667e+01	-1.870397e-01	3.496917e+00
4.460000e+01	-1.828490e-01	3.514944e+00
4.463333e+01	-1.831905e-01	3.513475e+00
4.466667e+01	-1.854806e-01	3.503624e+00
4.470000e+01	-1.857013e-01	3.502675e+00
4.473333e+01	-1.809868e-01	3.522954e+00
4.476667e+01	-1.720654e-01	3.561329e+00
4.480000e+01	-1.632981e-01	3.599041e+00
4.483333e+01	-1.590022e-01	3.617519e+00
4.486667e+01	-1.597561e-01	3.614277e+00
4.490000e+01	-1.629249e-01	3.600646e+00
4.493333e+01	-1.664898e-01	3.585312e+00
4.496667e+01	-1.711487e-01	3.565272e+00
45	-1.778827e-01	3.536306e+00
4.503333e+01	-1.849621e-01	3.505854e+00
4.506667e+01	-1.891855e-01	3.487687e+00
4.510000e+01	-1.893460e-01	3.486997e+00
4.513333e+01	-1.871857e-01	3.496290e+00
4.516667e+01	-1.853325e-01	3.504261e+00
4.520000e+01	-1.850630e-01	3.505420e+00
4.523333e+01	-1.858992e-01	3.501823e+00
4.526667e+01	-1.867119e-01	3.498327e+00
4.530000e+01	-1.868722e-01	3.497638e+00
4.533333e+01	-1.865310e-01	3.499106e+00
4.536667e+01	-1.861699e-01	3.500659e+00
4.540000e+01	-1.860822e-01	3.501036e+00
4.543333e+01	-1.862217e-01	3.500436e+00
4.546667e+01	-1.863822e-01	3.499746e+00
4.550000e+01	-1.866750e-01	3.498486e+00
4.553333e+01	-1.880112e-01	3.492738e+00
4.556667e+01	-1.910728e-01	3.479569e+00
4.560000e+01	-1.941912e-01	3.466155e+00
4.563333e+01	-1.944886e-01	3.464876e+00
4.566667e+01	-1.924418e-01	3.473681e+00
4.570000e+01	-1.926658e-01	3.472717e+00
4.573333e+01	-1.983547e-01	3.448246e+00
4.576667e+01	-2.069593e-01	3.411234e+00
4.580000e+01	-2.129784e-01	3.385343e+00
4.583333e+01	-2.136163e-01	3.382599e+00
4.586667e+01	-2.105198e-01	3.395919e+00
4.590000e+01	-2.070791e-01	3.410719e+00
4.593333e+01	-2.052717e-01	3.418493e+00
4.596667e+01	-2.048442e-01	3.420332e+00
46	-2.045302e-01	3.421683e+00
4.603333e+01	-2.035055e-01	3.426090e+00
4.606667e+01	-2.018573e-01	3.433180e+00
4.610000e+01	-2.001299e-01	3.440610e+00
4.613333e+01	-1.987008e-01	3.446758e+00
4.616667e+01	-1.975527e-01	3.451696e+00
4.620000e+01	-1.964539e-01	3.456423e+00
4.623333e+01	-1.952316e-01	3.461681e+00
4.626667e+01	-1.938832e-01	3.467480e+00
4.630000e+01	-1.925069e-01	3.473401e+00
4.633333e+01	-1.911812e-01	3.479103e+00
4.636667e+01	-1.899118e-01	3.484563e+00
4.640000e+01	-1.886711e-01	3.489900e+00
4.643333e+01	-1.872541e-01	3.495995e+00
4.646667e+01	-1.846847e-01	3.507047e+00
4.650000e+01	-1.794145e-01	3.529717e+00
4.653333e+01	-1.714519e-01	3.563968e+00
4.656667e+01	-1.637068e-01	3.597283e+00
4.660000e+01	-1.596646e-01	3.614670e+00
4.663333e+01	-1.600370e-01	3.613068e+00
4.666667e+01	-1.627634e-01	3.601341e+00
4.670000e+01	-1.662008e-01	3.586555e+00
4.673333e+01	-1.712612e-01	3.564788e+00
4.676667e+01	-1.798300e-01	3.527930e+00
4.680000e+01	-1.917461e-01	3.476673e+00
4.683333e+01	-2.038214e-01	3.424731e+00
4.686667e+01	-2.118378e-01	3.390249e+00
4.690000e+01	-2.141165e-01	3.380448e+00
4.693333e+01	-2.135920e-01	3.382704e+00
4.696667e+01	-2.155810e-01	3.374148e+00
47	-2.224718e-01	3.344508e+00
4.703333e+01	-2.311561e-01	3.307152e+00
4.706667e+01	-2.365378e-01	3.284003e+00
4.710000e+01	-2.366858e-01	3.283367e+00
4.713333e+01	-2.338501e-01	3.295564e+00
4.716667e+01	-2.314734e-01	3.305787e+00
4.720000e+01	-2.311816e-01	3.307043e+00
4.723333e+01	-2.320560e-01	3.303282e+00
4.726667e+01	-2.314669e-01	3.305816e+00
4.730000e+01	-2.268778e-01	3.325555e+00
4.733333e+01	-2.185033e-01	3.361578e+00
4.736667e+01	-2.100929e-01	3.397755e+00
4.740000e+01	-2.057650e-01	3.416371e+00
4.743333e+01	-2.062892e-01	3.414116e+00
4.746667e+01	-2.088026e-01	3.403305e+00
4.750000e+01	-2.090938e-01	3.402052e+00
4.753333e+01	-2.043060e-01	3.422647e+00
4.756667e+01	-1.952860e-01	3.461446e+00
4.760000e+01	-1.864833e-01	3.499311e+00
4.763333e+01	-1.822164e-01	3.517664e+00
4.766667e+01	-1.830136e-01	3.514235e+00
4.770000e+01	-1.859532e-01	3.501591e+00
4.773333e+01	-1.878675e-01	3.493357e+00
4.776667e+01	-1.877353e-01	3.493925e+00
4.780000e+01	-1.863002e-01	3.500098e+00
4.783333e+01	-1.838025e-01	3.510842e+00
4.786667e+01	-1.792843e-01	3.530277e+00
4.790000e+01	-1.735094e-01	3.555118e+00
4.793333e+01	-1.707287e-01	3.567079e+00
4.796667e+01	-1.744365e-01	3.551130e+00
48	-1.825033e-01	3.516430e+00
4.803333e+01	-1.893494e-01	3.486982e+00
4.806667e+01	-1.925110e-01	3.473383e+00
4.810000e+01	-1.948808e-01	3.463189e+00
4.813333e+01	-1.999860e-01	3.441229e+00
4.816667e+01	-2.070471e-01	3.410857e+00
4.820000e+01	-2.121752e-01	3.388798e+00
4.823333e+01	-2.130573e-01	3.385004e+00
4.826667e+01	-2.109458e-01	3.394086e+00
4.830000e+01	-2.087162e-01	3.403677e+00
4.833333e+01	-2.083688e-01	3.405171e+00
4.836667e+01	-2.108059e-01	3.394688e+00
4.840000e+01	-2.165478e-01	3.369990e+00
4.843333e+01	-2.247682e-01	3.334630e+00
4.846667e+01	-2.323935e-01	3.301830e+00
4.850000e+01	-2.361918e-01	3.285491e+00
4.853333e+01	-2.357035e-01	3.287592e+00
4.856667e+01	-2.332776e-01	3.298027e+00
4.860000e+01	-2.315898e-01	3.305287e+00
4.863333e+01	-2.316185e-01	3.305163e+00
4.866667e+01	-2.326940e-01	3.300537e+00
4.870000e+01	-2.338356e-01	3.295627e+00
4.873333e+01	-2.347294e-01	3.291782e+00
4.876667e+01	-2.356513e-01	3.287816e+00
4.880000e+01	-2.368862e-01	3.282505e+00
4.883333e+01	-2.384053e-01	3.275970e+00
4.886667e+01	-2.399767e-01	3.269211e+00
4.890000e+01	-2.414219e-01	3.262994e+00
4.893333e+01	-2.427341e-01	3.257350e+00
4.896667e+01	-2.440129e-01	3.251850e+00
49	-2.453422e-01	3.246132e+00
4.903333e+01	-2.467306e-01	3.240159e+00
4.906667e+01	-2.481367e-01	3.234111e+00
4.910000e+01	-2.495226e-01	3.228150e+00
4.913333e+01	-2.508678e-01	3.222363e+00
4.916667e+01	-2.521076e-01	3.217030e+00
4.920000e+01	-2.528571e-01	3.213806e+00
4.923333e+01	-2.519238e-01	3.217821e+00
4.926667e+01	-2.477636e-01	3.235716e+00
4.930000e+01	-2.403327e-01	3.267680e+00
4.933333e+01	-2.314991e-01	3.305677e+00
4.936667e+01	-2.229608e-01	3.342404e+00
4.940000e+01	-2.154154e-01	3.374860e+00
4.943333e+01	-2.100498e-01	3.397940e+00
4.946667e+01	-2.091392e-01	3.401857e+00
4.950000e+01	-2.142710e-01	3.379783e+00
4.953333e+01	-2.240543e-01	3.337701e+00
4.956667e+01	-2.347664e-01	3.291623e+00
4.960000e+01	-2.437714e-01	3.252888e+00
4.963333e+01	-2.507237e-01	3.222983e+00
4.966667e+01	-2.556175e-01	3.201933e+00
4.970000e+01	-2.576878e-01	3.193027e+00
4.973333e+01	-2.559120e-01	3.200666e+00
4.976667e+01	-2.498249e-01	3.226849e+00
4.980000e+01	-2.408936e-01	3.265267e+00
4.983333e+01	-2.326085e-01	3.300905e+00
4.986667e+01	-2.272365e-01	3.324013e+00
4.990000e+01	-2.232412e-01	3.341198e+00
4.993333e+01	-2.179452e-01	3.363979e+00
4.996667e+01	-2.114307e-01	3.392000e+00
50	-2.054316e-01	3.417805e+00
5.003333e+01	-1.996960e-01	3.442477e+00
5.006667e+01	-1.919448e-01	3.475818e+00
5.010000e+01	-1.811202e-01	3.522380e+00
5.013333e+01	-1.694851e-01	3.572428e+00
5.016667e+01	-1.612048e-01	3.608045e+00
5.020000e+01	-1.584654e-01	3.619829e+00
5.023333e+01	-1.587767e-01	3.618490e+00
5.026667e+01	-1.568839e-01	3.626632e+00
5.030000e+01	-1.501916e-01	3.655418e+00
5.033333e+01	-1.416082e-01	3.692339e+00
5.036667e+01	-1.361916e-01	3.715639e+00
5.040000e+01	-1.359577e-01	3.716645e+00
5.043333e+01	-1.387459e-01	3.704651e+00
5.046667e+01	-1.411347e-01	3.694376e+00
5.050000e+01	-1.414635e-01	3.692962e+00
5.053333e+01	-1.403646e-01	3.697689e+00
5.056667e+01	-1.393105e-01	3.702223e+00
5.060000e+01	-1.391116e-01	3.703078e+00
5.063333e+01	-1.395619e-01	3.701141e+00
5.066667e+01	-1.400313e-01	3.699122e+00
5.070000e+01	-1.401414e-01	3.698649e+00
5.073333e+01	-1.399571e-01	3.699441e+00
5.076667e+01	-1.397482e-01	3.700340e+00
5.080000e+01	-1.396898e-01	3.700591e+00
5.083333e+01	-1.397645e-01	3.700270e+00
5.086667e+01	-1.398572e-01	3.699871e+00
5.090000e+01	-1.398871e-01	3.699743e+00
5.093333e+01	-1.398572e-01	3.699871e+00
5.096667e+01	-1.398163e-01	3.700047e+00
51	-1.398013e-01	3.700112e+00
5.103333e+01	-1.398131e-01	3.700061e+00
5.106667e+01	-1.398311e-01	3.699983e+00
5.110000e+01	-1.398384e-01	3.699952e+00
5.113333e+01	-1.398339e-01	3.699972e+00
5.116667e+01	-1.398260e-01	3.700005e+00
5.120000e+01	-1.398224e-01	3.700021e+00
5.123333e+01	-1.398242e-01	3.700013e+00
5.126667e+01	-1.398276e-01	3.699998e+00
5.130000e+01	-1.398293e-01	3.699991e+00
5.133333e+01	-1.398287e-01	3.699994e+00
5.136667e+01	-1.398272e-01	3.700000e+00
5.140000e+01	-1.398264e-01	3.700004e+00
5.143333e+01	-1.398266e-01	3.700003e+00
5.146667e+01	-1.398272e-01	3.700000e+00
5.150000e+01	-1.398276e-01	3.699998e+00
5.153333e+01	-1.398275e-01	3.699999e+00
5.156667e+01	-1.398273e-01	3.700000e+00
5.160000e+01	-1.398271e-01	3.700001e+00
5.163333e+01	-1.398271e-01	3.700001e+00
5.166667e+01	-1.398272e-01	3.700000e+00
5.170000e+01	-1.398273e-01	3.700000e+00
5.173333e+01	-1.398273e-01	3.700000e+00
5.176667e+01	-1.398273e-01	3.700000e+00
5.180000e+01	-1.398272e-01	3.700000e+00
5.183333e+01	-1.398272e-01	3.700000e+00
5.186667e+01	-1.398272e-01	3.700000e+00
5.190000e+01	-1.398273e-01	3.700000e+00
5.193333e+01	-1.398273e-01	3.700000e+00
5.196667e+01	-1.398272e-01	3.700000e+00
52	-1.400739e-01	3.698939e+00
5.203333e+01	-1.417133e-01	3.691887e+00
5.206667e+01	-1.464853e-01	3.671361e+00
5.210000e+01	-1.543993e-01	3.637319e+00
5.213333e+01	-1.625881e-01	3.602095e+00
5.216667e+01	-1.684520e-01	3.576872e+00
5.220000e+01	-1.728889e-01	3.557787e+00
5.223333e+01	-1.782515e-01	3.534720e+00
5.226667e+01	-1.843185e-01	3.508623e+00
5.230000e+01	-1.884820e-01	3.490714e+00
5.233333e+01	-1.891601e-01	3.487797e+00
5.236667e+01	-1.874408e-01	3.495192e+00
5.240000e+01	-1.856388e-01	3.502943e+00
5.243333e+01	-1.851567e-01	3.505017e+00
5.246667e+01	-1.857962e-01	3.502266e+00
5.250000e+01	-1.865767e-01	3.498909e+00
5.253333e+01	-1.868251e-01	3.497840e+00
5.256667e+01	-1.865720e-01	3.498929e+00
5.260000e+01	-1.862294e-01	3.500403e+00
5.263333e+01	-1.861055e-01	3.500936e+00
5.266667e+01	-1.862056e-01	3.500505e+00
5.270000e+01	-1.863416e-01	3.499920e+00
5.273333e+01	-1.862915e-01	3.500136e+00
5.276667e+01	-1.858610e-01	3.501988e+00
5.280000e+01	-1.849379e-01	3.505958e+00
5.283333e+01	-1.835841e-01	3.511782e+00
5.286667e+01	-1.820260e-01	3.518484e+00
5.290000e+01	-1.805016e-01	3.525041e+00
5.293333e+01	-1.791126e-01	3.531016e+00
5.296667e+01	-1.778144e-01	3.536600e+00
53	-1.765127e-01	3.542199e+00
5.303333e+01	-1.751573e-01	3.548029e+00
5.306667e+01	-1.737615e-01	3.554033e+00
5.310000e+01	-1.723648e-01	3.560041e+00
5.313333e+01	-1.709907e-01	3.565952e+00
5.316667e+01	-1.696348e-01	3.571784e+00
5.320000e+01	-1.682802e-01	3.577611e+00
5.323333e+01	-1.669162e-01	3.583478e+00
5.326667e+01	-1.653118e-01	3.590379e+00
5.330000e+01	-1.621634e-01	3.603922e+00
5.333333e+01	-1.547744e-01	3.635705e+00
5.336667e+01	-1.415799e-01	3.692461e+00
5.340000e+01	-1.256832e-01	3.760840e+00
5.343333e+01	-1.137228e-01	3.812287e+00
5.346667e+01	-1.102650e-01	3.827161e+00
5.350000e+01	-1.150719e-01	3.806484e+00
5.353333e+01	-1.258345e-01	3.760189e+00
5.356667e+01	-1.403787e-01	3.697628e+00
5.360000e+01	-1.552642e-01	3.633598e+00
5.363333e+01	-1.658628e-01	3.588009e+00
5.366667e+01	-1.705207e-01	3.567973e+00
5.370000e+01	-1.727637e-01	3.558325e+00
5.373333e+01	-1.770337e-01	3.539958e+00
5.376667e+01	-1.834496e-01	3.512360e+00
5.380000e+01	-1.884978e-01	3.490645e+00
5.383333e+01	-1.896697e-01	3.485605e+00
5.386667e+01	-1.878311e-01	3.493513e+00
5.390000e+01	-1.856517e-01	3.502888e+00
5.393333e+01	-1.849414e-01	3.505943e+00
5.396667e+01	-1.856191e-01	3.503028e+00
54	-1.863147e-01	3.500036e+00
5.403333e+01	-1.850294e-01	3.505565e+00
5.406667e+01	-1.799940e-01	3.527224e+00
5.410000e+01	-1.716684e-01	3.563037e+00
5.413333e+01	-1.635538e-01	3.597941e+00
5.416667e+01	-1.594309e-01	3.615675e+00
5.420000e+01	-1.599459e-01	3.613460e+00
5.423333e+01	-1.625803e-01	3.602129e+00
5.426667e+01	-1.644171e-01	3.594228e+00
5.430000e+01	-1.641532e-01	3.595363e+00
5.433333e+01	-1.614610e-01	3.606943e+00
5.436667e+01	-1.558710e-01	3.630988e+00
5.440000e+01	-1.479177e-01	3.665199e+00
5.443333e+01	-1.404154e-01	3.697470e+00
5.446667e+01	-1.365597e-01	3.714055e+00
5.450000e+01	-1.369317e-01	3.712455e+00
5.453333e+01	-1.392991e-01	3.702272e+00
5.456667e+01	-1.410078e-01	3.694922e+00
5.460000e+01	-1.407973e-01	3.695828e+00
5.463333e+01	-1.382211e-01	3.706909e+00
5.466667e+01	-1.329385e-01	3.729632e+00
5.470000e+01	-1.266055e-01	3.756873e+00
5.473333e+01	-1.238250e-01	3.768833e+00
5.476667e+01	-1.278547e-01	3.751499e+00
5.480000e+01	-1.361753e-01	3.715709e+00
5.483333e+01	-1.427888e-01	3.687261e+00
5.486667e+01	-1.441757e-01	3.681295e+00
5.490000e+01	-1.416585e-01	3.692123e+00
5.493333e+01	-1.388373e-01	3.704258e+00
5.496667e+01	-1.380128e-01	3.707805e+00
55	-1.389682e-01	3.703695e+00
5.503333e+01	-1.401937e-01	3.698424e+00
5.506667e+01	-1.406101e-01	3.696633e+00
5.510000e+01	-1.402323e-01	3.698258e+00
5.513333e+01	-1.396945e-01	3.700571e+00
5.516667e+01	-1.394886e-01	3.701457e+00
5.520000e+01	-1.396369e-01	3.700819e+00
5.523333e+01	-1.398727e-01	3.699804e+00
5.526667e+01	-1.399731e-01	3.699373e+00
5.530000e+01	-1.399160e-01	3.699618e+00
5.533333e+01	-1.398130e-01	3.700061e+00
5.536667e+01	-1.397647e-01	3.700269e+00
5.540000e+01	-1.397716e-01	3.700239e+00
5.543333e+01	-1.397055e-01	3.700524e+00
5.546667e+01	-1.393368e-01	3.702110e+00
5.550000e+01	-1.384719e-01	3.705830e+00
5.553333e+01	-1.371281e-01	3.711610e+00
5.556667e+01	-1.355444e-01	3.718422e+00
5.560000e+01	-1.339940e-01	3.725092e+00
5.563333e+01	-1.325992e-01	3.731091e+00
5.566667e+01	-1.313115e-01	3.736630e+00
5.570000e+01	-1.300215e-01	3.742179e+00
5.573333e+01	-1.286691e-01	3.747996e+00
5.576667e+01	-1.272691e-01	3.754019e+00
5.580000e+01	-1.258673e-01	3.760048e+00
5.583333e+01	-1.244915e-01	3.765966e+00
5.586667e+01	-1.231373e-01	3.771791e+00
5.590000e+01	-1.217851e-01	3.777608e+00
5.593333e+01	-1.204219e-01	3.783472e+00
5.596667e+01	-1.190634e-01	3.789315e+00
56	-1.178001e-01	3.794749e+00
5.603333e+01	-1.168220e-01	3.798956e+00
5.606667e+01	-1.163138e-01	3.801142e+00
5.610000e+01	-1.160269e-01	3.802376e+00
5.613333e+01	-1.145941e-01	3.808540e+00
5.616667e+01	-1.100068e-01	3.828272e+00
5.620000e+01	-1.021271e-01	3.862166e+00
5.623333e+01	-9.410968e-02	3.896652e+00
5.626667e+01	-8.980710e-02	3.915160e+00
5.630000e+01	-9.012408e-02	3.913796e+00
5.633333e+01	-9.270587e-02	3.902691e+00
5.636667e+01	-9.461537e-02	3.894477e+00
5.640000e+01	-9.468594e-02	3.894174e+00
5.643333e+01	-9.366024e-02	3.898586e+00
5.646667e+01	-9.281305e-02	3.902230e+00
5.650000e+01	-9.273500e-02	3.902565e+00
5.653333e+01	-9.316104e-02	3.900733e+00
5.656667e+01	-9.354153e-02	3.899096e+00
5.660000e+01	-9.359546e-02	3.898864e+00
5.663333e+01	-9.341825e-02	3.899627e+00
5.666667e+01	-9.300064e-02	3.901423e+00
5.670000e+01	-9.132891e-02	3.908614e+00
5.673333e+01	-8.663003e-02	3.928826e+00
5.676667e+01	-7.879253e-02	3.962538e+00
5.680000e+01	-7.086846e-02	3.996624e+00
5.683333e+01	-6.661395e-02	4.014924e+00
5.686667e+01	-6.691505e-02	4.013629e+00
5.690000e+01	-6.945683e-02	4.002696e+00
5.693333e+01	-7.134408e-02	3.994578e+00
5.696667e+01	-7.142025e-02	3.994250e+00
57	-7.041183e-02	3.998588e+00
5.703333e+01	-6.957501e-02	4.002187e+00
5.706667e+01	-6.924847e-02	4.003592e+00
5.710000e+01	-6.802778e-02	4.008843e+00
5.713333e+01	-6.363141e-02	4.027753e+00
5.716667e+01	-5.577187e-02	4.061561e+00
5.720000e+01	-4.765572e-02	4.096472e+00
5.723333e+01	-4.326247e-02	4.115370e+00
5.726667e+01	-4.356512e-02	4.114068e+00
5.730000e+01	-4.618827e-02	4.102784e+00
5.733333e+01	-4.813884e-02	4.094394e+00
5.736667e+01	-4.821792e-02	4.094054e+00
5.740000e+01	-4.717522e-02	4.098539e+00
5.743333e+01	-4.630969e-02	4.102262e+00
5.746667e+01	-4.622699e-02	4.102618e+00
5.750000e+01	-4.665996e-02	4.100756e+00
5.753333e+01	-4.704860e-02	4.099084e+00
5.756667e+01	-4.710496e-02	4.098841e+00
5.760000e+01	-4.692495e-02	4.099616e+00
5.763333e+01	-4.675044e-02	4.100366e+00
5.766667e+01	-4.671680e-02	4.100511e+00
5.770000e+01	-4.679108e-02	4.100191e+00
5.773333e+01	-4.686912e-02	4.099856e+00
5.776667e+01	-4.688776e-02	4.099776e+00
5.780000e+01	-4.661068e-02	4.100967e+00
5.783333e+01	-4.493662e-02	4.108168e+00
5.786667e+01	-4.015472e-02	4.128738e+00
5.790000e+01	-3.225306e-02	4.162726e+00
5.793333e+01	-2.432636e-02	4.196823e+00
5.796667e+01	-2.035354e-02	4.213912e+00
58	-2.256978e-02	4.204378e+00
5.803333e+01	-3.152568e-02	4.165855e+00
5.806667e+01	-4.608430e-02	4.103232e+00
5.810000e+01	-6.201636e-02	4.034701e+00
5.813333e+01	-7.327195e-02	3.986285e+00
5.816667e+01	-7.668107e-02	3.971621e+00
5.820000e+01	-7.448762e-02	3.981056e+00
5.823333e+01	-7.166589e-02	3.993193e+00
5.826667e+01	-7.151015e-02	3.993863e+00
5.830000e+01	-7.390383e-02	3.983567e+00
5.833333e+01	-7.682980e-02	3.970981e+00
5.836667e+01	-7.872396e-02	3.962833e+00
5.840000e+01	-7.949823e-02	3.959503e+00
5.843333e+01	-7.998237e-02	3.957420e+00
5.846667e+01	-8.088273e-02	3.953548e+00
5.850000e+01	-8.227842e-02	3.947544e+00
5.853333e+01	-8.382435e-02	3.940894e+00
5.856667e+01	-8.520271e-02	3.934965e+00
5.860000e+01	-8.636212e-02	3.929978e+00
5.863333e+01	-8.744566e-02	3.925317e+00
5.866667e+01	-8.859584e-02	3.920370e+00
5.870000e+01	-8.982944e-02	3.915064e+00
5.873333e+01	-9.101430e-02	3.909967e+00
5.876667e+01	-9.168821e-02	3.907068e+00
5.880000e+01	-9.058401e-02	3.911818e+00
5.883333e+01	-8.607568e-02	3.931210e+00
5.886667e+01	-7.837846e-02	3.964320e+00
5.890000e+01	-7.069067e-02	3.997388e+00
5.893333e+01	-6.666781e-02	4.014693e+00
5.896667e+01	-6.705963e-02	4.013007e+00
59	-6.979288e-02	4.001250e+00
5.903333e+01	-7.322065e-02	3.986506e+00
5.906667e+01	-7.802013e-02	3.965861e+00
5.910000e+01	-8.518998e-02	3.935020e+00
5.913333e+01	-9.397654e-02	3.897225e+00
5.916667e+01	-1.029163e-01	3.858771e+00
5.920000e+01	-1.109078e-01	3.824396e+00
5.923333e+01	-1.169030e-01	3.798608e+00
5.926667e+01	-1.209354e-01	3.781263e+00
5.930000e+01	-1.251391e-01	3.763180e+00
5.933333e+01	-1.313541e-01	3.736447e+00
5.936667e+01	-1.382255e-01	3.706890e+00
5.940000e+01	-1.425335e-01	3.688359e+00
5.943333e+01	-1.428627e-01	3.686943e+00
5.946667e+01	-1.410320e-01	3.694818e+00
5.950000e+01	-1.407886e-01	3.695865e+00
5.953333e+01	-1.452216e-01	3.676797e+00
5.956667e+01	-1.539345e-01	3.639318e+00
5.960000e+01	-1.624535e-01	3.602674e+00
5.963333e+01	-1.652291e-01	3.590735e+00
5.966667e+01	-1.597980e-01	3.614097e+00
5.970000e+01	-1.489679e-01	3.660682e+00
5.973333e+01	-1.390501e-01	3.703343e+00
5.976667e+01	-1.348959e-01	3.721212e+00
5.980000e+01	-1.361593e-01	3.715778e+00
5.983333e+01	-1.379549e-01	3.708054e+00
5.986667e+01	-1.350785e-01	3.720427e+00
5.990000e+01	-1.267331e-01	3.756324e+00
5.993333e+01	-1.173781e-01	3.796564e+00
5.996667e+01	-1.122909e-01	3.818447e+00
60	-1.130062e-01	3.815370e+00
6.003333e+01	-1.175519e-01	3.795817e+00
6.006667e+01	-1.229566e-01	3.772568e+00
6.010000e+01	-1.261249e-01	3.758940e+00
6.013333e+01	-1.251299e-01	3.763220e+00
6.016667e+01	-1.220374e-01	3.776522e+00
6.020000e+01	-1.221810e-01	3.775905e+00
6.023333e+01	-1.281620e-01	3.750178e+00
6.026667e+01	-1.355980e-01	3.718192e+00
6.030000e+01	-1.369189e-01	3.712510e+00
6.033333e+01	-1.295230e-01	3.744323e+00
6.036667e+01	-1.186425e-01	3.791126e+00
6.040000e+01	-1.117495e-01	3.820776e+00
6.043333e+01	-1.116209e-01	3.821328e+00
6.046667e+01	-1.153251e-01	3.805395e+00
6.050000e+01	-1.186210e-01	3.791218e+00
6.053333e+01	-1.205837e-01	3.782776e+00
6.056667e+01	-1.238728e-01	3.768627e+00
6.060000e+01	-1.304336e-01	3.740406e+00
6.063333e+01	-1.381628e-01	3.707160e+00
6.066667e+01	-1.429992e-01	3.686356e+00
6.070000e+01	-1.432690e-01	3.685195e+00
6.073333e+01	-1.410881e-01	3.694577e+00
6.076667e+01	-1.406003e-01	3.696675e+00
6.080000e+01	-1.450412e-01	3.677572e+00
6.083333e+01	-1.539009e-01	3.639463e+00
6.086667e+01	-1.627778e-01	3.601279e+00
6.090000e+01	-1.671957e-01	3.582276e+00
6.093333e+01	-1.664748e-01	3.585377e+00
6.096667e+01	-1.635082e-01	3.598137e+00
61	-1.612817e-01	3.607715e+00
6.103333e+01	-1.597386e-01	3.614352e+00
6.106667e+01	-1.561644e-01	3.629727e+00
6.110000e+01	-1.491370e-01	3.659954e+00
6.113333e+01	-1.412046e-01	3.694075e+00
6.116667e+01	-1.364773e-01	3.714410e+00
6.120000e+01	-1.364110e-01	3.714695e+00
6.123333e+01	-1.389361e-01	3.703833e+00
6.126667e+01	-1.410224e-01	3.694859e+00
6.130000e+01	-1.412652e-01	3.693815e+00
6.133333e+01	-1.400265e-01	3.699143e+00
6.136667e+01	-1.374670e-01	3.710152e+00
6.140000e+01	-1.325399e-01	3.731346e+00
6.143333e+01	-1.250334e-01	3.763635e+00
6.146667e+01	-1.175016e-01	3.796033e+00
6.150000e+01	-1.133653e-01	3.813825e+00
6.153333e+01	-1.135330e-01	3.813104e+00
6.156667e+01	-1.159014e-01	3.802916e+00
6.160000e+01	-1.177289e-01	3.795055e+00
6.163333e+01	-1.178581e-01	3.794499e+00
6.166667e+01	-1.169261e-01	3.798508e+00
6.170000e+01	-1.161189e-01	3.801981e+00
6.173333e+01	-1.160182e-01	3.802414e+00
6.176667e+01	-1.164034e-01	3.800757e+00
6.180000e+01	-1.167646e-01	3.799203e+00
6.183333e+01	-1.168270e-01	3.798935e+00
6.186667e+01	-1.166676e-01	3.799620e+00
6.190000e+01	-1.167525e-01	3.799255e+00
6.193333e+01	-1.183564e-01	3.792356e+00
6.196667e+01	-1.231939e-01	3.771548e+00
62	-1.311800e-01	3.737196e+00
6.203333e+01	-1.393879e-01	3.701890e+00
6.206667e+01	-1.452252e-01	3.676781e+00
6.210000e+01	-1.496300e-01	3.657834e+00
6.213333e+01	-1.549828e-01	3.634809e+00
6.216667e+01	-1.610604e-01	3.608666e+00
6.220000e+01	-1.652381e-01	3.590696e+00
6.223333e+01	-1.659213e-01	3.587758e+00
6.226667e+01	-1.641976e-01	3.595172e+00
6.230000e+01	-1.623895e-01	3.602950e+00
6.233333e+01	-1.619048e-01	3.605034e+00
6.236667e+01	-1.622994e-01	3.603337e+00
6.240000e+01	-1.614432e-01	3.607020e+00
6.243333e+01	-1.569208e-01	3.626473e+00
6.246667e+01	-1.487531e-01	3.661606e+00
6.250000e+01	-1.404673e-01	3.697247e+00
6.253333e+01	-1.361182e-01	3.715954e+00
6.256667e+01	-1.365537e-01	3.714081e+00
6.260000e+01	-1.392725e-01	3.702386e+00
6.263333e+01	-1.413345e-01	3.693517e+00
6.266667e+01	-1.418004e-01	3.691513e+00
6.270000e+01	-1.416925e-01	3.691977e+00
6.273333e+01	-1.423318e-01	3.689227e+00
6.276667e+01	-1.440561e-01	3.681810e+00
6.280000e+01	-1.462662e-01	3.672303e+00
6.283333e+01	-1.482443e-01	3.663795e+00
6.286667e+01	-1.497554e-01	3.657294e+00
6.290000e+01	-1.510287e-01	3.651817e+00
6.293333e+01	-1.523827e-01	3.645993e+00
6.296667e+01	-1.539375e-01	3.639305e+00
63	-1.556043e-01	3.632136e+00
6.303333e+01	-1.572435e-01	3.625085e+00
6.306667e+01	-1.587963e-01	3.618405e+00
6.310000e+01	-1.602804e-01	3.612022e+00
6.313333e+01	-1.616639e-01	3.606070e+00
6.316667e+01	-1.625197e-01	3.602389e+00
6.320000e+01	-1.614794e-01	3.606864e+00
6.323333e+01	-1.567746e-01	3.627101e+00
6.326667e+01	-1.486305e-01	3.662133e+00
6.330000e+01	-1.404694e-01	3.697238e+00
6.333333e+01	-1.361963e-01	3.715618e+00
6.336667e+01	-1.366147e-01	3.713819e+00
6.340000e+01	-1.395050e-01	3.701386e+00
6.343333e+01	-1.430444e-01	3.686162e+00
6.346667e+01	-1.478442e-01	3.665516e+00
6.350000e+01	-1.547042e-01	3.636007e+00
6.353333e+01	-1.618017e-01	3.605478e+00
6.356667e+01	-1.659665e-01	3.587563e+00
6.360000e+01	-1.660704e-01	3.587116e+00
6.363333e+01	-1.641459e-01	3.595394e+00
6.366667e+01	-1.639562e-01	3.596210e+00
6.370000e+01	-1.684841e-01	3.576734e+00
6.373333e+01	-1.772402e-01	3.539069e+00
6.376667e+01	-1.859852e-01	3.501453e+00
6.380000e+01	-1.903297e-01	3.482765e+00
6.383333e+01	-1.894283e-01	3.486643e+00
6.386667e+01	-1.857366e-01	3.502523e+00
6.390000e+01	-1.820645e-01	3.518318e+00
6.393333e+01	-1.794957e-01	3.529368e+00
6.396667e+01	-1.775223e-01	3.537856e+00
64	-1.752918e-01	3.547451e+00
6.403333e+01	-1.725016e-01	3.559452e+00
6.406667e+01	-1.694245e-01	3.572688e+00
6.410000e+01	-1.664498e-01	3.585484e+00
6.413333e+01	-1.637237e-01	3.597210e+00
6.416667e+01	-1.611347e-01	3.608347e+00
6.420000e+01	-1.585098e-01	3.619638e+00
6.423333e+01	-1.557775e-01	3.631391e+00
6.426667e+01	-1.529808e-01	3.643420e+00
6.430000e+01	-1.501956e-01	3.655401e+00
6.433333e+01	-1.474566e-01	3.667183e+00
6.436667e+01	-1.447764e-01	3.678711e+00
6.440000e+01	-1.422859e-01	3.689424e+00
6.443333e+01	-1.403371e-01	3.697807e+00
6.446667e+01	-1.393057e-01	3.702243e+00
6.450000e+01	-1.392092e-01	3.702659e+00
6.453333e+01	-1.396180e-01	3.700900e+00
6.456667e+01	-1.399937e-01	3.699284e+00
6.460000e+01	-1.403161e-01	3.697897e+00
6.463333e+01	-1.418069e-01	3.691485e+00
6.466667e+01	-1.466672e-01	3.670578e+00
6.470000e+01	-1.561809e-01	3.629655e+00
6.473333e+01	-1.689549e-01	3.574708e+00
6.476667e+01	-1.811632e-01	3.522195e+00
6.480000e+01	-1.887905e-01	3.489386e+00
6.483333e+01	-1.906862e-01	3.481232e+00
6.486667e+01	-1.900844e-01	3.483821e+00
6.490000e+01	-1.922337e-01	3.474576e+00
6.493333e+01	-1.992955e-01	3.444199e+00
6.496667e+01	-2.080221e-01	3.406662e+00
65	-2.133383e-01	3.383795e+00
6.503333e+01	-2.134103e-01	3.383485e+00
6.506667e+01	-2.103057e-01	3.396840e+00
6.510000e+01	-2.063162e-01	3.414000e+00
6.513333e+01	-2.012860e-01	3.435638e+00
6.516667e+01	-1.945044e-01	3.464808e+00
6.520000e+01	-1.876019e-01	3.494499e+00
6.523333e+01	-1.835455e-01	3.511947e+00
6.526667e+01	-1.834145e-01	3.512511e+00
6.530000e+01	-1.855017e-01	3.503533e+00
6.533333e+01	-1.872800e-01	3.495884e+00
6.536667e+01	-1.875329e-01	3.494796e+00
6.540000e+01	-1.867267e-01	3.498264e+00
6.543333e+01	-1.859473e-01	3.501616e+00
6.546667e+01	-1.857960e-01	3.502267e+00
6.550000e+01	-1.861250e-01	3.500852e+00
6.553333e+01	-1.864713e-01	3.499363e+00
6.556667e+01	-1.865543e-01	3.499005e+00
6.560000e+01	-1.864198e-01	3.499584e+00
6.563333e+01	-1.862658e-01	3.500247e+00
6.566667e+01	-1.862220e-01	3.500435e+00
6.570000e+01	-1.862764e-01	3.500201e+00
6.573333e+01	-1.863447e-01	3.499907e+00
6.576667e+01	-1.863671e-01	3.499811e+00
6.580000e+01	-1.863453e-01	3.499904e+00
6.583333e+01	-1.863152e-01	3.500034e+00
6.586667e+01	-1.863040e-01	3.500082e+00
6.590000e+01	-1.863126e-01	3.500045e+00
6.593333e+01	-1.863258e-01	3.499988e+00
6.596667e+01	-1.863313e-01	3.499965e+00
66	-1.863280e-01	3.499979e+00
6.603333e+01	-1.863222e-01	3.500004e+00
6.606667e+01	-1.863050e-01	3.500078e+00
6.610000e+01	-1.861953e-01	3.500549e+00
6.613333e+01	-1.858062e-01	3.502223e+00
6.616667e+01	-1.849503e-01	3.505905e+00
6.620000e+01	-1.836255e-01	3.511604e+00
6.623333e+01	-1.820515e-01	3.518374e+00
6.626667e+01	-1.804978e-01	3.525057e+00
6.630000e+01	-1.790949e-01	3.531092e+00
6.633333e+01	-1.778026e-01	3.536651e+00
6.636667e+01	-1.765137e-01	3.542195e+00
6.640000e+01	-1.751648e-01	3.547997e+00
6.643333e+01	-1.737669e-01	3.554010e+00
6.646667e+01	-1.723647e-01	3.560041e+00
6.650000e+01	-1.709875e-01	3.565965e+00
6.653333e+01	-1.696323e-01	3.571795e+00
6.656667e+01	-1.682801e-01	3.577611e+00
6.660000e+01	-1.669176e-01	3.583472e+00
6.663333e+01	-1.653129e-01	3.590374e+00
6.666667e+01	-1.624102e-01	3.602860e+00
6.670000e+01	-1.566598e-01	3.627595e+00
6.673333e+01	-1.479908e-01	3.664885e+00
6.676667e+01	-1.383692e-01	3.706272e+00
6.680000e+01	-1.295791e-01	3.744082e+00
6.683333e+01	-1.221852e-01	3.775887e+00
6.686667e+01	-1.170754e-01	3.797866e+00
6.690000e+01	-1.162899e-01	3.801245e+00
6.693333e+01	-1.216268e-01	3.778288e+00
6.696667e+01	-1.326999e-01	3.730658e+00
67	-1.464877e-01	3.671350e+00
6.703333e+01	-1.586485e-01	3.619041e+00
6.706667e+01	-1.659194e-01	3.587765e+00
6.710000e+01	-1.687614e-01	3.575541e+00
6.713333e+01	-1.712863e-01	3.564680e+00
6.716667e+01	-1.768288e-01	3.540839e+00
6.720000e+01	-1.841198e-01	3.509477e+00
6.723333e+01	-1.891423e-01	3.487873e+00
6.726667e+01	-1.900400e-01	3.484012e+00
6.730000e+01	-1.894441e-01	3.486575e+00
6.733333e+01	-1.920237e-01	3.475479e+00
6.736667e+01	-1.994456e-01	3.443554e+00
6.740000e+01	-2.082449e-01	3.405704e+00
6.743333e+01	-2.134274e-01	3.383412e+00
6.746667e+01	-2.133548e-01	3.383724e+00
6.750000e+01	-2.104590e-01	3.396180e+00
6.753333e+01	-2.081611e-01	3.406065e+00
6.756667e+01	-2.079656e-01	3.406905e+00
6.760000e+01	-2.091171e-01	3.401952e+00
6.763333e+01	-2.101356e-01	3.397571e+00
6.766667e+01	-2.102762e-01	3.396967e+00
6.770000e+01	-2.098004e-01	3.399013e+00
6.773333e+01	-2.093446e-01	3.400974e+00
6.776667e+01	-2.092600e-01	3.401338e+00
6.780000e+01	-2.094565e-01	3.400492e+00
6.783333e+01	-2.094137e-01	3.400677e+00
6.786667e+01	-2.078216e-01	3.407525e+00
6.790000e+01	-2.029691e-01	3.428398e+00
6.793333e+01	-1.949643e-01	3.462830e+00
6.796667e+01	-1.869971e-01	3.497101e+00
68	-1.830519e-01	3.514071e+00
6.803333e+01	-1.848199e-01	3.506466e+00
6.806667e+01	-1.905169e-01	3.481961e+00
6.810000e+01	-1.957675e-01	3.459375e+00
6.813333e+01	-1.974783e-01	3.452016e+00
6.816667e+01	-1.972663e-01	3.452928e+00
6.820000e+01	-1.981544e-01	3.449108e+00
6.823333e+01	-1.990429e-01	3.445286e+00
6.826667e+01	-1.964540e-01	3.456422e+00
6.830000e+01	-1.903625e-01	3.482624e+00
6.833333e+01	-1.847091e-01	3.506942e+00
6.836667e+01	-1.828110e-01	3.515107e+00
6.840000e+01	-1.843753e-01	3.508378e+00
6.843333e+01	-1.867398e-01	3.498208e+00
6.846667e+01	-1.877532e-01	3.493848e+00
6.850000e+01	-1.869635e-01	3.497245e+00
6.853333e+01	-1.843147e-01	3.508639e+00
6.856667e+01	-1.790584e-01	3.531249e+00
6.860000e+01	-1.713440e-01	3.564432e+00
6.863333e+01	-1.638383e-01	3.596718e+00
6.866667e+01	-1.598426e-01	3.613905e+00
6.870000e+01	-1.601062e-01	3.612771e+00
6.873333e+01	-1.624689e-01	3.602608e+00
6.876667e+01	-1.642366e-01	3.595004e+00
6.880000e+01	-1.643219e-01	3.594637e+00
6.883333e+01	-1.633897e-01	3.598647e+00
6.886667e+01	-1.626078e-01	3.602010e+00
6.890000e+01	-1.625272e-01	3.602357e+00
6.893333e+01	-1.629135e-01	3.600695e+00
6.896667e+01	-1.632642e-01	3.599187e+00
69	-1.633175e-01	3.598958e+00
6.903333e+01	-1.631571e-01	3.599648e+00
6.906667e+01	-1.629997e-01	3.600324e+00
6.910000e+01	-1.629683e-01	3.600459e+00
6.913333e+01	-1.630345e-01	3.600175e+00
6.916667e+01	-1.631048e-01	3.599873e+00
6.920000e+01	-1.631220e-01	3.599798e+00
6.923333e+01	-1.630950e-01	3.599915e+00
6.926667e+01	-1.630637e-01	3.600049e+00
6.930000e+01	-1.630547e-01	3.600088e+00
6.933333e+01	-1.630656e-01	3.600041e+00
6.936667e+01	-1.630794e-01	3.599982e+00
6.940000e+01	-1.630841e-01	3.599962e+00
6.943333e+01	-1.630797e-01	3.599980e+00
6.946667e+01	-1.630736e-01	3.600007e+00
6.950000e+01	-1.630489e-01	3.600113e+00
6.953333e+01	-1.628791e-01	3.600843e+00
6.956667e+01	-1.622765e-01	3.603435e+00
6.960000e+01	-1.609529e-01	3.609129e+00
6.963333e+01	-1.589055e-01	3.617936e+00
6.966667e+01	-1.564736e-01	3.628396e+00
6.970000e+01	-1.540727e-01	3.638724e+00
6.973333e+01	-1.519046e-01	3.648050e+00
6.976667e+01	-1.499072e-01	3.656642e+00
6.980000e+01	-1.479151e-01	3.665211e+00
6.983333e+01	-1.458305e-01	3.674177e+00
6.986667e+01	-1.436701e-01	3.683470e+00
6.990000e+01	-1.415032e-01	3.692791e+00
6.993333e+01	-1.393748e-01	3.701946e+00
6.996667e+01	-1.372804e-01	3.710955e+00
70	-1.351906e-01	3.719944e+00
7.003333e+01	-1.330848e-01	3.729002e+00
7.006667e+01	-1.309637e-01	3.738126e+00
7.010000e+01	-1.288399e-01	3.747262e+00
7.013333e+01	-1.267226e-01	3.756369e+00
7.016667e+01	-1.246121e-01	3.765447e+00
7.020000e+01	-1.225033e-01	3.774518e+00
7.023333e+01	-1.204141e-01	3.783505e+00
7.026667e+01	-1.184710e-01	3.791863e+00
7.030000e+01	-1.169608e-01	3.798359e+00
7.033333e+01	-1.161712e-01	3.801756e+00
7.036667e+01	-1.161049e-01	3.802041e+00
7.040000e+01	-1.164231e-01	3.800672e+00
7.043333e+01	-1.167104e-01	3.799436e+00
7.046667e+01	-1.170119e-01	3.798139e+00
7.050000e+01	-1.187820e-01	3.790525e+00
7.053333e+01	-1.250721e-01	3.763469e+00
7.056667e+01	-1.379759e-01	3.707963e+00
7.060000e+01	-1.555181e-01	3.632506e+00
7.063333e+01	-1.727570e-01	3.558354e+00
7.066667e+01	-1.862147e-01	3.500466e+00
7.070000e+01	-1.962701e-01	3.457213e+00
7.073333e+01	-2.055978e-01	3.417091e+00
7.076667e+01	-2.160329e-01	3.372204e+00
7.080000e+01	-2.265800e-01	3.326837e+00
7.083333e+01	-2.341675e-01	3.294199e+00
7.086667e+01	-2.366886e-01	3.283354e+00
7.090000e+01	-2.351408e-01	3.290012e+00
7.093333e+01	-2.325609e-01	3.301110e+00
7.096667e+01	-2.313452e-01	3.306339e+00
71	-2.318199e-01	3.304297e+00
7.103333e+01	-2.328778e-01	3.299746e+00
7.106667e+01	-2.334373e-01	3.297340e+00
7.110000e+01	-2.332703e-01	3.298058e+00
7.113333e+01	-2.328173e-01	3.300007e+00
7.116667e+01	-2.325569e-01	3.301127e+00
7.120000e+01	-2.326133e-01	3.300884e+00
7.123333e+01	-2.328082e-01	3.300046e+00
7.126667e+01	-2.329292e-01	3.299526e+00
7.130000e+01	-2.329121e-01	3.299599e+00
7.133333e+01	-2.328287e-01	3.299958e+00
7.136667e+01	-2.327728e-01	3.300198e+00
7.140000e+01	-2.327768e-01	3.300181e+00
7.143333e+01	-2.328124e-01	3.300028e+00
7.146667e+01	-2.328380e-01	3.299918e+00
7.150000e+01	-2.328378e-01	3.299919e+00
7.153333e+01	-2.325760e-01	3.301045e+00
7.156667e+01	-2.309250e-01	3.308147e+00
7.160000e+01	-2.261524e-01	3.328676e+00
7.163333e+01	-2.182448e-01	3.362690e+00
7.166667e+01	-2.103080e-01	3.396830e+00
7.170000e+01	-2.060840e-01	3.414999e+00
7.173333e+01	-2.064164e-01	3.413569e+00
7.176667e+01	-2.089654e-01	3.402605e+00
7.180000e+01	-2.105934e-01	3.395602e+00
7.183333e+01	-2.090163e-01	3.402386e+00
7.186667e+01	-2.032320e-01	3.427267e+00
7.190000e+01	-1.944863e-01	3.464886e+00
7.193333e+01	-1.864706e-01	3.499366e+00
7.196667e+01	-1.824199e-01	3.516789e+00
72	-1.814894e-01	3.520792e+00
7.203333e+01	-1.793203e-01	3.530122e+00
7.206667e+01	-1.731065e-01	3.556851e+00
7.210000e+01	-1.653043e-01	3.590412e+00
7.213333e+01	-1.616744e-01	3.606025e+00
7.216667e+01	-1.660220e-01	3.587324e+00
7.220000e+01	-1.764892e-01	3.542300e+00
7.223333e+01	-1.867450e-01	3.498185e+00
7.226667e+01	-1.913747e-01	3.478270e+00
7.230000e+01	-1.900443e-01	3.483993e+00
7.233333e+01	-1.864765e-01	3.499340e+00
7.236667e+01	-1.843722e-01	3.508391e+00
7.240000e+01	-1.847159e-01	3.506913e+00
7.243333e+01	-1.864268e-01	3.499554e+00
7.246667e+01	-1.890199e-01	3.488400e+00
7.250000e+01	-1.937008e-01	3.468265e+00
7.253333e+01	-2.009937e-01	3.436895e+00
7.256667e+01	-2.084993e-01	3.404610e+00
7.260000e+01	-2.127383e-01	3.386376e+00
7.263333e+01	-2.126668e-01	3.386683e+00
7.266667e+01	-2.103150e-01	3.396800e+00
7.270000e+01	-2.084449e-01	3.404844e+00
7.273333e+01	-2.082726e-01	3.405585e+00
7.276667e+01	-2.091952e-01	3.401616e+00
7.280000e+01	-2.100199e-01	3.398069e+00
7.283333e+01	-2.101397e-01	3.397554e+00
7.286667e+01	-2.097597e-01	3.399188e+00
7.290000e+01	-2.093913e-01	3.400773e+00
7.293333e+01	-2.093204e-01	3.401078e+00
7.296667e+01	-2.094772e-01	3.400404e+00
73	-2.096418e-01	3.399695e+00
7.303333e+01	-2.096810e-01	3.399527e+00
7.306667e+01	-2.096169e-01	3.399803e+00
7.310000e+01	-2.095436e-01	3.400118e+00
7.313333e+01	-2.095229e-01	3.400207e+00
7.316667e+01	-2.095488e-01	3.400095e+00
7.320000e+01	-2.095578e-01	3.400057e+00
7.323333e+01	-2.093888e-01	3.400784e+00
7.326667e+01	-2.087443e-01	3.403556e+00
7.330000e+01	-2.073422e-01	3.409587e+00
7.333333e+01	-2.051927e-01	3.418833e+00
7.336667e+01	-2.026502e-01	3.429769e+00
7.340000e+01	-2.001419e-01	3.440559e+00
7.343333e+01	-1.978729e-01	3.450319e+00
7.346667e+01	-1.957782e-01	3.459329e+00
7.350000e+01	-1.936882e-01	3.468319e+00
7.353333e+01	-1.915032e-01	3.477718e+00
7.356667e+01	-1.892408e-01	3.487449e+00
7.360000e+01	-1.869721e-01	3.497208e+00
7.363333e+01	-1.847428e-01	3.506797e+00
7.366667e+01	-1.825484e-01	3.516237e+00
7.370000e+01	-1.803585e-01	3.525656e+00
7.373333e+01	-1.781522e-01	3.535147e+00
7.376667e+01	-1.759302e-01	3.544704e+00
7.380000e+01	-1.737054e-01	3.554274e+00
7.383333e+01	-1.714875e-01	3.563815e+00
7.386667e+01	-1.692765e-01	3.573325e+00
7.390000e+01	-1.670906e-01	3.582728e+00
7.393333e+01	-1.650580e-01	3.591471e+00
7.396667e+01	-1.634769e-01	3.598272e+00
74	-1.626485e-01	3.601835e+00
7.403333e+01	-1.625777e-01	3.602140e+00
7.406667e+01	-1.631573e-01	3.599647e+00
7.410000e+01	-1.650981e-01	3.591298e+00
7.413333e+01	-1.699281e-01	3.570522e+00
7.416667e+01	-1.779676e-01	3.535941e+00
7.420000e+01	-1.874218e-01	3.495274e+00
7.423333e+01	-1.966345e-01	3.455646e+00
7.426667e+01	-2.059016e-01	3.415784e+00
7.430000e+01	-2.161205e-01	3.371828e+00
7.433333e+01	-2.263997e-01	3.327612e+00
7.436667e+01	-2.339257e-01	3.295239e+00
7.440000e+01	-2.365875e-01	3.283790e+00
7.443333e+01	-2.352011e-01	3.289753e+00
7.446667e+01	-2.326698e-01	3.300641e+00
7.450000e+01	-2.313979e-01	3.306112e+00
7.453333e+01	-2.317990e-01	3.304387e+00
7.456667e+01	-2.328309e-01	3.299948e+00
7.460000e+01	-2.334122e-01	3.297448e+00
7.463333e+01	-2.332776e-01	3.298027e+00
7.466667e+01	-2.328375e-01	3.299920e+00
7.470000e+01	-2.325687e-01	3.301076e+00
7.473333e+01	-2.326109e-01	3.300895e+00
7.476667e+01	-2.327995e-01	3.300084e+00
7.480000e+01	-2.329237e-01	3.299549e+00
7.483333e+01	-2.329128e-01	3.299596e+00
7.486667e+01	-2.328324e-01	3.299942e+00
7.490000e+01	-2.327753e-01	3.300188e+00
7.493333e+01	-2.327767e-01	3.300182e+00
7.496667e+01	-2.328108e-01	3.300035e+00
75	-2.328369e-01	3.299923e+00
7.503333e+01	-2.325911e-01	3.300980e+00
7.506667e+01	-2.309374e-01	3.308093e+00
7.510000e+01	-2.261535e-01	3.328671e+00
7.513333e+01	-2.182385e-01	3.362717e+00
7.516667e+01	-2.103024e-01	3.396854e+00
7.520000e+01	-2.060832e-01	3.415003e+00
7.523333e+01	-2.064191e-01	3.413558e+00
7.526667e+01	-2.089679e-01	3.402594e+00
7.530000e+01	-2.108406e-01	3.394539e+00
7.533333e+01	-2.109012e-01	3.394278e+00
7.536667e+01	-2.098890e-01	3.398632e+00
7.540000e+01	-2.090581e-01	3.402206e+00
7.543333e+01	-2.089851e-01	3.402520e+00
7.546667e+01	-2.094058e-01	3.400711e+00
7.550000e+01	-2.097791e-01	3.399105e+00
7.553333e+01	-2.098304e-01	3.398884e+00
7.556667e+01	-2.096319e-01	3.399738e+00
7.560000e+01	-2.092845e-01	3.401232e+00
7.563333e+01	-2.086193e-01	3.404094e+00
7.566667e+01	-2.073038e-01	3.409752e+00
7.570000e+01	-2.052346e-01	3.418653e+00
7.573333e+01	-2.027055e-01	3.429532e+00
7.576667e+01	-2.001613e-01	3.440476e+00
7.580000e+01	-1.978562e-01	3.450391e+00
7.583333e+01	-1.957539e-01	3.459434e+00
7.586667e+01	-1.936787e-01	3.468360e+00
7.590000e+01	-1.915097e-01	3.477690e+00
7.593333e+01	-1.892515e-01	3.487403e+00
7.596667e+01	-1.869767e-01	3.497188e+00
76	-1.847403e-01	3.506808e+00
7.603333e+01	-1.825437e-01	3.516257e+00
7.606667e+01	-1.803563e-01	3.525666e+00
7.610000e+01	-1.781531e-01	3.535143e+00
7.613333e+01	-1.759322e-01	3.544696e+00
7.616667e+01	-1.737065e-01	3.554270e+00
7.620000e+01	-1.715106e-01	3.563715e+00
7.623333e+01	-1.694552e-01	3.572556e+00
7.626667e+01	-1.677007e-01	3.580103e+00
7.630000e+01	-1.660196e-01	3.587334e+00
7.633333e+01	-1.631013e-01	3.599888e+00
7.636667e+01	-1.571494e-01	3.625489e+00
7.640000e+01	-1.483761e-01	3.663228e+00
7.643333e+01	-1.403681e-01	3.697673e+00
7.646667e+01	-1.379377e-01	3.708128e+00
7.650000e+01	-1.435869e-01	3.683828e+00
7.653333e+01	-1.558454e-01	3.631098e+00
7.656667e+01	-1.703925e-01	3.568525e+00
7.660000e+01	-1.824720e-01	3.516565e+00
7.663333e+01	-1.889952e-01	3.488506e+00
7.666667e+01	-1.900967e-01	3.483768e+00
7.670000e+01	-1.895036e-01	3.486319e+00
7.673333e+01	-1.921168e-01	3.475079e+00
7.676667e+01	-1.995388e-01	3.443153e+00
7.680000e+01	-2.082814e-01	3.405547e+00
7.683333e+01	-2.134023e-01	3.383520e+00
7.686667e+01	-2.133109e-01	3.383913e+00
7.690000e+01	-2.104371e-01	3.396275e+00
7.693333e+01	-2.081686e-01	3.406032e+00
7.696667e+01	-2.079842e-01	3.406825e+00
77	-2.091275e-01	3.401908e+00
7.703333e+01	-2.101332e-01	3.397582e+00
7.706667e+01	-2.102682e-01	3.397001e+00
7.710000e+01	-2.095489e-01	3.400095e+00
7.713333e+01	-2.074594e-01	3.409083e+00
7.716667e+01	-2.026053e-01	3.429962e+00
7.720000e+01	-1.948867e-01	3.463164e+00
7.723333e+01	-1.871460e-01	3.496460e+00
7.726667e+01	-1.829675e-01	3.514434e+00
7.730000e+01	-1.832226e-01	3.513337e+00
7.733333e+01	-1.856841e-01	3.502748e+00
7.736667e+01	-1.875347e-01	3.494788e+00
7.740000e+01	-1.876283e-01	3.494386e+00
7.743333e+01	-1.864081e-01	3.499634e+00
7.746667e+01	-1.839495e-01	3.510210e+00
7.750000e+01	-1.790912e-01	3.531108e+00
7.753333e+01	-1.715807e-01	3.563414e+00
7.756667e+01	-1.640060e-01	3.595996e+00
7.760000e+01	-1.598381e-01	3.613924e+00
7.763333e+01	-1.600057e-01	3.613203e+00
7.766667e+01	-1.623922e-01	3.602938e+00
7.770000e+01	-1.642342e-01	3.595015e+00
7.773333e+01	-1.643643e-01	3.594455e+00
7.776667e+01	-1.634246e-01	3.598497e+00
7.780000e+01	-1.625963e-01	3.602060e+00
7.783333e+01	-1.623840e-01	3.602973e+00
7.786667e+01	-1.623807e-01	3.602987e+00
7.790000e+01	-1.618877e-01	3.605108e+00
7.793333e+01	-1.606262e-01	3.610534e+00
7.796667e+01	-1.588926e-01	3.617991e+00
78	-1.571764e-01	3.625373e+00
7.803333e+01	-1.557376e-01	3.631562e+00
7.806667e+01	-1.545108e-01	3.636839e+00
7.810000e+01	-1.532944e-01	3.642072e+00
7.813333e+01	-1.519648e-01	3.647791e+00
7.816667e+01	-1.505402e-01	3.653918e+00
7.820000e+01	-1.491059e-01	3.660088e+00
7.823333e+01	-1.477187e-01	3.666055e+00
7.826667e+01	-1.463742e-01	3.671838e+00
7.830000e+01	-1.450363e-01	3.677594e+00
7.833333e+01	-1.436787e-01	3.683433e+00
7.836667e+01	-1.420698e-01	3.690354e+00
7.840000e+01	-1.391609e-01	3.702866e+00
7.843333e+01	-1.334080e-01	3.727612e+00
7.846667e+01	-1.249873e-01	3.763833e+00
7.850000e+01	-1.170078e-01	3.798157e+00
7.853333e+01	-1.127443e-01	3.816496e+00
7.856667e+01	-1.116243e-01	3.821314e+00
7.860000e+01	-1.094366e-01	3.830724e+00
7.863333e+01	-1.033219e-01	3.857026e+00
7.866667e+01	-9.536305e-02	3.891261e+00
7.870000e+01	-9.035422e-02	3.912806e+00
7.873333e+01	-9.152748e-02	3.907760e+00
7.876667e+01	-9.881199e-02	3.876426e+00
7.880000e+01	-1.090314e-01	3.832467e+00
7.883333e+01	-1.176425e-01	3.795427e+00
7.886667e+01	-1.225294e-01	3.774406e+00
7.890000e+01	-1.259543e-01	3.759674e+00
7.893333e+01	-1.310808e-01	3.737622e+00
7.896667e+01	-1.375444e-01	3.709820e+00
79	-1.424032e-01	3.688920e+00
7.903333e+01	-1.448453e-01	3.678415e+00
7.906667e+01	-1.477372e-01	3.665976e+00
7.910000e+01	-1.536504e-01	3.640540e+00
7.913333e+01	-1.610465e-01	3.608726e+00
7.916667e+01	-1.659750e-01	3.587526e+00
7.920000e+01	-1.665081e-01	3.585233e+00
7.923333e+01	-1.642372e-01	3.595001e+00
7.926667e+01	-1.620835e-01	3.604266e+00
7.930000e+01	-1.616413e-01	3.606168e+00
7.933333e+01	-1.625150e-01	3.602409e+00
7.936667e+01	-1.634569e-01	3.598358e+00
7.940000e+01	-1.636975e-01	3.597323e+00
7.943333e+01	-1.630982e-01	3.599901e+00
7.946667e+01	-1.610424e-01	3.608744e+00
7.950000e+01	-1.561457e-01	3.629807e+00
7.953333e+01	-1.483738e-01	3.663237e+00
7.956667e+01	-1.406159e-01	3.696608e+00
7.960000e+01	-1.364544e-01	3.714508e+00
7.963333e+01	-1.367330e-01	3.713310e+00
7.966667e+01	-1.392032e-01	3.702684e+00
7.970000e+01	-1.410470e-01	3.694753e+00
7.973333e+01	-1.411303e-01	3.694395e+00
7.976667e+01	-1.401525e-01	3.698601e+00
7.980000e+01	-1.393358e-01	3.702114e+00
7.983333e+01	-1.392541e-01	3.702465e+00
7.986667e+01	-1.396597e-01	3.700721e+00
7.990000e+01	-1.400261e-01	3.699145e+00
7.993333e+01	-1.400808e-01	3.698909e+00
7.996667e+01	-1.399123e-01	3.699634e+00
80	-1.397478e-01	3.700342e+00
8.003333e+01	-1.394688e-01	3.701542e+00
8.006667e+01	-1.378989e-01	3.708295e+00
8.010000e+01	-1.332004e-01	3.728505e+00
8.013333e+01	-1.253043e-01	3.762470e+00
8.016667e+01	-1.173338e-01	3.796755e+00
8.020000e+01	-1.130765e-01	3.815067e+00
8.023333e+01	-1.134023e-01	3.813666e+00
8.026667e+01	-1.157184e-01	3.803703e+00
8.030000e+01	-1.159687e-01	3.802627e+00
8.033333e+01	-1.112625e-01	3.822870e+00
8.036667e+01	-1.023306e-01	3.861290e+00
8.040000e+01	-9.355018e-02	3.899059e+00
8.043333e+01	-8.925004e-02	3.917556e+00
8.046667e+01	-9.000807e-02	3.914295e+00
8.050000e+01	-9.293596e-02	3.901701e+00
8.053333e+01	-9.511045e-02	3.892348e+00
8.056667e+01	-9.663490e-02	3.885790e+00
8.060000e+01	-9.997775e-02	3.871411e+00
8.063333e+01	-1.056354e-01	3.847075e+00
8.066667e+01	-1.104442e-01	3.826390e+00
8.070000e+01	-1.120236e-01	3.819596e+00
8.073333e+01	-1.120518e-01	3.819475e+00
8.076667e+01	-1.132398e-01	3.814365e+00
8.080000e+01	-1.157154e-01	3.803716e+00
8.083333e+01	-1.176932e-01	3.795209e+00
8.086667e+01	-1.180111e-01	3.793841e+00
8.090000e+01	-1.171164e-01	3.797690e+00
8.093333e+01	-1.161951e-01	3.801653e+00
8.096667e+01	-1.159681e-01	3.802629e+00
81	-1.163168e-01	3.801129e+00
8.103333e+01	-1.167237e-01	3.799379e+00
8.106667e+01	-1.168443e-01	3.798860e+00
8.110000e+01	-1.167049e-01	3.799460e+00
8.113333e+01	-1.165254e-01	3.800232e+00
8.116667e+01	-1.164643e-01	3.800495e+00
8.120000e+01	-1.165198e-01	3.800256e+00
8.123333e+01	-1.168455e-01	3.798855e+00
8.126667e+01	-1.185151e-01	3.791673e+00
8.130000e+01	-1.232654e-01	3.771240e+00
8.133333e+01	-1.311447e-01	3.737348e+00
8.136667e+01	-1.390720e-01	3.703249e+00
8.140000e+01	-1.435517e-01	3.683980e+00
8.143333e+01	-1.448710e-01	3.678305e+00
8.146667e+01	-1.470988e-01	3.668722e+00
8.150000e+01	-1.531345e-01	3.642759e+00
8.153333e+01	-1.610089e-01	3.608888e+00
8.156667e+01	-1.662434e-01	3.586372e+00
8.160000e+01	-1.667414e-01	3.584230e+00
8.163333e+01	-1.642661e-01	3.594877e+00
8.166667e+01	-1.619715e-01	3.604747e+00
8.170000e+01	-1.615363e-01	3.606620e+00
0	0	0
0	0	0
