0	-4.945654e-03	3.826287e+00
3.333333e-02	3.844915e-03	3.860090e+00
6.666667e-02	1.324393e-02	3.896232e+00
1.000000e-01	1.853702e-02	3.916585e+00
1.333333e-01	1.870841e-02	3.917244e+00
1.666667e-01	1.673393e-02	3.909652e+00
2.000000e-01	1.612321e-02	3.907304e+00
2.333333e-01	1.801708e-02	3.914586e+00
2.666667e-01	2.120556e-02	3.926847e+00
3.000000e-01	2.400115e-02	3.937597e+00
3.333333e-01	2.574029e-02	3.944284e+00
3.666667e-01	2.686835e-02	3.948622e+00
4.000000e-01	2.812175e-02	3.953442e+00
4.333333e-01	2.982622e-02	3.959996e+00
4.666667e-01	3.181410e-02	3.967640e+00
5.000000e-01	3.376511e-02	3.975142e+00
5.333333e-01	3.552338e-02	3.981903e+00
5.666667e-01	3.713253e-02	3.988091e+00
6.000000e-01	3.862767e-02	3.993840e+00
6.333333e-01	3.984894e-02	3.998536e+00
6.666667e-01	4.053998e-02	4.001193e+00
7.000000e-01	4.036265e-02	4.000512e+00
7.333333e-01	3.827776e-02	3.992495e+00
7.666667e-01	3.268617e-02	3.970993e+00
8.000000e-01	2.376874e-02	3.936703e+00
8.333333e-01	1.497425e-02	3.902885e+00
8.666667e-01	1.035525e-02	3.885124e+00
9.000000e-01	1.076262e-02	3.886690e+00
9.333333e-01	1.358093e-02	3.897528e+00
9.666667e-01	1.563178e-02	3.905414e+00
1	1.568391e-02	3.905614e+00
1.033333e+00	1.456459e-02	3.901310e+00
1.066667e+00	1.365450e-02	3.897811e+00
1.100000e+00	1.358064e-02	3.897527e+00
1.133333e+00	1.404609e-02	3.899316e+00
1.166667e+00	1.473115e-02	3.901951e+00
1.200000e+00	1.661864e-02	3.909209e+00
1.233333e+00	2.176288e-02	3.928990e+00
1.266667e+00	3.070768e-02	3.963385e+00
1.300000e+00	4.139266e-02	4.004472e+00
1.333333e+00	5.153672e-02	4.043479e+00
1.366667e+00	6.009694e-02	4.076396e+00
1.400000e+00	6.614584e-02	4.099656e+00
1.433333e+00	6.874110e-02	4.109635e+00
1.466667e+00	6.826116e-02	4.107790e+00
1.500000e+00	6.653075e-02	4.101136e+00
1.533333e+00	6.537718e-02	4.096700e+00
1.566667e+00	6.540701e-02	4.096815e+00
1.600000e+00	6.607465e-02	4.099382e+00
1.633333e+00	6.658184e-02	4.101332e+00
1.666667e+00	6.659890e-02	4.101398e+00
1.700000e+00	6.632134e-02	4.100331e+00
1.733333e+00	6.581726e-02	4.098392e+00
1.766667e+00	6.396396e-02	4.091266e+00
1.800000e+00	5.874212e-02	4.071186e+00
1.833333e+00	4.999233e-02	4.037541e+00
1.866667e+00	4.139806e-02	4.004493e+00
1.900000e+00	3.845770e-02	3.993186e+00
1.933333e+00	4.412444e-02	4.014977e+00
1.966667e+00	5.582264e-02	4.059960e+00
2	6.710044e-02	4.103327e+00
2.033333e+00	7.374899e-02	4.128892e+00
2.066667e+00	7.758348e-02	4.143637e+00
2.100000e+00	8.264342e-02	4.163094e+00
2.133333e+00	8.933900e-02	4.188841e+00
2.166667e+00	9.446487e-02	4.208551e+00
2.200000e+00	9.564492e-02	4.213089e+00
2.233333e+00	9.405925e-02	4.206991e+00
2.266667e+00	9.368260e-02	4.205543e+00
2.300000e+00	9.829219e-02	4.223268e+00
2.333333e+00	1.078237e-01	4.259920e+00
2.366667e+00	1.176613e-01	4.297748e+00
2.400000e+00	1.227495e-01	4.317314e+00
2.433333e+00	1.221118e-01	4.314862e+00
2.466667e+00	1.185658e-01	4.301226e+00
2.500000e+00	1.144582e-01	4.285431e+00
2.533333e+00	1.091530e-01	4.265031e+00
2.566667e+00	1.016154e-01	4.236047e+00
2.600000e+00	9.374653e-02	4.205789e+00
2.633333e+00	8.906461e-02	4.187786e+00
2.666667e+00	8.888948e-02	4.187112e+00
2.700000e+00	9.128503e-02	4.196324e+00
2.733333e+00	9.333883e-02	4.204221e+00
2.766667e+00	9.363741e-02	4.205369e+00
2.800000e+00	9.271075e-02	4.201806e+00
2.833333e+00	9.181024e-02	4.198343e+00
2.866667e+00	9.163263e-02	4.197660e+00
2.900000e+00	9.201071e-02	4.199114e+00
2.933333e+00	9.268678e-02	4.201714e+00
2.966667e+00	9.461766e-02	4.209139e+00
3	9.980133e-02	4.229071e+00
3.033333e+00	1.084762e-01	4.262429e+00
3.066667e+00	1.173094e-01	4.296395e+00
3.100000e+00	1.220976e-01	4.314807e+00
3.133333e+00	1.220775e-01	4.314730e+00
3.166667e+00	1.210833e-01	4.310907e+00
3.200000e+00	1.242989e-01	4.323272e+00
3.233333e+00	1.330486e-01	4.356917e+00
3.266667e+00	1.430534e-01	4.395389e+00
3.300000e+00	1.487196e-01	4.417177e+00
3.333333e+00	1.484418e-01	4.416109e+00
3.366667e+00	1.451232e-01	4.403348e+00
3.400000e+00	1.423277e-01	4.392598e+00
3.433333e+00	1.400854e-01	4.383976e+00
3.466667e+00	1.342399e-01	4.361498e+00
3.500000e+00	1.211690e-01	4.311237e+00
3.533333e+00	1.035517e-01	4.243493e+00
3.566667e+00	8.939113e-02	4.189041e+00
3.600000e+00	8.453763e-02	4.170378e+00
3.633333e+00	8.768813e-02	4.182493e+00
3.666667e+00	9.286821e-02	4.202411e+00
3.700000e+00	9.525960e-02	4.211607e+00
3.733333e+00	9.424023e-02	4.207687e+00
3.766667e+00	9.208192e-02	4.199388e+00
3.800000e+00	9.096868e-02	4.195107e+00
3.833333e+00	9.133276e-02	4.196507e+00
3.866667e+00	9.226029e-02	4.200074e+00
3.900000e+00	9.278079e-02	4.202075e+00
3.933333e+00	9.293147e-02	4.202655e+00
3.966667e+00	9.436583e-02	4.208170e+00
4	9.946136e-02	4.227764e+00
4.033333e+00	1.083535e-01	4.261957e+00
4.066667e+00	1.174090e-01	4.296778e+00
4.100000e+00	1.222471e-01	4.315382e+00
4.133333e+00	1.218618e-01	4.313901e+00
4.166667e+00	1.189501e-01	4.302704e+00
4.200000e+00	1.169181e-01	4.294891e+00
4.233333e+00	1.172650e-01	4.296225e+00
4.266667e+00	1.193351e-01	4.304185e+00
4.300000e+00	1.216885e-01	4.313234e+00
4.333333e+00	1.234328e-01	4.319942e+00
4.366667e+00	1.245896e-01	4.324390e+00
4.400000e+00	1.256431e-01	4.328441e+00
4.433333e+00	1.269504e-01	4.333468e+00
4.466667e+00	1.285139e-01	4.339480e+00
4.500000e+00	1.301316e-01	4.345700e+00
4.533333e+00	1.316438e-01	4.351516e+00
4.566667e+00	1.330417e-01	4.356891e+00
4.600000e+00	1.344105e-01	4.362154e+00
4.633333e+00	1.358224e-01	4.367584e+00
4.666667e+00	1.372852e-01	4.373208e+00
4.700000e+00	1.387631e-01	4.378891e+00
4.733333e+00	1.402237e-01	4.384508e+00
4.766667e+00	1.416464e-01	4.389978e+00
4.800000e+00	1.429595e-01	4.395028e+00
4.833333e+00	1.439830e-01	4.398964e+00
4.866667e+00	1.445246e-01	4.401046e+00
4.900000e+00	1.443005e-01	4.400184e+00
4.933333e+00	1.422533e-01	4.392312e+00
4.966667e+00	1.367182e-01	4.371028e+00
5	1.278252e-01	4.336832e+00
5.033333e+00	1.187423e-01	4.301905e+00
5.066667e+00	1.122658e-01	4.277001e+00
5.100000e+00	1.073235e-01	4.257997e+00
5.133333e+00	1.012936e-01	4.234810e+00
5.166667e+00	9.447042e-02	4.208572e+00
5.200000e+00	8.980226e-02	4.190622e+00
5.233333e+00	8.905623e-02	4.187753e+00
5.266667e+00	9.099572e-02	4.195211e+00
5.300000e+00	9.301688e-02	4.202983e+00
5.333333e+00	9.355120e-02	4.205038e+00
5.366667e+00	9.282865e-02	4.202259e+00
5.400000e+00	9.195290e-02	4.198892e+00
5.433333e+00	9.167697e-02	4.197831e+00
5.466667e+00	9.196325e-02	4.198932e+00
5.500000e+00	9.234775e-02	4.200410e+00
5.533333e+00	9.276156e-02	4.202001e+00
5.566667e+00	9.448201e-02	4.208617e+00
5.600000e+00	9.965117e-02	4.228494e+00
5.633333e+00	1.084361e-01	4.262275e+00
5.666667e+00	1.173645e-01	4.296607e+00
5.700000e+00	1.221642e-01	4.315064e+00
5.733333e+00	1.218222e-01	4.313748e+00
5.766667e+00	1.189514e-01	4.302709e+00
5.800000e+00	1.168216e-01	4.294519e+00
5.833333e+00	1.167375e-01	4.294196e+00
5.866667e+00	1.178773e-01	4.298579e+00
5.900000e+00	1.188219e-01	4.302211e+00
5.933333e+00	1.189112e-01	4.302555e+00
5.966667e+00	1.184380e-01	4.300735e+00
6	1.180138e-01	4.299104e+00
6.033333e+00	1.179527e-01	4.298869e+00
6.066667e+00	1.181495e-01	4.299626e+00
6.100000e+00	1.183400e-01	4.300358e+00
6.133333e+00	1.183765e-01	4.300499e+00
6.166667e+00	1.182953e-01	4.300186e+00
6.200000e+00	1.179342e-01	4.298798e+00
6.233333e+00	1.160801e-01	4.291668e+00
6.266667e+00	1.107752e-01	4.271269e+00
6.300000e+00	1.022363e-01	4.238435e+00
6.333333e+00	9.519657e-02	4.211365e+00
6.366667e+00	9.579555e-02	4.213668e+00
6.400000e+00	1.050064e-01	4.249087e+00
6.433333e+00	1.167392e-01	4.294203e+00
6.466667e+00	1.235678e-01	4.320461e+00
6.500000e+00	1.232687e-01	4.319310e+00
6.533333e+00	1.192839e-01	4.303988e+00
6.566667e+00	1.162535e-01	4.292335e+00
6.600000e+00	1.161001e-01	4.291745e+00
6.633333e+00	1.177033e-01	4.297910e+00
6.666667e+00	1.190529e-01	4.303100e+00
6.700000e+00	1.191938e-01	4.303641e+00
6.733333e+00	1.185274e-01	4.301079e+00
6.766667e+00	1.179211e-01	4.298747e+00
6.800000e+00	1.178279e-01	4.298389e+00
6.833333e+00	1.181047e-01	4.299453e+00
6.866667e+00	1.183767e-01	4.300499e+00
6.900000e+00	1.187074e-01	4.301771e+00
6.933333e+00	1.204272e-01	4.308384e+00
6.966667e+00	1.256437e-01	4.328443e+00
7	1.344665e-01	4.362370e+00
7.033333e+00	1.433973e-01	4.396711e+00
7.066667e+00	1.481771e-01	4.415091e+00
7.100000e+00	1.475420e-01	4.412649e+00
7.133333e+00	1.428354e-01	4.394550e+00
7.166667e+00	1.356517e-01	4.366927e+00
7.200000e+00	1.285564e-01	4.339643e+00
7.233333e+00	1.261513e-01	4.330395e+00
7.266667e+00	1.312196e-01	4.349884e+00
7.300000e+00	1.405646e-01	4.385819e+00
7.333333e+00	1.476703e-01	4.413142e+00
7.366667e+00	1.489702e-01	4.418141e+00
7.400000e+00	1.461250e-01	4.407200e+00
7.433333e+00	1.430911e-01	4.395534e+00
7.466667e+00	1.422820e-01	4.392423e+00
7.500000e+00	1.433695e-01	4.396604e+00
7.533333e+00	1.446898e-01	4.401681e+00
7.566667e+00	1.451048e-01	4.403277e+00
7.600000e+00	1.446714e-01	4.401611e+00
7.633333e+00	1.440906e-01	4.399377e+00
7.666667e+00	1.438829e-01	4.398579e+00
7.700000e+00	1.440547e-01	4.399239e+00
7.733333e+00	1.443100e-01	4.400221e+00
7.766667e+00	1.444122e-01	4.400614e+00
7.800000e+00	1.443453e-01	4.400357e+00
7.833333e+00	1.439575e-01	4.398865e+00
7.866667e+00	1.420742e-01	4.391623e+00
7.900000e+00	1.367615e-01	4.371195e+00
7.933333e+00	1.279575e-01	4.337341e+00
7.966667e+00	1.190970e-01	4.303269e+00
8	1.143619e-01	4.285061e+00
8.033333e+00	1.147156e-01	4.286421e+00
8.066667e+00	1.175583e-01	4.297353e+00
8.100000e+00	1.196593e-01	4.305431e+00
8.133333e+00	1.197367e-01	4.305729e+00
8.166667e+00	1.186085e-01	4.301391e+00
8.200000e+00	1.176767e-01	4.297808e+00
8.233333e+00	1.175909e-01	4.297478e+00
8.266667e+00	1.180595e-01	4.299280e+00
8.300000e+00	1.184434e-01	4.300756e+00
8.333333e+00	1.182390e-01	4.299970e+00
8.366667e+00	1.171131e-01	4.295640e+00
8.400000e+00	1.148876e-01	4.287083e+00
8.433333e+00	1.117038e-01	4.274840e+00
8.466667e+00	1.080455e-01	4.260773e+00
8.500000e+00	1.044376e-01	4.246899e+00
8.533333e+00	1.011222e-01	4.234151e+00
8.566667e+00	9.801623e-02	4.222207e+00
8.600000e+00	9.491431e-02	4.210279e+00
8.633333e+00	9.169763e-02	4.197910e+00
8.666667e+00	8.838848e-02	4.185186e+00
8.700000e+00	8.507234e-02	4.172434e+00
8.733333e+00	8.180386e-02	4.159866e+00
8.766667e+00	7.857692e-02	4.147457e+00
8.800000e+00	7.535520e-02	4.135069e+00
8.833333e+00	7.214811e-02	4.122736e+00
8.866667e+00	6.915155e-02	4.111214e+00
8.900000e+00	6.681901e-02	4.102244e+00
8.933333e+00	6.532532e-02	4.096501e+00
8.966667e+00	6.311675e-02	4.088008e+00
9	5.643857e-02	4.062328e+00
9.033333e+00	4.269117e-02	4.009465e+00
9.066667e+00	2.476121e-02	3.940519e+00
9.100000e+00	9.137303e-03	3.880441e+00
9.133333e+00	-7.389798e-04	3.842463e+00
9.166667e+00	-6.406842e-03	3.820669e+00
9.200000e+00	-1.026668e-02	3.805826e+00
9.233333e+00	-1.274396e-02	3.796301e+00
9.266667e+00	-1.313536e-02	3.794795e+00
9.300000e+00	-1.054136e-02	3.804770e+00
9.333333e+00	-4.154727e-03	3.829329e+00
9.366667e+00	5.143775e-03	3.865084e+00
9.400000e+00	1.407146e-02	3.899414e+00
9.433333e+00	2.019215e-02	3.922950e+00
9.466667e+00	2.494097e-02	3.941211e+00
9.500000e+00	3.102218e-02	3.964595e+00
9.533333e+00	3.799707e-02	3.991415e+00
9.566667e+00	4.275526e-02	4.009712e+00
9.600000e+00	4.348473e-02	4.012517e+00
9.633333e+00	4.120426e-02	4.003748e+00
9.666667e+00	3.730760e-02	3.988764e+00
9.700000e+00	3.143979e-02	3.966201e+00
9.733333e+00	2.333735e-02	3.935044e+00
9.766667e+00	1.534808e-02	3.904323e+00
9.800000e+00	1.089741e-02	3.887209e+00
9.833333e+00	1.125020e-02	3.888565e+00
9.866667e+00	1.554466e-02	3.905079e+00
9.900000e+00	2.311838e-02	3.934202e+00
9.933333e+00	3.399157e-02	3.976013e+00
9.966667e+00	4.725342e-02	4.027009e+00
10	5.996933e-02	4.075905e+00
1.003333e+01	6.835058e-02	4.108134e+00
1.006667e+01	7.061752e-02	4.116851e+00
1.010000e+01	6.853006e-02	4.108824e+00
1.013333e+01	6.568305e-02	4.097876e+00
1.016667e+01	6.455605e-02	4.093543e+00
1.020000e+01	6.524638e-02	4.096197e+00
1.023333e+01	6.642026e-02	4.100711e+00
1.026667e+01	6.694652e-02	4.102735e+00
1.030000e+01	6.668682e-02	4.101736e+00
1.033333e+01	6.618008e-02	4.099788e+00
1.036667e+01	6.593106e-02	4.098830e+00
1.040000e+01	6.602742e-02	4.099200e+00
1.043333e+01	6.624720e-02	4.100046e+00
1.046667e+01	6.636484e-02	4.100498e+00
1.050000e+01	6.633065e-02	4.100366e+00
1.053333e+01	6.623570e-02	4.100001e+00
1.056667e+01	6.618056e-02	4.099789e+00
1.060000e+01	6.619192e-02	4.099833e+00
1.063333e+01	6.623274e-02	4.099990e+00
1.066667e+01	6.625838e-02	4.100089e+00
1.070000e+01	6.625502e-02	4.100076e+00
1.073333e+01	6.623756e-02	4.100009e+00
1.076667e+01	6.622572e-02	4.099963e+00
1.080000e+01	6.622647e-02	4.099966e+00
1.083333e+01	6.623390e-02	4.099994e+00
1.086667e+01	6.623933e-02	4.100015e+00
1.090000e+01	6.623932e-02	4.100015e+00
1.093333e+01	6.623618e-02	4.100003e+00
1.096667e+01	6.623370e-02	4.099994e+00
11	6.623357e-02	4.099993e+00
1.103333e+01	6.623489e-02	4.099998e+00
1.106667e+01	6.623601e-02	4.100003e+00
1.110000e+01	6.623613e-02	4.100003e+00
1.113333e+01	6.623558e-02	4.100001e+00
1.116667e+01	6.623507e-02	4.099999e+00
1.120000e+01	6.623499e-02	4.099999e+00
1.123333e+01	6.623522e-02	4.100000e+00
1.126667e+01	6.623545e-02	4.100000e+00
1.130000e+01	6.595953e-02	4.098939e+00
1.133333e+01	6.384968e-02	4.090826e+00
1.136667e+01	5.667765e-02	4.063248e+00
1.140000e+01	4.248672e-02	4.008679e+00
1.143333e+01	2.447377e-02	3.939414e+00
1.146667e+01	9.030077e-03	3.880028e+00
1.150000e+01	-6.588613e-04	3.842771e+00
1.153333e+01	-6.282755e-03	3.821146e+00
1.156667e+01	-1.021548e-02	3.806023e+00
1.160000e+01	-1.277530e-02	3.796180e+00
1.163333e+01	-1.346560e-02	3.793526e+00
1.166667e+01	-1.267578e-02	3.796563e+00
1.170000e+01	-1.159072e-02	3.800735e+00
1.173333e+01	-1.113324e-02	3.802494e+00
1.176667e+01	-1.137765e-02	3.801554e+00
1.180000e+01	-1.183260e-02	3.799805e+00
1.183333e+01	-1.205290e-02	3.798958e+00
1.186667e+01	-1.196578e-02	3.799293e+00
1.190000e+01	-1.177046e-02	3.800044e+00
1.193333e+01	-1.166678e-02	3.800443e+00
1.196667e+01	-1.197372e-02	3.799262e+00
12	-1.361581e-02	3.792948e+00
1.203333e+01	-1.716874e-02	3.779286e+00
1.206667e+01	-2.067298e-02	3.765811e+00
1.210000e+01	-2.066822e-02	3.765829e+00
1.213333e+01	-1.648709e-02	3.781907e+00
1.216667e+01	-1.138959e-02	3.801508e+00
1.220000e+01	-8.926028e-03	3.810982e+00
1.223333e+01	-9.692879e-03	3.808033e+00
1.226667e+01	-1.172139e-02	3.800233e+00
1.230000e+01	-1.291664e-02	3.795636e+00
1.233333e+01	-1.270897e-02	3.796435e+00
1.236667e+01	-1.186022e-02	3.799699e+00
1.240000e+01	-1.131013e-02	3.801814e+00
1.243333e+01	-1.136524e-02	3.801602e+00
1.246667e+01	-1.144988e-02	3.801277e+00
1.250000e+01	-9.868558e-03	3.807357e+00
1.253333e+01	-4.521250e-03	3.827919e+00
1.256667e+01	4.484564e-03	3.862549e+00
1.260000e+01	1.348424e-02	3.897156e+00
1.263333e+01	1.848854e-02	3.916399e+00
1.266667e+01	1.988280e-02	3.921760e+00
1.270000e+01	2.231448e-02	3.931111e+00
1.273333e+01	2.906560e-02	3.957071e+00
1.276667e+01	3.790864e-02	3.991075e+00
1.280000e+01	4.379162e-02	4.013697e+00
1.283333e+01	4.462640e-02	4.016907e+00
1.286667e+01	4.367676e-02	4.013255e+00
1.290000e+01	4.643563e-02	4.023864e+00
1.293333e+01	5.480007e-02	4.056028e+00
1.296667e+01	6.476492e-02	4.094346e+00
13	7.062210e-02	4.116868e+00
1.303333e+01	7.051800e-02	4.116468e+00
1.306667e+01	6.722600e-02	4.103809e+00
1.310000e+01	6.462720e-02	4.093816e+00
1.313333e+01	6.441663e-02	4.093006e+00
1.316667e+01	6.572746e-02	4.098047e+00
1.320000e+01	6.688009e-02	4.102479e+00
1.323333e+01	6.703461e-02	4.103073e+00
1.326667e+01	6.649266e-02	4.100989e+00
1.330000e+01	6.597662e-02	4.099005e+00
1.333333e+01	6.588274e-02	4.098644e+00
1.336667e+01	6.610675e-02	4.099506e+00
1.340000e+01	6.633764e-02	4.100393e+00
1.343333e+01	6.639034e-02	4.100596e+00
1.346667e+01	6.657448e-02	4.101304e+00
1.350000e+01	6.830537e-02	4.107960e+00
1.353333e+01	7.361541e-02	4.128379e+00
1.356667e+01	8.250544e-02	4.162563e+00
1.360000e+01	9.143533e-02	4.196902e+00
1.363333e+01	9.617552e-02	4.215129e+00
1.366667e+01	9.578566e-02	4.213630e+00
1.370000e+01	9.291152e-02	4.202578e+00
1.373333e+01	9.080669e-02	4.194484e+00
1.376667e+01	9.074428e-02	4.194244e+00
1.380000e+01	9.188668e-02	4.198637e+00
1.383333e+01	9.282090e-02	4.202230e+00
1.386667e+01	9.262449e-02	4.201474e+00
1.390000e+01	9.031580e-02	4.192597e+00
1.393333e+01	8.455782e-02	4.170456e+00
1.396667e+01	7.564834e-02	4.136196e+00
14	6.696182e-02	4.102794e+00
1.403333e+01	6.242481e-02	4.085347e+00
1.406667e+01	6.283430e-02	4.086922e+00
1.410000e+01	6.560655e-02	4.097582e+00
1.413333e+01	6.761965e-02	4.105323e+00
1.416667e+01	6.766857e-02	4.105511e+00
1.420000e+01	6.656853e-02	4.101281e+00
1.423333e+01	6.567552e-02	4.097847e+00
1.426667e+01	6.560400e-02	4.097572e+00
1.430000e+01	6.606143e-02	4.099331e+00
1.433333e+01	6.673881e-02	4.101936e+00
1.436667e+01	6.862488e-02	4.109188e+00
1.440000e+01	7.377243e-02	4.128982e+00
1.443333e+01	8.244469e-02	4.162330e+00
1.446667e+01	9.129669e-02	4.196369e+00
1.450000e+01	9.610125e-02	4.214844e+00
1.453333e+01	9.580717e-02	4.213713e+00
1.456667e+01	9.297140e-02	4.202808e+00
1.460000e+01	9.084150e-02	4.194618e+00
1.463333e+01	9.073715e-02	4.194217e+00
1.466667e+01	9.186093e-02	4.198538e+00
1.470000e+01	9.280471e-02	4.202167e+00
1.473333e+01	9.290256e-02	4.202544e+00
1.476667e+01	9.243657e-02	4.200752e+00
1.480000e+01	9.201319e-02	4.199124e+00
1.483333e+01	9.194853e-02	4.198875e+00
1.486667e+01	9.214204e-02	4.199619e+00
1.490000e+01	9.233200e-02	4.200350e+00
1.493333e+01	9.237002e-02	4.200496e+00
1.496667e+01	9.229027e-02	4.200189e+00
15	9.220538e-02	4.199863e+00
1.503333e+01	9.218450e-02	4.199782e+00
1.506667e+01	9.221707e-02	4.199908e+00
1.510000e+01	9.225483e-02	4.200053e+00
1.513333e+01	9.226580e-02	4.200095e+00
1.516667e+01	9.225264e-02	4.200044e+00
1.520000e+01	9.195995e-02	4.198919e+00
1.523333e+01	9.012058e-02	4.191846e+00
1.526667e+01	8.451172e-02	4.170278e+00
1.530000e+01	7.383254e-02	4.129214e+00
1.533333e+01	5.933696e-02	4.073474e+00
1.536667e+01	4.392264e-02	4.014201e+00
1.540000e+01	2.979594e-02	3.959879e+00
1.543333e+01	1.723631e-02	3.911584e+00
1.546667e+01	5.487183e-03	3.866405e+00
1.550000e+01	-5.167571e-03	3.825434e+00
1.553333e+01	-1.271222e-02	3.796423e+00
1.556667e+01	-1.572255e-02	3.784847e+00
1.560000e+01	-1.629987e-02	3.782627e+00
1.563333e+01	-1.917564e-02	3.771569e+00
1.566667e+01	-2.672802e-02	3.742528e+00
1.570000e+01	-3.594570e-02	3.707083e+00
1.573333e+01	-4.166459e-02	3.685092e+00
1.576667e+01	-4.187962e-02	3.684265e+00
1.580000e+01	-3.892047e-02	3.695644e+00
1.583333e+01	-3.640122e-02	3.705331e+00
1.586667e+01	-3.606167e-02	3.706637e+00
1.590000e+01	-3.722489e-02	3.702164e+00
1.593333e+01	-3.833557e-02	3.697893e+00
1.596667e+01	-3.826626e-02	3.698159e+00
16	-3.595587e-02	3.707044e+00
1.603333e+01	-3.012312e-02	3.729472e+00
1.606667e+01	-2.115563e-02	3.763955e+00
1.610000e+01	-1.246656e-02	3.797367e+00
1.613333e+01	-7.685073e-03	3.815753e+00
1.616667e+01	-6.287109e-03	3.821129e+00
1.620000e+01	-3.723779e-03	3.830986e+00
1.623333e+01	3.129061e-03	3.857337e+00
1.626667e+01	1.197628e-02	3.891357e+00
1.630000e+01	1.807975e-02	3.914827e+00
1.633333e+01	2.042617e-02	3.923850e+00
1.636667e+01	2.297652e-02	3.933657e+00
1.640000e+01	2.927323e-02	3.957869e+00
1.643333e+01	3.769001e-02	3.990234e+00
1.646667e+01	4.349935e-02	4.012573e+00
1.650000e+01	4.424626e-02	4.015445e+00
1.653333e+01	4.165372e-02	4.005476e+00
1.656667e+01	3.911631e-02	3.995719e+00
1.660000e+01	3.855074e-02	3.993544e+00
1.663333e+01	3.954621e-02	3.997372e+00
1.666667e+01	4.065516e-02	4.001636e+00
1.670000e+01	4.095738e-02	4.002799e+00
1.673333e+01	4.055716e-02	4.001260e+00
1.676667e+01	4.006759e-02	3.999377e+00
1.680000e+01	3.991271e-02	3.998781e+00
1.683333e+01	4.007330e-02	3.999399e+00
1.686667e+01	4.028941e-02	4.000230e+00
1.690000e+01	4.036708e-02	4.000529e+00
1.693333e+01	4.030350e-02	4.000284e+00
1.696667e+01	4.020846e-02	3.999919e+00
17	4.044620e-02	4.000833e+00
1.703333e+01	4.230473e-02	4.007980e+00
1.706667e+01	4.768449e-02	4.028666e+00
1.710000e+01	5.655578e-02	4.062779e+00
1.713333e+01	6.570657e-02	4.097967e+00
1.716667e+01	7.224793e-02	4.123120e+00
1.720000e+01	7.720230e-02	4.142171e+00
1.723333e+01	8.320457e-02	4.165252e+00
1.726667e+01	8.999913e-02	4.191379e+00
1.730000e+01	9.466071e-02	4.209304e+00
1.733333e+01	9.541810e-02	4.212217e+00
1.736667e+01	9.349136e-02	4.204808e+00
1.740000e+01	9.147369e-02	4.197049e+00
1.743333e+01	9.093475e-02	4.194977e+00
1.746667e+01	9.165165e-02	4.197733e+00
1.750000e+01	9.252561e-02	4.201094e+00
1.753333e+01	9.280339e-02	4.202162e+00
1.756667e+01	9.251960e-02	4.201071e+00
1.760000e+01	9.213600e-02	4.199596e+00
1.763333e+01	9.199743e-02	4.199063e+00
1.766667e+01	9.210966e-02	4.199495e+00
1.770000e+01	9.227820e-02	4.200143e+00
1.773333e+01	9.234629e-02	4.200405e+00
1.776667e+01	9.230263e-02	4.200237e+00
1.780000e+01	9.222885e-02	4.199953e+00
1.783333e+01	9.219587e-02	4.199826e+00
1.786667e+01	9.221248e-02	4.199890e+00
1.790000e+01	9.224464e-02	4.200014e+00
1.793333e+01	9.226042e-02	4.200074e+00
1.796667e+01	9.225428e-02	4.200051e+00
18	9.224032e-02	4.199997e+00
1.803333e+01	9.223286e-02	4.199968e+00
1.806667e+01	9.223503e-02	4.199977e+00
1.810000e+01	9.224106e-02	4.200000e+00
1.813333e+01	9.224456e-02	4.200013e+00
1.816667e+01	9.224384e-02	4.200011e+00
1.820000e+01	9.224125e-02	4.200001e+00
1.823333e+01	9.251559e-02	4.201056e+00
1.826667e+01	9.407362e-02	4.207047e+00
1.830000e+01	9.785506e-02	4.221587e+00
1.833333e+01	1.029282e-01	4.241095e+00
1.836667e+01	1.064640e-01	4.254692e+00
1.840000e+01	1.058196e-01	4.252214e+00
1.843333e+01	1.010261e-01	4.233781e+00
1.846667e+01	9.622231e-02	4.215309e+00
1.850000e+01	9.721646e-02	4.219132e+00
1.853333e+01	1.056195e-01	4.251444e+00
1.856667e+01	1.164621e-01	4.293137e+00
1.860000e+01	1.230141e-01	4.318331e+00
1.863333e+01	1.229921e-01	4.318247e+00
1.866667e+01	1.193824e-01	4.304367e+00
1.870000e+01	1.164890e-01	4.293241e+00
1.873333e+01	1.159523e-01	4.291177e+00
1.876667e+01	1.155587e-01	4.289663e+00
1.880000e+01	1.115035e-01	4.274070e+00
1.883333e+01	1.028333e-01	4.240730e+00
1.886667e+01	9.335389e-02	4.204279e+00
1.890000e+01	8.805406e-02	4.183900e+00
1.893333e+01	8.832001e-02	4.184922e+00
1.896667e+01	9.141965e-02	4.196841e+00
19	9.377391e-02	4.205894e+00
1.903333e+01	9.390277e-02	4.206390e+00
1.906667e+01	9.266869e-02	4.201644e+00
1.910000e+01	9.162374e-02	4.197626e+00
1.913333e+01	9.150981e-02	4.197188e+00
1.916667e+01	9.202157e-02	4.199156e+00
1.920000e+01	9.249034e-02	4.200958e+00
1.923333e+01	9.256437e-02	4.201243e+00
1.926667e+01	9.235202e-02	4.200427e+00
1.930000e+01	9.241777e-02	4.200679e+00
1.933333e+01	9.420842e-02	4.207565e+00
1.936667e+01	9.963400e-02	4.228428e+00
1.940000e+01	1.085807e-01	4.262831e+00
1.943333e+01	1.174885e-01	4.297084e+00
1.946667e+01	1.221785e-01	4.315118e+00
1.950000e+01	1.217618e-01	4.313516e+00
1.953333e+01	1.186196e-01	4.301433e+00
1.956667e+01	1.147026e-01	4.286371e+00
1.960000e+01	1.093146e-01	4.265653e+00
1.963333e+01	1.016017e-01	4.235994e+00
1.966667e+01	9.364231e-02	4.205388e+00
1.970000e+01	8.899032e-02	4.187500e+00
1.973333e+01	8.889109e-02	4.187118e+00
1.976667e+01	9.132923e-02	4.196494e+00
1.980000e+01	9.364874e-02	4.205413e+00
1.983333e+01	9.574840e-02	4.213487e+00
1.986667e+01	1.001400e-01	4.230374e+00
1.990000e+01	1.080955e-01	4.260965e+00
1.993333e+01	1.168161e-01	4.294499e+00
1.996667e+01	1.219291e-01	4.314160e+00
20	1.219535e-01	4.314253e+00
2.003333e+01	1.191906e-01	4.303629e+00
2.006667e+01	1.169160e-01	4.294882e+00
2.010000e+01	1.165292e-01	4.293395e+00
2.013333e+01	1.171177e-01	4.295658e+00
2.016667e+01	1.170260e-01	4.295306e+00
2.020000e+01	1.155078e-01	4.289468e+00
2.023333e+01	1.130677e-01	4.280085e+00
2.026667e+01	1.106547e-01	4.270806e+00
2.030000e+01	1.087835e-01	4.263611e+00
2.033333e+01	1.073280e-01	4.258014e+00
2.036667e+01	1.058917e-01	4.252491e+00
2.040000e+01	1.042320e-01	4.246109e+00
2.043333e+01	1.023852e-01	4.239007e+00
2.046667e+01	1.005197e-01	4.231834e+00
2.050000e+01	9.874739e-02	4.225019e+00
2.053333e+01	9.705939e-02	4.218528e+00
2.056667e+01	9.540241e-02	4.212156e+00
2.060000e+01	9.382895e-02	4.206106e+00
2.063333e+01	9.257352e-02	4.201278e+00
2.066667e+01	9.162482e-02	4.197630e+00
2.070000e+01	8.972657e-02	4.190331e+00
2.073333e+01	8.465592e-02	4.170833e+00
2.076667e+01	7.604978e-02	4.137739e+00
2.080000e+01	6.693939e-02	4.102707e+00
2.083333e+01	6.028236e-02	4.077109e+00
2.086667e+01	5.493889e-02	4.056562e+00
2.090000e+01	4.708027e-02	4.026343e+00
2.093333e+01	3.499477e-02	3.979870e+00
2.096667e+01	2.153051e-02	3.928096e+00
21	1.190107e-02	3.891068e+00
2.103333e+01	9.082782e-03	3.880231e+00
2.106667e+01	1.145309e-02	3.889346e+00
2.110000e+01	1.483960e-02	3.902368e+00
2.113333e+01	1.650406e-02	3.908768e+00
2.116667e+01	1.754207e-02	3.912760e+00
2.120000e+01	2.147217e-02	3.927872e+00
2.123333e+01	2.967495e-02	3.959414e+00
2.126667e+01	3.885659e-02	3.994720e+00
2.130000e+01	4.419027e-02	4.015230e+00
2.133333e+01	4.412246e-02	4.014969e+00
2.136667e+01	4.115945e-02	4.003576e+00
2.140000e+01	3.907452e-02	3.995558e+00
2.143333e+01	4.041933e-02	4.000730e+00
2.146667e+01	4.509525e-02	4.018710e+00
2.150000e+01	4.965411e-02	4.036240e+00
2.153333e+01	4.983509e-02	4.036936e+00
2.156667e+01	4.519325e-02	4.019087e+00
2.160000e+01	3.962578e-02	3.997678e+00
2.163333e+01	3.705772e-02	3.987803e+00
2.166667e+01	3.801360e-02	3.991479e+00
2.170000e+01	4.025154e-02	4.000084e+00
2.173333e+01	4.177873e-02	4.005957e+00
2.176667e+01	4.305203e-02	4.010853e+00
2.180000e+01	4.589066e-02	4.021768e+00
2.183333e+01	5.066004e-02	4.040108e+00
2.186667e+01	5.611566e-02	4.061087e+00
2.190000e+01	6.121157e-02	4.080682e+00
2.193333e+01	6.526223e-02	4.096258e+00
2.196667e+01	6.748745e-02	4.104815e+00
22	6.769784e-02	4.105624e+00
2.203333e+01	6.702646e-02	4.103042e+00
2.206667e+01	6.796668e-02	4.106658e+00
2.210000e+01	7.310616e-02	4.126420e+00
2.213333e+01	8.229964e-02	4.161772e+00
2.216667e+01	9.156390e-02	4.197396e+00
2.220000e+01	9.639383e-02	4.215969e+00
2.223333e+01	9.588299e-02	4.214004e+00
2.226667e+01	9.286216e-02	4.202388e+00
2.230000e+01	9.071162e-02	4.194119e+00
2.233333e+01	9.069786e-02	4.194066e+00
2.236667e+01	9.190500e-02	4.198708e+00
2.240000e+01	9.286217e-02	4.202388e+00
2.243333e+01	9.292243e-02	4.202620e+00
2.246667e+01	9.241904e-02	4.200684e+00
2.250000e+01	9.198789e-02	4.199026e+00
2.253333e+01	9.193869e-02	4.198837e+00
2.256667e+01	9.214891e-02	4.199646e+00
2.260000e+01	9.234310e-02	4.200392e+00
2.263333e+01	9.237481e-02	4.200514e+00
2.266667e+01	9.228763e-02	4.200179e+00
2.270000e+01	9.220054e-02	4.199844e+00
2.273333e+01	9.218220e-02	4.199774e+00
2.276667e+01	9.221806e-02	4.199911e+00
2.280000e+01	9.225694e-02	4.200061e+00
2.283333e+01	9.226689e-02	4.200099e+00
2.286667e+01	9.225228e-02	4.200043e+00
2.290000e+01	9.223501e-02	4.199977e+00
2.293333e+01	9.222982e-02	4.199957e+00
2.296667e+01	9.223571e-02	4.199979e+00
23	9.224335e-02	4.200009e+00
2.303333e+01	9.224598e-02	4.200019e+00
2.306667e+01	9.224363e-02	4.200010e+00
2.310000e+01	9.224027e-02	4.199997e+00
2.313333e+01	9.223896e-02	4.199992e+00
2.316667e+01	9.223988e-02	4.199995e+00
2.320000e+01	9.224136e-02	4.200001e+00
2.323333e+01	9.224199e-02	4.200004e+00
2.326667e+01	9.224164e-02	4.200002e+00
2.330000e+01	9.224100e-02	4.200000e+00
2.333333e+01	9.224069e-02	4.199998e+00
2.336667e+01	9.224082e-02	4.199999e+00
2.340000e+01	9.224110e-02	4.200000e+00
2.343333e+01	9.224125e-02	4.200001e+00
2.346667e+01	9.224120e-02	4.200000e+00
2.350000e+01	9.224108e-02	4.200000e+00
2.353333e+01	9.224101e-02	4.200000e+00
2.356667e+01	9.224103e-02	4.200000e+00
2.360000e+01	9.224108e-02	4.200000e+00
2.363333e+01	9.196514e-02	4.198939e+00
2.366667e+01	9.013135e-02	4.191887e+00
2.370000e+01	8.479319e-02	4.171361e+00
2.373333e+01	7.594041e-02	4.137319e+00
2.376667e+01	6.705616e-02	4.103156e+00
2.380000e+01	6.233046e-02	4.084985e+00
2.383333e+01	6.270537e-02	4.086426e+00
2.386667e+01	6.555935e-02	4.097401e+00
2.390000e+01	6.765692e-02	4.105466e+00
2.393333e+01	6.772524e-02	4.105729e+00
2.396667e+01	6.686768e-02	4.102432e+00
24	6.777082e-02	4.105904e+00
2.403333e+01	7.302710e-02	4.126116e+00
2.406667e+01	8.235088e-02	4.161969e+00
2.410000e+01	9.165323e-02	4.197740e+00
2.413333e+01	9.643654e-02	4.216133e+00
2.416667e+01	9.586560e-02	4.213937e+00
2.420000e+01	9.282375e-02	4.202241e+00
2.423333e+01	9.069127e-02	4.194040e+00
2.426667e+01	9.070394e-02	4.194089e+00
2.430000e+01	9.192154e-02	4.198771e+00
2.433333e+01	9.287171e-02	4.202425e+00
2.436667e+01	9.292040e-02	4.202612e+00
2.440000e+01	9.241193e-02	4.200657e+00
2.443333e+01	9.198345e-02	4.199009e+00
2.446667e+01	9.193930e-02	4.198840e+00
2.450000e+01	9.215195e-02	4.199657e+00
2.453333e+01	9.234514e-02	4.200400e+00
2.456667e+01	9.237467e-02	4.200514e+00
2.460000e+01	9.228634e-02	4.200174e+00
2.463333e+01	9.219960e-02	4.199840e+00
2.466667e+01	9.218221e-02	4.199774e+00
2.470000e+01	9.221861e-02	4.199914e+00
2.473333e+01	9.225737e-02	4.200063e+00
2.476667e+01	9.226691e-02	4.200099e+00
2.480000e+01	9.225205e-02	4.200042e+00
2.483333e+01	9.223481e-02	4.199976e+00
2.486667e+01	9.222980e-02	4.199957e+00
2.490000e+01	9.223580e-02	4.199980e+00
2.493333e+01	9.224344e-02	4.200009e+00
2.496667e+01	9.224599e-02	4.200019e+00
25	9.224359e-02	4.200010e+00
2.503333e+01	9.196426e-02	4.198936e+00
2.506667e+01	9.012920e-02	4.191879e+00
2.510000e+01	8.479200e-02	4.171356e+00
2.513333e+01	7.594072e-02	4.137320e+00
2.516667e+01	6.705709e-02	4.103160e+00
2.520000e+01	6.233102e-02	4.084987e+00
2.523333e+01	6.270527e-02	4.086426e+00
2.526667e+01	6.555895e-02	4.097399e+00
2.530000e+01	6.765666e-02	4.105465e+00
2.533333e+01	6.772526e-02	4.105729e+00
2.536667e+01	6.659188e-02	4.101371e+00
2.540000e+01	6.566118e-02	4.097792e+00
2.543333e+01	6.557920e-02	4.097477e+00
2.546667e+01	6.605015e-02	4.099288e+00
2.550000e+01	6.646827e-02	4.100896e+00
2.553333e+01	6.652592e-02	4.101117e+00
2.556667e+01	6.632991e-02	4.100364e+00
2.560000e+01	6.614204e-02	4.099641e+00
2.563333e+01	6.610710e-02	4.099507e+00
2.566667e+01	6.618809e-02	4.099818e+00
2.570000e+01	6.627216e-02	4.100142e+00
2.573333e+01	6.629169e-02	4.100217e+00
2.576667e+01	6.625852e-02	4.100089e+00
2.580000e+01	6.622107e-02	4.099945e+00
2.583333e+01	6.648666e-02	4.100966e+00
2.586667e+01	6.833389e-02	4.108070e+00
2.590000e+01	7.368865e-02	4.128660e+00
2.593333e+01	8.254674e-02	4.162722e+00
2.596667e+01	9.142560e-02	4.196864e+00
26	9.614398e-02	4.215008e+00
2.603333e+01	9.576640e-02	4.213556e+00
2.606667e+01	9.291455e-02	4.202590e+00
2.610000e+01	9.082021e-02	4.194536e+00
2.613333e+01	9.075320e-02	4.194279e+00
2.616667e+01	9.188590e-02	4.198634e+00
2.620000e+01	9.281513e-02	4.202207e+00
2.623333e+01	9.289636e-02	4.202520e+00
2.626667e+01	9.242565e-02	4.200710e+00
2.630000e+01	9.200817e-02	4.199104e+00
2.633333e+01	9.195087e-02	4.198884e+00
2.636667e+01	9.214679e-02	4.199637e+00
2.640000e+01	9.233439e-02	4.200359e+00
2.643333e+01	9.236917e-02	4.200493e+00
2.646667e+01	9.228821e-02	4.200181e+00
2.650000e+01	9.220425e-02	4.199858e+00
2.653333e+01	9.218480e-02	4.199784e+00
2.656667e+01	9.221796e-02	4.199911e+00
2.660000e+01	9.225536e-02	4.200055e+00
2.663333e+01	9.226570e-02	4.200095e+00
2.666667e+01	9.225226e-02	4.200043e+00
2.670000e+01	9.223567e-02	4.199979e+00
2.673333e+01	9.223036e-02	4.199959e+00
2.676667e+01	9.223575e-02	4.199979e+00
2.680000e+01	9.224307e-02	4.200008e+00
2.683333e+01	9.224573e-02	4.200018e+00
2.686667e+01	9.224360e-02	4.200010e+00
2.690000e+01	9.224038e-02	4.199997e+00
2.693333e+01	9.223907e-02	4.199992e+00
2.696667e+01	9.223990e-02	4.199995e+00
27	9.224131e-02	4.200001e+00
2.703333e+01	9.224194e-02	4.200003e+00
2.706667e+01	9.224163e-02	4.200002e+00
2.710000e+01	9.224102e-02	4.200000e+00
2.713333e+01	9.224071e-02	4.199999e+00
2.716667e+01	9.224083e-02	4.199999e+00
2.720000e+01	9.224110e-02	4.200000e+00
2.723333e+01	9.224124e-02	4.200001e+00
2.726667e+01	9.224120e-02	4.200000e+00
2.730000e+01	9.224108e-02	4.200000e+00
2.733333e+01	9.224102e-02	4.200000e+00
2.736667e+01	9.224103e-02	4.200000e+00
2.740000e+01	9.224108e-02	4.200000e+00
2.743333e+01	9.224111e-02	4.200000e+00
2.746667e+01	9.224111e-02	4.200000e+00
2.750000e+01	9.224108e-02	4.200000e+00
2.753333e+01	9.224107e-02	4.200000e+00
2.756667e+01	9.224107e-02	4.200000e+00
2.760000e+01	9.224108e-02	4.200000e+00
2.763333e+01	9.224109e-02	4.200000e+00
2.766667e+01	9.224109e-02	4.200000e+00
2.770000e+01	9.224108e-02	4.200000e+00
2.773333e+01	9.224108e-02	4.200000e+00
2.776667e+01	9.224108e-02	4.200000e+00
2.780000e+01	9.196511e-02	4.198939e+00
2.783333e+01	9.013133e-02	4.191887e+00
2.786667e+01	8.479319e-02	4.171361e+00
2.790000e+01	7.594042e-02	4.137319e+00
2.793333e+01	6.705617e-02	4.103156e+00
2.796667e+01	6.233046e-02	4.084985e+00
28	6.270537e-02	4.086426e+00
2.803333e+01	6.555935e-02	4.097401e+00
2.806667e+01	6.765691e-02	4.105466e+00
2.810000e+01	6.772524e-02	4.105729e+00
2.813333e+01	6.659171e-02	4.101370e+00
2.816667e+01	6.566106e-02	4.097792e+00
2.820000e+01	6.557920e-02	4.097477e+00
2.823333e+01	6.605022e-02	4.099288e+00
2.826667e+01	6.646832e-02	4.100896e+00
2.830000e+01	6.652592e-02	4.101117e+00
2.833333e+01	6.632988e-02	4.100364e+00
2.836667e+01	6.614202e-02	4.099641e+00
2.840000e+01	6.610710e-02	4.099507e+00
2.843333e+01	6.618810e-02	4.099818e+00
2.846667e+01	6.627217e-02	4.100142e+00
2.850000e+01	6.629169e-02	4.100217e+00
2.853333e+01	6.625852e-02	4.100089e+00
2.856667e+01	6.622107e-02	4.099945e+00
2.860000e+01	6.621069e-02	4.099905e+00
2.863333e+01	6.622414e-02	4.099957e+00
2.866667e+01	6.596478e-02	4.098960e+00
2.870000e+01	6.413632e-02	4.091929e+00
2.873333e+01	5.879279e-02	4.071381e+00
2.876667e+01	4.965673e-02	4.036250e+00
2.880000e+01	3.893602e-02	3.995026e+00
2.883333e+01	2.887430e-02	3.956335e+00
2.886667e+01	2.012369e-02	3.922687e+00
2.890000e+01	1.226095e-02	3.892452e+00
2.893333e+01	4.293840e-03	3.861816e+00
2.896667e+01	-3.841135e-03	3.830535e+00
29	-9.171784e-03	3.810037e+00
2.903333e+01	-7.116144e-03	3.817941e+00
2.906667e+01	3.932380e-03	3.860426e+00
2.910000e+01	2.034655e-02	3.923544e+00
2.913333e+01	3.550993e-02	3.981851e+00
2.916667e+01	4.406307e-02	4.014741e+00
2.920000e+01	4.507611e-02	4.018636e+00
2.923333e+01	4.190326e-02	4.006436e+00
2.926667e+01	3.892190e-02	3.994971e+00
2.930000e+01	3.831391e-02	3.992634e+00
2.933333e+01	3.976649e-02	3.998219e+00
2.936667e+01	4.285782e-02	4.010106e+00
2.940000e+01	4.850734e-02	4.031830e+00
2.943333e+01	5.688263e-02	4.064036e+00
2.946667e+01	6.521250e-02	4.096067e+00
2.950000e+01	6.977744e-02	4.113620e+00
2.953333e+01	6.959603e-02	4.112923e+00
2.956667e+01	6.698748e-02	4.102892e+00
2.960000e+01	6.497165e-02	4.095141e+00
2.963333e+01	6.482600e-02	4.094581e+00
2.966667e+01	6.585130e-02	4.098523e+00
2.970000e+01	6.674124e-02	4.101945e+00
2.973333e+01	6.685353e-02	4.102377e+00
2.976667e+01	6.643003e-02	4.100749e+00
2.980000e+01	6.603184e-02	4.099217e+00
2.983333e+01	6.596249e-02	4.098951e+00
2.986667e+01	6.613775e-02	4.099625e+00
2.990000e+01	6.631602e-02	4.100310e+00
2.993333e+01	6.635537e-02	4.100462e+00
2.996667e+01	6.628341e-02	4.100185e+00
30	6.620391e-02	4.099879e+00
3.003333e+01	6.618277e-02	4.099798e+00
3.006667e+01	6.621203e-02	4.099910e+00
3.010000e+01	6.624733e-02	4.100046e+00
3.013333e+01	6.625826e-02	4.100088e+00
3.016667e+01	6.624650e-02	4.100043e+00
3.020000e+01	6.623090e-02	4.099983e+00
3.023333e+01	6.622539e-02	4.099962e+00
3.026667e+01	6.650603e-02	4.101041e+00
3.030000e+01	6.834668e-02	4.108119e+00
3.033333e+01	7.368754e-02	4.128656e+00
3.036667e+01	8.253848e-02	4.162691e+00
3.040000e+01	9.114375e-02	4.195780e+00
3.043333e+01	9.403436e-02	4.206896e+00
3.046667e+01	8.857169e-02	4.185890e+00
3.050000e+01	7.849912e-02	4.147158e+00
3.053333e+01	7.217304e-02	4.122832e+00
3.056667e+01	7.487999e-02	4.133241e+00
3.060000e+01	8.355658e-02	4.166605e+00
3.063333e+01	9.056950e-02	4.193572e+00
3.066667e+01	9.125044e-02	4.196191e+00
3.070000e+01	8.674907e-02	4.178882e+00
3.073333e+01	8.117303e-02	4.157440e+00
3.076667e+01	7.747407e-02	4.143216e+00
3.080000e+01	7.580730e-02	4.136807e+00
3.083333e+01	7.465907e-02	4.132392e+00
3.086667e+01	7.275617e-02	4.125075e+00
3.090000e+01	6.996402e-02	4.114338e+00
3.093333e+01	6.690772e-02	4.102585e+00
3.096667e+01	6.415660e-02	4.092007e+00
31	6.179847e-02	4.082939e+00
3.103333e+01	5.957384e-02	4.074385e+00
3.106667e+01	5.722744e-02	4.065362e+00
3.110000e+01	5.470784e-02	4.055673e+00
3.113333e+01	5.212199e-02	4.045730e+00
3.116667e+01	4.958393e-02	4.035970e+00
3.120000e+01	4.712186e-02	4.026503e+00
3.123333e+01	4.471841e-02	4.017261e+00
3.126667e+01	4.219524e-02	4.007558e+00
3.130000e+01	3.858945e-02	3.993693e+00
3.133333e+01	3.203089e-02	3.968473e+00
3.136667e+01	2.097696e-02	3.925968e+00
3.140000e+01	5.293871e-03	3.865661e+00
3.143333e+01	-1.327796e-02	3.794247e+00
3.146667e+01	-3.056960e-02	3.727755e+00
3.150000e+01	-4.146113e-02	3.685874e+00
3.153333e+01	-4.385991e-02	3.676650e+00
3.156667e+01	-4.059942e-02	3.689188e+00
3.160000e+01	-3.672680e-02	3.704079e+00
3.163333e+01	-3.570350e-02	3.708014e+00
3.166667e+01	-3.866546e-02	3.696624e+00
3.170000e+01	-4.561883e-02	3.669887e+00
3.173333e+01	-5.509432e-02	3.633450e+00
3.176667e+01	-6.354138e-02	3.600969e+00
3.180000e+01	-6.756520e-02	3.585496e+00
3.183333e+01	-6.688998e-02	3.588093e+00
3.186667e+01	-6.420460e-02	3.598419e+00
3.190000e+01	-6.268937e-02	3.604245e+00
3.193333e+01	-6.459903e-02	3.596902e+00
3.196667e+01	-7.100742e-02	3.572260e+00
32	-8.065760e-02	3.535152e+00
3.203333e+01	-8.955517e-02	3.500938e+00
3.206667e+01	-9.383277e-02	3.484489e+00
3.210000e+01	-9.309744e-02	3.487317e+00
3.213333e+01	-9.021812e-02	3.498389e+00
3.216667e+01	-8.830872e-02	3.505731e+00
3.220000e+01	-8.840341e-02	3.505367e+00
3.223333e+01	-8.955680e-02	3.500932e+00
3.226667e+01	-9.040893e-02	3.497655e+00
3.230000e+01	-9.041738e-02	3.497623e+00
3.233333e+01	-8.993381e-02	3.499482e+00
3.236667e+01	-8.954822e-02	3.500965e+00
3.240000e+01	-8.952353e-02	3.501060e+00
3.243333e+01	-8.972674e-02	3.500278e+00
3.246667e+01	-8.962528e-02	3.500668e+00
3.250000e+01	-8.781173e-02	3.507642e+00
3.253333e+01	-8.238873e-02	3.528495e+00
3.256667e+01	-7.345733e-02	3.562839e+00
3.260000e+01	-6.456008e-02	3.597052e+00
3.263333e+01	-5.986954e-02	3.615088e+00
3.266667e+01	-6.000374e-02	3.614572e+00
3.270000e+01	-6.103143e-02	3.610620e+00
3.273333e+01	-5.750042e-02	3.624198e+00
3.276667e+01	-4.659049e-02	3.666150e+00
3.280000e+01	-2.939672e-02	3.732266e+00
3.283333e+01	-9.555352e-03	3.808562e+00
3.286667e+01	7.881625e-03	3.875612e+00
3.290000e+01	1.816447e-02	3.915153e+00
3.293333e+01	2.000198e-02	3.922219e+00
3.296667e+01	1.665027e-02	3.909330e+00
33	1.330533e-02	3.896468e+00
3.303333e+01	1.409079e-02	3.899488e+00
3.306667e+01	2.060955e-02	3.924555e+00
3.310000e+01	3.097394e-02	3.964409e+00
3.313333e+01	4.036890e-02	4.000536e+00
3.316667e+01	4.462892e-02	4.016917e+00
3.320000e+01	4.359437e-02	4.012939e+00
3.323333e+01	4.048986e-02	4.001001e+00
3.326667e+01	3.857577e-02	3.993640e+00
3.330000e+01	3.879677e-02	3.994490e+00
3.333333e+01	4.005246e-02	3.999319e+00
3.336667e+01	4.063632e-02	4.001564e+00
3.340000e+01	3.875795e-02	3.994341e+00
3.343333e+01	3.288996e-02	3.971777e+00
3.346667e+01	2.364574e-02	3.936230e+00
3.350000e+01	1.475891e-02	3.902057e+00
3.353333e+01	1.025724e-02	3.884747e+00
3.356667e+01	1.081032e-02	3.886874e+00
3.360000e+01	1.367539e-02	3.897891e+00
3.363333e+01	1.567876e-02	3.905595e+00
3.366667e+01	1.566637e-02	3.905547e+00
3.370000e+01	1.452359e-02	3.901153e+00
3.373333e+01	1.363228e-02	3.897725e+00
3.376667e+01	1.358680e-02	3.897550e+00
3.380000e+01	1.406379e-02	3.899384e+00
3.383333e+01	1.446558e-02	3.900929e+00
3.386667e+01	1.450687e-02	3.901088e+00
3.390000e+01	1.430738e-02	3.900321e+00
3.393333e+01	1.412622e-02	3.899625e+00
3.396667e+01	1.409858e-02	3.899518e+00
34	1.418145e-02	3.899837e+00
3.403333e+01	1.426279e-02	3.900150e+00
3.406667e+01	1.427908e-02	3.900212e+00
3.410000e+01	1.424493e-02	3.900081e+00
3.413333e+01	1.420858e-02	3.899941e+00
3.416667e+01	1.419964e-02	3.899907e+00
3.420000e+01	1.421358e-02	3.899960e+00
3.423333e+01	1.422975e-02	3.900023e+00
3.426667e+01	1.451042e-02	3.901102e+00
3.430000e+01	1.633857e-02	3.908132e+00
3.433333e+01	2.166955e-02	3.928631e+00
3.436667e+01	3.051992e-02	3.962663e+00
3.440000e+01	3.940642e-02	3.996835e+00
3.443333e+01	4.413528e-02	4.015019e+00
3.446667e+01	4.376157e-02	4.013581e+00
3.450000e+01	4.090671e-02	4.002604e+00
3.453333e+01	3.880775e-02	3.994533e+00
3.456667e+01	3.873885e-02	3.994268e+00
3.460000e+01	3.987272e-02	3.998628e+00
3.463333e+01	4.080397e-02	4.002209e+00
3.466667e+01	4.088611e-02	4.002524e+00
3.470000e+01	4.041496e-02	4.000713e+00
3.473333e+01	3.999660e-02	3.999104e+00
3.476667e+01	3.993886e-02	3.998882e+00
3.480000e+01	4.013495e-02	3.999636e+00
3.483333e+01	4.032293e-02	4.000359e+00
3.486667e+01	4.035791e-02	4.000493e+00
3.490000e+01	4.027690e-02	4.000182e+00
3.493333e+01	4.019278e-02	3.999858e+00
3.496667e+01	4.017323e-02	3.999783e+00
35	4.020640e-02	3.999911e+00
3.503333e+01	4.024387e-02	4.000055e+00
3.506667e+01	4.025426e-02	4.000095e+00
3.510000e+01	4.024081e-02	4.000043e+00
3.513333e+01	4.022420e-02	3.999979e+00
3.516667e+01	4.021886e-02	3.999959e+00
3.520000e+01	4.022425e-02	3.999979e+00
3.523333e+01	4.023159e-02	4.000008e+00
3.526667e+01	4.023426e-02	4.000018e+00
3.530000e+01	4.023213e-02	4.000010e+00
3.533333e+01	4.022890e-02	3.999997e+00
3.536667e+01	4.022759e-02	3.999992e+00
3.540000e+01	3.995245e-02	3.998934e+00
3.543333e+01	3.812008e-02	3.991888e+00
3.546667e+01	3.278257e-02	3.971364e+00
3.550000e+01	2.392949e-02	3.937321e+00
3.553333e+01	1.504463e-02	3.903156e+00
3.556667e+01	1.031861e-02	3.884983e+00
3.560000e+01	1.069363e-02	3.886425e+00
3.563333e+01	1.354788e-02	3.897401e+00
3.566667e+01	1.564559e-02	3.905467e+00
3.570000e+01	1.571387e-02	3.905730e+00
3.573333e+01	1.458023e-02	3.901370e+00
3.576667e+01	1.364952e-02	3.897791e+00
3.580000e+01	1.356767e-02	3.897477e+00
3.583333e+01	1.403874e-02	3.899288e+00
3.586667e+01	1.445687e-02	3.900896e+00
3.590000e+01	1.451447e-02	3.901117e+00
3.593333e+01	1.431841e-02	3.900364e+00
3.596667e+01	1.413052e-02	3.899641e+00
36	1.409561e-02	3.899507e+00
3.603333e+01	1.417662e-02	3.899818e+00
3.606667e+01	1.426069e-02	3.900142e+00
3.610000e+01	1.428022e-02	3.900217e+00
3.613333e+01	1.424704e-02	3.900089e+00
3.616667e+01	1.420959e-02	3.899945e+00
3.620000e+01	1.419921e-02	3.899905e+00
3.623333e+01	1.421266e-02	3.899957e+00
3.626667e+01	1.422927e-02	3.900021e+00
3.630000e+01	1.423460e-02	3.900041e+00
3.633333e+01	1.422921e-02	3.900021e+00
3.636667e+01	1.422188e-02	3.899992e+00
3.640000e+01	1.421921e-02	3.899982e+00
3.643333e+01	1.422134e-02	3.899990e+00
3.646667e+01	1.422456e-02	3.900003e+00
3.650000e+01	1.422587e-02	3.900008e+00
3.653333e+01	1.422504e-02	3.900005e+00
3.656667e+01	1.422363e-02	3.899999e+00
3.660000e+01	1.422300e-02	3.899997e+00
3.663333e+01	1.422331e-02	3.899998e+00
3.666667e+01	1.422393e-02	3.900000e+00
3.670000e+01	1.422423e-02	3.900001e+00
3.673333e+01	1.422412e-02	3.900001e+00
3.676667e+01	1.422385e-02	3.900000e+00
3.680000e+01	1.422371e-02	3.899999e+00
3.683333e+01	1.422375e-02	3.900000e+00
3.686667e+01	1.422386e-02	3.900000e+00
3.690000e+01	1.422393e-02	3.900000e+00
3.693333e+01	1.422391e-02	3.900000e+00
3.696667e+01	1.422387e-02	3.900000e+00
37	1.422383e-02	3.900000e+00
3.703333e+01	1.422384e-02	3.900000e+00
3.706667e+01	1.422386e-02	3.900000e+00
3.710000e+01	1.422387e-02	3.900000e+00
3.713333e+01	1.422387e-02	3.900000e+00
3.716667e+01	1.422386e-02	3.900000e+00
3.720000e+01	1.422386e-02	3.900000e+00
3.723333e+01	1.422386e-02	3.900000e+00
3.726667e+01	1.422386e-02	3.900000e+00
3.730000e+01	1.422386e-02	3.900000e+00
3.733333e+01	1.394789e-02	3.898939e+00
3.736667e+01	1.211411e-02	3.891887e+00
3.740000e+01	6.775963e-03	3.871361e+00
3.743333e+01	-2.076799e-03	3.837319e+00
3.746667e+01	-1.096105e-02	3.803156e+00
3.750000e+01	-1.568676e-02	3.784985e+00
3.753333e+01	-1.503588e-02	3.787487e+00
3.756667e+01	-1.034812e-02	3.805513e+00
3.760000e+01	-2.912408e-03	3.834106e+00
3.763333e+01	6.008678e-03	3.868410e+00
3.766667e+01	1.375940e-02	3.898214e+00
3.770000e+01	1.755446e-02	3.912807e+00
3.773333e+01	1.709770e-02	3.911051e+00
3.776667e+01	1.471474e-02	3.901888e+00
3.780000e+01	1.303527e-02	3.895430e+00
3.783333e+01	1.302455e-02	3.895388e+00
3.786667e+01	1.396204e-02	3.898993e+00
3.790000e+01	1.470482e-02	3.901849e+00
3.793333e+01	1.502773e-02	3.903091e+00
3.796667e+01	1.647149e-02	3.908643e+00
38	2.147561e-02	3.927885e+00
3.803333e+01	3.029029e-02	3.961780e+00
3.806667e+01	3.933740e-02	3.996569e+00
3.810000e+01	4.421353e-02	4.015319e+00
3.813333e+01	4.386317e-02	4.013972e+00
3.816667e+01	4.094164e-02	4.002738e+00
3.820000e+01	3.877661e-02	3.994413e+00
3.823333e+01	3.869409e-02	3.994096e+00
3.826667e+01	3.985541e-02	3.998561e+00
3.830000e+01	4.081617e-02	4.002256e+00
3.833333e+01	4.090574e-02	4.002600e+00
3.836667e+01	4.042339e-02	4.000745e+00
3.840000e+01	3.999191e-02	3.999086e+00
3.843333e+01	3.993029e-02	3.998849e+00
3.846667e+01	4.013090e-02	3.999620e+00
3.850000e+01	4.032469e-02	4.000366e+00
3.853333e+01	4.036164e-02	4.000508e+00
3.856667e+01	4.027882e-02	4.000189e+00
3.860000e+01	4.019214e-02	3.999856e+00
3.863333e+01	4.017161e-02	3.999777e+00
3.866667e+01	4.020550e-02	3.999907e+00
3.870000e+01	4.024409e-02	4.000056e+00
3.873333e+01	4.025496e-02	4.000098e+00
3.876667e+01	4.024123e-02	4.000045e+00
3.880000e+01	4.022413e-02	3.999979e+00
3.883333e+01	4.021856e-02	3.999958e+00
3.886667e+01	4.022406e-02	3.999979e+00
3.890000e+01	4.023161e-02	4.000008e+00
3.893333e+01	4.023439e-02	4.000018e+00
3.896667e+01	4.023222e-02	4.000010e+00
39	4.022890e-02	3.999997e+00
3.903333e+01	4.022754e-02	3.999992e+00
3.906667e+01	4.022838e-02	3.999995e+00
3.910000e+01	3.995386e-02	3.998940e+00
3.913333e+01	3.812073e-02	3.991891e+00
3.916667e+01	3.278227e-02	3.971363e+00
3.920000e+01	2.392888e-02	3.937319e+00
3.923333e+01	1.504431e-02	3.903155e+00
3.926667e+01	1.031872e-02	3.884984e+00
3.930000e+01	1.069390e-02	3.886426e+00
3.933333e+01	1.382400e-02	3.898462e+00
3.936667e+01	1.775531e-02	3.913579e+00
3.940000e+01	2.316166e-02	3.934369e+00
3.943333e+01	3.088082e-02	3.964051e+00
3.946667e+01	3.883444e-02	3.994635e+00
3.950000e+01	4.347834e-02	4.012492e+00
3.953333e+01	4.357449e-02	4.012862e+00
3.956667e+01	4.113860e-02	4.003495e+00
3.960000e+01	3.909861e-02	3.995651e+00
3.963333e+01	3.883424e-02	3.994634e+00
3.966667e+01	3.977990e-02	3.998271e+00
3.970000e+01	4.095161e-02	4.002776e+00
3.973333e+01	4.294826e-02	4.010454e+00
3.976667e+01	4.789945e-02	4.029493e+00
3.980000e+01	5.635363e-02	4.062002e+00
3.983333e+01	6.514710e-02	4.095815e+00
3.986667e+01	7.003140e-02	4.114597e+00
3.990000e+01	6.983399e-02	4.113838e+00
3.993333e+01	6.702838e-02	4.103049e+00
3.996667e+01	6.486642e-02	4.094736e+00
40	6.471935e-02	4.094171e+00
4.003333e+01	6.582797e-02	4.098434e+00
4.006667e+01	6.678446e-02	4.102112e+00
4.010000e+01	6.690110e-02	4.102560e+00
4.013333e+01	6.644259e-02	4.100797e+00
4.016667e+01	6.601426e-02	4.099150e+00
4.020000e+01	6.594136e-02	4.098870e+00
4.023333e+01	6.613125e-02	4.099600e+00
4.026667e+01	6.632309e-02	4.100337e+00
4.030000e+01	6.636471e-02	4.100497e+00
4.033333e+01	6.628669e-02	4.100197e+00
4.036667e+01	6.620110e-02	4.099868e+00
4.040000e+01	6.617866e-02	4.099782e+00
4.043333e+01	6.621041e-02	4.099904e+00
4.046667e+01	6.624842e-02	4.100050e+00
4.050000e+01	6.626006e-02	4.100095e+00
4.053333e+01	6.624729e-02	4.100046e+00
4.056667e+01	6.650645e-02	4.101043e+00
4.060000e+01	6.833436e-02	4.108071e+00
4.063333e+01	7.367758e-02	4.128618e+00
4.066667e+01	8.253774e-02	4.162688e+00
4.070000e+01	9.142489e-02	4.196861e+00
4.073333e+01	9.614862e-02	4.215026e+00
4.076667e+01	9.577047e-02	4.213572e+00
4.080000e+01	9.291508e-02	4.202592e+00
4.083333e+01	9.081827e-02	4.194529e+00
4.086667e+01	9.075136e-02	4.194272e+00
4.090000e+01	9.188557e-02	4.198633e+00
4.093333e+01	9.281593e-02	4.202210e+00
4.096667e+01	9.289718e-02	4.202523e+00
41	9.242584e-02	4.200710e+00
4.103333e+01	9.200784e-02	4.199103e+00
4.106667e+01	9.195050e-02	4.198883e+00
4.110000e+01	9.214670e-02	4.199637e+00
4.113333e+01	9.233453e-02	4.200359e+00
4.116667e+01	9.236933e-02	4.200493e+00
4.120000e+01	9.228826e-02	4.200181e+00
4.123333e+01	9.220420e-02	4.199858e+00
4.126667e+01	9.218473e-02	4.199783e+00
4.130000e+01	9.221793e-02	4.199911e+00
4.133333e+01	9.225538e-02	4.200055e+00
4.136667e+01	9.254171e-02	4.201156e+00
4.140000e+01	9.436202e-02	4.208156e+00
4.143333e+01	9.968356e-02	4.228619e+00
4.146667e+01	1.085310e-01	4.262640e+00
4.150000e+01	1.174207e-01	4.296823e+00
4.153333e+01	1.221537e-01	4.315023e+00
4.156667e+01	1.217815e-01	4.313592e+00
4.160000e+01	1.189253e-01	4.302609e+00
4.163333e+01	1.168245e-01	4.294531e+00
4.166667e+01	1.167549e-01	4.294263e+00
4.170000e+01	1.178893e-01	4.298625e+00
4.173333e+01	1.188213e-01	4.302209e+00
4.176667e+01	1.189038e-01	4.302526e+00
4.180000e+01	1.184325e-01	4.300714e+00
4.183333e+01	1.180138e-01	4.299104e+00
4.186667e+01	1.179559e-01	4.298881e+00
4.190000e+01	1.181520e-01	4.299635e+00
4.193333e+01	1.183402e-01	4.300359e+00
4.196667e+01	1.183752e-01	4.300494e+00
42	1.182942e-01	4.300182e+00
4.203333e+01	1.182100e-01	4.299858e+00
4.206667e+01	1.181904e-01	4.299783e+00
4.210000e+01	1.182236e-01	4.299911e+00
4.213333e+01	1.182611e-01	4.300055e+00
4.216667e+01	1.182715e-01	4.300095e+00
4.220000e+01	1.182580e-01	4.300043e+00
4.223333e+01	1.182414e-01	4.299979e+00
4.226667e+01	1.185120e-01	4.301020e+00
4.230000e+01	1.203512e-01	4.308092e+00
4.233333e+01	1.254207e-01	4.327586e+00
4.236667e+01	1.324424e-01	4.354586e+00
4.240000e+01	1.359864e-01	4.368214e+00
4.243333e+01	1.318561e-01	4.352332e+00
4.246667e+01	1.225956e-01	4.316722e+00
4.250000e+01	1.150168e-01	4.287579e+00
4.253333e+01	1.132955e-01	4.280961e+00
4.256667e+01	1.160818e-01	4.291675e+00
4.260000e+01	1.193126e-01	4.304098e+00
4.263333e+01	1.203109e-01	4.307937e+00
4.266667e+01	1.192590e-01	4.303892e+00
4.270000e+01	1.178574e-01	4.298503e+00
4.273333e+01	1.173577e-01	4.296581e+00
4.276667e+01	1.177713e-01	4.298171e+00
4.280000e+01	1.183854e-01	4.300533e+00
4.283333e+01	1.183548e-01	4.300415e+00
4.286667e+01	1.163598e-01	4.292744e+00
4.290000e+01	1.107528e-01	4.271183e+00
4.293333e+01	1.017811e-01	4.236684e+00
4.296667e+01	9.295835e-02	4.202758e+00
43	8.834988e-02	4.185037e+00
4.303333e+01	8.878173e-02	4.186698e+00
4.306667e+01	9.161290e-02	4.197584e+00
4.310000e+01	9.365957e-02	4.205455e+00
4.313333e+01	9.370092e-02	4.205614e+00
4.316667e+01	9.257552e-02	4.201286e+00
4.320000e+01	9.166687e-02	4.197792e+00
4.323333e+01	9.159766e-02	4.197526e+00
4.326667e+01	9.206596e-02	4.199327e+00
4.330000e+01	9.247460e-02	4.200898e+00
4.333333e+01	9.252631e-02	4.201097e+00
4.336667e+01	9.233109e-02	4.200346e+00
4.340000e+01	9.214727e-02	4.199639e+00
4.343333e+01	9.211508e-02	4.199515e+00
4.346667e+01	9.219588e-02	4.199826e+00
4.350000e+01	9.227823e-02	4.200143e+00
4.353333e+01	9.229650e-02	4.200213e+00
4.356667e+01	9.226334e-02	4.200086e+00
4.360000e+01	9.222662e-02	4.199944e+00
4.363333e+01	9.221681e-02	4.199907e+00
4.366667e+01	9.223029e-02	4.199959e+00
4.370000e+01	9.224659e-02	4.200021e+00
4.373333e+01	9.225166e-02	4.200041e+00
4.376667e+01	9.224625e-02	4.200020e+00
4.380000e+01	9.223904e-02	4.199992e+00
4.383333e+01	9.223649e-02	4.199982e+00
4.386667e+01	9.223864e-02	4.199991e+00
4.390000e+01	9.224181e-02	4.200003e+00
4.393333e+01	9.224307e-02	4.200008e+00
4.396667e+01	9.224223e-02	4.200004e+00
44	9.224084e-02	4.199999e+00
4.403333e+01	9.224023e-02	4.199997e+00
4.406667e+01	9.224055e-02	4.199998e+00
4.410000e+01	9.224115e-02	4.200000e+00
4.413333e+01	9.224145e-02	4.200001e+00
4.416667e+01	9.224133e-02	4.200001e+00
4.420000e+01	9.224107e-02	4.200000e+00
4.423333e+01	9.224093e-02	4.199999e+00
4.426667e+01	9.224097e-02	4.200000e+00
4.430000e+01	9.224108e-02	4.200000e+00
4.433333e+01	9.224115e-02	4.200000e+00
4.436667e+01	9.224113e-02	4.200000e+00
4.440000e+01	9.224108e-02	4.200000e+00
4.443333e+01	9.224105e-02	4.200000e+00
4.446667e+01	9.224106e-02	4.200000e+00
4.450000e+01	9.224108e-02	4.200000e+00
4.453333e+01	9.224109e-02	4.200000e+00
4.456667e+01	9.224109e-02	4.200000e+00
4.460000e+01	9.224108e-02	4.200000e+00
4.463333e+01	9.224108e-02	4.200000e+00
4.466667e+01	9.196511e-02	4.198939e+00
4.470000e+01	9.013133e-02	4.191887e+00
4.473333e+01	8.479319e-02	4.171361e+00
4.476667e+01	7.594042e-02	4.137319e+00
4.480000e+01	6.705617e-02	4.103156e+00
4.483333e+01	6.233046e-02	4.084985e+00
4.486667e+01	6.270537e-02	4.086426e+00
4.490000e+01	6.555935e-02	4.097401e+00
4.493333e+01	6.765692e-02	4.105466e+00
4.496667e+01	6.772524e-02	4.105729e+00
45	6.659171e-02	4.101370e+00
4.503333e+01	6.566106e-02	4.097792e+00
4.506667e+01	6.557920e-02	4.097477e+00
4.510000e+01	6.605022e-02	4.099288e+00
4.513333e+01	6.646832e-02	4.100896e+00
4.516667e+01	6.652592e-02	4.101117e+00
4.520000e+01	6.632988e-02	4.100364e+00
4.523333e+01	6.614202e-02	4.099641e+00
4.526667e+01	6.638307e-02	4.100568e+00
4.530000e+01	6.829785e-02	4.107931e+00
4.533333e+01	7.372007e-02	4.128781e+00
4.536667e+01	8.259235e-02	4.162898e+00
4.540000e+01	9.144343e-02	4.196933e+00
4.543333e+01	9.640766e-02	4.216022e+00
4.546667e+01	9.785616e-02	4.221592e+00
4.550000e+01	1.003538e-01	4.231196e+00
4.553333e+01	1.071256e-01	4.257235e+00
4.556667e+01	1.159468e-01	4.291156e+00
4.560000e+01	1.218007e-01	4.313666e+00
4.563333e+01	1.223491e-01	4.315774e+00
4.566667e+01	1.198503e-01	4.306166e+00
4.570000e+01	1.191176e-01	4.303348e+00
4.573333e+01	1.239725e-01	4.322017e+00
4.576667e+01	1.339025e-01	4.360201e+00
4.580000e+01	1.439127e-01	4.398693e+00
4.583333e+01	1.489067e-01	4.417897e+00
4.586667e+01	1.480950e-01	4.414775e+00
4.590000e+01	1.447423e-01	4.401883e+00
4.593333e+01	1.425036e-01	4.393275e+00
4.596667e+01	1.426121e-01	4.393692e+00
46	1.439666e-01	4.398900e+00
4.603333e+01	1.449693e-01	4.402756e+00
4.606667e+01	1.447045e-01	4.401738e+00
4.610000e+01	1.423022e-01	4.392500e+00
4.613333e+01	1.365099e-01	4.370227e+00
4.616667e+01	1.276275e-01	4.336071e+00
4.620000e+01	1.189821e-01	4.302827e+00
4.623333e+01	1.144619e-01	4.285446e+00
4.626667e+01	1.148609e-01	4.286980e+00
4.630000e+01	1.176152e-01	4.297571e+00
4.633333e+01	1.196201e-01	4.305281e+00
4.636667e+01	1.196730e-01	4.305484e+00
4.640000e+01	1.185808e-01	4.301284e+00
4.643333e+01	1.176917e-01	4.297865e+00
4.646667e+01	1.176187e-01	4.297585e+00
4.650000e+01	1.180727e-01	4.299331e+00
4.653333e+01	1.184723e-01	4.300867e+00
4.656667e+01	1.185251e-01	4.301070e+00
4.660000e+01	1.183360e-01	4.300343e+00
4.663333e+01	1.181564e-01	4.299652e+00
4.666667e+01	1.181239e-01	4.299527e+00
4.670000e+01	1.182022e-01	4.299828e+00
4.673333e+01	1.182826e-01	4.300138e+00
4.676667e+01	1.183008e-01	4.300208e+00
4.680000e+01	1.182688e-01	4.300084e+00
4.683333e+01	1.185089e-01	4.301008e+00
4.686667e+01	1.203329e-01	4.308022e+00
4.690000e+01	1.256841e-01	4.328599e+00
4.693333e+01	1.345528e-01	4.362701e+00
4.696667e+01	1.434420e-01	4.396883e+00
47	1.481625e-01	4.415035e+00
4.703333e+01	1.477806e-01	4.413566e+00
4.706667e+01	1.449241e-01	4.402582e+00
4.710000e+01	1.428286e-01	4.394524e+00
4.713333e+01	1.424874e-01	4.393212e+00
4.716667e+01	1.417884e-01	4.390524e+00
4.720000e+01	1.373801e-01	4.373573e+00
4.723333e+01	1.286078e-01	4.339841e+00
4.726667e+01	1.192519e-01	4.303865e+00
4.730000e+01	1.141084e-01	4.284087e+00
4.733333e+01	1.144263e-01	4.285309e+00
4.736667e+01	1.174766e-01	4.297038e+00
4.740000e+01	1.197620e-01	4.305826e+00
4.743333e+01	1.198649e-01	4.306222e+00
4.746667e+01	1.186503e-01	4.301551e+00
4.750000e+01	1.176356e-01	4.297650e+00
4.753333e+01	1.175343e-01	4.297260e+00
4.756667e+01	1.183146e-01	4.300260e+00
4.760000e+01	1.206039e-01	4.309064e+00
4.763333e+01	1.260100e-01	4.329852e+00
4.766667e+01	1.346348e-01	4.363017e+00
4.770000e+01	1.431739e-01	4.395852e+00
4.773333e+01	1.473629e-01	4.411960e+00
4.776667e+01	1.459877e-01	4.406672e+00
4.780000e+01	1.415461e-01	4.389593e+00
4.783333e+01	1.374767e-01	4.373945e+00
4.786667e+01	1.354040e-01	4.365975e+00
4.790000e+01	1.347181e-01	4.363337e+00
4.793333e+01	1.339981e-01	4.360568e+00
4.796667e+01	1.324598e-01	4.354653e+00
48	1.302969e-01	4.346336e+00
4.803333e+01	1.281127e-01	4.337937e+00
4.806667e+01	1.262720e-01	4.330859e+00
4.810000e+01	1.247140e-01	4.324868e+00
4.813333e+01	1.231807e-01	4.318972e+00
4.816667e+01	1.215219e-01	4.312594e+00
4.820000e+01	1.198577e-01	4.306194e+00
4.823333e+01	1.185316e-01	4.301095e+00
4.826667e+01	1.178557e-01	4.298496e+00
4.830000e+01	1.178295e-01	4.298395e+00
4.833333e+01	1.178530e-01	4.298486e+00
4.836667e+01	1.162690e-01	4.292395e+00
4.840000e+01	1.106887e-01	4.270937e+00
4.843333e+01	9.961423e-02	4.228352e+00
4.846667e+01	8.317567e-02	4.165141e+00
4.850000e+01	6.240587e-02	4.085275e+00
4.853333e+01	3.975144e-02	3.998161e+00
4.856667e+01	1.991389e-02	3.921880e+00
4.860000e+01	6.953313e-03	3.872043e+00
4.863333e+01	1.678527e-04	3.845950e+00
4.866667e+01	-4.512994e-03	3.827951e+00
4.870000e+01	-9.313715e-03	3.809491e+00
4.873333e+01	-1.308128e-02	3.795003e+00
4.876667e+01	-1.422188e-02	3.790617e+00
4.880000e+01	-1.309290e-02	3.794959e+00
4.883333e+01	-1.175826e-02	3.800091e+00
4.886667e+01	-1.291662e-02	3.795637e+00
4.890000e+01	-1.863091e-02	3.773663e+00
4.893333e+01	-2.816836e-02	3.736989e+00
4.896667e+01	-3.710200e-02	3.702636e+00
49	-3.985693e-02	3.692043e+00
4.903333e+01	-3.384852e-02	3.715147e+00
4.906667e+01	-2.198799e-02	3.760754e+00
4.910000e+01	-1.105542e-02	3.802793e+00
4.913333e+01	-6.389035e-03	3.820737e+00
4.916667e+01	-7.969689e-03	3.814659e+00
4.920000e+01	-1.173754e-02	3.800170e+00
4.923333e+01	-1.386201e-02	3.792001e+00
4.926667e+01	-1.342565e-02	3.793679e+00
4.930000e+01	-1.187922e-02	3.799626e+00
4.933333e+01	-1.091452e-02	3.803335e+00
4.936667e+01	-1.104428e-02	3.802836e+00
4.940000e+01	-1.170184e-02	3.800308e+00
4.943333e+01	-1.214482e-02	3.798604e+00
4.946667e+01	-1.211426e-02	3.798722e+00
4.950000e+01	-1.183431e-02	3.799798e+00
4.953333e+01	-1.163118e-02	3.800579e+00
4.956667e+01	-1.163270e-02	3.800574e+00
4.960000e+01	-1.147530e-02	3.801179e+00
4.963333e+01	-9.734170e-03	3.807874e+00
4.966667e+01	-4.400611e-03	3.828383e+00
4.970000e+01	4.502066e-03	3.862617e+00
4.973333e+01	1.370431e-02	3.898002e+00
4.976667e+01	2.054409e-02	3.924303e+00
4.980000e+01	2.732024e-02	3.950360e+00
4.983333e+01	3.863820e-02	3.993881e+00
4.986667e+01	5.427475e-02	4.054008e+00
4.990000e+01	6.782505e-02	4.106113e+00
4.993333e+01	7.331790e-02	4.127235e+00
4.996667e+01	7.102137e-02	4.118404e+00
50	6.614811e-02	4.099665e+00
5.003333e+01	6.350739e-02	4.089510e+00
5.006667e+01	6.415356e-02	4.091995e+00
5.010000e+01	6.616160e-02	4.099716e+00
5.013333e+01	6.737184e-02	4.104370e+00
5.016667e+01	6.717104e-02	4.103598e+00
5.020000e+01	6.659221e-02	4.101372e+00
5.023333e+01	6.786855e-02	4.106280e+00
5.026667e+01	7.326081e-02	4.127015e+00
5.030000e+01	8.247819e-02	4.162459e+00
5.033333e+01	9.161873e-02	4.197607e+00
5.036667e+01	9.633593e-02	4.215746e+00
5.040000e+01	9.580624e-02	4.213709e+00
5.043333e+01	9.283507e-02	4.202284e+00
5.046667e+01	9.073449e-02	4.194207e+00
5.050000e+01	9.073150e-02	4.194195e+00
5.053333e+01	9.191830e-02	4.198759e+00
5.056667e+01	9.285324e-02	4.202354e+00
5.060000e+01	9.290770e-02	4.202563e+00
5.063333e+01	9.241258e-02	4.200659e+00
5.066667e+01	9.199131e-02	4.199040e+00
5.070000e+01	9.194512e-02	4.198862e+00
5.073333e+01	9.215200e-02	4.199657e+00
5.076667e+01	9.234182e-02	4.200387e+00
5.080000e+01	9.237202e-02	4.200503e+00
5.083333e+01	9.228617e-02	4.200173e+00
5.086667e+01	9.220099e-02	4.199846e+00
5.090000e+01	9.218341e-02	4.199778e+00
5.093333e+01	9.221875e-02	4.199914e+00
5.096667e+01	9.225678e-02	4.200060e+00
51	9.226637e-02	4.200097e+00
5.103333e+01	9.225196e-02	4.200042e+00
5.106667e+01	9.223505e-02	4.199977e+00
5.110000e+01	9.223004e-02	4.199958e+00
5.113333e+01	9.251182e-02	4.201041e+00
5.116667e+01	9.435309e-02	4.208121e+00
5.120000e+01	9.941781e-02	4.227597e+00
5.123333e+01	1.064345e-01	4.254578e+00
5.126667e+01	1.099773e-01	4.268201e+00
5.130000e+01	1.058490e-01	4.252326e+00
5.133333e+01	9.659072e-02	4.216726e+00
5.136667e+01	8.901248e-02	4.187585e+00
5.140000e+01	8.729043e-02	4.180963e+00
5.143333e+01	9.007574e-02	4.191674e+00
5.146667e+01	9.330620e-02	4.204096e+00
5.150000e+01	9.458084e-02	4.208997e+00
5.153333e+01	9.536309e-02	4.212005e+00
5.156667e+01	9.929984e-02	4.227143e+00
5.160000e+01	1.076528e-01	4.259263e+00
5.163333e+01	1.169504e-01	4.295015e+00
5.166667e+01	1.222901e-01	4.315548e+00
5.170000e+01	1.221606e-01	4.315050e+00
5.173333e+01	1.191455e-01	4.303456e+00
5.176667e+01	1.167792e-01	4.294356e+00
5.180000e+01	1.163159e-01	4.292575e+00
5.183333e+01	1.156771e-01	4.290119e+00
5.186667e+01	1.113869e-01	4.273621e+00
5.190000e+01	1.026729e-01	4.240114e+00
5.193333e+01	9.329485e-02	4.204052e+00
5.196667e+01	8.810015e-02	4.184077e+00
52	8.839047e-02	4.185193e+00
5.203333e+01	9.144862e-02	4.196953e+00
5.206667e+01	9.348007e-02	4.204764e+00
5.210000e+01	9.176219e-02	4.198159e+00
5.213333e+01	8.520679e-02	4.172951e+00
5.216667e+01	7.532985e-02	4.134971e+00
5.220000e+01	6.633833e-02	4.100396e+00
5.223333e+01	6.211764e-02	4.084166e+00
5.226667e+01	6.295214e-02	4.087375e+00
5.230000e+01	6.587682e-02	4.098621e+00
5.233333e+01	6.776470e-02	4.105881e+00
5.236667e+01	6.762682e-02	4.105351e+00
5.240000e+01	6.645180e-02	4.100832e+00
5.243333e+01	6.560756e-02	4.097586e+00
5.246667e+01	6.561783e-02	4.097625e+00
5.250000e+01	6.611161e-02	4.099524e+00
5.253333e+01	6.649443e-02	4.100996e+00
5.256667e+01	6.651105e-02	4.101060e+00
5.260000e+01	6.630307e-02	4.100260e+00
5.263333e+01	6.612945e-02	4.099593e+00
5.266667e+01	6.611268e-02	4.099528e+00
5.270000e+01	6.619976e-02	4.099863e+00
5.273333e+01	6.627814e-02	4.100165e+00
5.276667e+01	6.628967e-02	4.100209e+00
5.280000e+01	6.625347e-02	4.100070e+00
5.283333e+01	6.621825e-02	4.099934e+00
5.286667e+01	6.621139e-02	4.099908e+00
5.290000e+01	6.595035e-02	4.098904e+00
5.293333e+01	6.413231e-02	4.091913e+00
5.296667e+01	5.879796e-02	4.071401e+00
53	4.993909e-02	4.037336e+00
5.303333e+01	4.104784e-02	4.003146e+00
5.306667e+01	3.632013e-02	3.984967e+00
5.310000e+01	3.642153e-02	3.985357e+00
5.313333e+01	3.744483e-02	3.989292e+00
5.316667e+01	3.420528e-02	3.976835e+00
5.320000e+01	2.541985e-02	3.943052e+00
5.323333e+01	1.540070e-02	3.904525e+00
5.326667e+01	9.743837e-03	3.882773e+00
5.330000e+01	1.003727e-02	3.883901e+00
5.333333e+01	1.336287e-02	3.896689e+00
5.336667e+01	1.587879e-02	3.906364e+00
5.340000e+01	1.600456e-02	3.906847e+00
5.343333e+01	1.467473e-02	3.901734e+00
5.346667e+01	1.355610e-02	3.897432e+00
5.350000e+01	1.343937e-02	3.896983e+00
5.353333e+01	1.399151e-02	3.899107e+00
5.356667e+01	1.449374e-02	3.901038e+00
5.360000e+01	1.484681e-02	3.902395e+00
5.363333e+01	1.645133e-02	3.908565e+00
5.366667e+01	2.156413e-02	3.928226e+00
5.370000e+01	3.037161e-02	3.962093e+00
5.373333e+01	3.935033e-02	3.996619e+00
5.376667e+01	4.417673e-02	4.015178e+00
5.380000e+01	4.410264e-02	4.014893e+00
5.383333e+01	4.304387e-02	4.010822e+00
5.386667e+01	4.623966e-02	4.023111e+00
5.390000e+01	5.501106e-02	4.056839e+00
5.393333e+01	6.504442e-02	4.095421e+00
5.396667e+01	7.072061e-02	4.117247e+00
54	7.043421e-02	4.116146e+00
5.403333e+01	6.682701e-02	4.102275e+00
5.406667e+01	6.246882e-02	4.085517e+00
5.410000e+01	5.700145e-02	4.064493e+00
5.413333e+01	4.948070e-02	4.035573e+00
5.416667e+01	4.171880e-02	4.005726e+00
5.420000e+01	3.711149e-02	3.988010e+00
5.423333e+01	3.693342e-02	3.987325e+00
5.426667e+01	3.928356e-02	3.996362e+00
5.430000e+01	4.157920e-02	4.005190e+00
5.433333e+01	4.371087e-02	4.013387e+00
5.436667e+01	4.814153e-02	4.030424e+00
5.440000e+01	5.610931e-02	4.061062e+00
5.443333e+01	6.481712e-02	4.094546e+00
5.446667e+01	6.991286e-02	4.114141e+00
5.450000e+01	6.993103e-02	4.114211e+00
5.453333e+01	6.717326e-02	4.103607e+00
5.456667e+01	6.492457e-02	4.094960e+00
5.460000e+01	6.468150e-02	4.094025e+00
5.463333e+01	6.576452e-02	4.098190e+00
5.466667e+01	6.648031e-02	4.100942e+00
5.470000e+01	6.480578e-02	4.094503e+00
5.473333e+01	5.902236e-02	4.072264e+00
5.476667e+01	4.972709e-02	4.036521e+00
5.480000e+01	4.075111e-02	4.002005e+00
5.483333e+01	3.620862e-02	3.984538e+00
5.486667e+01	3.678099e-02	3.986739e+00
5.490000e+01	3.968487e-02	3.997905e+00
5.493333e+01	4.143174e-02	4.004623e+00
5.496667e+01	3.957850e-02	3.997496e+00
55	3.308076e-02	3.972511e+00
5.503333e+01	2.332750e-02	3.935006e+00
5.506667e+01	1.440024e-02	3.900678e+00
5.510000e+01	1.015878e-02	3.884369e+00
5.513333e+01	1.093977e-02	3.887372e+00
5.516667e+01	1.383423e-02	3.898502e+00
5.520000e+01	1.572920e-02	3.905788e+00
5.523333e+01	1.561436e-02	3.905347e+00
5.526667e+01	1.445343e-02	3.900883e+00
5.530000e+01	1.360698e-02	3.897628e+00
5.533333e+01	1.360738e-02	3.897629e+00
5.536667e+01	1.409464e-02	3.899503e+00
5.540000e+01	1.447803e-02	3.900977e+00
5.543333e+01	1.449886e-02	3.901057e+00
5.546667e+01	1.429387e-02	3.900269e+00
5.550000e+01	1.412019e-02	3.899601e+00
5.553333e+01	1.410163e-02	3.899530e+00
5.556667e+01	1.418734e-02	3.899860e+00
5.560000e+01	1.426568e-02	3.900161e+00
5.563333e+01	1.427795e-02	3.900208e+00
5.566667e+01	1.424237e-02	3.900071e+00
5.570000e+01	1.420721e-02	3.899936e+00
5.573333e+01	1.420003e-02	3.899908e+00
5.576667e+01	1.421468e-02	3.899965e+00
5.580000e+01	1.423039e-02	3.900025e+00
5.583333e+01	1.423431e-02	3.900040e+00
5.586667e+01	1.422834e-02	3.900017e+00
5.590000e+01	1.422135e-02	3.899990e+00
5.593333e+01	1.421930e-02	3.899982e+00
5.596667e+01	1.422171e-02	3.899992e+00
56	1.422480e-02	3.900004e+00
5.603333e+01	1.422585e-02	3.900008e+00
5.606667e+01	1.422488e-02	3.900004e+00
5.610000e+01	1.422352e-02	3.899999e+00
5.613333e+01	1.394703e-02	3.898936e+00
5.616667e+01	1.211363e-02	3.891886e+00
5.620000e+01	6.776081e-03	3.871361e+00
5.623333e+01	-2.076428e-03	3.837320e+00
5.626667e+01	-1.096082e-02	3.803157e+00
5.630000e+01	-1.568679e-02	3.784984e+00
5.633333e+01	-1.531201e-02	3.786426e+00
5.636667e+01	-1.245798e-02	3.797400e+00
5.640000e+01	-1.036030e-02	3.805466e+00
5.643333e+01	-1.029191e-02	3.805729e+00
5.646667e+01	-1.142546e-02	3.801371e+00
5.650000e+01	-1.235616e-02	3.797792e+00
5.653333e+01	-1.243805e-02	3.797477e+00
5.656667e+01	-1.196702e-02	3.799288e+00
5.660000e+01	-1.154890e-02	3.800896e+00
5.663333e+01	-1.149128e-02	3.801117e+00
5.666667e+01	-1.168733e-02	3.800364e+00
5.670000e+01	-1.187520e-02	3.799641e+00
5.673333e+01	-1.191013e-02	3.799507e+00
5.676667e+01	-1.182913e-02	3.799818e+00
5.680000e+01	-1.174505e-02	3.800142e+00
5.683333e+01	-1.172553e-02	3.800217e+00
5.686667e+01	-1.148273e-02	3.801150e+00
5.690000e+01	-9.686398e-03	3.808058e+00
5.693333e+01	-4.358631e-03	3.828545e+00
5.696667e+01	4.507582e-03	3.862638e+00
57	1.340844e-02	3.896864e+00
5.703333e+01	1.813948e-02	3.915057e+00
5.706667e+01	1.775918e-02	3.913594e+00
5.710000e+01	1.489787e-02	3.902592e+00
5.713333e+01	1.279763e-02	3.894516e+00
5.716667e+01	1.273144e-02	3.894261e+00
5.720000e+01	1.386819e-02	3.898632e+00
5.723333e+01	1.480015e-02	3.902216e+00
5.726667e+01	1.488119e-02	3.902528e+00
5.730000e+01	1.440875e-02	3.900711e+00
5.733333e+01	1.399002e-02	3.899101e+00
5.736667e+01	1.420870e-02	3.899942e+00
5.740000e+01	1.623914e-02	3.907749e+00
5.743333e+01	2.176545e-02	3.929000e+00
5.746667e+01	3.065302e-02	3.963175e+00
5.750000e+01	3.945600e-02	3.997025e+00
5.753333e+01	4.409750e-02	4.014873e+00
5.756667e+01	4.370311e-02	4.013357e+00
5.760000e+01	4.088242e-02	4.002510e+00
5.763333e+01	3.882237e-02	3.994589e+00
5.766667e+01	3.876441e-02	3.994366e+00
5.770000e+01	3.988444e-02	3.998673e+00
5.773333e+01	4.079845e-02	4.002187e+00
5.776667e+01	4.087498e-02	4.002482e+00
5.780000e+01	4.068534e-02	4.001752e+00
5.783333e+01	4.210837e-02	4.007224e+00
5.786667e+01	4.739158e-02	4.027540e+00
5.790000e+01	5.643825e-02	4.062327e+00
5.793333e+01	6.550713e-02	4.097200e+00
5.796667e+01	7.026645e-02	4.115501e+00
58	6.981138e-02	4.113751e+00
5.803333e+01	6.687474e-02	4.102459e+00
5.806667e+01	6.448232e-02	4.093259e+00
5.810000e+01	6.261307e-02	4.086071e+00
5.813333e+01	5.872126e-02	4.071106e+00
5.816667e+01	5.236703e-02	4.046672e+00
5.820000e+01	4.705566e-02	4.026248e+00
5.823333e+01	4.535721e-02	4.019717e+00
5.826667e+01	4.534032e-02	4.019652e+00
5.830000e+01	4.398351e-02	4.014435e+00
5.833333e+01	4.118372e-02	4.003669e+00
5.836667e+01	3.896343e-02	3.995131e+00
5.840000e+01	3.861912e-02	3.993807e+00
5.843333e+01	3.963354e-02	3.997708e+00
5.846667e+01	4.066818e-02	4.001686e+00
5.850000e+01	4.091762e-02	4.002646e+00
5.853333e+01	4.052150e-02	4.001122e+00
5.856667e+01	4.006429e-02	3.999364e+00
5.860000e+01	3.993123e-02	3.998853e+00
5.863333e+01	4.008981e-02	3.999462e+00
5.866667e+01	4.029163e-02	4.000239e+00
5.870000e+01	4.035924e-02	4.000499e+00
5.873333e+01	4.029602e-02	4.000255e+00
5.876667e+01	4.020709e-02	3.999913e+00
5.880000e+01	4.017347e-02	3.999784e+00
5.883333e+01	4.047430e-02	4.000941e+00
5.886667e+01	4.234712e-02	4.008142e+00
5.890000e+01	4.770169e-02	4.028732e+00
5.893333e+01	5.654486e-02	4.062737e+00
5.896667e+01	6.541205e-02	4.096834e+00
59	7.012985e-02	4.114976e+00
5.903333e+01	6.975855e-02	4.113548e+00
5.906667e+01	6.691200e-02	4.102602e+00
5.910000e+01	6.454223e-02	4.093489e+00
5.913333e+01	6.263880e-02	4.086170e+00
5.916667e+01	5.843097e-02	4.069990e+00
5.920000e+01	5.050708e-02	4.039520e+00
5.923333e+01	4.170515e-02	4.005674e+00
5.926667e+01	3.650980e-02	3.985696e+00
5.930000e+01	3.646744e-02	3.985533e+00
5.933333e+01	3.926367e-02	3.996286e+00
5.936667e+01	4.155669e-02	4.005103e+00
5.940000e+01	4.181249e-02	4.006087e+00
5.943333e+01	4.071392e-02	4.001862e+00
5.946667e+01	3.970253e-02	3.997973e+00
5.950000e+01	3.953677e-02	3.997336e+00
5.953333e+01	3.998827e-02	3.999072e+00
5.956667e+01	4.043943e-02	4.000807e+00
5.960000e+01	4.053440e-02	4.001172e+00
5.963333e+01	4.034873e-02	4.000458e+00
5.966667e+01	4.014746e-02	3.999684e+00
5.970000e+01	4.009598e-02	3.999486e+00
5.973333e+01	4.017165e-02	3.999777e+00
5.976667e+01	4.026109e-02	4.000121e+00
5.980000e+01	4.028793e-02	4.000224e+00
5.983333e+01	4.025742e-02	4.000107e+00
5.986667e+01	4.021785e-02	3.999955e+00
5.990000e+01	4.020426e-02	3.999903e+00
5.993333e+01	4.021640e-02	3.999949e+00
5.996667e+01	4.023383e-02	4.000016e+00
60	4.024057e-02	4.000042e+00
6.003333e+01	4.023581e-02	4.000024e+00
6.006667e+01	4.022816e-02	3.999994e+00
6.010000e+01	4.022488e-02	3.999982e+00
6.013333e+01	4.022671e-02	3.999989e+00
6.016667e+01	4.023005e-02	4.000002e+00
6.020000e+01	4.023162e-02	4.000008e+00
6.023333e+01	4.023094e-02	4.000005e+00
6.026667e+01	4.022949e-02	4.000000e+00
6.030000e+01	4.022874e-02	3.999997e+00
6.033333e+01	4.022899e-02	3.999998e+00
6.036667e+01	4.022962e-02	4.000000e+00
6.040000e+01	4.022997e-02	4.000001e+00
6.043333e+01	4.022988e-02	4.000001e+00
6.046667e+01	4.022961e-02	4.000000e+00
6.050000e+01	3.995348e-02	3.998938e+00
6.053333e+01	3.839569e-02	3.992948e+00
6.056667e+01	3.489145e-02	3.979473e+00
6.060000e+01	3.137690e-02	3.965959e+00
6.063333e+01	3.134541e-02	3.965838e+00
6.066667e+01	3.550390e-02	3.981828e+00
6.070000e+01	4.060448e-02	4.001442e+00
6.073333e+01	4.308356e-02	4.010974e+00
6.076667e+01	4.232717e-02	4.008066e+00
6.080000e+01	4.029794e-02	4.000263e+00
6.083333e+01	3.909608e-02	3.995641e+00
6.086667e+01	3.929896e-02	3.996421e+00
6.090000e+01	4.014774e-02	3.999685e+00
6.093333e+01	4.070062e-02	4.001811e+00
6.096667e+01	4.064770e-02	4.001608e+00
61	4.028720e-02	4.000221e+00
6.103333e+01	4.003356e-02	3.999246e+00
6.106667e+01	4.004174e-02	3.999278e+00
6.110000e+01	4.019468e-02	3.999866e+00
6.113333e+01	4.031060e-02	4.000311e+00
6.116667e+01	4.031367e-02	4.000323e+00
6.120000e+01	4.024912e-02	4.000075e+00
6.123333e+01	4.019643e-02	3.999872e+00
6.126667e+01	4.019215e-02	3.999856e+00
6.130000e+01	4.021923e-02	3.999960e+00
6.133333e+01	4.024305e-02	4.000052e+00
6.136667e+01	4.024621e-02	4.000064e+00
6.140000e+01	4.023493e-02	4.000020e+00
6.143333e+01	4.022421e-02	3.999979e+00
6.146667e+01	4.024198e-02	4.000048e+00
6.150000e+01	4.039734e-02	4.000645e+00
6.153333e+01	4.093413e-02	4.002709e+00
6.156667e+01	4.209956e-02	4.007191e+00
6.160000e+01	4.389657e-02	4.014101e+00
6.163333e+01	4.603090e-02	4.022308e+00
6.166667e+01	4.814001e-02	4.030418e+00
6.170000e+01	5.004663e-02	4.037749e+00
6.173333e+01	5.180359e-02	4.044506e+00
6.176667e+01	5.355502e-02	4.051240e+00
6.180000e+01	5.538681e-02	4.058284e+00
6.183333e+01	5.728496e-02	4.065583e+00
6.186667e+01	5.918923e-02	4.072906e+00
6.190000e+01	6.106013e-02	4.080100e+00
6.193333e+01	6.288151e-02	4.087104e+00
6.196667e+01	6.456769e-02	4.093587e+00
62	6.588645e-02	4.098658e+00
6.203333e+01	6.658625e-02	4.101349e+00
6.206667e+01	6.665401e-02	4.101610e+00
6.210000e+01	6.610251e-02	4.099489e+00
6.213333e+01	6.401399e-02	4.091458e+00
6.216667e+01	5.862355e-02	4.070730e+00
6.220000e+01	4.987067e-02	4.037073e+00
6.223333e+01	4.109385e-02	4.003323e+00
6.226667e+01	3.611937e-02	3.984195e+00
6.230000e+01	3.462028e-02	3.978430e+00
6.233333e+01	3.208887e-02	3.968696e+00
6.236667e+01	2.531969e-02	3.942667e+00
6.240000e+01	1.652002e-02	3.908829e+00
6.243333e+01	1.068167e-02	3.886379e+00
6.246667e+01	1.013301e-02	3.884269e+00
6.250000e+01	1.289865e-02	3.894904e+00
6.253333e+01	1.545803e-02	3.904746e+00
6.256667e+01	1.594094e-02	3.906603e+00
6.260000e+01	1.486755e-02	3.902475e+00
6.263333e+01	1.374491e-02	3.898158e+00
6.266667e+01	1.347689e-02	3.897128e+00
6.270000e+01	1.391202e-02	3.898801e+00
6.273333e+01	1.440935e-02	3.900713e+00
6.276667e+01	1.455020e-02	3.901255e+00
6.280000e+01	1.437405e-02	3.900578e+00
6.283333e+01	1.415377e-02	3.899730e+00
6.286667e+01	1.408180e-02	3.899454e+00
6.290000e+01	1.442826e-02	3.900786e+00
6.293333e+01	1.635924e-02	3.908211e+00
6.296667e+01	2.173332e-02	3.928876e+00
63	3.055828e-02	3.962811e+00
6.303333e+01	3.939984e-02	3.996809e+00
6.306667e+01	4.410793e-02	4.014913e+00
6.310000e+01	4.374379e-02	4.013513e+00
6.313333e+01	4.090849e-02	4.002611e+00
6.316667e+01	3.881943e-02	3.994577e+00
6.320000e+01	3.874703e-02	3.994299e+00
6.323333e+01	3.987243e-02	3.998627e+00
6.326667e+01	4.079901e-02	4.002190e+00
6.330000e+01	4.088237e-02	4.002510e+00
6.333333e+01	4.041487e-02	4.000712e+00
6.336667e+01	3.999869e-02	3.999112e+00
6.340000e+01	3.994057e-02	3.998889e+00
6.343333e+01	4.013508e-02	3.999637e+00
6.346667e+01	4.032205e-02	4.000356e+00
6.350000e+01	4.035714e-02	4.000490e+00
6.353333e+01	4.027680e-02	4.000181e+00
6.356667e+01	4.019314e-02	3.999860e+00
6.360000e+01	4.017357e-02	3.999785e+00
6.363333e+01	4.020647e-02	3.999911e+00
6.366667e+01	4.024372e-02	4.000054e+00
6.370000e+01	4.025411e-02	4.000094e+00
6.373333e+01	4.024078e-02	4.000043e+00
6.376667e+01	4.022426e-02	3.999979e+00
6.380000e+01	4.021893e-02	3.999959e+00
6.383333e+01	4.022427e-02	3.999979e+00
6.386667e+01	4.023156e-02	4.000008e+00
6.390000e+01	4.023423e-02	4.000018e+00
6.393333e+01	4.023212e-02	4.000010e+00
6.396667e+01	4.022891e-02	3.999997e+00
64	4.022761e-02	3.999992e+00
6.403333e+01	4.022842e-02	3.999995e+00
6.406667e+01	4.022983e-02	4.000001e+00
6.410000e+01	4.023046e-02	4.000003e+00
6.413333e+01	4.023015e-02	4.000002e+00
6.416667e+01	4.022954e-02	4.000000e+00
6.420000e+01	4.022924e-02	3.999999e+00
6.423333e+01	4.022935e-02	3.999999e+00
6.426667e+01	4.022961e-02	4.000000e+00
6.430000e+01	4.022976e-02	4.000001e+00
6.433333e+01	4.022972e-02	4.000000e+00
6.436667e+01	4.022960e-02	4.000000e+00
6.440000e+01	4.022954e-02	4.000000e+00
6.443333e+01	4.022955e-02	4.000000e+00
6.446667e+01	4.022960e-02	4.000000e+00
6.450000e+01	4.022963e-02	4.000000e+00
6.453333e+01	4.022963e-02	4.000000e+00
6.456667e+01	4.022960e-02	4.000000e+00
6.460000e+01	4.022959e-02	4.000000e+00
6.463333e+01	4.022959e-02	4.000000e+00
6.466667e+01	4.022960e-02	4.000000e+00
6.470000e+01	4.022961e-02	4.000000e+00
6.473333e+01	4.022961e-02	4.000000e+00
6.476667e+01	4.022960e-02	4.000000e+00
6.480000e+01	4.022960e-02	4.000000e+00
6.483333e+01	4.022960e-02	4.000000e+00
6.486667e+01	4.022960e-02	4.000000e+00
6.490000e+01	4.022960e-02	4.000000e+00
6.493333e+01	4.022960e-02	4.000000e+00
6.496667e+01	4.022960e-02	4.000000e+00
65	4.022960e-02	4.000000e+00
6.503333e+01	4.022960e-02	4.000000e+00
6.506667e+01	4.022960e-02	4.000000e+00
6.510000e+01	4.022960e-02	4.000000e+00
6.513333e+01	4.022960e-02	4.000000e+00
6.516667e+01	4.022960e-02	4.000000e+00
6.520000e+01	4.022960e-02	4.000000e+00
6.523333e+01	4.022960e-02	4.000000e+00
6.526667e+01	4.022960e-02	4.000000e+00
6.530000e+01	4.022960e-02	4.000000e+00
6.533333e+01	4.022960e-02	4.000000e+00
6.536667e+01	4.022960e-02	4.000000e+00
6.540000e+01	4.022960e-02	4.000000e+00
6.543333e+01	4.022960e-02	4.000000e+00
6.546667e+01	4.022960e-02	4.000000e+00
6.550000e+01	4.022960e-02	4.000000e+00
6.553333e+01	4.022960e-02	4.000000e+00
6.556667e+01	4.022960e-02	4.000000e+00
6.560000e+01	4.022960e-02	4.000000e+00
6.563333e+01	4.022960e-02	4.000000e+00
6.566667e+01	4.022960e-02	4.000000e+00
6.570000e+01	4.022960e-02	4.000000e+00
6.573333e+01	3.995363e-02	3.998939e+00
6.576667e+01	3.811985e-02	3.991887e+00
6.580000e+01	3.278170e-02	3.971361e+00
6.583333e+01	2.392894e-02	3.937319e+00
6.586667e+01	1.504469e-02	3.903156e+00
6.590000e+01	1.031898e-02	3.884985e+00
6.593333e+01	1.069389e-02	3.886426e+00
6.596667e+01	1.354787e-02	3.897401e+00
66	1.564543e-02	3.905466e+00
6.603333e+01	1.571376e-02	3.905729e+00
6.606667e+01	1.458023e-02	3.901370e+00
6.610000e+01	1.364958e-02	3.897792e+00
6.613333e+01	1.356772e-02	3.897477e+00
6.616667e+01	1.376277e-02	3.898227e+00
6.620000e+01	1.234709e-02	3.892783e+00
6.623333e+01	7.066546e-03	3.872478e+00
6.626667e+01	-1.982256e-03	3.837683e+00
6.630000e+01	-1.105437e-02	3.802797e+00
6.633333e+01	-1.581500e-02	3.784491e+00
6.636667e+01	-1.535910e-02	3.786245e+00
6.640000e+01	-1.242105e-02	3.797542e+00
6.643333e+01	-1.030396e-02	3.805683e+00
6.646667e+01	-1.026881e-02	3.805818e+00
6.650000e+01	-1.143979e-02	3.801315e+00
6.653333e+01	-1.238081e-02	3.797697e+00
6.656667e+01	-1.244922e-02	3.797434e+00
6.660000e+01	-1.196159e-02	3.799309e+00
6.663333e+01	-1.153816e-02	3.800937e+00
6.666667e+01	-1.148595e-02	3.801138e+00
6.670000e+01	-1.168932e-02	3.800356e+00
6.673333e+01	-1.187986e-02	3.799623e+00
6.676667e+01	-1.191265e-02	3.799497e+00
6.680000e+01	-1.182842e-02	3.799821e+00
6.683333e+01	-1.174304e-02	3.800149e+00
6.686667e+01	-1.172435e-02	3.800221e+00
6.690000e+01	-1.175893e-02	3.800088e+00
6.693333e+01	-1.179702e-02	3.799942e+00
6.696667e+01	-1.153111e-02	3.800964e+00
67	-9.683257e-03	3.808070e+00
6.703333e+01	-4.328204e-03	3.828662e+00
6.706667e+01	4.529771e-03	3.862723e+00
6.710000e+01	1.340836e-02	3.896864e+00
6.713333e+01	1.812660e-02	3.915007e+00
6.716667e+01	1.774907e-02	3.913555e+00
6.720000e+01	1.489733e-02	3.902590e+00
6.723333e+01	1.280305e-02	3.894537e+00
6.726667e+01	1.273603e-02	3.894279e+00
6.730000e+01	1.386868e-02	3.898634e+00
6.733333e+01	1.479789e-02	3.902207e+00
6.736667e+01	1.487912e-02	3.902520e+00
6.740000e+01	1.440843e-02	3.900710e+00
6.743333e+01	1.399096e-02	3.899104e+00
6.746667e+01	1.393366e-02	3.898884e+00
6.750000e+01	1.412958e-02	3.899637e+00
6.753333e+01	1.431717e-02	3.900359e+00
6.756667e+01	1.435194e-02	3.900493e+00
6.760000e+01	1.427099e-02	3.900181e+00
6.763333e+01	1.418704e-02	3.899858e+00
6.766667e+01	1.416758e-02	3.899784e+00
6.770000e+01	1.420074e-02	3.899911e+00
6.773333e+01	1.451411e-02	3.901116e+00
6.776667e+01	1.635824e-02	3.908207e+00
6.780000e+01	2.168293e-02	3.928682e+00
6.783333e+01	3.051911e-02	3.962660e+00
6.786667e+01	3.939805e-02	3.996802e+00
6.790000e+01	4.412915e-02	4.014995e+00
6.793333e+01	4.376157e-02	4.013581e+00
6.796667e+01	4.091025e-02	4.002617e+00
68	3.881055e-02	3.994543e+00
6.803333e+01	3.873901e-02	3.994268e+00
6.806667e+01	3.987123e-02	3.998622e+00
6.810000e+01	4.080270e-02	4.002204e+00
6.813333e+01	4.088597e-02	4.002524e+00
6.816667e+01	4.041558e-02	4.000715e+00
6.820000e+01	3.999717e-02	3.999106e+00
6.823333e+01	3.993895e-02	3.998882e+00
6.826667e+01	4.013469e-02	3.999635e+00
6.830000e+01	4.032268e-02	4.000358e+00
6.833333e+01	4.035786e-02	4.000493e+00
6.836667e+01	4.027700e-02	4.000182e+00
6.840000e+01	4.019289e-02	3.999859e+00
6.843333e+01	4.017325e-02	3.999783e+00
6.846667e+01	4.020636e-02	3.999911e+00
6.850000e+01	4.024382e-02	4.000055e+00
6.853333e+01	4.025425e-02	4.000095e+00
6.856667e+01	4.024083e-02	4.000043e+00
6.860000e+01	4.022422e-02	3.999979e+00
6.863333e+01	4.021887e-02	3.999959e+00
6.866667e+01	4.022425e-02	3.999979e+00
6.870000e+01	4.023158e-02	4.000008e+00
6.873333e+01	4.023426e-02	4.000018e+00
6.876667e+01	4.023213e-02	4.000010e+00
6.880000e+01	4.022891e-02	3.999997e+00
6.883333e+01	4.022759e-02	3.999992e+00
6.886667e+01	4.022842e-02	3.999995e+00
6.890000e+01	4.022983e-02	4.000001e+00
6.893333e+01	4.023046e-02	4.000003e+00
6.896667e+01	4.023015e-02	4.000002e+00
69	4.022954e-02	4.000000e+00
6.903333e+01	4.022923e-02	3.999999e+00
6.906667e+01	4.022935e-02	3.999999e+00
6.910000e+01	4.022962e-02	4.000000e+00
6.913333e+01	4.022976e-02	4.000001e+00
6.916667e+01	4.022972e-02	4.000000e+00
6.920000e+01	4.022960e-02	4.000000e+00
6.923333e+01	4.022954e-02	4.000000e+00
6.926667e+01	4.022955e-02	4.000000e+00
6.930000e+01	4.022960e-02	4.000000e+00
6.933333e+01	4.022963e-02	4.000000e+00
6.936667e+01	4.022963e-02	4.000000e+00
6.940000e+01	4.022960e-02	4.000000e+00
6.943333e+01	4.022959e-02	4.000000e+00
6.946667e+01	4.022959e-02	4.000000e+00
6.950000e+01	4.050557e-02	4.001061e+00
6.953333e+01	4.233936e-02	4.008113e+00
6.956667e+01	4.767750e-02	4.028639e+00
6.960000e+01	5.653026e-02	4.062681e+00
6.963333e+01	6.541451e-02	4.096844e+00
6.966667e+01	7.014022e-02	4.115015e+00
6.970000e+01	6.976532e-02	4.113574e+00
6.973333e+01	6.691134e-02	4.102599e+00
6.976667e+01	6.481377e-02	4.094534e+00
6.980000e+01	6.474545e-02	4.094271e+00
6.983333e+01	6.586058e-02	4.098559e+00
6.986667e+01	6.665057e-02	4.101597e+00
6.990000e+01	6.623591e-02	4.100002e+00
6.993333e+01	6.467818e-02	4.094012e+00
6.996667e+01	6.258108e-02	4.085948e+00
70	6.052944e-02	4.078059e+00
7.003333e+01	5.875643e-02	4.071241e+00
7.006667e+01	5.716552e-02	4.065124e+00
7.010000e+01	5.556149e-02	4.058956e+00
7.013333e+01	5.384610e-02	4.052360e+00
7.016667e+01	5.205207e-02	4.045461e+00
7.020000e+01	5.026055e-02	4.038572e+00
7.023333e+01	4.851626e-02	4.031865e+00
7.026667e+01	4.680766e-02	4.025295e+00
7.030000e+01	4.509985e-02	4.018728e+00
7.033333e+01	4.339045e-02	4.012154e+00
7.036667e+01	4.178708e-02	4.005989e+00
7.040000e+01	4.053834e-02	4.001187e+00
7.043333e+01	3.988818e-02	3.998687e+00
7.046667e+01	3.983764e-02	3.998493e+00
7.050000e+01	4.010309e-02	3.999514e+00
7.053333e+01	4.034004e-02	4.000425e+00
7.056667e+01	4.010746e-02	3.999530e+00
7.060000e+01	3.817664e-02	3.992106e+00
7.063333e+01	3.273836e-02	3.971194e+00
7.066667e+01	2.358653e-02	3.936002e+00
7.070000e+01	1.290778e-02	3.894939e+00
7.073333e+01	2.888070e-03	3.856410e+00
7.076667e+01	-5.853676e-03	3.822796e+00
7.080000e+01	-1.373370e-02	3.792495e+00
7.083333e+01	-2.171955e-02	3.761787e+00
7.086667e+01	-3.013529e-02	3.729426e+00
7.090000e+01	-3.701670e-02	3.702964e+00
7.093333e+01	-3.873307e-02	3.696364e+00
7.096667e+01	-3.303044e-02	3.718293e+00
71	-2.198875e-02	3.760751e+00
7.103333e+01	-1.152328e-02	3.800994e+00
7.106667e+01	-6.755036e-03	3.819330e+00
7.110000e+01	-7.987499e-03	3.814591e+00
7.113333e+01	-1.154023e-02	3.800929e+00
7.116667e+01	-1.342026e-02	3.793700e+00
7.120000e+01	-1.129920e-02	3.801856e+00
7.123333e+01	-4.513945e-03	3.827947e+00
7.126667e+01	5.311312e-03	3.865729e+00
7.130000e+01	1.412935e-02	3.899637e+00
7.133333e+01	1.824310e-02	3.915455e+00
7.136667e+01	1.742450e-02	3.912307e+00
7.140000e+01	1.457415e-02	3.901347e+00
7.143333e+01	1.301168e-02	3.895339e+00
7.146667e+01	1.497940e-02	3.902905e+00
7.150000e+01	2.146089e-02	3.927829e+00
7.153333e+01	3.113519e-02	3.965029e+00
7.156667e+01	4.000955e-02	3.999154e+00
7.160000e+01	4.425490e-02	4.015479e+00
7.163333e+01	4.350754e-02	4.012605e+00
7.166667e+01	4.063737e-02	4.001568e+00
7.170000e+01	3.874213e-02	3.994280e+00
7.173333e+01	3.884271e-02	3.994667e+00
7.176667e+01	3.999257e-02	3.999089e+00
7.180000e+01	4.083850e-02	4.002341e+00
7.183333e+01	4.084411e-02	4.002363e+00
7.186667e+01	4.036187e-02	4.000509e+00
7.190000e+01	3.997899e-02	3.999036e+00
7.193333e+01	3.995564e-02	3.998947e+00
7.196667e+01	4.015836e-02	3.999726e+00
72	4.033171e-02	4.000393e+00
7.203333e+01	4.035131e-02	4.000468e+00
7.206667e+01	4.026662e-02	4.000142e+00
7.210000e+01	4.018848e-02	3.999842e+00
7.213333e+01	4.017578e-02	3.999793e+00
7.216667e+01	4.021090e-02	3.999928e+00
7.220000e+01	4.024595e-02	4.000063e+00
7.223333e+01	4.025330e-02	4.000091e+00
7.226667e+01	4.023886e-02	4.000036e+00
7.230000e+01	4.022321e-02	3.999975e+00
7.233333e+01	4.021921e-02	3.999960e+00
7.236667e+01	4.022510e-02	3.999983e+00
7.240000e+01	4.023205e-02	4.000009e+00
7.243333e+01	4.023414e-02	4.000017e+00
7.246667e+01	4.023176e-02	4.000008e+00
7.250000e+01	4.022869e-02	3.999996e+00
7.253333e+01	4.022763e-02	3.999992e+00
7.256667e+01	4.022858e-02	3.999996e+00
7.260000e+01	4.022993e-02	4.000001e+00
7.263333e+01	4.023045e-02	4.000003e+00
7.266667e+01	4.023008e-02	4.000002e+00
7.270000e+01	4.022949e-02	4.000000e+00
7.273333e+01	4.022924e-02	3.999999e+00
7.276667e+01	4.022938e-02	3.999999e+00
7.280000e+01	4.022964e-02	4.000000e+00
7.283333e+01	4.022976e-02	4.000001e+00
7.286667e+01	4.022971e-02	4.000000e+00
7.290000e+01	4.022959e-02	4.000000e+00
7.293333e+01	4.022954e-02	4.000000e+00
7.296667e+01	4.022955e-02	4.000000e+00
73	4.022960e-02	4.000000e+00
7.303333e+01	4.022963e-02	4.000000e+00
7.306667e+01	4.022962e-02	4.000000e+00
7.310000e+01	4.022960e-02	4.000000e+00
7.313333e+01	4.022959e-02	4.000000e+00
7.316667e+01	4.022959e-02	4.000000e+00
7.320000e+01	4.022960e-02	4.000000e+00
7.323333e+01	4.022961e-02	4.000000e+00
7.326667e+01	4.022961e-02	4.000000e+00
7.330000e+01	4.022960e-02	4.000000e+00
7.333333e+01	4.022960e-02	4.000000e+00
7.336667e+01	4.022960e-02	4.000000e+00
7.340000e+01	4.022960e-02	4.000000e+00
7.343333e+01	4.022960e-02	4.000000e+00
7.346667e+01	4.022960e-02	4.000000e+00
7.350000e+01	4.022960e-02	4.000000e+00
7.353333e+01	4.022960e-02	4.000000e+00
7.356667e+01	4.022960e-02	4.000000e+00
7.360000e+01	4.022960e-02	4.000000e+00
7.363333e+01	4.022960e-02	4.000000e+00
7.366667e+01	4.022960e-02	4.000000e+00
7.370000e+01	4.022960e-02	4.000000e+00
7.373333e+01	4.022960e-02	4.000000e+00
7.376667e+01	3.995363e-02	3.998939e+00
7.380000e+01	3.811985e-02	3.991887e+00
7.383333e+01	3.278170e-02	3.971361e+00
7.386667e+01	2.392894e-02	3.937319e+00
7.390000e+01	1.504469e-02	3.903156e+00
7.393333e+01	1.031898e-02	3.884985e+00
7.396667e+01	1.069389e-02	3.886426e+00
74	1.354787e-02	3.897401e+00
7.403333e+01	1.564543e-02	3.905466e+00
7.406667e+01	1.571376e-02	3.905729e+00
7.410000e+01	1.458023e-02	3.901370e+00
7.413333e+01	1.337361e-02	3.896731e+00
7.416667e+01	1.173394e-02	3.890425e+00
7.420000e+01	8.424629e-03	3.877700e+00
7.423333e+01	3.770298e-03	3.859803e+00
7.426667e+01	2.920507e-04	3.846428e+00
7.430000e+01	7.399308e-04	3.848150e+00
7.433333e+01	5.621190e-03	3.866920e+00
7.436667e+01	1.222389e-02	3.892309e+00
7.440000e+01	1.664909e-02	3.909326e+00
7.443333e+01	1.718299e-02	3.911379e+00
7.446667e+01	1.524425e-02	3.903924e+00
7.450000e+01	1.338471e-02	3.896773e+00
7.453333e+01	1.299420e-02	3.895272e+00
7.456667e+01	1.373959e-02	3.898138e+00
7.460000e+01	1.454890e-02	3.901250e+00
7.463333e+01	1.475789e-02	3.902054e+00
7.466667e+01	1.445666e-02	3.900895e+00
7.470000e+01	1.409894e-02	3.899520e+00
7.473333e+01	1.399092e-02	3.899104e+00
7.476667e+01	1.411234e-02	3.899571e+00
7.480000e+01	1.427049e-02	3.900179e+00
7.483333e+01	1.432508e-02	3.900389e+00
7.486667e+01	1.427677e-02	3.900203e+00
7.490000e+01	1.420712e-02	3.899936e+00
7.493333e+01	1.418008e-02	3.899832e+00
7.496667e+01	1.419900e-02	3.899904e+00
75	1.422954e-02	3.900022e+00
7.503333e+01	1.424271e-02	3.900072e+00
7.506667e+01	1.423545e-02	3.900045e+00
7.510000e+01	1.422211e-02	3.899993e+00
7.513333e+01	1.421579e-02	3.899969e+00
7.516667e+01	1.421850e-02	3.899979e+00
7.520000e+01	1.422430e-02	3.900002e+00
7.523333e+01	1.422730e-02	3.900013e+00
7.526667e+01	1.422632e-02	3.900009e+00
7.530000e+01	1.422382e-02	3.900000e+00
7.533333e+01	1.422240e-02	3.899994e+00
7.536667e+01	1.394677e-02	3.898934e+00
7.540000e+01	1.211406e-02	3.891887e+00
7.543333e+01	6.776579e-03	3.871363e+00
7.546667e+01	-2.076287e-03	3.837321e+00
7.550000e+01	-1.096100e-02	3.803157e+00
7.553333e+01	-1.541104e-02	3.786045e+00
7.556667e+01	-1.318393e-02	3.794609e+00
7.560000e+01	-4.850960e-03	3.826651e+00
7.563333e+01	6.596036e-03	3.870669e+00
7.566667e+01	1.663532e-02	3.909273e+00
7.570000e+01	2.190641e-02	3.929542e+00
7.573333e+01	2.259483e-02	3.932189e+00
7.576667e+01	2.162804e-02	3.928471e+00
7.580000e+01	2.178031e-02	3.929057e+00
7.583333e+01	2.376906e-02	3.936704e+00
7.586667e+01	2.659458e-02	3.947569e+00
7.590000e+01	2.903913e-02	3.956969e+00
7.593333e+01	3.070511e-02	3.963375e+00
7.596667e+01	3.197663e-02	3.968265e+00
76	3.338560e-02	3.973683e+00
7.603333e+01	3.513026e-02	3.980391e+00
7.606667e+01	3.704176e-02	3.987742e+00
7.610000e+01	3.878322e-02	3.994438e+00
7.613333e+01	4.002409e-02	3.999210e+00
7.616667e+01	4.031230e-02	4.000318e+00
7.620000e+01	3.846577e-02	3.993218e+00
7.623333e+01	3.286193e-02	3.971669e+00
7.626667e+01	2.380859e-02	3.936856e+00
7.630000e+01	1.490978e-02	3.902638e+00
7.633333e+01	1.028284e-02	3.884846e+00
7.636667e+01	1.074259e-02	3.886613e+00
7.640000e+01	1.360660e-02	3.897626e+00
7.643333e+01	1.566342e-02	3.905536e+00
7.646667e+01	1.569399e-02	3.905653e+00
7.650000e+01	1.455426e-02	3.901270e+00
7.653333e+01	1.364054e-02	3.897757e+00
7.656667e+01	1.357560e-02	3.897507e+00
7.660000e+01	1.405018e-02	3.899332e+00
7.663333e+01	1.446132e-02	3.900913e+00
7.666667e+01	1.451136e-02	3.901106e+00
7.670000e+01	1.431339e-02	3.900344e+00
7.673333e+01	1.412836e-02	3.899633e+00
7.676667e+01	1.409680e-02	3.899511e+00
7.680000e+01	1.417881e-02	3.899827e+00
7.683333e+01	1.426173e-02	3.900146e+00
7.686667e+01	1.427977e-02	3.900215e+00
7.690000e+01	1.452206e-02	3.901147e+00
7.693333e+01	1.631885e-02	3.908056e+00
7.696667e+01	2.164727e-02	3.928545e+00
77	3.051373e-02	3.962640e+00
7.703333e+01	3.941441e-02	3.996865e+00
7.706667e+01	4.414516e-02	4.015057e+00
7.710000e+01	4.376475e-02	4.013594e+00
7.713333e+01	4.090350e-02	4.002591e+00
7.716667e+01	3.880339e-02	3.994516e+00
7.720000e+01	3.873726e-02	3.994261e+00
7.723333e+01	3.987398e-02	3.998633e+00
7.726667e+01	4.080589e-02	4.002216e+00
7.730000e+01	4.088689e-02	4.002527e+00
7.733333e+01	4.041447e-02	4.000711e+00
7.736667e+01	3.999576e-02	3.999101e+00
7.740000e+01	3.993849e-02	3.998881e+00
7.743333e+01	4.013514e-02	3.999637e+00
7.746667e+01	4.032330e-02	4.000360e+00
7.750000e+01	4.035809e-02	4.000494e+00
7.753333e+01	4.027683e-02	4.000182e+00
7.756667e+01	4.019262e-02	3.999858e+00
7.760000e+01	4.017314e-02	3.999783e+00
7.763333e+01	4.020643e-02	3.999911e+00
7.766667e+01	4.024394e-02	4.000055e+00
7.770000e+01	4.025430e-02	4.000095e+00
7.773333e+01	4.024080e-02	4.000043e+00
7.776667e+01	4.022417e-02	3.999979e+00
7.780000e+01	4.021884e-02	3.999959e+00
7.783333e+01	4.022425e-02	3.999979e+00
7.786667e+01	4.023160e-02	4.000008e+00
7.790000e+01	4.023427e-02	4.000018e+00
7.793333e+01	4.023213e-02	4.000010e+00
7.796667e+01	4.050487e-02	4.001058e+00
78	4.233734e-02	4.008105e+00
7.803333e+01	4.767632e-02	4.028635e+00
7.806667e+01	5.653049e-02	4.062682e+00
7.810000e+01	6.541538e-02	4.096847e+00
7.813333e+01	7.014077e-02	4.115018e+00
7.816667e+01	6.976525e-02	4.113574e+00
7.820000e+01	6.691097e-02	4.102598e+00
7.823333e+01	6.481352e-02	4.094533e+00
7.826667e+01	6.474546e-02	4.094271e+00
7.830000e+01	6.587913e-02	4.098630e+00
7.833333e+01	6.680974e-02	4.102209e+00
7.836667e+01	6.689148e-02	4.102523e+00
7.840000e+01	6.642039e-02	4.100712e+00
7.843333e+01	6.600231e-02	4.099104e+00
7.846667e+01	6.594476e-02	4.098883e+00
7.850000e+01	6.614083e-02	4.099637e+00
7.853333e+01	6.632869e-02	4.100359e+00
7.856667e+01	6.636359e-02	4.100493e+00
7.860000e+01	6.628257e-02	4.100182e+00
7.863333e+01	6.592253e-02	4.098797e+00
7.866667e+01	6.406924e-02	4.091671e+00
7.870000e+01	5.876427e-02	4.071271e+00
7.873333e+01	4.994896e-02	4.037374e+00
7.876667e+01	4.107508e-02	4.003251e+00
7.880000e+01	3.633592e-02	3.985028e+00
7.883333e+01	3.669422e-02	3.986405e+00
7.886667e+01	3.926690e-02	3.996298e+00
7.890000e+01	3.953608e-02	3.997333e+00
7.893333e+01	3.427359e-02	3.977097e+00
7.896667e+01	2.428996e-02	3.938707e+00
79	1.447294e-02	3.900958e+00
7.903333e+01	9.662143e-03	3.882459e+00
7.906667e+01	1.050676e-02	3.885707e+00
7.910000e+01	1.377967e-02	3.898292e+00
7.913333e+01	1.593624e-02	3.906585e+00
7.916667e+01	1.580916e-02	3.906096e+00
7.920000e+01	1.448745e-02	3.901014e+00
7.923333e+01	1.379724e-02	3.898360e+00
7.926667e+01	1.562986e-02	3.905407e+00
7.930000e+01	2.152322e-02	3.928068e+00
7.933333e+01	3.081386e-02	3.963794e+00
7.936667e+01	3.972268e-02	3.998051e+00
7.940000e+01	4.421486e-02	4.015325e+00
7.943333e+01	4.364160e-02	4.013120e+00
7.946667e+01	4.076609e-02	4.002063e+00
7.950000e+01	3.876614e-02	3.994373e+00
7.953333e+01	3.878727e-02	3.994454e+00
7.956667e+01	3.993496e-02	3.998867e+00
7.960000e+01	4.082509e-02	4.002290e+00
7.963333e+01	4.086682e-02	4.002450e+00
7.966667e+01	4.038753e-02	4.000607e+00
7.970000e+01	3.998611e-02	3.999064e+00
7.973333e+01	3.994644e-02	3.998911e+00
7.976667e+01	4.014698e-02	3.999682e+00
7.980000e+01	4.032805e-02	4.000379e+00
7.983333e+01	4.035500e-02	4.000482e+00
7.986667e+01	4.027164e-02	4.000162e+00
7.990000e+01	4.019031e-02	3.999849e+00
7.993333e+01	4.017432e-02	3.999787e+00
7.996667e+01	4.020869e-02	3.999920e+00
80	4.024505e-02	4.000059e+00
8.003333e+01	4.025387e-02	4.000093e+00
8.006667e+01	3.996385e-02	3.998978e+00
8.010000e+01	3.811389e-02	3.991864e+00
8.013333e+01	3.277110e-02	3.971320e+00
8.016667e+01	2.392402e-02	3.937300e+00
8.020000e+01	1.504694e-02	3.903165e+00
8.023333e+01	1.032360e-02	3.885002e+00
8.026667e+01	1.069623e-02	3.886435e+00
8.030000e+01	1.354705e-02	3.897397e+00
8.033333e+01	1.564344e-02	3.905459e+00
8.036667e+01	1.571265e-02	3.905725e+00
8.040000e+01	1.458051e-02	3.901371e+00
8.043333e+01	1.365044e-02	3.897795e+00
8.046667e+01	1.356824e-02	3.897479e+00
8.050000e+01	1.403865e-02	3.899288e+00
8.053333e+01	1.445647e-02	3.900894e+00
8.056667e+01	1.451420e-02	3.901116e+00
8.060000e+01	1.431843e-02	3.900364e+00
8.063333e+01	1.413069e-02	3.899642e+00
8.066667e+01	1.409573e-02	3.899507e+00
8.070000e+01	1.445259e-02	3.900880e+00
8.073333e+01	1.637038e-02	3.908254e+00
8.076667e+01	2.172806e-02	3.928856e+00
8.080000e+01	3.054770e-02	3.962770e+00
8.083333e+01	3.911855e-02	3.995728e+00
8.086667e+01	4.200010e-02	4.006808e+00
8.090000e+01	3.630048e-02	3.984891e+00
8.093333e+01	2.461033e-02	3.939939e+00
8.096667e+01	1.363385e-02	3.897731e+00
81	8.834431e-03	3.879276e+00
8.103333e+01	1.033554e-02	3.885048e+00
8.106667e+01	1.411750e-02	3.899591e+00
8.110000e+01	1.629905e-02	3.907980e+00
8.113333e+01	1.589957e-02	3.906444e+00
8.116667e+01	1.434926e-02	3.900482e+00
8.120000e+01	1.336018e-02	3.896679e+00
8.123333e+01	1.347295e-02	3.897113e+00
8.126667e+01	1.413121e-02	3.899644e+00
8.130000e+01	1.458454e-02	3.901387e+00
8.133333e+01	1.428578e-02	3.900238e+00
8.136667e+01	1.217219e-02	3.892111e+00
8.140000e+01	6.626543e-03	3.870786e+00
8.143333e+01	-2.228228e-03	3.836737e+00
8.146667e+01	-1.099417e-02	3.803029e+00
8.150000e+01	-1.562539e-02	3.785221e+00
8.153333e+01	-1.524431e-02	3.786686e+00
8.156667e+01	-1.244004e-02	3.797469e+00
8.160000e+01	-1.038526e-02	3.805370e+00
8.163333e+01	-1.032197e-02	3.805614e+00
8.166667e+01	-1.143475e-02	3.801335e+00
0	0	0
0	0	0
0	0	0
