0	4.495882e-03	5.099104e+00
3.333333e-02	4.452251e-03	5.098883e+00
6.666667e-02	4.600753e-03	5.099636e+00
1.000000e-01	4.743063e-03	5.100359e+00
1.333333e-01	4.769512e-03	5.100493e+00
1.666667e-01	4.708153e-03	5.100182e+00
2.000000e-01	4.644470e-03	5.099858e+00
2.333333e-01	4.629683e-03	5.099783e+00
2.666667e-01	4.654813e-03	5.099911e+00
3.000000e-01	4.683180e-03	5.100055e+00
3.333333e-01	4.691040e-03	5.100095e+00
3.666667e-01	4.680850e-03	5.100043e+00
4.000000e-01	4.459222e-03	5.098918e+00
4.333333e-01	3.066087e-03	5.091846e+00
4.666667e-01	-9.734960e-04	5.071340e+00
5.000000e-01	-7.673947e-03	5.037327e+00
5.333333e-01	-1.440178e-02	5.003174e+00
5.666667e-01	-1.798314e-02	4.984994e+00
6.000000e-01	-1.770159e-02	4.986423e+00
6.333333e-01	-1.554068e-02	4.997393e+00
6.666667e-01	-1.395114e-02	5.005462e+00
7.000000e-01	-1.389832e-02	5.005730e+00
7.333333e-01	-1.475649e-02	5.001374e+00
7.666667e-01	-1.546169e-02	4.997794e+00
8.000000e-01	-1.531512e-02	4.998538e+00
8.333333e-01	-1.356945e-02	5.007399e+00
8.666667e-01	-9.208985e-03	5.029534e+00
9.000000e-01	-2.459145e-03	5.063798e+00
9.333333e-01	4.122318e-03	5.097208e+00
9.666667e-01	7.559723e-03	5.114657e+00
1	7.249195e-03	5.113081e+00
1.033333e+00	5.148600e-03	5.102417e+00
1.066667e+00	3.623377e-03	5.094675e+00
1.100000e+00	3.586446e-03	5.094488e+00
1.133333e+00	4.419994e-03	5.098719e+00
1.166667e+00	5.096591e-03	5.102153e+00
1.200000e+00	5.150726e-03	5.102428e+00
1.233333e+00	5.013152e-03	5.101730e+00
1.266667e+00	6.098119e-03	5.107238e+00
1.300000e+00	1.010220e-02	5.127563e+00
1.333333e+00	1.695262e-02	5.162338e+00
1.366667e+00	2.381924e-02	5.197195e+00
1.400000e+00	2.742341e-02	5.215491e+00
1.433333e+00	2.687062e-02	5.212685e+00
1.466667e+00	2.325838e-02	5.194348e+00
1.500000e+00	1.761200e-02	5.165685e+00
1.533333e+00	1.086266e-02	5.131424e+00
1.566667e+00	4.895827e-03	5.101134e+00
1.600000e+00	1.594442e-03	5.084376e+00
1.633333e+00	9.806595e-04	5.081260e+00
1.666667e+00	1.306133e-03	5.082912e+00
1.700000e+00	8.316521e-04	5.080503e+00
1.733333e+00	-8.772623e-04	5.071829e+00
1.766667e+00	-3.136795e-03	5.060358e+00
1.800000e+00	-5.130049e-03	5.050240e+00
1.833333e+00	-6.595720e-03	5.042800e+00
1.866667e+00	-7.797208e-03	5.036701e+00
1.900000e+00	-9.077847e-03	5.030200e+00
1.933333e+00	-1.047903e-02	5.023087e+00
1.966667e+00	-1.170959e-02	5.016841e+00
2	-1.249795e-02	5.012839e+00
2.033333e+00	-1.275653e-02	5.011526e+00
2.066667e+00	-1.211961e-02	5.014759e+00
2.100000e+00	-1.024743e-02	5.024263e+00
2.133333e+00	-8.126337e-03	5.035030e+00
2.166667e+00	-7.073345e-03	5.040375e+00
2.200000e+00	-6.099023e-03	5.045321e+00
2.233333e+00	-2.991581e-03	5.061096e+00
2.266667e+00	2.029874e-03	5.086586e+00
2.300000e+00	6.168027e-03	5.107592e+00
2.333333e+00	7.313323e-03	5.113406e+00
2.366667e+00	5.985182e-03	5.106664e+00
2.400000e+00	4.244177e-03	5.097826e+00
2.433333e+00	3.594845e-03	5.094530e+00
2.466667e+00	4.069515e-03	5.096940e+00
2.500000e+00	4.815828e-03	5.100728e+00
2.533333e+00	5.131794e-03	5.102332e+00
2.566667e+00	4.951319e-03	5.101416e+00
2.600000e+00	4.626997e-03	5.099770e+00
2.633333e+00	4.475517e-03	5.099001e+00
2.666667e+00	4.543352e-03	5.099345e+00
2.700000e+00	4.684340e-03	5.100061e+00
2.733333e+00	4.756352e-03	5.100426e+00
2.766667e+00	4.731700e-03	5.100301e+00
2.800000e+00	4.670649e-03	5.099991e+00
2.833333e+00	4.636730e-03	5.099819e+00
2.866667e+00	4.645247e-03	5.099862e+00
2.900000e+00	4.671562e-03	5.099996e+00
2.933333e+00	4.687401e-03	5.100076e+00
2.966667e+00	4.684692e-03	5.100063e+00
3	4.673404e-03	5.100005e+00
3.033333e+00	4.666064e-03	5.099968e+00
3.066667e+00	4.875845e-03	5.101033e+00
3.100000e+00	6.269761e-03	5.108109e+00
3.133333e+00	1.031681e-02	5.128653e+00
3.166667e+00	1.702269e-02	5.162694e+00
3.200000e+00	2.375050e-02	5.196846e+00
3.233333e+00	2.732870e-02	5.215010e+00
3.266667e+00	2.707454e-02	5.213720e+00
3.300000e+00	2.514181e-02	5.203909e+00
3.333333e+00	2.435957e-02	5.199938e+00
3.366667e+00	2.607184e-02	5.208630e+00
3.400000e+00	2.965551e-02	5.226821e+00
3.433333e+00	3.359694e-02	5.246829e+00
3.466667e+00	3.685511e-02	5.263369e+00
3.500000e+00	3.938582e-02	5.276215e+00
3.533333e+00	4.172963e-02	5.288113e+00
3.566667e+00	4.433900e-02	5.301359e+00
3.600000e+00	4.726308e-02	5.316202e+00
3.633333e+00	5.028168e-02	5.331526e+00
3.666667e+00	5.316347e-02	5.346154e+00
3.700000e+00	5.573793e-02	5.359223e+00
3.733333e+00	5.788561e-02	5.370125e+00
3.766667e+00	5.966573e-02	5.379162e+00
3.800000e+00	6.130511e-02	5.387484e+00
3.833333e+00	6.284040e-02	5.395277e+00
3.866667e+00	6.395294e-02	5.400925e+00
3.900000e+00	6.434554e-02	5.402918e+00
3.933333e+00	6.413340e-02	5.401841e+00
3.966667e+00	6.353962e-02	5.398827e+00
4	6.195628e-02	5.390789e+00
4.033333e+00	5.797283e-02	5.370568e+00
4.066667e+00	5.142388e-02	5.337324e+00
4.100000e+00	4.478316e-02	5.303614e+00
4.133333e+00	4.118349e-02	5.285341e+00
4.166667e+00	4.140056e-02	5.286443e+00
4.200000e+00	4.352126e-02	5.297208e+00
4.233333e+00	4.511634e-02	5.305305e+00
4.266667e+00	4.519675e-02	5.305713e+00
4.300000e+00	4.435713e-02	5.301451e+00
4.333333e+00	4.365061e-02	5.297865e+00
4.366667e+00	4.336734e-02	5.296427e+00
4.400000e+00	4.232630e-02	5.291142e+00
4.433333e+00	3.859951e-02	5.272224e+00
4.466667e+00	3.194231e-02	5.238430e+00
4.500000e+00	2.506795e-02	5.203534e+00
4.533333e+00	2.134605e-02	5.184640e+00
4.566667e+00	2.160141e-02	5.185937e+00
4.600000e+00	2.382286e-02	5.197213e+00
4.633333e+00	2.547529e-02	5.205601e+00
4.666667e+00	2.554274e-02	5.205944e+00
4.700000e+00	2.465978e-02	5.201462e+00
4.733333e+00	2.392656e-02	5.197740e+00
4.766667e+00	2.385631e-02	5.197383e+00
4.800000e+00	2.422293e-02	5.199244e+00
4.833333e+00	2.455216e-02	5.200915e+00
4.866667e+00	2.459998e-02	5.201158e+00
4.900000e+00	2.444756e-02	5.200384e+00
4.933333e+00	2.429974e-02	5.199634e+00
4.966667e+00	2.427120e-02	5.199489e+00
5	2.433410e-02	5.199808e+00
5.033333e+00	2.440020e-02	5.200144e+00
5.066667e+00	2.441601e-02	5.200224e+00
5.100000e+00	2.439029e-02	5.200094e+00
5.133333e+00	2.436086e-02	5.199944e+00
5.166667e+00	2.435251e-02	5.199902e+00
5.200000e+00	2.436292e-02	5.199955e+00
5.233333e+00	2.437596e-02	5.200021e+00
5.266667e+00	2.417118e-02	5.198981e+00
5.300000e+00	2.277792e-02	5.191909e+00
5.333333e+00	1.872850e-02	5.171353e+00
5.366667e+00	1.202036e-02	5.137301e+00
5.400000e+00	5.292150e-03	5.103146e+00
5.433333e+00	1.505882e-03	5.083926e+00
5.466667e+00	4.018191e-04	5.078321e+00
5.500000e+00	-1.689630e-03	5.067705e+00
5.533333e+00	-8.196922e-03	5.034672e+00
5.566667e+00	-1.891919e-02	4.980243e+00
5.600000e+00	-3.027241e-02	4.922610e+00
5.633333e+00	-3.881186e-02	4.879262e+00
5.666667e+00	-4.433514e-02	4.851224e+00
5.700000e+00	-4.881152e-02	4.828501e+00
5.733333e+00	-5.301122e-02	4.807182e+00
5.766667e+00	-5.581718e-02	4.792938e+00
5.800000e+00	-5.633487e-02	4.790310e+00
5.833333e+00	-5.523585e-02	4.795889e+00
5.866667e+00	-5.402150e-02	4.802053e+00
5.900000e+00	-5.344465e-02	4.804982e+00
5.933333e+00	-5.245012e-02	4.810030e+00
5.966667e+00	-4.892845e-02	4.827907e+00
6	-4.240826e-02	4.861005e+00
6.033333e+00	-3.552491e-02	4.895947e+00
6.066667e+00	-3.171725e-02	4.915276e+00
6.100000e+00	-3.191018e-02	4.914297e+00
6.133333e+00	-3.413187e-02	4.903019e+00
6.166667e+00	-3.582051e-02	4.894447e+00
6.200000e+00	-3.591638e-02	4.893960e+00
6.233333e+00	-3.503491e-02	4.898435e+00
6.266667e+00	-3.428645e-02	4.902234e+00
6.300000e+00	-3.420332e-02	4.902656e+00
6.333333e+00	-3.456859e-02	4.900802e+00
6.366667e+00	-3.490418e-02	4.899098e+00
6.400000e+00	-3.495782e-02	4.898826e+00
6.433333e+00	-3.480630e-02	4.899595e+00
6.466667e+00	-3.465583e-02	4.900359e+00
6.500000e+00	-3.462469e-02	4.900517e+00
6.533333e+00	-3.468705e-02	4.900200e+00
6.566667e+00	-3.454520e-02	4.900921e+00
6.600000e+00	-3.317307e-02	4.907886e+00
6.633333e+00	-2.910397e-02	4.928542e+00
6.666667e+00	-2.236810e-02	4.962735e+00
6.700000e+00	-1.562937e-02	4.996943e+00
6.733333e+00	-1.205989e-02	5.015062e+00
6.766667e+00	-1.235710e-02	5.013554e+00
6.800000e+00	-1.452350e-02	5.002556e+00
6.833333e+00	-1.610833e-02	4.994511e+00
6.866667e+00	-1.615426e-02	4.994278e+00
6.900000e+00	-1.529337e-02	4.998648e+00
6.933333e+00	-1.459001e-02	5.002219e+00
6.966667e+00	-1.453055e-02	5.002521e+00
7	-1.488844e-02	5.000704e+00
7.033333e+00	-1.520454e-02	4.999099e+00
7.066667e+00	-1.524705e-02	4.998883e+00
7.100000e+00	-1.509803e-02	4.999640e+00
7.133333e+00	-1.495595e-02	5.000361e+00
7.166667e+00	-1.492999e-02	5.000493e+00
7.200000e+00	-1.499159e-02	5.000180e+00
7.233333e+00	-1.505519e-02	4.999857e+00
7.266667e+00	-1.506977e-02	4.999783e+00
7.300000e+00	-1.504452e-02	4.999912e+00
7.333333e+00	-1.501618e-02	5.000055e+00
7.366667e+00	-1.500842e-02	5.000095e+00
7.400000e+00	-1.501866e-02	5.000043e+00
7.433333e+00	-1.503123e-02	4.999979e+00
7.466667e+00	-1.503523e-02	4.999959e+00
7.500000e+00	-1.503112e-02	4.999980e+00
7.533333e+00	-1.502557e-02	5.000008e+00
7.566667e+00	-1.502356e-02	5.000018e+00
7.600000e+00	-1.502519e-02	5.000010e+00
7.633333e+00	-1.502763e-02	4.999997e+00
7.666667e+00	-1.502861e-02	4.999992e+00
7.700000e+00	-1.502798e-02	4.999995e+00
7.733333e+00	-1.523596e-02	4.998940e+00
7.766667e+00	-1.662458e-02	4.991891e+00
7.800000e+00	-2.066849e-02	4.971363e+00
7.833333e+00	-2.737496e-02	4.937319e+00
7.866667e+00	-3.431409e-02	4.902094e+00
7.900000e+00	-3.928285e-02	4.876871e+00
7.933333e+00	-4.304232e-02	4.857787e+00
7.966667e+00	-4.758632e-02	4.834720e+00
8	-5.272729e-02	4.808623e+00
8.033333e+00	-5.625537e-02	4.790714e+00
8.066667e+00	-5.683008e-02	4.787796e+00
8.100000e+00	-5.537314e-02	4.795192e+00
8.133333e+00	-5.384619e-02	4.802943e+00
8.166667e+00	-5.343761e-02	4.805017e+00
8.200000e+00	-5.397956e-02	4.802266e+00
8.233333e+00	-5.464091e-02	4.798909e+00
8.266667e+00	-5.485143e-02	4.797840e+00
8.300000e+00	-5.463694e-02	4.798929e+00
8.333333e+00	-5.434667e-02	4.800403e+00
8.366667e+00	-5.424167e-02	4.800936e+00
8.400000e+00	-5.432649e-02	4.800505e+00
8.433333e+00	-5.445402e-02	4.799858e+00
8.466667e+00	-5.450560e-02	4.799596e+00
8.500000e+00	-5.447261e-02	4.799763e+00
8.533333e+00	-5.420773e-02	4.801108e+00
8.566667e+00	-5.279366e-02	4.808286e+00
8.600000e+00	-4.876254e-02	4.828749e+00
8.633333e+00	-4.208087e-02	4.862667e+00
8.666667e+00	-3.536296e-02	4.896769e+00
8.700000e+00	-3.177857e-02	4.914965e+00
8.733333e+00	-3.205201e-02	4.913577e+00
8.766667e+00	-3.399921e-02	4.903692e+00
8.800000e+00	-3.420067e-02	4.902670e+00
8.833333e+00	-3.021332e-02	4.922910e+00
8.866667e+00	-2.265131e-02	4.961297e+00
8.900000e+00	-1.521594e-02	4.999041e+00
8.933333e+00	-1.157222e-02	5.017538e+00
8.966667e+00	-1.221178e-02	5.014291e+00
9	-1.469056e-02	5.001708e+00
9.033333e+00	-1.611490e-02	4.994478e+00
9.066667e+00	-1.462962e-02	5.002018e+00
9.100000e+00	-9.584957e-03	5.027626e+00
9.133333e+00	-2.147178e-03	5.065382e+00
9.166667e+00	4.583592e-03	5.099549e+00
9.200000e+00	7.742852e-03	5.115587e+00
9.233333e+00	7.127211e-03	5.112461e+00
9.266667e+00	4.946686e-03	5.101393e+00
9.300000e+00	3.534632e-03	5.094225e+00
9.333333e+00	3.633110e-03	5.094724e+00
9.366667e+00	4.478214e-03	5.099014e+00
9.400000e+00	4.880944e-03	5.101059e+00
9.433333e+00	4.069234e-03	5.096938e+00
9.466667e+00	1.937731e-03	5.086118e+00
9.500000e+00	-1.073684e-03	5.070831e+00
9.533333e+00	-4.323691e-03	5.054333e+00
9.566667e+00	-7.365137e-03	5.038894e+00
9.600000e+00	-1.012282e-02	5.024895e+00
9.633333e+00	-1.277032e-02	5.011456e+00
9.666667e+00	-1.548807e-02	4.997660e+00
9.700000e+00	-1.832225e-02	4.983273e+00
9.733333e+00	-2.120735e-02	4.968627e+00
9.766667e+00	-2.403578e-02	4.954269e+00
9.800000e+00	-2.661543e-02	4.941174e+00
9.833333e+00	-2.844394e-02	4.931892e+00
9.866667e+00	-2.848161e-02	4.931701e+00
9.900000e+00	-2.568363e-02	4.945904e+00
9.933333e+00	-2.048402e-02	4.972299e+00
9.966667e+00	-1.530433e-02	4.998593e+00
10	-1.267409e-02	5.011944e+00
1.003333e+01	-1.302529e-02	5.010162e+00
1.006667e+01	-1.493552e-02	5.000465e+00
1.010000e+01	-1.749793e-02	4.987457e+00
1.013333e+01	-2.151873e-02	4.967047e+00
1.016667e+01	-2.754234e-02	4.936469e+00
1.020000e+01	-3.395786e-02	4.903902e+00
1.023333e+01	-3.890665e-02	4.878781e+00
1.026667e+01	-4.295176e-02	4.858247e+00
1.030000e+01	-4.794123e-02	4.832919e+00
1.033333e+01	-5.449274e-02	4.799661e+00
1.036667e+01	-6.194484e-02	4.761832e+00
1.040000e+01	-6.911882e-02	4.725415e+00
1.043333e+01	-7.437667e-02	4.698725e+00
1.046667e+01	-7.647926e-02	4.688051e+00
1.050000e+01	-7.583467e-02	4.691324e+00
1.053333e+01	-7.422379e-02	4.699501e+00
1.056667e+01	-7.327567e-02	4.704314e+00
1.060000e+01	-7.341298e-02	4.703617e+00
1.063333e+01	-7.405208e-02	4.700373e+00
1.066667e+01	-7.447519e-02	4.698225e+00
1.070000e+01	-7.444176e-02	4.698394e+00
1.073333e+01	-7.417246e-02	4.699761e+00
1.076667e+01	-7.397987e-02	4.700739e+00
1.080000e+01	-7.398358e-02	4.700720e+00
1.083333e+01	-7.409772e-02	4.700141e+00
1.086667e+01	-7.418557e-02	4.699695e+00
1.090000e+01	-7.418891e-02	4.699678e+00
1.093333e+01	-7.414079e-02	4.699922e+00
1.096667e+01	-7.410090e-02	4.700125e+00
11	-7.409723e-02	4.700143e+00
1.103333e+01	-7.453549e-02	4.697919e+00
1.106667e+01	-7.733170e-02	4.683724e+00
1.110000e+01	-8.542160e-02	4.642658e+00
1.113333e+01	-9.872070e-02	4.575148e+00
1.116667e+01	-1.113732e-01	4.510920e+00
1.120000e+01	-1.157103e-01	4.488904e+00
1.123333e+01	-1.089719e-01	4.523110e+00
1.126667e+01	-9.511283e-02	4.593462e+00
1.130000e+01	-8.060715e-02	4.667097e+00
1.133333e+01	-6.942003e-02	4.723886e+00
1.136667e+01	-6.182903e-02	4.762420e+00
1.140000e+01	-5.674812e-02	4.788212e+00
1.143333e+01	-5.376120e-02	4.803375e+00
1.146667e+01	-5.287239e-02	4.807887e+00
1.150000e+01	-5.350067e-02	4.804697e+00
1.153333e+01	-5.450165e-02	4.799616e+00
1.156667e+01	-5.519330e-02	4.796105e+00
1.160000e+01	-5.641672e-02	4.789895e+00
1.163333e+01	-6.005914e-02	4.771405e+00
1.166667e+01	-6.654340e-02	4.738489e+00
1.170000e+01	-7.332811e-02	4.704048e+00
1.173333e+01	-7.707818e-02	4.685011e+00
1.176667e+01	-7.689661e-02	4.685933e+00
1.180000e+01	-7.471713e-02	4.696997e+00
1.183333e+01	-7.305523e-02	4.705433e+00
1.186667e+01	-7.295609e-02	4.705936e+00
1.190000e+01	-7.402858e-02	4.700492e+00
1.193333e+01	-7.615381e-02	4.689704e+00
1.196667e+01	-8.028129e-02	4.668751e+00
12	-8.662970e-02	4.636525e+00
1.203333e+01	-9.302961e-02	4.604037e+00
1.206667e+01	-9.655575e-02	4.586138e+00
1.210000e+01	-9.642003e-02	4.586826e+00
1.213333e+01	-9.440603e-02	4.597050e+00
1.216667e+01	-9.284810e-02	4.604959e+00
1.220000e+01	-9.273534e-02	4.605531e+00
1.223333e+01	-9.352796e-02	4.601507e+00
1.226667e+01	-9.421609e-02	4.598014e+00
1.230000e+01	-9.430297e-02	4.597573e+00
1.233333e+01	-9.397551e-02	4.599236e+00
1.236667e+01	-9.366758e-02	4.600799e+00
1.240000e+01	-9.361392e-02	4.601071e+00
1.243333e+01	-9.374944e-02	4.600383e+00
1.246667e+01	-9.388730e-02	4.599683e+00
1.250000e+01	-9.391774e-02	4.599529e+00
1.253333e+01	-9.386210e-02	4.599811e+00
1.256667e+01	-9.380062e-02	4.600123e+00
1.260000e+01	-9.378427e-02	4.600206e+00
1.263333e+01	-9.380689e-02	4.600092e+00
1.266667e+01	-9.383419e-02	4.599953e+00
1.270000e+01	-9.384265e-02	4.599910e+00
1.273333e+01	-9.383355e-02	4.599956e+00
1.276667e+01	-9.382149e-02	4.600017e+00
1.280000e+01	-9.381723e-02	4.600039e+00
1.283333e+01	-9.382084e-02	4.600021e+00
1.286667e+01	-9.382615e-02	4.599994e+00
1.290000e+01	-9.382825e-02	4.599983e+00
1.293333e+01	-9.382684e-02	4.599990e+00
1.296667e+01	-9.382452e-02	4.600002e+00
13	-9.382349e-02	4.600007e+00
1.303333e+01	-9.382403e-02	4.600005e+00
1.306667e+01	-9.382505e-02	4.599999e+00
1.310000e+01	-9.382554e-02	4.599997e+00
1.313333e+01	-9.382534e-02	4.599998e+00
1.316667e+01	-9.382490e-02	4.600000e+00
1.320000e+01	-9.382466e-02	4.600001e+00
1.323333e+01	-9.382473e-02	4.600001e+00
1.326667e+01	-9.382493e-02	4.600000e+00
1.330000e+01	-9.382503e-02	4.599999e+00
1.333333e+01	-9.382501e-02	4.600000e+00
1.336667e+01	-9.382493e-02	4.600000e+00
1.340000e+01	-9.382488e-02	4.600000e+00
1.343333e+01	-9.382488e-02	4.600000e+00
1.346667e+01	-9.382492e-02	4.600000e+00
1.350000e+01	-9.382494e-02	4.600000e+00
1.353333e+01	-9.382494e-02	4.600000e+00
1.356667e+01	-9.382493e-02	4.600000e+00
1.360000e+01	-9.382492e-02	4.600000e+00
1.363333e+01	-9.382492e-02	4.600000e+00
1.366667e+01	-9.382492e-02	4.600000e+00
1.370000e+01	-9.382493e-02	4.600000e+00
1.373333e+01	-9.382493e-02	4.600000e+00
1.376667e+01	-9.382492e-02	4.600000e+00
1.380000e+01	-9.382492e-02	4.600000e+00
1.383333e+01	-9.382492e-02	4.600000e+00
1.386667e+01	-9.382492e-02	4.600000e+00
1.390000e+01	-9.382492e-02	4.600000e+00
1.393333e+01	-9.382492e-02	4.600000e+00
1.396667e+01	-9.382492e-02	4.600000e+00
14	-9.382492e-02	4.600000e+00
1.403333e+01	-9.382492e-02	4.600000e+00
1.406667e+01	-9.382492e-02	4.600000e+00
1.410000e+01	-9.403397e-02	4.598939e+00
1.413333e+01	-9.542307e-02	4.591887e+00
1.416667e+01	-9.946674e-02	4.571361e+00
1.420000e+01	-1.061727e-01	4.537319e+00
1.423333e+01	-1.129026e-01	4.503156e+00
1.426667e+01	-1.164823e-01	4.484985e+00
1.430000e+01	-1.161984e-01	4.486426e+00
1.433333e+01	-1.140365e-01	4.497401e+00
1.436667e+01	-1.124475e-01	4.505466e+00
1.440000e+01	-1.123958e-01	4.505729e+00
1.443333e+01	-1.132544e-01	4.501370e+00
1.446667e+01	-1.139594e-01	4.497792e+00
1.450000e+01	-1.140214e-01	4.497477e+00
1.453333e+01	-1.136646e-01	4.499288e+00
1.456667e+01	-1.133479e-01	4.500896e+00
1.460000e+01	-1.133043e-01	4.501117e+00
1.463333e+01	-1.134528e-01	4.500364e+00
1.466667e+01	-1.135951e-01	4.499641e+00
1.470000e+01	-1.136215e-01	4.499507e+00
1.473333e+01	-1.135602e-01	4.499818e+00
1.476667e+01	-1.134965e-01	4.500142e+00
1.480000e+01	-1.134817e-01	4.500217e+00
1.483333e+01	-1.135068e-01	4.500089e+00
1.486667e+01	-1.135352e-01	4.499945e+00
1.490000e+01	-1.135431e-01	4.499905e+00
1.493333e+01	-1.135329e-01	4.499957e+00
1.496667e+01	-1.135203e-01	4.500021e+00
15	-1.135162e-01	4.500041e+00
1.503333e+01	-1.135203e-01	4.500021e+00
1.506667e+01	-1.135259e-01	4.499992e+00
1.510000e+01	-1.135279e-01	4.499982e+00
1.513333e+01	-1.135263e-01	4.499990e+00
1.516667e+01	-1.135239e-01	4.500003e+00
1.520000e+01	-1.135229e-01	4.500008e+00
1.523333e+01	-1.135235e-01	4.500005e+00
1.526667e+01	-1.135246e-01	4.499999e+00
1.530000e+01	-1.135250e-01	4.499997e+00
1.533333e+01	-1.135248e-01	4.499998e+00
1.536667e+01	-1.137334e-01	4.498939e+00
1.540000e+01	-1.151222e-01	4.491889e+00
1.543333e+01	-1.191660e-01	4.471362e+00
1.546667e+01	-1.258722e-01	4.437319e+00
1.550000e+01	-1.326022e-01	4.403156e+00
1.553333e+01	-1.361819e-01	4.384984e+00
1.556667e+01	-1.358978e-01	4.386426e+00
1.560000e+01	-1.339449e-01	4.396340e+00
1.563333e+01	-1.337451e-01	4.397354e+00
1.566667e+01	-1.377370e-01	4.377090e+00
1.570000e+01	-1.453017e-01	4.338689e+00
1.573333e+01	-1.527366e-01	4.300948e+00
1.576667e+01	-1.563783e-01	4.282461e+00
1.580000e+01	-1.557375e-01	4.285714e+00
1.583333e+01	-1.532589e-01	4.298297e+00
1.586667e+01	-1.518354e-01	4.305523e+00
1.590000e+01	-1.533212e-01	4.297980e+00
1.593333e+01	-1.583659e-01	4.272372e+00
1.596667e+01	-1.658033e-01	4.234618e+00
16	-1.725338e-01	4.200452e+00
1.603333e+01	-1.756930e-01	4.184414e+00
1.606667e+01	-1.750776e-01	4.187539e+00
1.610000e+01	-1.728972e-01	4.198607e+00
1.613333e+01	-1.714851e-01	4.205775e+00
1.616667e+01	-1.715835e-01	4.205275e+00
1.620000e+01	-1.724584e-01	4.200834e+00
1.623333e+01	-1.730895e-01	4.197631e+00
1.626667e+01	-1.730838e-01	4.197660e+00
1.630000e+01	-1.727163e-01	4.199525e+00
1.633333e+01	-1.724302e-01	4.200977e+00
1.636667e+01	-1.724170e-01	4.201045e+00
1.640000e+01	-1.725717e-01	4.200259e+00
1.643333e+01	-1.727014e-01	4.199601e+00
1.646667e+01	-1.725052e-01	4.200597e+00
1.650000e+01	-1.710514e-01	4.207977e+00
1.653333e+01	-1.669492e-01	4.228801e+00
1.656667e+01	-1.602344e-01	4.262887e+00
1.660000e+01	-1.535315e-01	4.296913e+00
1.663333e+01	-1.499780e-01	4.314951e+00
1.666667e+01	-1.502672e-01	4.313483e+00
1.670000e+01	-1.524180e-01	4.302565e+00
1.673333e+01	-1.539952e-01	4.294559e+00
1.676667e+01	-1.540441e-01	4.294311e+00
1.680000e+01	-1.531899e-01	4.298646e+00
1.683333e+01	-1.524902e-01	4.302199e+00
1.686667e+01	-1.524297e-01	4.302506e+00
1.690000e+01	-1.527847e-01	4.300704e+00
1.693333e+01	-1.530991e-01	4.299108e+00
1.696667e+01	-1.531419e-01	4.298890e+00
17	-1.529942e-01	4.299640e+00
1.703333e+01	-1.528529e-01	4.300358e+00
1.706667e+01	-1.528268e-01	4.300490e+00
1.710000e+01	-1.528879e-01	4.300180e+00
1.713333e+01	-1.529511e-01	4.299859e+00
1.716667e+01	-1.529657e-01	4.299785e+00
1.720000e+01	-1.527316e-01	4.300973e+00
1.723333e+01	-1.513144e-01	4.308167e+00
1.726667e+01	-1.472629e-01	4.328734e+00
1.730000e+01	-1.405671e-01	4.362724e+00
1.733333e+01	-1.338497e-01	4.396823e+00
1.736667e+01	-1.302740e-01	4.414974e+00
1.740000e+01	-1.305539e-01	4.413553e+00
1.743333e+01	-1.327103e-01	4.402607e+00
1.746667e+01	-1.342972e-01	4.394551e+00
1.750000e+01	-1.343505e-01	4.394281e+00
1.753333e+01	-1.334943e-01	4.398627e+00
1.756667e+01	-1.327903e-01	4.402201e+00
1.760000e+01	-1.327277e-01	4.402519e+00
1.763333e+01	-1.330834e-01	4.400713e+00
1.766667e+01	-1.333997e-01	4.399107e+00
1.770000e+01	-1.334435e-01	4.398885e+00
1.773333e+01	-1.330865e-01	4.400697e+00
1.776667e+01	-1.315553e-01	4.408470e+00
1.780000e+01	-1.274851e-01	4.429132e+00
1.783333e+01	-1.208402e-01	4.462863e+00
1.786667e+01	-1.141739e-01	4.496703e+00
1.790000e+01	-1.106090e-01	4.514799e+00
1.793333e+01	-1.108680e-01	4.513485e+00
1.796667e+01	-1.130015e-01	4.502654e+00
18	-1.145826e-01	4.494628e+00
1.803333e+01	-1.146445e-01	4.494314e+00
1.806667e+01	-1.137984e-01	4.498609e+00
1.810000e+01	-1.130975e-01	4.502167e+00
1.813333e+01	-1.130314e-01	4.502503e+00
1.816667e+01	-1.133827e-01	4.500719e+00
1.820000e+01	-1.136973e-01	4.499122e+00
1.823333e+01	-1.137426e-01	4.498892e+00
1.826667e+01	-1.138056e-01	4.498573e+00
1.830000e+01	-1.150534e-01	4.492239e+00
1.833333e+01	-1.190699e-01	4.471849e+00
1.836667e+01	-1.258362e-01	4.437502e+00
1.840000e+01	-1.324203e-01	4.404079e+00
1.843333e+01	-1.346259e-01	4.392883e+00
1.846667e+01	-1.302736e-01	4.414976e+00
1.850000e+01	-1.213776e-01	4.460135e+00
1.853333e+01	-1.130508e-01	4.502404e+00
1.856667e+01	-1.094293e-01	4.520788e+00
1.860000e+01	-1.105844e-01	4.514924e+00
1.863333e+01	-1.134554e-01	4.500350e+00
1.866667e+01	-1.151023e-01	4.491990e+00
1.870000e+01	-1.147918e-01	4.493566e+00
1.873333e+01	-1.136144e-01	4.499543e+00
1.876667e+01	-1.128673e-01	4.503335e+00
1.880000e+01	-1.129562e-01	4.502884e+00
1.883333e+01	-1.134564e-01	4.500345e+00
1.886667e+01	-1.137989e-01	4.498606e+00
1.890000e+01	-1.137801e-01	4.498702e+00
1.893333e+01	-1.135675e-01	4.499781e+00
1.896667e+01	-1.134106e-01	4.500578e+00
19	-1.134097e-01	4.500582e+00
1.903333e+01	-1.134997e-01	4.500125e+00
1.906667e+01	-1.135711e-01	4.499763e+00
1.910000e+01	-1.135755e-01	4.499740e+00
1.913333e+01	-1.135377e-01	4.499932e+00
1.916667e+01	-1.135053e-01	4.500097e+00
1.920000e+01	-1.135017e-01	4.500115e+00
1.923333e+01	-1.135175e-01	4.500035e+00
1.926667e+01	-1.135320e-01	4.499961e+00
1.930000e+01	-1.135344e-01	4.499949e+00
1.933333e+01	-1.135279e-01	4.499982e+00
1.936667e+01	-1.133123e-01	4.501077e+00
1.940000e+01	-1.119218e-01	4.508135e+00
1.943333e+01	-1.078808e-01	4.528648e+00
1.946667e+01	-1.011778e-01	4.562675e+00
1.950000e+01	-9.444865e-02	4.596834e+00
1.953333e+01	-9.086780e-02	4.615011e+00
1.956667e+01	-9.094145e-02	4.614637e+00
1.960000e+01	-9.171386e-02	4.610716e+00
1.963333e+01	-8.925955e-02	4.623175e+00
1.966667e+01	-8.260588e-02	4.656951e+00
1.970000e+01	-7.501757e-02	4.695471e+00
1.973333e+01	-7.094172e-02	4.716162e+00
1.976667e+01	-7.255255e-02	4.707985e+00
1.980000e+01	-7.911482e-02	4.674673e+00
1.983333e+01	-8.772653e-02	4.630957e+00
1.986667e+01	-9.455188e-02	4.596310e+00
1.990000e+01	-9.712452e-02	4.583250e+00
1.993333e+01	-9.599322e-02	4.588993e+00
1.996667e+01	-9.374281e-02	4.600417e+00
20	-9.257203e-02	4.606360e+00
2.003333e+01	-9.290068e-02	4.604692e+00
2.006667e+01	-9.381778e-02	4.600036e+00
2.010000e+01	-9.434913e-02	4.597339e+00
2.013333e+01	-9.424045e-02	4.597891e+00
2.016667e+01	-9.384933e-02	4.599876e+00
2.020000e+01	-9.360416e-02	4.601121e+00
2.023333e+01	-9.363680e-02	4.600955e+00
2.026667e+01	-9.380413e-02	4.600106e+00
2.030000e+01	-9.391722e-02	4.599531e+00
2.033333e+01	-9.390975e-02	4.599569e+00
2.036667e+01	-9.383851e-02	4.599931e+00
2.040000e+01	-9.378663e-02	4.600194e+00
2.043333e+01	-9.378686e-02	4.600193e+00
2.046667e+01	-9.381702e-02	4.600040e+00
2.050000e+01	-9.384068e-02	4.599920e+00
2.053333e+01	-9.384192e-02	4.599914e+00
2.056667e+01	-9.382923e-02	4.599978e+00
2.060000e+01	-9.381850e-02	4.600033e+00
2.063333e+01	-9.381737e-02	4.600038e+00
2.066667e+01	-9.382268e-02	4.600011e+00
2.070000e+01	-9.382752e-02	4.599987e+00
2.073333e+01	-9.382827e-02	4.599983e+00
2.076667e+01	-9.382606e-02	4.599994e+00
2.080000e+01	-9.382389e-02	4.600005e+00
2.083333e+01	-9.382345e-02	4.600007e+00
2.086667e+01	-9.382436e-02	4.600003e+00
2.090000e+01	-9.382533e-02	4.599998e+00
2.093333e+01	-9.382557e-02	4.599997e+00
2.096667e+01	-9.382520e-02	4.599999e+00
21	-9.382477e-02	4.600001e+00
2.103333e+01	-9.382464e-02	4.600001e+00
2.106667e+01	-9.382479e-02	4.600001e+00
2.110000e+01	-9.385714e-02	4.599836e+00
2.113333e+01	-9.410308e-02	4.598588e+00
2.116667e+01	-9.497099e-02	4.594182e+00
2.120000e+01	-9.687057e-02	4.584539e+00
2.123333e+01	-9.980556e-02	4.569641e+00
2.126667e+01	-1.032913e-01	4.551946e+00
2.130000e+01	-1.067334e-01	4.534473e+00
2.133333e+01	-1.098429e-01	4.518688e+00
2.136667e+01	-1.127079e-01	4.504145e+00
2.140000e+01	-1.155650e-01	4.489641e+00
2.143333e+01	-1.185541e-01	4.474468e+00
2.146667e+01	-1.216517e-01	4.458743e+00
2.150000e+01	-1.247589e-01	4.442970e+00
2.153333e+01	-1.277790e-01	4.427640e+00
2.156667e+01	-1.305367e-01	4.413641e+00
2.160000e+01	-1.326655e-01	4.402834e+00
2.163333e+01	-1.337855e-01	4.397149e+00
2.166667e+01	-1.338920e-01	4.396608e+00
2.170000e+01	-1.334519e-01	4.398842e+00
2.173333e+01	-1.330460e-01	4.400903e+00
2.176667e+01	-1.329630e-01	4.401324e+00
2.180000e+01	-1.331221e-01	4.400517e+00
2.183333e+01	-1.332930e-01	4.399649e+00
2.186667e+01	-1.333362e-01	4.399430e+00
2.190000e+01	-1.332722e-01	4.399755e+00
2.193333e+01	-1.334060e-01	4.399075e+00
2.196667e+01	-1.347729e-01	4.392136e+00
22	-1.388425e-01	4.371478e+00
2.203333e+01	-1.455817e-01	4.337268e+00
2.206667e+01	-1.523229e-01	4.303048e+00
2.210000e+01	-1.558923e-01	4.284929e+00
2.213333e+01	-1.555936e-01	4.286445e+00
2.216667e+01	-1.534261e-01	4.297447e+00
2.220000e+01	-1.518413e-01	4.305493e+00
2.223333e+01	-1.520050e-01	4.304662e+00
2.226667e+01	-1.542555e-01	4.293237e+00
2.230000e+01	-1.590025e-01	4.269140e+00
2.233333e+01	-1.657678e-01	4.234798e+00
2.236667e+01	-1.721395e-01	4.202453e+00
2.240000e+01	-1.754031e-01	4.185886e+00
2.243333e+01	-1.750767e-01	4.187543e+00
2.246667e+01	-1.730639e-01	4.197760e+00
2.250000e+01	-1.714081e-01	4.206166e+00
2.253333e+01	-1.699931e-01	4.213349e+00
2.256667e+01	-1.667465e-01	4.229830e+00
2.260000e+01	-1.606818e-01	4.260616e+00
2.263333e+01	-1.539994e-01	4.294537e+00
2.266667e+01	-1.500881e-01	4.314392e+00
2.270000e+01	-1.500838e-01	4.314414e+00
2.273333e+01	-1.522098e-01	4.303622e+00
2.276667e+01	-1.539370e-01	4.294854e+00
2.280000e+01	-1.541185e-01	4.293933e+00
2.283333e+01	-1.532823e-01	4.298178e+00
2.286667e+01	-1.525200e-01	4.302047e+00
2.290000e+01	-1.523999e-01	4.302657e+00
2.293333e+01	-1.527439e-01	4.300911e+00
2.296667e+01	-1.530841e-01	4.299184e+00
23	-1.531537e-01	4.298830e+00
2.303333e+01	-1.530121e-01	4.299549e+00
2.306667e+01	-1.528602e-01	4.300320e+00
2.310000e+01	-1.528222e-01	4.300513e+00
2.313333e+01	-1.528800e-01	4.300220e+00
2.316667e+01	-1.529476e-01	4.299877e+00
2.320000e+01	-1.529674e-01	4.299776e+00
2.323333e+01	-1.529441e-01	4.299894e+00
2.326667e+01	-1.529142e-01	4.300046e+00
2.330000e+01	-1.529041e-01	4.300097e+00
2.333333e+01	-1.529134e-01	4.300050e+00
2.336667e+01	-1.529266e-01	4.299983e+00
2.340000e+01	-1.529316e-01	4.299958e+00
2.343333e+01	-1.529280e-01	4.299976e+00
2.346667e+01	-1.529222e-01	4.300006e+00
2.350000e+01	-1.529197e-01	4.300018e+00
2.353333e+01	-1.529211e-01	4.300011e+00
2.356667e+01	-1.531327e-01	4.298937e+00
2.360000e+01	-1.545230e-01	4.291880e+00
2.363333e+01	-1.585661e-01	4.271355e+00
2.366667e+01	-1.652710e-01	4.237319e+00
2.370000e+01	-1.720003e-01	4.203160e+00
2.373333e+01	-1.755803e-01	4.184987e+00
2.376667e+01	-1.755058e-01	4.185365e+00
2.380000e+01	-1.747333e-01	4.189287e+00
2.383333e+01	-1.771879e-01	4.176826e+00
2.386667e+01	-1.838420e-01	4.143048e+00
2.390000e+01	-1.914304e-01	4.104527e+00
2.393333e+01	-1.957151e-01	4.082777e+00
2.396667e+01	-1.954932e-01	4.083903e+00
24	-1.929746e-01	4.096689e+00
2.403333e+01	-1.910689e-01	4.106362e+00
2.406667e+01	-1.909735e-01	4.106846e+00
2.410000e+01	-1.919806e-01	4.101734e+00
2.413333e+01	-1.928279e-01	4.097433e+00
2.416667e+01	-1.929164e-01	4.096984e+00
2.420000e+01	-1.924982e-01	4.099106e+00
2.423333e+01	-1.921178e-01	4.101037e+00
2.426667e+01	-1.918504e-01	4.102395e+00
2.430000e+01	-1.906349e-01	4.108565e+00
2.433333e+01	-1.867619e-01	4.128226e+00
2.436667e+01	-1.800902e-01	4.162093e+00
2.440000e+01	-1.732888e-01	4.196619e+00
2.443333e+01	-1.696328e-01	4.215178e+00
2.446667e+01	-1.696889e-01	4.214893e+00
2.450000e+01	-1.704909e-01	4.210822e+00
2.453333e+01	-1.680701e-01	4.223111e+00
2.456667e+01	-1.614257e-01	4.256839e+00
2.460000e+01	-1.538254e-01	4.295421e+00
2.463333e+01	-1.495257e-01	4.317247e+00
2.466667e+01	-1.497426e-01	4.316146e+00
2.470000e+01	-1.522661e-01	4.303336e+00
2.473333e+01	-1.541783e-01	4.293629e+00
2.476667e+01	-1.542762e-01	4.293132e+00
2.480000e+01	-1.532672e-01	4.298254e+00
2.483333e+01	-1.524170e-01	4.302570e+00
2.486667e+01	-1.523273e-01	4.303025e+00
2.490000e+01	-1.527462e-01	4.300899e+00
2.493333e+01	-1.529188e-01	4.300023e+00
2.496667e+01	-1.515887e-01	4.306775e+00
25	-1.473712e-01	4.328184e+00
2.503333e+01	-1.407030e-01	4.362034e+00
2.506667e+01	-1.351186e-01	4.390382e+00
2.510000e+01	-1.344741e-01	4.393653e+00
2.513333e+01	-1.388860e-01	4.371257e+00
2.516667e+01	-1.449253e-01	4.340600e+00
2.520000e+01	-1.486518e-01	4.321683e+00
2.523333e+01	-1.474920e-01	4.327571e+00
2.526667e+01	-1.416192e-01	4.357383e+00
2.530000e+01	-1.344852e-01	4.393597e+00
2.533333e+01	-1.302338e-01	4.415178e+00
2.536667e+01	-1.302011e-01	4.415344e+00
2.540000e+01	-1.324696e-01	4.403829e+00
2.543333e+01	-1.343112e-01	4.394480e+00
2.546667e+01	-1.344981e-01	4.393532e+00
2.550000e+01	-1.336011e-01	4.398085e+00
2.553333e+01	-1.327888e-01	4.402208e+00
2.556667e+01	-1.326648e-01	4.402838e+00
2.560000e+01	-1.330348e-01	4.400960e+00
2.563333e+01	-1.333977e-01	4.399118e+00
2.566667e+01	-1.334701e-01	4.398750e+00
2.570000e+01	-1.333176e-01	4.399524e+00
2.573333e+01	-1.331555e-01	4.400347e+00
2.576667e+01	-1.331158e-01	4.400549e+00
2.580000e+01	-1.331781e-01	4.400232e+00
2.583333e+01	-1.330411e-01	4.400928e+00
2.586667e+01	-1.316729e-01	4.407873e+00
2.590000e+01	-1.276041e-01	4.428528e+00
2.593333e+01	-1.208661e-01	4.462731e+00
2.596667e+01	-1.141256e-01	4.496948e+00
26	-1.105559e-01	4.515069e+00
2.603333e+01	-1.108540e-01	4.513556e+00
2.606667e+01	-1.130212e-01	4.502554e+00
2.610000e+01	-1.146062e-01	4.494509e+00
2.613333e+01	-1.146517e-01	4.494277e+00
2.616667e+01	-1.137905e-01	4.498649e+00
2.620000e+01	-1.130871e-01	4.502220e+00
2.623333e+01	-1.130277e-01	4.502521e+00
2.626667e+01	-1.131767e-01	4.501765e+00
2.630000e+01	-1.121038e-01	4.507211e+00
2.633333e+01	-1.081026e-01	4.527523e+00
2.636667e+01	-1.012475e-01	4.562321e+00
2.640000e+01	-9.437552e-02	4.597205e+00
2.643333e+01	-9.076983e-02	4.615508e+00
2.646667e+01	-9.111546e-02	4.613754e+00
2.650000e+01	-9.334098e-02	4.602457e+00
2.653333e+01	-9.473541e-02	4.595378e+00
2.656667e+01	-9.337281e-02	4.602295e+00
2.660000e+01	-8.844214e-02	4.627325e+00
2.663333e+01	-8.102341e-02	4.664984e+00
2.666667e+01	-7.424179e-02	4.699410e+00
2.670000e+01	-7.103142e-02	4.715706e+00
2.673333e+01	-7.163612e-02	4.712637e+00
2.676667e+01	-7.383754e-02	4.701462e+00
2.680000e+01	-7.527240e-02	4.694178e+00
2.683333e+01	-7.517984e-02	4.694648e+00
2.686667e+01	-7.429637e-02	4.699132e+00
2.690000e+01	-7.365520e-02	4.702387e+00
2.693333e+01	-7.365786e-02	4.702374e+00
2.696667e+01	-7.402881e-02	4.700491e+00
27	-7.431933e-02	4.699016e+00
2.703333e+01	-7.433411e-02	4.698941e+00
2.706667e+01	-7.417799e-02	4.699733e+00
2.710000e+01	-7.404634e-02	4.700402e+00
2.713333e+01	-7.403270e-02	4.700471e+00
2.716667e+01	-7.409800e-02	4.700139e+00
2.720000e+01	-7.415740e-02	4.699838e+00
2.723333e+01	-7.416653e-02	4.699792e+00
2.726667e+01	-7.413941e-02	4.699929e+00
2.730000e+01	-7.411274e-02	4.700065e+00
2.733333e+01	-7.410737e-02	4.700092e+00
2.736667e+01	-7.411854e-02	4.700035e+00
2.740000e+01	-7.413046e-02	4.699975e+00
2.743333e+01	-7.413340e-02	4.699960e+00
2.746667e+01	-7.412884e-02	4.699983e+00
2.750000e+01	-7.412354e-02	4.700010e+00
2.753333e+01	-7.412200e-02	4.700018e+00
2.756667e+01	-7.412384e-02	4.700008e+00
2.760000e+01	-7.412619e-02	4.699996e+00
2.763333e+01	-7.412697e-02	4.699992e+00
2.766667e+01	-7.412624e-02	4.699996e+00
2.770000e+01	-7.433425e-02	4.698940e+00
2.773333e+01	-7.572296e-02	4.691891e+00
2.776667e+01	-7.976692e-02	4.671362e+00
2.780000e+01	-8.647337e-02	4.637319e+00
2.783333e+01	-9.320342e-02	4.603155e+00
2.786667e+01	-9.678306e-02	4.584984e+00
2.790000e+01	-9.649887e-02	4.586426e+00
2.793333e+01	-9.433687e-02	4.597401e+00
2.796667e+01	-9.274800e-02	4.605467e+00
28	-9.269633e-02	4.605729e+00
2.803333e+01	-9.355503e-02	4.601370e+00
2.806667e+01	-9.425998e-02	4.597792e+00
2.810000e+01	-9.432195e-02	4.597477e+00
2.813333e+01	-9.396513e-02	4.599288e+00
2.816667e+01	-9.364842e-02	4.600896e+00
2.820000e+01	-9.360481e-02	4.601117e+00
2.823333e+01	-9.375332e-02	4.600363e+00
2.826667e+01	-9.389563e-02	4.599641e+00
2.830000e+01	-9.392207e-02	4.599507e+00
2.833333e+01	-9.386071e-02	4.599818e+00
2.836667e+01	-9.379702e-02	4.600142e+00
2.840000e+01	-9.378224e-02	4.600217e+00
2.843333e+01	-9.380737e-02	4.600089e+00
2.846667e+01	-9.383574e-02	4.599945e+00
2.850000e+01	-9.384360e-02	4.599905e+00
2.853333e+01	-9.383341e-02	4.599957e+00
2.856667e+01	-9.382083e-02	4.600021e+00
2.860000e+01	-9.381679e-02	4.600041e+00
2.863333e+01	-9.382087e-02	4.600021e+00
2.866667e+01	-9.382643e-02	4.599992e+00
2.870000e+01	-9.382845e-02	4.599982e+00
2.873333e+01	-9.382684e-02	4.599990e+00
2.876667e+01	-9.382440e-02	4.600003e+00
2.880000e+01	-9.382340e-02	4.600008e+00
2.883333e+01	-9.382403e-02	4.600005e+00
2.886667e+01	-9.382510e-02	4.599999e+00
2.890000e+01	-9.382558e-02	4.599997e+00
2.893333e+01	-9.382534e-02	4.599998e+00
2.896667e+01	-9.382487e-02	4.600000e+00
29	-9.382464e-02	4.600001e+00
2.903333e+01	-9.382473e-02	4.600001e+00
2.906667e+01	-9.382493e-02	4.600000e+00
2.910000e+01	-9.382504e-02	4.599999e+00
2.913333e+01	-9.382501e-02	4.600000e+00
2.916667e+01	-9.382492e-02	4.600000e+00
2.920000e+01	-9.382487e-02	4.600000e+00
2.923333e+01	-9.382488e-02	4.600000e+00
2.926667e+01	-9.382492e-02	4.600000e+00
2.930000e+01	-9.382494e-02	4.600000e+00
2.933333e+01	-9.382494e-02	4.600000e+00
2.936667e+01	-9.382493e-02	4.600000e+00
2.940000e+01	-9.382491e-02	4.600000e+00
2.943333e+01	-9.382492e-02	4.600000e+00
2.946667e+01	-9.382492e-02	4.600000e+00
2.950000e+01	-9.382493e-02	4.600000e+00
2.953333e+01	-9.382493e-02	4.600000e+00
2.956667e+01	-9.361588e-02	4.601061e+00
2.960000e+01	-9.222677e-02	4.608113e+00
2.963333e+01	-8.818311e-02	4.628639e+00
2.966667e+01	-8.147710e-02	4.662681e+00
2.970000e+01	-7.474725e-02	4.696844e+00
2.973333e+01	-7.116750e-02	4.715015e+00
2.976667e+01	-7.145149e-02	4.713574e+00
2.980000e+01	-7.361340e-02	4.702599e+00
2.983333e+01	-7.520231e-02	4.694534e+00
2.986667e+01	-7.525407e-02	4.694271e+00
2.990000e+01	-7.439541e-02	4.698630e+00
2.993333e+01	-7.369045e-02	4.702208e+00
2.996667e+01	-7.362844e-02	4.702523e+00
30	-7.398524e-02	4.700712e+00
3.003333e+01	-7.430195e-02	4.699104e+00
3.006667e+01	-7.434558e-02	4.698883e+00
3.010000e+01	-7.419708e-02	4.699636e+00
3.013333e+01	-7.405477e-02	4.700359e+00
3.016667e+01	-7.402832e-02	4.700493e+00
3.020000e+01	-7.408968e-02	4.700182e+00
3.023333e+01	-7.415336e-02	4.699858e+00
3.026667e+01	-7.416815e-02	4.699783e+00
3.030000e+01	-7.414302e-02	4.699911e+00
3.033333e+01	-7.390560e-02	4.701116e+00
3.036667e+01	-7.250865e-02	4.708207e+00
3.040000e+01	-6.847517e-02	4.728683e+00
3.043333e+01	-6.178174e-02	4.762660e+00
3.046667e+01	-5.505592e-02	4.796802e+00
3.050000e+01	-5.147209e-02	4.814995e+00
3.053333e+01	-5.175053e-02	4.813581e+00
3.056667e+01	-5.391041e-02	4.802617e+00
3.060000e+01	-5.550094e-02	4.794543e+00
3.063333e+01	-5.555514e-02	4.794268e+00
3.066667e+01	-5.469748e-02	4.798622e+00
3.070000e+01	-5.399188e-02	4.802204e+00
3.073333e+01	-5.392880e-02	4.802524e+00
3.076667e+01	-5.428513e-02	4.800715e+00
3.080000e+01	-5.460208e-02	4.799106e+00
3.083333e+01	-5.464617e-02	4.798882e+00
3.086667e+01	-5.449790e-02	4.799635e+00
3.090000e+01	-5.435550e-02	4.800358e+00
3.093333e+01	-5.432885e-02	4.800493e+00
3.096667e+01	-5.439010e-02	4.800182e+00
31	-5.445382e-02	4.799859e+00
3.103333e+01	-5.446869e-02	4.799783e+00
3.106667e+01	-5.444361e-02	4.799911e+00
3.110000e+01	-5.441523e-02	4.800055e+00
3.113333e+01	-5.440734e-02	4.800095e+00
3.116667e+01	-5.441750e-02	4.800043e+00
3.120000e+01	-5.443009e-02	4.799979e+00
3.123333e+01	-5.443414e-02	4.799959e+00
3.126667e+01	-5.443007e-02	4.799979e+00
3.130000e+01	-5.442451e-02	4.800008e+00
3.133333e+01	-5.442248e-02	4.800018e+00
3.136667e+01	-5.442409e-02	4.800010e+00
3.140000e+01	-5.442653e-02	4.799997e+00
3.143333e+01	-5.442753e-02	4.799992e+00
3.146667e+01	-5.442690e-02	4.799995e+00
3.150000e+01	-5.442584e-02	4.800001e+00
3.153333e+01	-5.442535e-02	4.800003e+00
3.156667e+01	-5.442559e-02	4.800002e+00
3.160000e+01	-5.442606e-02	4.800000e+00
3.163333e+01	-5.442629e-02	4.799999e+00
3.166667e+01	-5.442620e-02	4.799999e+00
3.170000e+01	-5.442600e-02	4.800000e+00
3.173333e+01	-5.442589e-02	4.800001e+00
3.176667e+01	-5.442592e-02	4.800000e+00
3.180000e+01	-5.442601e-02	4.800000e+00
3.183333e+01	-5.442606e-02	4.800000e+00
3.186667e+01	-5.442605e-02	4.800000e+00
3.190000e+01	-5.442601e-02	4.800000e+00
3.193333e+01	-5.442599e-02	4.800000e+00
3.196667e+01	-5.442599e-02	4.800000e+00
32	-5.442601e-02	4.800000e+00
3.203333e+01	-5.442602e-02	4.800000e+00
3.206667e+01	-5.442602e-02	4.800000e+00
3.210000e+01	-5.442601e-02	4.800000e+00
3.213333e+01	-5.463505e-02	4.798939e+00
3.216667e+01	-5.602415e-02	4.791887e+00
3.220000e+01	-6.006782e-02	4.771361e+00
3.223333e+01	-6.677383e-02	4.737319e+00
3.226667e+01	-7.350368e-02	4.703156e+00
3.230000e+01	-7.708343e-02	4.684985e+00
3.233333e+01	-7.679944e-02	4.686426e+00
3.236667e+01	-7.463753e-02	4.697401e+00
3.240000e+01	-7.304862e-02	4.705466e+00
3.243333e+01	-7.299686e-02	4.705729e+00
3.246667e+01	-7.385552e-02	4.701370e+00
3.250000e+01	-7.456048e-02	4.697792e+00
3.253333e+01	-7.462250e-02	4.697477e+00
3.256667e+01	-7.426569e-02	4.699288e+00
3.260000e+01	-7.394898e-02	4.700896e+00
3.263333e+01	-7.390535e-02	4.701117e+00
3.266667e+01	-7.405385e-02	4.700364e+00
3.270000e+01	-7.419616e-02	4.699641e+00
3.273333e+01	-7.422261e-02	4.699507e+00
3.276667e+01	-7.395220e-02	4.700880e+00
3.280000e+01	-7.249942e-02	4.708254e+00
3.283333e+01	-6.844097e-02	4.728856e+00
3.286667e+01	-6.176009e-02	4.762770e+00
3.290000e+01	-5.505860e-02	4.796789e+00
3.293333e+01	-5.148672e-02	4.814921e+00
3.296667e+01	-5.176052e-02	4.813531e+00
33	-5.390984e-02	4.802620e+00
3.303333e+01	-5.549472e-02	4.794575e+00
3.306667e+01	-5.555056e-02	4.794291e+00
3.310000e+01	-5.469746e-02	4.798622e+00
3.313333e+01	-5.399451e-02	4.802190e+00
3.316667e+01	-5.393089e-02	4.802513e+00
3.320000e+01	-5.428525e-02	4.800715e+00
3.323333e+01	-5.460097e-02	4.799112e+00
3.326667e+01	-5.464523e-02	4.798887e+00
3.330000e+01	-5.449780e-02	4.799636e+00
3.333333e+01	-5.435597e-02	4.800356e+00
3.336667e+01	-5.432928e-02	4.800491e+00
3.340000e+01	-5.439017e-02	4.800182e+00
3.343333e+01	-5.445363e-02	4.799860e+00
3.346667e+01	-5.446850e-02	4.799784e+00
3.350000e+01	-5.444357e-02	4.799911e+00
3.353333e+01	-5.441531e-02	4.800054e+00
3.356667e+01	-5.440742e-02	4.800094e+00
3.360000e+01	-5.441752e-02	4.800043e+00
3.363333e+01	-5.443005e-02	4.799979e+00
3.366667e+01	-5.443410e-02	4.799959e+00
3.370000e+01	-5.443005e-02	4.799979e+00
3.373333e+01	-5.442452e-02	4.800008e+00
3.376667e+01	-5.442250e-02	4.800018e+00
3.380000e+01	-5.442410e-02	4.800010e+00
3.383333e+01	-5.442653e-02	4.799997e+00
3.386667e+01	-5.442752e-02	4.799992e+00
3.390000e+01	-5.442690e-02	4.799995e+00
3.393333e+01	-5.442584e-02	4.800001e+00
3.396667e+01	-5.442536e-02	4.800003e+00
34	-5.442559e-02	4.800002e+00
3.403333e+01	-5.442606e-02	4.800000e+00
3.406667e+01	-5.442629e-02	4.799999e+00
3.410000e+01	-5.442620e-02	4.799999e+00
3.413333e+01	-5.442600e-02	4.800000e+00
3.416667e+01	-5.442589e-02	4.800001e+00
3.420000e+01	-5.442592e-02	4.800000e+00
3.423333e+01	-5.442601e-02	4.800000e+00
3.426667e+01	-5.442606e-02	4.800000e+00
3.430000e+01	-5.442605e-02	4.800000e+00
3.433333e+01	-5.442601e-02	4.800000e+00
3.436667e+01	-5.442599e-02	4.800000e+00
3.440000e+01	-5.442599e-02	4.800000e+00
3.443333e+01	-5.442601e-02	4.800000e+00
3.446667e+01	-5.442602e-02	4.800000e+00
3.450000e+01	-5.442602e-02	4.800000e+00
3.453333e+01	-5.442601e-02	4.800000e+00
3.456667e+01	-5.442600e-02	4.800000e+00
3.460000e+01	-5.442600e-02	4.800000e+00
3.463333e+01	-5.463506e-02	4.798939e+00
3.466667e+01	-5.602416e-02	4.791887e+00
3.470000e+01	-6.006782e-02	4.771361e+00
3.473333e+01	-6.677383e-02	4.737319e+00
3.476667e+01	-7.371273e-02	4.702095e+00
3.480000e+01	-7.868157e-02	4.676872e+00
3.483333e+01	-8.244125e-02	4.657787e+00
3.486667e+01	-8.698535e-02	4.634720e+00
3.490000e+01	-9.233534e-02	4.607562e+00
3.493333e+01	-9.725243e-02	4.582601e+00
3.496667e+01	-1.018708e-01	4.559157e+00
35	-1.071198e-01	4.532511e+00
3.503333e+01	-1.123228e-01	4.506100e+00
3.506667e+01	-1.154940e-01	4.490002e+00
3.510000e+01	-1.157519e-01	4.488692e+00
3.513333e+01	-1.142514e-01	4.496310e+00
3.516667e+01	-1.128729e-01	4.503307e+00
3.520000e+01	-1.123977e-01	4.505720e+00
3.523333e+01	-1.115769e-01	4.509886e+00
3.526667e+01	-1.081333e-01	4.527367e+00
3.530000e+01	-1.015741e-01	4.560663e+00
3.533333e+01	-9.461495e-02	4.595990e+00
3.536667e+01	-9.077007e-02	4.615507e+00
3.540000e+01	-9.097743e-02	4.614455e+00
3.543333e+01	-9.323201e-02	4.603010e+00
3.546667e+01	-9.493826e-02	4.594348e+00
3.550000e+01	-9.502902e-02	4.593888e+00
3.553333e+01	-9.413334e-02	4.598434e+00
3.556667e+01	-9.337663e-02	4.602276e+00
3.560000e+01	-9.329520e-02	4.602689e+00
3.563333e+01	-9.366657e-02	4.600804e+00
3.566667e+01	-9.400600e-02	4.599081e+00
3.570000e+01	-9.405914e-02	4.598811e+00
3.573333e+01	-9.390500e-02	4.599593e+00
3.576667e+01	-9.375276e-02	4.600366e+00
3.580000e+01	-9.372173e-02	4.600524e+00
3.583333e+01	-9.378521e-02	4.600202e+00
3.586667e+01	-9.385322e-02	4.599856e+00
3.590000e+01	-9.387019e-02	4.599770e+00
3.593333e+01	-9.384428e-02	4.599902e+00
3.596667e+01	-9.381404e-02	4.600055e+00
36	-9.380516e-02	4.600100e+00
3.603333e+01	-9.381561e-02	4.600047e+00
3.606667e+01	-9.382900e-02	4.599979e+00
3.610000e+01	-9.383352e-02	4.599956e+00
3.613333e+01	-9.382935e-02	4.599978e+00
3.616667e+01	-9.382345e-02	4.600007e+00
3.620000e+01	-9.382120e-02	4.600019e+00
3.623333e+01	-9.382284e-02	4.600011e+00
3.626667e+01	-9.382543e-02	4.599997e+00
3.630000e+01	-9.382653e-02	4.599992e+00
3.633333e+01	-9.382590e-02	4.599995e+00
3.636667e+01	-9.382476e-02	4.600001e+00
3.640000e+01	-9.382424e-02	4.600003e+00
3.643333e+01	-9.382447e-02	4.600002e+00
3.646667e+01	-9.382497e-02	4.600000e+00
3.650000e+01	-9.382522e-02	4.599999e+00
3.653333e+01	-9.382513e-02	4.599999e+00
3.656667e+01	-9.382492e-02	4.600000e+00
3.660000e+01	-9.382480e-02	4.600001e+00
3.663333e+01	-9.382483e-02	4.600000e+00
3.666667e+01	-9.382492e-02	4.600000e+00
3.670000e+01	-9.382498e-02	4.600000e+00
3.673333e+01	-9.382497e-02	4.600000e+00
3.676667e+01	-9.382493e-02	4.600000e+00
3.680000e+01	-9.382490e-02	4.600000e+00
3.683333e+01	-9.382490e-02	4.600000e+00
3.686667e+01	-9.382492e-02	4.600000e+00
3.690000e+01	-9.382493e-02	4.600000e+00
3.693333e+01	-9.382493e-02	4.600000e+00
3.696667e+01	-9.382493e-02	4.600000e+00
37	-9.382492e-02	4.600000e+00
3.703333e+01	-9.382492e-02	4.600000e+00
3.706667e+01	-9.382492e-02	4.600000e+00
3.710000e+01	-9.382493e-02	4.600000e+00
3.713333e+01	-9.382493e-02	4.600000e+00
3.716667e+01	-9.382492e-02	4.600000e+00
3.720000e+01	-9.382492e-02	4.600000e+00
3.723333e+01	-9.382492e-02	4.600000e+00
3.726667e+01	-9.382492e-02	4.600000e+00
3.730000e+01	-9.382492e-02	4.600000e+00
3.733333e+01	-9.382492e-02	4.600000e+00
3.736667e+01	-9.382492e-02	4.600000e+00
3.740000e+01	-9.382492e-02	4.600000e+00
3.743333e+01	-9.382492e-02	4.600000e+00
3.746667e+01	-9.382492e-02	4.600000e+00
3.750000e+01	-9.382492e-02	4.600000e+00
3.753333e+01	-9.382492e-02	4.600000e+00
3.756667e+01	-9.382492e-02	4.600000e+00
3.760000e+01	-9.382492e-02	4.600000e+00
3.763333e+01	-9.382492e-02	4.600000e+00
3.766667e+01	-9.382492e-02	4.600000e+00
3.770000e+01	-9.382492e-02	4.600000e+00
3.773333e+01	-9.382492e-02	4.600000e+00
3.776667e+01	-9.382492e-02	4.600000e+00
3.780000e+01	-9.382492e-02	4.600000e+00
3.783333e+01	-9.382492e-02	4.600000e+00
3.786667e+01	-9.382492e-02	4.600000e+00
3.790000e+01	-9.382492e-02	4.600000e+00
3.793333e+01	-9.382492e-02	4.600000e+00
3.796667e+01	-9.382492e-02	4.600000e+00
38	-9.382492e-02	4.600000e+00
3.803333e+01	-9.382492e-02	4.600000e+00
3.806667e+01	-9.382492e-02	4.600000e+00
3.810000e+01	-9.361587e-02	4.601061e+00
3.813333e+01	-9.222678e-02	4.608113e+00
3.816667e+01	-8.818311e-02	4.628639e+00
3.820000e+01	-8.147710e-02	4.662681e+00
3.823333e+01	-7.474725e-02	4.696844e+00
3.826667e+01	-7.116750e-02	4.715015e+00
3.830000e+01	-7.145149e-02	4.713574e+00
3.833333e+01	-7.361340e-02	4.702599e+00
3.836667e+01	-7.520231e-02	4.694534e+00
3.840000e+01	-7.525407e-02	4.694271e+00
3.843333e+01	-7.439541e-02	4.698630e+00
3.846667e+01	-7.369045e-02	4.702208e+00
3.850000e+01	-7.362844e-02	4.702523e+00
3.853333e+01	-7.398524e-02	4.700712e+00
3.856667e+01	-7.430195e-02	4.699104e+00
3.860000e+01	-7.434558e-02	4.698883e+00
3.863333e+01	-7.419708e-02	4.699636e+00
3.866667e+01	-7.405477e-02	4.700359e+00
3.870000e+01	-7.402832e-02	4.700493e+00
3.873333e+01	-7.408968e-02	4.700182e+00
3.876667e+01	-7.415336e-02	4.699858e+00
3.880000e+01	-7.416815e-02	4.699783e+00
3.883333e+01	-7.414302e-02	4.699911e+00
3.886667e+01	-7.411465e-02	4.700055e+00
3.890000e+01	-7.410679e-02	4.700095e+00
3.893333e+01	-7.411698e-02	4.700043e+00
3.896667e+01	-7.412956e-02	4.699979e+00
39	-7.413360e-02	4.699959e+00
3.903333e+01	-7.412951e-02	4.699979e+00
3.906667e+01	-7.412396e-02	4.700008e+00
3.910000e+01	-7.412194e-02	4.700018e+00
3.913333e+01	-7.412355e-02	4.700010e+00
3.916667e+01	-7.412599e-02	4.699997e+00
3.920000e+01	-7.412699e-02	4.699992e+00
3.923333e+01	-7.412636e-02	4.699995e+00
3.926667e+01	-7.412529e-02	4.700001e+00
3.930000e+01	-7.412481e-02	4.700003e+00
3.933333e+01	-7.412505e-02	4.700002e+00
3.936667e+01	-7.412552e-02	4.700000e+00
3.940000e+01	-7.412574e-02	4.699999e+00
3.943333e+01	-7.412566e-02	4.699999e+00
3.946667e+01	-7.412546e-02	4.700000e+00
3.950000e+01	-7.412535e-02	4.700001e+00
3.953333e+01	-7.412538e-02	4.700000e+00
3.956667e+01	-7.412546e-02	4.700000e+00
3.960000e+01	-7.412552e-02	4.700000e+00
3.963333e+01	-7.412551e-02	4.700000e+00
3.966667e+01	-7.412547e-02	4.700000e+00
3.970000e+01	-7.412544e-02	4.700000e+00
3.973333e+01	-7.412545e-02	4.700000e+00
3.976667e+01	-7.412546e-02	4.700000e+00
3.980000e+01	-7.412547e-02	4.700000e+00
3.983333e+01	-7.412547e-02	4.700000e+00
3.986667e+01	-7.412547e-02	4.700000e+00
3.990000e+01	-7.412546e-02	4.700000e+00
3.993333e+01	-7.412546e-02	4.700000e+00
3.996667e+01	-7.412546e-02	4.700000e+00
40	-7.412547e-02	4.700000e+00
4.003333e+01	-7.412547e-02	4.700000e+00
4.006667e+01	-7.412547e-02	4.700000e+00
4.010000e+01	-7.412546e-02	4.700000e+00
4.013333e+01	-7.412546e-02	4.700000e+00
4.016667e+01	-7.412547e-02	4.700000e+00
4.020000e+01	-7.412547e-02	4.700000e+00
4.023333e+01	-7.412547e-02	4.700000e+00
4.026667e+01	-7.433451e-02	4.698939e+00
4.030000e+01	-7.572361e-02	4.691887e+00
4.033333e+01	-7.976728e-02	4.671361e+00
4.036667e+01	-8.647328e-02	4.637319e+00
4.040000e+01	-9.320314e-02	4.603156e+00
4.043333e+01	-9.678289e-02	4.584985e+00
4.046667e+01	-9.649890e-02	4.586426e+00
4.050000e+01	-9.433699e-02	4.597401e+00
4.053333e+01	-9.274808e-02	4.605466e+00
4.056667e+01	-9.290537e-02	4.604668e+00
4.060000e+01	-9.515312e-02	4.593258e+00
4.063333e+01	-9.990176e-02	4.569152e+00
4.066667e+01	-1.068788e-01	4.533735e+00
4.070000e+01	-1.146410e-01	4.494332e+00
4.073333e+01	-1.221567e-01	4.456180e+00
4.076667e+01	-1.299242e-01	4.416750e+00
4.080000e+01	-1.386843e-01	4.372281e+00
4.083333e+01	-1.477325e-01	4.326350e+00
4.086667e+01	-1.555422e-01	4.286706e+00
4.090000e+01	-1.618010e-01	4.254934e+00
4.093333e+01	-1.672754e-01	4.227145e+00
4.096667e+01	-1.718388e-01	4.203980e+00
41	-1.743566e-01	4.191199e+00
4.103333e+01	-1.744375e-01	4.190788e+00
4.106667e+01	-1.730559e-01	4.197801e+00
4.110000e+01	-1.711544e-01	4.207454e+00
4.113333e+01	-1.682613e-01	4.222140e+00
4.116667e+01	-1.633671e-01	4.246984e+00
4.120000e+01	-1.571287e-01	4.278652e+00
4.123333e+01	-1.520764e-01	4.304299e+00
4.126667e+01	-1.502339e-01	4.313652e+00
4.130000e+01	-1.512446e-01	4.308521e+00
4.133333e+01	-1.530651e-01	4.299280e+00
4.136667e+01	-1.537556e-01	4.295775e+00
4.140000e+01	-1.520573e-01	4.304396e+00
4.143333e+01	-1.472603e-01	4.328747e+00
4.146667e+01	-1.401389e-01	4.364897e+00
4.150000e+01	-1.335148e-01	4.398523e+00
4.153333e+01	-1.302574e-01	4.415059e+00
4.156667e+01	-1.307342e-01	4.412638e+00
4.160000e+01	-1.328620e-01	4.401837e+00
4.163333e+01	-1.343127e-01	4.394473e+00
4.166667e+01	-1.342751e-01	4.394664e+00
4.170000e+01	-1.334258e-01	4.398975e+00
4.173333e+01	-1.327799e-01	4.402253e+00
4.176667e+01	-1.327590e-01	4.402359e+00
4.180000e+01	-1.331142e-01	4.400557e+00
4.183333e+01	-1.334058e-01	4.399076e+00
4.186667e+01	-1.334306e-01	4.398950e+00
4.190000e+01	-1.332818e-01	4.399706e+00
4.193333e+01	-1.331500e-01	4.400375e+00
4.196667e+01	-1.331322e-01	4.400465e+00
42	-1.331942e-01	4.400151e+00
4.203333e+01	-1.332534e-01	4.399850e+00
4.206667e+01	-1.332643e-01	4.399795e+00
4.210000e+01	-1.332387e-01	4.399925e+00
4.213333e+01	-1.332122e-01	4.400059e+00
4.216667e+01	-1.332061e-01	4.400090e+00
4.220000e+01	-1.332166e-01	4.400037e+00
4.223333e+01	-1.332284e-01	4.399977e+00
4.226667e+01	-1.332316e-01	4.399961e+00
4.230000e+01	-1.332274e-01	4.399982e+00
4.233333e+01	-1.332221e-01	4.400009e+00
4.236667e+01	-1.332205e-01	4.400017e+00
4.240000e+01	-1.332222e-01	4.400009e+00
4.243333e+01	-1.332245e-01	4.399997e+00
4.246667e+01	-1.332253e-01	4.399993e+00
4.250000e+01	-1.332246e-01	4.399996e+00
4.253333e+01	-1.332236e-01	4.400001e+00
4.256667e+01	-1.334323e-01	4.398942e+00
4.260000e+01	-1.348216e-01	4.391889e+00
4.263333e+01	-1.388657e-01	4.371360e+00
4.266667e+01	-1.455719e-01	4.337318e+00
4.270000e+01	-1.523017e-01	4.303155e+00
4.273333e+01	-1.558812e-01	4.284985e+00
4.276667e+01	-1.555972e-01	4.286427e+00
4.280000e+01	-1.534353e-01	4.297401e+00
4.283333e+01	-1.518465e-01	4.305466e+00
4.286667e+01	-1.517947e-01	4.305729e+00
4.290000e+01	-1.526534e-01	4.301370e+00
4.293333e+01	-1.533583e-01	4.297792e+00
4.296667e+01	-1.534203e-01	4.297477e+00
43	-1.530635e-01	4.299288e+00
4.303333e+01	-1.527468e-01	4.300896e+00
4.306667e+01	-1.527032e-01	4.301117e+00
4.310000e+01	-1.528517e-01	4.300364e+00
4.313333e+01	-1.529940e-01	4.299641e+00
4.316667e+01	-1.530204e-01	4.299507e+00
4.320000e+01	-1.529591e-01	4.299818e+00
4.323333e+01	-1.528954e-01	4.300142e+00
4.326667e+01	-1.528806e-01	4.300217e+00
4.330000e+01	-1.529057e-01	4.300089e+00
4.333333e+01	-1.529341e-01	4.299945e+00
4.336667e+01	-1.529420e-01	4.299905e+00
4.340000e+01	-1.529318e-01	4.299957e+00
4.343333e+01	-1.529192e-01	4.300021e+00
4.346667e+01	-1.529152e-01	4.300041e+00
4.350000e+01	-1.529192e-01	4.300021e+00
4.353333e+01	-1.529248e-01	4.299992e+00
4.356667e+01	-1.529268e-01	4.299982e+00
4.360000e+01	-1.529252e-01	4.299990e+00
4.363333e+01	-1.529228e-01	4.300003e+00
4.366667e+01	-1.527127e-01	4.301069e+00
4.370000e+01	-1.513243e-01	4.308117e+00
4.373333e+01	-1.472817e-01	4.328639e+00
4.376667e+01	-1.405761e-01	4.362678e+00
4.380000e+01	-1.338460e-01	4.396842e+00
4.383333e+01	-1.302658e-01	4.415016e+00
4.386667e+01	-1.305496e-01	4.413575e+00
4.390000e+01	-1.327116e-01	4.402600e+00
4.393333e+01	-1.343007e-01	4.394534e+00
4.396667e+01	-1.343526e-01	4.394270e+00
44	-1.334939e-01	4.398629e+00
4.403333e+01	-1.327888e-01	4.402208e+00
4.406667e+01	-1.327268e-01	4.402523e+00
4.410000e+01	-1.330836e-01	4.400712e+00
4.413333e+01	-1.334003e-01	4.399104e+00
4.416667e+01	-1.334440e-01	4.398883e+00
4.420000e+01	-1.332955e-01	4.399636e+00
4.423333e+01	-1.331531e-01	4.400359e+00
4.426667e+01	-1.331267e-01	4.400493e+00
4.430000e+01	-1.331880e-01	4.400182e+00
4.433333e+01	-1.332517e-01	4.399858e+00
4.436667e+01	-1.332665e-01	4.399783e+00
4.440000e+01	-1.332414e-01	4.399911e+00
4.443333e+01	-1.332130e-01	4.400055e+00
4.446667e+01	-1.332052e-01	4.400095e+00
4.450000e+01	-1.332154e-01	4.400043e+00
4.453333e+01	-1.332279e-01	4.399979e+00
4.456667e+01	-1.332320e-01	4.399959e+00
4.460000e+01	-1.332279e-01	4.399979e+00
4.463333e+01	-1.332223e-01	4.400008e+00
4.466667e+01	-1.332203e-01	4.400018e+00
4.470000e+01	-1.332219e-01	4.400010e+00
4.473333e+01	-1.332244e-01	4.399997e+00
4.476667e+01	-1.330163e-01	4.401053e+00
4.480000e+01	-1.316266e-01	4.408108e+00
4.483333e+01	-1.275819e-01	4.428640e+00
4.486667e+01	-1.208754e-01	4.462684e+00
4.490000e+01	-1.141457e-01	4.496846e+00
4.493333e+01	-1.105665e-01	4.515015e+00
4.496667e+01	-1.108507e-01	4.513572e+00
45	-1.130125e-01	4.502598e+00
4.503333e+01	-1.146012e-01	4.494534e+00
4.506667e+01	-1.146529e-01	4.494271e+00
4.510000e+01	-1.137942e-01	4.498630e+00
4.513333e+01	-1.130894e-01	4.502208e+00
4.516667e+01	-1.130274e-01	4.502523e+00
4.520000e+01	-1.133842e-01	4.500712e+00
4.523333e+01	-1.137009e-01	4.499104e+00
4.526667e+01	-1.137445e-01	4.498883e+00
4.530000e+01	-1.135960e-01	4.499637e+00
4.533333e+01	-1.134537e-01	4.500359e+00
4.536667e+01	-1.134272e-01	4.500493e+00
4.540000e+01	-1.134886e-01	4.500182e+00
4.543333e+01	-1.135523e-01	4.499858e+00
4.546667e+01	-1.135671e-01	4.499783e+00
4.550000e+01	-1.135419e-01	4.499911e+00
4.553333e+01	-1.135136e-01	4.500055e+00
4.556667e+01	-1.135057e-01	4.500095e+00
4.560000e+01	-1.133069e-01	4.501104e+00
4.563333e+01	-1.119303e-01	4.508092e+00
4.566667e+01	-1.078907e-01	4.528598e+00
4.570000e+01	-1.011806e-01	4.562660e+00
4.573333e+01	-9.444520e-02	4.596851e+00
4.576667e+01	-9.086344e-02	4.615033e+00
4.580000e+01	-9.114904e-02	4.613584e+00
4.583333e+01	-9.331338e-02	4.602597e+00
4.586667e+01	-9.490329e-02	4.594526e+00
4.590000e+01	-9.495442e-02	4.594266e+00
4.593333e+01	-9.409470e-02	4.598631e+00
4.596667e+01	-9.359830e-02	4.601150e+00
46	-9.492563e-02	4.594413e+00
4.603333e+01	-9.932656e-02	4.572072e+00
4.606667e+01	-1.063495e-01	4.536422e+00
4.610000e+01	-1.131229e-01	4.502038e+00
4.613333e+01	-1.165539e-01	4.484621e+00
4.616667e+01	-1.161275e-01	4.486786e+00
4.620000e+01	-1.139392e-01	4.497894e+00
4.623333e+01	-1.124117e-01	4.505648e+00
4.626667e+01	-1.124237e-01	4.505587e+00
4.630000e+01	-1.132972e-01	4.501153e+00
4.633333e+01	-1.139770e-01	4.497703e+00
4.636667e+01	-1.140106e-01	4.497532e+00
4.640000e+01	-1.136459e-01	4.499383e+00
4.643333e+01	-1.133394e-01	4.500939e+00
4.646667e+01	-1.133084e-01	4.501097e+00
4.650000e+01	-1.134609e-01	4.500322e+00
4.653333e+01	-1.135991e-01	4.499621e+00
4.656667e+01	-1.134110e-01	4.500576e+00
4.660000e+01	-1.119585e-01	4.507949e+00
4.663333e+01	-1.078528e-01	4.528791e+00
4.666667e+01	-1.011344e-01	4.562895e+00
4.670000e+01	-9.443068e-02	4.596925e+00
4.673333e+01	-9.087867e-02	4.614956e+00
4.676667e+01	-9.116945e-02	4.613480e+00
4.680000e+01	-9.332068e-02	4.602560e+00
4.683333e+01	-9.489726e-02	4.594557e+00
4.686667e+01	-9.494544e-02	4.594312e+00
4.690000e+01	-9.409110e-02	4.598649e+00
4.693333e+01	-9.339160e-02	4.602200e+00
4.696667e+01	-9.354046e-02	4.601444e+00
47	-9.528464e-02	4.592590e+00
4.703333e+01	-9.964261e-02	4.570468e+00
4.706667e+01	-1.063913e-01	4.536209e+00
4.710000e+01	-1.129734e-01	4.502797e+00
4.713333e+01	-1.164119e-01	4.485342e+00
4.716667e+01	-1.161019e-01	4.486916e+00
4.720000e+01	-1.140011e-01	4.497580e+00
4.723333e+01	-1.124754e-01	4.505325e+00
4.726667e+01	-1.124382e-01	4.505514e+00
4.730000e+01	-1.132718e-01	4.501282e+00
4.733333e+01	-1.139486e-01	4.497847e+00
4.736667e+01	-1.140029e-01	4.497571e+00
4.740000e+01	-1.136701e-01	4.499260e+00
4.743333e+01	-1.134725e-01	4.500264e+00
4.746667e+01	-1.138089e-01	4.498555e+00
4.750000e+01	-1.147766e-01	4.493644e+00
4.753333e+01	-1.161852e-01	4.486493e+00
4.756667e+01	-1.177201e-01	4.478701e+00
4.760000e+01	-1.191520e-01	4.471433e+00
4.763333e+01	-1.204381e-01	4.464904e+00
4.766667e+01	-1.216658e-01	4.458672e+00
4.770000e+01	-1.229284e-01	4.452263e+00
4.773333e+01	-1.242510e-01	4.445549e+00
4.776667e+01	-1.256007e-01	4.438697e+00
4.780000e+01	-1.269372e-01	4.431913e+00
4.783333e+01	-1.282477e-01	4.425260e+00
4.786667e+01	-1.295315e-01	4.418743e+00
4.790000e+01	-1.307415e-01	4.412601e+00
4.793333e+01	-1.317719e-01	4.407371e+00
4.796667e+01	-1.325382e-01	4.403481e+00
48	-1.330316e-01	4.400976e+00
4.803333e+01	-1.332831e-01	4.399699e+00
4.806667e+01	-1.333407e-01	4.399407e+00
4.810000e+01	-1.332854e-01	4.399688e+00
4.813333e+01	-1.332129e-01	4.400056e+00
4.816667e+01	-1.333924e-01	4.399144e+00
4.820000e+01	-1.347971e-01	4.392014e+00
4.823333e+01	-1.388691e-01	4.371343e+00
4.826667e+01	-1.455885e-01	4.337234e+00
4.830000e+01	-1.525217e-01	4.302039e+00
4.833333e+01	-1.576875e-01	4.275815e+00
4.836667e+01	-1.630391e-01	4.248649e+00
4.840000e+01	-1.730180e-01	4.197993e+00
4.843333e+01	-1.889139e-01	4.117302e+00
4.846667e+01	-2.058807e-01	4.031174e+00
4.850000e+01	-2.167642e-01	3.975926e+00
4.853333e+01	-2.188098e-01	3.965541e+00
4.856667e+01	-2.162248e-01	3.978664e+00
4.860000e+01	-2.161093e-01	3.979250e+00
4.863333e+01	-2.217175e-01	3.950781e+00
4.866667e+01	-2.299162e-01	3.909162e+00
4.870000e+01	-2.350610e-01	3.883046e+00
4.873333e+01	-2.339400e-01	3.888736e+00
4.876667e+01	-2.271491e-01	3.923209e+00
4.880000e+01	-2.180757e-01	3.969268e+00
4.883333e+01	-2.110187e-01	4.005091e+00
4.886667e+01	-2.085301e-01	4.017724e+00
4.890000e+01	-2.098615e-01	4.010966e+00
4.893333e+01	-2.122211e-01	3.998988e+00
4.896667e+01	-2.133624e-01	3.993194e+00
49	-2.127384e-01	3.996362e+00
4.903333e+01	-2.103811e-01	4.008328e+00
4.906667e+01	-2.058157e-01	4.031503e+00
4.910000e+01	-1.992554e-01	4.064805e+00
4.913333e+01	-1.929404e-01	4.096862e+00
4.916667e+01	-1.896031e-01	4.113803e+00
4.920000e+01	-1.898386e-01	4.112607e+00
4.923333e+01	-1.916132e-01	4.103599e+00
4.926667e+01	-1.917005e-01	4.103156e+00
4.930000e+01	-1.877228e-01	4.123348e+00
4.933333e+01	-1.802343e-01	4.161361e+00
4.936667e+01	-1.728515e-01	4.198839e+00
4.940000e+01	-1.692066e-01	4.217341e+00
4.943333e+01	-1.698150e-01	4.214253e+00
4.946667e+01	-1.722698e-01	4.201792e+00
4.950000e+01	-1.739023e-01	4.193505e+00
4.953333e+01	-1.738193e-01	4.193926e+00
4.956667e+01	-1.728292e-01	4.198952e+00
4.960000e+01	-1.720984e-01	4.202662e+00
4.963333e+01	-1.720919e-01	4.202695e+00
4.966667e+01	-1.725075e-01	4.200585e+00
4.970000e+01	-1.728385e-01	4.198905e+00
4.973333e+01	-1.726503e-01	4.199860e+00
4.976667e+01	-1.710866e-01	4.207798e+00
4.980000e+01	-1.668931e-01	4.229085e+00
4.983333e+01	-1.601698e-01	4.263215e+00
4.986667e+01	-1.533039e-01	4.298068e+00
4.990000e+01	-1.484025e-01	4.322949e+00
4.993333e+01	-1.446540e-01	4.341977e+00
4.996667e+01	-1.400796e-01	4.365198e+00
50	-1.349084e-01	4.391449e+00
5.003333e+01	-1.313740e-01	4.409390e+00
5.006667e+01	-1.308118e-01	4.412244e+00
5.010000e+01	-1.322822e-01	4.404780e+00
5.013333e+01	-1.338126e-01	4.397011e+00
5.016667e+01	-1.342161e-01	4.394963e+00
5.020000e+01	-1.338772e-01	4.396683e+00
5.023333e+01	-1.346032e-01	4.392998e+00
5.026667e+01	-1.384384e-01	4.373530e+00
5.030000e+01	-1.453615e-01	4.338386e+00
5.033333e+01	-1.523826e-01	4.302745e+00
5.036667e+01	-1.560665e-01	4.284044e+00
5.040000e+01	-1.556965e-01	4.285922e+00
5.043333e+01	-1.534066e-01	4.297547e+00
5.046667e+01	-1.517664e-01	4.305873e+00
5.050000e+01	-1.517482e-01	4.305965e+00
5.053333e+01	-1.526629e-01	4.301322e+00
5.056667e+01	-1.533927e-01	4.297617e+00
5.060000e+01	-1.534419e-01	4.297367e+00
5.063333e+01	-1.530607e-01	4.299302e+00
5.066667e+01	-1.527321e-01	4.300971e+00
5.070000e+01	-1.526932e-01	4.301168e+00
5.073333e+01	-1.528523e-01	4.300360e+00
5.076667e+01	-1.530003e-01	4.299609e+00
5.080000e+01	-1.530250e-01	4.299484e+00
5.083333e+01	-1.529591e-01	4.299818e+00
5.086667e+01	-1.528928e-01	4.300155e+00
5.090000e+01	-1.528785e-01	4.300227e+00
5.093333e+01	-1.529056e-01	4.300090e+00
5.096667e+01	-1.529352e-01	4.299939e+00
51	-1.529429e-01	4.299900e+00
5.103333e+01	-1.529319e-01	4.299956e+00
5.106667e+01	-1.529187e-01	4.300023e+00
5.110000e+01	-1.529147e-01	4.300043e+00
5.113333e+01	-1.529192e-01	4.300021e+00
5.116667e+01	-1.529250e-01	4.299991e+00
5.120000e+01	-1.529270e-01	4.299981e+00
5.123333e+01	-1.529253e-01	4.299990e+00
5.126667e+01	-1.529227e-01	4.300003e+00
5.130000e+01	-1.529217e-01	4.300008e+00
5.133333e+01	-1.529224e-01	4.300005e+00
5.136667e+01	-1.529235e-01	4.299999e+00
5.140000e+01	-1.529240e-01	4.299996e+00
5.143333e+01	-1.529237e-01	4.299998e+00
5.146667e+01	-1.529232e-01	4.300000e+00
5.150000e+01	-1.529230e-01	4.300002e+00
5.153333e+01	-1.529231e-01	4.300001e+00
5.156667e+01	-1.529233e-01	4.300000e+00
5.160000e+01	-1.529234e-01	4.299999e+00
5.163333e+01	-1.529234e-01	4.300000e+00
5.166667e+01	-1.529233e-01	4.300000e+00
5.170000e+01	-1.529232e-01	4.300000e+00
5.173333e+01	-1.529233e-01	4.300000e+00
5.176667e+01	-1.529233e-01	4.300000e+00
5.180000e+01	-1.529233e-01	4.300000e+00
5.183333e+01	-1.529233e-01	4.300000e+00
5.186667e+01	-1.529233e-01	4.300000e+00
5.190000e+01	-1.529233e-01	4.300000e+00
5.193333e+01	-1.531323e-01	4.298939e+00
5.196667e+01	-1.545214e-01	4.291887e+00
52	-1.585651e-01	4.271361e+00
5.203333e+01	-1.652711e-01	4.237319e+00
5.206667e+01	-1.720010e-01	4.203156e+00
5.210000e+01	-1.755807e-01	4.184985e+00
5.213333e+01	-1.752967e-01	4.186426e+00
5.216667e+01	-1.731348e-01	4.197401e+00
5.220000e+01	-1.715459e-01	4.205466e+00
5.223333e+01	-1.714942e-01	4.205729e+00
5.226667e+01	-1.723528e-01	4.201370e+00
5.230000e+01	-1.730578e-01	4.197792e+00
5.233333e+01	-1.731198e-01	4.197477e+00
5.236667e+01	-1.727630e-01	4.199288e+00
5.240000e+01	-1.724463e-01	4.200896e+00
5.243333e+01	-1.724026e-01	4.201117e+00
5.246667e+01	-1.725511e-01	4.200364e+00
5.250000e+01	-1.726935e-01	4.199641e+00
5.253333e+01	-1.727199e-01	4.199507e+00
5.256667e+01	-1.726585e-01	4.199818e+00
5.260000e+01	-1.725949e-01	4.200142e+00
5.263333e+01	-1.725801e-01	4.200217e+00
5.266667e+01	-1.726052e-01	4.200089e+00
5.270000e+01	-1.726336e-01	4.199945e+00
5.273333e+01	-1.726414e-01	4.199905e+00
5.276667e+01	-1.726312e-01	4.199957e+00
5.280000e+01	-1.726187e-01	4.200021e+00
5.283333e+01	-1.726146e-01	4.200041e+00
5.286667e+01	-1.726187e-01	4.200021e+00
5.290000e+01	-1.726243e-01	4.199992e+00
5.293333e+01	-1.726263e-01	4.199982e+00
5.296667e+01	-1.726247e-01	4.199990e+00
53	-1.726222e-01	4.200003e+00
5.303333e+01	-1.726212e-01	4.200008e+00
5.306667e+01	-1.726219e-01	4.200005e+00
5.310000e+01	-1.726229e-01	4.199999e+00
5.313333e+01	-1.726234e-01	4.199997e+00
5.316667e+01	-1.726232e-01	4.199998e+00
5.320000e+01	-1.726227e-01	4.200000e+00
5.323333e+01	-1.726225e-01	4.200001e+00
5.326667e+01	-1.726226e-01	4.200001e+00
5.330000e+01	-1.726228e-01	4.200000e+00
5.333333e+01	-1.726229e-01	4.199999e+00
5.336667e+01	-1.726228e-01	4.200000e+00
5.340000e+01	-1.726228e-01	4.200000e+00
5.343333e+01	-1.726227e-01	4.200000e+00
5.346667e+01	-1.726227e-01	4.200000e+00
5.350000e+01	-1.726228e-01	4.200000e+00
5.353333e+01	-1.726228e-01	4.200000e+00
5.356667e+01	-1.726228e-01	4.200000e+00
5.360000e+01	-1.726228e-01	4.200000e+00
5.363333e+01	-1.726227e-01	4.200000e+00
5.366667e+01	-1.726227e-01	4.200000e+00
5.370000e+01	-1.726228e-01	4.200000e+00
5.373333e+01	-1.726228e-01	4.200000e+00
5.376667e+01	-1.724137e-01	4.201061e+00
5.380000e+01	-1.710246e-01	4.208113e+00
5.383333e+01	-1.669809e-01	4.228639e+00
5.386667e+01	-1.602749e-01	4.262681e+00
5.390000e+01	-1.535451e-01	4.296844e+00
5.393333e+01	-1.499653e-01	4.315015e+00
5.396667e+01	-1.502493e-01	4.313574e+00
54	-1.524112e-01	4.302599e+00
5.403333e+01	-1.540001e-01	4.294534e+00
5.406667e+01	-1.540519e-01	4.294271e+00
5.410000e+01	-1.531932e-01	4.298630e+00
5.413333e+01	-1.524883e-01	4.302208e+00
5.416667e+01	-1.524263e-01	4.302523e+00
5.420000e+01	-1.527831e-01	4.300712e+00
5.423333e+01	-1.528907e-01	4.300165e+00
5.426667e+01	-1.515453e-01	4.306995e+00
5.430000e+01	-1.473531e-01	4.328276e+00
5.433333e+01	-1.402957e-01	4.364101e+00
5.436667e+01	-1.321503e-01	4.405449e+00
5.440000e+01	-1.245883e-01	4.443837e+00
5.443333e+01	-1.182299e-01	4.476113e+00
5.446667e+01	-1.136768e-01	4.499226e+00
5.450000e+01	-1.116608e-01	4.509460e+00
5.453333e+01	-1.119682e-01	4.507900e+00
5.456667e+01	-1.132636e-01	4.501324e+00
5.460000e+01	-1.141577e-01	4.496785e+00
5.463333e+01	-1.141601e-01	4.496773e+00
5.466667e+01	-1.136622e-01	4.499300e+00
5.470000e+01	-1.132699e-01	4.501292e+00
5.473333e+01	-1.132460e-01	4.501413e+00
5.476667e+01	-1.134522e-01	4.500366e+00
5.480000e+01	-1.136283e-01	4.499473e+00
5.483333e+01	-1.136479e-01	4.499373e+00
5.486667e+01	-1.133527e-01	4.500872e+00
5.490000e+01	-1.118843e-01	4.508325e+00
5.493333e+01	-1.078279e-01	4.528917e+00
5.496667e+01	-1.011577e-01	4.562777e+00
55	-9.446338e-02	4.596759e+00
5.503333e+01	-9.089102e-02	4.614893e+00
5.506667e+01	-9.116030e-02	4.613526e+00
5.510000e+01	-9.330633e-02	4.602633e+00
5.513333e+01	-9.489122e-02	4.594587e+00
5.516667e+01	-9.494897e-02	4.594294e+00
5.520000e+01	-9.409738e-02	4.598617e+00
5.523333e+01	-9.339451e-02	4.602185e+00
5.526667e+01	-9.333008e-02	4.602512e+00
5.530000e+01	-9.368376e-02	4.600717e+00
5.533333e+01	-9.399941e-02	4.599114e+00
5.536667e+01	-9.404400e-02	4.598888e+00
5.540000e+01	-9.389688e-02	4.599635e+00
5.543333e+01	-9.375509e-02	4.600354e+00
5.546667e+01	-9.372827e-02	4.600491e+00
5.550000e+01	-9.378902e-02	4.600182e+00
5.553333e+01	-9.385245e-02	4.599860e+00
5.556667e+01	-9.365833e-02	4.600846e+00
5.560000e+01	-9.224437e-02	4.608023e+00
5.563333e+01	-8.817246e-02	4.628694e+00
5.566667e+01	-8.145854e-02	4.662775e+00
5.570000e+01	-7.473876e-02	4.696887e+00
5.573333e+01	-7.138058e-02	4.713934e+00
5.576667e+01	-7.305773e-02	4.705420e+00
5.580000e+01	-7.925926e-02	4.673939e+00
5.583333e+01	-8.754866e-02	4.631860e+00
5.586667e+01	-9.432824e-02	4.597445e+00
5.590000e+01	-9.705092e-02	4.583624e+00
5.593333e+01	-9.627344e-02	4.587571e+00
5.596667e+01	-9.543962e-02	4.591803e+00
56	-9.825056e-02	4.577534e+00
5.603333e+01	-1.052205e-01	4.542153e+00
5.606667e+01	-1.128521e-01	4.503413e+00
5.610000e+01	-1.169886e-01	4.482415e+00
5.613333e+01	-1.166247e-01	4.484262e+00
5.616667e+01	-1.140972e-01	4.497092e+00
5.620000e+01	-1.123861e-01	4.505778e+00
5.623333e+01	-1.128069e-01	4.503642e+00
5.626667e+01	-1.147419e-01	4.493819e+00
5.630000e+01	-1.168170e-01	4.483286e+00
5.633333e+01	-1.182064e-01	4.476233e+00
5.636667e+01	-1.190841e-01	4.471777e+00
5.640000e+01	-1.200998e-01	4.466621e+00
5.643333e+01	-1.216295e-01	4.458856e+00
5.646667e+01	-1.235349e-01	4.449184e+00
5.650000e+01	-1.254530e-01	4.439447e+00
5.653333e+01	-1.271466e-01	4.430850e+00
5.656667e+01	-1.285513e-01	4.423719e+00
5.660000e+01	-1.296185e-01	4.418302e+00
5.663333e+01	-1.303280e-01	4.414700e+00
5.666667e+01	-1.308742e-01	4.411928e+00
5.670000e+01	-1.315772e-01	4.408359e+00
5.673333e+01	-1.324924e-01	4.403713e+00
5.676667e+01	-1.332923e-01	4.399653e+00
5.680000e+01	-1.334240e-01	4.398984e+00
5.683333e+01	-1.319160e-01	4.406639e+00
5.686667e+01	-1.277978e-01	4.427544e+00
5.690000e+01	-1.223183e-01	4.455360e+00
5.693333e+01	-1.196624e-01	4.468842e+00
5.696667e+01	-1.229047e-01	4.452383e+00
57	-1.299927e-01	4.416402e+00
5.703333e+01	-1.357260e-01	4.387299e+00
5.706667e+01	-1.369817e-01	4.380924e+00
5.710000e+01	-1.350466e-01	4.390747e+00
5.713333e+01	-1.339898e-01	4.396112e+00
5.716667e+01	-1.372977e-01	4.379320e+00
5.720000e+01	-1.448158e-01	4.341156e+00
5.723333e+01	-1.526076e-01	4.301602e+00
5.726667e+01	-1.565573e-01	4.281553e+00
5.730000e+01	-1.559530e-01	4.284620e+00
5.733333e+01	-1.533254e-01	4.297959e+00
5.736667e+01	-1.515543e-01	4.306949e+00
5.740000e+01	-1.516278e-01	4.306576e+00
5.743333e+01	-1.526905e-01	4.301182e+00
5.746667e+01	-1.534841e-01	4.297153e+00
5.750000e+01	-1.534980e-01	4.297082e+00
5.753333e+01	-1.528431e-01	4.300407e+00
5.756667e+01	-1.510948e-01	4.309282e+00
5.760000e+01	-1.470254e-01	4.329939e+00
5.763333e+01	-1.405066e-01	4.363031e+00
5.766667e+01	-1.339393e-01	4.396368e+00
5.770000e+01	-1.303795e-01	4.414439e+00
5.773333e+01	-1.303764e-01	4.414455e+00
5.776667e+01	-1.310760e-01	4.410903e+00
5.780000e+01	-1.286087e-01	4.423428e+00
5.783333e+01	-1.219867e-01	4.457043e+00
5.786667e+01	-1.144310e-01	4.495398e+00
5.790000e+01	-1.101535e-01	4.517112e+00
5.793333e+01	-1.103622e-01	4.516052e+00
5.796667e+01	-1.128663e-01	4.503341e+00
58	-1.147680e-01	4.493687e+00
5.803333e+01	-1.148688e-01	4.493175e+00
5.806667e+01	-1.138682e-01	4.498255e+00
5.810000e+01	-1.130229e-01	4.502546e+00
5.813333e+01	-1.129323e-01	4.503006e+00
5.816667e+01	-1.133475e-01	4.500898e+00
5.820000e+01	-1.137269e-01	4.498972e+00
5.823333e+01	-1.137862e-01	4.498671e+00
5.826667e+01	-1.136138e-01	4.499546e+00
5.830000e+01	-1.134437e-01	4.500410e+00
5.833333e+01	-1.134090e-01	4.500586e+00
5.836667e+01	-1.134800e-01	4.500225e+00
5.840000e+01	-1.135560e-01	4.499839e+00
5.843333e+01	-1.133659e-01	4.500804e+00
5.846667e+01	-1.119479e-01	4.508003e+00
5.850000e+01	-1.078704e-01	4.528701e+00
5.853333e+01	-1.011545e-01	4.562793e+00
5.856667e+01	-9.443630e-02	4.596896e+00
5.860000e+01	-9.087152e-02	4.614992e+00
5.863333e+01	-9.116056e-02	4.613525e+00
5.866667e+01	-9.310875e-02	4.603635e+00
5.870000e+01	-9.330197e-02	4.602655e+00
5.873333e+01	-8.930755e-02	4.622931e+00
5.876667e+01	-8.174473e-02	4.661322e+00
5.880000e+01	-7.431280e-02	4.699049e+00
5.883333e+01	-7.067227e-02	4.717529e+00
5.886667e+01	-7.131235e-02	4.714280e+00
5.890000e+01	-7.378970e-02	4.701704e+00
5.893333e+01	-7.542166e-02	4.693420e+00
5.896667e+01	-7.532518e-02	4.693910e+00
59	-7.432477e-02	4.698988e+00
5.903333e+01	-7.359363e-02	4.702700e+00
5.906667e+01	-7.359288e-02	4.702704e+00
5.910000e+01	-7.401313e-02	4.700570e+00
5.913333e+01	-7.434449e-02	4.698888e+00
5.916667e+01	-7.436303e-02	4.698794e+00
5.920000e+01	-7.418626e-02	4.699691e+00
5.923333e+01	-7.403616e-02	4.700453e+00
5.926667e+01	-7.401989e-02	4.700536e+00
5.930000e+01	-7.409378e-02	4.700161e+00
5.933333e+01	-7.416147e-02	4.699817e+00
5.936667e+01	-7.417218e-02	4.699763e+00
5.940000e+01	-7.414151e-02	4.699919e+00
5.943333e+01	-7.411114e-02	4.700073e+00
5.946667e+01	-7.410489e-02	4.700104e+00
5.950000e+01	-7.411751e-02	4.700040e+00
5.953333e+01	-7.413108e-02	4.699972e+00
5.956667e+01	-7.392544e-02	4.701015e+00
5.960000e+01	-7.253119e-02	4.708093e+00
5.963333e+01	-6.848149e-02	4.728650e+00
5.966667e+01	-6.177371e-02	4.762701e+00
5.970000e+01	-5.509417e-02	4.796608e+00
5.973333e+01	-5.188590e-02	4.812894e+00
5.976667e+01	-5.347275e-02	4.804839e+00
5.980000e+01	-5.848332e-02	4.779404e+00
5.983333e+01	-6.447360e-02	4.748996e+00
5.986667e+01	-6.975354e-02	4.722193e+00
5.990000e+01	-7.405831e-02	4.700341e+00
5.993333e+01	-7.801806e-02	4.680240e+00
5.996667e+01	-8.225380e-02	4.658738e+00
60	-8.689605e-02	4.635173e+00
6.003333e+01	-9.169627e-02	4.610806e+00
6.006667e+01	-9.638622e-02	4.586998e+00
6.010000e+01	-1.008985e-01	4.564093e+00
6.013333e+01	-1.052864e-01	4.541818e+00
6.016667e+01	-1.093965e-01	4.520954e+00
6.020000e+01	-1.126511e-01	4.504433e+00
6.023333e+01	-1.141857e-01	4.496643e+00
6.026667e+01	-1.129712e-01	4.502808e+00
6.030000e+01	-1.082422e-01	4.526814e+00
6.033333e+01	-1.008991e-01	4.564090e+00
6.036667e+01	-9.403675e-02	4.598925e+00
6.040000e+01	-9.070585e-02	4.615833e+00
6.043333e+01	-9.146785e-02	4.611965e+00
6.046667e+01	-9.508768e-02	4.593590e+00
6.050000e+01	-1.008291e-01	4.564445e+00
6.053333e+01	-1.088577e-01	4.523689e+00
6.056667e+01	-1.187373e-01	4.473538e+00
6.060000e+01	-1.283585e-01	4.424698e+00
6.063333e+01	-1.350037e-01	4.390965e+00
6.066667e+01	-1.381853e-01	4.374814e+00
6.070000e+01	-1.406567e-01	4.362269e+00
6.073333e+01	-1.451696e-01	4.339360e+00
6.076667e+01	-1.510118e-01	4.309703e+00
6.080000e+01	-1.551088e-01	4.288906e+00
6.083333e+01	-1.557291e-01	4.285757e+00
6.086667e+01	-1.537720e-01	4.295692e+00
6.090000e+01	-1.506006e-01	4.311791e+00
6.093333e+01	-1.461151e-01	4.334560e+00
6.096667e+01	-1.400723e-01	4.365235e+00
61	-1.341186e-01	4.395458e+00
6.103333e+01	-1.307699e-01	4.412457e+00
6.106667e+01	-1.307892e-01	4.412359e+00
6.110000e+01	-1.326094e-01	4.403119e+00
6.113333e+01	-1.340818e-01	4.395645e+00
6.116667e+01	-1.342389e-01	4.394847e+00
6.120000e+01	-1.333217e-01	4.399503e+00
6.123333e+01	-1.312854e-01	4.409840e+00
6.126667e+01	-1.271384e-01	4.430892e+00
6.130000e+01	-1.207232e-01	4.463457e+00
6.133333e+01	-1.142819e-01	4.496155e+00
6.136667e+01	-1.107616e-01	4.514024e+00
6.140000e+01	-1.109260e-01	4.513190e+00
6.143333e+01	-1.129591e-01	4.502870e+00
6.146667e+01	-1.145156e-01	4.494968e+00
6.150000e+01	-1.146162e-01	4.494458e+00
6.153333e+01	-1.138148e-01	4.498526e+00
6.156667e+01	-1.131268e-01	4.502018e+00
6.160000e+01	-1.130450e-01	4.502433e+00
6.163333e+01	-1.133765e-01	4.500751e+00
6.166667e+01	-1.136846e-01	4.499187e+00
6.170000e+01	-1.137361e-01	4.498925e+00
6.173333e+01	-1.135988e-01	4.499622e+00
6.176667e+01	-1.134607e-01	4.500323e+00
6.180000e+01	-1.134312e-01	4.500473e+00
6.183333e+01	-1.134876e-01	4.500186e+00
6.186667e+01	-1.135492e-01	4.499874e+00
6.190000e+01	-1.135652e-01	4.499793e+00
6.193333e+01	-1.135422e-01	4.499909e+00
6.196667e+01	-1.135149e-01	4.500048e+00
62	-1.137156e-01	4.499029e+00
6.203333e+01	-1.151140e-01	4.491931e+00
6.206667e+01	-1.191697e-01	4.471343e+00
6.210000e+01	-1.258799e-01	4.437280e+00
6.213333e+01	-1.326061e-01	4.403136e+00
6.216667e+01	-1.361805e-01	4.384991e+00
6.220000e+01	-1.358945e-01	4.386443e+00
6.223333e+01	-1.337340e-01	4.397410e+00
6.226667e+01	-1.321474e-01	4.405464e+00
6.230000e+01	-1.320967e-01	4.405722e+00
6.233333e+01	-1.329548e-01	4.401366e+00
6.236667e+01	-1.336587e-01	4.397792e+00
6.240000e+01	-1.337203e-01	4.397480e+00
6.243333e+01	-1.333637e-01	4.399290e+00
6.246667e+01	-1.330474e-01	4.400896e+00
6.250000e+01	-1.330040e-01	4.401116e+00
6.253333e+01	-1.331524e-01	4.400363e+00
6.256667e+01	-1.332945e-01	4.399641e+00
6.260000e+01	-1.333209e-01	4.399507e+00
6.263333e+01	-1.332595e-01	4.399819e+00
6.266667e+01	-1.331959e-01	4.400142e+00
6.270000e+01	-1.331812e-01	4.400216e+00
6.273333e+01	-1.332063e-01	4.400089e+00
6.276667e+01	-1.332347e-01	4.399945e+00
6.280000e+01	-1.332425e-01	4.399905e+00
6.283333e+01	-1.334414e-01	4.398896e+00
6.286667e+01	-1.348179e-01	4.391908e+00
6.290000e+01	-1.388575e-01	4.371402e+00
6.293333e+01	-1.455676e-01	4.337340e+00
6.296667e+01	-1.523030e-01	4.303149e+00
63	-1.558848e-01	4.284967e+00
6.303333e+01	-1.555992e-01	4.286416e+00
6.306667e+01	-1.534348e-01	4.297403e+00
6.310000e+01	-1.518449e-01	4.305474e+00
6.313333e+01	-1.517938e-01	4.305734e+00
6.316667e+01	-1.526535e-01	4.301369e+00
6.320000e+01	-1.533590e-01	4.297788e+00
6.323333e+01	-1.534207e-01	4.297475e+00
6.326667e+01	-1.530635e-01	4.299288e+00
6.330000e+01	-1.527465e-01	4.300897e+00
6.333333e+01	-1.527030e-01	4.301118e+00
6.336667e+01	-1.528517e-01	4.300363e+00
6.340000e+01	-1.529941e-01	4.299641e+00
6.343333e+01	-1.528115e-01	4.300568e+00
6.346667e+01	-1.513609e-01	4.307931e+00
6.350000e+01	-1.474626e-01	4.327720e+00
6.353333e+01	-1.421309e-01	4.354785e+00
6.356667e+01	-1.394699e-01	4.368293e+00
6.360000e+01	-1.426245e-01	4.352279e+00
6.363333e+01	-1.496462e-01	4.316635e+00
6.366667e+01	-1.555867e-01	4.286480e+00
6.370000e+01	-1.582682e-01	4.272868e+00
6.373333e+01	-1.601976e-01	4.263073e+00
6.376667e+01	-1.644602e-01	4.241436e+00
6.380000e+01	-1.704389e-01	4.211086e+00
6.383333e+01	-1.748173e-01	4.188860e+00
6.386667e+01	-1.755934e-01	4.184920e+00
6.390000e+01	-1.738078e-01	4.193984e+00
6.393333e+01	-1.719047e-01	4.203645e+00
6.396667e+01	-1.715974e-01	4.205205e+00
64	-1.736603e-01	4.194733e+00
6.403333e+01	-1.785315e-01	4.170006e+00
6.406667e+01	-1.855029e-01	4.134617e+00
6.410000e+01	-1.919657e-01	4.101810e+00
6.413333e+01	-1.951819e-01	4.085484e+00
6.416667e+01	-1.947655e-01	4.087597e+00
6.420000e+01	-1.927092e-01	4.098036e+00
6.423333e+01	-1.912800e-01	4.105291e+00
6.426667e+01	-1.912932e-01	4.105224e+00
6.430000e+01	-1.921108e-01	4.101073e+00
6.433333e+01	-1.927459e-01	4.097849e+00
6.436667e+01	-1.927765e-01	4.097694e+00
6.440000e+01	-1.924352e-01	4.099426e+00
6.443333e+01	-1.921490e-01	4.100879e+00
6.446667e+01	-1.921204e-01	4.101025e+00
6.450000e+01	-1.922631e-01	4.100300e+00
6.453333e+01	-1.923922e-01	4.099645e+00
6.456667e+01	-1.924116e-01	4.099546e+00
6.460000e+01	-1.923523e-01	4.099848e+00
6.463333e+01	-1.922943e-01	4.100142e+00
6.466667e+01	-1.920738e-01	4.101261e+00
6.470000e+01	-1.907091e-01	4.108188e+00
6.473333e+01	-1.866914e-01	4.128584e+00
6.476667e+01	-1.799917e-01	4.162593e+00
6.480000e+01	-1.732518e-01	4.196807e+00
6.483333e+01	-1.696606e-01	4.215037e+00
6.486667e+01	-1.699412e-01	4.213612e+00
6.490000e+01	-1.721072e-01	4.202617e+00
6.493333e+01	-1.737012e-01	4.194526e+00
6.496667e+01	-1.737546e-01	4.194254e+00
65	-1.728944e-01	4.198621e+00
6.503333e+01	-1.721872e-01	4.202211e+00
6.506667e+01	-1.721243e-01	4.202530e+00
6.510000e+01	-1.724817e-01	4.200716e+00
6.513333e+01	-1.727994e-01	4.199103e+00
6.516667e+01	-1.730525e-01	4.197818e+00
6.520000e+01	-1.742929e-01	4.191522e+00
6.523333e+01	-1.781938e-01	4.171720e+00
6.526667e+01	-1.848732e-01	4.137813e+00
6.530000e+01	-1.916645e-01	4.103339e+00
6.533333e+01	-1.953081e-01	4.084843e+00
6.536667e+01	-1.950390e-01	4.086209e+00
6.540000e+01	-1.928519e-01	4.097311e+00
6.543333e+01	-1.912346e-01	4.105521e+00
6.546667e+01	-1.911749e-01	4.105824e+00
6.550000e+01	-1.920437e-01	4.101414e+00
6.553333e+01	-1.927613e-01	4.097771e+00
6.556667e+01	-1.928274e-01	4.097436e+00
6.560000e+01	-1.924665e-01	4.099268e+00
6.563333e+01	-1.921442e-01	4.100904e+00
6.566667e+01	-1.920986e-01	4.101135e+00
6.570000e+01	-1.922487e-01	4.100373e+00
6.573333e+01	-1.923934e-01	4.099638e+00
6.576667e+01	-1.924209e-01	4.099499e+00
6.580000e+01	-1.923589e-01	4.099814e+00
6.583333e+01	-1.922941e-01	4.100142e+00
6.586667e+01	-1.922789e-01	4.100220e+00
6.590000e+01	-1.923042e-01	4.100091e+00
6.593333e+01	-1.921240e-01	4.101006e+00
6.596667e+01	-1.907430e-01	4.108016e+00
66	-1.866891e-01	4.128595e+00
6.603333e+01	-1.799703e-01	4.162702e+00
6.606667e+01	-1.732363e-01	4.196886e+00
6.610000e+01	-1.696607e-01	4.215036e+00
6.613333e+01	-1.699503e-01	4.213566e+00
6.616667e+01	-1.721143e-01	4.202581e+00
6.620000e+01	-1.737016e-01	4.194524e+00
6.623333e+01	-1.737508e-01	4.194274e+00
6.626667e+01	-1.728912e-01	4.198637e+00
6.630000e+01	-1.721868e-01	4.202213e+00
6.633333e+01	-1.721259e-01	4.202522e+00
6.636667e+01	-1.724832e-01	4.200708e+00
6.640000e+01	-1.727997e-01	4.199102e+00
6.643333e+01	-1.728428e-01	4.198883e+00
6.646667e+01	-1.726941e-01	4.199638e+00
6.650000e+01	-1.725519e-01	4.200360e+00
6.653333e+01	-1.725256e-01	4.200493e+00
6.656667e+01	-1.725871e-01	4.200181e+00
6.660000e+01	-1.726507e-01	4.199858e+00
6.663333e+01	-1.726654e-01	4.199783e+00
6.666667e+01	-1.726403e-01	4.199911e+00
6.670000e+01	-1.726119e-01	4.200055e+00
6.673333e+01	-1.726041e-01	4.200095e+00
6.676667e+01	-1.726143e-01	4.200043e+00
6.680000e+01	-1.726269e-01	4.199979e+00
6.683333e+01	-1.726309e-01	4.199959e+00
6.686667e+01	-1.726268e-01	4.199979e+00
6.690000e+01	-1.726212e-01	4.200008e+00
6.693333e+01	-1.726192e-01	4.200018e+00
6.696667e+01	-1.726208e-01	4.200010e+00
67	-1.724142e-01	4.201058e+00
6.703333e+01	-1.710261e-01	4.208105e+00
6.706667e+01	-1.669818e-01	4.228635e+00
6.710000e+01	-1.604838e-01	4.261621e+00
6.713333e+01	-1.551426e-01	4.288734e+00
6.716667e+01	-1.556067e-01	4.286378e+00
6.720000e+01	-1.625972e-01	4.250893e+00
6.723333e+01	-1.714892e-01	4.205754e+00
6.726667e+01	-1.766578e-01	4.179517e+00
6.730000e+01	-1.764253e-01	4.180697e+00
6.733333e+01	-1.734047e-01	4.196031e+00
6.736667e+01	-1.711108e-01	4.207675e+00
6.740000e+01	-1.709971e-01	4.208252e+00
6.743333e+01	-1.720036e-01	4.203143e+00
6.746667e+01	-1.716362e-01	4.205008e+00
6.750000e+01	-1.676981e-01	4.224999e+00
6.753333e+01	-1.606958e-01	4.260545e+00
6.756667e+01	-1.548960e-01	4.289986e+00
6.760000e+01	-1.552899e-01	4.287987e+00
6.763333e+01	-1.624898e-01	4.251438e+00
6.766667e+01	-1.715875e-01	4.205255e+00
6.770000e+01	-1.767974e-01	4.178808e+00
6.773333e+01	-1.764787e-01	4.180426e+00
6.776667e+01	-1.733661e-01	4.196227e+00
6.780000e+01	-1.710495e-01	4.207986e+00
6.783333e+01	-1.709711e-01	4.208384e+00
6.786667e+01	-1.722275e-01	4.202006e+00
6.790000e+01	-1.732611e-01	4.196760e+00
6.793333e+01	-1.733524e-01	4.196296e+00
6.796667e+01	-1.728290e-01	4.198953e+00
68	-1.723639e-01	4.201314e+00
6.803333e+01	-1.722995e-01	4.201641e+00
6.806667e+01	-1.725174e-01	4.200535e+00
6.810000e+01	-1.727264e-01	4.199474e+00
6.813333e+01	-1.727654e-01	4.199276e+00
6.816667e+01	-1.726754e-01	4.199733e+00
6.820000e+01	-1.725819e-01	4.200208e+00
6.823333e+01	-1.725601e-01	4.200318e+00
6.826667e+01	-1.725969e-01	4.200131e+00
6.830000e+01	-1.726386e-01	4.199920e+00
6.833333e+01	-1.726502e-01	4.199861e+00
6.836667e+01	-1.726352e-01	4.199937e+00
6.840000e+01	-1.726168e-01	4.200030e+00
6.843333e+01	-1.728199e-01	4.198999e+00
6.846667e+01	-1.742150e-01	4.191918e+00
6.850000e+01	-1.782668e-01	4.171349e+00
6.853333e+01	-1.849758e-01	4.137293e+00
6.856667e+01	-1.917032e-01	4.103142e+00
6.860000e+01	-1.952794e-01	4.084988e+00
6.863333e+01	-1.949940e-01	4.086438e+00
6.866667e+01	-1.928330e-01	4.097407e+00
6.870000e+01	-1.912456e-01	4.105465e+00
6.873333e+01	-1.911946e-01	4.105724e+00
6.876667e+01	-1.920529e-01	4.101367e+00
6.880000e+01	-1.927572e-01	4.097792e+00
6.883333e+01	-1.928188e-01	4.097479e+00
6.886667e+01	-1.924622e-01	4.099290e+00
6.890000e+01	-1.921457e-01	4.100896e+00
6.893333e+01	-1.921023e-01	4.101116e+00
6.896667e+01	-1.922507e-01	4.100363e+00
69	-1.923929e-01	4.099641e+00
6.903333e+01	-1.924193e-01	4.099507e+00
6.906667e+01	-1.923579e-01	4.099819e+00
6.910000e+01	-1.922943e-01	4.100142e+00
6.913333e+01	-1.922796e-01	4.100217e+00
6.916667e+01	-1.923047e-01	4.100089e+00
6.920000e+01	-1.923330e-01	4.099945e+00
6.923333e+01	-1.923409e-01	4.099905e+00
6.926667e+01	-1.923307e-01	4.099957e+00
6.930000e+01	-1.923181e-01	4.100021e+00
6.933333e+01	-1.923141e-01	4.100041e+00
6.936667e+01	-1.923182e-01	4.100021e+00
6.940000e+01	-1.923237e-01	4.099992e+00
6.943333e+01	-1.923257e-01	4.099982e+00
6.946667e+01	-1.923241e-01	4.099990e+00
6.950000e+01	-1.923217e-01	4.100003e+00
6.953333e+01	-1.923207e-01	4.100008e+00
6.956667e+01	-1.923213e-01	4.100005e+00
6.960000e+01	-1.923224e-01	4.099999e+00
6.963333e+01	-1.923229e-01	4.099997e+00
6.966667e+01	-1.923226e-01	4.099998e+00
6.970000e+01	-1.923222e-01	4.100000e+00
6.973333e+01	-1.923219e-01	4.100001e+00
6.976667e+01	-1.923220e-01	4.100001e+00
6.980000e+01	-1.923222e-01	4.100000e+00
6.983333e+01	-1.923223e-01	4.099999e+00
6.986667e+01	-1.923223e-01	4.100000e+00
6.990000e+01	-1.923222e-01	4.100000e+00
6.993333e+01	-1.923222e-01	4.100000e+00
6.996667e+01	-1.923222e-01	4.100000e+00
70	-1.923222e-01	4.100000e+00
7.003333e+01	-1.923222e-01	4.100000e+00
7.006667e+01	-1.923222e-01	4.100000e+00
7.010000e+01	-1.923222e-01	4.100000e+00
7.013333e+01	-1.923222e-01	4.100000e+00
7.016667e+01	-1.923222e-01	4.100000e+00
7.020000e+01	-1.923222e-01	4.100000e+00
7.023333e+01	-1.923222e-01	4.100000e+00
7.026667e+01	-1.921132e-01	4.101061e+00
7.030000e+01	-1.907241e-01	4.108113e+00
7.033333e+01	-1.866804e-01	4.128639e+00
7.036667e+01	-1.799744e-01	4.162681e+00
7.040000e+01	-1.732445e-01	4.196844e+00
7.043333e+01	-1.696648e-01	4.215015e+00
7.046667e+01	-1.699488e-01	4.213574e+00
7.050000e+01	-1.721107e-01	4.202599e+00
7.053333e+01	-1.736996e-01	4.194534e+00
7.056667e+01	-1.737514e-01	4.194271e+00
7.060000e+01	-1.728927e-01	4.198630e+00
7.063333e+01	-1.721877e-01	4.202208e+00
7.066667e+01	-1.721257e-01	4.202523e+00
7.070000e+01	-1.724825e-01	4.200712e+00
7.073333e+01	-1.727992e-01	4.199104e+00
7.076667e+01	-1.728429e-01	4.198883e+00
7.080000e+01	-1.726944e-01	4.199636e+00
7.083333e+01	-1.725521e-01	4.200359e+00
7.086667e+01	-1.725256e-01	4.200493e+00
7.090000e+01	-1.725870e-01	4.200182e+00
7.093333e+01	-1.726507e-01	4.199858e+00
7.096667e+01	-1.726654e-01	4.199783e+00
71	-1.726403e-01	4.199911e+00
7.103333e+01	-1.726119e-01	4.200055e+00
7.106667e+01	-1.723950e-01	4.201156e+00
7.110000e+01	-1.710161e-01	4.208156e+00
7.113333e+01	-1.669850e-01	4.228619e+00
7.116667e+01	-1.602831e-01	4.262640e+00
7.120000e+01	-1.533722e-01	4.297721e+00
7.123333e+01	-1.486116e-01	4.321888e+00
7.126667e+01	-1.454720e-01	4.337825e+00
7.130000e+01	-1.420255e-01	4.355320e+00
7.133333e+01	-1.384141e-01	4.373653e+00
7.136667e+01	-1.371738e-01	4.379949e+00
7.140000e+01	-1.403541e-01	4.363805e+00
7.143333e+01	-1.473474e-01	4.328305e+00
7.146667e+01	-1.556009e-01	4.286408e+00
7.150000e+01	-1.628216e-01	4.249754e+00
7.153333e+01	-1.681394e-01	4.222759e+00
7.156667e+01	-1.715808e-01	4.205289e+00
7.160000e+01	-1.732945e-01	4.196590e+00
7.163333e+01	-1.735622e-01	4.195231e+00
7.166667e+01	-1.730273e-01	4.197946e+00
7.170000e+01	-1.724558e-01	4.200847e+00
7.173333e+01	-1.722795e-01	4.201742e+00
7.176667e+01	-1.724510e-01	4.200872e+00
7.180000e+01	-1.726830e-01	4.199694e+00
7.183333e+01	-1.727675e-01	4.199265e+00
7.186667e+01	-1.727014e-01	4.199601e+00
7.190000e+01	-1.726011e-01	4.200110e+00
7.193333e+01	-1.725603e-01	4.200317e+00
7.196667e+01	-1.725861e-01	4.200186e+00
72	-1.726299e-01	4.199964e+00
7.203333e+01	-1.726496e-01	4.199864e+00
7.206667e+01	-1.726398e-01	4.199913e+00
7.210000e+01	-1.726207e-01	4.200011e+00
7.213333e+01	-1.728203e-01	4.198997e+00
7.216667e+01	-1.742130e-01	4.191927e+00
7.220000e+01	-1.782650e-01	4.171358e+00
7.223333e+01	-1.849755e-01	4.137294e+00
7.226667e+01	-1.917040e-01	4.103138e+00
7.230000e+01	-1.952802e-01	4.084984e+00
7.233333e+01	-1.949941e-01	4.086437e+00
7.236667e+01	-1.928326e-01	4.097409e+00
7.240000e+01	-1.912453e-01	4.105467e+00
7.243333e+01	-1.911945e-01	4.105725e+00
7.246667e+01	-1.918440e-01	4.102428e+00
7.250000e+01	-1.911592e-01	4.105904e+00
7.253333e+01	-1.871771e-01	4.126118e+00
7.256667e+01	-1.801143e-01	4.161971e+00
7.260000e+01	-1.730680e-01	4.197740e+00
7.263333e+01	-1.694448e-01	4.216132e+00
7.266667e+01	-1.698773e-01	4.213937e+00
7.270000e+01	-1.721814e-01	4.202240e+00
7.273333e+01	-1.737967e-01	4.194041e+00
7.276667e+01	-1.737871e-01	4.194090e+00
7.280000e+01	-1.728648e-01	4.198771e+00
7.283333e+01	-1.721451e-01	4.202425e+00
7.286667e+01	-1.721082e-01	4.202612e+00
7.290000e+01	-1.724934e-01	4.200657e+00
7.293333e+01	-1.728179e-01	4.199009e+00
7.296667e+01	-1.728513e-01	4.198840e+00
73	-1.726903e-01	4.199657e+00
7.303333e+01	-1.725439e-01	4.200400e+00
7.306667e+01	-1.725216e-01	4.200514e+00
7.310000e+01	-1.725885e-01	4.200174e+00
7.313333e+01	-1.726542e-01	4.199840e+00
7.316667e+01	-1.726674e-01	4.199774e+00
7.320000e+01	-1.726398e-01	4.199914e+00
7.323333e+01	-1.726104e-01	4.200063e+00
7.326667e+01	-1.726032e-01	4.200099e+00
7.330000e+01	-1.726144e-01	4.200042e+00
7.333333e+01	-1.726275e-01	4.199976e+00
7.336667e+01	-1.726313e-01	4.199957e+00
7.340000e+01	-1.726268e-01	4.199980e+00
7.343333e+01	-1.726210e-01	4.200009e+00
7.346667e+01	-1.726190e-01	4.200019e+00
7.350000e+01	-1.726209e-01	4.200010e+00
7.353333e+01	-1.726234e-01	4.199997e+00
7.356667e+01	-1.726244e-01	4.199992e+00
7.360000e+01	-1.726237e-01	4.199995e+00
7.363333e+01	-1.726225e-01	4.200001e+00
7.366667e+01	-1.726221e-01	4.200004e+00
7.370000e+01	-1.726223e-01	4.200002e+00
7.373333e+01	-1.726228e-01	4.200000e+00
7.376667e+01	-1.726231e-01	4.199998e+00
7.380000e+01	-1.726230e-01	4.199999e+00
7.383333e+01	-1.726227e-01	4.200000e+00
7.386667e+01	-1.726226e-01	4.200001e+00
7.390000e+01	-1.726227e-01	4.200000e+00
7.393333e+01	-1.724137e-01	4.201061e+00
7.396667e+01	-1.710247e-01	4.208112e+00
74	-1.669810e-01	4.228639e+00
7.403333e+01	-1.602749e-01	4.262681e+00
7.406667e+01	-1.535451e-01	4.296844e+00
7.410000e+01	-1.499653e-01	4.315016e+00
7.413333e+01	-1.502493e-01	4.313574e+00
7.416667e+01	-1.522022e-01	4.303661e+00
7.420000e+01	-1.524020e-01	4.302646e+00
7.423333e+01	-1.484101e-01	4.322910e+00
7.426667e+01	-1.408454e-01	4.361311e+00
7.430000e+01	-1.334106e-01	4.399052e+00
7.433333e+01	-1.297688e-01	4.417539e+00
7.436667e+01	-1.304096e-01	4.414286e+00
7.440000e+01	-1.328883e-01	4.401704e+00
7.443333e+01	-1.345208e-01	4.393416e+00
7.446667e+01	-1.344241e-01	4.393907e+00
7.450000e+01	-1.334231e-01	4.398989e+00
7.453333e+01	-1.326917e-01	4.402701e+00
7.456667e+01	-1.326910e-01	4.402705e+00
7.460000e+01	-1.331115e-01	4.400570e+00
7.463333e+01	-1.334430e-01	4.398887e+00
7.466667e+01	-1.334615e-01	4.398794e+00
7.470000e+01	-1.332846e-01	4.399691e+00
7.473333e+01	-1.331345e-01	4.400454e+00
7.476667e+01	-1.331182e-01	4.400536e+00
7.480000e+01	-1.331921e-01	4.400161e+00
7.483333e+01	-1.332599e-01	4.399817e+00
7.486667e+01	-1.332706e-01	4.399763e+00
7.490000e+01	-1.332399e-01	4.399919e+00
7.493333e+01	-1.332095e-01	4.400073e+00
7.496667e+01	-1.332033e-01	4.400104e+00
75	-1.332159e-01	4.400040e+00
7.503333e+01	-1.332295e-01	4.399971e+00
7.506667e+01	-1.332329e-01	4.399954e+00
7.510000e+01	-1.332277e-01	4.399980e+00
7.513333e+01	-1.330126e-01	4.401072e+00
7.516667e+01	-1.316218e-01	4.408133e+00
7.520000e+01	-1.275802e-01	4.428649e+00
7.523333e+01	-1.208768e-01	4.462677e+00
7.526667e+01	-1.141479e-01	4.496835e+00
7.530000e+01	-1.103583e-01	4.516072e+00
7.533333e+01	-1.092520e-01	4.521688e+00
7.536667e+01	-1.073698e-01	4.531243e+00
7.540000e+01	-1.022530e-01	4.557217e+00
7.543333e+01	-9.557541e-02	4.591114e+00
7.546667e+01	-9.113723e-02	4.613643e+00
7.550000e+01	-9.071613e-02	4.615781e+00
7.553333e+01	-9.281579e-02	4.605123e+00
7.556667e+01	-9.476141e-02	4.595246e+00
7.560000e+01	-9.492087e-02	4.594437e+00
7.563333e+01	-9.271685e-02	4.605625e+00
7.566667e+01	-8.781976e-02	4.630484e+00
7.570000e+01	-8.090942e-02	4.665563e+00
7.573333e+01	-7.450987e-02	4.698049e+00
7.576667e+01	-7.130818e-02	4.714301e+00
7.580000e+01	-7.169949e-02	4.712315e+00
7.583333e+01	-7.372770e-02	4.702019e+00
7.586667e+01	-7.514918e-02	4.694803e+00
7.590000e+01	-7.514612e-02	4.694819e+00
7.593333e+01	-7.434096e-02	4.698906e+00
7.596667e+01	-7.370986e-02	4.702110e+00
76	-7.367521e-02	4.702286e+00
7.603333e+01	-7.401092e-02	4.700581e+00
7.606667e+01	-7.429519e-02	4.699138e+00
7.610000e+01	-7.432541e-02	4.698985e+00
7.613333e+01	-7.418507e-02	4.699697e+00
7.616667e+01	-7.405695e-02	4.700348e+00
7.620000e+01	-7.403698e-02	4.700449e+00
7.623333e+01	-7.409525e-02	4.700153e+00
7.626667e+01	-7.415275e-02	4.699861e+00
7.630000e+01	-7.416445e-02	4.699802e+00
7.633333e+01	-7.414045e-02	4.699924e+00
7.636667e+01	-7.411477e-02	4.700054e+00
7.640000e+01	-7.410836e-02	4.700087e+00
7.643333e+01	-7.411816e-02	4.700037e+00
7.646667e+01	-7.412958e-02	4.699979e+00
7.650000e+01	-7.413293e-02	4.699962e+00
7.653333e+01	-7.412898e-02	4.699982e+00
7.656667e+01	-7.412392e-02	4.700008e+00
7.660000e+01	-7.412222e-02	4.700016e+00
7.663333e+01	-7.412379e-02	4.700008e+00
7.666667e+01	-7.412602e-02	4.699997e+00
7.670000e+01	-7.412687e-02	4.699993e+00
7.673333e+01	-7.412625e-02	4.699996e+00
7.676667e+01	-7.412527e-02	4.700001e+00
7.680000e+01	-7.412486e-02	4.700003e+00
7.683333e+01	-7.412510e-02	4.700002e+00
7.686667e+01	-7.412553e-02	4.700000e+00
7.690000e+01	-7.412573e-02	4.699999e+00
7.693333e+01	-7.412564e-02	4.699999e+00
7.696667e+01	-7.412545e-02	4.700000e+00
77	-7.412535e-02	4.700001e+00
7.703333e+01	-7.412539e-02	4.700000e+00
7.706667e+01	-7.412547e-02	4.700000e+00
7.710000e+01	-7.412551e-02	4.700000e+00
7.713333e+01	-7.412550e-02	4.700000e+00
7.716667e+01	-7.412547e-02	4.700000e+00
7.720000e+01	-7.412545e-02	4.700000e+00
7.723333e+01	-7.412545e-02	4.700000e+00
7.726667e+01	-7.412546e-02	4.700000e+00
7.730000e+01	-7.391642e-02	4.701061e+00
7.733333e+01	-7.252733e-02	4.708113e+00
7.736667e+01	-6.848365e-02	4.728639e+00
7.740000e+01	-6.177764e-02	4.762681e+00
7.743333e+01	-5.525684e-02	4.795782e+00
7.746667e+01	-5.306619e-02	4.806903e+00
7.750000e+01	-5.739385e-02	4.784934e+00
7.753333e+01	-6.626176e-02	4.739918e+00
7.756667e+01	-7.458053e-02	4.697690e+00
7.760000e+01	-7.800298e-02	4.680317e+00
7.763333e+01	-7.547124e-02	4.693168e+00
7.766667e+01	-6.856070e-02	4.728248e+00
7.770000e+01	-6.020377e-02	4.770670e+00
7.773333e+01	-5.377896e-02	4.803285e+00
7.776667e+01	-5.137458e-02	4.815490e+00
7.780000e+01	-5.240717e-02	4.810248e+00
7.783333e+01	-5.448258e-02	4.799713e+00
7.786667e+01	-5.557239e-02	4.794181e+00
7.790000e+01	-5.528098e-02	4.795660e+00
7.793333e+01	-5.444005e-02	4.799929e+00
7.796667e+01	-5.394727e-02	4.802430e+00
78	-5.404236e-02	4.801948e+00
7.803333e+01	-5.440048e-02	4.800130e+00
7.806667e+01	-5.462746e-02	4.798977e+00
7.810000e+01	-5.459955e-02	4.799119e+00
7.813333e+01	-5.444646e-02	4.799896e+00
7.816667e+01	-5.434185e-02	4.800427e+00
7.820000e+01	-5.434781e-02	4.800397e+00
7.823333e+01	-5.441294e-02	4.800066e+00
7.826667e+01	-5.446088e-02	4.799823e+00
7.830000e+01	-5.446107e-02	4.799822e+00
7.833333e+01	-5.443352e-02	4.799962e+00
7.836667e+01	-5.441167e-02	4.800073e+00
7.840000e+01	-5.441036e-02	4.800079e+00
7.843333e+01	-5.442195e-02	4.800021e+00
7.846667e+01	-5.443184e-02	4.799970e+00
7.850000e+01	-5.443296e-02	4.799965e+00
7.853333e+01	-5.442812e-02	4.799989e+00
7.856667e+01	-5.442366e-02	4.800012e+00
7.860000e+01	-5.442293e-02	4.800016e+00
7.863333e+01	-5.463399e-02	4.798944e+00
7.866667e+01	-5.602509e-02	4.791883e+00
7.870000e+01	-6.006917e-02	4.771354e+00
7.873333e+01	-6.677435e-02	4.737316e+00
7.876667e+01	-7.371237e-02	4.702097e+00
7.880000e+01	-7.868098e-02	4.676875e+00
7.883333e+01	-8.244099e-02	4.657788e+00
7.886667e+01	-8.701766e-02	4.634556e+00
7.890000e+01	-9.240458e-02	4.607210e+00
7.893333e+01	-9.680041e-02	4.584896e+00
7.896667e+01	-9.927456e-02	4.572336e+00
79	-1.007526e-01	4.564833e+00
7.903333e+01	-1.027115e-01	4.554889e+00
7.906667e+01	-1.057451e-01	4.539490e+00
7.910000e+01	-1.093965e-01	4.520954e+00
7.913333e+01	-1.129229e-01	4.503054e+00
7.916667e+01	-1.159904e-01	4.487482e+00
7.920000e+01	-1.187650e-01	4.473397e+00
7.923333e+01	-1.215724e-01	4.459146e+00
7.926667e+01	-1.245424e-01	4.444069e+00
7.930000e+01	-1.274336e-01	4.429393e+00
7.933333e+01	-1.295198e-01	4.418803e+00
7.936667e+01	-1.294932e-01	4.418938e+00
7.940000e+01	-1.261232e-01	4.436045e+00
7.943333e+01	-1.199489e-01	4.467387e+00
7.946667e+01	-1.138330e-01	4.498433e+00
7.950000e+01	-1.107433e-01	4.514118e+00
7.953333e+01	-1.111693e-01	4.511955e+00
7.956667e+01	-1.131776e-01	4.501760e+00
7.960000e+01	-1.145562e-01	4.494762e+00
7.963333e+01	-1.145242e-01	4.494925e+00
7.966667e+01	-1.137184e-01	4.499015e+00
7.970000e+01	-1.133123e-01	4.501076e+00
7.973333e+01	-1.146800e-01	4.494134e+00
7.976667e+01	-1.190609e-01	4.471895e+00
7.980000e+01	-1.260447e-01	4.436443e+00
7.983333e+01	-1.327989e-01	4.402157e+00
7.986667e+01	-1.362374e-01	4.384703e+00
7.990000e+01	-1.360369e-01	4.385720e+00
7.993333e+01	-1.352468e-01	4.389731e+00
7.996667e+01	-1.377604e-01	4.376971e+00
80	-1.444710e-01	4.342906e+00
8.003333e+01	-1.520701e-01	4.304331e+00
8.006667e+01	-1.563305e-01	4.282704e+00
8.010000e+01	-1.558742e-01	4.285020e+00
8.013333e+01	-1.519605e-01	4.304887e+00
8.016667e+01	-1.460212e-01	4.335037e+00
8.020000e+01	-1.392310e-01	4.369506e+00
8.023333e+01	-1.335115e-01	4.398540e+00
8.026667e+01	-1.307750e-01	4.412431e+00
8.030000e+01	-1.311424e-01	4.410566e+00
8.033333e+01	-1.328846e-01	4.401722e+00
8.036667e+01	-1.340947e-01	4.395579e+00
8.040000e+01	-1.340902e-01	4.395602e+00
8.043333e+01	-1.334060e-01	4.399075e+00
8.046667e+01	-1.326620e-01	4.402852e+00
8.050000e+01	-1.312443e-01	4.410049e+00
8.053333e+01	-1.274855e-01	4.429130e+00
8.056667e+01	-1.210202e-01	4.461949e+00
8.060000e+01	-1.143155e-01	4.495984e+00
8.063333e+01	-1.106167e-01	4.514760e+00
8.066667e+01	-1.107922e-01	4.513869e+00
8.070000e+01	-1.129373e-01	4.502980e+00
8.073333e+01	-1.145757e-01	4.494663e+00
8.076667e+01	-1.146762e-01	4.494153e+00
8.080000e+01	-1.136183e-01	4.499523e+00
8.083333e+01	-1.115039e-01	4.510257e+00
8.086667e+01	-1.073764e-01	4.531209e+00
8.090000e+01	-1.010218e-01	4.563466e+00
8.093333e+01	-9.461702e-02	4.595979e+00
8.096667e+01	-9.109058e-02	4.613880e+00
81	-9.122890e-02	4.613178e+00
8.103333e+01	-9.303608e-02	4.604004e+00
8.106667e+01	-9.320516e-02	4.603146e+00
8.110000e+01	-8.927317e-02	4.623106e+00
8.113333e+01	-8.177354e-02	4.661176e+00
8.116667e+01	-7.435539e-02	4.698833e+00
8.120000e+01	-7.068922e-02	4.717443e+00
8.123333e+01	-7.130112e-02	4.714337e+00
8.126667e+01	-7.377104e-02	4.701799e+00
8.130000e+01	-7.541343e-02	4.693462e+00
8.133333e+01	-7.532947e-02	4.693888e+00
8.136667e+01	-7.433290e-02	4.698947e+00
8.140000e+01	-7.359757e-02	4.702680e+00
8.143333e+01	-7.359129e-02	4.702712e+00
8.146667e+01	-7.400959e-02	4.700588e+00
8.150000e+01	-7.413358e-02	4.699959e+00
8.153333e+01	-7.276545e-02	4.706904e+00
8.156667e+01	-6.854598e-02	4.728323e+00
8.160000e+01	-6.168921e-02	4.763130e+00
8.163333e+01	-5.494202e-02	4.797381e+00
8.166667e+01	-5.143570e-02	4.815180e+00
0	0	0
0	0	0
0	0	0
