0	1.152806e-02	4.820478e+00
3.333333e-02	7.431041e-03	4.800954e+00
6.666667e-02	5.267009e-03	4.790641e+00
1.000000e-01	7.487457e-03	4.801223e+00
1.333333e-01	1.658906e-02	4.844597e+00
1.666667e-01	3.495851e-02	4.932137e+00
2.000000e-01	6.069969e-02	5.054808e+00
2.333333e-01	8.532724e-02	5.172171e+00
2.666667e-01	9.930609e-02	5.238788e+00
3.000000e-01	1.001900e-01	5.243001e+00
3.333333e-01	9.386865e-02	5.212876e+00
3.666667e-01	8.835819e-02	5.186616e+00
4.000000e-01	8.749213e-02	5.182488e+00
4.333333e-01	8.990029e-02	5.193965e+00
4.666667e-01	9.227788e-02	5.205295e+00
5.000000e-01	9.276560e-02	5.207619e+00
5.333333e-01	9.178277e-02	5.202936e+00
5.666667e-01	9.072867e-02	5.197912e+00
6.000000e-01	9.046565e-02	5.196659e+00
6.333333e-01	9.086708e-02	5.198572e+00
6.666667e-01	9.133552e-02	5.200804e+00
7.000000e-01	9.147305e-02	5.201460e+00
7.333333e-01	9.131087e-02	5.200687e+00
7.666667e-01	9.110348e-02	5.199698e+00
8.000000e-01	9.103358e-02	5.199365e+00
8.333333e-01	9.109826e-02	5.199674e+00
8.666667e-01	9.118967e-02	5.200109e+00
9.000000e-01	9.122442e-02	5.200275e+00
9.333333e-01	9.119901e-02	5.200154e+00
9.666667e-01	9.115889e-02	5.199962e+00
1	9.114192e-02	5.199882e+00
1.033333e+00	9.115172e-02	5.199928e+00
1.066667e+00	9.116924e-02	5.200012e+00
1.100000e+00	9.117741e-02	5.200051e+00
1.133333e+00	9.117373e-02	5.200033e+00
1.166667e+00	9.116611e-02	5.199997e+00
1.200000e+00	9.116222e-02	5.199978e+00
1.233333e+00	9.116356e-02	5.199985e+00
1.266667e+00	9.116686e-02	5.200000e+00
1.300000e+00	9.116869e-02	5.200009e+00
1.333333e+00	9.116823e-02	5.200007e+00
1.366667e+00	9.116681e-02	5.200000e+00
1.400000e+00	9.116595e-02	5.199996e+00
1.433333e+00	9.116610e-02	5.199997e+00
1.466667e+00	9.116671e-02	5.200000e+00
1.500000e+00	9.116710e-02	5.200002e+00
1.533333e+00	9.116706e-02	5.200001e+00
1.566667e+00	9.116680e-02	5.200000e+00
1.600000e+00	9.116662e-02	5.199999e+00
1.633333e+00	9.116663e-02	5.199999e+00
1.666667e+00	9.116674e-02	5.200000e+00
1.700000e+00	9.116682e-02	5.200000e+00
1.733333e+00	9.116682e-02	5.200000e+00
1.766667e+00	9.116678e-02	5.200000e+00
1.800000e+00	9.116674e-02	5.200000e+00
1.833333e+00	9.116674e-02	5.200000e+00
1.866667e+00	9.116676e-02	5.200000e+00
1.900000e+00	9.116677e-02	5.200000e+00
1.933333e+00	9.116678e-02	5.200000e+00
1.966667e+00	9.094409e-02	5.198939e+00
2	8.946440e-02	5.191887e+00
2.033333e+00	8.515707e-02	5.171361e+00
2.066667e+00	7.801379e-02	5.137319e+00
2.100000e+00	7.084512e-02	5.103156e+00
2.133333e+00	6.703195e-02	5.084985e+00
2.166667e+00	6.733446e-02	5.086426e+00
2.200000e+00	6.963733e-02	5.097401e+00
2.233333e+00	7.132985e-02	5.105466e+00
2.266667e+00	7.138498e-02	5.105729e+00
2.300000e+00	7.047034e-02	5.101370e+00
2.333333e+00	6.971940e-02	5.097792e+00
2.366667e+00	6.965335e-02	5.097477e+00
2.400000e+00	7.003342e-02	5.099288e+00
2.433333e+00	7.037078e-02	5.100896e+00
2.466667e+00	7.041726e-02	5.101117e+00
2.500000e+00	7.025907e-02	5.100364e+00
2.533333e+00	7.010748e-02	5.099641e+00
2.566667e+00	7.007931e-02	5.099507e+00
2.600000e+00	7.014467e-02	5.099818e+00
2.633333e+00	7.021250e-02	5.100142e+00
2.666667e+00	7.022825e-02	5.100217e+00
2.700000e+00	7.020149e-02	5.100089e+00
2.733333e+00	7.017127e-02	5.099945e+00
2.766667e+00	7.016290e-02	5.099905e+00
2.800000e+00	7.017375e-02	5.099957e+00
2.833333e+00	7.018715e-02	5.100021e+00
2.866667e+00	7.019145e-02	5.100041e+00
2.900000e+00	7.018710e-02	5.100021e+00
2.933333e+00	7.018118e-02	5.099992e+00
2.966667e+00	7.017903e-02	5.099982e+00
3	7.040343e-02	5.101051e+00
3.033333e+00	7.188571e-02	5.108115e+00
3.066667e+00	7.619410e-02	5.128647e+00
3.100000e+00	8.333671e-02	5.162686e+00
3.133333e+00	9.050425e-02	5.196843e+00
3.166667e+00	9.453959e-02	5.216073e+00
3.200000e+00	9.571701e-02	5.221684e+00
3.233333e+00	9.794465e-02	5.232300e+00
3.266667e+00	1.048753e-01	5.265329e+00
3.300000e+00	1.162961e-01	5.319755e+00
3.333333e+00	1.281670e-01	5.376326e+00
3.366667e+00	1.357840e-01	5.412625e+00
3.400000e+00	1.373604e-01	5.420137e+00
3.433333e+00	1.349854e-01	5.408819e+00
3.466667e+00	1.322900e-01	5.395975e+00
3.500000e+00	1.314657e-01	5.392046e+00
3.533333e+00	1.323196e-01	5.396116e+00
3.566667e+00	1.334519e-01	5.401511e+00
3.600000e+00	1.338509e-01	5.403413e+00
3.633333e+00	1.335143e-01	5.401809e+00
3.666667e+00	1.330199e-01	5.399453e+00
3.700000e+00	1.328250e-01	5.398524e+00
3.733333e+00	1.329569e-01	5.399152e+00
3.766667e+00	1.331734e-01	5.400184e+00
3.800000e+00	1.332680e-01	5.400635e+00
3.833333e+00	1.332175e-01	5.400395e+00
3.866667e+00	1.331230e-01	5.399944e+00
3.900000e+00	1.330776e-01	5.399728e+00
3.933333e+00	1.330965e-01	5.399818e+00
3.966667e+00	1.331375e-01	5.400013e+00
4	1.331590e-01	5.400116e+00
4.033333e+00	1.331523e-01	5.400084e+00
4.066667e+00	1.331345e-01	5.399999e+00
4.100000e+00	1.331244e-01	5.399951e+00
4.133333e+00	1.331267e-01	5.399962e+00
4.166667e+00	1.331343e-01	5.399998e+00
4.200000e+00	1.331391e-01	5.400021e+00
4.233333e+00	1.331384e-01	5.400017e+00
4.266667e+00	1.331351e-01	5.400002e+00
4.300000e+00	1.333435e-01	5.400995e+00
4.333333e+00	1.347434e-01	5.407666e+00
4.366667e+00	1.388073e-01	5.427033e+00
4.400000e+00	1.454854e-01	5.458858e+00
4.433333e+00	1.520217e-01	5.490007e+00
4.466667e+00	1.551501e-01	5.504915e+00
4.500000e+00	1.541511e-01	5.500154e+00
4.533333e+00	1.510556e-01	5.485403e+00
4.566667e+00	1.483727e-01	5.472617e+00
4.600000e+00	1.471407e-01	5.466746e+00
4.633333e+00	1.468091e-01	5.465166e+00
4.666667e+00	1.463586e-01	5.463019e+00
4.700000e+00	1.452993e-01	5.457971e+00
4.733333e+00	1.438299e-01	5.450968e+00
4.766667e+00	1.423885e-01	5.444099e+00
4.800000e+00	1.412058e-01	5.438463e+00
4.833333e+00	1.402108e-01	5.433721e+00
4.866667e+00	1.392143e-01	5.428973e+00
4.900000e+00	1.381083e-01	5.423702e+00
4.933333e+00	1.369167e-01	5.418023e+00
4.966667e+00	1.357209e-01	5.412324e+00
5	1.345712e-01	5.406845e+00
5.033333e+00	1.334603e-01	5.401552e+00
5.066667e+00	1.323534e-01	5.396277e+00
5.100000e+00	1.312272e-01	5.390910e+00
5.133333e+00	1.300835e-01	5.385459e+00
5.166667e+00	1.289371e-01	5.379996e+00
5.200000e+00	1.277987e-01	5.374571e+00
5.233333e+00	1.266682e-01	5.369184e+00
5.266667e+00	1.255393e-01	5.363804e+00
5.300000e+00	1.244071e-01	5.358408e+00
5.333333e+00	1.232713e-01	5.352996e+00
5.366667e+00	1.221347e-01	5.347579e+00
5.400000e+00	1.209994e-01	5.342169e+00
5.433333e+00	1.198657e-01	5.336766e+00
5.466667e+00	1.187325e-01	5.331366e+00
5.500000e+00	1.175987e-01	5.325963e+00
5.533333e+00	1.164642e-01	5.320556e+00
5.566667e+00	1.153295e-01	5.315149e+00
5.600000e+00	1.139844e-01	5.308738e+00
5.633333e+00	1.112398e-01	5.295659e+00
5.666667e+00	1.041982e-01	5.262102e+00
5.700000e+00	8.936509e-02	5.191414e+00
5.733333e+00	6.640263e-02	5.081986e+00
5.766667e+00	4.108179e-02	4.961318e+00
5.800000e+00	2.190800e-02	4.869945e+00
5.833333e+00	1.260921e-02	4.825631e+00
5.866667e+00	1.000438e-02	4.813217e+00
5.900000e+00	9.124128e-03	4.809022e+00
5.933333e+00	7.820951e-03	4.802812e+00
5.966667e+00	6.815853e-03	4.798022e+00
6	7.980732e-03	4.803574e+00
6.033333e+00	1.302349e-02	4.827605e+00
6.066667e+00	2.227673e-02	4.871702e+00
6.100000e+00	3.396942e-02	4.927424e+00
6.133333e+00	4.473382e-02	4.978722e+00
6.166667e+00	5.132119e-02	5.010114e+00
6.200000e+00	5.272101e-02	5.016785e+00
6.233333e+00	5.079940e-02	5.007628e+00
6.266667e+00	4.878580e-02	4.998032e+00
6.300000e+00	4.954126e-02	5.001632e+00
6.333333e+00	5.451646e-02	5.025341e+00
6.366667e+00	6.258740e-02	5.063804e+00
6.400000e+00	7.010126e-02	5.099611e+00
6.433333e+00	7.365348e-02	5.116540e+00
6.466667e+00	7.294745e-02	5.113175e+00
6.500000e+00	7.047758e-02	5.101405e+00
6.533333e+00	6.888646e-02	5.093822e+00
6.566667e+00	6.900774e-02	5.094400e+00
6.600000e+00	7.000290e-02	5.099143e+00
6.633333e+00	7.071542e-02	5.102538e+00
6.666667e+00	7.092732e-02	5.103548e+00
6.700000e+00	7.198852e-02	5.108605e+00
6.733333e+00	7.597259e-02	5.127592e+00
6.766667e+00	8.288001e-02	5.160509e+00
6.800000e+00	8.874534e-02	5.188461e+00
6.833333e+00	8.839782e-02	5.186804e+00
6.866667e+00	8.096583e-02	5.151387e+00
6.900000e+00	7.142044e-02	5.105898e+00
6.933333e+00	6.584852e-02	5.079345e+00
6.966667e+00	6.608632e-02	5.080478e+00
7	6.933454e-02	5.095958e+00
7.033333e+00	7.180776e-02	5.107744e+00
7.066667e+00	7.193468e-02	5.108349e+00
7.100000e+00	7.062730e-02	5.102118e+00
7.133333e+00	6.974837e-02	5.097930e+00
7.166667e+00	7.111234e-02	5.104430e+00
7.200000e+00	7.596311e-02	5.127546e+00
7.233333e+00	8.360126e-02	5.163946e+00
7.266667e+00	9.084627e-02	5.198473e+00
7.300000e+00	9.443380e-02	5.215569e+00
7.333333e+00	9.390924e-02	5.213069e+00
7.366667e+00	9.156158e-02	5.201882e+00
7.400000e+00	8.996203e-02	5.194259e+00
7.433333e+00	9.000611e-02	5.194469e+00
7.466667e+00	9.094530e-02	5.198945e+00
7.500000e+00	9.165829e-02	5.202342e+00
7.533333e+00	9.190290e-02	5.203508e+00
7.566667e+00	9.298962e-02	5.208687e+00
7.600000e+00	9.697493e-02	5.227679e+00
7.633333e+00	1.040913e-01	5.261592e+00
7.666667e+00	1.114247e-01	5.296540e+00
7.700000e+00	1.151606e-01	5.314344e+00
7.733333e+00	1.133980e-01	5.305944e+00
7.766667e+00	1.067192e-01	5.274116e+00
7.800000e+00	9.781796e-02	5.231697e+00
7.833333e+00	9.058218e-02	5.197214e+00
7.866667e+00	8.771202e-02	5.183536e+00
7.900000e+00	8.879475e-02	5.188696e+00
7.933333e+00	9.117040e-02	5.200017e+00
7.966667e+00	9.247123e-02	5.206216e+00
8	9.217595e-02	5.204809e+00
8.033333e+00	9.121125e-02	5.200212e+00
8.066667e+00	9.062321e-02	5.197410e+00
8.100000e+00	9.071453e-02	5.197845e+00
8.133333e+00	9.112462e-02	5.199799e+00
8.166667e+00	9.139473e-02	5.201086e+00
8.200000e+00	9.137082e-02	5.200972e+00
8.233333e+00	9.119596e-02	5.200139e+00
8.266667e+00	9.107188e-02	5.199548e+00
8.300000e+00	9.107505e-02	5.199563e+00
8.333333e+00	9.114924e-02	5.199916e+00
8.366667e+00	9.120593e-02	5.200187e+00
8.400000e+00	9.120779e-02	5.200195e+00
8.433333e+00	9.117650e-02	5.200046e+00
8.466667e+00	9.115074e-02	5.199924e+00
8.500000e+00	9.114850e-02	5.199913e+00
8.533333e+00	9.138429e-02	5.201037e+00
8.566667e+00	9.265293e-02	5.207082e+00
8.600000e+00	9.570488e-02	5.221627e+00
8.633333e+00	9.979235e-02	5.241106e+00
8.666667e+00	1.026402e-01	5.254677e+00
8.700000e+00	1.021196e-01	5.252196e+00
8.733333e+00	9.803162e-02	5.232715e+00
8.766667e+00	9.267808e-02	5.207202e+00
8.800000e+00	8.917330e-02	5.190500e+00
8.833333e+00	8.880941e-02	5.188766e+00
8.866667e+00	9.038849e-02	5.196291e+00
8.900000e+00	9.186188e-02	5.203313e+00
8.933333e+00	9.214715e-02	5.204672e+00
8.966667e+00	9.153778e-02	5.201768e+00
9	9.089575e-02	5.198708e+00
9.033333e+00	9.074037e-02	5.197968e+00
9.066667e+00	9.098753e-02	5.199146e+00
9.100000e+00	9.127175e-02	5.200500e+00
9.133333e+00	9.135305e-02	5.200888e+00
9.166667e+00	9.125301e-02	5.200411e+00
9.200000e+00	9.112716e-02	5.199811e+00
9.233333e+00	9.108569e-02	5.199614e+00
9.266667e+00	9.112569e-02	5.199804e+00
9.300000e+00	9.118121e-02	5.200069e+00
9.333333e+00	9.120189e-02	5.200167e+00
9.366667e+00	9.118613e-02	5.200092e+00
9.400000e+00	9.116175e-02	5.199976e+00
9.433333e+00	9.115162e-02	5.199928e+00
9.466667e+00	9.115771e-02	5.199957e+00
9.500000e+00	9.116838e-02	5.200008e+00
9.533333e+00	9.117326e-02	5.200031e+00
9.566667e+00	9.117096e-02	5.200020e+00
9.600000e+00	9.116632e-02	5.199998e+00
9.633333e+00	9.116399e-02	5.199987e+00
9.666667e+00	9.116483e-02	5.199991e+00
9.700000e+00	9.116684e-02	5.200000e+00
9.733333e+00	9.116794e-02	5.200006e+00
9.766667e+00	9.116765e-02	5.200004e+00
9.800000e+00	9.116678e-02	5.200000e+00
9.833333e+00	9.116627e-02	5.199998e+00
9.866667e+00	9.116636e-02	5.199998e+00
9.900000e+00	9.116673e-02	5.200000e+00
9.933333e+00	9.116697e-02	5.200001e+00
9.966667e+00	9.116695e-02	5.200001e+00
10	9.138947e-02	5.201061e+00
1.003333e+01	9.286903e-02	5.208112e+00
1.006667e+01	9.717637e-02	5.228639e+00
1.010000e+01	1.043197e-01	5.262681e+00
1.013333e+01	1.114884e-01	5.296844e+00
1.016667e+01	1.153016e-01	5.315016e+00
1.020000e+01	1.149991e-01	5.313574e+00
1.023333e+01	1.126962e-01	5.302599e+00
1.026667e+01	1.107810e-01	5.293472e+00
1.030000e+01	1.092462e-01	5.286158e+00
1.033333e+01	1.058535e-01	5.269990e+00
1.036667e+01	9.946116e-02	5.239527e+00
1.040000e+01	9.235853e-02	5.205679e+00
1.043333e+01	8.816529e-02	5.185696e+00
1.046667e+01	8.814980e-02	5.185623e+00
1.050000e+01	9.055423e-02	5.197081e+00
1.053333e+01	9.292752e-02	5.208391e+00
1.056667e+01	9.427798e-02	5.214827e+00
1.060000e+01	9.515861e-02	5.219023e+00
1.063333e+01	9.644099e-02	5.225135e+00
1.066667e+01	9.837947e-02	5.234372e+00
1.070000e+01	1.006159e-01	5.245030e+00
1.073333e+01	1.027050e-01	5.254986e+00
1.076667e+01	1.045018e-01	5.263549e+00
1.080000e+01	1.061517e-01	5.271411e+00
1.083333e+01	1.078543e-01	5.279525e+00
1.086667e+01	1.096834e-01	5.288242e+00
1.090000e+01	1.115822e-01	5.297290e+00
1.093333e+01	1.134627e-01	5.306252e+00
1.096667e+01	1.152887e-01	5.314954e+00
11	1.170821e-01	5.323501e+00
1.103333e+01	1.188814e-01	5.332075e+00
1.106667e+01	1.207041e-01	5.340762e+00
1.110000e+01	1.225419e-01	5.349520e+00
1.113333e+01	1.243781e-01	5.358270e+00
1.116667e+01	1.262043e-01	5.366973e+00
1.120000e+01	1.280042e-01	5.375550e+00
1.123333e+01	1.296757e-01	5.383516e+00
1.126667e+01	1.307735e-01	5.388748e+00
1.130000e+01	1.301057e-01	5.385565e+00
1.133333e+01	1.262329e-01	5.367109e+00
1.136667e+01	1.194373e-01	5.334724e+00
1.140000e+01	1.126434e-01	5.302348e+00
1.143333e+01	1.091133e-01	5.285525e+00
1.146667e+01	1.094890e-01	5.287315e+00
1.150000e+01	1.116965e-01	5.297835e+00
1.153333e+01	1.132673e-01	5.305321e+00
1.156667e+01	1.132775e-01	5.305370e+00
1.160000e+01	1.123962e-01	5.301170e+00
1.163333e+01	1.116974e-01	5.297840e+00
1.166667e+01	1.116533e-01	5.297630e+00
1.170000e+01	1.120208e-01	5.299381e+00
1.173333e+01	1.123356e-01	5.300881e+00
1.176667e+01	1.123715e-01	5.301052e+00
1.180000e+01	1.122180e-01	5.300321e+00
1.183333e+01	1.120763e-01	5.299645e+00
1.186667e+01	1.120531e-01	5.299535e+00
1.190000e+01	1.121168e-01	5.299838e+00
1.193333e+01	1.121803e-01	5.300141e+00
1.196667e+01	1.121937e-01	5.300205e+00
12	1.121675e-01	5.300080e+00
1.203333e+01	1.121392e-01	5.299945e+00
1.206667e+01	1.121319e-01	5.299910e+00
1.210000e+01	1.121426e-01	5.299961e+00
1.213333e+01	1.121552e-01	5.300021e+00
1.216667e+01	1.121590e-01	5.300039e+00
1.220000e+01	1.121547e-01	5.300019e+00
1.223333e+01	1.121491e-01	5.299992e+00
1.226667e+01	1.121472e-01	5.299983e+00
1.230000e+01	1.119262e-01	5.298930e+00
1.233333e+01	1.104490e-01	5.291890e+00
1.236667e+01	1.061426e-01	5.271368e+00
1.240000e+01	9.899865e-02	5.237323e+00
1.243333e+01	9.182889e-02	5.203155e+00
1.246667e+01	8.801526e-02	5.184981e+00
1.250000e+01	8.831803e-02	5.186424e+00
1.253333e+01	9.062137e-02	5.197401e+00
1.256667e+01	9.231411e-02	5.205468e+00
1.260000e+01	9.236915e-02	5.205730e+00
1.263333e+01	9.145430e-02	5.201370e+00
1.266667e+01	9.070326e-02	5.197791e+00
1.270000e+01	9.063724e-02	5.197477e+00
1.273333e+01	9.101739e-02	5.199288e+00
1.276667e+01	9.135481e-02	5.200896e+00
1.280000e+01	9.140127e-02	5.201118e+00
1.283333e+01	9.124305e-02	5.200364e+00
1.286667e+01	9.109144e-02	5.199641e+00
1.290000e+01	9.106327e-02	5.199507e+00
1.293333e+01	9.112864e-02	5.199818e+00
1.296667e+01	9.119649e-02	5.200142e+00
13	9.121224e-02	5.200217e+00
1.303333e+01	9.118546e-02	5.200089e+00
1.306667e+01	9.115524e-02	5.199945e+00
1.310000e+01	9.114687e-02	5.199905e+00
1.313333e+01	9.093505e-02	5.198896e+00
1.316667e+01	8.946877e-02	5.191908e+00
1.320000e+01	8.516574e-02	5.171402e+00
1.323333e+01	7.801811e-02	5.137340e+00
1.326667e+01	7.084351e-02	5.103149e+00
1.330000e+01	6.702819e-02	5.084967e+00
1.333333e+01	6.733242e-02	5.086416e+00
1.336667e+01	6.963789e-02	5.097403e+00
1.340000e+01	7.133147e-02	5.105474e+00
1.343333e+01	7.138594e-02	5.105734e+00
1.346667e+01	7.047015e-02	5.101369e+00
1.350000e+01	6.971871e-02	5.097788e+00
1.353333e+01	6.965291e-02	5.097475e+00
1.356667e+01	7.003347e-02	5.099288e+00
1.360000e+01	7.037108e-02	5.100897e+00
1.363333e+01	7.041746e-02	5.101118e+00
1.366667e+01	7.025906e-02	5.100363e+00
1.370000e+01	7.010736e-02	5.099641e+00
1.373333e+01	7.007921e-02	5.099506e+00
1.376667e+01	7.014467e-02	5.099818e+00
1.380000e+01	7.021256e-02	5.100142e+00
1.383333e+01	7.022830e-02	5.100217e+00
1.386667e+01	7.020149e-02	5.100089e+00
1.390000e+01	7.017125e-02	5.099945e+00
1.393333e+01	7.016288e-02	5.099905e+00
1.396667e+01	7.017375e-02	5.099957e+00
14	7.018716e-02	5.100021e+00
1.403333e+01	7.019146e-02	5.100041e+00
1.406667e+01	7.018710e-02	5.100021e+00
1.410000e+01	7.018118e-02	5.099992e+00
1.413333e+01	7.017903e-02	5.099982e+00
1.416667e+01	7.018075e-02	5.099990e+00
1.420000e+01	7.018335e-02	5.100003e+00
1.423333e+01	7.018441e-02	5.100008e+00
1.426667e+01	7.018374e-02	5.100005e+00
1.430000e+01	7.018260e-02	5.099999e+00
1.433333e+01	7.018209e-02	5.099997e+00
1.436667e+01	7.018234e-02	5.099998e+00
1.440000e+01	7.018284e-02	5.100000e+00
1.443333e+01	7.018309e-02	5.100001e+00
1.446667e+01	7.018299e-02	5.100001e+00
1.450000e+01	7.018278e-02	5.100000e+00
1.453333e+01	7.018266e-02	5.099999e+00
1.456667e+01	7.018269e-02	5.100000e+00
1.460000e+01	7.018279e-02	5.100000e+00
1.463333e+01	7.018284e-02	5.100000e+00
1.466667e+01	7.018283e-02	5.100000e+00
1.470000e+01	7.018279e-02	5.100000e+00
1.473333e+01	7.018276e-02	5.100000e+00
1.476667e+01	7.017073e-02	5.099943e+00
1.480000e+01	7.007873e-02	5.099504e+00
1.483333e+01	6.975389e-02	5.097956e+00
1.486667e+01	6.904292e-02	5.094568e+00
1.490000e+01	6.794445e-02	5.089333e+00
1.493333e+01	6.663986e-02	5.083116e+00
1.496667e+01	6.535162e-02	5.076977e+00
15	6.418787e-02	5.071431e+00
1.503333e+01	6.311561e-02	5.066321e+00
1.506667e+01	6.204632e-02	5.061225e+00
1.510000e+01	6.092760e-02	5.055894e+00
1.513333e+01	5.976828e-02	5.050369e+00
1.516667e+01	5.860539e-02	5.044827e+00
1.520000e+01	5.746305e-02	5.039384e+00
1.523333e+01	5.633894e-02	5.034027e+00
1.526667e+01	5.521735e-02	5.028682e+00
1.530000e+01	5.408720e-02	5.023296e+00
1.533333e+01	5.294886e-02	5.017871e+00
1.536667e+01	5.180900e-02	5.012439e+00
1.540000e+01	5.067267e-02	5.007024e+00
1.543333e+01	4.954001e-02	5.001626e+00
1.546667e+01	4.840820e-02	4.996232e+00
1.550000e+01	4.727494e-02	4.990832e+00
1.553333e+01	4.614005e-02	4.985423e+00
1.556667e+01	4.500470e-02	4.980013e+00
1.560000e+01	4.386995e-02	4.974605e+00
1.563333e+01	4.273591e-02	4.969201e+00
1.566667e+01	4.160211e-02	4.963798e+00
1.570000e+01	4.046808e-02	4.958393e+00
1.573333e+01	3.933372e-02	4.952988e+00
1.576667e+01	3.819925e-02	4.947581e+00
1.580000e+01	3.706487e-02	4.942175e+00
1.583333e+01	3.593063e-02	4.936770e+00
1.586667e+01	3.479645e-02	4.931365e+00
1.590000e+01	3.366223e-02	4.925960e+00
1.593333e+01	3.252795e-02	4.920554e+00
1.596667e+01	3.139365e-02	4.915149e+00
16	3.027139e-02	4.909801e+00
1.603333e+01	2.922914e-02	4.904834e+00
1.606667e+01	2.864242e-02	4.902038e+00
1.610000e+01	2.969881e-02	4.907072e+00
1.613333e+01	3.397034e-02	4.927428e+00
1.616667e+01	4.128393e-02	4.962281e+00
1.620000e+01	4.860657e-02	4.997178e+00
1.623333e+01	5.222654e-02	5.014429e+00
1.626667e+01	5.038235e-02	5.005640e+00
1.630000e+01	4.370716e-02	4.973829e+00
1.633333e+01	3.485582e-02	4.931648e+00
1.636667e+01	2.765706e-02	4.897342e+00
1.640000e+01	2.478715e-02	4.883665e+00
1.643333e+01	2.584867e-02	4.888724e+00
1.646667e+01	2.820743e-02	4.899965e+00
1.650000e+01	2.950722e-02	4.906159e+00
1.653333e+01	2.922086e-02	4.904794e+00
1.656667e+01	2.826381e-02	4.900233e+00
1.660000e+01	2.767665e-02	4.897435e+00
1.663333e+01	2.776425e-02	4.897853e+00
1.666667e+01	2.817088e-02	4.899791e+00
1.670000e+01	2.844043e-02	4.901075e+00
1.673333e+01	2.841806e-02	4.900968e+00
1.676667e+01	2.846743e-02	4.901204e+00
1.680000e+01	2.982336e-02	4.907665e+00
1.683333e+01	3.413322e-02	4.928204e+00
1.686667e+01	4.134999e-02	4.962596e+00
1.690000e+01	4.857519e-02	4.997028e+00
1.693333e+01	5.239047e-02	5.015210e+00
1.696667e+01	5.205698e-02	5.013621e+00
17	4.995113e-02	5.003585e+00
1.703333e+01	4.973593e-02	5.002560e+00
1.706667e+01	5.400112e-02	5.022886e+00
1.710000e+01	6.207063e-02	5.061341e+00
1.713333e+01	6.999189e-02	5.099090e+00
1.716667e+01	7.386572e-02	5.117551e+00
1.720000e+01	7.317793e-02	5.114273e+00
1.723333e+01	7.053670e-02	5.101687e+00
1.726667e+01	6.879993e-02	5.093410e+00
1.730000e+01	6.890532e-02	5.093912e+00
1.733333e+01	6.997210e-02	5.098996e+00
1.736667e+01	7.075030e-02	5.102704e+00
1.740000e+01	7.074996e-02	5.102703e+00
1.743333e+01	7.030176e-02	5.100567e+00
1.746667e+01	6.994902e-02	5.098886e+00
1.750000e+01	6.992977e-02	5.098794e+00
1.753333e+01	7.011832e-02	5.099693e+00
1.756667e+01	7.027813e-02	5.100454e+00
1.760000e+01	7.029525e-02	5.100536e+00
1.763333e+01	7.021642e-02	5.100160e+00
1.766667e+01	7.014434e-02	5.099817e+00
1.770000e+01	7.013303e-02	5.099763e+00
1.773333e+01	7.016575e-02	5.099919e+00
1.776667e+01	7.019809e-02	5.100073e+00
1.780000e+01	7.020471e-02	5.100104e+00
1.783333e+01	7.019124e-02	5.100040e+00
1.786667e+01	7.017679e-02	5.099971e+00
1.790000e+01	7.017317e-02	5.099954e+00
1.793333e+01	7.017867e-02	5.099980e+00
1.796667e+01	7.018509e-02	5.100011e+00
18	7.018699e-02	5.100020e+00
1.803333e+01	7.018477e-02	5.100009e+00
1.806667e+01	7.018192e-02	5.099996e+00
1.810000e+01	7.018096e-02	5.099991e+00
1.813333e+01	7.018185e-02	5.099996e+00
1.816667e+01	7.018310e-02	5.100001e+00
1.820000e+01	7.018358e-02	5.100004e+00
1.823333e+01	7.018323e-02	5.100002e+00
1.826667e+01	7.018268e-02	5.099999e+00
1.830000e+01	7.018245e-02	5.099998e+00
1.833333e+01	7.018258e-02	5.099999e+00
1.836667e+01	7.018282e-02	5.100000e+00
1.840000e+01	7.018293e-02	5.100001e+00
1.843333e+01	7.018288e-02	5.100000e+00
1.846667e+01	7.018278e-02	5.100000e+00
1.850000e+01	7.018273e-02	5.100000e+00
1.853333e+01	7.018274e-02	5.100000e+00
1.856667e+01	7.018279e-02	5.100000e+00
1.860000e+01	7.018281e-02	5.100000e+00
1.863333e+01	7.018281e-02	5.100000e+00
1.866667e+01	7.018279e-02	5.100000e+00
1.870000e+01	7.018278e-02	5.100000e+00
1.873333e+01	7.018278e-02	5.100000e+00
1.876667e+01	7.018279e-02	5.100000e+00
1.880000e+01	7.018279e-02	5.100000e+00
1.883333e+01	7.018279e-02	5.100000e+00
1.886667e+01	7.018279e-02	5.100000e+00
1.890000e+01	7.040547e-02	5.101061e+00
1.893333e+01	7.188514e-02	5.108113e+00
1.896667e+01	7.619248e-02	5.128639e+00
19	8.333576e-02	5.162681e+00
1.903333e+01	9.050444e-02	5.196844e+00
1.906667e+01	9.431760e-02	5.215015e+00
1.910000e+01	9.401509e-02	5.213574e+00
1.913333e+01	9.171222e-02	5.202599e+00
1.916667e+01	9.001970e-02	5.194534e+00
1.920000e+01	8.996457e-02	5.194271e+00
1.923333e+01	9.087921e-02	5.198630e+00
1.926667e+01	9.163015e-02	5.202208e+00
1.930000e+01	9.169620e-02	5.202523e+00
1.933333e+01	9.131614e-02	5.200712e+00
1.936667e+01	9.097877e-02	5.199104e+00
1.940000e+01	9.070961e-02	5.197821e+00
1.943333e+01	8.938812e-02	5.191524e+00
1.946667e+01	8.523238e-02	5.171719e+00
1.950000e+01	7.811727e-02	5.137812e+00
1.953333e+01	7.088323e-02	5.103338e+00
1.956667e+01	6.700223e-02	5.084843e+00
1.960000e+01	6.728899e-02	5.086209e+00
1.963333e+01	6.961863e-02	5.097311e+00
1.966667e+01	7.134137e-02	5.105521e+00
1.970000e+01	7.140487e-02	5.105824e+00
1.973333e+01	7.047938e-02	5.101413e+00
1.976667e+01	6.971504e-02	5.097771e+00
1.980000e+01	6.964469e-02	5.097436e+00
1.983333e+01	7.025178e-02	5.100329e+00
1.986667e+01	7.207474e-02	5.109016e+00
1.990000e+01	7.643071e-02	5.129775e+00
1.993333e+01	8.341408e-02	5.163054e+00
1.996667e+01	9.042857e-02	5.196482e+00
20	9.421250e-02	5.214515e+00
2.003333e+01	9.397602e-02	5.213388e+00
2.006667e+01	9.174212e-02	5.202742e+00
2.010000e+01	9.006586e-02	5.194754e+00
2.013333e+01	8.998371e-02	5.194362e+00
2.016667e+01	9.086764e-02	5.198575e+00
2.020000e+01	9.160996e-02	5.202112e+00
2.023333e+01	9.168696e-02	5.202479e+00
2.026667e+01	9.132051e-02	5.200733e+00
2.030000e+01	9.098756e-02	5.199146e+00
2.033333e+01	9.115938e-02	5.199965e+00
2.036667e+01	9.279123e-02	5.207741e+00
2.040000e+01	9.724795e-02	5.228980e+00
2.043333e+01	1.044211e-01	5.263164e+00
2.046667e+01	1.115271e-01	5.297028e+00
2.050000e+01	1.152735e-01	5.314882e+00
2.053333e+01	1.147319e-01	5.312301e+00
2.056667e+01	1.109750e-01	5.294397e+00
2.060000e+01	1.050048e-01	5.265946e+00
2.063333e+01	9.781502e-02	5.231683e+00
2.066667e+01	9.155063e-02	5.201829e+00
2.070000e+01	8.847525e-02	5.187173e+00
2.073333e+01	8.883942e-02	5.188909e+00
2.076667e+01	9.076635e-02	5.198092e+00
2.080000e+01	9.212731e-02	5.204578e+00
2.083333e+01	9.213815e-02	5.204629e+00
2.086667e+01	9.138007e-02	5.201017e+00
2.090000e+01	9.077817e-02	5.198148e+00
2.093333e+01	9.072613e-02	5.197900e+00
2.096667e+01	9.094132e-02	5.198926e+00
21	9.085845e-02	5.198531e+00
2.103333e+01	9.011599e-02	5.194992e+00
2.106667e+01	8.878895e-02	5.188668e+00
2.110000e+01	8.724739e-02	5.181322e+00
2.113333e+01	8.582545e-02	5.174546e+00
2.116667e+01	8.461360e-02	5.168771e+00
2.120000e+01	8.350137e-02	5.163470e+00
2.123333e+01	8.234930e-02	5.157980e+00
2.126667e+01	8.110942e-02	5.152071e+00
2.130000e+01	7.982342e-02	5.145943e+00
2.133333e+01	7.855165e-02	5.139882e+00
2.136667e+01	7.731765e-02	5.134002e+00
2.140000e+01	7.610520e-02	5.128223e+00
2.143333e+01	7.490101e-02	5.122485e+00
2.146667e+01	7.376760e-02	5.117084e+00
2.150000e+01	7.307401e-02	5.113778e+00
2.153333e+01	7.391122e-02	5.117768e+00
2.156667e+01	7.767208e-02	5.135691e+00
2.160000e+01	8.416417e-02	5.166629e+00
2.163333e+01	9.043784e-02	5.196526e+00
2.166667e+01	9.235533e-02	5.205664e+00
2.170000e+01	8.771200e-02	5.183536e+00
2.173333e+01	7.846449e-02	5.139467e+00
2.176667e+01	6.978518e-02	5.098105e+00
2.180000e+01	6.572861e-02	5.078773e+00
2.183333e+01	6.539033e-02	5.077161e+00
2.186667e+01	6.405741e-02	5.070809e+00
2.190000e+01	5.865361e-02	5.045057e+00
2.193333e+01	5.119060e-02	5.009492e+00
2.196667e+01	4.616054e-02	4.985521e+00
22	4.567565e-02	4.983210e+00
2.203333e+01	4.805826e-02	4.994565e+00
2.206667e+01	5.026690e-02	5.005090e+00
2.210000e+01	5.068246e-02	5.007070e+00
2.213333e+01	4.975389e-02	5.002645e+00
2.216667e+01	4.878379e-02	4.998022e+00
2.220000e+01	4.855294e-02	4.996922e+00
2.223333e+01	4.892965e-02	4.998717e+00
2.226667e+01	4.935958e-02	5.000766e+00
2.230000e+01	4.948102e-02	5.001345e+00
2.233333e+01	4.932848e-02	5.000618e+00
2.236667e+01	4.913804e-02	4.999710e+00
2.240000e+01	4.907595e-02	4.999415e+00
2.243333e+01	4.913701e-02	4.999705e+00
2.246667e+01	4.922104e-02	5.000106e+00
2.250000e+01	4.925206e-02	5.000254e+00
2.253333e+01	4.922797e-02	5.000139e+00
2.256667e+01	4.919105e-02	4.999963e+00
2.260000e+01	4.917584e-02	4.999891e+00
2.263333e+01	4.918517e-02	4.999935e+00
2.266667e+01	4.920132e-02	5.000012e+00
2.270000e+01	4.920867e-02	5.000047e+00
2.273333e+01	4.920514e-02	5.000030e+00
2.276667e+01	4.919811e-02	4.999997e+00
2.280000e+01	4.919460e-02	4.999980e+00
2.283333e+01	4.919590e-02	4.999986e+00
2.286667e+01	4.919894e-02	5.000001e+00
2.290000e+01	4.920060e-02	5.000009e+00
2.293333e+01	4.920015e-02	5.000006e+00
2.296667e+01	4.919883e-02	5.000000e+00
23	4.919805e-02	4.999996e+00
2.303333e+01	4.919820e-02	4.999997e+00
2.306667e+01	4.919877e-02	5.000000e+00
2.310000e+01	4.919913e-02	5.000002e+00
2.313333e+01	4.919909e-02	5.000001e+00
2.316667e+01	4.919884e-02	5.000000e+00
2.320000e+01	4.919868e-02	4.999999e+00
2.323333e+01	4.919869e-02	4.999999e+00
2.326667e+01	4.919879e-02	5.000000e+00
2.330000e+01	4.897619e-02	4.998939e+00
2.333333e+01	4.749651e-02	4.991888e+00
2.336667e+01	4.296645e-02	4.970299e+00
2.340000e+01	3.434347e-02	4.929206e+00
2.343333e+01	2.286744e-02	4.874517e+00
2.346667e+01	1.191102e-02	4.822304e+00
2.350000e+01	5.044865e-03	4.789583e+00
2.353333e+01	3.534572e-03	4.782385e+00
2.356667e+01	5.529596e-03	4.791893e+00
2.360000e+01	7.664910e-03	4.802068e+00
2.363333e+01	6.963113e-03	4.798724e+00
2.366667e+01	1.959973e-03	4.774881e+00
2.370000e+01	-5.941315e-03	4.737227e+00
2.373333e+01	-1.200119e-02	4.708349e+00
2.376667e+01	-1.123571e-02	4.711997e+00
2.380000e+01	-3.363383e-03	4.749513e+00
2.383333e+01	6.287348e-03	4.795504e+00
2.386667e+01	1.168793e-02	4.821240e+00
2.390000e+01	1.125419e-02	4.819173e+00
2.393333e+01	7.950445e-03	4.803429e+00
2.396667e+01	5.546648e-03	4.791974e+00
24	5.506573e-03	4.791783e+00
2.403333e+01	6.842351e-03	4.798149e+00
2.406667e+01	7.916185e-03	4.803266e+00
2.410000e+01	7.993576e-03	4.803635e+00
2.413333e+01	7.435962e-03	4.800977e+00
2.416667e+01	7.174716e-03	4.799732e+00
2.420000e+01	8.594893e-03	4.806500e+00
2.423333e+01	1.313482e-02	4.828136e+00
2.426667e+01	2.049591e-02	4.863215e+00
2.430000e+01	2.770201e-02	4.897556e+00
2.433333e+01	3.141885e-02	4.915269e+00
2.436667e+01	3.101874e-02	4.913362e+00
2.440000e+01	2.869452e-02	4.902286e+00
2.443333e+01	2.704155e-02	4.894409e+00
2.446667e+01	2.702996e-02	4.894353e+00
2.450000e+01	2.773341e-02	4.897706e+00
2.453333e+01	2.698859e-02	4.894156e+00
2.456667e+01	2.272797e-02	4.873852e+00
2.460000e+01	1.519867e-02	4.837971e+00
2.463333e+01	7.699101e-03	4.802231e+00
2.466667e+01	3.848003e-03	4.783879e+00
2.470000e+01	4.311699e-03	4.786089e+00
2.473333e+01	6.763591e-03	4.797773e+00
2.476667e+01	8.480527e-03	4.805955e+00
2.480000e+01	8.468815e-03	4.805900e+00
2.483333e+01	7.487339e-03	4.801222e+00
2.486667e+01	6.722300e-03	4.797576e+00
2.490000e+01	6.683735e-03	4.797393e+00
2.493333e+01	7.093635e-03	4.799346e+00
2.496667e+01	7.438652e-03	4.800990e+00
25	7.473930e-03	4.801158e+00
2.503333e+01	7.302489e-03	4.800341e+00
2.506667e+01	7.146912e-03	4.799600e+00
2.510000e+01	7.123252e-03	4.799487e+00
2.513333e+01	7.194475e-03	4.799827e+00
2.516667e+01	7.264330e-03	4.800160e+00
2.520000e+01	7.500965e-03	4.801287e+00
2.523333e+01	8.951290e-03	4.808199e+00
2.526667e+01	1.322741e-02	4.828577e+00
2.530000e+01	2.036302e-02	4.862582e+00
2.533333e+01	2.754368e-02	4.896802e+00
2.536667e+01	3.137074e-02	4.915040e+00
2.540000e+01	3.107226e-02	4.913617e+00
2.543333e+01	2.876454e-02	4.902620e+00
2.546667e+01	2.706587e-02	4.894525e+00
2.550000e+01	2.700869e-02	4.894252e+00
2.553333e+01	2.792526e-02	4.898620e+00
2.556667e+01	2.867891e-02	4.902212e+00
2.560000e+01	2.874599e-02	4.902531e+00
2.563333e+01	2.836516e-02	4.900716e+00
2.566667e+01	2.802660e-02	4.899103e+00
2.570000e+01	2.797963e-02	4.898879e+00
2.573333e+01	2.813811e-02	4.899634e+00
2.576667e+01	2.829022e-02	4.900359e+00
2.580000e+01	2.831863e-02	4.900495e+00
2.583333e+01	2.825316e-02	4.900183e+00
2.586667e+01	2.818510e-02	4.899858e+00
2.590000e+01	2.816923e-02	4.899783e+00
2.593333e+01	2.819604e-02	4.899910e+00
2.596667e+01	2.822636e-02	4.900055e+00
26	2.823478e-02	4.900095e+00
2.603333e+01	2.822391e-02	4.900043e+00
2.606667e+01	2.821047e-02	4.899979e+00
2.610000e+01	2.820615e-02	4.899959e+00
2.613333e+01	2.821050e-02	4.899979e+00
2.616667e+01	2.821644e-02	4.900008e+00
2.620000e+01	2.821860e-02	4.900018e+00
2.623333e+01	2.821688e-02	4.900010e+00
2.626667e+01	2.821427e-02	4.899997e+00
2.630000e+01	2.821321e-02	4.899992e+00
2.633333e+01	2.843656e-02	4.901057e+00
2.636667e+01	2.991737e-02	4.908114e+00
2.640000e+01	3.422523e-02	4.928643e+00
2.643333e+01	4.136825e-02	4.962683e+00
2.646667e+01	4.853643e-02	4.996843e+00
2.650000e+01	5.234935e-02	5.015014e+00
2.653333e+01	5.204694e-02	5.013573e+00
2.656667e+01	4.974428e-02	5.002599e+00
2.660000e+01	4.805187e-02	4.994534e+00
2.663333e+01	4.799671e-02	4.994271e+00
2.666667e+01	4.891126e-02	4.998630e+00
2.670000e+01	4.966214e-02	5.002208e+00
2.673333e+01	4.995089e-02	5.003584e+00
2.676667e+01	5.105054e-02	5.008824e+00
2.680000e+01	5.502053e-02	5.027744e+00
2.683333e+01	6.211733e-02	5.061564e+00
2.686667e+01	6.944418e-02	5.096480e+00
2.690000e+01	7.340892e-02	5.115374e+00
2.693333e+01	7.313459e-02	5.114067e+00
2.696667e+01	7.076637e-02	5.102781e+00
27	6.893178e-02	5.094038e+00
2.703333e+01	6.829345e-02	5.090996e+00
2.706667e+01	6.723163e-02	5.085936e+00
2.710000e+01	6.362846e-02	5.068765e+00
2.713333e+01	5.692900e-02	5.036839e+00
2.716667e+01	4.849314e-02	4.996637e+00
2.720000e+01	4.019828e-02	4.957108e+00
2.723333e+01	3.297102e-02	4.922666e+00
2.726667e+01	2.652125e-02	4.891929e+00
2.730000e+01	2.008483e-02	4.861256e+00
2.733333e+01	1.321635e-02	4.828524e+00
2.736667e+01	6.000150e-03	4.794135e+00
2.740000e+01	-1.241424e-03	4.759625e+00
2.743333e+01	-8.302683e-03	4.725974e+00
2.746667e+01	-1.520724e-02	4.693070e+00
2.750000e+01	-2.201816e-02	4.660613e+00
2.753333e+01	-2.841106e-02	4.630147e+00
2.756667e+01	-3.343869e-02	4.606188e+00
2.760000e+01	-3.609742e-02	4.593517e+00
2.763333e+01	-3.633544e-02	4.592383e+00
2.766667e+01	-3.527082e-02	4.597457e+00
2.770000e+01	-3.430009e-02	4.602083e+00
2.773333e+01	-3.410976e-02	4.602990e+00
2.776667e+01	-3.472039e-02	4.600080e+00
2.780000e+01	-3.661012e-02	4.591074e+00
2.783333e+01	-4.101743e-02	4.570071e+00
2.786667e+01	-4.822679e-02	4.535714e+00
2.790000e+01	-5.669461e-02	4.495361e+00
2.793333e+01	-6.476334e-02	4.456909e+00
2.796667e+01	-7.166756e-02	4.424006e+00
28	-7.661330e-02	4.400437e+00
2.803333e+01	-7.876030e-02	4.390206e+00
2.806667e+01	-7.856066e-02	4.391157e+00
2.810000e+01	-7.831644e-02	4.392321e+00
2.813333e+01	-8.064781e-02	4.381211e+00
2.816667e+01	-8.579131e-02	4.356699e+00
2.820000e+01	-9.094511e-02	4.332138e+00
2.823333e+01	-9.293990e-02	4.322632e+00
2.826667e+01	-9.097304e-02	4.332005e+00
2.830000e+01	-8.658018e-02	4.352940e+00
2.833333e+01	-8.181767e-02	4.375636e+00
2.836667e+01	-7.779502e-02	4.394806e+00
2.840000e+01	-7.444806e-02	4.410756e+00
2.843333e+01	-7.119099e-02	4.426277e+00
2.846667e+01	-6.762413e-02	4.443275e+00
2.850000e+01	-6.376870e-02	4.461649e+00
2.853333e+01	-5.986732e-02	4.480241e+00
2.856667e+01	-5.609655e-02	4.498211e+00
2.860000e+01	-5.245501e-02	4.515565e+00
2.863333e+01	-4.883966e-02	4.532794e+00
2.866667e+01	-4.517024e-02	4.550280e+00
2.870000e+01	-4.148232e-02	4.567855e+00
2.873333e+01	-3.804118e-02	4.584254e+00
2.876667e+01	-3.538224e-02	4.596926e+00
2.880000e+01	-3.400959e-02	4.603467e+00
2.883333e+01	-3.390953e-02	4.603944e+00
2.886667e+01	-3.447346e-02	4.601256e+00
2.890000e+01	-3.497262e-02	4.598878e+00
2.893333e+01	-3.506156e-02	4.598454e+00
2.896667e+01	-3.485539e-02	4.599436e+00
29	-3.464450e-02	4.600441e+00
2.903333e+01	-3.459692e-02	4.600668e+00
2.906667e+01	-3.490314e-02	4.599209e+00
2.910000e+01	-3.647581e-02	4.591714e+00
2.913333e+01	-4.058546e-02	4.572129e+00
2.916667e+01	-4.621506e-02	4.545301e+00
2.920000e+01	-4.903517e-02	4.531862e+00
2.923333e+01	-4.569218e-02	4.547793e+00
2.926667e+01	-3.823466e-02	4.583332e+00
2.930000e+01	-3.213685e-02	4.612392e+00
2.933333e+01	-3.075331e-02	4.618985e+00
2.936667e+01	-3.299564e-02	4.608299e+00
2.940000e+01	-3.559478e-02	4.595913e+00
2.943333e+01	-3.639765e-02	4.592087e+00
2.946667e+01	-3.555118e-02	4.596120e+00
2.950000e+01	-3.442369e-02	4.601494e+00
2.953333e+01	-3.399213e-02	4.603550e+00
2.956667e+01	-3.409793e-02	4.603046e+00
2.960000e+01	-3.379066e-02	4.604510e+00
2.963333e+01	-3.223425e-02	4.611927e+00
2.966667e+01	-2.939499e-02	4.625458e+00
2.970000e+01	-2.596073e-02	4.641824e+00
2.973333e+01	-2.268743e-02	4.657423e+00
2.976667e+01	-1.986634e-02	4.670867e+00
2.980000e+01	-1.731573e-02	4.683022e+00
2.983333e+01	-1.472397e-02	4.695373e+00
2.986667e+01	-1.194608e-02	4.708611e+00
2.990000e+01	-9.045488e-03	4.722434e+00
2.993333e+01	-6.155337e-03	4.736208e+00
2.996667e+01	-3.373791e-03	4.749463e+00
30	-8.159801e-04	4.761652e+00
3.003333e+01	1.366129e-03	4.772051e+00
3.006667e+01	3.173888e-03	4.780666e+00
3.010000e+01	4.806599e-03	4.788447e+00
3.013333e+01	6.313283e-03	4.795627e+00
3.016667e+01	7.402174e-03	4.800816e+00
3.020000e+01	7.790313e-03	4.802666e+00
3.023333e+01	7.364940e-03	4.800639e+00
3.026667e+01	5.510500e-03	4.791802e+00
3.030000e+01	1.011406e-03	4.770361e+00
3.033333e+01	-6.075395e-03	4.736589e+00
3.036667e+01	-1.309140e-02	4.703153e+00
3.040000e+01	-1.703940e-02	4.684339e+00
3.043333e+01	-1.823498e-02	4.678642e+00
3.046667e+01	-2.030444e-02	4.668779e+00
3.050000e+01	-2.579573e-02	4.642610e+00
3.053333e+01	-3.290372e-02	4.608737e+00
3.056667e+01	-3.760373e-02	4.586339e+00
3.060000e+01	-3.803345e-02	4.584291e+00
3.063333e+01	-3.579794e-02	4.594944e+00
3.066667e+01	-3.373719e-02	4.604765e+00
3.070000e+01	-3.332708e-02	4.606719e+00
3.073333e+01	-3.399490e-02	4.603537e+00
3.076667e+01	-3.419199e-02	4.602598e+00
3.080000e+01	-3.285831e-02	4.608953e+00
3.083333e+01	-3.011544e-02	4.622025e+00
3.086667e+01	-2.687544e-02	4.637465e+00
3.090000e+01	-2.395910e-02	4.651363e+00
3.093333e+01	-2.156884e-02	4.662754e+00
3.096667e+01	-1.941256e-02	4.673030e+00
31	-1.714288e-02	4.683846e+00
3.103333e+01	-1.465090e-02	4.695722e+00
3.106667e+01	-1.204936e-02	4.708119e+00
3.110000e+01	-9.489577e-03	4.720318e+00
3.113333e+01	-7.025841e-03	4.732059e+00
3.116667e+01	-4.613671e-03	4.743554e+00
3.120000e+01	-2.212877e-03	4.754995e+00
3.123333e+01	8.151168e-05	4.765929e+00
3.126667e+01	2.067385e-03	4.775393e+00
3.130000e+01	3.688508e-03	4.783119e+00
3.133333e+01	5.114732e-03	4.789916e+00
3.136667e+01	6.417750e-03	4.796125e+00
3.140000e+01	7.366026e-03	4.800644e+00
3.143333e+01	7.713890e-03	4.802302e+00
3.146667e+01	7.546522e-03	4.801504e+00
3.150000e+01	7.221791e-03	4.799957e+00
3.153333e+01	6.827969e-03	4.798080e+00
3.156667e+01	5.393155e-03	4.791242e+00
3.160000e+01	1.217742e-03	4.771344e+00
3.163333e+01	-5.847357e-03	4.737675e+00
3.166667e+01	-1.303015e-02	4.703445e+00
3.170000e+01	-1.689936e-02	4.685006e+00
3.173333e+01	-1.663283e-02	4.686277e+00
3.176667e+01	-1.432597e-02	4.697270e+00
3.180000e+01	-1.260952e-02	4.705450e+00
3.183333e+01	-1.253783e-02	4.705791e+00
3.186667e+01	-1.345323e-02	4.701429e+00
3.190000e+01	-1.421434e-02	4.697802e+00
3.193333e+01	-1.428797e-02	4.697451e+00
3.196667e+01	-1.390801e-02	4.699262e+00
32	-1.356635e-02	4.700890e+00
3.203333e+01	-1.351642e-02	4.701128e+00
3.206667e+01	-1.367437e-02	4.700375e+00
3.210000e+01	-1.382776e-02	4.699644e+00
3.213333e+01	-1.385750e-02	4.699503e+00
3.216667e+01	-1.379233e-02	4.699813e+00
3.220000e+01	-1.372374e-02	4.700140e+00
3.223333e+01	-1.370729e-02	4.700218e+00
3.226667e+01	-1.373393e-02	4.700091e+00
3.230000e+01	-1.376446e-02	4.699946e+00
3.233333e+01	-1.377315e-02	4.699905e+00
3.236667e+01	-1.353969e-02	4.701017e+00
3.240000e+01	-1.226916e-02	4.707072e+00
3.243333e+01	-9.214381e-03	4.721630e+00
3.246667e+01	-4.903080e-03	4.742175e+00
3.250000e+01	-5.763047e-04	4.762795e+00
3.253333e+01	3.209238e-03	4.780835e+00
3.256667e+01	6.263945e-03	4.795392e+00
3.260000e+01	8.079370e-03	4.804044e+00
3.263333e+01	8.388295e-03	4.805516e+00
3.266667e+01	7.722159e-03	4.802341e+00
3.270000e+01	7.220942e-03	4.799953e+00
3.273333e+01	8.481258e-03	4.805959e+00
3.276667e+01	1.301860e-02	4.827582e+00
3.280000e+01	2.068987e-02	4.864139e+00
3.283333e+01	2.944724e-02	4.905873e+00
3.286667e+01	3.747847e-02	4.944146e+00
3.290000e+01	4.418632e-02	4.976113e+00
3.293333e+01	4.899894e-02	4.999047e+00
3.296667e+01	5.115438e-02	5.009319e+00
33	5.107757e-02	5.008953e+00
3.303333e+01	5.119477e-02	5.009512e+00
3.306667e+01	5.454724e-02	5.025488e+00
3.310000e+01	6.167608e-02	5.059461e+00
3.313333e+01	6.936701e-02	5.096112e+00
3.316667e+01	7.359867e-02	5.116279e+00
3.320000e+01	7.332675e-02	5.114983e+00
3.323333e+01	7.080783e-02	5.102979e+00
3.326667e+01	6.892778e-02	5.094019e+00
3.330000e+01	6.884959e-02	5.093647e+00
3.333333e+01	6.985432e-02	5.098435e+00
3.336667e+01	7.046692e-02	5.101354e+00
3.340000e+01	6.906776e-02	5.094686e+00
3.343333e+01	6.434304e-02	5.072170e+00
3.346667e+01	5.682461e-02	5.036341e+00
3.350000e+01	4.960120e-02	5.001918e+00
3.353333e+01	4.596154e-02	4.984573e+00
3.356667e+01	4.643250e-02	4.986817e+00
3.360000e+01	4.876799e-02	4.997947e+00
3.363333e+01	5.038892e-02	5.005672e+00
3.366667e+01	5.036873e-02	5.005575e+00
3.370000e+01	4.943603e-02	5.001130e+00
3.373333e+01	4.871437e-02	4.997691e+00
3.376667e+01	4.868184e-02	4.997536e+00
3.380000e+01	4.907144e-02	4.999393e+00
3.383333e+01	4.939696e-02	5.000944e+00
3.386667e+01	4.942858e-02	5.001095e+00
3.390000e+01	4.926552e-02	5.000318e+00
3.393333e+01	4.911867e-02	4.999618e+00
3.396667e+01	4.909705e-02	4.999515e+00
34	4.916484e-02	4.999838e+00
3.403333e+01	4.923081e-02	5.000152e+00
3.406667e+01	4.924368e-02	5.000214e+00
3.410000e+01	4.921572e-02	5.000081e+00
3.413333e+01	4.896355e-02	4.998879e+00
3.416667e+01	4.747676e-02	4.991793e+00
3.420000e+01	4.318085e-02	4.971321e+00
3.423333e+01	3.582802e-02	4.936281e+00
3.426667e+01	2.718342e-02	4.895085e+00
3.430000e+01	1.905829e-02	4.856364e+00
3.433333e+01	1.221171e-02	4.823736e+00
3.436667e+01	7.121300e-03	4.799478e+00
3.440000e+01	3.300150e-03	4.781268e+00
3.443333e+01	-2.126659e-03	4.755406e+00
3.446667e+01	-1.218809e-02	4.707458e+00
3.450000e+01	-2.533650e-02	4.644799e+00
3.453333e+01	-3.485073e-02	4.599458e+00
3.456667e+01	-3.458909e-02	4.600705e+00
3.460000e+01	-2.525373e-02	4.645193e+00
3.463333e+01	-1.410874e-02	4.698305e+00
3.466667e+01	-8.325808e-03	4.725864e+00
3.470000e+01	-9.302161e-03	4.721211e+00
3.473333e+01	-1.325252e-02	4.702386e+00
3.476667e+01	-1.563229e-02	4.691045e+00
3.480000e+01	-1.397744e-02	4.698931e+00
3.483333e+01	-8.050364e-03	4.727177e+00
3.486667e+01	2.663301e-04	4.766810e+00
3.490000e+01	7.426964e-03	4.800935e+00
3.493333e+01	1.055763e-02	4.815854e+00
3.496667e+01	9.722054e-03	4.811872e+00
35	7.393076e-03	4.800773e+00
3.503333e+01	6.210557e-03	4.795138e+00
3.506667e+01	7.876796e-03	4.803078e+00
3.510000e+01	1.312341e-02	4.828081e+00
3.513333e+01	2.089742e-02	4.865129e+00
3.516667e+01	2.802309e-02	4.899086e+00
3.520000e+01	3.143961e-02	4.915368e+00
3.523333e+01	3.084966e-02	4.912556e+00
3.526667e+01	2.853619e-02	4.901531e+00
3.530000e+01	2.691150e-02	4.893789e+00
3.533333e+01	2.663387e-02	4.892466e+00
3.536667e+01	2.678110e-02	4.893167e+00
3.540000e+01	2.626591e-02	4.890712e+00
3.543333e+01	2.485283e-02	4.883978e+00
3.546667e+01	2.306485e-02	4.875458e+00
3.550000e+01	2.149064e-02	4.867956e+00
3.553333e+01	2.030411e-02	4.862301e+00
3.556667e+01	1.930272e-02	4.857529e+00
3.560000e+01	1.822458e-02	4.852391e+00
3.563333e+01	1.697910e-02	4.846456e+00
3.566667e+01	1.564585e-02	4.840102e+00
3.570000e+01	1.433994e-02	4.833879e+00
3.573333e+01	1.310628e-02	4.828000e+00
3.576667e+01	1.192690e-02	4.822379e+00
3.580000e+01	1.082533e-02	4.817130e+00
3.583333e+01	1.014252e-02	4.813876e+00
3.586667e+01	1.096983e-02	4.817818e+00
3.590000e+01	1.471666e-02	4.835674e+00
3.593333e+01	2.120340e-02	4.866587e+00
3.596667e+01	2.770363e-02	4.897564e+00
36	3.110696e-02	4.913783e+00
3.603333e+01	3.077357e-02	4.912194e+00
3.606667e+01	2.866785e-02	4.902159e+00
3.610000e+01	2.715453e-02	4.894947e+00
3.613333e+01	2.713254e-02	4.894842e+00
3.616667e+01	2.797199e-02	4.898843e+00
3.620000e+01	2.842203e-02	4.900987e+00
3.623333e+01	2.698990e-02	4.894163e+00
3.626667e+01	2.233291e-02	4.871969e+00
3.630000e+01	1.488687e-02	4.836485e+00
3.633333e+01	7.904119e-03	4.803208e+00
3.636667e+01	5.716499e-03	4.792783e+00
3.640000e+01	1.046261e-02	4.815401e+00
3.643333e+01	1.993195e-02	4.860528e+00
3.646667e+01	2.873273e-02	4.902468e+00
3.650000e+01	3.253995e-02	4.920612e+00
3.653333e+01	3.130954e-02	4.914748e+00
3.656667e+01	2.828055e-02	4.900313e+00
3.660000e+01	2.677190e-02	4.893124e+00
3.663333e+01	2.858366e-02	4.901758e+00
3.666667e+01	3.413291e-02	4.928203e+00
3.670000e+01	4.206150e-02	4.965987e+00
3.673333e+01	4.913434e-02	4.999693e+00
3.676667e+01	5.264259e-02	5.016411e+00
3.680000e+01	5.345957e-02	5.020305e+00
3.683333e+01	5.548479e-02	5.029956e+00
3.686667e+01	6.115995e-02	5.057001e+00
3.690000e+01	6.843849e-02	5.091687e+00
3.693333e+01	7.338946e-02	5.115282e+00
3.696667e+01	7.522261e-02	5.124017e+00
37	7.744064e-02	5.134588e+00
3.703333e+01	8.398655e-02	5.165782e+00
3.706667e+01	9.511000e-02	5.218792e+00
3.710000e+01	1.069687e-01	5.275305e+00
3.713333e+01	1.145251e-01	5.311315e+00
3.716667e+01	1.147567e-01	5.312419e+00
3.720000e+01	1.080871e-01	5.280634e+00
3.723333e+01	9.818058e-02	5.233425e+00
3.726667e+01	9.012662e-02	5.195043e+00
3.730000e+01	8.715859e-02	5.180899e+00
3.733333e+01	8.862159e-02	5.187871e+00
3.736667e+01	9.135087e-02	5.200877e+00
3.740000e+01	9.271202e-02	5.207364e+00
3.743333e+01	9.226114e-02	5.205215e+00
3.746667e+01	9.113932e-02	5.199869e+00
3.750000e+01	9.074002e-02	5.197966e+00
3.753333e+01	9.237497e-02	5.205758e+00
3.756667e+01	9.716243e-02	5.228573e+00
3.760000e+01	1.045941e-01	5.263989e+00
3.763333e+01	1.117128e-01	5.297913e+00
3.766667e+01	1.153200e-01	5.315103e+00
3.770000e+01	1.148839e-01	5.313025e+00
3.773333e+01	1.125947e-01	5.302116e+00
3.776667e+01	1.109901e-01	5.294469e+00
3.780000e+01	1.109965e-01	5.294499e+00
3.783333e+01	1.119088e-01	5.298847e+00
3.786667e+01	1.126224e-01	5.302248e+00
3.790000e+01	1.126604e-01	5.302429e+00
3.793333e+01	1.122797e-01	5.300614e+00
3.796667e+01	1.119581e-01	5.299082e+00
38	1.119244e-01	5.298921e+00
3.803333e+01	1.120836e-01	5.299680e+00
3.806667e+01	1.120059e-01	5.299310e+00
3.810000e+01	1.105486e-01	5.292365e+00
3.813333e+01	1.063978e-01	5.272584e+00
3.816667e+01	1.006691e-01	5.245284e+00
3.820000e+01	9.779464e-02	5.231585e+00
3.823333e+01	1.011520e-01	5.247585e+00
3.826667e+01	1.086522e-01	5.283328e+00
3.830000e+01	1.147755e-01	5.312508e+00
3.833333e+01	1.161544e-01	5.319080e+00
3.836667e+01	1.138937e-01	5.308306e+00
3.840000e+01	1.112828e-01	5.295864e+00
3.843333e+01	1.104812e-01	5.292044e+00
3.846667e+01	1.113355e-01	5.296115e+00
3.850000e+01	1.124684e-01	5.301514e+00
3.853333e+01	1.130927e-01	5.304489e+00
3.856667e+01	1.142363e-01	5.309939e+00
3.860000e+01	1.180471e-01	5.328100e+00
3.863333e+01	1.249930e-01	5.361201e+00
3.866667e+01	1.322928e-01	5.395988e+00
3.870000e+01	1.363234e-01	5.415196e+00
3.873333e+01	1.361167e-01	5.414211e+00
3.876667e+01	1.337637e-01	5.402997e+00
3.880000e+01	1.319763e-01	5.394480e+00
3.883333e+01	1.318753e-01	5.393998e+00
3.886667e+01	1.328086e-01	5.398446e+00
3.890000e+01	1.336007e-01	5.402221e+00
3.893333e+01	1.336885e-01	5.402639e+00
3.896667e+01	1.333018e-01	5.400796e+00
39	1.329466e-01	5.399104e+00
3.903333e+01	1.328899e-01	5.398834e+00
3.906667e+01	1.330504e-01	5.399598e+00
3.910000e+01	1.332096e-01	5.400357e+00
3.913333e+01	1.332425e-01	5.400514e+00
3.916667e+01	1.331765e-01	5.400199e+00
3.920000e+01	1.331054e-01	5.399860e+00
3.923333e+01	1.330874e-01	5.399775e+00
3.926667e+01	1.331144e-01	5.399903e+00
3.930000e+01	1.331460e-01	5.400054e+00
3.933333e+01	1.331554e-01	5.400098e+00
3.936667e+01	1.331445e-01	5.400047e+00
3.940000e+01	1.331188e-01	5.399924e+00
3.943333e+01	1.330244e-01	5.399474e+00
3.946667e+01	1.327125e-01	5.397988e+00
3.950000e+01	1.320264e-01	5.394718e+00
3.953333e+01	1.309592e-01	5.389632e+00
3.956667e+01	1.296872e-01	5.383571e+00
3.960000e+01	1.284302e-01	5.377580e+00
3.963333e+01	1.272959e-01	5.372175e+00
3.966667e+01	1.262525e-01	5.367202e+00
3.970000e+01	1.252125e-01	5.362247e+00
3.973333e+01	1.241238e-01	5.357058e+00
3.976667e+01	1.229947e-01	5.351678e+00
3.980000e+01	1.218619e-01	5.346279e+00
3.983333e+01	1.207494e-01	5.340977e+00
3.986667e+01	1.196550e-01	5.335762e+00
3.990000e+01	1.185631e-01	5.330558e+00
3.993333e+01	1.174628e-01	5.325315e+00
3.996667e+01	1.163544e-01	5.320033e+00
40	1.152445e-01	5.314743e+00
4.003333e+01	1.141497e-01	5.309526e+00
4.006667e+01	1.131364e-01	5.304697e+00
4.010000e+01	1.121281e-01	5.299892e+00
4.013333e+01	1.102373e-01	5.290881e+00
4.016667e+01	1.058944e-01	5.270185e+00
4.020000e+01	9.891594e-02	5.236929e+00
4.023333e+01	9.187049e-02	5.203354e+00
4.026667e+01	8.788598e-02	5.184365e+00
4.030000e+01	8.742156e-02	5.182152e+00
4.033333e+01	8.811398e-02	5.185452e+00
4.036667e+01	8.740050e-02	5.182052e+00
4.040000e+01	8.464043e-02	5.168898e+00
4.043333e+01	8.094974e-02	5.151310e+00
4.046667e+01	7.767382e-02	5.135699e+00
4.050000e+01	7.526421e-02	5.124216e+00
4.053333e+01	7.330472e-02	5.114878e+00
4.056667e+01	7.120318e-02	5.104863e+00
4.060000e+01	6.873037e-02	5.093078e+00
4.063333e+01	6.604662e-02	5.080289e+00
4.066667e+01	6.341076e-02	5.067728e+00
4.070000e+01	6.093445e-02	5.055927e+00
4.073333e+01	5.855631e-02	5.044594e+00
4.076667e+01	5.616343e-02	5.033190e+00
4.080000e+01	5.372842e-02	5.021586e+00
4.083333e+01	5.142209e-02	5.010595e+00
4.086667e+01	4.962618e-02	5.002037e+00
4.090000e+01	4.869979e-02	4.997622e+00
4.093333e+01	4.863761e-02	4.997326e+00
4.096667e+01	4.902367e-02	4.999165e+00
41	4.936180e-02	5.000777e+00
4.103333e+01	4.941948e-02	5.001052e+00
4.106667e+01	4.927766e-02	5.000376e+00
4.110000e+01	4.913455e-02	4.999694e+00
4.113333e+01	4.910338e-02	4.999545e+00
4.116667e+01	4.916095e-02	4.999820e+00
4.120000e+01	4.922412e-02	5.000121e+00
4.123333e+01	4.924062e-02	5.000199e+00
4.126667e+01	4.921715e-02	5.000087e+00
4.130000e+01	4.918911e-02	4.999954e+00
4.133333e+01	4.918057e-02	4.999913e+00
4.136667e+01	4.919002e-02	4.999958e+00
4.140000e+01	4.920242e-02	5.000017e+00
4.143333e+01	4.920674e-02	5.000038e+00
4.146667e+01	4.920298e-02	5.000020e+00
4.150000e+01	4.919752e-02	4.999994e+00
4.153333e+01	4.919538e-02	4.999984e+00
4.156667e+01	4.941953e-02	5.001052e+00
4.160000e+01	5.090160e-02	5.008115e+00
4.163333e+01	5.520998e-02	5.028646e+00
4.166667e+01	6.235269e-02	5.062685e+00
4.170000e+01	6.952033e-02	5.096843e+00
4.173333e+01	7.334609e-02	5.115075e+00
4.176667e+01	7.314393e-02	5.114111e+00
4.180000e+01	7.119503e-02	5.104824e+00
4.183333e+01	7.027645e-02	5.100446e+00
4.186667e+01	7.141663e-02	5.105880e+00
4.190000e+01	7.375077e-02	5.117003e+00
4.193333e+01	7.590350e-02	5.127262e+00
4.196667e+01	7.723601e-02	5.133612e+00
42	7.802291e-02	5.137362e+00
4.203333e+01	7.884923e-02	5.141300e+00
4.206667e+01	8.002018e-02	5.146881e+00
4.210000e+01	8.143994e-02	5.153646e+00
4.213333e+01	8.285700e-02	5.160399e+00
4.216667e+01	8.412832e-02	5.166458e+00
4.220000e+01	8.528627e-02	5.171976e+00
4.223333e+01	8.642590e-02	5.177407e+00
4.226667e+01	8.755297e-02	5.182778e+00
4.230000e+01	8.856514e-02	5.187602e+00
4.233333e+01	8.940250e-02	5.191592e+00
4.236667e+01	9.012564e-02	5.195038e+00
4.240000e+01	9.076958e-02	5.198107e+00
4.243333e+01	9.100927e-02	5.199249e+00
4.246667e+01	8.969862e-02	5.193003e+00
4.250000e+01	8.531052e-02	5.172092e+00
4.253333e+01	7.801003e-02	5.137301e+00
4.256667e+01	7.075814e-02	5.102742e+00
4.260000e+01	6.696630e-02	5.084672e+00
4.263333e+01	6.710986e-02	5.085356e+00
4.266667e+01	6.797101e-02	5.089460e+00
4.270000e+01	6.534955e-02	5.076967e+00
4.273333e+01	5.823435e-02	5.043059e+00
4.276667e+01	5.013357e-02	5.004455e+00
4.280000e+01	4.557132e-02	4.982713e+00
4.283333e+01	4.581932e-02	4.983895e+00
4.286667e+01	4.851029e-02	4.996719e+00
4.290000e+01	5.053984e-02	5.006391e+00
4.293333e+01	5.063654e-02	5.006852e+00
4.296667e+01	4.956004e-02	5.001721e+00
43	4.865745e-02	4.997420e+00
4.303333e+01	4.856529e-02	4.996981e+00
4.306667e+01	4.901239e-02	4.999112e+00
4.310000e+01	4.941771e-02	5.001043e+00
4.313333e+01	4.947907e-02	5.001336e+00
4.316667e+01	4.929336e-02	5.000451e+00
4.320000e+01	4.911146e-02	4.999584e+00
4.323333e+01	4.907528e-02	4.999411e+00
4.326667e+01	4.915183e-02	4.999776e+00
4.330000e+01	4.923312e-02	5.000164e+00
4.333333e+01	4.925303e-02	5.000258e+00
4.336667e+01	4.922175e-02	5.000109e+00
4.340000e+01	4.918559e-02	4.999937e+00
4.343333e+01	4.917512e-02	4.999887e+00
4.346667e+01	4.918776e-02	4.999947e+00
4.350000e+01	4.920378e-02	5.000024e+00
4.353333e+01	4.918292e-02	4.999924e+00
4.356667e+01	4.897759e-02	4.998946e+00
4.360000e+01	4.826351e-02	4.995543e+00
4.363333e+01	4.671344e-02	4.988156e+00
4.366667e+01	4.432465e-02	4.976772e+00
4.370000e+01	4.148836e-02	4.963256e+00
4.373333e+01	3.868586e-02	4.949900e+00
4.376667e+01	3.615221e-02	4.937826e+00
4.380000e+01	3.381710e-02	4.926698e+00
4.383333e+01	3.148921e-02	4.915604e+00
4.386667e+01	2.905463e-02	4.904002e+00
4.390000e+01	2.653200e-02	4.891980e+00
4.393333e+01	2.400130e-02	4.879920e+00
4.396667e+01	2.151492e-02	4.868071e+00
44	1.906808e-02	4.856411e+00
4.403333e+01	1.662682e-02	4.844777e+00
4.406667e+01	1.416713e-02	4.833055e+00
4.410000e+01	1.171588e-02	4.821374e+00
4.413333e+01	9.435342e-03	4.810506e+00
4.416667e+01	7.669165e-03	4.802089e+00
4.420000e+01	6.751318e-03	4.797715e+00
4.423333e+01	6.678716e-03	4.797369e+00
4.426667e+01	7.051606e-03	4.799146e+00
4.430000e+01	7.385369e-03	4.800736e+00
4.433333e+01	7.447215e-03	4.801031e+00
4.436667e+01	7.311202e-03	4.800383e+00
4.440000e+01	7.170272e-03	4.799711e+00
4.443333e+01	7.137456e-03	4.799555e+00
4.446667e+01	7.192479e-03	4.799817e+00
4.450000e+01	7.254581e-03	4.800113e+00
4.453333e+01	7.271715e-03	4.800195e+00
4.456667e+01	7.249359e-03	4.800088e+00
4.460000e+01	7.221839e-03	4.799957e+00
4.463333e+01	7.213054e-03	4.799915e+00
4.466667e+01	7.222025e-03	4.799958e+00
4.470000e+01	7.234178e-03	4.800016e+00
4.473333e+01	7.238581e-03	4.800037e+00
4.476667e+01	7.235033e-03	4.800020e+00
4.480000e+01	7.229690e-03	4.799994e+00
4.483333e+01	7.227525e-03	4.799984e+00
4.486667e+01	7.228904e-03	4.799991e+00
4.490000e+01	7.231243e-03	4.800002e+00
4.493333e+01	7.454971e-03	4.801068e+00
4.496667e+01	8.934123e-03	4.808117e+00
45	1.324044e-02	4.828639e+00
4.503333e+01	2.038321e-02	4.862678e+00
4.506667e+01	2.755209e-02	4.896842e+00
4.510000e+01	3.136570e-02	4.915016e+00
4.513333e+01	3.106343e-02	4.913575e+00
4.516667e+01	2.876049e-02	4.902600e+00
4.520000e+01	2.706777e-02	4.894534e+00
4.523333e+01	2.701253e-02	4.894270e+00
4.526667e+01	2.792720e-02	4.898629e+00
4.530000e+01	2.867821e-02	4.902208e+00
4.533333e+01	2.874432e-02	4.902523e+00
4.536667e+01	2.836425e-02	4.900712e+00
4.540000e+01	2.802685e-02	4.899104e+00
4.543333e+01	2.798035e-02	4.898883e+00
4.546667e+01	2.813853e-02	4.899636e+00
4.550000e+01	2.829014e-02	4.900359e+00
4.553333e+01	2.854100e-02	4.901554e+00
4.556667e+01	2.995532e-02	4.908294e+00
4.560000e+01	3.419481e-02	4.928498e+00
4.563333e+01	4.132233e-02	4.962464e+00
4.566667e+01	4.874046e-02	4.997816e+00
4.570000e+01	5.406352e-02	5.023183e+00
4.573333e+01	5.807673e-02	5.042308e+00
4.576667e+01	6.290628e-02	5.065323e+00
4.580000e+01	6.836903e-02	5.091356e+00
4.583333e+01	7.212277e-02	5.109245e+00
4.586667e+01	7.273925e-02	5.112183e+00
4.590000e+01	7.119323e-02	5.104815e+00
4.593333e+01	6.956892e-02	5.097075e+00
4.596667e+01	6.913200e-02	5.094992e+00
46	6.970668e-02	5.097731e+00
4.603333e+01	7.018740e-02	5.100022e+00
4.606667e+01	6.893263e-02	5.094042e+00
4.610000e+01	6.439796e-02	5.072432e+00
4.613333e+01	5.694600e-02	5.036920e+00
4.616667e+01	4.966523e-02	5.002223e+00
4.620000e+01	4.594192e-02	4.984479e+00
4.623333e+01	4.638002e-02	4.986567e+00
4.626667e+01	4.873793e-02	4.997804e+00
4.630000e+01	5.039552e-02	5.005703e+00
4.633333e+01	5.039131e-02	5.005683e+00
4.636667e+01	4.945003e-02	5.001197e+00
4.640000e+01	4.871236e-02	4.997682e+00
4.643333e+01	4.867217e-02	4.997490e+00
4.646667e+01	4.906497e-02	4.999362e+00
4.650000e+01	4.939744e-02	5.000947e+00
4.653333e+01	4.943270e-02	5.001115e+00
4.656667e+01	4.926849e-02	5.000332e+00
4.660000e+01	4.911863e-02	4.999618e+00
4.663333e+01	4.909530e-02	4.999507e+00
4.666667e+01	4.916349e-02	4.999832e+00
4.670000e+01	4.923075e-02	5.000152e+00
4.673333e+01	4.924442e-02	5.000217e+00
4.676667e+01	4.921634e-02	5.000084e+00
4.680000e+01	4.918629e-02	4.999940e+00
4.683333e+01	4.917881e-02	4.999905e+00
4.686667e+01	4.919027e-02	4.999959e+00
4.690000e+01	4.920363e-02	5.000023e+00
4.693333e+01	4.898487e-02	4.998980e+00
4.696667e+01	4.750057e-02	4.991907e+00
47	4.318731e-02	4.971352e+00
4.703333e+01	3.604204e-02	4.937301e+00
4.706667e+01	2.887521e-02	4.903147e+00
4.710000e+01	2.506465e-02	4.884988e+00
4.713333e+01	2.536815e-02	4.886434e+00
4.716667e+01	2.767030e-02	4.897405e+00
4.720000e+01	2.936167e-02	4.905465e+00
4.723333e+01	2.941632e-02	4.905726e+00
4.726667e+01	2.850196e-02	4.901368e+00
4.730000e+01	2.775152e-02	4.897792e+00
4.733333e+01	2.768570e-02	4.897478e+00
4.736667e+01	2.806566e-02	4.899289e+00
4.740000e+01	2.840281e-02	4.900896e+00
4.743333e+01	2.844917e-02	4.901117e+00
4.746667e+01	2.829103e-02	4.900363e+00
4.750000e+01	2.813953e-02	4.899641e+00
4.753333e+01	2.811141e-02	4.899507e+00
4.756667e+01	2.817676e-02	4.899819e+00
4.760000e+01	2.824455e-02	4.900142e+00
4.763333e+01	2.826028e-02	4.900217e+00
4.766667e+01	2.823352e-02	4.900089e+00
4.770000e+01	2.820332e-02	4.899945e+00
4.773333e+01	2.819495e-02	4.899905e+00
4.776667e+01	2.820581e-02	4.899957e+00
4.780000e+01	2.821920e-02	4.900021e+00
4.783333e+01	2.822349e-02	4.900041e+00
4.786667e+01	2.821914e-02	4.900021e+00
4.790000e+01	2.821323e-02	4.899992e+00
4.793333e+01	2.821108e-02	4.899982e+00
4.796667e+01	2.821280e-02	4.899990e+00
48	2.821540e-02	4.900003e+00
4.803333e+01	2.821646e-02	4.900008e+00
4.806667e+01	2.821579e-02	4.900005e+00
4.810000e+01	2.821465e-02	4.899999e+00
4.813333e+01	2.821414e-02	4.899997e+00
4.816667e+01	2.821439e-02	4.899998e+00
4.820000e+01	2.821489e-02	4.900000e+00
4.823333e+01	2.821513e-02	4.900001e+00
4.826667e+01	2.821504e-02	4.900001e+00
4.830000e+01	2.821482e-02	4.900000e+00
4.833333e+01	2.821471e-02	4.899999e+00
4.836667e+01	2.821474e-02	4.900000e+00
4.840000e+01	2.821483e-02	4.900000e+00
4.843333e+01	2.821489e-02	4.900000e+00
4.846667e+01	2.821488e-02	4.900000e+00
4.850000e+01	2.821484e-02	4.900000e+00
4.853333e+01	2.821481e-02	4.900000e+00
4.856667e+01	2.821482e-02	4.900000e+00
4.860000e+01	2.821483e-02	4.900000e+00
4.863333e+01	2.821484e-02	4.900000e+00
4.866667e+01	2.821484e-02	4.900000e+00
4.870000e+01	2.821484e-02	4.900000e+00
4.873333e+01	2.821483e-02	4.900000e+00
4.876667e+01	2.821483e-02	4.900000e+00
4.880000e+01	2.821483e-02	4.900000e+00
4.883333e+01	2.821484e-02	4.900000e+00
4.886667e+01	2.843752e-02	4.901061e+00
4.890000e+01	2.991719e-02	4.908113e+00
4.893333e+01	3.422453e-02	4.928639e+00
4.896667e+01	4.136780e-02	4.962681e+00
49	4.831380e-02	4.995782e+00
4.903333e+01	5.064729e-02	5.006903e+00
4.906667e+01	4.603745e-02	4.984934e+00
4.910000e+01	3.659130e-02	4.939918e+00
4.913333e+01	2.773010e-02	4.897690e+00
4.916667e+01	2.386180e-02	4.879255e+00
4.920000e+01	2.507895e-02	4.885056e+00
4.923333e+01	2.813276e-02	4.899609e+00
4.926667e+01	2.989134e-02	4.907989e+00
4.930000e+01	2.956640e-02	4.906441e+00
4.933333e+01	2.853707e-02	4.901536e+00
4.936667e+01	2.921934e-02	4.904787e+00
4.940000e+01	3.361880e-02	4.925753e+00
4.943333e+01	4.129374e-02	4.962328e+00
4.946667e+01	4.882795e-02	4.998233e+00
4.950000e+01	5.262224e-02	5.016314e+00
4.953333e+01	5.209371e-02	5.013796e+00
4.956667e+01	4.962350e-02	5.002024e+00
4.960000e+01	4.792957e-02	4.993951e+00
4.963333e+01	4.797002e-02	4.994144e+00
4.966667e+01	4.896087e-02	4.998866e+00
4.970000e+01	4.971670e-02	5.002468e+00
4.973333e+01	4.974259e-02	5.002591e+00
4.976667e+01	4.932800e-02	5.000616e+00
4.980000e+01	4.898662e-02	4.998989e+00
4.983333e+01	4.895691e-02	4.998847e+00
4.986667e+01	4.935333e-02	5.000736e+00
4.990000e+01	5.098717e-02	5.008523e+00
4.993333e+01	5.531573e-02	5.029150e+00
4.996667e+01	6.238667e-02	5.062847e+00
50	6.948603e-02	5.096680e+00
5.003333e+01	7.328631e-02	5.114790e+00
5.006667e+01	7.301368e-02	5.113491e+00
5.010000e+01	7.074183e-02	5.102664e+00
5.013333e+01	6.905651e-02	5.094633e+00
5.016667e+01	6.898915e-02	5.094312e+00
5.020000e+01	6.988997e-02	5.098605e+00
5.023333e+01	7.063708e-02	5.102165e+00
5.026667e+01	7.070809e-02	5.102503e+00
5.030000e+01	7.033415e-02	5.100721e+00
5.033333e+01	6.999876e-02	5.099123e+00
5.036667e+01	6.995029e-02	5.098892e+00
5.040000e+01	7.010577e-02	5.099633e+00
5.043333e+01	7.025637e-02	5.100351e+00
5.046667e+01	7.028533e-02	5.100489e+00
5.050000e+01	7.022116e-02	5.100183e+00
5.053333e+01	7.037649e-02	5.100923e+00
5.056667e+01	7.184011e-02	5.107898e+00
5.060000e+01	7.617370e-02	5.128550e+00
5.063333e+01	8.334695e-02	5.162734e+00
5.066667e+01	9.052412e-02	5.196937e+00
5.070000e+01	9.432666e-02	5.215059e+00
5.073333e+01	9.401087e-02	5.213554e+00
5.076667e+01	9.170365e-02	5.202559e+00
5.080000e+01	9.001538e-02	5.194513e+00
5.083333e+01	8.996611e-02	5.194278e+00
5.086667e+01	9.088293e-02	5.198647e+00
5.090000e+01	9.163219e-02	5.202218e+00
5.093333e+01	9.191834e-02	5.203582e+00
5.096667e+01	9.301689e-02	5.208817e+00
51	9.698751e-02	5.227739e+00
5.103333e+01	1.040854e-01	5.261564e+00
5.106667e+01	1.114128e-01	5.296483e+00
5.110000e+01	1.153773e-01	5.315376e+00
5.113333e+01	1.151025e-01	5.314067e+00
5.116667e+01	1.127340e-01	5.302780e+00
5.120000e+01	1.109738e-01	5.294391e+00
5.123333e+01	1.109031e-01	5.294054e+00
5.126667e+01	1.118446e-01	5.298541e+00
5.130000e+01	1.126257e-01	5.302264e+00
5.133333e+01	1.127001e-01	5.302618e+00
5.136667e+01	1.123091e-01	5.300755e+00
5.140000e+01	1.119583e-01	5.299083e+00
5.143333e+01	1.119076e-01	5.298841e+00
5.146667e+01	1.120702e-01	5.299616e+00
5.150000e+01	1.122277e-01	5.300367e+00
5.153333e+01	1.122580e-01	5.300511e+00
5.156667e+01	1.121909e-01	5.300191e+00
5.160000e+01	1.121205e-01	5.299856e+00
5.163333e+01	1.118810e-01	5.298714e+00
5.166667e+01	1.104287e-01	5.291794e+00
5.170000e+01	1.061528e-01	5.271416e+00
5.173333e+01	9.901836e-02	5.237417e+00
5.176667e+01	9.183857e-02	5.203202e+00
5.180000e+01	8.801151e-02	5.184963e+00
5.183333e+01	8.808679e-02	5.185322e+00
5.186667e+01	8.891443e-02	5.189266e+00
5.190000e+01	8.630575e-02	5.176835e+00
5.193333e+01	7.921987e-02	5.143067e+00
5.196667e+01	7.091212e-02	5.103476e+00
52	6.486565e-02	5.074661e+00
5.203333e+01	6.079365e-02	5.055256e+00
5.206667e+01	5.633399e-02	5.034003e+00
5.210000e+01	5.119638e-02	5.009519e+00
5.213333e+01	4.748535e-02	4.991834e+00
5.216667e+01	4.671478e-02	4.988162e+00
5.220000e+01	4.811461e-02	4.994833e+00
5.223333e+01	4.971265e-02	5.002449e+00
5.226667e+01	5.021330e-02	5.004835e+00
5.230000e+01	4.970408e-02	5.002408e+00
5.233333e+01	4.901549e-02	4.999126e+00
5.236667e+01	4.876445e-02	4.997930e+00
5.240000e+01	4.896262e-02	4.998874e+00
5.243333e+01	4.926338e-02	5.000308e+00
5.246667e+01	4.938608e-02	5.000892e+00
5.250000e+01	4.930917e-02	5.000526e+00
5.253333e+01	4.917766e-02	4.999899e+00
5.256667e+01	4.911836e-02	4.999617e+00
5.260000e+01	4.914757e-02	4.999756e+00
5.263333e+01	4.920487e-02	5.000029e+00
5.266667e+01	4.923320e-02	5.000164e+00
5.270000e+01	4.944512e-02	5.001174e+00
5.273333e+01	5.089994e-02	5.008107e+00
5.276667e+01	5.519388e-02	5.028570e+00
5.280000e+01	6.234096e-02	5.062629e+00
5.283333e+01	6.952037e-02	5.096843e+00
5.286667e+01	7.333981e-02	5.115045e+00
5.290000e+01	7.303605e-02	5.113597e+00
5.293333e+01	7.072856e-02	5.102601e+00
5.296667e+01	6.827601e-02	5.090913e+00
53	6.319035e-02	5.066677e+00
5.303333e+01	4.946202e-02	5.001254e+00
5.306667e+01	2.606077e-02	4.889735e+00
5.310000e+01	2.774647e-03	4.778764e+00
5.313333e+01	-6.965207e-03	4.732348e+00
5.316667e+01	1.617123e-03	4.773248e+00
5.320000e+01	2.159339e-02	4.868445e+00
5.323333e+01	4.198740e-02	4.965634e+00
5.326667e+01	5.662610e-02	5.035395e+00
5.330000e+01	6.646217e-02	5.082269e+00
5.333333e+01	7.574562e-02	5.126510e+00
5.336667e+01	8.718853e-02	5.181042e+00
5.340000e+01	9.986144e-02	5.241435e+00
5.343333e+01	1.102979e-01	5.291170e+00
5.346667e+01	1.155025e-01	5.315973e+00
5.350000e+01	1.154600e-01	5.315771e+00
5.353333e+01	1.127078e-01	5.302655e+00
5.356667e+01	1.092692e-01	5.286268e+00
5.360000e+01	1.048067e-01	5.265002e+00
5.363333e+01	9.863189e-02	5.235575e+00
5.366667e+01	9.230610e-02	5.205430e+00
5.370000e+01	8.837680e-02	5.186704e+00
5.373333e+01	8.679931e-02	5.179187e+00
5.376667e+01	8.441883e-02	5.167842e+00
5.380000e+01	7.890308e-02	5.141557e+00
5.383333e+01	7.195546e-02	5.108448e+00
5.386667e+01	6.739603e-02	5.086720e+00
5.390000e+01	6.720719e-02	5.085820e+00
5.393333e+01	7.085552e-02	5.103206e+00
5.396667e+01	7.716034e-02	5.133252e+00
54	8.467625e-02	5.169069e+00
5.403333e+01	9.100449e-02	5.199227e+00
5.406667e+01	9.394188e-02	5.213225e+00
5.410000e+01	9.343202e-02	5.210795e+00
5.413333e+01	9.146989e-02	5.201445e+00
5.416667e+01	9.016535e-02	5.195228e+00
5.420000e+01	9.021935e-02	5.195485e+00
5.423333e+01	9.099598e-02	5.199186e+00
5.426667e+01	9.157505e-02	5.201946e+00
5.430000e+01	9.158527e-02	5.201994e+00
5.433333e+01	9.126046e-02	5.200447e+00
5.436667e+01	9.099895e-02	5.199200e+00
5.440000e+01	9.098038e-02	5.199112e+00
5.443333e+01	9.111675e-02	5.199762e+00
5.446667e+01	9.123502e-02	5.200325e+00
5.450000e+01	9.124950e-02	5.200394e+00
5.453333e+01	9.119259e-02	5.200123e+00
5.456667e+01	9.113934e-02	5.199869e+00
5.460000e+01	9.113020e-02	5.199826e+00
5.463333e+01	9.115377e-02	5.199938e+00
5.466667e+01	9.117763e-02	5.200052e+00
5.470000e+01	9.118285e-02	5.200077e+00
5.473333e+01	9.117317e-02	5.200031e+00
5.476667e+01	9.116253e-02	5.199980e+00
5.480000e+01	9.115972e-02	5.199966e+00
5.483333e+01	9.116365e-02	5.199985e+00
5.486667e+01	9.116838e-02	5.200008e+00
5.490000e+01	9.116984e-02	5.200015e+00
5.493333e+01	9.116825e-02	5.200007e+00
5.496667e+01	9.116616e-02	5.199997e+00
55	9.116543e-02	5.199994e+00
5.503333e+01	9.094338e-02	5.198935e+00
5.506667e+01	8.946462e-02	5.191888e+00
5.510000e+01	8.515765e-02	5.171363e+00
5.513333e+01	7.801413e-02	5.137321e+00
5.516667e+01	7.084504e-02	5.103156e+00
5.520000e+01	6.703170e-02	5.084983e+00
5.523333e+01	6.711162e-02	5.085364e+00
5.526667e+01	6.793499e-02	5.089288e+00
5.530000e+01	6.532026e-02	5.076827e+00
5.533333e+01	5.823208e-02	5.043048e+00
5.536667e+01	5.014868e-02	5.004527e+00
5.540000e+01	4.558454e-02	4.982776e+00
5.543333e+01	4.582101e-02	4.983903e+00
5.546667e+01	4.850398e-02	4.996689e+00
5.550000e+01	5.053389e-02	5.006362e+00
5.553333e+01	5.063549e-02	5.006847e+00
5.556667e+01	4.956265e-02	5.001734e+00
5.560000e+01	4.866011e-02	4.997433e+00
5.563333e+01	4.856589e-02	4.996984e+00
5.566667e+01	4.901132e-02	4.999106e+00
5.570000e+01	4.941652e-02	5.001038e+00
5.573333e+01	4.947875e-02	5.001334e+00
5.576667e+01	4.929380e-02	5.000453e+00
5.580000e+01	4.911199e-02	4.999586e+00
5.583333e+01	4.907544e-02	4.999412e+00
5.586667e+01	4.915165e-02	4.999775e+00
5.590000e+01	4.923289e-02	5.000162e+00
5.593333e+01	4.925294e-02	5.000258e+00
5.596667e+01	4.922182e-02	5.000110e+00
56	4.918569e-02	4.999937e+00
5.603333e+01	4.917516e-02	4.999887e+00
5.606667e+01	4.918774e-02	4.999947e+00
5.610000e+01	4.920374e-02	5.000023e+00
5.613333e+01	4.920910e-02	5.000049e+00
5.616667e+01	4.920408e-02	5.000025e+00
5.620000e+01	4.919702e-02	4.999991e+00
5.623333e+01	4.919436e-02	4.999979e+00
5.626667e+01	4.897365e-02	4.998927e+00
5.630000e+01	4.749707e-02	4.991890e+00
5.633333e+01	4.319104e-02	4.971370e+00
5.636667e+01	3.582432e-02	4.936263e+00
5.640000e+01	2.717461e-02	4.895043e+00
5.643333e+01	1.905348e-02	4.856341e+00
5.646667e+01	1.199032e-02	4.822681e+00
5.650000e+01	5.645423e-03	4.792445e+00
5.653333e+01	-1.004938e-03	4.760752e+00
5.656667e+01	-9.270354e-03	4.721363e+00
5.660000e+01	-1.935840e-02	4.673288e+00
5.663333e+01	-2.937339e-02	4.625561e+00
5.666667e+01	-3.625045e-02	4.592788e+00
5.670000e+01	-3.829521e-02	4.583044e+00
5.673333e+01	-3.671369e-02	4.590580e+00
5.676667e+01	-3.437528e-02	4.601724e+00
5.680000e+01	-3.337556e-02	4.606488e+00
5.683333e+01	-3.388562e-02	4.604058e+00
5.686667e+01	-3.484801e-02	4.599471e+00
5.690000e+01	-3.508901e-02	4.598323e+00
5.693333e+01	-3.342176e-02	4.606268e+00
5.696667e+01	-2.870030e-02	4.628769e+00
57	-2.133927e-02	4.663848e+00
5.703333e+01	-1.423809e-02	4.697689e+00
5.706667e+01	-1.060390e-02	4.715008e+00
5.710000e+01	-1.100855e-02	4.713079e+00
5.713333e+01	-1.328857e-02	4.702214e+00
5.716667e+01	-1.490406e-02	4.694515e+00
5.720000e+01	-1.468894e-02	4.695540e+00
5.723333e+01	-1.230160e-02	4.706917e+00
5.726667e+01	-7.276325e-03	4.730865e+00
5.730000e+01	-8.898972e-05	4.765117e+00
5.733333e+01	6.701337e-03	4.797477e+00
5.736667e+01	1.019120e-02	4.814108e+00
5.740000e+01	9.852312e-03	4.812493e+00
5.743333e+01	7.707472e-03	4.802271e+00
5.746667e+01	6.160581e-03	4.794900e+00
5.750000e+01	6.129014e-03	4.794749e+00
5.753333e+01	6.978103e-03	4.798795e+00
5.756667e+01	7.663713e-03	4.802063e+00
5.760000e+01	7.716108e-03	4.802312e+00
5.763333e+01	7.363010e-03	4.800630e+00
5.766667e+01	7.054813e-03	4.799161e+00
5.770000e+01	7.238443e-03	4.800036e+00
5.773333e+01	8.865311e-03	4.807789e+00
5.776667e+01	1.331127e-02	4.828976e+00
5.780000e+01	2.047885e-02	4.863134e+00
5.783333e+01	2.758660e-02	4.897006e+00
5.786667e+01	3.133767e-02	4.914882e+00
5.790000e+01	3.102137e-02	4.913375e+00
5.793333e+01	2.874351e-02	4.902519e+00
5.796667e+01	2.707867e-02	4.894586e+00
58	2.703094e-02	4.894358e+00
5.803333e+01	2.793542e-02	4.898668e+00
5.806667e+01	2.867407e-02	4.902188e+00
5.810000e+01	2.873630e-02	4.902485e+00
5.813333e+01	2.836031e-02	4.900693e+00
5.816667e+01	2.802838e-02	4.899111e+00
5.820000e+01	2.798383e-02	4.898899e+00
5.823333e+01	2.814039e-02	4.899645e+00
5.826667e+01	2.828959e-02	4.900356e+00
5.830000e+01	2.831682e-02	4.900486e+00
5.833333e+01	2.825209e-02	4.900178e+00
5.836667e+01	2.818530e-02	4.899859e+00
5.840000e+01	2.817001e-02	4.899786e+00
5.843333e+01	2.819654e-02	4.899913e+00
5.846667e+01	2.822630e-02	4.900055e+00
5.850000e+01	2.823445e-02	4.900093e+00
5.853333e+01	2.822369e-02	4.900042e+00
5.856667e+01	2.821048e-02	4.899979e+00
5.860000e+01	2.820629e-02	4.899959e+00
5.863333e+01	2.821061e-02	4.899980e+00
5.866667e+01	2.821644e-02	4.900008e+00
5.870000e+01	2.821854e-02	4.900018e+00
5.873333e+01	2.821683e-02	4.900010e+00
5.876667e+01	2.821427e-02	4.899997e+00
5.880000e+01	2.821323e-02	4.899992e+00
5.883333e+01	2.821390e-02	4.899996e+00
5.886667e+01	2.821502e-02	4.900001e+00
5.890000e+01	2.843820e-02	4.901064e+00
5.893333e+01	2.991763e-02	4.908115e+00
5.896667e+01	3.422447e-02	4.928639e+00
59	4.136751e-02	4.962680e+00
5.903333e+01	4.853628e-02	4.996843e+00
5.906667e+01	5.234966e-02	5.015016e+00
5.910000e+01	5.204727e-02	5.013574e+00
5.913333e+01	4.974436e-02	5.002600e+00
5.916667e+01	4.805175e-02	4.994534e+00
5.920000e+01	4.799656e-02	4.994271e+00
5.923333e+01	4.891122e-02	4.998629e+00
5.926667e+01	4.966219e-02	5.002208e+00
5.930000e+01	4.950559e-02	5.001462e+00
5.933333e+01	4.764585e-02	4.992599e+00
5.936667e+01	4.322381e-02	4.971526e+00
5.940000e+01	3.729104e-02	4.943253e+00
5.943333e+01	3.333089e-02	4.924381e+00
5.946667e+01	3.398493e-02	4.927498e+00
5.950000e+01	3.864836e-02	4.949721e+00
5.953333e+01	4.467363e-02	4.978435e+00
5.956667e+01	4.935132e-02	5.000727e+00
5.960000e+01	5.120350e-02	5.009553e+00
5.963333e+01	5.062347e-02	5.006789e+00
5.966667e+01	4.923727e-02	5.000183e+00
5.970000e+01	4.845684e-02	4.996464e+00
5.973333e+01	4.882990e-02	4.998242e+00
5.976667e+01	5.086330e-02	5.007932e+00
5.980000e+01	5.551763e-02	5.030113e+00
5.983333e+01	6.261583e-02	5.063939e+00
5.986667e+01	6.954965e-02	5.096983e+00
5.990000e+01	7.320410e-02	5.114398e+00
5.993333e+01	7.291216e-02	5.113007e+00
5.996667e+01	7.070929e-02	5.102509e+00
60	6.908952e-02	5.094790e+00
6.003333e+01	6.903398e-02	5.094525e+00
6.006667e+01	6.990627e-02	5.098682e+00
6.010000e+01	7.062403e-02	5.102103e+00
6.013333e+01	7.068838e-02	5.102409e+00
6.016667e+01	7.032614e-02	5.100683e+00
6.020000e+01	7.000383e-02	5.099147e+00
6.023333e+01	6.995892e-02	5.098933e+00
6.026667e+01	7.010965e-02	5.099651e+00
6.030000e+01	7.025445e-02	5.100342e+00
6.033333e+01	7.028158e-02	5.100471e+00
6.036667e+01	7.021931e-02	5.100174e+00
6.040000e+01	7.015452e-02	5.099865e+00
6.043333e+01	7.013939e-02	5.099793e+00
6.046667e+01	7.016488e-02	5.099915e+00
6.050000e+01	7.019374e-02	5.100052e+00
6.053333e+01	7.020177e-02	5.100090e+00
6.056667e+01	7.019144e-02	5.100041e+00
6.060000e+01	7.017864e-02	5.099980e+00
6.063333e+01	7.017452e-02	5.099961e+00
6.066667e+01	7.017866e-02	5.099980e+00
6.070000e+01	7.018431e-02	5.100007e+00
6.073333e+01	6.996369e-02	5.098956e+00
6.076667e+01	6.848238e-02	5.091897e+00
6.080000e+01	6.417256e-02	5.071358e+00
6.083333e+01	5.702827e-02	5.037312e+00
6.086667e+01	4.986023e-02	5.003152e+00
6.090000e+01	4.604815e-02	4.984985e+00
6.093333e+01	4.635115e-02	4.986429e+00
6.096667e+01	4.865378e-02	4.997403e+00
61	5.034583e-02	5.005466e+00
6.103333e+01	5.040072e-02	5.005728e+00
6.106667e+01	4.948617e-02	5.001369e+00
6.110000e+01	4.873544e-02	4.997792e+00
6.113333e+01	4.866949e-02	4.997478e+00
6.116667e+01	4.904953e-02	4.999289e+00
6.120000e+01	4.938680e-02	5.000896e+00
6.123333e+01	4.943323e-02	5.001117e+00
6.126667e+01	4.927506e-02	5.000363e+00
6.130000e+01	4.912350e-02	4.999641e+00
6.133333e+01	4.909535e-02	4.999507e+00
6.136667e+01	4.893803e-02	4.998757e+00
6.140000e+01	4.752617e-02	4.992029e+00
6.143333e+01	4.323458e-02	4.971577e+00
6.146667e+01	3.606453e-02	4.937408e+00
6.150000e+01	2.886564e-02	4.903101e+00
6.153333e+01	2.504411e-02	4.884890e+00
6.156667e+01	2.535747e-02	4.886383e+00
6.160000e+01	2.745106e-02	4.896360e+00
6.163333e+01	2.766820e-02	4.897395e+00
6.166667e+01	2.341165e-02	4.877110e+00
6.170000e+01	1.534782e-02	4.838682e+00
6.173333e+01	7.426045e-03	4.800930e+00
6.176667e+01	3.548545e-03	4.782452e+00
6.180000e+01	4.233720e-03	4.785717e+00
6.183333e+01	6.875012e-03	4.798304e+00
6.186667e+01	8.613345e-03	4.806588e+00
6.190000e+01	8.509153e-03	4.806092e+00
6.193333e+01	7.442409e-03	4.801008e+00
6.196667e+01	6.663552e-03	4.797296e+00
62	6.663353e-03	4.797296e+00
6.203333e+01	7.098402e-03	4.799369e+00
6.206667e+01	7.351285e-03	4.800574e+00
6.210000e+01	7.017268e-03	4.798982e+00
6.213333e+01	6.055047e-03	4.794397e+00
6.216667e+01	4.699727e-03	4.787938e+00
6.220000e+01	3.262804e-03	4.781090e+00
6.223333e+01	1.939716e-03	4.774785e+00
6.226667e+01	7.454040e-04	4.769093e+00
6.230000e+01	-4.101117e-04	4.763587e+00
6.233333e+01	-1.606455e-03	4.757885e+00
6.236667e+01	-2.856260e-03	4.751929e+00
6.240000e+01	-4.124505e-03	4.745886e+00
6.243333e+01	-5.376535e-03	4.739919e+00
6.246667e+01	-6.605216e-03	4.734064e+00
6.250000e+01	-7.824884e-03	4.728251e+00
6.253333e+01	-9.050936e-03	4.722408e+00
6.256667e+01	-1.028723e-02	4.716517e+00
6.260000e+01	-1.151481e-02	4.710667e+00
6.263333e+01	-1.265289e-02	4.705243e+00
6.266667e+01	-1.353313e-02	4.701048e+00
6.270000e+01	-1.399106e-02	4.698866e+00
6.273333e+01	-1.402823e-02	4.698689e+00
6.276667e+01	-1.384304e-02	4.699571e+00
6.280000e+01	-1.367665e-02	4.700364e+00
6.283333e+01	-1.409075e-02	4.698391e+00
6.286667e+01	-1.711756e-02	4.683967e+00
6.290000e+01	-2.580246e-02	4.642578e+00
6.293333e+01	-4.010555e-02	4.574416e+00
6.296667e+01	-5.463832e-02	4.505160e+00
63	-6.371339e-02	4.461912e+00
6.303333e+01	-6.740709e-02	4.444310e+00
6.306667e+01	-6.995570e-02	4.432164e+00
6.310000e+01	-7.397572e-02	4.413007e+00
6.313333e+01	-7.916271e-02	4.388288e+00
6.316667e+01	-8.476970e-02	4.361568e+00
6.320000e+01	-8.962625e-02	4.338423e+00
6.323333e+01	-9.092498e-02	4.332234e+00
6.326667e+01	-8.678136e-02	4.351981e+00
6.330000e+01	-7.955274e-02	4.386429e+00
6.333333e+01	-7.409577e-02	4.412435e+00
6.336667e+01	-7.308750e-02	4.417240e+00
6.340000e+01	-7.503451e-02	4.407961e+00
6.343333e+01	-7.588046e-02	4.403930e+00
6.346667e+01	-7.220225e-02	4.421458e+00
6.350000e+01	-6.423341e-02	4.459434e+00
6.353333e+01	-5.605406e-02	4.498413e+00
6.356667e+01	-5.191909e-02	4.518118e+00
6.360000e+01	-5.232736e-02	4.516173e+00
6.363333e+01	-5.359490e-02	4.510132e+00
6.366667e+01	-5.114072e-02	4.521828e+00
6.370000e+01	-4.392263e-02	4.556226e+00
6.373333e+01	-3.564403e-02	4.595678e+00
6.376667e+01	-3.100098e-02	4.617805e+00
6.380000e+01	-3.128798e-02	4.616437e+00
6.383333e+01	-3.383373e-02	4.604305e+00
6.386667e+01	-3.442217e-02	4.601501e+00
6.390000e+01	-3.019721e-02	4.621635e+00
6.393333e+01	-2.194385e-02	4.660967e+00
6.396667e+01	-1.385436e-02	4.699518e+00
64	-9.731389e-03	4.719166e+00
6.403333e+01	-9.015815e-03	4.722576e+00
6.406667e+01	-7.425200e-03	4.730156e+00
6.410000e+01	-2.034160e-03	4.755847e+00
6.413333e+01	5.494008e-03	4.791723e+00
6.416667e+01	1.188735e-02	4.822191e+00
6.420000e+01	1.667883e-02	4.845025e+00
6.423333e+01	2.150607e-02	4.868029e+00
6.426667e+01	2.651904e-02	4.891919e+00
6.430000e+01	2.991991e-02	4.908126e+00
6.433333e+01	3.051797e-02	4.910976e+00
6.436667e+01	2.916122e-02	4.904510e+00
6.440000e+01	2.769681e-02	4.897531e+00
6.443333e+01	2.727667e-02	4.895529e+00
6.446667e+01	2.777219e-02	4.897891e+00
6.450000e+01	2.840346e-02	4.900899e+00
6.453333e+01	2.861719e-02	4.901917e+00
6.456667e+01	2.842272e-02	4.900991e+00
6.460000e+01	2.814642e-02	4.899674e+00
6.463333e+01	2.804089e-02	4.899171e+00
6.466667e+01	2.811720e-02	4.899535e+00
6.470000e+01	2.823833e-02	4.900112e+00
6.473333e+01	2.828978e-02	4.900357e+00
6.476667e+01	2.826037e-02	4.900217e+00
6.480000e+01	2.843014e-02	4.901026e+00
6.483333e+01	2.988506e-02	4.907960e+00
6.486667e+01	3.420344e-02	4.928539e+00
6.490000e+01	4.136973e-02	4.962690e+00
6.493333e+01	4.855019e-02	4.996909e+00
6.496667e+01	5.235935e-02	5.015062e+00
65	5.204687e-02	5.013573e+00
6.503333e+01	4.973846e-02	5.002572e+00
6.506667e+01	4.804732e-02	4.994513e+00
6.510000e+01	4.799648e-02	4.994270e+00
6.513333e+01	4.891371e-02	4.998641e+00
6.516667e+01	4.966421e-02	5.002218e+00
6.520000e+01	4.950574e-02	5.001463e+00
6.523333e+01	4.764480e-02	4.992594e+00
6.526667e+01	4.300022e-02	4.970460e+00
6.530000e+01	3.581125e-02	4.936201e+00
6.533333e+01	2.880130e-02	4.902795e+00
6.536667e+01	2.513971e-02	4.885345e+00
6.540000e+01	2.547006e-02	4.886920e+00
6.543333e+01	2.748464e-02	4.896520e+00
6.546667e+01	2.762964e-02	4.897211e+00
6.550000e+01	2.336183e-02	4.876873e+00
6.553333e+01	1.533079e-02	4.838601e+00
6.556667e+01	7.441401e-03	4.801003e+00
6.560000e+01	3.570494e-03	4.782556e+00
6.563333e+01	4.242164e-03	4.785757e+00
6.566667e+01	6.868992e-03	4.798276e+00
6.570000e+01	8.603718e-03	4.806542e+00
6.573333e+01	8.505036e-03	4.806072e+00
6.576667e+01	7.444724e-03	4.801019e+00
6.580000e+01	6.667757e-03	4.797317e+00
6.583333e+01	6.665332e-03	4.797305e+00
6.586667e+01	7.110633e-03	4.799427e+00
6.590000e+01	7.462694e-03	4.801105e+00
6.593333e+01	7.483076e-03	4.801202e+00
6.596667e+01	7.295813e-03	4.800310e+00
66	7.136362e-03	4.799550e+00
6.603333e+01	7.118786e-03	4.799466e+00
6.606667e+01	7.419728e-03	4.800900e+00
6.610000e+01	8.971296e-03	4.808294e+00
6.613333e+01	1.306745e-02	4.827815e+00
6.616667e+01	1.869858e-02	4.854650e+00
6.620000e+01	2.152767e-02	4.868132e+00
6.623333e+01	1.819087e-02	4.852230e+00
6.626667e+01	1.073304e-02	4.816690e+00
6.630000e+01	4.631410e-03	4.787612e+00
6.633333e+01	3.245039e-03	4.781005e+00
6.636667e+01	5.487332e-03	4.791691e+00
6.640000e+01	8.088095e-03	4.804085e+00
6.643333e+01	8.892258e-03	4.807917e+00
6.646667e+01	8.045867e-03	4.803884e+00
6.650000e+01	6.917697e-03	4.798508e+00
6.653333e+01	6.515245e-03	4.796590e+00
6.656667e+01	6.847959e-03	4.798175e+00
6.660000e+01	7.342258e-03	4.800531e+00
6.663333e+01	7.539847e-03	4.801472e+00
6.666667e+01	7.410180e-03	4.800855e+00
6.670000e+01	7.193779e-03	4.799823e+00
6.673333e+01	7.098002e-03	4.799367e+00
6.676667e+01	7.147478e-03	4.799603e+00
6.680000e+01	7.241843e-03	4.800052e+00
6.683333e+01	7.287699e-03	4.800271e+00
6.686667e+01	7.269353e-03	4.800183e+00
6.690000e+01	7.228386e-03	4.799988e+00
6.693333e+01	7.206667e-03	4.799885e+00
6.696667e+01	7.213203e-03	4.799916e+00
67	7.230908e-03	4.800000e+00
6.703333e+01	7.241098e-03	4.800049e+00
6.706667e+01	7.238908e-03	4.800038e+00
6.710000e+01	7.231293e-03	4.800002e+00
6.713333e+01	7.226551e-03	4.799979e+00
6.716667e+01	7.449889e-03	4.801044e+00
6.720000e+01	8.932825e-03	4.808111e+00
6.723333e+01	1.324235e-02	4.828648e+00
6.726667e+01	2.038547e-02	4.862689e+00
6.730000e+01	2.755277e-02	4.896845e+00
6.733333e+01	3.136493e-02	4.915012e+00
6.736667e+01	3.106243e-02	4.913570e+00
6.740000e+01	2.876014e-02	4.902599e+00
6.743333e+01	2.706808e-02	4.894535e+00
6.746667e+01	2.701297e-02	4.894272e+00
6.750000e+01	2.792737e-02	4.898630e+00
6.753333e+01	2.867809e-02	4.902208e+00
6.756667e+01	2.874413e-02	4.902522e+00
6.760000e+01	2.836416e-02	4.900712e+00
6.763333e+01	2.802689e-02	4.899104e+00
6.766667e+01	2.798043e-02	4.898883e+00
6.770000e+01	2.813857e-02	4.899637e+00
6.773333e+01	2.829012e-02	4.900359e+00
6.776667e+01	2.831829e-02	4.900493e+00
6.780000e+01	2.825294e-02	4.900182e+00
6.783333e+01	2.818513e-02	4.899858e+00
6.786667e+01	2.816938e-02	4.899783e+00
6.790000e+01	2.819614e-02	4.899911e+00
6.793333e+01	2.822635e-02	4.900055e+00
6.796667e+01	2.823472e-02	4.900095e+00
68	2.822387e-02	4.900043e+00
6.803333e+01	2.821047e-02	4.899979e+00
6.806667e+01	2.820617e-02	4.899959e+00
6.810000e+01	2.821052e-02	4.899979e+00
6.813333e+01	2.821644e-02	4.900008e+00
6.816667e+01	2.817929e-02	4.899831e+00
6.820000e+01	2.787716e-02	4.898391e+00
6.823333e+01	2.681403e-02	4.893324e+00
6.826667e+01	2.449186e-02	4.882258e+00
6.830000e+01	2.090635e-02	4.865171e+00
6.833333e+01	1.664840e-02	4.844880e+00
6.836667e+01	1.244321e-02	4.824840e+00
6.840000e+01	8.643648e-03	4.806733e+00
6.843333e+01	5.142521e-03	4.790048e+00
6.846667e+01	1.651373e-03	4.773411e+00
6.850000e+01	-2.000844e-03	4.756006e+00
6.853333e+01	-5.785457e-03	4.737970e+00
6.856667e+01	-9.581826e-03	4.719878e+00
6.860000e+01	-1.331127e-02	4.702106e+00
6.863333e+01	-1.698125e-02	4.684616e+00
6.866667e+01	-2.064298e-02	4.667166e+00
6.870000e+01	-2.433256e-02	4.649583e+00
6.873333e+01	-2.800957e-02	4.632060e+00
6.876667e+01	-3.143044e-02	4.615758e+00
6.880000e+01	-3.407969e-02	4.603133e+00
6.883333e+01	-3.545641e-02	4.596572e+00
6.886667e+01	-3.556528e-02	4.596053e+00
6.890000e+01	-3.500595e-02	4.598719e+00
6.893333e+01	-3.450533e-02	4.601105e+00
6.896667e+01	-3.441257e-02	4.601547e+00
69	-3.461659e-02	4.600574e+00
6.903333e+01	-3.505066e-02	4.598506e+00
6.906667e+01	-3.657955e-02	4.591220e+00
6.910000e+01	-4.080435e-02	4.571086e+00
6.913333e+01	-4.785448e-02	4.537489e+00
6.916667e+01	-5.499746e-02	4.503448e+00
6.920000e+01	-5.884416e-02	4.485117e+00
6.923333e+01	-5.858293e-02	4.486362e+00
6.926667e+01	-5.629324e-02	4.497273e+00
6.930000e+01	-5.458726e-02	4.505403e+00
6.933333e+01	-5.451390e-02	4.505753e+00
6.936667e+01	-5.542193e-02	4.501426e+00
6.940000e+01	-5.617819e-02	4.497822e+00
6.943333e+01	-5.625226e-02	4.497469e+00
6.946667e+01	-5.587544e-02	4.499264e+00
6.950000e+01	-5.553601e-02	4.500882e+00
6.953333e+01	-5.548602e-02	4.501120e+00
6.956667e+01	-5.564264e-02	4.500374e+00
6.960000e+01	-5.579501e-02	4.499648e+00
6.963333e+01	-5.582472e-02	4.499506e+00
6.966667e+01	-5.576011e-02	4.499814e+00
6.970000e+01	-5.569198e-02	4.500139e+00
6.973333e+01	-5.567557e-02	4.500217e+00
6.976667e+01	-5.570198e-02	4.500091e+00
6.980000e+01	-5.573230e-02	4.499946e+00
6.983333e+01	-5.574096e-02	4.499905e+00
6.986667e+01	-5.573027e-02	4.499956e+00
6.990000e+01	-5.571684e-02	4.500020e+00
6.993333e+01	-5.571241e-02	4.500041e+00
6.996667e+01	-5.571669e-02	4.500021e+00
70	-5.572261e-02	4.499993e+00
7.003333e+01	-5.572482e-02	4.499982e+00
7.006667e+01	-5.572314e-02	4.499990e+00
7.010000e+01	-5.549785e-02	4.501064e+00
7.013333e+01	-5.401710e-02	4.508120e+00
7.016667e+01	-4.971041e-02	4.528644e+00
7.020000e+01	-4.256827e-02	4.562680e+00
7.023333e+01	-3.558407e-02	4.595964e+00
7.026667e+01	-3.299300e-02	4.608312e+00
7.030000e+01	-3.685324e-02	4.589915e+00
7.033333e+01	-4.503747e-02	4.550913e+00
7.036667e+01	-5.250401e-02	4.515331e+00
7.040000e+01	-5.518678e-02	4.502546e+00
7.043333e+01	-5.287862e-02	4.513546e+00
7.046667e+01	-4.845818e-02	4.534612e+00
7.050000e+01	-4.489518e-02	4.551591e+00
7.053333e+01	-4.315727e-02	4.559873e+00
7.056667e+01	-4.237810e-02	4.563586e+00
7.060000e+01	-4.132000e-02	4.568629e+00
7.063333e+01	-3.949626e-02	4.577320e+00
7.066667e+01	-3.723101e-02	4.588115e+00
7.070000e+01	-3.505914e-02	4.598465e+00
7.073333e+01	-3.321536e-02	4.607252e+00
7.076667e+01	-3.157619e-02	4.615063e+00
7.080000e+01	-2.990882e-02	4.623009e+00
7.083333e+01	-2.810103e-02	4.631624e+00
7.086667e+01	-2.619876e-02	4.640690e+00
7.090000e+01	-2.430311e-02	4.649724e+00
7.093333e+01	-2.246725e-02	4.658472e+00
7.096667e+01	-2.067476e-02	4.667015e+00
71	-1.890127e-02	4.675466e+00
7.103333e+01	-1.723113e-02	4.683425e+00
7.106667e+01	-1.611908e-02	4.688725e+00
7.110000e+01	-1.677491e-02	4.685600e+00
7.113333e+01	-2.064654e-02	4.667149e+00
7.116667e+01	-2.744805e-02	4.634736e+00
7.120000e+01	-3.447005e-02	4.601273e+00
7.123333e+01	-3.948061e-02	4.577395e+00
7.126667e+01	-4.340982e-02	4.558670e+00
7.130000e+01	-4.834313e-02	4.535160e+00
7.133333e+01	-5.394052e-02	4.508485e+00
7.136667e+01	-5.774451e-02	4.490357e+00
7.140000e+01	-5.854706e-02	4.486533e+00
7.143333e+01	-5.842296e-02	4.487124e+00
7.146667e+01	-6.108140e-02	4.474455e+00
7.150000e+01	-6.780160e-02	4.442430e+00
7.153333e+01	-7.557003e-02	4.405409e+00
7.156667e+01	-8.009838e-02	4.383829e+00
7.160000e+01	-8.001559e-02	4.384223e+00
7.163333e+01	-7.767692e-02	4.395369e+00
7.166667e+01	-7.701528e-02	4.398522e+00
7.170000e+01	-8.074546e-02	4.380745e+00
7.173333e+01	-8.811404e-02	4.345630e+00
7.176667e+01	-9.510837e-02	4.312298e+00
7.180000e+01	-9.789118e-02	4.299037e+00
7.183333e+01	-9.600111e-02	4.308044e+00
7.186667e+01	-9.196727e-02	4.327267e+00
7.190000e+01	-8.853578e-02	4.343620e+00
7.193333e+01	-8.667327e-02	4.352496e+00
7.196667e+01	-8.567008e-02	4.357277e+00
72	-8.444139e-02	4.363132e+00
7.203333e+01	-8.254431e-02	4.372173e+00
7.206667e+01	-8.025286e-02	4.383093e+00
7.210000e+01	-7.803691e-02	4.393653e+00
7.213333e+01	-7.610810e-02	4.402845e+00
7.216667e+01	-7.436199e-02	4.411166e+00
7.220000e+01	-7.259401e-02	4.419591e+00
7.223333e+01	-7.070321e-02	4.428602e+00
7.226667e+01	-6.872815e-02	4.438014e+00
7.230000e+01	-6.675761e-02	4.447405e+00
7.233333e+01	-6.483930e-02	4.456547e+00
7.236667e+01	-6.297983e-02	4.465408e+00
7.240000e+01	-6.125516e-02	4.473627e+00
7.243333e+01	-6.008216e-02	4.479217e+00
7.246667e+01	-6.056942e-02	4.476895e+00
7.250000e+01	-6.402082e-02	4.460447e+00
7.253333e+01	-7.014846e-02	4.431246e+00
7.256667e+01	-7.627735e-02	4.402038e+00
7.260000e+01	-7.945239e-02	4.386907e+00
7.263333e+01	-7.932499e-02	4.387515e+00
7.266667e+01	-7.880933e-02	4.389972e+00
7.270000e+01	-8.170327e-02	4.376181e+00
7.273333e+01	-8.884270e-02	4.342158e+00
7.276667e+01	-9.703128e-02	4.303135e+00
7.280000e+01	-1.029532e-01	4.274913e+00
7.283333e+01	-1.069954e-01	4.255650e+00
7.286667e+01	-1.117259e-01	4.233107e+00
7.290000e+01	-1.183983e-01	4.201309e+00
7.293333e+01	-1.264323e-01	4.163023e+00
7.296667e+01	-1.343266e-01	4.125402e+00
73	-1.402938e-01	4.096965e+00
7.303333e+01	-1.439806e-01	4.079396e+00
7.306667e+01	-1.474926e-01	4.062659e+00
7.310000e+01	-1.528530e-01	4.037114e+00
7.313333e+01	-1.590217e-01	4.007717e+00
7.316667e+01	-1.630277e-01	3.988626e+00
7.320000e+01	-1.634369e-01	3.986676e+00
7.323333e+01	-1.615823e-01	3.995514e+00
7.326667e+01	-1.598343e-01	4.003844e+00
7.330000e+01	-1.594781e-01	4.005542e+00
7.333333e+01	-1.601878e-01	4.002159e+00
7.336667e+01	-1.607284e-01	3.999583e+00
7.340000e+01	-1.594429e-01	4.005709e+00
7.343333e+01	-1.550327e-01	4.026726e+00
7.346667e+01	-1.487314e-01	4.056756e+00
7.350000e+01	-1.447481e-01	4.075738e+00
7.353333e+01	-1.461729e-01	4.068948e+00
7.356667e+01	-1.512283e-01	4.044856e+00
7.360000e+01	-1.551570e-01	4.026134e+00
7.363333e+01	-1.548209e-01	4.027735e+00
7.366667e+01	-1.506461e-01	4.047631e+00
7.370000e+01	-1.451326e-01	4.073906e+00
7.373333e+01	-1.403939e-01	4.096488e+00
7.376667e+01	-1.369139e-01	4.113072e+00
7.380000e+01	-1.339640e-01	4.127130e+00
7.383333e+01	-1.307157e-01	4.142610e+00
7.386667e+01	-1.269340e-01	4.160632e+00
7.390000e+01	-1.229068e-01	4.179823e+00
7.393333e+01	-1.189943e-01	4.198469e+00
7.396667e+01	-1.153136e-01	4.216010e+00
74	-1.117493e-01	4.232995e+00
7.403333e+01	-1.081427e-01	4.250182e+00
7.406667e+01	-1.044749e-01	4.267662e+00
7.410000e+01	-1.010133e-01	4.284158e+00
7.413333e+01	-9.832662e-02	4.296962e+00
7.416667e+01	-9.694389e-02	4.303551e+00
7.420000e+01	-9.685191e-02	4.303989e+00
7.423333e+01	-9.742805e-02	4.301244e+00
7.426667e+01	-9.793216e-02	4.298841e+00
7.430000e+01	-9.801796e-02	4.298432e+00
7.433333e+01	-9.780644e-02	4.299440e+00
7.436667e+01	-9.759316e-02	4.300457e+00
7.440000e+01	-9.754677e-02	4.300678e+00
7.443333e+01	-9.763264e-02	4.300269e+00
7.446667e+01	-9.772678e-02	4.299820e+00
7.450000e+01	-9.775134e-02	4.299703e+00
7.453333e+01	-9.771633e-02	4.299870e+00
7.456667e+01	-9.745187e-02	4.301130e+00
7.460000e+01	-9.595947e-02	4.308242e+00
7.463333e+01	-9.166624e-02	4.328702e+00
7.466667e+01	-8.454144e-02	4.362655e+00
7.470000e+01	-7.737919e-02	4.396787e+00
7.473333e+01	-7.356041e-02	4.414986e+00
7.476667e+01	-7.363211e-02	4.414644e+00
7.480000e+01	-7.445212e-02	4.410736e+00
7.483333e+01	-7.183950e-02	4.423187e+00
7.486667e+01	-6.475492e-02	4.456949e+00
7.490000e+01	-5.645047e-02	4.496524e+00
7.493333e+01	-5.040585e-02	4.525330e+00
7.496667e+01	-4.633341e-02	4.544737e+00
75	-4.187233e-02	4.565997e+00
7.503333e+01	-3.673385e-02	4.590484e+00
7.506667e+01	-3.302297e-02	4.608169e+00
7.510000e+01	-3.203032e-02	4.612899e+00
7.513333e+01	-3.195088e-02	4.613278e+00
7.516667e+01	-2.924154e-02	4.626189e+00
7.520000e+01	-2.259866e-02	4.657846e+00
7.523333e+01	-1.492057e-02	4.694436e+00
7.526667e+01	-1.041883e-02	4.715890e+00
7.530000e+01	-1.047040e-02	4.715644e+00
7.533333e+01	-1.295842e-02	4.703787e+00
7.536667e+01	-1.485157e-02	4.694765e+00
7.540000e+01	-1.467585e-02	4.695603e+00
7.543333e+01	-1.291055e-02	4.704015e+00
7.546667e+01	-1.083271e-02	4.713917e+00
7.550000e+01	-9.287686e-03	4.721280e+00
7.553333e+01	-8.295078e-03	4.726011e+00
7.556667e+01	-7.423305e-03	4.730165e+00
7.560000e+01	-6.331222e-03	4.735369e+00
7.563333e+01	-4.998635e-03	4.741720e+00
7.566667e+01	-3.604753e-03	4.748362e+00
7.570000e+01	-2.301583e-03	4.754573e+00
7.573333e+01	-1.105247e-03	4.760274e+00
7.576667e+01	5.932239e-05	4.765824e+00
7.580000e+01	1.260594e-03	4.771548e+00
7.583333e+01	2.509175e-03	4.777499e+00
7.586667e+01	3.773869e-03	4.783526e+00
7.590000e+01	5.010837e-03	4.789420e+00
7.593333e+01	6.139917e-03	4.794801e+00
7.596667e+01	7.007628e-03	4.798936e+00
76	7.460883e-03	4.801096e+00
7.603333e+01	7.501598e-03	4.801290e+00
7.606667e+01	7.321909e-03	4.800434e+00
7.610000e+01	7.157808e-03	4.799652e+00
7.613333e+01	6.902494e-03	4.798435e+00
7.616667e+01	5.487869e-03	4.791694e+00
7.620000e+01	1.249654e-03	4.771496e+00
7.623333e+01	-5.876565e-03	4.737536e+00
7.626667e+01	-1.307147e-02	4.703248e+00
7.630000e+01	-1.691505e-02	4.684932e+00
7.633333e+01	-1.662134e-02	4.686331e+00
7.636667e+01	-1.453053e-02	4.696295e+00
7.640000e+01	-1.430423e-02	4.697374e+00
7.643333e+01	-1.855196e-02	4.677131e+00
7.646667e+01	-2.661412e-02	4.638710e+00
7.650000e+01	-3.453967e-02	4.600941e+00
7.653333e+01	-3.842112e-02	4.582444e+00
7.656667e+01	-3.773688e-02	4.585704e+00
7.660000e+01	-3.487135e-02	4.599360e+00
7.663333e+01	-3.165159e-02	4.614704e+00
7.666667e+01	-2.744795e-02	4.634737e+00
7.670000e+01	-2.137205e-02	4.663692e+00
7.673333e+01	-1.498300e-02	4.694139e+00
7.676667e+01	-1.117029e-02	4.712309e+00
7.680000e+01	-1.102440e-02	4.713004e+00
7.683333e+01	-1.297390e-02	4.703713e+00
7.686667e+01	-1.464681e-02	4.695741e+00
7.690000e+01	-1.489055e-02	4.694580e+00
7.693333e+01	-1.413599e-02	4.698175e+00
7.696667e+01	-1.340234e-02	4.701672e+00
77	-1.325744e-02	4.702362e+00
7.703333e+01	-1.356531e-02	4.700895e+00
7.706667e+01	-1.366861e-02	4.700403e+00
7.710000e+01	-1.226813e-02	4.707077e+00
7.713333e+01	-7.835006e-03	4.728203e+00
7.716667e+01	-5.467924e-04	4.762935e+00
7.720000e+01	6.663535e-03	4.797296e+00
7.723333e+01	1.042581e-02	4.815226e+00
7.726667e+01	1.028178e-02	4.814539e+00
7.730000e+01	9.437337e-03	4.810515e+00
7.733333e+01	1.207249e-02	4.823073e+00
7.736667e+01	1.918895e-02	4.856987e+00
7.740000e+01	2.706018e-02	4.894497e+00
7.743333e+01	3.013660e-02	4.909158e+00
7.746667e+01	2.558038e-02	4.887445e+00
7.750000e+01	1.574898e-02	4.840593e+00
7.753333e+01	6.553505e-03	4.796772e+00
7.756667e+01	2.644168e-03	4.778142e+00
7.760000e+01	4.022004e-03	4.784708e+00
7.763333e+01	7.003553e-03	4.798917e+00
7.766667e+01	7.308262e-03	4.800369e+00
7.770000e+01	2.609438e-03	4.777976e+00
7.773333e+01	-5.853253e-03	4.737647e+00
7.776667e+01	-1.383407e-02	4.699614e+00
7.780000e+01	-1.752778e-02	4.682012e+00
7.783333e+01	-1.666355e-02	4.686130e+00
7.786667e+01	-1.398721e-02	4.698884e+00
7.790000e+01	-1.232468e-02	4.706807e+00
7.793333e+01	-1.250892e-02	4.705929e+00
7.796667e+01	-1.359502e-02	4.700753e+00
78	-1.434289e-02	4.697189e+00
7.803333e+01	-1.430746e-02	4.697358e+00
7.806667e+01	-1.384911e-02	4.699543e+00
7.810000e+01	-1.350863e-02	4.701165e+00
7.813333e+01	-1.350492e-02	4.701183e+00
7.816667e+01	-1.369864e-02	4.700260e+00
7.820000e+01	-1.385356e-02	4.699521e+00
7.823333e+01	-1.386383e-02	4.699472e+00
7.826667e+01	-1.378242e-02	4.699860e+00
7.830000e+01	-1.371227e-02	4.700195e+00
7.833333e+01	-1.348128e-02	4.701295e+00
7.836667e+01	-1.203559e-02	4.708185e+00
7.840000e+01	-7.759854e-03	4.728561e+00
7.843333e+01	-6.218785e-04	4.762577e+00
7.846667e+01	6.560882e-03	4.796807e+00
7.850000e+01	1.038822e-02	4.815047e+00
7.853333e+01	1.008875e-02	4.813619e+00
7.856667e+01	7.780095e-03	4.802617e+00
7.860000e+01	6.081249e-03	4.794521e+00
7.863333e+01	6.024475e-03	4.794251e+00
7.866667e+01	6.941472e-03	4.798621e+00
7.870000e+01	7.695217e-03	4.802213e+00
7.873333e+01	7.762126e-03	4.802532e+00
7.876667e+01	7.381110e-03	4.800716e+00
7.880000e+01	7.042505e-03	4.799102e+00
7.883333e+01	6.995595e-03	4.798879e+00
7.886667e+01	7.154156e-03	4.799634e+00
7.890000e+01	7.306293e-03	4.800359e+00
7.893333e+01	7.334681e-03	4.800495e+00
7.896667e+01	7.269175e-03	4.800183e+00
79	7.201099e-03	4.799858e+00
7.903333e+01	7.185243e-03	4.799783e+00
7.906667e+01	7.212068e-03	4.799910e+00
7.910000e+01	7.465070e-03	4.801116e+00
7.913333e+01	8.953168e-03	4.808208e+00
7.916667e+01	1.324963e-02	4.828683e+00
7.920000e+01	2.037946e-02	4.862660e+00
7.923333e+01	2.754382e-02	4.896802e+00
7.926667e+01	3.136134e-02	4.914995e+00
7.930000e+01	3.106477e-02	4.913581e+00
7.933333e+01	2.876406e-02	4.902617e+00
7.936667e+01	2.706982e-02	4.894543e+00
7.940000e+01	2.701208e-02	4.894268e+00
7.943333e+01	2.792566e-02	4.898622e+00
7.946667e+01	2.867726e-02	4.902204e+00
7.950000e+01	2.873274e-02	4.902468e+00
7.953333e+01	2.826359e-02	4.900232e+00
7.956667e+01	2.760967e-02	4.897116e+00
7.960000e+01	2.687043e-02	4.893593e+00
7.963333e+01	2.595881e-02	4.889249e+00
7.966667e+01	2.484024e-02	4.883918e+00
7.970000e+01	2.361430e-02	4.878076e+00
7.973333e+01	2.241593e-02	4.872365e+00
7.976667e+01	2.130401e-02	4.867066e+00
7.980000e+01	2.024702e-02	4.862029e+00
7.983333e+01	1.918445e-02	4.856965e+00
7.986667e+01	1.808587e-02	4.851730e+00
7.990000e+01	1.696200e-02	4.846374e+00
7.993333e+01	1.583889e-02	4.841022e+00
7.996667e+01	1.473096e-02	4.835742e+00
80	1.363456e-02	4.830517e+00
8.003333e+01	1.253850e-02	4.825294e+00
8.006667e+01	1.143603e-02	4.820040e+00
8.010000e+01	1.032832e-02	4.814761e+00
8.013333e+01	9.231904e-03	4.809536e+00
8.016667e+01	8.216045e-03	4.804695e+00
8.020000e+01	7.429257e-03	4.800945e+00
8.023333e+01	7.018748e-03	4.798989e+00
8.026667e+01	6.984420e-03	4.798826e+00
8.030000e+01	6.927040e-03	4.798552e+00
8.033333e+01	5.596548e-03	4.792212e+00
8.036667e+01	1.317654e-03	4.771820e+00
8.040000e+01	-6.108462e-03	4.736431e+00
8.043333e+01	-1.481977e-02	4.694917e+00
8.046667e+01	-2.295528e-02	4.656147e+00
8.050000e+01	-2.999442e-02	4.622601e+00
8.053333e+01	-3.631218e-02	4.592494e+00
8.056667e+01	-4.295504e-02	4.560837e+00
8.060000e+01	-5.123022e-02	4.521401e+00
8.063333e+01	-6.133029e-02	4.473269e+00
8.066667e+01	-7.134912e-02	4.425524e+00
8.070000e+01	-7.822227e-02	4.392770e+00
8.073333e+01	-8.003904e-02	4.384112e+00
8.076667e+01	-7.697591e-02	4.398709e+00
8.080000e+01	-7.033171e-02	4.430372e+00
8.083333e+01	-6.219106e-02	4.469167e+00
8.086667e+01	-5.553338e-02	4.500894e+00
8.090000e+01	-5.268201e-02	4.514483e+00
8.093333e+01	-5.322449e-02	4.511898e+00
8.096667e+01	-5.385965e-02	4.508871e+00
81	-5.083095e-02	4.523304e+00
8.103333e+01	-4.352549e-02	4.558119e+00
8.106667e+01	-3.550988e-02	4.596317e+00
8.110000e+01	-3.112467e-02	4.617215e+00
8.113333e+01	-3.146308e-02	4.615602e+00
8.116667e+01	-3.390038e-02	4.603987e+00
8.120000e+01	-3.437359e-02	4.601732e+00
8.123333e+01	-3.012037e-02	4.622001e+00
8.126667e+01	-2.191130e-02	4.661122e+00
8.130000e+01	-1.387308e-02	4.699428e+00
8.133333e+01	-9.987642e-03	4.717945e+00
8.136667e+01	-1.073384e-02	4.714388e+00
8.140000e+01	-1.342786e-02	4.701550e+00
8.143333e+01	-1.517252e-02	4.693236e+00
8.146667e+01	-1.504287e-02	4.693854e+00
8.150000e+01	-1.395237e-02	4.699050e+00
8.153333e+01	-1.316949e-02	4.702781e+00
8.156667e+01	-1.317984e-02	4.702732e+00
8.160000e+01	-1.363864e-02	4.700546e+00
8.163333e+01	-1.399396e-02	4.698852e+00
8.166667e+01	-1.407462e-02	4.698468e+00
0	0	0
0	0	0
0	0	0
