0	6.402707e-03	4.428917e+00
3.333333e-02	1.413382e-02	4.462939e+00
6.666667e-02	2.184794e-02	4.496887e+00
1.000000e-01	2.594119e-02	4.514901e+00
1.333333e-01	2.561339e-02	4.513458e+00
1.666667e-01	2.314026e-02	4.502574e+00
2.000000e-01	2.132384e-02	4.494581e+00
2.333333e-01	2.126516e-02	4.494323e+00
2.666667e-01	2.224694e-02	4.498643e+00
3.000000e-01	2.305270e-02	4.502189e+00
3.333333e-01	2.312338e-02	4.502500e+00
3.666667e-01	2.271543e-02	4.500705e+00
4.000000e-01	2.235345e-02	4.499112e+00
4.333333e-01	2.230367e-02	4.498893e+00
4.666667e-01	2.247346e-02	4.499640e+00
5.000000e-01	2.263611e-02	4.500356e+00
5.333333e-01	2.266631e-02	4.500489e+00
5.666667e-01	2.259615e-02	4.500180e+00
6.000000e-01	2.252336e-02	4.499860e+00
6.333333e-01	2.250647e-02	4.499785e+00
6.666667e-01	2.277635e-02	4.500973e+00
7.000000e-01	2.441111e-02	4.508167e+00
7.333333e-01	2.956676e-02	4.530856e+00
7.666667e-01	4.049519e-02	4.578949e+00
8.000000e-01	5.781367e-02	4.655163e+00
8.333333e-01	7.901150e-02	4.748449e+00
8.666667e-01	9.887884e-02	4.835880e+00
9.000000e-01	1.123854e-01	4.895319e+00
9.333333e-01	1.176626e-01	4.918543e+00
9.666667e-01	1.167428e-01	4.914495e+00
1	1.137372e-01	4.901268e+00
1.033333e+00	1.119361e-01	4.893342e+00
1.066667e+00	1.121564e-01	4.894312e+00
1.100000e+00	1.135539e-01	4.900461e+00
1.133333e+00	1.159250e-01	4.910896e+00
1.166667e+00	1.205288e-01	4.931156e+00
1.200000e+00	1.277759e-01	4.963049e+00
1.233333e+00	1.351905e-01	4.995678e+00
1.266667e+00	1.390865e-01	5.012823e+00
1.300000e+00	1.371228e-01	5.004182e+00
1.333333e+00	1.282802e-01	4.965268e+00
1.366667e+00	1.124507e-01	4.895606e+00
1.400000e+00	9.214074e-02	4.806228e+00
1.433333e+00	7.319023e-02	4.722831e+00
1.466667e+00	6.083006e-02	4.668437e+00
1.500000e+00	5.496597e-02	4.642631e+00
1.533333e+00	5.150579e-02	4.627404e+00
1.566667e+00	4.776838e-02	4.610956e+00
1.600000e+00	4.447559e-02	4.596466e+00
1.633333e+00	4.321585e-02	4.590922e+00
1.666667e+00	4.399584e-02	4.594354e+00
1.700000e+00	4.539234e-02	4.600500e+00
1.733333e+00	4.609320e-02	4.603584e+00
1.766667e+00	4.585805e-02	4.602549e+00
1.800000e+00	4.526959e-02	4.599960e+00
1.833333e+00	4.518014e-02	4.599566e+00
1.866667e+00	4.685999e-02	4.606959e+00
1.900000e+00	5.177594e-02	4.628593e+00
1.933333e+00	5.966496e-02	4.663310e+00
1.966667e+00	6.740379e-02	4.697367e+00
2	7.166649e-02	4.716126e+00
2.033333e+00	7.287021e-02	4.721423e+00
2.066667e+00	7.504704e-02	4.731003e+00
2.100000e+00	8.123669e-02	4.758242e+00
2.133333e+00	9.057491e-02	4.799337e+00
2.166667e+00	1.003582e-01	4.842391e+00
2.200000e+00	1.085598e-01	4.878484e+00
2.233333e+00	1.138856e-01	4.901921e+00
2.266667e+00	1.160111e-01	4.911275e+00
2.300000e+00	1.168690e-01	4.915050e+00
2.333333e+00	1.199865e-01	4.928770e+00
2.366667e+00	1.268742e-01	4.959080e+00
2.400000e+00	1.348097e-01	4.994002e+00
2.433333e+00	1.393041e-01	5.013781e+00
2.466667e+00	1.377509e-01	5.006946e+00
2.500000e+00	1.305419e-01	4.975221e+00
2.533333e+00	1.204765e-01	4.930926e+00
2.566667e+00	1.108796e-01	4.888693e+00
2.600000e+00	1.030888e-01	4.854407e+00
2.633333e+00	9.660307e-02	4.825865e+00
2.666667e+00	9.148424e-02	4.803339e+00
2.700000e+00	8.877542e-02	4.791418e+00
2.733333e+00	8.875120e-02	4.791311e+00
2.766667e+00	9.016823e-02	4.797547e+00
2.800000e+00	9.135748e-02	4.802781e+00
2.833333e+00	9.152925e-02	4.803537e+00
2.866667e+00	9.099718e-02	4.801195e+00
2.900000e+00	9.048018e-02	4.798920e+00
2.933333e+00	9.037739e-02	4.798468e+00
2.966667e+00	9.059325e-02	4.799417e+00
3	9.082230e-02	4.800425e+00
3.033333e+00	9.087822e-02	4.800672e+00
3.066667e+00	9.079007e-02	4.800284e+00
3.100000e+00	9.068828e-02	4.799836e+00
3.133333e+00	9.065892e-02	4.799707e+00
3.166667e+00	9.069458e-02	4.799863e+00
3.200000e+00	9.073967e-02	4.800062e+00
3.233333e+00	9.075463e-02	4.800128e+00
3.266667e+00	9.074039e-02	4.800065e+00
3.300000e+00	9.072051e-02	4.799978e+00
3.333333e+00	9.071305e-02	4.799945e+00
3.366667e+00	9.071866e-02	4.799969e+00
3.400000e+00	9.072739e-02	4.800008e+00
3.433333e+00	9.073103e-02	4.800024e+00
3.466667e+00	9.072887e-02	4.800014e+00
3.500000e+00	9.072505e-02	4.799998e+00
3.533333e+00	9.072329e-02	4.799990e+00
3.566667e+00	9.072411e-02	4.799993e+00
3.600000e+00	9.096691e-02	4.801062e+00
3.633333e+00	9.257008e-02	4.808117e+00
3.666667e+00	9.723418e-02	4.828642e+00
3.700000e+00	1.049689e-01	4.862681e+00
3.733333e+00	1.127314e-01	4.896842e+00
3.766667e+00	1.168608e-01	4.915014e+00
3.800000e+00	1.165335e-01	4.913574e+00
3.833333e+00	1.140399e-01	4.902600e+00
3.866667e+00	1.122071e-01	4.894534e+00
3.900000e+00	1.121472e-01	4.894271e+00
3.933333e+00	1.131376e-01	4.898629e+00
3.966667e+00	1.139508e-01	4.902208e+00
4	1.140224e-01	4.902523e+00
4.033333e+00	1.138520e-01	4.901773e+00
4.066667e+00	1.150890e-01	4.907217e+00
4.100000e+00	1.197030e-01	4.927522e+00
4.133333e+00	1.278509e-01	4.963379e+00
4.166667e+00	1.373803e-01	5.005315e+00
4.200000e+00	1.462045e-01	5.044148e+00
4.233333e+00	1.535415e-01	5.076437e+00
4.266667e+00	1.587372e-01	5.099301e+00
4.300000e+00	1.610166e-01	5.109332e+00
4.333333e+00	1.606583e-01	5.107756e+00
4.366667e+00	1.591877e-01	5.101284e+00
4.400000e+00	1.581772e-01	5.096837e+00
4.433333e+00	1.581772e-01	5.096837e+00
4.466667e+00	1.587416e-01	5.099321e+00
4.500000e+00	1.591848e-01	5.101271e+00
4.533333e+00	1.592107e-01	5.101385e+00
4.566667e+00	1.589768e-01	5.100356e+00
4.600000e+00	1.587780e-01	5.099481e+00
4.633333e+00	1.587563e-01	5.099385e+00
4.666667e+00	1.588540e-01	5.099815e+00
4.700000e+00	1.589436e-01	5.100210e+00
4.733333e+00	1.589578e-01	5.100272e+00
4.766667e+00	1.589172e-01	5.100093e+00
4.800000e+00	1.588770e-01	5.099917e+00
4.833333e+00	1.588687e-01	5.099880e+00
4.866667e+00	1.588854e-01	5.099954e+00
4.900000e+00	1.589034e-01	5.100033e+00
4.933333e+00	1.589079e-01	5.100053e+00
4.966667e+00	1.589011e-01	5.100023e+00
5	1.588931e-01	5.099987e+00
5.033333e+00	1.588908e-01	5.099977e+00
5.066667e+00	1.588935e-01	5.099989e+00
5.100000e+00	1.588970e-01	5.100005e+00
5.133333e+00	1.588982e-01	5.100010e+00
5.166667e+00	1.588971e-01	5.100005e+00
5.200000e+00	1.588956e-01	5.099998e+00
5.233333e+00	1.588950e-01	5.099996e+00
5.266667e+00	1.588954e-01	5.099998e+00
5.300000e+00	1.588961e-01	5.100001e+00
5.333333e+00	1.588964e-01	5.100002e+00
5.366667e+00	1.588962e-01	5.100001e+00
5.400000e+00	1.588959e-01	5.100000e+00
5.433333e+00	1.586546e-01	5.098938e+00
5.466667e+00	1.570524e-01	5.091887e+00
5.500000e+00	1.526292e-01	5.072422e+00
5.533333e+00	1.462551e-01	5.044371e+00
5.566667e+00	1.415542e-01	5.023683e+00
5.600000e+00	1.407370e-01	5.020087e+00
5.633333e+00	1.426944e-01	5.028701e+00
5.666667e+00	1.462189e-01	5.044212e+00
5.700000e+00	1.513304e-01	5.066706e+00
5.733333e+00	1.569868e-01	5.091598e+00
5.766667e+00	1.607866e-01	5.108320e+00
5.800000e+00	1.611778e-01	5.110042e+00
5.833333e+00	1.580603e-01	5.096322e+00
5.866667e+00	1.517974e-01	5.068761e+00
5.900000e+00	1.436259e-01	5.032801e+00
5.933333e+00	1.364207e-01	5.001092e+00
5.966667e+00	1.329796e-01	4.985949e+00
6	1.335295e-01	4.988369e+00
6.033333e+00	1.358028e-01	4.998373e+00
6.066667e+00	1.373340e-01	5.005111e+00
6.100000e+00	1.372832e-01	5.004888e+00
6.133333e+00	1.363798e-01	5.000912e+00
6.166667e+00	1.356991e-01	4.997916e+00
6.200000e+00	1.356817e-01	4.997840e+00
6.233333e+00	1.360595e-01	4.999503e+00
6.266667e+00	1.363668e-01	5.000855e+00
6.300000e+00	1.363910e-01	5.000961e+00
6.333333e+00	1.362325e-01	5.000264e+00
6.366667e+00	1.360936e-01	4.999653e+00
6.400000e+00	1.360756e-01	4.999574e+00
6.433333e+00	1.361417e-01	4.999864e+00
6.466667e+00	1.362042e-01	5.000139e+00
6.500000e+00	1.362153e-01	5.000188e+00
6.533333e+00	1.361880e-01	5.000068e+00
6.566667e+00	1.361600e-01	4.999945e+00
6.600000e+00	1.361537e-01	4.999917e+00
6.633333e+00	1.361649e-01	4.999967e+00
6.666667e+00	1.361774e-01	5.000021e+00
6.700000e+00	1.361808e-01	5.000036e+00
6.733333e+00	1.361762e-01	5.000016e+00
6.766667e+00	1.361707e-01	4.999992e+00
6.800000e+00	1.361689e-01	4.999984e+00
6.833333e+00	1.361708e-01	4.999992e+00
6.866667e+00	1.361732e-01	5.000003e+00
6.900000e+00	1.361741e-01	5.000007e+00
6.933333e+00	1.361734e-01	5.000004e+00
6.966667e+00	1.361723e-01	4.999999e+00
7	1.361718e-01	4.999997e+00
7.033333e+00	1.361721e-01	4.999998e+00
7.066667e+00	1.359315e-01	4.998939e+00
7.100000e+00	1.343293e-01	4.991889e+00
7.133333e+00	1.296648e-01	4.971361e+00
7.166667e+00	1.219292e-01	4.937319e+00
7.200000e+00	1.141662e-01	4.903156e+00
7.233333e+00	1.100370e-01	4.884984e+00
7.266667e+00	1.103646e-01	4.886426e+00
7.300000e+00	1.128584e-01	4.897401e+00
7.333333e+00	1.146913e-01	4.905467e+00
7.366667e+00	1.147509e-01	4.905729e+00
7.400000e+00	1.137604e-01	4.901370e+00
7.433333e+00	1.129473e-01	4.897792e+00
7.466667e+00	1.128757e-01	4.897477e+00
7.500000e+00	1.132873e-01	4.899288e+00
7.533333e+00	1.136526e-01	4.900896e+00
7.566667e+00	1.137030e-01	4.901117e+00
7.600000e+00	1.135317e-01	4.900364e+00
7.633333e+00	1.131264e-01	4.898580e+00
7.666667e+00	1.114935e-01	4.891394e+00
7.700000e+00	1.068999e-01	4.871179e+00
7.733333e+00	9.923796e-02	4.837461e+00
7.766667e+00	9.149208e-02	4.803373e+00
7.800000e+00	8.733384e-02	4.785074e+00
7.833333e+00	8.762870e-02	4.786371e+00
7.866667e+00	9.011340e-02	4.797306e+00
7.900000e+00	9.195798e-02	4.805423e+00
7.933333e+00	9.203219e-02	4.805750e+00
7.966667e+00	9.104639e-02	4.801412e+00
8	8.998735e-02	4.796751e+00
8.033333e+00	8.830708e-02	4.789357e+00
8.066667e+00	8.405193e-02	4.770631e+00
8.100000e+00	7.668370e-02	4.738205e+00
8.133333e+00	6.897391e-02	4.704276e+00
8.166667e+00	6.467450e-02	4.685356e+00
8.200000e+00	6.483721e-02	4.686072e+00
8.233333e+00	6.729923e-02	4.696907e+00
8.266667e+00	6.920228e-02	4.705281e+00
8.300000e+00	6.933572e-02	4.705869e+00
8.333333e+00	6.836285e-02	4.701587e+00
8.366667e+00	6.752094e-02	4.697882e+00
8.400000e+00	6.741659e-02	4.697423e+00
8.433333e+00	6.781886e-02	4.699193e+00
8.466667e+00	6.819582e-02	4.700852e+00
8.500000e+00	6.826070e-02	4.701138e+00
8.533333e+00	6.785302e-02	4.699344e+00
8.566667e+00	6.608187e-02	4.691549e+00
8.600000e+00	6.138055e-02	4.670860e+00
8.633333e+00	5.371353e-02	4.637119e+00
8.666667e+00	4.602590e-02	4.603288e+00
8.700000e+00	4.191651e-02	4.585204e+00
8.733333e+00	4.221627e-02	4.586523e+00
8.766667e+00	4.467661e-02	4.597350e+00
8.800000e+00	4.649914e-02	4.605371e+00
8.833333e+00	4.657003e-02	4.605683e+00
8.866667e+00	4.535321e-02	4.600328e+00
8.900000e+00	4.294288e-02	4.589721e+00
8.933333e+00	3.820251e-02	4.568859e+00
8.966667e+00	3.087216e-02	4.536600e+00
9	2.347199e-02	4.504034e+00
9.033333e+00	1.939480e-02	4.486092e+00
9.066667e+00	1.955394e-02	4.486792e+00
9.100000e+00	2.188480e-02	4.497049e+00
9.133333e+00	2.368645e-02	4.504978e+00
9.166667e+00	2.381568e-02	4.505547e+00
9.200000e+00	2.289808e-02	4.501509e+00
9.233333e+00	2.210220e-02	4.498006e+00
9.266667e+00	2.200222e-02	4.497566e+00
9.300000e+00	2.238136e-02	4.499235e+00
9.333333e+00	2.273753e-02	4.500802e+00
9.366667e+00	2.279938e-02	4.501074e+00
9.400000e+00	2.264246e-02	4.500384e+00
9.433333e+00	2.248299e-02	4.499682e+00
9.466667e+00	2.244787e-02	4.499527e+00
9.500000e+00	2.251231e-02	4.499811e+00
9.533333e+00	2.234229e-02	4.499063e+00
9.566667e+00	2.075883e-02	4.492094e+00
9.600000e+00	1.606823e-02	4.471452e+00
9.633333e+00	8.301239e-03	4.437272e+00
9.666667e+00	5.285362e-04	4.403066e+00
9.700000e+00	-3.590189e-03	4.384941e+00
9.733333e+00	-3.248648e-03	4.386444e+00
9.766667e+00	-7.499570e-04	4.397440e+00
9.800000e+00	1.078689e-03	4.405487e+00
9.833333e+00	1.132248e-03	4.405723e+00
9.866667e+00	1.393556e-04	4.401353e+00
9.900000e+00	-6.721987e-04	4.397782e+00
9.933333e+00	-7.410376e-04	4.397479e+00
9.966667e+00	-3.282845e-04	4.399295e+00
10	3.642165e-05	4.400900e+00
1.003333e+01	8.557827e-05	4.401117e+00
1.006667e+01	-8.628457e-05	4.400360e+00
1.010000e+01	-2.502085e-04	4.399639e+00
1.013333e+01	-2.802085e-04	4.399507e+00
1.016667e+01	3.197579e-05	4.400881e+00
1.020000e+01	1.707687e-03	4.408255e+00
1.023333e+01	6.388918e-03	4.428856e+00
1.026667e+01	1.385408e-02	4.461708e+00
1.030000e+01	1.998199e-02	4.488676e+00
1.033333e+01	1.943788e-02	4.486281e+00
1.036667e+01	1.138669e-02	4.450850e+00
1.040000e+01	1.144491e-03	4.405777e+00
1.043333e+01	-4.812978e-03	4.379559e+00
1.046667e+01	-4.549830e-03	4.380718e+00
1.050000e+01	-1.072005e-03	4.396023e+00
1.053333e+01	1.571692e-03	4.407657e+00
1.056667e+01	1.704795e-03	4.408242e+00
1.060000e+01	3.055763e-04	4.402085e+00
1.063333e+01	-8.718004e-04	4.396904e+00
1.066667e+01	-9.943892e-04	4.396364e+00
1.070000e+01	-4.127520e-04	4.398924e+00
1.073333e+01	1.161821e-04	4.401251e+00
1.076667e+01	1.972995e-04	4.401608e+00
1.080000e+01	-4.423709e-05	4.400545e+00
1.083333e+01	-2.815888e-04	4.399501e+00
1.086667e+01	-3.292579e-04	4.399291e+00
1.090000e+01	-2.297272e-04	4.399729e+00
1.093333e+01	-1.236700e-04	4.400196e+00
1.096667e+01	-9.751058e-05	4.400311e+00
11	-1.381505e-04	4.400132e+00
1.103333e+01	-1.853247e-04	4.399925e+00
1.106667e+01	-4.401985e-04	4.398803e+00
1.110000e+01	-2.026112e-03	4.391824e+00
1.113333e+01	-6.669618e-03	4.371389e+00
1.116667e+01	-1.439804e-02	4.337378e+00
1.120000e+01	-2.216753e-02	4.303187e+00
1.123333e+01	-2.630600e-02	4.284974e+00
1.126667e+01	-2.598189e-02	4.286401e+00
1.130000e+01	-2.348555e-02	4.297386e+00
1.133333e+01	-2.164868e-02	4.305470e+00
1.136667e+01	-2.158728e-02	4.305740e+00
1.140000e+01	-2.257874e-02	4.301377e+00
1.143333e+01	-2.339369e-02	4.297791e+00
1.146667e+01	-2.346604e-02	4.297472e+00
1.150000e+01	-2.305409e-02	4.299285e+00
1.153333e+01	-2.268799e-02	4.300896e+00
1.156667e+01	-2.263727e-02	4.301119e+00
1.160000e+01	-2.280870e-02	4.300365e+00
1.163333e+01	-2.297319e-02	4.299641e+00
1.166667e+01	-2.300389e-02	4.299506e+00
1.170000e+01	-2.293306e-02	4.299818e+00
1.173333e+01	-2.285946e-02	4.300142e+00
1.176667e+01	-2.284232e-02	4.300217e+00
1.180000e+01	-2.287132e-02	4.300089e+00
1.183333e+01	-2.290410e-02	4.299945e+00
1.186667e+01	-2.291321e-02	4.299905e+00
1.190000e+01	-2.290145e-02	4.299957e+00
1.193333e+01	-2.288691e-02	4.300021e+00
1.196667e+01	-2.288224e-02	4.300041e+00
12	-2.288695e-02	4.300021e+00
1.203333e+01	-2.289337e-02	4.299992e+00
1.206667e+01	-2.265457e-02	4.301043e+00
1.210000e+01	-2.105037e-02	4.308103e+00
1.213333e+01	-1.638316e-02	4.328642e+00
1.216667e+01	-8.646590e-03	4.362689e+00
1.220000e+01	-8.843806e-04	4.396848e+00
1.223333e+01	3.243644e-03	4.415015e+00
1.226667e+01	2.915503e-03	4.413571e+00
1.230000e+01	4.220093e-04	4.402597e+00
1.233333e+01	-1.410278e-03	4.394534e+00
1.236667e+01	-1.469713e-03	4.394272e+00
1.240000e+01	-4.793517e-04	4.398631e+00
1.243333e+01	3.336006e-04	4.402208e+00
1.246667e+01	4.050047e-04	4.402522e+00
1.250000e+01	-6.532444e-06	4.400711e+00
1.253333e+01	-3.717614e-04	4.399104e+00
1.256667e+01	-4.220330e-04	4.398883e+00
1.260000e+01	-2.507477e-04	4.399637e+00
1.263333e+01	-8.663522e-05	4.400359e+00
1.266667e+01	-5.615277e-05	4.400493e+00
1.270000e+01	-1.269261e-04	4.400182e+00
1.273333e+01	-2.003672e-04	4.399858e+00
1.276667e+01	-2.174115e-04	4.399783e+00
1.280000e+01	-1.884252e-04	4.399911e+00
1.283333e+01	-1.557108e-04	4.400055e+00
1.286667e+01	-1.466503e-04	4.400095e+00
1.290000e+01	-1.584039e-04	4.400043e+00
1.293333e+01	-1.729109e-04	4.399979e+00
1.296667e+01	-1.775645e-04	4.399959e+00
13	-1.728539e-04	4.399979e+00
1.303333e+01	-1.664492e-04	4.400008e+00
1.306667e+01	-1.641182e-04	4.400018e+00
1.310000e+01	-1.659798e-04	4.400010e+00
1.313333e+01	-1.687951e-04	4.399997e+00
1.316667e+01	-4.110798e-04	4.398931e+00
1.320000e+01	-1.771552e-03	4.392944e+00
1.323333e+01	-4.832380e-03	4.379474e+00
1.326667e+01	-7.902850e-03	4.365962e+00
1.330000e+01	-7.930638e-03	4.365839e+00
1.333333e+01	-4.297502e-03	4.381828e+00
1.336667e+01	1.590778e-04	4.401440e+00
1.340000e+01	2.325362e-03	4.410973e+00
1.343333e+01	1.664652e-03	4.408066e+00
1.346667e+01	-1.083480e-04	4.400263e+00
1.350000e+01	-1.158546e-03	4.395642e+00
1.353333e+01	-9.813700e-04	4.396421e+00
1.356667e+01	-4.809121e-04	4.398624e+00
1.360000e+01	-1.600132e-03	4.393698e+00
1.363333e+01	-6.310727e-03	4.372968e+00
1.366667e+01	-1.436112e-02	4.337541e+00
1.370000e+01	-2.234568e-02	4.302403e+00
1.373333e+01	-2.646782e-02	4.284262e+00
1.376667e+01	-2.600660e-02	4.286292e+00
1.380000e+01	-2.341154e-02	4.297712e+00
1.383333e+01	-2.157603e-02	4.305790e+00
1.386667e+01	-2.157272e-02	4.305804e+00
1.390000e+01	-2.260923e-02	4.301243e+00
1.393333e+01	-2.342615e-02	4.297648e+00
1.396667e+01	-2.347403e-02	4.297437e+00
14	-2.304164e-02	4.299340e+00
1.403333e+01	-2.267355e-02	4.300960e+00
1.406667e+01	-2.263307e-02	4.301138e+00
1.410000e+01	-2.281374e-02	4.300343e+00
1.413333e+01	-2.297959e-02	4.299613e+00
1.416667e+01	-2.300602e-02	4.299497e+00
1.420000e+01	-2.293105e-02	4.299827e+00
1.423333e+01	-2.285664e-02	4.300154e+00
1.426667e+01	-2.284125e-02	4.300222e+00
1.430000e+01	-2.287211e-02	4.300086e+00
1.433333e+01	-2.290534e-02	4.299940e+00
1.436667e+01	-2.291373e-02	4.299903e+00
1.440000e+01	-2.290115e-02	4.299958e+00
1.443333e+01	-2.288637e-02	4.300023e+00
1.446667e+01	-2.288199e-02	4.300042e+00
1.450000e+01	-2.288707e-02	4.300020e+00
1.453333e+01	-2.289360e-02	4.299991e+00
1.456667e+01	-2.289583e-02	4.299982e+00
1.460000e+01	-2.289381e-02	4.299990e+00
1.463333e+01	-2.289093e-02	4.300003e+00
1.466667e+01	-2.288982e-02	4.300008e+00
1.470000e+01	-2.289061e-02	4.300004e+00
1.473333e+01	-2.289188e-02	4.299999e+00
1.476667e+01	-2.289242e-02	4.299997e+00
1.480000e+01	-2.289211e-02	4.299998e+00
1.483333e+01	-2.289156e-02	4.300000e+00
1.486667e+01	-2.289130e-02	4.300001e+00
1.490000e+01	-2.289142e-02	4.300001e+00
1.493333e+01	-2.289166e-02	4.300000e+00
1.496667e+01	-2.289178e-02	4.299999e+00
15	-2.289174e-02	4.300000e+00
1.503333e+01	-2.289163e-02	4.300000e+00
1.506667e+01	-2.289157e-02	4.300000e+00
1.510000e+01	-2.289159e-02	4.300000e+00
1.513333e+01	-2.289163e-02	4.300000e+00
1.516667e+01	-2.289166e-02	4.300000e+00
1.520000e+01	-2.289166e-02	4.300000e+00
1.523333e+01	-2.289164e-02	4.300000e+00
1.526667e+01	-2.289162e-02	4.300000e+00
1.530000e+01	-2.289163e-02	4.300000e+00
1.533333e+01	-2.289163e-02	4.300000e+00
1.536667e+01	-2.289164e-02	4.300000e+00
1.540000e+01	-2.289164e-02	4.300000e+00
1.543333e+01	-2.289164e-02	4.300000e+00
1.546667e+01	-2.289163e-02	4.300000e+00
1.550000e+01	-2.289163e-02	4.300000e+00
1.553333e+01	-2.289164e-02	4.300000e+00
1.556667e+01	-2.265050e-02	4.301061e+00
1.560000e+01	-2.104816e-02	4.308113e+00
1.563333e+01	-1.638377e-02	4.328639e+00
1.566667e+01	-8.648348e-03	4.362681e+00
1.570000e+01	-8.854157e-04	4.396844e+00
1.573333e+01	3.243844e-03	4.415015e+00
1.576667e+01	2.916258e-03	4.413574e+00
1.580000e+01	4.224900e-04	4.402599e+00
1.583333e+01	-1.410335e-03	4.394534e+00
1.586667e+01	-1.470035e-03	4.394271e+00
1.590000e+01	-4.795733e-04	4.398630e+00
1.593333e+01	3.336122e-04	4.402208e+00
1.596667e+01	1.640026e-04	4.401462e+00
16	-1.849904e-03	4.392599e+00
1.603333e+01	-6.879629e-03	4.370465e+00
1.606667e+01	-1.466538e-02	4.336202e+00
1.610000e+01	-2.225701e-02	4.302793e+00
1.613333e+01	-2.622212e-02	4.285343e+00
1.616667e+01	-2.586402e-02	4.286919e+00
1.620000e+01	-2.344103e-02	4.297582e+00
1.623333e+01	-2.168166e-02	4.305325e+00
1.626667e+01	-2.163902e-02	4.305512e+00
1.630000e+01	-2.260050e-02	4.301281e+00
1.633333e+01	-2.338096e-02	4.297847e+00
1.636667e+01	-2.344342e-02	4.297572e+00
1.640000e+01	-2.304360e-02	4.299331e+00
1.643333e+01	-2.269278e-02	4.300875e+00
1.646667e+01	-2.264711e-02	4.301076e+00
1.650000e+01	-2.281370e-02	4.300343e+00
1.653333e+01	-2.297145e-02	4.299649e+00
1.656667e+01	-2.299962e-02	4.299525e+00
1.660000e+01	-2.293071e-02	4.299828e+00
1.663333e+01	-2.286007e-02	4.300139e+00
1.666667e+01	-2.284415e-02	4.300209e+00
1.670000e+01	-2.287242e-02	4.300085e+00
1.673333e+01	-2.290391e-02	4.299946e+00
1.676667e+01	-2.291242e-02	4.299909e+00
1.680000e+01	-2.290094e-02	4.299959e+00
1.683333e+01	-2.288697e-02	4.300021e+00
1.686667e+01	-2.288258e-02	4.300040e+00
1.690000e+01	-2.312833e-02	4.298958e+00
1.693333e+01	-2.449569e-02	4.292941e+00
1.696667e+01	-2.780110e-02	4.278395e+00
17	-3.247263e-02	4.257837e+00
1.703333e+01	-3.692069e-02	4.238262e+00
1.706667e+01	-3.941901e-02	4.227267e+00
1.710000e+01	-3.806141e-02	4.233242e+00
1.713333e+01	-3.229026e-02	4.258639e+00
1.716667e+01	-2.486121e-02	4.291332e+00
1.720000e+01	-2.001104e-02	4.312677e+00
1.723333e+01	-1.955544e-02	4.314682e+00
1.726667e+01	-2.181198e-02	4.304751e+00
1.730000e+01	-2.389372e-02	4.295590e+00
1.733333e+01	-2.428372e-02	4.293874e+00
1.736667e+01	-2.341115e-02	4.297714e+00
1.740000e+01	-2.250136e-02	4.301718e+00
1.743333e+01	-2.228603e-02	4.302665e+00
1.746667e+01	-2.264007e-02	4.301107e+00
1.750000e+01	-2.304307e-02	4.299334e+00
1.753333e+01	-2.315631e-02	4.298835e+00
1.756667e+01	-2.301287e-02	4.299466e+00
1.760000e+01	-2.283433e-02	4.300252e+00
1.763333e+01	-2.277639e-02	4.300507e+00
1.766667e+01	-2.283383e-02	4.300254e+00
1.770000e+01	-2.291262e-02	4.299908e+00
1.773333e+01	-2.294159e-02	4.299780e+00
1.776667e+01	-2.291892e-02	4.299880e+00
1.780000e+01	-2.288430e-02	4.300032e+00
1.783333e+01	-2.287008e-02	4.300095e+00
1.786667e+01	-2.287887e-02	4.300056e+00
1.790000e+01	-2.289402e-02	4.299990e+00
1.793333e+01	-2.290089e-02	4.299959e+00
1.796667e+01	-2.289756e-02	4.299974e+00
18	-2.289096e-02	4.300003e+00
1.803333e+01	-2.288768e-02	4.300017e+00
1.806667e+01	-2.288891e-02	4.300012e+00
1.810000e+01	-2.289177e-02	4.299999e+00
1.813333e+01	-2.289332e-02	4.299993e+00
1.816667e+01	-2.289289e-02	4.299994e+00
1.820000e+01	-2.289165e-02	4.300000e+00
1.823333e+01	-2.289093e-02	4.300003e+00
1.826667e+01	-2.289107e-02	4.300003e+00
1.830000e+01	-2.289160e-02	4.300000e+00
1.833333e+01	-2.289193e-02	4.299999e+00
1.836667e+01	-2.289189e-02	4.299999e+00
1.840000e+01	-2.289167e-02	4.300000e+00
1.843333e+01	-2.289151e-02	4.300001e+00
1.846667e+01	-2.289152e-02	4.300001e+00
1.850000e+01	-2.289162e-02	4.300000e+00
1.853333e+01	-2.289169e-02	4.300000e+00
1.856667e+01	-2.289169e-02	4.300000e+00
1.860000e+01	-2.289165e-02	4.300000e+00
1.863333e+01	-2.289161e-02	4.300000e+00
1.866667e+01	-2.289161e-02	4.300000e+00
1.870000e+01	-2.289163e-02	4.300000e+00
1.873333e+01	-2.289164e-02	4.300000e+00
1.876667e+01	-2.289165e-02	4.300000e+00
1.880000e+01	-2.289164e-02	4.300000e+00
1.883333e+01	-2.289163e-02	4.300000e+00
1.886667e+01	-2.289163e-02	4.300000e+00
1.890000e+01	-2.289163e-02	4.300000e+00
1.893333e+01	-2.289164e-02	4.300000e+00
1.896667e+01	-2.289164e-02	4.300000e+00
19	-2.289164e-02	4.300000e+00
1.903333e+01	-2.289163e-02	4.300000e+00
1.906667e+01	-2.289163e-02	4.300000e+00
1.910000e+01	-2.289164e-02	4.300000e+00
1.913333e+01	-2.289164e-02	4.300000e+00
1.916667e+01	-2.289164e-02	4.300000e+00
1.920000e+01	-2.289164e-02	4.300000e+00
1.923333e+01	-2.289164e-02	4.300000e+00
1.926667e+01	-2.289164e-02	4.300000e+00
1.930000e+01	-2.289164e-02	4.300000e+00
1.933333e+01	-2.289164e-02	4.300000e+00
1.936667e+01	-2.289164e-02	4.300000e+00
1.940000e+01	-2.289164e-02	4.300000e+00
1.943333e+01	-2.289164e-02	4.300000e+00
1.946667e+01	-2.289164e-02	4.300000e+00
1.950000e+01	-2.289164e-02	4.300000e+00
1.953333e+01	-2.289164e-02	4.300000e+00
1.956667e+01	-2.289164e-02	4.300000e+00
1.960000e+01	-2.289164e-02	4.300000e+00
1.963333e+01	-2.289164e-02	4.300000e+00
1.966667e+01	-2.289164e-02	4.300000e+00
1.970000e+01	-2.289164e-02	4.300000e+00
1.973333e+01	-2.289164e-02	4.300000e+00
1.976667e+01	-2.289164e-02	4.300000e+00
1.980000e+01	-2.289164e-02	4.300000e+00
1.983333e+01	-2.289164e-02	4.300000e+00
1.986667e+01	-2.289164e-02	4.300000e+00
1.990000e+01	-2.289164e-02	4.300000e+00
1.993333e+01	-2.289164e-02	4.300000e+00
1.996667e+01	-2.289164e-02	4.300000e+00
20	-2.289164e-02	4.300000e+00
2.003333e+01	-2.289164e-02	4.300000e+00
2.006667e+01	-2.289164e-02	4.300000e+00
2.010000e+01	-2.289164e-02	4.300000e+00
2.013333e+01	-2.289164e-02	4.300000e+00
2.016667e+01	-2.289164e-02	4.300000e+00
2.020000e+01	-2.289164e-02	4.300000e+00
2.023333e+01	-2.289164e-02	4.300000e+00
2.026667e+01	-2.289164e-02	4.300000e+00
2.030000e+01	-2.289164e-02	4.300000e+00
2.033333e+01	-2.265050e-02	4.301061e+00
2.036667e+01	-2.104816e-02	4.308113e+00
2.040000e+01	-1.638377e-02	4.328639e+00
2.043333e+01	-8.648348e-03	4.362681e+00
2.046667e+01	-8.854161e-04	4.396844e+00
2.050000e+01	3.243843e-03	4.415015e+00
2.053333e+01	2.916258e-03	4.413574e+00
2.056667e+01	4.224902e-04	4.402599e+00
2.060000e+01	-1.410335e-03	4.394534e+00
2.063333e+01	-1.470035e-03	4.394271e+00
2.066667e+01	-4.795734e-04	4.398630e+00
2.070000e+01	3.336122e-04	4.402208e+00
2.073333e+01	4.051419e-04	4.402523e+00
2.076667e+01	-6.430884e-06	4.400712e+00
2.080000e+01	-3.717606e-04	4.399104e+00
2.083333e+01	-4.220910e-04	4.398883e+00
2.086667e+01	-2.507940e-04	4.399636e+00
2.090000e+01	-8.663819e-05	4.400359e+00
2.093333e+01	-5.612838e-05	4.400493e+00
2.096667e+01	-1.269051e-04	4.400182e+00
21	-2.003648e-04	4.399858e+00
2.103333e+01	-2.174217e-04	4.399783e+00
2.106667e+01	-1.884346e-04	4.399911e+00
2.110000e+01	-1.557123e-04	4.400055e+00
2.113333e+01	-1.466461e-04	4.400095e+00
2.116667e+01	-1.583997e-04	4.400043e+00
2.120000e+01	-1.729100e-04	4.399979e+00
2.123333e+01	-1.775662e-04	4.399959e+00
2.126667e+01	-1.728558e-04	4.399979e+00
2.130000e+01	-1.664497e-04	4.400008e+00
2.133333e+01	-1.641175e-04	4.400018e+00
2.136667e+01	-1.659789e-04	4.400010e+00
2.140000e+01	-1.687948e-04	4.399997e+00
2.143333e+01	-4.110800e-04	4.398931e+00
2.146667e+01	-2.012691e-03	4.391883e+00
2.150000e+01	-6.675854e-03	4.371361e+00
2.153333e+01	-1.441072e-02	4.337322e+00
2.156667e+01	-2.217392e-02	4.303158e+00
2.160000e+01	-2.630372e-02	4.284984e+00
2.163333e+01	-2.597640e-02	4.286425e+00
2.166667e+01	-2.348253e-02	4.297400e+00
2.170000e+01	-2.164947e-02	4.305466e+00
2.173333e+01	-2.158965e-02	4.305730e+00
2.176667e+01	-2.258015e-02	4.301371e+00
2.180000e+01	-2.339343e-02	4.297792e+00
2.183333e+01	-2.346502e-02	4.297477e+00
2.186667e+01	-2.305344e-02	4.299288e+00
2.190000e+01	-2.268806e-02	4.300896e+00
2.193333e+01	-2.263771e-02	4.301117e+00
2.196667e+01	-2.280901e-02	4.300364e+00
22	-2.321432e-02	4.298580e+00
2.203333e+01	-2.484718e-02	4.291394e+00
2.206667e+01	-2.944079e-02	4.271179e+00
2.210000e+01	-3.710274e-02	4.237461e+00
2.213333e+01	-4.484861e-02	4.203373e+00
2.216667e+01	-4.900686e-02	4.185074e+00
2.220000e+01	-4.871200e-02	4.186371e+00
2.223333e+01	-4.622730e-02	4.197306e+00
2.226667e+01	-4.438272e-02	4.205423e+00
2.230000e+01	-4.430851e-02	4.205750e+00
2.233333e+01	-4.529432e-02	4.201412e+00
2.236667e+01	-4.611221e-02	4.197812e+00
2.240000e+01	-4.619015e-02	4.197469e+00
2.243333e+01	-4.578091e-02	4.199270e+00
2.246667e+01	-4.541372e-02	4.200886e+00
2.250000e+01	-4.536057e-02	4.201120e+00
2.253333e+01	-4.553072e-02	4.200371e+00
2.256667e+01	-4.569560e-02	4.199646e+00
2.260000e+01	-4.572734e-02	4.199506e+00
2.263333e+01	-4.565712e-02	4.199815e+00
2.266667e+01	-4.558339e-02	4.200140e+00
2.270000e+01	-4.556579e-02	4.200217e+00
2.273333e+01	-4.559451e-02	4.200091e+00
2.276667e+01	-4.562734e-02	4.199946e+00
2.280000e+01	-4.563664e-02	4.199905e+00
2.283333e+01	-4.538387e-02	4.201018e+00
2.286667e+01	-4.376699e-02	4.208133e+00
2.290000e+01	-3.909784e-02	4.228681e+00
2.293333e+01	-3.136707e-02	4.262702e+00
2.296667e+01	-2.361056e-02	4.296836e+00
23	-1.948367e-02	4.314998e+00
2.303333e+01	-1.980942e-02	4.313564e+00
2.306667e+01	-2.230037e-02	4.302602e+00
2.310000e+01	-2.413203e-02	4.294541e+00
2.313333e+01	-2.419244e-02	4.294275e+00
2.316667e+01	-2.320321e-02	4.298629e+00
2.320000e+01	-2.239059e-02	4.302205e+00
2.323333e+01	-2.255993e-02	4.301460e+00
2.326667e+01	-2.457330e-02	4.292599e+00
2.330000e+01	-2.960276e-02	4.270466e+00
2.333333e+01	-3.738861e-02	4.236203e+00
2.336667e+01	-4.498047e-02	4.202793e+00
2.340000e+01	-4.894570e-02	4.185343e+00
2.343333e+01	-4.858757e-02	4.186919e+00
2.346667e+01	-4.616448e-02	4.197582e+00
2.350000e+01	-4.440506e-02	4.205325e+00
2.353333e+01	-4.412129e-02	4.206574e+00
2.356667e+01	-4.348047e-02	4.209394e+00
2.360000e+01	-3.959657e-02	4.226486e+00
2.363333e+01	-3.192361e-02	4.260253e+00
2.366667e+01	-2.376084e-02	4.296175e+00
2.370000e+01	-1.928075e-02	4.315891e+00
2.373333e+01	-1.956266e-02	4.314650e+00
2.376667e+01	-2.222302e-02	4.302942e+00
2.380000e+01	-2.421360e-02	4.294182e+00
2.383333e+01	-2.430148e-02	4.293796e+00
2.386667e+01	-2.324210e-02	4.298458e+00
2.390000e+01	-2.235827e-02	4.302347e+00
2.393333e+01	-2.227083e-02	4.302732e+00
2.396667e+01	-2.271066e-02	4.300796e+00
24	-2.310748e-02	4.299050e+00
2.403333e+01	-2.316633e-02	4.298791e+00
2.406667e+01	-2.298355e-02	4.299596e+00
2.410000e+01	-2.280542e-02	4.300379e+00
2.413333e+01	-2.277052e-02	4.300533e+00
2.416667e+01	-2.284591e-02	4.300201e+00
2.420000e+01	-2.292554e-02	4.299851e+00
2.423333e+01	-2.294480e-02	4.299766e+00
2.426667e+01	-2.291399e-02	4.299902e+00
2.430000e+01	-2.287855e-02	4.300058e+00
2.433333e+01	-2.286840e-02	4.300102e+00
2.436667e+01	-2.288086e-02	4.300047e+00
2.440000e+01	-2.289656e-02	4.299978e+00
2.443333e+01	-2.290175e-02	4.299956e+00
2.446667e+01	-2.289676e-02	4.299977e+00
2.450000e+01	-2.288984e-02	4.300008e+00
2.453333e+01	-2.288726e-02	4.300019e+00
2.456667e+01	-2.288922e-02	4.300011e+00
2.460000e+01	-2.289226e-02	4.299997e+00
2.463333e+01	-2.289352e-02	4.299992e+00
2.466667e+01	-2.289277e-02	4.299995e+00
2.470000e+01	-2.289144e-02	4.300001e+00
2.473333e+01	-2.289083e-02	4.300004e+00
2.476667e+01	-2.289111e-02	4.300002e+00
2.480000e+01	-2.289169e-02	4.300000e+00
2.483333e+01	-2.289198e-02	4.299998e+00
2.486667e+01	-2.289188e-02	4.299999e+00
2.490000e+01	-2.289163e-02	4.300000e+00
2.493333e+01	-2.289149e-02	4.300001e+00
2.496667e+01	-2.289153e-02	4.300000e+00
25	-2.289163e-02	4.300000e+00
2.503333e+01	-2.289170e-02	4.300000e+00
2.506667e+01	-2.289169e-02	4.300000e+00
2.510000e+01	-2.289164e-02	4.300000e+00
2.513333e+01	-2.289161e-02	4.300000e+00
2.516667e+01	-2.289161e-02	4.300000e+00
2.520000e+01	-2.289163e-02	4.300000e+00
2.523333e+01	-2.289165e-02	4.300000e+00
2.526667e+01	-2.289165e-02	4.300000e+00
2.530000e+01	-2.289164e-02	4.300000e+00
2.533333e+01	-2.289163e-02	4.300000e+00
2.536667e+01	-2.289163e-02	4.300000e+00
2.540000e+01	-2.289163e-02	4.300000e+00
2.543333e+01	-2.289164e-02	4.300000e+00
2.546667e+01	-2.289164e-02	4.300000e+00
2.550000e+01	-2.289164e-02	4.300000e+00
2.553333e+01	-2.289163e-02	4.300000e+00
2.556667e+01	-2.289163e-02	4.300000e+00
2.560000e+01	-2.289164e-02	4.300000e+00
2.563333e+01	-2.289164e-02	4.300000e+00
2.566667e+01	-2.289164e-02	4.300000e+00
2.570000e+01	-2.289164e-02	4.300000e+00
2.573333e+01	-2.289164e-02	4.300000e+00
2.576667e+01	-2.289164e-02	4.300000e+00
2.580000e+01	-2.289164e-02	4.300000e+00
2.583333e+01	-2.289164e-02	4.300000e+00
2.586667e+01	-2.289164e-02	4.300000e+00
2.590000e+01	-2.289164e-02	4.300000e+00
2.593333e+01	-2.289164e-02	4.300000e+00
2.596667e+01	-2.289164e-02	4.300000e+00
26	-2.289164e-02	4.300000e+00
2.603333e+01	-2.289164e-02	4.300000e+00
2.606667e+01	-2.289164e-02	4.300000e+00
2.610000e+01	-2.289164e-02	4.300000e+00
2.613333e+01	-2.289164e-02	4.300000e+00
2.616667e+01	-2.289164e-02	4.300000e+00
2.620000e+01	-2.289164e-02	4.300000e+00
2.623333e+01	-2.289164e-02	4.300000e+00
2.626667e+01	-2.289164e-02	4.300000e+00
2.630000e+01	-2.289164e-02	4.300000e+00
2.633333e+01	-2.289164e-02	4.300000e+00
2.636667e+01	-2.289164e-02	4.300000e+00
2.640000e+01	-2.289164e-02	4.300000e+00
2.643333e+01	-2.265050e-02	4.301061e+00
2.646667e+01	-2.104816e-02	4.308113e+00
2.650000e+01	-1.638377e-02	4.328639e+00
2.653333e+01	-8.648348e-03	4.362681e+00
2.656667e+01	-8.854161e-04	4.396844e+00
2.660000e+01	3.243843e-03	4.415015e+00
2.663333e+01	2.916258e-03	4.413574e+00
2.666667e+01	4.224902e-04	4.402599e+00
2.670000e+01	-1.410335e-03	4.394534e+00
2.673333e+01	-1.470035e-03	4.394271e+00
2.676667e+01	-4.795734e-04	4.398630e+00
2.680000e+01	3.336122e-04	4.402208e+00
2.683333e+01	4.051419e-04	4.402523e+00
2.686667e+01	-6.430884e-06	4.400712e+00
2.690000e+01	-3.717606e-04	4.399104e+00
2.693333e+01	-4.220910e-04	4.398883e+00
2.696667e+01	-2.507940e-04	4.399636e+00
27	-8.663819e-05	4.400359e+00
2.703333e+01	-5.612838e-05	4.400493e+00
2.706667e+01	-1.269051e-04	4.400182e+00
2.710000e+01	-2.003648e-04	4.399858e+00
2.713333e+01	-2.174217e-04	4.399783e+00
2.716667e+01	-1.884346e-04	4.399911e+00
2.720000e+01	-1.557123e-04	4.400055e+00
2.723333e+01	-1.466461e-04	4.400095e+00
2.726667e+01	-1.583997e-04	4.400043e+00
2.730000e+01	-1.729100e-04	4.399979e+00
2.733333e+01	-1.775662e-04	4.399959e+00
2.736667e+01	-4.139951e-04	4.398918e+00
2.740000e+01	-2.009923e-03	4.391895e+00
2.743333e+01	-6.671986e-03	4.371378e+00
2.746667e+01	-1.416813e-02	4.338390e+00
2.750000e+01	-2.033154e-02	4.311266e+00
2.753333e+01	-1.979755e-02	4.313616e+00
2.756667e+01	-1.173382e-02	4.349103e+00
2.760000e+01	-1.475892e-03	4.394245e+00
2.763333e+01	4.245608e-03	4.419424e+00
2.766667e+01	2.375115e-03	4.411192e+00
2.770000e+01	-5.532908e-03	4.376391e+00
2.773333e+01	-1.455341e-02	4.336694e+00
2.776667e+01	-1.938541e-02	4.315430e+00
2.780000e+01	-1.880024e-02	4.318005e+00
2.783333e+01	-1.590530e-02	4.330745e+00
2.786667e+01	-1.386132e-02	4.339740e+00
2.790000e+01	-1.399729e-02	4.339142e+00
2.793333e+01	-1.660580e-02	4.327662e+00
2.796667e+01	-2.064982e-02	4.309866e+00
28	-2.390461e-02	4.295542e+00
2.803333e+01	-2.485452e-02	4.291362e+00
2.806667e+01	-2.391172e-02	4.295511e+00
2.810000e+01	-2.261470e-02	4.301219e+00
2.813333e+01	-2.210350e-02	4.303468e+00
2.816667e+01	-2.267310e-02	4.300962e+00
2.820000e+01	-2.482549e-02	4.291490e+00
2.823333e+01	-2.973463e-02	4.269886e+00
2.826667e+01	-3.734645e-02	4.236388e+00
2.830000e+01	-4.487104e-02	4.203274e+00
2.833333e+01	-4.888382e-02	4.185615e+00
2.836667e+01	-4.860203e-02	4.186855e+00
2.840000e+01	-4.621166e-02	4.197375e+00
2.843333e+01	-4.443392e-02	4.205198e+00
2.846667e+01	-4.435793e-02	4.205532e+00
2.850000e+01	-4.530372e-02	4.201370e+00
2.853333e+01	-4.609108e-02	4.197905e+00
2.856667e+01	-4.616804e-02	4.197567e+00
2.860000e+01	-4.553454e-02	4.200354e+00
2.863333e+01	-4.357889e-02	4.208961e+00
2.866667e+01	-3.886255e-02	4.229716e+00
2.870000e+01	-3.129020e-02	4.263040e+00
2.873333e+01	-2.392702e-02	4.295444e+00
2.876667e+01	-2.143097e-02	4.306428e+00
2.880000e+01	-2.635568e-02	4.284756e+00
2.883333e+01	-3.651395e-02	4.240052e+00
2.886667e+01	-4.609264e-02	4.197898e+00
2.890000e+01	-5.030910e-02	4.179343e+00
2.893333e+01	-4.902262e-02	4.185004e+00
2.896667e+01	-4.572467e-02	4.199518e+00
29	-4.380918e-02	4.207947e+00
2.903333e+01	-4.414707e-02	4.206460e+00
2.906667e+01	-4.549826e-02	4.200514e+00
2.910000e+01	-4.636623e-02	4.196694e+00
2.913333e+01	-4.627263e-02	4.197106e+00
2.916667e+01	-4.569920e-02	4.199630e+00
2.920000e+01	-4.530160e-02	4.201380e+00
2.923333e+01	-4.531934e-02	4.201301e+00
2.926667e+01	-4.556297e-02	4.200229e+00
2.930000e+01	-4.574486e-02	4.199429e+00
2.933333e+01	-4.550643e-02	4.200478e+00
2.936667e+01	-4.380114e-02	4.207983e+00
2.940000e+01	-3.905396e-02	4.228874e+00
2.943333e+01	-3.131273e-02	4.262941e+00
2.946667e+01	-2.359303e-02	4.296913e+00
2.950000e+01	-1.950125e-02	4.314920e+00
2.953333e+01	-1.983341e-02	4.313458e+00
2.956667e+01	-2.230914e-02	4.302563e+00
2.960000e+01	-2.412509e-02	4.294572e+00
2.963333e+01	-2.418190e-02	4.294322e+00
2.966667e+01	-2.319891e-02	4.298648e+00
2.970000e+01	-2.239328e-02	4.302193e+00
2.973333e+01	-2.232341e-02	4.302501e+00
2.976667e+01	-2.273191e-02	4.300703e+00
2.980000e+01	-2.309387e-02	4.299110e+00
2.983333e+01	-2.290217e-02	4.299954e+00
2.986667e+01	-2.112979e-02	4.307753e+00
2.990000e+01	-1.630273e-02	4.328996e+00
2.993333e+01	-8.537265e-03	4.363170e+00
2.996667e+01	-8.446079e-04	4.397023e+00
30	3.211854e-03	4.414875e+00
3.003333e+01	2.867444e-03	4.413359e+00
3.006667e+01	6.436035e-04	4.403572e+00
3.010000e+01	4.455430e-04	4.402701e+00
3.013333e+01	5.059189e-03	4.423004e+00
3.016667e+01	1.377339e-02	4.461353e+00
3.020000e+01	2.209399e-02	4.497970e+00
3.023333e+01	2.468784e-02	4.509385e+00
3.026667e+01	1.928897e-02	4.485626e+00
3.030000e+01	8.700806e-03	4.439030e+00
3.033333e+01	-9.429763e-04	4.396590e+00
3.036667e+01	-4.962489e-03	4.378902e+00
3.040000e+01	-3.483078e-03	4.385412e+00
3.043333e+01	-1.467477e-04	4.400094e+00
3.046667e+01	1.687550e-03	4.408167e+00
3.050000e+01	1.263439e-03	4.406300e+00
3.053333e+01	-1.088607e-04	4.400261e+00
3.056667e+01	-9.436630e-04	4.396587e+00
3.060000e+01	-8.117058e-04	4.397168e+00
3.063333e+01	-2.271732e-04	4.399740e+00
3.066667e+01	3.981528e-04	4.402492e+00
3.070000e+01	1.965761e-03	4.409391e+00
3.073333e+01	6.380867e-03	4.428821e+00
3.076667e+01	1.393975e-02	4.462085e+00
3.080000e+01	2.170746e-02	4.496269e+00
3.083333e+01	2.594250e-02	4.514906e+00
3.086667e+01	2.569559e-02	4.513820e+00
3.090000e+01	2.320435e-02	4.502856e+00
3.093333e+01	2.132691e-02	4.494594e+00
3.096667e+01	2.123055e-02	4.494170e+00
31	2.221787e-02	4.498515e+00
3.103333e+01	2.304976e-02	4.502176e+00
3.106667e+01	2.313786e-02	4.502564e+00
3.110000e+01	2.272855e-02	4.500763e+00
3.113333e+01	2.235543e-02	4.499121e+00
3.116667e+01	2.229765e-02	4.498866e+00
3.120000e+01	2.246757e-02	4.499614e+00
3.123333e+01	2.263494e-02	4.500351e+00
3.126667e+01	2.266879e-02	4.500500e+00
3.130000e+01	2.259878e-02	4.500192e+00
3.133333e+01	2.252400e-02	4.499862e+00
3.136667e+01	2.250546e-02	4.499781e+00
3.140000e+01	2.253404e-02	4.499907e+00
3.143333e+01	2.256729e-02	4.500053e+00
3.146667e+01	2.257702e-02	4.500096e+00
3.150000e+01	2.232434e-02	4.498984e+00
3.153333e+01	2.070728e-02	4.491867e+00
3.156667e+01	1.603794e-02	4.471319e+00
3.160000e+01	8.307122e-03	4.437298e+00
3.163333e+01	5.506812e-04	4.403164e+00
3.166667e+01	-3.576118e-03	4.385003e+00
3.170000e+01	-3.250343e-03	4.386436e+00
3.173333e+01	-7.594232e-04	4.397398e+00
3.176667e+01	1.072200e-03	4.405459e+00
3.180000e+01	1.132598e-03	4.405724e+00
3.183333e+01	1.433810e-04	4.401371e+00
3.186667e+01	-6.692256e-04	4.397795e+00
3.190000e+01	-7.410179e-04	4.397479e+00
3.193333e+01	-3.299867e-04	4.399288e+00
3.196667e+01	3.506742e-05	4.400894e+00
32	8.549342e-05	4.401116e+00
3.203333e+01	-8.556908e-05	4.400364e+00
3.206667e+01	-2.495950e-04	4.399642e+00
3.210000e+01	-2.801379e-04	4.399507e+00
3.213333e+01	-2.094623e-04	4.399818e+00
3.216667e+01	-1.360633e-04	4.400141e+00
3.220000e+01	-1.189958e-04	4.400216e+00
3.223333e+01	-1.479395e-04	4.400089e+00
3.226667e+01	-1.806337e-04	4.399945e+00
3.230000e+01	-1.897028e-04	4.399905e+00
3.233333e+01	-1.779677e-04	4.399957e+00
3.236667e+01	-1.634703e-04	4.400021e+00
3.240000e+01	-1.588136e-04	4.400041e+00
3.243333e+01	-1.635162e-04	4.400021e+00
3.246667e+01	-1.699164e-04	4.399992e+00
3.250000e+01	-1.722484e-04	4.399982e+00
3.253333e+01	7.074895e-05	4.401051e+00
3.256667e+01	1.675896e-03	4.408115e+00
3.260000e+01	6.341437e-03	4.428647e+00
3.263333e+01	1.407613e-02	4.462686e+00
3.266667e+01	2.183784e-02	4.496843e+00
3.270000e+01	2.596654e-02	4.515012e+00
3.273333e+01	2.563923e-02	4.513572e+00
3.276667e+01	2.314600e-02	4.502600e+00
3.280000e+01	2.155458e-02	4.495596e+00
3.283333e+01	2.309711e-02	4.502385e+00
3.286667e+01	2.875173e-02	4.527269e+00
3.290000e+01	3.730021e-02	4.564889e+00
3.293333e+01	4.513471e-02	4.599366e+00
3.296667e+01	4.885250e-02	4.615727e+00
33	4.815964e-02	4.612678e+00
3.303333e+01	4.561553e-02	4.601482e+00
3.306667e+01	4.395396e-02	4.594170e+00
3.310000e+01	4.405839e-02	4.594630e+00
3.313333e+01	4.507936e-02	4.599123e+00
3.316667e+01	4.582179e-02	4.602390e+00
3.320000e+01	4.581987e-02	4.602381e+00
3.323333e+01	4.515010e-02	4.599434e+00
3.326667e+01	4.321142e-02	4.590902e+00
3.330000e+01	3.852941e-02	4.570298e+00
3.333333e+01	3.097435e-02	4.537050e+00
3.336667e+01	2.336383e-02	4.503558e+00
3.340000e+01	1.925057e-02	4.485457e+00
3.343333e+01	1.950272e-02	4.486567e+00
3.346667e+01	2.216888e-02	4.498300e+00
3.350000e+01	2.559339e-02	4.513370e+00
3.353333e+01	3.034880e-02	4.534297e+00
3.356667e+01	3.712462e-02	4.564116e+00
3.360000e+01	4.408062e-02	4.594727e+00
3.363333e+01	4.812545e-02	4.612528e+00
3.366667e+01	4.819565e-02	4.612837e+00
3.370000e+01	4.606378e-02	4.603455e+00
3.373333e+01	4.428655e-02	4.595634e+00
3.376667e+01	4.406169e-02	4.594644e+00
3.380000e+01	4.488979e-02	4.598288e+00
3.383333e+01	4.567034e-02	4.601723e+00
3.386667e+01	4.580993e-02	4.602338e+00
3.390000e+01	4.547091e-02	4.600846e+00
3.393333e+01	4.512348e-02	4.599317e+00
3.396667e+01	4.504536e-02	4.598973e+00
34	4.518439e-02	4.599585e+00
3.403333e+01	4.533915e-02	4.600266e+00
3.406667e+01	4.538088e-02	4.600450e+00
3.410000e+01	4.532440e-02	4.600201e+00
3.413333e+01	4.549686e-02	4.600960e+00
3.416667e+01	4.707766e-02	4.607917e+00
3.420000e+01	5.176474e-02	4.628543e+00
3.423333e+01	5.953050e-02	4.662718e+00
3.426667e+01	6.730426e-02	4.696929e+00
3.430000e+01	7.142453e-02	4.715061e+00
3.433333e+01	7.084246e-02	4.712499e+00
3.436667e+01	6.674102e-02	4.694450e+00
3.440000e+01	6.024730e-02	4.665873e+00
3.443333e+01	5.245803e-02	4.631594e+00
3.446667e+01	4.568815e-02	4.601802e+00
3.450000e+01	4.237074e-02	4.587203e+00
3.453333e+01	4.276730e-02	4.588948e+00
3.456667e+01	4.484826e-02	4.598106e+00
3.460000e+01	4.631625e-02	4.604566e+00
3.463333e+01	4.632673e-02	4.604612e+00
3.466667e+01	4.550815e-02	4.601010e+00
3.470000e+01	4.485894e-02	4.598153e+00
3.473333e+01	4.481744e-02	4.597970e+00
3.476667e+01	4.515796e-02	4.599469e+00
3.480000e+01	4.544989e-02	4.600753e+00
3.483333e+01	4.548337e-02	4.600901e+00
3.486667e+01	4.534119e-02	4.600275e+00
3.490000e+01	4.520974e-02	4.599696e+00
3.493333e+01	4.518821e-02	4.599602e+00
3.496667e+01	4.524717e-02	4.599861e+00
35	4.530613e-02	4.600121e+00
3.503333e+01	4.531856e-02	4.600175e+00
3.506667e+01	4.529431e-02	4.600069e+00
3.510000e+01	4.526800e-02	4.599953e+00
3.513333e+01	4.526125e-02	4.599923e+00
3.516667e+01	4.527113e-02	4.599967e+00
3.520000e+01	4.528282e-02	4.600018e+00
3.523333e+01	4.528634e-02	4.600034e+00
3.526667e+01	4.528236e-02	4.600016e+00
3.530000e+01	4.527718e-02	4.599993e+00
3.533333e+01	4.527540e-02	4.599985e+00
3.536667e+01	4.527699e-02	4.599992e+00
3.540000e+01	4.527927e-02	4.600002e+00
3.543333e+01	4.528015e-02	4.600006e+00
3.546667e+01	4.527953e-02	4.600004e+00
3.550000e+01	4.527853e-02	4.599999e+00
3.553333e+01	4.527810e-02	4.599997e+00
3.556667e+01	4.527834e-02	4.599998e+00
3.560000e+01	4.527877e-02	4.600000e+00
3.563333e+01	4.527898e-02	4.600001e+00
3.566667e+01	4.527889e-02	4.600001e+00
3.570000e+01	4.527870e-02	4.600000e+00
3.573333e+01	4.527860e-02	4.600000e+00
3.576667e+01	4.527864e-02	4.600000e+00
3.580000e+01	4.527872e-02	4.600000e+00
3.583333e+01	4.527876e-02	4.600000e+00
3.586667e+01	4.527875e-02	4.600000e+00
3.590000e+01	4.527872e-02	4.600000e+00
3.593333e+01	4.527870e-02	4.600000e+00
3.596667e+01	4.527870e-02	4.600000e+00
36	4.527871e-02	4.600000e+00
3.603333e+01	4.527872e-02	4.600000e+00
3.606667e+01	4.527872e-02	4.600000e+00
3.610000e+01	4.527872e-02	4.600000e+00
3.613333e+01	4.527871e-02	4.600000e+00
3.616667e+01	4.527871e-02	4.600000e+00
3.620000e+01	4.527871e-02	4.600000e+00
3.623333e+01	4.527872e-02	4.600000e+00
3.626667e+01	4.527872e-02	4.600000e+00
3.630000e+01	4.527872e-02	4.600000e+00
3.633333e+01	4.527871e-02	4.600000e+00
3.636667e+01	4.527871e-02	4.600000e+00
3.640000e+01	4.527872e-02	4.600000e+00
3.643333e+01	4.527872e-02	4.600000e+00
3.646667e+01	4.527872e-02	4.600000e+00
3.650000e+01	4.527872e-02	4.600000e+00
3.653333e+01	4.527872e-02	4.600000e+00
3.656667e+01	4.527872e-02	4.600000e+00
3.660000e+01	4.527872e-02	4.600000e+00
3.663333e+01	4.527872e-02	4.600000e+00
3.666667e+01	4.527872e-02	4.600000e+00
3.670000e+01	4.527872e-02	4.600000e+00
3.673333e+01	4.527872e-02	4.600000e+00
3.676667e+01	4.527872e-02	4.600000e+00
3.680000e+01	4.527872e-02	4.600000e+00
3.683333e+01	4.527872e-02	4.600000e+00
3.686667e+01	4.527872e-02	4.600000e+00
3.690000e+01	4.527872e-02	4.600000e+00
3.693333e+01	4.503758e-02	4.598939e+00
3.696667e+01	4.343524e-02	4.591887e+00
37	3.877085e-02	4.571361e+00
3.703333e+01	3.103543e-02	4.537319e+00
3.706667e+01	2.327250e-02	4.503156e+00
3.710000e+01	1.914324e-02	4.484985e+00
3.713333e+01	1.947082e-02	4.486426e+00
3.716667e+01	2.196459e-02	4.497401e+00
3.720000e+01	2.379742e-02	4.505466e+00
3.723333e+01	2.385712e-02	4.505729e+00
3.726667e+01	2.286665e-02	4.501370e+00
3.730000e+01	2.205347e-02	4.497792e+00
3.733333e+01	2.198194e-02	4.497477e+00
3.736667e+01	2.239351e-02	4.499288e+00
3.740000e+01	2.275884e-02	4.500896e+00
3.743333e+01	2.280917e-02	4.501117e+00
3.746667e+01	2.263787e-02	4.500364e+00
3.750000e+01	2.247372e-02	4.499641e+00
3.753333e+01	2.244321e-02	4.499507e+00
3.756667e+01	2.251399e-02	4.499818e+00
3.760000e+01	2.258744e-02	4.500142e+00
3.763333e+01	2.260450e-02	4.500217e+00
3.766667e+01	2.257551e-02	4.500089e+00
3.770000e+01	2.254279e-02	4.499945e+00
3.773333e+01	2.253373e-02	4.499905e+00
3.776667e+01	2.254548e-02	4.499957e+00
3.780000e+01	2.255999e-02	4.500021e+00
3.783333e+01	2.256465e-02	4.500041e+00
3.786667e+01	2.231880e-02	4.498959e+00
3.790000e+01	2.071006e-02	4.491880e+00
3.793333e+01	1.604333e-02	4.471343e+00
3.796667e+01	8.309772e-03	4.437309e+00
38	5.496555e-04	4.403159e+00
3.803333e+01	-3.578458e-03	4.384992e+00
3.806667e+01	-3.251596e-03	4.386431e+00
3.810000e+01	-7.590600e-04	4.397400e+00
3.813333e+01	1.073211e-03	4.405463e+00
3.816667e+01	1.133185e-03	4.405727e+00
3.820000e+01	1.432605e-04	4.401371e+00
3.823333e+01	-6.696601e-04	4.397793e+00
3.826667e+01	-7.412910e-04	4.397478e+00
3.830000e+01	-3.299511e-04	4.399288e+00
3.833333e+01	3.525326e-05	4.400895e+00
3.836667e+01	8.561948e-05	4.401117e+00
3.840000e+01	-8.557700e-05	4.400364e+00
3.843333e+01	-2.496741e-04	4.399641e+00
3.846667e+01	-2.801957e-04	4.399507e+00
3.850000e+01	-2.094622e-04	4.399818e+00
3.853333e+01	-1.360299e-04	4.400142e+00
3.856667e+01	-1.189695e-04	4.400217e+00
3.860000e+01	-1.479380e-04	4.400089e+00
3.863333e+01	-1.806477e-04	4.399945e+00
3.866667e+01	-1.897148e-04	4.399905e+00
3.870000e+01	-1.779690e-04	4.399957e+00
3.873333e+01	-1.634644e-04	4.400021e+00
3.876667e+01	-1.588082e-04	4.400041e+00
3.880000e+01	-1.635153e-04	4.400021e+00
3.883333e+01	-1.699188e-04	4.399992e+00
3.886667e+01	-1.722509e-04	4.399982e+00
3.890000e+01	-1.703908e-04	4.399990e+00
3.893333e+01	-1.675761e-04	4.400003e+00
3.896667e+01	-1.664303e-04	4.400008e+00
39	-1.671526e-04	4.400005e+00
3.903333e+01	-1.683845e-04	4.399999e+00
3.906667e+01	-1.689389e-04	4.399997e+00
3.910000e+01	-1.686646e-04	4.399998e+00
3.913333e+01	-1.681279e-04	4.400000e+00
3.916667e+01	-1.678629e-04	4.400001e+00
3.920000e+01	-1.679640e-04	4.400001e+00
3.923333e+01	-1.681969e-04	4.400000e+00
3.926667e+01	-1.683221e-04	4.399999e+00
3.930000e+01	-1.682864e-04	4.400000e+00
3.933333e+01	-4.093252e-04	4.398939e+00
3.936667e+01	-2.011601e-03	4.391888e+00
3.940000e+01	-6.676007e-03	4.371361e+00
3.943333e+01	-1.441147e-02	4.337319e+00
3.946667e+01	-2.217443e-02	4.303156e+00
3.950000e+01	-2.630368e-02	4.284984e+00
3.953333e+01	-2.597608e-02	4.286426e+00
3.956667e+01	-2.348230e-02	4.297401e+00
3.960000e+01	-2.164948e-02	4.305466e+00
3.963333e+01	-2.158978e-02	4.305729e+00
3.966667e+01	-2.258025e-02	4.301370e+00
3.970000e+01	-2.339344e-02	4.297792e+00
3.973333e+01	-2.346496e-02	4.297477e+00
3.976667e+01	-2.305339e-02	4.299288e+00
3.980000e+01	-2.292920e-02	4.299835e+00
3.983333e+01	-2.448120e-02	4.293005e+00
3.986667e+01	-2.931690e-02	4.271724e+00
3.990000e+01	-3.721647e-02	4.236960e+00
3.993333e+01	-4.500991e-02	4.202663e+00
3.996667e+01	-4.906839e-02	4.184803e+00
40	-4.866735e-02	4.186568e+00
4.003333e+01	-4.615652e-02	4.197617e+00
4.006667e+01	-4.435269e-02	4.205555e+00
4.010000e+01	-4.432571e-02	4.205674e+00
4.013333e+01	-4.532524e-02	4.201276e+00
4.016667e+01	-4.612667e-02	4.197749e+00
4.020000e+01	-4.618369e-02	4.197498e+00
4.023333e+01	-4.576746e-02	4.199329e+00
4.026667e+01	-4.564798e-02	4.199855e+00
4.030000e+01	-4.720639e-02	4.192997e+00
4.033333e+01	-5.204441e-02	4.171706e+00
4.036667e+01	-5.994213e-02	4.136950e+00
4.040000e+01	-6.773275e-02	4.102666e+00
4.043333e+01	-7.179009e-02	4.084811e+00
4.046667e+01	-7.138977e-02	4.086572e+00
4.050000e+01	-6.888017e-02	4.097616e+00
4.053333e+01	-6.707689e-02	4.105552e+00
4.056667e+01	-6.704964e-02	4.105672e+00
4.060000e+01	-6.804863e-02	4.101276e+00
4.063333e+01	-6.884980e-02	4.097750e+00
4.066667e+01	-6.890692e-02	4.097499e+00
4.070000e+01	-6.849092e-02	4.099329e+00
4.073333e+01	-6.813043e-02	4.100916e+00
4.076667e+01	-6.808647e-02	4.101109e+00
4.080000e+01	-6.826000e-02	4.100346e+00
4.083333e+01	-6.842223e-02	4.099632e+00
4.086667e+01	-6.844994e-02	4.099510e+00
4.090000e+01	-6.837806e-02	4.099826e+00
4.093333e+01	-6.830535e-02	4.100146e+00
4.096667e+01	-6.828952e-02	4.100216e+00
41	-6.831904e-02	4.100086e+00
4.103333e+01	-6.835148e-02	4.099943e+00
4.106667e+01	-6.836001e-02	4.099906e+00
4.110000e+01	-6.834800e-02	4.099958e+00
4.113333e+01	-6.833359e-02	4.100022e+00
4.116667e+01	-6.832917e-02	4.100041e+00
4.120000e+01	-6.833400e-02	4.100020e+00
4.123333e+01	-6.834037e-02	4.099992e+00
4.126667e+01	-6.834260e-02	4.099982e+00
4.130000e+01	-6.834068e-02	4.099991e+00
4.133333e+01	-6.833788e-02	4.100003e+00
4.136667e+01	-6.833678e-02	4.100008e+00
4.140000e+01	-6.833753e-02	4.100004e+00
4.143333e+01	-6.833876e-02	4.099999e+00
4.146667e+01	-6.833929e-02	4.099997e+00
4.150000e+01	-6.833901e-02	4.099998e+00
4.153333e+01	-6.833847e-02	4.100000e+00
4.156667e+01	-6.833821e-02	4.100001e+00
4.160000e+01	-6.833832e-02	4.100001e+00
4.163333e+01	-6.833855e-02	4.100000e+00
4.166667e+01	-6.833867e-02	4.099999e+00
4.170000e+01	-6.833864e-02	4.100000e+00
4.173333e+01	-6.833854e-02	4.100000e+00
4.176667e+01	-6.833848e-02	4.100000e+00
4.180000e+01	-6.833849e-02	4.100000e+00
4.183333e+01	-6.833853e-02	4.100000e+00
4.186667e+01	-6.833856e-02	4.100000e+00
4.190000e+01	-6.833856e-02	4.100000e+00
4.193333e+01	-6.833854e-02	4.100000e+00
4.196667e+01	-6.833853e-02	4.100000e+00
42	-6.833853e-02	4.100000e+00
4.203333e+01	-6.833853e-02	4.100000e+00
4.206667e+01	-6.833854e-02	4.100000e+00
4.210000e+01	-6.833854e-02	4.100000e+00
4.213333e+01	-6.833854e-02	4.100000e+00
4.216667e+01	-6.833853e-02	4.100000e+00
4.220000e+01	-6.833853e-02	4.100000e+00
4.223333e+01	-6.809740e-02	4.101061e+00
4.226667e+01	-6.649506e-02	4.108113e+00
4.230000e+01	-6.183067e-02	4.128639e+00
4.233333e+01	-5.409525e-02	4.162681e+00
4.236667e+01	-4.633232e-02	4.196844e+00
4.240000e+01	-4.196192e-02	4.216077e+00
4.243333e+01	-4.068717e-02	4.221686e+00
4.246667e+01	-3.851654e-02	4.231239e+00
4.250000e+01	-3.261395e-02	4.257215e+00
4.253333e+01	-2.466958e-02	4.292176e+00
4.256667e+01	-1.794752e-02	4.321758e+00
4.260000e+01	-1.279753e-02	4.344422e+00
4.263333e+01	-7.484346e-03	4.367803e+00
4.266667e+01	-1.965812e-03	4.392089e+00
4.270000e+01	1.738418e-03	4.408390e+00
4.273333e+01	2.350964e-03	4.411086e+00
4.276667e+01	8.416786e-04	4.404444e+00
4.280000e+01	-7.554613e-04	4.397416e+00
4.283333e+01	-1.437364e-03	4.394415e+00
4.286667e+01	-2.485342e-03	4.389803e+00
4.290000e+01	-6.460342e-03	4.372310e+00
4.293333e+01	-1.372885e-02	4.340323e+00
4.296667e+01	-2.010788e-02	4.312251e+00
43	-1.987484e-02	4.313276e+00
4.303333e+01	-1.192388e-02	4.348266e+00
4.306667e+01	-1.581094e-03	4.393782e+00
4.310000e+01	4.513579e-03	4.420603e+00
4.313333e+01	4.300535e-03	4.419666e+00
4.316667e+01	7.829605e-04	4.404186e+00
4.320000e+01	-1.921038e-03	4.392286e+00
4.323333e+01	-2.078746e-03	4.391592e+00
4.326667e+01	-6.640959e-04	4.397818e+00
4.330000e+01	5.396696e-04	4.403115e+00
4.333333e+01	6.741606e-04	4.403707e+00
4.336667e+01	8.666615e-05	4.401122e+00
4.340000e+01	-4.537652e-04	4.398743e+00
4.343333e+01	-5.405685e-04	4.398361e+00
4.346667e+01	-2.968747e-04	4.399434e+00
4.350000e+01	-5.453614e-05	4.400500e+00
4.353333e+01	-4.179317e-06	4.400722e+00
4.356667e+01	-1.044710e-04	4.400280e+00
4.360000e+01	-2.126813e-04	4.399804e+00
4.363333e+01	-2.400997e-04	4.399684e+00
4.366667e+01	-1.992089e-04	4.399863e+00
4.370000e+01	-1.511094e-04	4.400075e+00
4.373333e+01	-1.367899e-04	4.400138e+00
4.376667e+01	-1.532837e-04	4.400066e+00
4.380000e+01	-1.745687e-04	4.399972e+00
4.383333e+01	-1.818305e-04	4.399940e+00
4.386667e+01	-1.752615e-04	4.399969e+00
4.390000e+01	-1.658837e-04	4.400010e+00
4.393333e+01	-1.622811e-04	4.400026e+00
4.396667e+01	-1.648572e-04	4.400015e+00
44	-1.689709e-04	4.399997e+00
4.403333e+01	-1.707278e-04	4.399989e+00
4.406667e+01	-1.697370e-04	4.399993e+00
4.410000e+01	-1.679403e-04	4.400001e+00
4.413333e+01	-1.670954e-04	4.400005e+00
4.416667e+01	-1.674669e-04	4.400003e+00
4.420000e+01	-1.682481e-04	4.400000e+00
4.423333e+01	-1.686498e-04	4.399998e+00
4.426667e+01	-1.685153e-04	4.399999e+00
4.430000e+01	-1.681771e-04	4.400000e+00
4.433333e+01	-1.679880e-04	4.400001e+00
4.436667e+01	-1.680343e-04	4.400001e+00
4.440000e+01	-1.681800e-04	4.400000e+00
4.443333e+01	-1.682682e-04	4.400000e+00
4.446667e+01	-1.682536e-04	4.400000e+00
4.450000e+01	-1.681912e-04	4.400000e+00
4.453333e+01	-1.681503e-04	4.400000e+00
4.456667e+01	-1.681542e-04	4.400000e+00
4.460000e+01	-1.681808e-04	4.400000e+00
4.463333e+01	-1.681996e-04	4.400000e+00
4.466667e+01	-1.681990e-04	4.400000e+00
4.470000e+01	-1.681877e-04	4.400000e+00
4.473333e+01	-1.681791e-04	4.400000e+00
4.476667e+01	-1.681789e-04	4.400000e+00
4.480000e+01	-1.681837e-04	4.400000e+00
4.483333e+01	-1.681876e-04	4.400000e+00
4.486667e+01	-1.681879e-04	4.400000e+00
4.490000e+01	-1.681859e-04	4.400000e+00
4.493333e+01	-1.681841e-04	4.400000e+00
4.496667e+01	-1.681839e-04	4.400000e+00
45	-1.681847e-04	4.400000e+00
4.503333e+01	-1.681855e-04	4.400000e+00
4.506667e+01	7.295362e-05	4.401061e+00
4.510000e+01	1.675288e-03	4.408113e+00
4.513333e+01	6.339684e-03	4.428639e+00
4.516667e+01	1.407510e-02	4.462681e+00
4.520000e+01	2.183803e-02	4.496844e+00
4.523333e+01	2.596729e-02	4.515015e+00
4.526667e+01	2.563971e-02	4.513574e+00
4.530000e+01	2.290480e-02	4.501538e+00
4.533333e+01	1.946964e-02	4.486421e+00
4.536667e+01	1.474555e-02	4.465631e+00
4.540000e+01	8.000589e-03	4.435949e+00
4.543333e+01	8.097038e-04	4.404303e+00
4.546667e+01	-4.850360e-03	4.379395e+00
4.550000e+01	-9.598743e-03	4.358499e+00
4.553333e+01	-1.520572e-02	4.333824e+00
4.556667e+01	-2.118616e-02	4.307505e+00
4.560000e+01	-2.508442e-02	4.290350e+00
4.563333e+01	-2.582428e-02	4.287094e+00
4.566667e+01	-2.571552e-02	4.287573e+00
4.570000e+01	-2.868940e-02	4.274486e+00
4.573333e+01	-3.602701e-02	4.242195e+00
4.576667e+01	-4.443213e-02	4.205206e+00
4.580000e+01	-4.905412e-02	4.184866e+00
4.583333e+01	-4.733430e-02	4.192434e+00
4.586667e+01	-3.991965e-02	4.225064e+00
4.590000e+01	-3.002834e-02	4.268593e+00
4.593333e+01	-2.209912e-02	4.303488e+00
4.596667e+01	-1.906281e-02	4.316850e+00
46	-2.034597e-02	4.311203e+00
4.603333e+01	-2.296436e-02	4.299680e+00
4.606667e+01	-2.434522e-02	4.293603e+00
4.610000e+01	-2.397706e-02	4.295223e+00
4.613333e+01	-2.291028e-02	4.299918e+00
4.616667e+01	-2.228401e-02	4.302674e+00
4.620000e+01	-2.240398e-02	4.302146e+00
4.623333e+01	-2.285861e-02	4.300145e+00
4.626667e+01	-2.314726e-02	4.298875e+00
4.630000e+01	-2.311222e-02	4.299029e+00
4.633333e+01	-2.291789e-02	4.299884e+00
4.636667e+01	-2.278488e-02	4.300470e+00
4.640000e+01	-2.279225e-02	4.300437e+00
4.643333e+01	-2.287492e-02	4.300074e+00
4.646667e+01	-2.293587e-02	4.299805e+00
4.650000e+01	-2.293619e-02	4.299804e+00
4.653333e+01	-2.290123e-02	4.299958e+00
4.656667e+01	-2.287346e-02	4.300080e+00
4.660000e+01	-2.287176e-02	4.300087e+00
4.663333e+01	-2.288645e-02	4.300023e+00
4.666667e+01	-2.289903e-02	4.299967e+00
4.670000e+01	-2.290047e-02	4.299961e+00
4.673333e+01	-2.289433e-02	4.299988e+00
4.676667e+01	-2.288866e-02	4.300013e+00
4.680000e+01	-2.288773e-02	4.300017e+00
4.683333e+01	-2.289028e-02	4.300006e+00
4.686667e+01	-2.289282e-02	4.299995e+00
4.690000e+01	-2.289335e-02	4.299992e+00
4.693333e+01	-2.289231e-02	4.299997e+00
4.696667e+01	-2.289117e-02	4.300002e+00
47	-2.289088e-02	4.300003e+00
4.703333e+01	-2.289131e-02	4.300001e+00
4.706667e+01	-2.289181e-02	4.299999e+00
4.710000e+01	-2.289196e-02	4.299999e+00
4.713333e+01	-2.289179e-02	4.299999e+00
4.716667e+01	-2.289157e-02	4.300000e+00
4.720000e+01	-2.265035e-02	4.301062e+00
4.723333e+01	-2.104809e-02	4.308113e+00
4.726667e+01	-1.638379e-02	4.328639e+00
4.730000e+01	-8.648410e-03	4.362681e+00
4.733333e+01	-8.854511e-04	4.396843e+00
4.736667e+01	3.243851e-03	4.415015e+00
4.740000e+01	2.916285e-03	4.413574e+00
4.743333e+01	4.225065e-04	4.402599e+00
4.746667e+01	-1.410338e-03	4.394534e+00
4.750000e+01	-1.470047e-03	4.394271e+00
4.753333e+01	-4.795810e-04	4.398630e+00
4.756667e+01	3.336128e-04	4.402208e+00
4.760000e+01	4.051468e-04	4.402523e+00
4.763333e+01	-6.427414e-06	4.400712e+00
4.766667e+01	-3.717606e-04	4.399104e+00
4.770000e+01	-4.220931e-04	4.398883e+00
4.773333e+01	-2.507956e-04	4.399636e+00
4.776667e+01	-8.663825e-05	4.400359e+00
4.780000e+01	-5.612752e-05	4.400493e+00
4.783333e+01	-1.269044e-04	4.400182e+00
4.786667e+01	-2.003647e-04	4.399858e+00
4.790000e+01	-2.174220e-04	4.399783e+00
4.793333e+01	-1.884349e-04	4.399911e+00
4.796667e+01	-1.557124e-04	4.400055e+00
48	-1.466459e-04	4.400095e+00
4.803333e+01	-1.583995e-04	4.400043e+00
4.806667e+01	-1.729100e-04	4.399979e+00
4.810000e+01	-1.775663e-04	4.399959e+00
4.813333e+01	-1.728559e-04	4.399979e+00
4.816667e+01	-1.664497e-04	4.400008e+00
4.820000e+01	-1.641175e-04	4.400018e+00
4.823333e+01	-1.659789e-04	4.400010e+00
4.826667e+01	-1.687948e-04	4.399997e+00
4.830000e+01	-1.699408e-04	4.399992e+00
4.833333e+01	-1.692179e-04	4.399995e+00
4.836667e+01	-1.679855e-04	4.400001e+00
4.840000e+01	-1.674309e-04	4.400003e+00
4.843333e+01	-1.677055e-04	4.400002e+00
4.846667e+01	-1.682425e-04	4.400000e+00
4.850000e+01	-1.685075e-04	4.399999e+00
4.853333e+01	-1.684063e-04	4.399999e+00
4.856667e+01	-1.681733e-04	4.400000e+00
4.860000e+01	-1.680480e-04	4.400001e+00
4.863333e+01	-1.680838e-04	4.400000e+00
4.866667e+01	-1.681844e-04	4.400000e+00
4.870000e+01	-1.682431e-04	4.400000e+00
4.873333e+01	-1.682313e-04	4.400000e+00
4.876667e+01	-1.681880e-04	4.400000e+00
4.880000e+01	-1.681608e-04	4.400000e+00
4.883333e+01	-1.681642e-04	4.400000e+00
4.886667e+01	-1.681827e-04	4.400000e+00
4.890000e+01	-1.681953e-04	4.400000e+00
4.893333e+01	-1.681945e-04	4.400000e+00
4.896667e+01	-1.681867e-04	4.400000e+00
49	-1.681809e-04	4.400000e+00
4.903333e+01	-1.681809e-04	4.400000e+00
4.906667e+01	-1.681842e-04	4.400000e+00
4.910000e+01	-1.681869e-04	4.400000e+00
4.913333e+01	-1.681870e-04	4.400000e+00
4.916667e+01	-1.681856e-04	4.400000e+00
4.920000e+01	-1.681844e-04	4.400000e+00
4.923333e+01	-1.681843e-04	4.400000e+00
4.926667e+01	-1.681849e-04	4.400000e+00
4.930000e+01	-1.681854e-04	4.400000e+00
4.933333e+01	-1.681855e-04	4.400000e+00
4.936667e+01	-1.681853e-04	4.400000e+00
4.940000e+01	-1.681850e-04	4.400000e+00
4.943333e+01	-1.681850e-04	4.400000e+00
4.946667e+01	-1.681851e-04	4.400000e+00
4.950000e+01	-1.681852e-04	4.400000e+00
4.953333e+01	-1.681852e-04	4.400000e+00
4.956667e+01	-1.681852e-04	4.400000e+00
4.960000e+01	-1.681851e-04	4.400000e+00
4.963333e+01	-1.681851e-04	4.400000e+00
4.966667e+01	-1.681851e-04	4.400000e+00
4.970000e+01	-1.681851e-04	4.400000e+00
4.973333e+01	-1.681851e-04	4.400000e+00
4.976667e+01	-1.681851e-04	4.400000e+00
4.980000e+01	-1.681851e-04	4.400000e+00
4.983333e+01	-1.681851e-04	4.400000e+00
4.986667e+01	-1.681851e-04	4.400000e+00
4.990000e+01	-1.681851e-04	4.400000e+00
4.993333e+01	-1.681851e-04	4.400000e+00
4.996667e+01	-1.681851e-04	4.400000e+00
50	-1.681851e-04	4.400000e+00
5.003333e+01	-1.681851e-04	4.400000e+00
5.006667e+01	-1.681851e-04	4.400000e+00
5.010000e+01	-1.681851e-04	4.400000e+00
5.013333e+01	-1.681851e-04	4.400000e+00
5.016667e+01	-1.681851e-04	4.400000e+00
5.020000e+01	-1.681851e-04	4.400000e+00
5.023333e+01	-1.681851e-04	4.400000e+00
5.026667e+01	-1.681851e-04	4.400000e+00
5.030000e+01	-1.681851e-04	4.400000e+00
5.033333e+01	-1.681851e-04	4.400000e+00
5.036667e+01	-1.681851e-04	4.400000e+00
5.040000e+01	-1.681851e-04	4.400000e+00
5.043333e+01	-1.681851e-04	4.400000e+00
5.046667e+01	-1.681851e-04	4.400000e+00
5.050000e+01	-1.681851e-04	4.400000e+00
5.053333e+01	-1.681851e-04	4.400000e+00
5.056667e+01	-1.681851e-04	4.400000e+00
5.060000e+01	-1.681851e-04	4.400000e+00
5.063333e+01	-1.681851e-04	4.400000e+00
5.066667e+01	-1.681851e-04	4.400000e+00
5.070000e+01	-1.681851e-04	4.400000e+00
5.073333e+01	-1.681851e-04	4.400000e+00
5.076667e+01	-1.681851e-04	4.400000e+00
5.080000e+01	-1.681851e-04	4.400000e+00
5.083333e+01	-1.681851e-04	4.400000e+00
5.086667e+01	-1.681851e-04	4.400000e+00
5.090000e+01	-1.681851e-04	4.400000e+00
5.093333e+01	-1.681851e-04	4.400000e+00
5.096667e+01	-1.681851e-04	4.400000e+00
51	-1.681851e-04	4.400000e+00
5.103333e+01	-1.681851e-04	4.400000e+00
5.106667e+01	-1.681851e-04	4.400000e+00
5.110000e+01	-1.681851e-04	4.400000e+00
5.113333e+01	-1.681851e-04	4.400000e+00
5.116667e+01	-1.681851e-04	4.400000e+00
5.120000e+01	-1.681851e-04	4.400000e+00
5.123333e+01	-1.681851e-04	4.400000e+00
5.126667e+01	-1.681851e-04	4.400000e+00
5.130000e+01	-1.681851e-04	4.400000e+00
5.133333e+01	-1.681851e-04	4.400000e+00
5.136667e+01	-1.681851e-04	4.400000e+00
5.140000e+01	-1.681851e-04	4.400000e+00
5.143333e+01	-1.681851e-04	4.400000e+00
5.146667e+01	-4.093244e-04	4.398939e+00
5.150000e+01	-2.011659e-03	4.391887e+00
5.153333e+01	-6.676054e-03	4.371361e+00
5.156667e+01	-1.441147e-02	4.337319e+00
5.160000e+01	-2.217440e-02	4.303156e+00
5.163333e+01	-2.630366e-02	4.284985e+00
5.166667e+01	-2.597608e-02	4.286426e+00
5.170000e+01	-2.348231e-02	4.297401e+00
5.173333e+01	-2.164949e-02	4.305466e+00
5.176667e+01	-2.158979e-02	4.305729e+00
5.180000e+01	-2.258025e-02	4.301370e+00
5.183333e+01	-2.339343e-02	4.297792e+00
5.186667e+01	-2.346496e-02	4.297477e+00
5.190000e+01	-2.305339e-02	4.299288e+00
5.193333e+01	-2.268806e-02	4.300896e+00
5.196667e+01	-2.263773e-02	4.301117e+00
52	-2.280903e-02	4.300364e+00
5.203333e+01	-2.297318e-02	4.299641e+00
5.206667e+01	-2.300369e-02	4.299507e+00
5.210000e+01	-2.293292e-02	4.299818e+00
5.213333e+01	-2.285946e-02	4.300142e+00
5.216667e+01	-2.284240e-02	4.300217e+00
5.220000e+01	-2.287139e-02	4.300089e+00
5.223333e+01	-2.290411e-02	4.299945e+00
5.226667e+01	-2.291317e-02	4.299905e+00
5.230000e+01	-2.290142e-02	4.299957e+00
5.233333e+01	-2.288691e-02	4.300021e+00
5.236667e+01	-2.288225e-02	4.300041e+00
5.240000e+01	-2.288696e-02	4.300021e+00
5.243333e+01	-2.289337e-02	4.299992e+00
5.246667e+01	-2.289570e-02	4.299982e+00
5.250000e+01	-2.289384e-02	4.299990e+00
5.253333e+01	-2.289103e-02	4.300003e+00
5.256667e+01	-2.288988e-02	4.300008e+00
5.260000e+01	-2.289060e-02	4.300005e+00
5.263333e+01	-2.289184e-02	4.299999e+00
5.266667e+01	-2.289239e-02	4.299997e+00
5.270000e+01	-2.289212e-02	4.299998e+00
5.273333e+01	-2.289158e-02	4.300000e+00
5.276667e+01	-2.289131e-02	4.300001e+00
5.280000e+01	-2.289141e-02	4.300001e+00
5.283333e+01	-2.289165e-02	4.300000e+00
5.286667e+01	-2.289177e-02	4.299999e+00
5.290000e+01	-2.289174e-02	4.300000e+00
5.293333e+01	-2.289164e-02	4.300000e+00
5.296667e+01	-2.289158e-02	4.300000e+00
53	-2.289159e-02	4.300000e+00
5.303333e+01	-2.289163e-02	4.300000e+00
5.306667e+01	-2.289166e-02	4.300000e+00
5.310000e+01	-2.289166e-02	4.300000e+00
5.313333e+01	-2.289164e-02	4.300000e+00
5.316667e+01	-2.289163e-02	4.300000e+00
5.320000e+01	-2.289163e-02	4.300000e+00
5.323333e+01	-2.289163e-02	4.300000e+00
5.326667e+01	-2.289164e-02	4.300000e+00
5.330000e+01	-2.289164e-02	4.300000e+00
5.333333e+01	-2.289164e-02	4.300000e+00
5.336667e+01	-2.289163e-02	4.300000e+00
5.340000e+01	-2.289163e-02	4.300000e+00
5.343333e+01	-2.289163e-02	4.300000e+00
5.346667e+01	-2.265050e-02	4.301061e+00
5.350000e+01	-2.104816e-02	4.308113e+00
5.353333e+01	-1.638377e-02	4.328639e+00
5.356667e+01	-8.648348e-03	4.362681e+00
5.360000e+01	-8.854157e-04	4.396844e+00
5.363333e+01	3.243844e-03	4.415015e+00
5.366667e+01	2.916258e-03	4.413574e+00
5.370000e+01	4.224900e-04	4.402599e+00
5.373333e+01	-1.410335e-03	4.394534e+00
5.376667e+01	-1.470035e-03	4.394271e+00
5.380000e+01	-4.795733e-04	4.398630e+00
5.383333e+01	5.747515e-04	4.403269e+00
5.386667e+01	2.248615e-03	4.410636e+00
5.390000e+01	6.501438e-03	4.429351e+00
5.393333e+01	1.387153e-02	4.461785e+00
5.396667e+01	2.158413e-02	4.495726e+00
54	2.588468e-02	4.514652e+00
5.403333e+01	2.572126e-02	4.513933e+00
5.406667e+01	2.325800e-02	4.503093e+00
5.410000e+01	2.159553e-02	4.495776e+00
5.413333e+01	2.306471e-02	4.502242e+00
5.416667e+01	2.870251e-02	4.527052e+00
5.420000e+01	3.728010e-02	4.564800e+00
5.423333e+01	4.514728e-02	4.599422e+00
5.426667e+01	4.887404e-02	4.615822e+00
5.430000e+01	4.816937e-02	4.612721e+00
5.433333e+01	4.561076e-02	4.601461e+00
5.436667e+01	4.394458e-02	4.594129e+00
5.440000e+01	4.405374e-02	4.594609e+00
5.443333e+01	4.508112e-02	4.599130e+00
5.446667e+01	4.582586e-02	4.602408e+00
5.450000e+01	4.582207e-02	4.602391e+00
5.453333e+01	4.539062e-02	4.600492e+00
5.456667e+01	4.505313e-02	4.599007e+00
5.460000e+01	4.503625e-02	4.598933e+00
5.463333e+01	4.521785e-02	4.599732e+00
5.466667e+01	4.537080e-02	4.600405e+00
5.470000e+01	4.538653e-02	4.600474e+00
5.473333e+01	4.531056e-02	4.600140e+00
5.476667e+01	4.524154e-02	4.599836e+00
5.480000e+01	4.523099e-02	4.599790e+00
5.483333e+01	4.526255e-02	4.599929e+00
5.486667e+01	4.529353e-02	4.600065e+00
5.490000e+01	4.529975e-02	4.600093e+00
5.493333e+01	4.528675e-02	4.600035e+00
5.496667e+01	4.527290e-02	4.599974e+00
55	4.526949e-02	4.599959e+00
5.503333e+01	4.527480e-02	4.599983e+00
5.506667e+01	4.552209e-02	4.601071e+00
5.510000e+01	4.712622e-02	4.608130e+00
5.513333e+01	5.178847e-02	4.628648e+00
5.516667e+01	5.952116e-02	4.662677e+00
5.520000e+01	6.728318e-02	4.696836e+00
5.523333e+01	7.141330e-02	4.715012e+00
5.526667e+01	7.108691e-02	4.713575e+00
5.530000e+01	6.859360e-02	4.702603e+00
5.533333e+01	6.676044e-02	4.694535e+00
5.536667e+01	6.670021e-02	4.694270e+00
5.540000e+01	6.769045e-02	4.698628e+00
5.543333e+01	6.850377e-02	4.702207e+00
5.546667e+01	6.857553e-02	4.702523e+00
5.550000e+01	6.816406e-02	4.700712e+00
5.553333e+01	6.779868e-02	4.699105e+00
5.556667e+01	6.774825e-02	4.698883e+00
5.560000e+01	6.791950e-02	4.699636e+00
5.563333e+01	6.808367e-02	4.700359e+00
5.566667e+01	6.811422e-02	4.700493e+00
5.570000e+01	6.804347e-02	4.700182e+00
5.573333e+01	6.797001e-02	4.699858e+00
5.576667e+01	6.795293e-02	4.699783e+00
5.580000e+01	6.774077e-02	4.698850e+00
5.583333e+01	6.617116e-02	4.691942e+00
5.586667e+01	6.151584e-02	4.671455e+00
5.590000e+01	5.376867e-02	4.637362e+00
5.593333e+01	4.599123e-02	4.603136e+00
5.596667e+01	4.185731e-02	4.584943e+00
56	4.218960e-02	4.586406e+00
5.603333e+01	4.468977e-02	4.597408e+00
5.606667e+01	4.652493e-02	4.605484e+00
5.610000e+01	4.658277e-02	4.605739e+00
5.613333e+01	4.558949e-02	4.601368e+00
5.616667e+01	4.477516e-02	4.597784e+00
5.620000e+01	4.470436e-02	4.597472e+00
5.623333e+01	4.511716e-02	4.599289e+00
5.626667e+01	4.548305e-02	4.600899e+00
5.630000e+01	4.553310e-02	4.601119e+00
5.633333e+01	4.536127e-02	4.600363e+00
5.636667e+01	4.519685e-02	4.599640e+00
5.640000e+01	4.516644e-02	4.599506e+00
5.643333e+01	4.523745e-02	4.599818e+00
5.646667e+01	4.531103e-02	4.600142e+00
5.650000e+01	4.532805e-02	4.600217e+00
5.653333e+01	4.529897e-02	4.600089e+00
5.656667e+01	4.526618e-02	4.599945e+00
5.660000e+01	4.525713e-02	4.599905e+00
5.663333e+01	4.526893e-02	4.599957e+00
5.666667e+01	4.528346e-02	4.600021e+00
5.670000e+01	4.528812e-02	4.600041e+00
5.673333e+01	4.528339e-02	4.600021e+00
5.676667e+01	4.527697e-02	4.599992e+00
5.680000e+01	4.527464e-02	4.599982e+00
5.683333e+01	4.527651e-02	4.599990e+00
5.686667e+01	4.527933e-02	4.600003e+00
5.690000e+01	4.528048e-02	4.600008e+00
5.693333e+01	4.527975e-02	4.600005e+00
5.696667e+01	4.527851e-02	4.599999e+00
57	4.527796e-02	4.599997e+00
5.703333e+01	4.527824e-02	4.599998e+00
5.706667e+01	4.527877e-02	4.600000e+00
5.710000e+01	4.527904e-02	4.600001e+00
5.713333e+01	4.527894e-02	4.600001e+00
5.716667e+01	4.527870e-02	4.600000e+00
5.720000e+01	4.527858e-02	4.599999e+00
5.723333e+01	4.527861e-02	4.600000e+00
5.726667e+01	4.503758e-02	4.598939e+00
5.730000e+01	4.343530e-02	4.591888e+00
5.733333e+01	3.877089e-02	4.571361e+00
5.736667e+01	3.103543e-02	4.537319e+00
5.740000e+01	2.327247e-02	4.503156e+00
5.743333e+01	1.914322e-02	4.484984e+00
5.746667e+01	1.947082e-02	4.486426e+00
5.750000e+01	2.196460e-02	4.497401e+00
5.753333e+01	2.379742e-02	4.505466e+00
5.756667e+01	2.385712e-02	4.505729e+00
5.760000e+01	2.286665e-02	4.501370e+00
5.763333e+01	2.205346e-02	4.497792e+00
5.766667e+01	2.198194e-02	4.497477e+00
5.770000e+01	2.239351e-02	4.499288e+00
5.773333e+01	2.275884e-02	4.500896e+00
5.776667e+01	2.280917e-02	4.501117e+00
5.780000e+01	2.263787e-02	4.500364e+00
5.783333e+01	2.247372e-02	4.499641e+00
5.786667e+01	2.244321e-02	4.499507e+00
5.790000e+01	2.251399e-02	4.499818e+00
5.793333e+01	2.258745e-02	4.500142e+00
5.796667e+01	2.260450e-02	4.500217e+00
58	2.257551e-02	4.500089e+00
5.803333e+01	2.254279e-02	4.499945e+00
5.806667e+01	2.253373e-02	4.499905e+00
5.810000e+01	2.254548e-02	4.499957e+00
5.813333e+01	2.255999e-02	4.500021e+00
5.816667e+01	2.256465e-02	4.500041e+00
5.820000e+01	2.255994e-02	4.500021e+00
5.823333e+01	2.255353e-02	4.499992e+00
5.826667e+01	2.255120e-02	4.499982e+00
5.830000e+01	2.255306e-02	4.499990e+00
5.833333e+01	2.255587e-02	4.500003e+00
5.836667e+01	2.255702e-02	4.500008e+00
5.840000e+01	2.255630e-02	4.500005e+00
5.843333e+01	2.255507e-02	4.499999e+00
5.846667e+01	2.255451e-02	4.499997e+00
5.850000e+01	2.255479e-02	4.499998e+00
5.853333e+01	2.255532e-02	4.500000e+00
5.856667e+01	2.255559e-02	4.500001e+00
5.860000e+01	2.255549e-02	4.500001e+00
5.863333e+01	2.255525e-02	4.500000e+00
5.866667e+01	2.255513e-02	4.499999e+00
5.870000e+01	2.255516e-02	4.500000e+00
5.873333e+01	2.255526e-02	4.500000e+00
5.876667e+01	2.255532e-02	4.500000e+00
5.880000e+01	2.255531e-02	4.500000e+00
5.883333e+01	2.279641e-02	4.501061e+00
5.886667e+01	2.439871e-02	4.508113e+00
5.890000e+01	2.882197e-02	4.527578e+00
5.893333e+01	3.495508e-02	4.554568e+00
5.896667e+01	3.805363e-02	4.568204e+00
59	3.444747e-02	4.552334e+00
5.903333e+01	2.635694e-02	4.516730e+00
5.906667e+01	1.973391e-02	4.487584e+00
5.910000e+01	1.822867e-02	4.480960e+00
5.913333e+01	2.066274e-02	4.491671e+00
5.916667e+01	2.348603e-02	4.504096e+00
5.920000e+01	2.435891e-02	4.507937e+00
5.923333e+01	2.343998e-02	4.503893e+00
5.926667e+01	2.221522e-02	4.498504e+00
5.930000e+01	2.177836e-02	4.496581e+00
5.933333e+01	2.213960e-02	4.498171e+00
5.936667e+01	2.267623e-02	4.500532e+00
5.940000e+01	2.289072e-02	4.501476e+00
5.943333e+01	2.274993e-02	4.500857e+00
5.946667e+01	2.275614e-02	4.500884e+00
5.950000e+01	2.425450e-02	4.507478e+00
5.953333e+01	2.897262e-02	4.528241e+00
5.956667e+01	3.681048e-02	4.562734e+00
5.960000e+01	4.462319e-02	4.597115e+00
5.963333e+01	4.873253e-02	4.615199e+00
5.966667e+01	4.836047e-02	4.613562e+00
5.970000e+01	4.584313e-02	4.602484e+00
5.973333e+01	4.401740e-02	4.594449e+00
5.976667e+01	4.397692e-02	4.594271e+00
5.980000e+01	4.497844e-02	4.598679e+00
5.983333e+01	4.578925e-02	4.602247e+00
5.986667e+01	4.585251e-02	4.602525e+00
5.990000e+01	4.543579e-02	4.600691e+00
5.993333e+01	4.507118e-02	4.599087e+00
5.996667e+01	4.502439e-02	4.598881e+00
60	4.519806e-02	4.599645e+00
6.003333e+01	4.536205e-02	4.600367e+00
6.006667e+01	4.539105e-02	4.600494e+00
6.010000e+01	4.531918e-02	4.600178e+00
6.013333e+01	4.524573e-02	4.599855e+00
6.016667e+01	4.522932e-02	4.599783e+00
6.020000e+01	4.525880e-02	4.599912e+00
6.023333e+01	4.529155e-02	4.600056e+00
6.026667e+01	4.530034e-02	4.600095e+00
6.030000e+01	4.528836e-02	4.600042e+00
6.033333e+01	4.527383e-02	4.599979e+00
6.036667e+01	4.526929e-02	4.599959e+00
6.040000e+01	4.527410e-02	4.599980e+00
6.043333e+01	4.528052e-02	4.600008e+00
6.046667e+01	4.528281e-02	4.600018e+00
6.050000e+01	4.528090e-02	4.600010e+00
6.053333e+01	4.527807e-02	4.599997e+00
6.056667e+01	4.527695e-02	4.599992e+00
6.060000e+01	4.527769e-02	4.599995e+00
6.063333e+01	4.527893e-02	4.600001e+00
6.066667e+01	4.527948e-02	4.600003e+00
6.070000e+01	4.527919e-02	4.600002e+00
6.073333e+01	4.527865e-02	4.600000e+00
6.076667e+01	4.527839e-02	4.599999e+00
6.080000e+01	4.527850e-02	4.599999e+00
6.083333e+01	4.527873e-02	4.600000e+00
6.086667e+01	4.527885e-02	4.600001e+00
6.090000e+01	4.527882e-02	4.600000e+00
6.093333e+01	4.527872e-02	4.600000e+00
6.096667e+01	4.527866e-02	4.600000e+00
61	4.527867e-02	4.600000e+00
6.103333e+01	4.527871e-02	4.600000e+00
6.106667e+01	4.527874e-02	4.600000e+00
6.110000e+01	4.527874e-02	4.600000e+00
6.113333e+01	4.527872e-02	4.600000e+00
6.116667e+01	4.527871e-02	4.600000e+00
6.120000e+01	4.527871e-02	4.600000e+00
6.123333e+01	4.503757e-02	4.598939e+00
6.126667e+01	4.343525e-02	4.591887e+00
6.130000e+01	3.877085e-02	4.571361e+00
6.133333e+01	3.103543e-02	4.537319e+00
6.136667e+01	2.230794e-02	4.498912e+00
6.140000e+01	1.176934e-02	4.452534e+00
6.143333e+01	-6.560652e-03	4.371868e+00
6.146667e+01	-3.404400e-02	4.250921e+00
6.150000e+01	-5.685357e-02	4.150542e+00
6.153333e+01	-5.465333e-02	4.160225e+00
6.156667e+01	-2.339177e-02	4.297799e+00
6.160000e+01	1.682184e-02	4.474769e+00
6.163333e+01	4.059865e-02	4.579404e+00
6.166667e+01	3.993869e-02	4.576500e+00
6.170000e+01	2.636710e-02	4.516775e+00
6.173333e+01	1.583338e-02	4.470419e+00
6.176667e+01	1.513717e-02	4.467355e+00
6.180000e+01	2.058115e-02	4.491312e+00
6.183333e+01	2.526470e-02	4.511924e+00
6.186667e+01	2.582292e-02	4.514380e+00
6.190000e+01	2.356490e-02	4.504443e+00
6.193333e+01	2.146401e-02	4.495198e+00
6.196667e+01	2.087052e-02	4.492586e+00
62	2.020376e-02	4.489652e+00
6.203333e+01	1.648076e-02	4.473268e+00
6.206667e+01	8.947365e-03	4.440115e+00
6.210000e+01	7.998887e-04	4.404260e+00
6.213333e+01	-3.990582e-03	4.383179e+00
6.216667e+01	-5.374534e-03	4.377088e+00
6.220000e+01	-7.388604e-03	4.368225e+00
6.223333e+01	-1.310460e-02	4.343070e+00
6.226667e+01	-2.075108e-02	4.309420e+00
6.230000e+01	-2.593384e-02	4.286612e+00
6.233333e+01	-2.650196e-02	4.284112e+00
6.236667e+01	-2.410840e-02	4.294645e+00
6.240000e+01	-2.183895e-02	4.304633e+00
6.243333e+01	-2.137758e-02	4.306663e+00
6.246667e+01	-2.230353e-02	4.302588e+00
6.250000e+01	-2.329781e-02	4.298213e+00
6.253333e+01	-2.354942e-02	4.297105e+00
6.256667e+01	-2.317526e-02	4.298752e+00
6.260000e+01	-2.273540e-02	4.300688e+00
6.263333e+01	-2.260466e-02	4.301263e+00
6.266667e+01	-2.275559e-02	4.300599e+00
6.270000e+01	-2.295013e-02	4.299743e+00
6.273333e+01	-2.301638e-02	4.299451e+00
6.276667e+01	-2.295625e-02	4.299716e+00
6.280000e+01	-2.287053e-02	4.300093e+00
6.283333e+01	-2.283765e-02	4.300238e+00
6.286667e+01	-2.286125e-02	4.300134e+00
6.290000e+01	-2.289885e-02	4.299968e+00
6.293333e+01	-2.291489e-02	4.299898e+00
6.296667e+01	-2.290581e-02	4.299938e+00
63	-2.288938e-02	4.300010e+00
6.303333e+01	-2.288167e-02	4.300044e+00
6.306667e+01	-2.288508e-02	4.300029e+00
6.310000e+01	-2.289222e-02	4.299997e+00
6.313333e+01	-2.289589e-02	4.299981e+00
6.316667e+01	-2.289465e-02	4.299987e+00
6.320000e+01	-2.289156e-02	4.300000e+00
6.323333e+01	-2.288983e-02	4.300008e+00
6.326667e+01	-2.289026e-02	4.300006e+00
6.330000e+01	-2.289159e-02	4.300000e+00
6.333333e+01	-2.289240e-02	4.299997e+00
6.336667e+01	-2.289226e-02	4.299997e+00
6.340000e+01	-2.289169e-02	4.300000e+00
6.343333e+01	-2.289132e-02	4.300001e+00
6.346667e+01	-2.289135e-02	4.300001e+00
6.350000e+01	-2.289160e-02	4.300000e+00
6.353333e+01	-2.289177e-02	4.299999e+00
6.356667e+01	-2.265062e-02	4.301061e+00
6.360000e+01	-2.104819e-02	4.308113e+00
6.363333e+01	-1.638371e-02	4.328640e+00
6.366667e+01	-8.648291e-03	4.362681e+00
6.370000e+01	-8.854028e-04	4.396844e+00
6.373333e+01	3.243821e-03	4.415015e+00
6.376667e+01	2.916233e-03	4.413574e+00
6.380000e+01	4.224831e-04	4.402599e+00
6.383333e+01	-1.651465e-03	4.393472e+00
6.386667e+01	-3.313497e-03	4.386158e+00
6.390000e+01	-6.987438e-03	4.369990e+00
6.393333e+01	-1.390968e-02	4.339527e+00
6.396667e+01	-2.160108e-02	4.305679e+00
64	-2.614191e-02	4.285696e+00
6.403333e+01	-2.617965e-02	4.285530e+00
6.406667e+01	-2.373621e-02	4.296283e+00
6.410000e+01	-2.173209e-02	4.305103e+00
6.413333e+01	-2.150824e-02	4.306088e+00
6.416667e+01	-2.246819e-02	4.301863e+00
6.420000e+01	-2.335215e-02	4.297973e+00
6.423333e+01	-2.349714e-02	4.297335e+00
6.426667e+01	-2.310263e-02	4.299071e+00
6.430000e+01	-2.270831e-02	4.300807e+00
6.433333e+01	-2.262526e-02	4.301172e+00
6.436667e+01	-2.278749e-02	4.300458e+00
6.440000e+01	-2.296340e-02	4.299684e+00
6.443333e+01	-2.324956e-02	4.298425e+00
6.446667e+01	-2.478577e-02	4.291664e+00
6.450000e+01	-2.937199e-02	4.271482e+00
6.453333e+01	-3.708395e-02	4.237543e+00
6.456667e+01	-4.487354e-02	4.203263e+00
6.460000e+01	-4.903738e-02	4.184939e+00
6.463333e+01	-4.872168e-02	4.186329e+00
6.466667e+01	-4.621730e-02	4.197350e+00
6.470000e+01	-4.436924e-02	4.205483e+00
6.473333e+01	-4.430365e-02	4.205771e+00
6.476667e+01	-4.529827e-02	4.201394e+00
6.480000e+01	-4.611814e-02	4.197786e+00
6.483333e+01	-4.643368e-02	4.196398e+00
6.486667e+01	-4.762284e-02	4.191164e+00
6.490000e+01	-5.191899e-02	4.172258e+00
6.493333e+01	-5.960270e-02	4.138444e+00
6.496667e+01	-6.753753e-02	4.103525e+00
65	-7.183221e-02	4.084625e+00
6.503333e+01	-7.153579e-02	4.085930e+00
6.506667e+01	-6.897103e-02	4.097217e+00
6.510000e+01	-6.706420e-02	4.105608e+00
6.513333e+01	-6.698713e-02	4.105947e+00
6.516667e+01	-6.800665e-02	4.101461e+00
6.520000e+01	-6.885280e-02	4.097737e+00
6.523333e+01	-6.893354e-02	4.097382e+00
6.526667e+01	-6.851019e-02	4.099245e+00
6.530000e+01	-6.813025e-02	4.100917e+00
6.533333e+01	-6.807519e-02	4.101159e+00
6.536667e+01	-6.825121e-02	4.100384e+00
6.540000e+01	-6.842181e-02	4.099634e+00
6.543333e+01	-6.845468e-02	4.099489e+00
6.546667e+01	-6.838204e-02	4.099809e+00
6.550000e+01	-6.830575e-02	4.100144e+00
6.553333e+01	-6.828753e-02	4.100224e+00
6.556667e+01	-6.831724e-02	4.100094e+00
6.560000e+01	-6.835121e-02	4.099944e+00
6.563333e+01	-6.836083e-02	4.099902e+00
6.566667e+01	-6.834881e-02	4.099955e+00
6.570000e+01	-6.833376e-02	4.100021e+00
6.573333e+01	-6.832883e-02	4.100043e+00
6.576667e+01	-6.833364e-02	4.100022e+00
6.580000e+01	-6.834028e-02	4.099992e+00
6.583333e+01	-6.834274e-02	4.099981e+00
6.586667e+01	-6.834084e-02	4.099990e+00
6.590000e+01	-6.833793e-02	4.100003e+00
6.593333e+01	-6.833672e-02	4.100008e+00
6.596667e+01	-6.833746e-02	4.100005e+00
66	-6.833873e-02	4.099999e+00
6.603333e+01	-6.833931e-02	4.099997e+00
6.606667e+01	-6.833904e-02	4.099998e+00
6.610000e+01	-6.833848e-02	4.100000e+00
6.613333e+01	-6.857934e-02	4.098940e+00
6.616667e+01	-7.018178e-02	4.091888e+00
6.620000e+01	-7.484641e-02	4.071361e+00
6.623333e+01	-8.258196e-02	4.037318e+00
6.626667e+01	-9.034486e-02	4.003156e+00
6.630000e+01	-9.447402e-02	3.984985e+00
6.633333e+01	-9.414637e-02	3.986426e+00
6.636667e+01	-9.165261e-02	3.997401e+00
6.640000e+01	-8.981907e-02	4.005470e+00
6.643333e+01	-8.975354e-02	4.005758e+00
6.646667e+01	-9.072334e-02	4.001490e+00
6.650000e+01	-9.149129e-02	3.998111e+00
6.653333e+01	-9.149295e-02	3.998103e+00
6.656667e+01	-9.099841e-02	4.000280e+00
6.660000e+01	-9.055115e-02	4.002248e+00
6.663333e+01	-9.042682e-02	4.002795e+00
6.666667e+01	-9.052992e-02	4.002341e+00
6.670000e+01	-9.062607e-02	4.001918e+00
6.673333e+01	-9.058542e-02	4.002097e+00
6.676667e+01	-9.044092e-02	4.002733e+00
6.680000e+01	-9.029350e-02	4.003382e+00
6.683333e+01	-9.020379e-02	4.003777e+00
6.686667e+01	-9.016129e-02	4.003964e+00
6.690000e+01	-9.012268e-02	4.004134e+00
6.693333e+01	-9.005987e-02	4.004410e+00
6.696667e+01	-8.997572e-02	4.004780e+00
67	-8.988871e-02	4.005163e+00
6.703333e+01	-8.981179e-02	4.005502e+00
6.706667e+01	-8.974446e-02	4.005798e+00
6.710000e+01	-8.967889e-02	4.006087e+00
6.713333e+01	-8.960915e-02	4.006394e+00
6.716667e+01	-8.953511e-02	4.006719e+00
6.720000e+01	-8.946009e-02	4.007050e+00
6.723333e+01	-8.938677e-02	4.007372e+00
6.726667e+01	-8.931537e-02	4.007686e+00
6.730000e+01	-8.924449e-02	4.007998e+00
6.733333e+01	-8.917293e-02	4.008313e+00
6.736667e+01	-8.910051e-02	4.008632e+00
6.740000e+01	-8.902782e-02	4.008952e+00
6.743333e+01	-8.895541e-02	4.009270e+00
6.746667e+01	-8.888338e-02	4.009588e+00
6.750000e+01	-8.881148e-02	4.009904e+00
6.753333e+01	-8.873947e-02	4.010221e+00
6.756667e+01	-8.866729e-02	4.010538e+00
6.760000e+01	-8.859505e-02	4.010856e+00
6.763333e+01	-8.852285e-02	4.011174e+00
6.766667e+01	-8.845073e-02	4.011491e+00
6.770000e+01	-8.837863e-02	4.011809e+00
6.773333e+01	-8.830652e-02	4.012126e+00
6.776667e+01	-8.823438e-02	4.012444e+00
6.780000e+01	-8.816223e-02	4.012761e+00
6.783333e+01	-8.809007e-02	4.013079e+00
6.786667e+01	-8.801794e-02	4.013396e+00
6.790000e+01	-8.794581e-02	4.013713e+00
6.793333e+01	-8.787368e-02	4.014031e+00
6.796667e+01	-8.780154e-02	4.014348e+00
68	-8.772940e-02	4.014666e+00
6.803333e+01	-8.765726e-02	4.014983e+00
6.806667e+01	-8.758512e-02	4.015301e+00
6.810000e+01	-8.751298e-02	4.015618e+00
6.813333e+01	-8.744084e-02	4.015936e+00
6.816667e+01	-8.736871e-02	4.016253e+00
6.820000e+01	-8.729657e-02	4.016571e+00
6.823333e+01	-8.722443e-02	4.016888e+00
6.826667e+01	-8.715229e-02	4.017206e+00
6.830000e+01	-8.708015e-02	4.017523e+00
6.833333e+01	-8.700802e-02	4.017840e+00
6.836667e+01	-8.693588e-02	4.018158e+00
6.840000e+01	-8.686374e-02	4.018475e+00
6.843333e+01	-8.679160e-02	4.018793e+00
6.846667e+01	-8.671946e-02	4.019110e+00
6.850000e+01	-8.664733e-02	4.019428e+00
6.853333e+01	-8.657519e-02	4.019745e+00
6.856667e+01	-8.650305e-02	4.020063e+00
6.860000e+01	-8.643091e-02	4.020380e+00
6.863333e+01	-8.635877e-02	4.020698e+00
6.866667e+01	-8.628664e-02	4.021015e+00
6.870000e+01	-8.621450e-02	4.021333e+00
6.873333e+01	-8.614236e-02	4.021650e+00
6.876667e+01	-8.607022e-02	4.021967e+00
6.880000e+01	-8.599808e-02	4.022285e+00
6.883333e+01	-8.592595e-02	4.022602e+00
6.886667e+01	-8.585381e-02	4.022920e+00
6.890000e+01	-8.578167e-02	4.023237e+00
6.893333e+01	-8.570953e-02	4.023555e+00
6.896667e+01	-8.563740e-02	4.023872e+00
69	-8.556526e-02	4.024190e+00
6.903333e+01	-8.549312e-02	4.024507e+00
6.906667e+01	-8.542098e-02	4.024825e+00
6.910000e+01	-8.534884e-02	4.025142e+00
6.913333e+01	-8.527671e-02	4.025460e+00
6.916667e+01	-8.520457e-02	4.025777e+00
6.920000e+01	-8.513243e-02	4.026094e+00
6.923333e+01	-8.506029e-02	4.026412e+00
6.926667e+01	-8.498815e-02	4.026729e+00
6.930000e+01	-8.491602e-02	4.027047e+00
6.933333e+01	-8.484388e-02	4.027364e+00
6.936667e+01	-8.477174e-02	4.027682e+00
6.940000e+01	-8.469960e-02	4.027999e+00
6.943333e+01	-8.462746e-02	4.028317e+00
6.946667e+01	-8.455533e-02	4.028634e+00
6.950000e+01	-8.448319e-02	4.028952e+00
6.953333e+01	-8.441105e-02	4.029269e+00
6.956667e+01	-8.433891e-02	4.029587e+00
6.960000e+01	-8.426677e-02	4.029904e+00
6.963333e+01	-8.419464e-02	4.030221e+00
6.966667e+01	-8.412250e-02	4.030539e+00
6.970000e+01	-8.405036e-02	4.030856e+00
6.973333e+01	-8.397822e-02	4.031174e+00
6.976667e+01	-8.390608e-02	4.031491e+00
6.980000e+01	-8.383395e-02	4.031809e+00
6.983333e+01	-8.376181e-02	4.032126e+00
6.986667e+01	-8.368967e-02	4.032444e+00
6.990000e+01	-8.361753e-02	4.032761e+00
6.993333e+01	-8.354539e-02	4.033079e+00
6.996667e+01	-8.347326e-02	4.033396e+00
70	-8.340112e-02	4.033713e+00
7.003333e+01	-8.332898e-02	4.034031e+00
7.006667e+01	-8.325684e-02	4.034348e+00
7.010000e+01	-8.318471e-02	4.034666e+00
7.013333e+01	-8.311257e-02	4.034983e+00
7.016667e+01	-8.304043e-02	4.035301e+00
7.020000e+01	-8.296829e-02	4.035618e+00
7.023333e+01	-8.289615e-02	4.035936e+00
7.026667e+01	-8.282402e-02	4.036253e+00
7.030000e+01	-8.275188e-02	4.036571e+00
7.033333e+01	-8.267974e-02	4.036888e+00
7.036667e+01	-8.260760e-02	4.037206e+00
7.040000e+01	-8.253546e-02	4.037523e+00
7.043333e+01	-8.246333e-02	4.037840e+00
7.046667e+01	-8.239119e-02	4.038158e+00
7.050000e+01	-8.231905e-02	4.038475e+00
7.053333e+01	-8.224691e-02	4.038793e+00
7.056667e+01	-8.217477e-02	4.039110e+00
7.060000e+01	-8.210264e-02	4.039428e+00
7.063333e+01	-8.203050e-02	4.039745e+00
7.066667e+01	-8.195836e-02	4.040063e+00
7.070000e+01	-8.188622e-02	4.040380e+00
7.073333e+01	-8.181408e-02	4.040698e+00
7.076667e+01	-8.174195e-02	4.041015e+00
7.080000e+01	-8.166981e-02	4.041333e+00
7.083333e+01	-8.159767e-02	4.041650e+00
7.086667e+01	-8.152553e-02	4.041967e+00
7.090000e+01	-8.145339e-02	4.042285e+00
7.093333e+01	-8.138126e-02	4.042602e+00
7.096667e+01	-8.130912e-02	4.042920e+00
71	-8.123698e-02	4.043237e+00
7.103333e+01	-8.116484e-02	4.043555e+00
7.106667e+01	-8.109271e-02	4.043872e+00
7.110000e+01	-8.102057e-02	4.044190e+00
7.113333e+01	-8.094843e-02	4.044507e+00
7.116667e+01	-8.087629e-02	4.044825e+00
7.120000e+01	-8.080415e-02	4.045142e+00
7.123333e+01	-8.073202e-02	4.045460e+00
7.126667e+01	-8.065988e-02	4.045777e+00
7.130000e+01	-8.058774e-02	4.046094e+00
7.133333e+01	-8.051560e-02	4.046412e+00
7.136667e+01	-8.044346e-02	4.046729e+00
7.140000e+01	-8.037133e-02	4.047047e+00
7.143333e+01	-8.029919e-02	4.047364e+00
7.146667e+01	-8.022705e-02	4.047682e+00
7.150000e+01	-8.015491e-02	4.047999e+00
7.153333e+01	-8.008277e-02	4.048317e+00
7.156667e+01	-8.001064e-02	4.048634e+00
7.160000e+01	-7.993850e-02	4.048952e+00
7.163333e+01	-7.986636e-02	4.049269e+00
7.166667e+01	-7.979422e-02	4.049587e+00
7.170000e+01	-7.972208e-02	4.049904e+00
7.173333e+01	-7.964995e-02	4.050221e+00
7.176667e+01	-7.957781e-02	4.050539e+00
7.180000e+01	-7.950567e-02	4.050856e+00
7.183333e+01	-7.943353e-02	4.051174e+00
7.186667e+01	-7.936139e-02	4.051491e+00
7.190000e+01	-7.928926e-02	4.051809e+00
7.193333e+01	-7.921712e-02	4.052126e+00
7.196667e+01	-7.914498e-02	4.052444e+00
72	-7.907284e-02	4.052761e+00
7.203333e+01	-7.900070e-02	4.053079e+00
7.206667e+01	-7.892857e-02	4.053396e+00
7.210000e+01	-7.885643e-02	4.053713e+00
7.213333e+01	-7.878429e-02	4.054031e+00
7.216667e+01	-7.871215e-02	4.054348e+00
7.220000e+01	-7.864002e-02	4.054666e+00
7.223333e+01	-7.856788e-02	4.054983e+00
7.226667e+01	-7.849574e-02	4.055301e+00
7.230000e+01	-7.842360e-02	4.055618e+00
7.233333e+01	-7.835146e-02	4.055936e+00
7.236667e+01	-7.827933e-02	4.056253e+00
7.240000e+01	-7.820719e-02	4.056571e+00
7.243333e+01	-7.813505e-02	4.056888e+00
7.246667e+01	-7.806291e-02	4.057206e+00
7.250000e+01	-7.799077e-02	4.057523e+00
7.253333e+01	-7.791864e-02	4.057840e+00
7.256667e+01	-7.784650e-02	4.058158e+00
7.260000e+01	-7.777436e-02	4.058475e+00
7.263333e+01	-7.770222e-02	4.058793e+00
7.266667e+01	-7.763008e-02	4.059110e+00
7.270000e+01	-7.755795e-02	4.059428e+00
7.273333e+01	-7.748581e-02	4.059745e+00
7.276667e+01	-7.741367e-02	4.060063e+00
7.280000e+01	-7.734153e-02	4.060380e+00
7.283333e+01	-7.726939e-02	4.060698e+00
7.286667e+01	-7.719726e-02	4.061015e+00
7.290000e+01	-7.712512e-02	4.061333e+00
7.293333e+01	-7.705298e-02	4.061650e+00
7.296667e+01	-7.698084e-02	4.061967e+00
73	-7.690870e-02	4.062285e+00
7.303333e+01	-7.683657e-02	4.062602e+00
7.306667e+01	-7.676443e-02	4.062920e+00
7.310000e+01	-7.669229e-02	4.063237e+00
7.313333e+01	-7.662015e-02	4.063555e+00
7.316667e+01	-7.654802e-02	4.063872e+00
7.320000e+01	-7.647588e-02	4.064190e+00
7.323333e+01	-7.640374e-02	4.064507e+00
7.326667e+01	-7.633160e-02	4.064825e+00
7.330000e+01	-7.625946e-02	4.065142e+00
7.333333e+01	-7.618733e-02	4.065460e+00
7.336667e+01	-7.611519e-02	4.065777e+00
7.340000e+01	-7.604305e-02	4.066094e+00
7.343333e+01	-7.597091e-02	4.066412e+00
7.346667e+01	-7.589877e-02	4.066729e+00
7.350000e+01	-7.582664e-02	4.067047e+00
7.353333e+01	-7.575450e-02	4.067364e+00
7.356667e+01	-7.568236e-02	4.067682e+00
7.360000e+01	-7.561022e-02	4.067999e+00
7.363333e+01	-7.553808e-02	4.068317e+00
7.366667e+01	-7.546595e-02	4.068634e+00
7.370000e+01	-7.539381e-02	4.068952e+00
7.373333e+01	-7.532167e-02	4.069269e+00
7.376667e+01	-7.524953e-02	4.069587e+00
7.380000e+01	-7.517739e-02	4.069904e+00
7.383333e+01	-7.510526e-02	4.070221e+00
7.386667e+01	-7.503312e-02	4.070539e+00
7.390000e+01	-7.496098e-02	4.070856e+00
7.393333e+01	-7.488884e-02	4.071174e+00
7.396667e+01	-7.481670e-02	4.071491e+00
74	-7.474457e-02	4.071809e+00
7.403333e+01	-7.467243e-02	4.072126e+00
7.406667e+01	-7.460029e-02	4.072444e+00
7.410000e+01	-7.452815e-02	4.072761e+00
7.413333e+01	-7.445601e-02	4.073079e+00
7.416667e+01	-7.438388e-02	4.073396e+00
7.420000e+01	-7.431174e-02	4.073713e+00
7.423333e+01	-7.423960e-02	4.074031e+00
7.426667e+01	-7.416746e-02	4.074348e+00
7.430000e+01	-7.409533e-02	4.074666e+00
7.433333e+01	-7.402319e-02	4.074983e+00
7.436667e+01	-7.395105e-02	4.075301e+00
7.440000e+01	-7.387891e-02	4.075618e+00
7.443333e+01	-7.380677e-02	4.075936e+00
7.446667e+01	-7.373464e-02	4.076253e+00
7.450000e+01	-7.366250e-02	4.076571e+00
7.453333e+01	-7.359036e-02	4.076888e+00
7.456667e+01	-7.351822e-02	4.077206e+00
7.460000e+01	-7.344608e-02	4.077523e+00
7.463333e+01	-7.337395e-02	4.077840e+00
7.466667e+01	-7.330181e-02	4.078158e+00
7.470000e+01	-7.322967e-02	4.078475e+00
7.473333e+01	-7.315753e-02	4.078793e+00
7.476667e+01	-7.308539e-02	4.079110e+00
7.480000e+01	-7.301326e-02	4.079428e+00
7.483333e+01	-7.294112e-02	4.079745e+00
7.486667e+01	-7.286898e-02	4.080063e+00
7.490000e+01	-7.279684e-02	4.080380e+00
7.493333e+01	-7.272470e-02	4.080698e+00
7.496667e+01	-7.265257e-02	4.081015e+00
75	-7.258043e-02	4.081333e+00
7.503333e+01	-7.250829e-02	4.081650e+00
7.506667e+01	-7.243615e-02	4.081967e+00
7.510000e+01	-7.236401e-02	4.082285e+00
7.513333e+01	-7.229188e-02	4.082602e+00
7.516667e+01	-7.221974e-02	4.082920e+00
7.520000e+01	-7.214760e-02	4.083237e+00
7.523333e+01	-7.207546e-02	4.083555e+00
7.526667e+01	-7.200332e-02	4.083872e+00
7.530000e+01	-7.193119e-02	4.084190e+00
7.533333e+01	-7.185905e-02	4.084507e+00
7.536667e+01	-7.178691e-02	4.084825e+00
7.540000e+01	-7.171477e-02	4.085142e+00
7.543333e+01	-7.164264e-02	4.085460e+00
7.546667e+01	-7.157050e-02	4.085777e+00
7.550000e+01	-7.149836e-02	4.086094e+00
7.553333e+01	-7.142622e-02	4.086412e+00
7.556667e+01	-7.135408e-02	4.086729e+00
7.560000e+01	-7.128195e-02	4.087047e+00
7.563333e+01	-7.120981e-02	4.087364e+00
7.566667e+01	-7.113767e-02	4.087682e+00
7.570000e+01	-7.106553e-02	4.087999e+00
7.573333e+01	-7.099339e-02	4.088317e+00
7.576667e+01	-7.092126e-02	4.088634e+00
7.580000e+01	-7.084912e-02	4.088952e+00
7.583333e+01	-7.077698e-02	4.089269e+00
7.586667e+01	-7.070484e-02	4.089587e+00
7.590000e+01	-7.063270e-02	4.089904e+00
7.593333e+01	-7.056057e-02	4.090221e+00
7.596667e+01	-7.048843e-02	4.090539e+00
76	-7.041629e-02	4.090856e+00
7.603333e+01	-7.034415e-02	4.091174e+00
7.606667e+01	-7.027201e-02	4.091491e+00
7.610000e+01	-7.019988e-02	4.091809e+00
7.613333e+01	-7.012774e-02	4.092126e+00
7.616667e+01	-7.005560e-02	4.092444e+00
7.620000e+01	-6.998346e-02	4.092761e+00
7.623333e+01	-6.991132e-02	4.093079e+00
7.626667e+01	-6.983919e-02	4.093396e+00
7.630000e+01	-6.976705e-02	4.093713e+00
7.633333e+01	-6.969491e-02	4.094031e+00
7.636667e+01	-6.962277e-02	4.094348e+00
7.640000e+01	-6.955064e-02	4.094666e+00
7.643333e+01	-6.947850e-02	4.094983e+00
7.646667e+01	-6.940636e-02	4.095301e+00
7.650000e+01	-6.933422e-02	4.095618e+00
7.653333e+01	-6.926208e-02	4.095936e+00
7.656667e+01	-6.918995e-02	4.096253e+00
7.660000e+01	-6.911781e-02	4.096571e+00
7.663333e+01	-6.904567e-02	4.096888e+00
7.666667e+01	-6.897353e-02	4.097206e+00
7.670000e+01	-6.890139e-02	4.097523e+00
7.673333e+01	-6.882926e-02	4.097840e+00
7.676667e+01	-6.875712e-02	4.098158e+00
7.680000e+01	-6.868498e-02	4.098475e+00
7.683333e+01	-6.861284e-02	4.098793e+00
7.686667e+01	-6.854070e-02	4.099110e+00
7.690000e+01	-6.822819e-02	4.100486e+00
7.693333e+01	-6.655957e-02	4.107829e+00
7.696667e+01	-6.184370e-02	4.128582e+00
77	-5.408136e-02	4.162742e+00
7.703333e+01	-4.607501e-02	4.197976e+00
7.706667e+01	-4.035425e-02	4.223152e+00
7.710000e+01	-3.602723e-02	4.242194e+00
7.713333e+01	-3.078746e-02	4.265253e+00
7.716667e+01	-2.485341e-02	4.291367e+00
7.720000e+01	-2.077971e-02	4.309294e+00
7.723333e+01	-2.011585e-02	4.312216e+00
7.726667e+01	-2.179802e-02	4.304813e+00
7.730000e+01	-2.356114e-02	4.297054e+00
7.733333e+01	-2.403293e-02	4.294977e+00
7.736667e+01	-2.340715e-02	4.297731e+00
7.740000e+01	-2.264349e-02	4.301092e+00
7.743333e+01	-2.240040e-02	4.302162e+00
7.746667e+01	-2.264807e-02	4.301072e+00
7.750000e+01	-2.298325e-02	4.299597e+00
7.753333e+01	-2.310449e-02	4.299063e+00
7.756667e+01	-2.300655e-02	4.299494e+00
7.760000e+01	-2.310043e-02	4.299081e+00
7.763333e+01	-2.488434e-02	4.291231e+00
7.766667e+01	-3.118917e-02	4.263485e+00
7.770000e+01	-4.365344e-02	4.208633e+00
7.773333e+01	-5.918064e-02	4.140302e+00
7.776667e+01	-7.105833e-02	4.088031e+00
7.780000e+01	-7.483191e-02	4.071424e+00
7.783333e+01	-7.199677e-02	4.083901e+00
7.786667e+01	-6.767553e-02	4.102918e+00
7.790000e+01	-6.579519e-02	4.111193e+00
7.793333e+01	-6.673248e-02	4.107068e+00
7.796667e+01	-6.853423e-02	4.099139e+00
78	-6.941368e-02	4.095269e+00
7.803333e+01	-6.907058e-02	4.096778e+00
7.806667e+01	-6.829431e-02	4.100195e+00
7.810000e+01	-6.788091e-02	4.102014e+00
7.813333e+01	-6.800330e-02	4.101475e+00
7.816667e+01	-6.833857e-02	4.100000e+00
7.820000e+01	-6.853226e-02	4.099147e+00
7.823333e+01	-6.849134e-02	4.099328e+00
7.826667e+01	-6.834714e-02	4.099962e+00
7.830000e+01	-6.825704e-02	4.100359e+00
7.833333e+01	-6.826927e-02	4.100305e+00
7.836667e+01	-6.833098e-02	4.100033e+00
7.840000e+01	-6.837259e-02	4.099850e+00
7.843333e+01	-6.836977e-02	4.099863e+00
7.846667e+01	-6.834350e-02	4.099978e+00
7.850000e+01	-6.832440e-02	4.100062e+00
7.853333e+01	-6.832452e-02	4.100062e+00
7.856667e+01	-6.833564e-02	4.100013e+00
7.860000e+01	-6.834435e-02	4.099974e+00
7.863333e+01	-6.834479e-02	4.099972e+00
7.866667e+01	-6.834011e-02	4.099993e+00
7.870000e+01	-6.833616e-02	4.100010e+00
7.873333e+01	-6.833575e-02	4.100012e+00
7.876667e+01	-6.833771e-02	4.100004e+00
7.880000e+01	-6.833949e-02	4.099996e+00
7.883333e+01	-6.833977e-02	4.099995e+00
7.886667e+01	-6.833895e-02	4.099998e+00
7.890000e+01	-6.833815e-02	4.100002e+00
7.893333e+01	-6.833799e-02	4.100002e+00
7.896667e+01	-6.833833e-02	4.100001e+00
79	-6.833869e-02	4.099999e+00
7.903333e+01	-6.833877e-02	4.099999e+00
7.906667e+01	-6.833864e-02	4.100000e+00
7.910000e+01	-6.833848e-02	4.100000e+00
7.913333e+01	-6.833843e-02	4.100000e+00
7.916667e+01	-6.833849e-02	4.100000e+00
7.920000e+01	-6.833856e-02	4.100000e+00
7.923333e+01	-6.833858e-02	4.100000e+00
7.926667e+01	-6.833856e-02	4.100000e+00
7.930000e+01	-6.833853e-02	4.100000e+00
7.933333e+01	-6.833852e-02	4.100000e+00
7.936667e+01	-6.833853e-02	4.100000e+00
7.940000e+01	-6.809740e-02	4.101061e+00
7.943333e+01	-6.649507e-02	4.108113e+00
7.946667e+01	-6.183067e-02	4.128639e+00
7.950000e+01	-5.409525e-02	4.162681e+00
7.953333e+01	-4.633231e-02	4.196844e+00
7.956667e+01	-4.220305e-02	4.215015e+00
7.960000e+01	-4.253064e-02	4.213574e+00
7.963333e+01	-4.502441e-02	4.202599e+00
7.966667e+01	-4.685724e-02	4.194534e+00
7.970000e+01	-4.691694e-02	4.194271e+00
7.973333e+01	-4.592647e-02	4.198630e+00
7.976667e+01	-4.511329e-02	4.202208e+00
7.980000e+01	-4.504176e-02	4.202523e+00
7.983333e+01	-4.545333e-02	4.200712e+00
7.986667e+01	-4.581866e-02	4.199104e+00
7.990000e+01	-4.586899e-02	4.198883e+00
7.993333e+01	-4.569769e-02	4.199636e+00
7.996667e+01	-4.553354e-02	4.200359e+00
80	-4.550303e-02	4.200493e+00
8.003333e+01	-4.557381e-02	4.200182e+00
8.006667e+01	-4.564727e-02	4.199858e+00
8.010000e+01	-4.566432e-02	4.199783e+00
8.013333e+01	-4.563534e-02	4.199911e+00
8.016667e+01	-4.560261e-02	4.200055e+00
8.020000e+01	-4.559355e-02	4.200095e+00
8.023333e+01	-4.560530e-02	4.200043e+00
8.026667e+01	-4.561981e-02	4.199979e+00
8.030000e+01	-4.562447e-02	4.199959e+00
8.033333e+01	-4.561976e-02	4.199979e+00
8.036667e+01	-4.561335e-02	4.200008e+00
8.040000e+01	-4.561102e-02	4.200018e+00
8.043333e+01	-4.561288e-02	4.200010e+00
8.046667e+01	-4.561570e-02	4.199997e+00
8.050000e+01	-4.561684e-02	4.199992e+00
8.053333e+01	-4.561612e-02	4.199995e+00
8.056667e+01	-4.561489e-02	4.200001e+00
8.060000e+01	-4.561433e-02	4.200003e+00
8.063333e+01	-4.561461e-02	4.200002e+00
8.066667e+01	-4.561514e-02	4.200000e+00
8.070000e+01	-4.561541e-02	4.199999e+00
8.073333e+01	-4.561531e-02	4.199999e+00
8.076667e+01	-4.561507e-02	4.200000e+00
8.080000e+01	-4.561495e-02	4.200001e+00
8.083333e+01	-4.561498e-02	4.200000e+00
8.086667e+01	-4.561509e-02	4.200000e+00
8.090000e+01	-4.561514e-02	4.200000e+00
8.093333e+01	-4.561513e-02	4.200000e+00
8.096667e+01	-4.561509e-02	4.200000e+00
81	-4.561506e-02	4.200000e+00
8.103333e+01	-4.561506e-02	4.200000e+00
8.106667e+01	-4.561508e-02	4.200000e+00
8.110000e+01	-4.561510e-02	4.200000e+00
8.113333e+01	-4.561510e-02	4.200000e+00
8.116667e+01	-4.561509e-02	4.200000e+00
8.120000e+01	-4.561508e-02	4.200000e+00
8.123333e+01	-4.561508e-02	4.200000e+00
8.126667e+01	-4.561508e-02	4.200000e+00
8.130000e+01	-4.561509e-02	4.200000e+00
8.133333e+01	-4.561509e-02	4.200000e+00
8.136667e+01	-4.561509e-02	4.200000e+00
8.140000e+01	-4.561509e-02	4.200000e+00
8.143333e+01	-4.561508e-02	4.200000e+00
8.146667e+01	-4.561509e-02	4.200000e+00
8.150000e+01	-4.561509e-02	4.200000e+00
8.153333e+01	-4.561509e-02	4.200000e+00
8.156667e+01	-4.537395e-02	4.201061e+00
8.160000e+01	-4.401275e-02	4.207051e+00
8.163333e+01	-4.095069e-02	4.220527e+00
8.166667e+01	-3.787967e-02	4.234042e+00
0	0	0
0	0	0
0	0	0
