0	5.815342e-02	4.198126e+00
3.333333e-02	6.377781e-02	4.220440e+00
6.666667e-02	6.765716e-02	4.235831e+00
1.000000e-01	7.012840e-02	4.245636e+00
1.333333e-01	7.242284e-02	4.254739e+00
1.666667e-01	7.541802e-02	4.266622e+00
2.000000e-01	7.909577e-02	4.281213e+00
2.333333e-01	8.291836e-02	4.296379e+00
2.666667e-01	8.646252e-02	4.310440e+00
3.000000e-01	8.970232e-02	4.323294e+00
3.333333e-01	9.286200e-02	4.335829e+00
3.666667e-01	9.613395e-02	4.348810e+00
4.000000e-01	9.954073e-02	4.362327e+00
4.333333e-01	1.029890e-01	4.376007e+00
4.666667e-01	1.063922e-01	4.389509e+00
5.000000e-01	1.097358e-01	4.402775e+00
5.333333e-01	1.130585e-01	4.415957e+00
5.666667e-01	1.163991e-01	4.429211e+00
6.000000e-01	1.197659e-01	4.442568e+00
6.333333e-01	1.231431e-01	4.455967e+00
6.666667e-01	1.265133e-01	4.469338e+00
7.000000e-01	1.298719e-01	4.482663e+00
7.333333e-01	1.332256e-01	4.495968e+00
7.666667e-01	1.365819e-01	4.509284e+00
8.000000e-01	1.399432e-01	4.522620e+00
8.333333e-01	1.433070e-01	4.535965e+00
8.666667e-01	1.466697e-01	4.549306e+00
9.000000e-01	1.500303e-01	4.562639e+00
9.333333e-01	1.533897e-01	4.575967e+00
9.666667e-01	1.567495e-01	4.589297e+00
1	1.601102e-01	4.602630e+00
1.033333e+00	1.634715e-01	4.615966e+00
1.066667e+00	1.668326e-01	4.629301e+00
1.100000e+00	1.701934e-01	4.642634e+00
1.133333e+00	1.735538e-01	4.655967e+00
1.166667e+00	1.769144e-01	4.669299e+00
1.200000e+00	1.802751e-01	4.682633e+00
1.233333e+00	1.836359e-01	4.695966e+00
1.266667e+00	1.869967e-01	4.709300e+00
1.300000e+00	1.903574e-01	4.722633e+00
1.333333e+00	1.937181e-01	4.735967e+00
1.366667e+00	1.970788e-01	4.749300e+00
1.400000e+00	2.004395e-01	4.762633e+00
1.433333e+00	2.038002e-01	4.775966e+00
1.466667e+00	2.071609e-01	4.789300e+00
1.500000e+00	2.105217e-01	4.802633e+00
1.533333e+00	2.138824e-01	4.815966e+00
1.566667e+00	2.172431e-01	4.829300e+00
1.600000e+00	2.206038e-01	4.842633e+00
1.633333e+00	2.239645e-01	4.855966e+00
1.666667e+00	2.273252e-01	4.869300e+00
1.700000e+00	2.306860e-01	4.882633e+00
1.733333e+00	2.340467e-01	4.895966e+00
1.766667e+00	2.374074e-01	4.909300e+00
1.800000e+00	2.407681e-01	4.922633e+00
1.833333e+00	2.441288e-01	4.935966e+00
1.866667e+00	2.474895e-01	4.949300e+00
1.900000e+00	2.508503e-01	4.962633e+00
1.933333e+00	2.542110e-01	4.975966e+00
1.966667e+00	2.575717e-01	4.989300e+00
2	2.609324e-01	5.002633e+00
2.033333e+00	2.642931e-01	5.015966e+00
2.066667e+00	2.676538e-01	5.029300e+00
2.100000e+00	2.710146e-01	5.042633e+00
2.133333e+00	2.743753e-01	5.055966e+00
2.166667e+00	2.777360e-01	5.069300e+00
2.200000e+00	2.810967e-01	5.082633e+00
2.233333e+00	2.844574e-01	5.095966e+00
2.266667e+00	2.878181e-01	5.109300e+00
2.300000e+00	2.911789e-01	5.122633e+00
2.333333e+00	2.945396e-01	5.135966e+00
2.366667e+00	2.978646e-01	5.149158e+00
2.400000e+00	3.009884e-01	5.161551e+00
2.433333e+00	3.036236e-01	5.172006e+00
2.466667e+00	3.053358e-01	5.178799e+00
2.500000e+00	3.050455e-01	5.177648e+00
2.533333e+00	3.012050e-01	5.162411e+00
2.566667e+00	2.939233e-01	5.133521e+00
2.600000e+00	2.863248e-01	5.103375e+00
2.633333e+00	2.821701e-01	5.086892e+00
2.666667e+00	2.824065e-01	5.087829e+00
2.700000e+00	2.848410e-01	5.097488e+00
2.733333e+00	2.866752e-01	5.104765e+00
2.766667e+00	2.867681e-01	5.105134e+00
2.800000e+00	2.855351e-01	5.100242e+00
2.833333e+00	2.829453e-01	5.089967e+00
2.866667e+00	2.776862e-01	5.069102e+00
2.900000e+00	2.695063e-01	5.036649e+00
2.933333e+00	2.615274e-01	5.004994e+00
2.966667e+00	2.587806e-01	4.994096e+00
3	2.641515e-01	5.015405e+00
3.033333e+00	2.753345e-01	5.059772e+00
3.066667e+00	2.859454e-01	5.101870e+00
3.100000e+00	2.906604e-01	5.120576e+00
3.133333e+00	2.892715e-01	5.115066e+00
3.166667e+00	2.856214e-01	5.100584e+00
3.200000e+00	2.837485e-01	5.093154e+00
3.233333e+00	2.858837e-01	5.101625e+00
3.266667e+00	2.925519e-01	5.128081e+00
3.300000e+00	3.021014e-01	5.165967e+00
3.333333e+00	3.106159e-01	5.199748e+00
3.366667e+00	3.145624e-01	5.215405e+00
3.400000e+00	3.137554e-01	5.212204e+00
3.433333e+00	3.110056e-01	5.201294e+00
3.466667e+00	3.092417e-01	5.194296e+00
3.500000e+00	3.093783e-01	5.194838e+00
3.533333e+00	3.104814e-01	5.199214e+00
3.566667e+00	3.112698e-01	5.202342e+00
3.600000e+00	3.112569e-01	5.202291e+00
3.633333e+00	3.107932e-01	5.200451e+00
3.666667e+00	3.104357e-01	5.199033e+00
3.700000e+00	3.104216e-01	5.198977e+00
3.733333e+00	3.106170e-01	5.199752e+00
3.766667e+00	3.107792e-01	5.200396e+00
3.800000e+00	3.107942e-01	5.200455e+00
3.833333e+00	3.104449e-01	5.199069e+00
3.866667e+00	3.085943e-01	5.191727e+00
3.900000e+00	3.034099e-01	5.171159e+00
3.933333e+00	2.948637e-01	5.137252e+00
3.966667e+00	2.862858e-01	5.103220e+00
4	2.817118e-01	5.085074e+00
4.033333e+00	2.817937e-01	5.085398e+00
4.066667e+00	2.827677e-01	5.089263e+00
4.100000e+00	2.796234e-01	5.076788e+00
4.133333e+00	2.711151e-01	5.043032e+00
4.166667e+00	2.614121e-01	5.004536e+00
4.200000e+00	2.559317e-01	4.982793e+00
4.233333e+00	2.562134e-01	4.983911e+00
4.266667e+00	2.594332e-01	4.996685e+00
4.300000e+00	2.618705e-01	5.006355e+00
4.333333e+00	2.619935e-01	5.006843e+00
4.366667e+00	2.607061e-01	5.001735e+00
4.400000e+00	2.596225e-01	4.997436e+00
4.433333e+00	2.595089e-01	4.996986e+00
4.466667e+00	2.600434e-01	4.999106e+00
4.500000e+00	2.605299e-01	5.001036e+00
4.533333e+00	2.606048e-01	5.001333e+00
4.566667e+00	2.603829e-01	5.000453e+00
4.600000e+00	2.601646e-01	4.999587e+00
4.633333e+00	2.601206e-01	4.999412e+00
4.666667e+00	2.602121e-01	4.999775e+00
4.700000e+00	2.605771e-01	5.001223e+00
4.733333e+00	2.621110e-01	5.007309e+00
4.766667e+00	2.654702e-01	5.020636e+00
4.800000e+00	2.688333e-01	5.033979e+00
4.833333e+00	2.691186e-01	5.035111e+00
4.866667e+00	2.668805e-01	5.026232e+00
4.900000e+00	2.671299e-01	5.027221e+00
4.933333e+00	2.735814e-01	5.052817e+00
4.966667e+00	2.846967e-01	5.096916e+00
5	2.966766e-01	5.144445e+00
5.033333e+00	3.078325e-01	5.188705e+00
5.066667e+00	3.186568e-01	5.231649e+00
5.100000e+00	3.289654e-01	5.272548e+00
5.133333e+00	3.366123e-01	5.302886e+00
5.166667e+00	3.395755e-01	5.314642e+00
5.200000e+00	3.381614e-01	5.309032e+00
5.233333e+00	3.338761e-01	5.292031e+00
5.266667e+00	3.256989e-01	5.259588e+00
5.300000e+00	3.067376e-01	5.184361e+00
5.333333e+00	2.680938e-01	5.031045e+00
5.366667e+00	2.126641e-01	4.811133e+00
5.400000e+00	1.612810e-01	4.607275e+00
5.433333e+00	1.361379e-01	4.507522e+00
5.466667e+00	1.400431e-01	4.523016e+00
5.500000e+00	1.565838e-01	4.588640e+00
5.533333e+00	1.673673e-01	4.631422e+00
5.566667e+00	1.659057e-01	4.625624e+00
5.600000e+00	1.575506e-01	4.592475e+00
5.633333e+00	1.505188e-01	4.564577e+00
5.666667e+00	1.484132e-01	4.556224e+00
5.700000e+00	1.494215e-01	4.560224e+00
5.733333e+00	1.500520e-01	4.562725e+00
5.766667e+00	1.485936e-01	4.556939e+00
5.800000e+00	1.457082e-01	4.545492e+00
5.833333e+00	1.429039e-01	4.534366e+00
5.866667e+00	1.409878e-01	4.526764e+00
5.900000e+00	1.397252e-01	4.521755e+00
5.933333e+00	1.384648e-01	4.516754e+00
5.966667e+00	1.368287e-01	4.510263e+00
6	1.348949e-01	4.502591e+00
6.033333e+00	1.329433e-01	4.494848e+00
6.066667e+00	1.311497e-01	4.487732e+00
6.100000e+00	1.294910e-01	4.481151e+00
6.133333e+00	1.278475e-01	4.474631e+00
6.166667e+00	1.261379e-01	4.467848e+00
6.200000e+00	1.243675e-01	4.460825e+00
6.233333e+00	1.225873e-01	4.453762e+00
6.266667e+00	1.208345e-01	4.446808e+00
6.300000e+00	1.191089e-01	4.439962e+00
6.333333e+00	1.173891e-01	4.433138e+00
6.366667e+00	1.156580e-01	4.426270e+00
6.400000e+00	1.139147e-01	4.419354e+00
6.433333e+00	1.121868e-01	4.412498e+00
6.466667e+00	1.105860e-01	4.406147e+00
6.500000e+00	1.093474e-01	4.401234e+00
6.533333e+00	1.087022e-01	4.398674e+00
6.566667e+00	1.086491e-01	4.398463e+00
6.600000e+00	1.089094e-01	4.399496e+00
6.633333e+00	1.091438e-01	4.400426e+00
6.666667e+00	1.091882e-01	4.400602e+00
6.700000e+00	1.090934e-01	4.400226e+00
6.733333e+00	1.089945e-01	4.399833e+00
6.766667e+00	1.089710e-01	4.399740e+00
6.800000e+00	1.090093e-01	4.399892e+00
6.833333e+00	1.090529e-01	4.400065e+00
6.866667e+00	1.090651e-01	4.400114e+00
6.900000e+00	1.090495e-01	4.400052e+00
6.933333e+00	1.090302e-01	4.399975e+00
6.966667e+00	1.090240e-01	4.399951e+00
7	1.090302e-01	4.399975e+00
7.033333e+00	1.090388e-01	4.400009e+00
7.066667e+00	1.093094e-01	4.401083e+00
7.100000e+00	1.110842e-01	4.408124e+00
7.133333e+00	1.162544e-01	4.428636e+00
7.166667e+00	1.248331e-01	4.462672e+00
7.200000e+00	1.334449e-01	4.496838e+00
7.233333e+00	1.380268e-01	4.515016e+00
7.266667e+00	1.376642e-01	4.513578e+00
7.300000e+00	1.359676e-01	4.506847e+00
7.333333e+00	1.410432e-01	4.526984e+00
7.366667e+00	1.616721e-01	4.608827e+00
7.400000e+00	1.973596e-01	4.750414e+00
7.433333e+00	2.344825e-01	4.897696e+00
7.466667e+00	2.580570e-01	4.991225e+00
7.500000e+00	2.647272e-01	5.017689e+00
7.533333e+00	2.618681e-01	5.006345e+00
7.566667e+00	2.582604e-01	4.992032e+00
7.600000e+00	2.580897e-01	4.991355e+00
7.633333e+00	2.616776e-01	5.005590e+00
7.666667e+00	2.684603e-01	5.032499e+00
7.700000e+00	2.772133e-01	5.067226e+00
7.733333e+00	2.850151e-01	5.098179e+00
7.766667e+00	2.888575e-01	5.113423e+00
7.800000e+00	2.883824e-01	5.111538e+00
7.833333e+00	2.859560e-01	5.101912e+00
7.866667e+00	2.842562e-01	5.095168e+00
7.900000e+00	2.842565e-01	5.095169e+00
7.933333e+00	2.852150e-01	5.098972e+00
7.966667e+00	2.857005e-01	5.100898e+00
8	2.842334e-01	5.095077e+00
8.033333e+00	2.804375e-01	5.080018e+00
8.066667e+00	2.766921e-01	5.065158e+00
8.100000e+00	2.766250e-01	5.064892e+00
8.133333e+00	2.808225e-01	5.081545e+00
8.166667e+00	2.856514e-01	5.100703e+00
8.200000e+00	2.863008e-01	5.103280e+00
8.233333e+00	2.803246e-01	5.079570e+00
8.266667e+00	2.694415e-01	5.036392e+00
8.300000e+00	2.578744e-01	4.990501e+00
8.333333e+00	2.483454e-01	4.952695e+00
8.366667e+00	2.409818e-01	4.923481e+00
8.400000e+00	2.356806e-01	4.902449e+00
8.433333e+00	2.328030e-01	4.891032e+00
8.466667e+00	2.310922e-01	4.884245e+00
8.500000e+00	2.273360e-01	4.869342e+00
8.533333e+00	2.198993e-01	4.839838e+00
8.566667e+00	2.114296e-01	4.806235e+00
8.600000e+00	2.063216e-01	4.785970e+00
8.633333e+00	2.061893e-01	4.785445e+00
8.666667e+00	2.091342e-01	4.797129e+00
8.700000e+00	2.131590e-01	4.813097e+00
8.733333e+00	2.183513e-01	4.833697e+00
8.766667e+00	2.241050e-01	4.856524e+00
8.800000e+00	2.265521e-01	4.866232e+00
8.833333e+00	2.223749e-01	4.849660e+00
8.866667e+00	2.138309e-01	4.815762e+00
8.900000e+00	2.069254e-01	4.788365e+00
8.933333e+00	2.053550e-01	4.782135e+00
8.966667e+00	2.078785e-01	4.792147e+00
9	2.108137e-01	4.803792e+00
9.033333e+00	2.119964e-01	4.808484e+00
9.066667e+00	2.128261e-01	4.811776e+00
9.100000e+00	2.167286e-01	4.827259e+00
9.133333e+00	2.248517e-01	4.859486e+00
9.166667e+00	2.338345e-01	4.895124e+00
9.200000e+00	2.389715e-01	4.915505e+00
9.233333e+00	2.388322e-01	4.914953e+00
9.266667e+00	2.359213e-01	4.903404e+00
9.300000e+00	2.336447e-01	4.894372e+00
9.333333e+00	2.334699e-01	4.893678e+00
9.366667e+00	2.346237e-01	4.898256e+00
9.400000e+00	2.356319e-01	4.902256e+00
9.433333e+00	2.357632e-01	4.902777e+00
9.466667e+00	2.352863e-01	4.900884e+00
9.500000e+00	2.348349e-01	4.899094e+00
9.533333e+00	2.347545e-01	4.898775e+00
9.566667e+00	2.349518e-01	4.899557e+00
9.600000e+00	2.351538e-01	4.900359e+00
9.633333e+00	2.351991e-01	4.900539e+00
9.666667e+00	2.351182e-01	4.900218e+00
9.700000e+00	2.350282e-01	4.899860e+00
9.733333e+00	2.352714e-01	4.900825e+00
9.766667e+00	2.370816e-01	4.908007e+00
9.800000e+00	2.422954e-01	4.928693e+00
9.833333e+00	2.508882e-01	4.962784e+00
9.866667e+00	2.594859e-01	4.996894e+00
9.900000e+00	2.640485e-01	5.014996e+00
9.933333e+00	2.636788e-01	5.013529e+00
9.966667e+00	2.609179e-01	5.002576e+00
10	2.588927e-01	4.994541e+00
1.003333e+01	2.588295e-01	4.994290e+00
1.006667e+01	2.599261e-01	4.998641e+00
1.010000e+01	2.608247e-01	5.002206e+00
1.013333e+01	2.609026e-01	5.002515e+00
1.016667e+01	2.604468e-01	5.000707e+00
1.020000e+01	2.600431e-01	4.999105e+00
1.023333e+01	2.599880e-01	4.998886e+00
1.026667e+01	2.601777e-01	4.999639e+00
1.030000e+01	2.603591e-01	5.000359e+00
1.033333e+01	2.603926e-01	5.000492e+00
1.036667e+01	2.603142e-01	5.000181e+00
1.040000e+01	2.602330e-01	4.999858e+00
1.043333e+01	2.602143e-01	4.999784e+00
1.046667e+01	2.602464e-01	4.999911e+00
1.050000e+01	2.602826e-01	5.000055e+00
1.053333e+01	2.602925e-01	5.000095e+00
1.056667e+01	2.600120e-01	4.998982e+00
1.060000e+01	2.582187e-01	4.991867e+00
1.063333e+01	2.530397e-01	4.971319e+00
1.066667e+01	2.447321e-01	4.938360e+00
1.070000e+01	2.379057e-01	4.911277e+00
1.073333e+01	2.385018e-01	4.913642e+00
1.076667e+01	2.474434e-01	4.949117e+00
1.080000e+01	2.588173e-01	4.994242e+00
1.083333e+01	2.654293e-01	5.020474e+00
1.086667e+01	2.651330e-01	5.019298e+00
1.090000e+01	2.612695e-01	5.003971e+00
1.093333e+01	2.583351e-01	4.992329e+00
1.096667e+01	2.581893e-01	4.991750e+00
11	2.597438e-01	4.997918e+00
1.103333e+01	2.610508e-01	5.003103e+00
1.106667e+01	2.609186e-01	5.002578e+00
1.110000e+01	2.584950e-01	4.992963e+00
1.113333e+01	2.527339e-01	4.970106e+00
1.116667e+01	2.440639e-01	4.935709e+00
1.120000e+01	2.357215e-01	4.902611e+00
1.123333e+01	2.314047e-01	4.885485e+00
1.126667e+01	2.318209e-01	4.887136e+00
1.130000e+01	2.344764e-01	4.897671e+00
1.133333e+01	2.363917e-01	4.905270e+00
1.136667e+01	2.361614e-01	4.904357e+00
1.140000e+01	2.333306e-01	4.893126e+00
1.143333e+01	2.273071e-01	4.869228e+00
1.146667e+01	2.186627e-01	4.834932e+00
1.150000e+01	2.104902e-01	4.802508e+00
1.153333e+01	2.062919e-01	4.785852e+00
1.156667e+01	2.067034e-01	4.787484e+00
1.160000e+01	2.092868e-01	4.797734e+00
1.163333e+01	2.111479e-01	4.805118e+00
1.166667e+01	2.111842e-01	4.805262e+00
1.170000e+01	2.101612e-01	4.801203e+00
1.173333e+01	2.093362e-01	4.797930e+00
1.176667e+01	2.092739e-01	4.797683e+00
1.180000e+01	2.096993e-01	4.799371e+00
1.183333e+01	2.100702e-01	4.800842e+00
1.186667e+01	2.101169e-01	4.801027e+00
1.190000e+01	2.099395e-01	4.800324e+00
1.193333e+01	2.100402e-01	4.800723e+00
1.196667e+01	2.117884e-01	4.807659e+00
12	2.170357e-01	4.828477e+00
1.203333e+01	2.256907e-01	4.862815e+00
1.206667e+01	2.343181e-01	4.897043e+00
1.210000e+01	2.388682e-01	4.915096e+00
1.213333e+01	2.384715e-01	4.913522e+00
1.216667e+01	2.356965e-01	4.902512e+00
1.220000e+01	2.336757e-01	4.894495e+00
1.223333e+01	2.336243e-01	4.894291e+00
1.226667e+01	2.347276e-01	4.898668e+00
1.230000e+01	2.356246e-01	4.902227e+00
1.233333e+01	2.356974e-01	4.902516e+00
1.236667e+01	2.352386e-01	4.900695e+00
1.240000e+01	2.348353e-01	4.899095e+00
1.243333e+01	2.347824e-01	4.898885e+00
1.246667e+01	2.349735e-01	4.899644e+00
1.250000e+01	2.351548e-01	4.900363e+00
1.253333e+01	2.351874e-01	4.900492e+00
1.256667e+01	2.351084e-01	4.900179e+00
1.260000e+01	2.336898e-01	4.894551e+00
1.263333e+01	2.247847e-01	4.859220e+00
1.266667e+01	1.989478e-01	4.756715e+00
1.270000e+01	1.560825e-01	4.586651e+00
1.273333e+01	1.130382e-01	4.415876e+00
1.276667e+01	9.146107e-02	4.330271e+00
1.280000e+01	1.021486e-01	4.372673e+00
1.283333e+01	1.418435e-01	4.530159e+00
1.286667e+01	1.949154e-01	4.740717e+00
1.290000e+01	2.383077e-01	4.912872e+00
1.293333e+01	2.557184e-01	4.981947e+00
1.296667e+01	2.493894e-01	4.956837e+00
13	2.351589e-01	4.900379e+00
1.303333e+01	2.275427e-01	4.870162e+00
1.306667e+01	2.310159e-01	4.883942e+00
1.310000e+01	2.419635e-01	4.927376e+00
1.313333e+01	2.541044e-01	4.975543e+00
1.316667e+01	2.622011e-01	5.007667e+00
1.320000e+01	2.643290e-01	5.016109e+00
1.323333e+01	2.623317e-01	5.008185e+00
1.326667e+01	2.594265e-01	4.996658e+00
1.330000e+01	2.566610e-01	4.985687e+00
1.333333e+01	2.521707e-01	4.967872e+00
1.336667e+01	2.446768e-01	4.938140e+00
1.340000e+01	2.365250e-01	4.905799e+00
1.343333e+01	2.316818e-01	4.886584e+00
1.346667e+01	2.315745e-01	4.886158e+00
1.350000e+01	2.341221e-01	4.896266e+00
1.353333e+01	2.362546e-01	4.904726e+00
1.356667e+01	2.365256e-01	4.905801e+00
1.360000e+01	2.355309e-01	4.901855e+00
1.363333e+01	2.345926e-01	4.898132e+00
1.366667e+01	2.344245e-01	4.897466e+00
1.370000e+01	2.348321e-01	4.899082e+00
1.373333e+01	2.352499e-01	4.900740e+00
1.376667e+01	2.353440e-01	4.901113e+00
1.380000e+01	2.351769e-01	4.900450e+00
1.383333e+01	2.349907e-01	4.899712e+00
1.386667e+01	2.349405e-01	4.899513e+00
1.390000e+01	2.350084e-01	4.899782e+00
1.393333e+01	2.345560e-01	4.897987e+00
1.396667e+01	2.310273e-01	4.883987e+00
14	2.206523e-01	4.842825e+00
1.403333e+01	2.034552e-01	4.774598e+00
1.406667e+01	1.867555e-01	4.708343e+00
1.410000e+01	1.811604e-01	4.686145e+00
1.413333e+01	1.922509e-01	4.730146e+00
1.416667e+01	2.149502e-01	4.820203e+00
1.420000e+01	2.362337e-01	4.904643e+00
1.423333e+01	2.455196e-01	4.941484e+00
1.426667e+01	2.425925e-01	4.929871e+00
1.430000e+01	2.352578e-01	4.900772e+00
1.433333e+01	2.310362e-01	4.884023e+00
1.436667e+01	2.315508e-01	4.886064e+00
1.440000e+01	2.319782e-01	4.887760e+00
1.443333e+01	2.233866e-01	4.853674e+00
1.446667e+01	1.990627e-01	4.757171e+00
1.450000e+01	1.634340e-01	4.615817e+00
1.453333e+01	1.321436e-01	4.491676e+00
1.456667e+01	1.188119e-01	4.438783e+00
1.460000e+01	1.232110e-01	4.456236e+00
1.463333e+01	1.336768e-01	4.497758e+00
1.466667e+01	1.380679e-01	4.515180e+00
1.470000e+01	1.317645e-01	4.490171e+00
1.473333e+01	1.190708e-01	4.439810e+00
1.476667e+01	1.094402e-01	4.401602e+00
1.480000e+01	1.103488e-01	4.405207e+00
1.483333e+01	1.211502e-01	4.448060e+00
1.486667e+01	1.338083e-01	4.498280e+00
1.490000e+01	1.403588e-01	4.524268e+00
1.493333e+01	1.392722e-01	4.519957e+00
1.496667e+01	1.348211e-01	4.502298e+00
15	1.318797e-01	4.490629e+00
1.503333e+01	1.320679e-01	4.491375e+00
1.506667e+01	1.338900e-01	4.498604e+00
1.510000e+01	1.352150e-01	4.503861e+00
1.513333e+01	1.352100e-01	4.503841e+00
1.516667e+01	1.341751e-01	4.499735e+00
1.520000e+01	1.317961e-01	4.490297e+00
1.523333e+01	1.265911e-01	4.469646e+00
1.526667e+01	1.183337e-01	4.436886e+00
1.530000e+01	1.099956e-01	4.403805e+00
1.533333e+01	1.054439e-01	4.385747e+00
1.536667e+01	1.056722e-01	4.386652e+00
1.540000e+01	1.083153e-01	4.397139e+00
1.543333e+01	1.103293e-01	4.405129e+00
1.546667e+01	1.101841e-01	4.404553e+00
1.550000e+01	1.073633e-01	4.393362e+00
1.553333e+01	1.012987e-01	4.369301e+00
1.556667e+01	9.261590e-02	4.334853e+00
1.560000e+01	8.443693e-02	4.302404e+00
1.563333e+01	8.025578e-02	4.285815e+00
1.566667e+01	8.041692e-02	4.286455e+00
1.570000e+01	8.122669e-02	4.289667e+00
1.573333e+01	7.790697e-02	4.276497e+00
1.576667e+01	6.801785e-02	4.237262e+00
1.580000e+01	4.949530e-02	4.163776e+00
1.583333e+01	1.795613e-02	4.038647e+00
1.586667e+01	-2.641828e-02	3.862596e+00
1.590000e+01	-7.145359e-02	3.683922e+00
1.593333e+01	-1.005325e-01	3.568554e+00
1.596667e+01	-1.072151e-01	3.542042e+00
16	-9.924118e-02	3.573678e+00
1.603333e+01	-8.978115e-02	3.611209e+00
1.606667e+01	-8.705917e-02	3.622009e+00
1.610000e+01	-9.176650e-02	3.603333e+00
1.613333e+01	-1.009044e-01	3.567079e+00
1.616667e+01	-1.109079e-01	3.527391e+00
1.620000e+01	-1.183584e-01	3.497832e+00
1.623333e+01	-1.212072e-01	3.486529e+00
1.626667e+01	-1.201508e-01	3.490721e+00
1.630000e+01	-1.178386e-01	3.499894e+00
1.633333e+01	-1.165639e-01	3.504951e+00
1.636667e+01	-1.168335e-01	3.503882e+00
1.640000e+01	-1.169564e-01	3.503394e+00
1.643333e+01	-1.119281e-01	3.523343e+00
1.646667e+01	-9.454777e-02	3.592298e+00
1.650000e+01	-6.324075e-02	3.716506e+00
1.653333e+01	-2.856634e-02	3.854074e+00
1.656667e+01	-6.235016e-03	3.942671e+00
1.660000e+01	-2.911951e-03	3.955855e+00
1.663333e+01	-1.142630e-02	3.922075e+00
1.666667e+01	-1.851226e-02	3.893962e+00
1.670000e+01	-1.549924e-02	3.905916e+00
1.673333e+01	-3.634435e-03	3.952989e+00
1.676667e+01	8.783339e-03	4.002255e+00
1.680000e+01	1.447379e-02	4.024831e+00
1.683333e+01	1.306280e-02	4.019233e+00
1.686667e+01	1.039940e-02	4.008667e+00
1.690000e+01	1.298002e-02	4.018905e+00
1.693333e+01	2.201953e-02	4.054768e+00
1.696667e+01	3.273438e-02	4.097278e+00
17	4.027241e-02	4.127185e+00
1.703333e+01	4.495552e-02	4.145765e+00
1.706667e+01	4.998922e-02	4.165735e+00
1.710000e+01	5.602570e-02	4.189685e+00
1.713333e+01	6.056371e-02	4.207689e+00
1.716667e+01	6.163058e-02	4.211921e+00
1.720000e+01	6.028159e-02	4.206570e+00
1.723333e+01	6.010905e-02	4.205885e+00
1.726667e+01	6.462872e-02	4.223816e+00
1.730000e+01	7.385603e-02	4.260425e+00
1.733333e+01	8.353919e-02	4.298842e+00
1.736667e+01	8.896005e-02	4.320349e+00
1.740000e+01	8.916493e-02	4.321161e+00
1.743333e+01	8.697387e-02	4.312469e+00
1.746667e+01	8.571041e-02	4.307456e+00
1.750000e+01	8.656846e-02	4.310860e+00
1.753333e+01	8.859911e-02	4.318917e+00
1.756667e+01	9.034791e-02	4.325855e+00
1.760000e+01	9.120161e-02	4.329242e+00
1.763333e+01	9.151143e-02	4.330471e+00
1.766667e+01	9.190816e-02	4.332045e+00
1.770000e+01	9.268709e-02	4.335135e+00
1.773333e+01	9.371717e-02	4.339222e+00
1.776667e+01	9.472457e-02	4.343219e+00
1.780000e+01	9.556902e-02	4.346569e+00
1.783333e+01	9.629803e-02	4.349461e+00
1.786667e+01	9.703014e-02	4.352366e+00
1.790000e+01	9.783138e-02	4.355545e+00
1.793333e+01	9.868536e-02	4.358933e+00
1.796667e+01	9.954102e-02	4.362328e+00
18	1.003675e-01	4.365607e+00
1.803333e+01	1.011700e-01	4.368791e+00
1.806667e+01	1.019705e-01	4.371966e+00
1.810000e+01	1.027832e-01	4.375191e+00
1.813333e+01	1.036067e-01	4.378458e+00
1.816667e+01	1.044317e-01	4.381731e+00
1.820000e+01	1.052517e-01	4.384984e+00
1.823333e+01	1.060667e-01	4.388218e+00
1.826667e+01	1.068809e-01	4.391448e+00
1.830000e+01	1.076971e-01	4.394686e+00
1.833333e+01	1.085155e-01	4.397933e+00
1.836667e+01	1.093345e-01	4.401182e+00
1.840000e+01	1.101525e-01	4.404428e+00
1.843333e+01	1.109696e-01	4.407670e+00
1.846667e+01	1.117865e-01	4.410910e+00
1.850000e+01	1.126037e-01	4.414152e+00
1.853333e+01	1.134213e-01	4.417396e+00
1.856667e+01	1.142390e-01	4.420641e+00
1.860000e+01	1.150566e-01	4.423884e+00
1.863333e+01	1.158740e-01	4.427127e+00
1.866667e+01	1.166914e-01	4.430370e+00
1.870000e+01	1.175088e-01	4.433613e+00
1.873333e+01	1.183263e-01	4.436856e+00
1.876667e+01	1.191438e-01	4.440100e+00
1.880000e+01	1.199613e-01	4.443343e+00
1.883333e+01	1.207788e-01	4.446587e+00
1.886667e+01	1.215962e-01	4.449830e+00
1.890000e+01	1.224137e-01	4.453073e+00
1.893333e+01	1.232312e-01	4.456316e+00
1.896667e+01	1.240486e-01	4.459559e+00
19	1.248661e-01	4.462803e+00
1.903333e+01	1.256836e-01	4.466046e+00
1.906667e+01	1.265011e-01	4.469289e+00
1.910000e+01	1.273185e-01	4.472532e+00
1.913333e+01	1.281360e-01	4.475776e+00
1.916667e+01	1.289535e-01	4.479019e+00
1.920000e+01	1.297709e-01	4.482262e+00
1.923333e+01	1.305884e-01	4.485505e+00
1.926667e+01	1.314059e-01	4.488749e+00
1.930000e+01	1.322234e-01	4.491992e+00
1.933333e+01	1.330408e-01	4.495235e+00
1.936667e+01	1.338583e-01	4.498478e+00
1.940000e+01	1.346758e-01	4.501722e+00
1.943333e+01	1.354932e-01	4.504965e+00
1.946667e+01	1.363107e-01	4.508208e+00
1.950000e+01	1.371282e-01	4.511451e+00
1.953333e+01	1.379457e-01	4.514695e+00
1.956667e+01	1.387631e-01	4.517938e+00
1.960000e+01	1.395806e-01	4.521181e+00
1.963333e+01	1.403981e-01	4.524424e+00
1.966667e+01	1.412155e-01	4.527668e+00
1.970000e+01	1.420330e-01	4.530911e+00
1.973333e+01	1.428505e-01	4.534154e+00
1.976667e+01	1.436680e-01	4.537397e+00
1.980000e+01	1.444854e-01	4.540640e+00
1.983333e+01	1.453029e-01	4.543884e+00
1.986667e+01	1.461204e-01	4.547127e+00
1.990000e+01	1.469378e-01	4.550370e+00
1.993333e+01	1.477553e-01	4.553613e+00
1.996667e+01	1.485728e-01	4.556857e+00
20	1.493903e-01	4.560100e+00
2.003333e+01	1.502077e-01	4.563343e+00
2.006667e+01	1.510252e-01	4.566586e+00
2.010000e+01	1.518427e-01	4.569830e+00
2.013333e+01	1.526602e-01	4.573073e+00
2.016667e+01	1.534776e-01	4.576316e+00
2.020000e+01	1.542951e-01	4.579559e+00
2.023333e+01	1.551126e-01	4.582803e+00
2.026667e+01	1.559300e-01	4.586046e+00
2.030000e+01	1.567475e-01	4.589289e+00
2.033333e+01	1.575650e-01	4.592532e+00
2.036667e+01	1.583825e-01	4.595776e+00
2.040000e+01	1.591999e-01	4.599019e+00
2.043333e+01	1.600174e-01	4.602262e+00
2.046667e+01	1.608349e-01	4.605505e+00
2.050000e+01	1.616523e-01	4.608749e+00
2.053333e+01	1.624698e-01	4.611992e+00
2.056667e+01	1.632873e-01	4.615235e+00
2.060000e+01	1.641048e-01	4.618478e+00
2.063333e+01	1.649222e-01	4.621722e+00
2.066667e+01	1.657397e-01	4.624965e+00
2.070000e+01	1.665572e-01	4.628208e+00
2.073333e+01	1.673746e-01	4.631451e+00
2.076667e+01	1.681921e-01	4.634695e+00
2.080000e+01	1.690096e-01	4.637938e+00
2.083333e+01	1.698271e-01	4.641181e+00
2.086667e+01	1.706445e-01	4.644424e+00
2.090000e+01	1.714620e-01	4.647668e+00
2.093333e+01	1.722795e-01	4.650911e+00
2.096667e+01	1.730969e-01	4.654154e+00
21	1.739144e-01	4.657397e+00
2.103333e+01	1.747319e-01	4.660640e+00
2.106667e+01	1.755494e-01	4.663884e+00
2.110000e+01	1.763668e-01	4.667127e+00
2.113333e+01	1.771843e-01	4.670370e+00
2.116667e+01	1.780018e-01	4.673613e+00
2.120000e+01	1.788192e-01	4.676857e+00
2.123333e+01	1.796367e-01	4.680100e+00
2.126667e+01	1.804542e-01	4.683343e+00
2.130000e+01	1.812717e-01	4.686586e+00
2.133333e+01	1.820891e-01	4.689830e+00
2.136667e+01	1.829066e-01	4.693073e+00
2.140000e+01	1.837241e-01	4.696316e+00
2.143333e+01	1.845415e-01	4.699559e+00
2.146667e+01	1.853590e-01	4.702803e+00
2.150000e+01	1.861765e-01	4.706046e+00
2.153333e+01	1.869940e-01	4.709289e+00
2.156667e+01	1.878114e-01	4.712532e+00
2.160000e+01	1.886289e-01	4.715776e+00
2.163333e+01	1.894464e-01	4.719019e+00
2.166667e+01	1.902638e-01	4.722262e+00
2.170000e+01	1.910813e-01	4.725505e+00
2.173333e+01	1.918988e-01	4.728749e+00
2.176667e+01	1.927163e-01	4.731992e+00
2.180000e+01	1.935337e-01	4.735235e+00
2.183333e+01	1.943512e-01	4.738478e+00
2.186667e+01	1.951687e-01	4.741722e+00
2.190000e+01	1.959861e-01	4.744965e+00
2.193333e+01	1.968036e-01	4.748208e+00
2.196667e+01	1.976211e-01	4.751451e+00
22	1.984386e-01	4.754695e+00
2.203333e+01	1.992560e-01	4.757938e+00
2.206667e+01	2.000735e-01	4.761181e+00
2.210000e+01	2.008910e-01	4.764424e+00
2.213333e+01	2.017084e-01	4.767668e+00
2.216667e+01	2.025259e-01	4.770911e+00
2.220000e+01	2.033434e-01	4.774154e+00
2.223333e+01	2.041609e-01	4.777397e+00
2.226667e+01	2.049783e-01	4.780640e+00
2.230000e+01	2.057958e-01	4.783884e+00
2.233333e+01	2.066133e-01	4.787127e+00
2.236667e+01	2.074307e-01	4.790370e+00
2.240000e+01	2.082482e-01	4.793613e+00
2.243333e+01	2.090657e-01	4.796857e+00
2.246667e+01	2.098832e-01	4.800100e+00
2.250000e+01	2.107006e-01	4.803343e+00
2.253333e+01	2.115181e-01	4.806586e+00
2.256667e+01	2.123356e-01	4.809830e+00
2.260000e+01	2.131530e-01	4.813073e+00
2.263333e+01	2.139705e-01	4.816316e+00
2.266667e+01	2.147880e-01	4.819559e+00
2.270000e+01	2.156055e-01	4.822803e+00
2.273333e+01	2.164229e-01	4.826046e+00
2.276667e+01	2.172404e-01	4.829289e+00
2.280000e+01	2.180579e-01	4.832532e+00
2.283333e+01	2.188754e-01	4.835776e+00
2.286667e+01	2.196928e-01	4.839019e+00
2.290000e+01	2.205103e-01	4.842262e+00
2.293333e+01	2.213278e-01	4.845505e+00
2.296667e+01	2.221452e-01	4.848749e+00
23	2.229627e-01	4.851992e+00
2.303333e+01	2.237802e-01	4.855235e+00
2.306667e+01	2.245977e-01	4.858478e+00
2.310000e+01	2.254151e-01	4.861722e+00
2.313333e+01	2.262326e-01	4.864965e+00
2.316667e+01	2.270501e-01	4.868208e+00
2.320000e+01	2.278675e-01	4.871451e+00
2.323333e+01	2.286850e-01	4.874695e+00
2.326667e+01	2.295025e-01	4.877938e+00
2.330000e+01	2.303200e-01	4.881181e+00
2.333333e+01	2.311374e-01	4.884424e+00
2.336667e+01	2.319462e-01	4.887633e+00
2.340000e+01	2.327060e-01	4.890648e+00
2.343333e+01	2.333557e-01	4.893225e+00
2.346667e+01	2.338862e-01	4.895330e+00
2.350000e+01	2.343581e-01	4.897202e+00
2.353333e+01	2.347929e-01	4.898927e+00
2.356667e+01	2.351098e-01	4.900184e+00
2.360000e+01	2.352253e-01	4.900643e+00
2.363333e+01	2.351685e-01	4.900417e+00
2.366667e+01	2.350597e-01	4.899985e+00
2.370000e+01	2.350028e-01	4.899760e+00
2.373333e+01	2.350182e-01	4.899821e+00
2.376667e+01	2.350625e-01	4.899997e+00
2.380000e+01	2.350885e-01	4.900100e+00
2.383333e+01	2.350836e-01	4.900080e+00
2.386667e+01	2.350648e-01	4.900006e+00
2.390000e+01	2.350528e-01	4.899958e+00
2.393333e+01	2.350542e-01	4.899964e+00
2.396667e+01	2.350622e-01	4.899996e+00
24	2.348003e-01	4.898956e+00
2.403333e+01	2.330226e-01	4.891904e+00
2.406667e+01	2.278454e-01	4.871363e+00
2.410000e+01	2.192625e-01	4.837312e+00
2.413333e+01	2.106517e-01	4.803149e+00
2.416667e+01	2.063403e-01	4.786044e+00
2.420000e+01	2.084822e-01	4.794542e+00
2.423333e+01	2.164223e-01	4.826043e+00
2.426667e+01	2.270350e-01	4.868148e+00
2.430000e+01	2.357115e-01	4.902572e+00
2.433333e+01	2.391931e-01	4.916384e+00
2.436667e+01	2.379280e-01	4.911365e+00
2.440000e+01	2.350827e-01	4.900077e+00
2.443333e+01	2.335063e-01	4.893822e+00
2.446667e+01	2.338452e-01	4.895167e+00
2.450000e+01	2.347321e-01	4.898686e+00
2.453333e+01	2.336667e-01	4.894459e+00
2.456667e+01	2.283901e-01	4.873525e+00
2.460000e+01	2.193195e-01	4.837538e+00
2.463333e+01	2.103820e-01	4.802079e+00
2.466667e+01	2.058273e-01	4.784009e+00
2.470000e+01	2.066671e-01	4.787340e+00
2.473333e+01	2.113605e-01	4.805961e+00
2.476667e+01	2.185649e-01	4.834544e+00
2.480000e+01	2.271229e-01	4.868497e+00
2.483333e+01	2.348341e-01	4.899091e+00
2.486667e+01	2.402869e-01	4.920724e+00
2.490000e+01	2.450554e-01	4.939642e+00
2.493333e+01	2.516246e-01	4.965705e+00
2.496667e+01	2.603879e-01	5.000473e+00
25	2.701160e-01	5.039068e+00
2.503333e+01	2.792276e-01	5.075218e+00
2.506667e+01	2.857901e-01	5.101254e+00
2.510000e+01	2.881219e-01	5.110505e+00
2.513333e+01	2.842059e-01	5.094968e+00
2.516667e+01	2.678878e-01	5.030228e+00
2.520000e+01	2.304903e-01	4.881857e+00
2.523333e+01	1.739722e-01	4.657627e+00
2.526667e+01	1.185448e-01	4.437723e+00
2.530000e+01	8.791762e-02	4.316213e+00
2.533333e+01	8.787962e-02	4.316062e+00
2.536667e+01	1.053800e-01	4.385493e+00
2.540000e+01	1.288042e-01	4.478427e+00
2.543333e+01	1.613846e-01	4.607687e+00
2.546667e+01	2.084553e-01	4.794435e+00
2.550000e+01	2.597144e-01	4.997801e+00
2.553333e+01	2.949383e-01	5.137548e+00
2.556667e+01	3.039182e-01	5.173175e+00
2.560000e+01	2.943910e-01	5.135377e+00
2.563333e+01	2.823194e-01	5.087484e+00
2.566667e+01	2.781044e-01	5.070761e+00
2.570000e+01	2.815512e-01	5.084436e+00
2.573333e+01	2.863599e-01	5.103514e+00
2.576667e+01	2.865871e-01	5.104416e+00
2.580000e+01	2.800710e-01	5.078564e+00
2.583333e+01	2.692806e-01	5.035754e+00
2.586667e+01	2.597044e-01	4.997761e+00
2.590000e+01	2.556397e-01	4.981635e+00
2.593333e+01	2.569673e-01	4.986902e+00
2.596667e+01	2.601960e-01	4.999711e+00
26	2.620367e-01	5.007014e+00
2.603333e+01	2.616840e-01	5.005615e+00
2.606667e+01	2.603660e-01	5.000386e+00
2.610000e+01	2.595330e-01	4.997081e+00
2.613333e+01	2.596348e-01	4.997485e+00
2.616667e+01	2.601944e-01	4.999705e+00
2.620000e+01	2.605763e-01	5.001220e+00
2.623333e+01	2.605541e-01	5.001132e+00
2.626667e+01	2.603161e-01	5.000188e+00
2.630000e+01	2.601412e-01	4.999494e+00
2.633333e+01	2.601407e-01	4.999492e+00
2.636667e+01	2.602415e-01	4.999892e+00
2.640000e+01	2.603212e-01	5.000208e+00
2.643333e+01	2.603258e-01	5.000227e+00
2.646667e+01	2.586786e-01	4.993691e+00
2.650000e+01	2.479784e-01	4.951239e+00
2.653333e+01	2.169313e-01	4.828063e+00
2.656667e+01	1.654671e-01	4.623883e+00
2.660000e+01	1.138185e-01	4.418972e+00
2.663333e+01	8.633949e-02	4.309952e+00
2.666667e+01	8.851235e-02	4.318572e+00
2.670000e+01	1.051019e-01	4.384390e+00
2.673333e+01	1.172985e-01	4.432779e+00
2.676667e+01	1.176988e-01	4.434367e+00
2.680000e+01	1.129825e-01	4.415656e+00
2.683333e+01	1.200128e-01	4.443547e+00
2.686667e+01	1.557525e-01	4.585341e+00
2.690000e+01	2.185523e-01	4.834494e+00
2.693333e+01	2.812590e-01	5.083277e+00
2.696667e+01	3.136543e-01	5.211802e+00
27	3.099557e-01	5.197129e+00
2.703333e+01	2.894471e-01	5.115763e+00
2.706667e+01	2.749054e-01	5.058069e+00
2.710000e+01	2.747652e-01	5.057513e+00
2.713333e+01	2.827881e-01	5.089343e+00
2.716667e+01	2.890623e-01	5.114236e+00
2.720000e+01	2.892618e-01	5.115028e+00
2.723333e+01	2.856631e-01	5.100750e+00
2.726667e+01	2.825628e-01	5.088450e+00
2.730000e+01	2.820441e-01	5.086392e+00
2.733333e+01	2.832728e-01	5.091266e+00
2.736667e+01	2.843888e-01	5.095694e+00
2.740000e+01	2.844067e-01	5.095765e+00
2.743333e+01	2.836238e-01	5.092659e+00
2.746667e+01	2.828434e-01	5.089563e+00
2.750000e+01	2.825278e-01	5.088311e+00
2.753333e+01	2.825773e-01	5.088507e+00
2.756667e+01	2.826464e-01	5.088781e+00
2.760000e+01	2.825198e-01	5.088279e+00
2.763333e+01	2.822278e-01	5.087121e+00
2.766667e+01	2.819181e-01	5.085892e+00
2.770000e+01	2.816902e-01	5.084988e+00
2.773333e+01	2.815369e-01	5.084380e+00
2.776667e+01	2.813953e-01	5.083818e+00
2.780000e+01	2.812198e-01	5.083122e+00
2.783333e+01	2.810108e-01	5.082292e+00
2.786667e+01	2.807949e-01	5.081436e+00
2.790000e+01	2.805930e-01	5.080635e+00
2.793333e+01	2.804061e-01	5.079893e+00
2.796667e+01	2.802229e-01	5.079167e+00
28	2.800341e-01	5.078417e+00
2.803333e+01	2.798385e-01	5.077641e+00
2.806667e+01	2.796410e-01	5.076858e+00
2.810000e+01	2.794458e-01	5.076083e+00
2.813333e+01	2.792536e-01	5.075321e+00
2.816667e+01	2.790623e-01	5.074562e+00
2.820000e+01	2.788702e-01	5.073799e+00
2.823333e+01	2.786767e-01	5.073032e+00
2.826667e+01	2.784827e-01	5.072262e+00
2.830000e+01	2.782891e-01	5.071494e+00
2.833333e+01	2.780961e-01	5.070728e+00
2.836667e+01	2.779033e-01	5.069964e+00
2.840000e+01	2.777104e-01	5.069198e+00
2.843333e+01	2.775172e-01	5.068432e+00
2.846667e+01	2.773239e-01	5.067665e+00
2.850000e+01	2.771306e-01	5.066898e+00
2.853333e+01	2.769375e-01	5.066132e+00
2.856667e+01	2.767444e-01	5.065366e+00
2.860000e+01	2.765513e-01	5.064600e+00
2.863333e+01	2.763582e-01	5.063833e+00
2.866667e+01	2.761650e-01	5.063067e+00
2.870000e+01	2.759719e-01	5.062301e+00
2.873333e+01	2.757787e-01	5.061534e+00
2.876667e+01	2.755856e-01	5.060768e+00
2.880000e+01	2.753924e-01	5.060002e+00
2.883333e+01	2.751993e-01	5.059236e+00
2.886667e+01	2.750061e-01	5.058469e+00
2.890000e+01	2.748130e-01	5.057703e+00
2.893333e+01	2.746198e-01	5.056937e+00
2.896667e+01	2.744267e-01	5.056171e+00
29	2.742336e-01	5.055404e+00
2.903333e+01	2.740404e-01	5.054638e+00
2.906667e+01	2.738473e-01	5.053872e+00
2.910000e+01	2.736541e-01	5.053105e+00
2.913333e+01	2.734610e-01	5.052339e+00
2.916667e+01	2.732678e-01	5.051573e+00
2.920000e+01	2.730747e-01	5.050807e+00
2.923333e+01	2.728816e-01	5.050040e+00
2.926667e+01	2.726884e-01	5.049274e+00
2.930000e+01	2.724953e-01	5.048508e+00
2.933333e+01	2.723021e-01	5.047741e+00
2.936667e+01	2.721090e-01	5.046975e+00
2.940000e+01	2.719158e-01	5.046209e+00
2.943333e+01	2.717227e-01	5.045443e+00
2.946667e+01	2.715295e-01	5.044676e+00
2.950000e+01	2.713364e-01	5.043910e+00
2.953333e+01	2.711432e-01	5.043144e+00
2.956667e+01	2.709501e-01	5.042377e+00
2.960000e+01	2.707570e-01	5.041611e+00
2.963333e+01	2.705638e-01	5.040845e+00
2.966667e+01	2.703707e-01	5.040079e+00
2.970000e+01	2.701775e-01	5.039312e+00
2.973333e+01	2.699844e-01	5.038546e+00
2.976667e+01	2.697912e-01	5.037780e+00
2.980000e+01	2.695981e-01	5.037013e+00
2.983333e+01	2.694049e-01	5.036247e+00
2.986667e+01	2.692118e-01	5.035481e+00
2.990000e+01	2.690187e-01	5.034715e+00
2.993333e+01	2.688255e-01	5.033948e+00
2.996667e+01	2.686324e-01	5.033182e+00
30	2.684392e-01	5.032416e+00
3.003333e+01	2.682461e-01	5.031649e+00
3.006667e+01	2.680529e-01	5.030883e+00
3.010000e+01	2.678598e-01	5.030117e+00
3.013333e+01	2.676666e-01	5.029351e+00
3.016667e+01	2.674735e-01	5.028584e+00
3.020000e+01	2.672804e-01	5.027818e+00
3.023333e+01	2.670872e-01	5.027052e+00
3.026667e+01	2.668941e-01	5.026285e+00
3.030000e+01	2.667009e-01	5.025519e+00
3.033333e+01	2.665078e-01	5.024753e+00
3.036667e+01	2.663146e-01	5.023987e+00
3.040000e+01	2.661215e-01	5.023220e+00
3.043333e+01	2.659283e-01	5.022454e+00
3.046667e+01	2.657352e-01	5.021688e+00
3.050000e+01	2.655421e-01	5.020921e+00
3.053333e+01	2.653489e-01	5.020155e+00
3.056667e+01	2.651558e-01	5.019389e+00
3.060000e+01	2.649626e-01	5.018623e+00
3.063333e+01	2.647695e-01	5.017856e+00
3.066667e+01	2.645763e-01	5.017090e+00
3.070000e+01	2.643832e-01	5.016324e+00
3.073333e+01	2.641900e-01	5.015557e+00
3.076667e+01	2.639969e-01	5.014791e+00
3.080000e+01	2.638038e-01	5.014025e+00
3.083333e+01	2.636106e-01	5.013259e+00
3.086667e+01	2.634175e-01	5.012492e+00
3.090000e+01	2.632243e-01	5.011726e+00
3.093333e+01	2.630312e-01	5.010960e+00
3.096667e+01	2.628380e-01	5.010193e+00
31	2.626449e-01	5.009427e+00
3.103333e+01	2.624517e-01	5.008661e+00
3.106667e+01	2.622586e-01	5.007895e+00
3.110000e+01	2.620655e-01	5.007128e+00
3.113333e+01	2.618723e-01	5.006362e+00
3.116667e+01	2.616792e-01	5.005596e+00
3.120000e+01	2.614860e-01	5.004830e+00
3.123333e+01	2.612929e-01	5.004063e+00
3.126667e+01	2.610997e-01	5.003297e+00
3.130000e+01	2.609066e-01	5.002531e+00
3.133333e+01	2.607134e-01	5.001764e+00
3.136667e+01	2.605203e-01	5.000998e+00
3.140000e+01	2.603271e-01	5.000232e+00
3.143333e+01	2.601340e-01	4.999466e+00
3.146667e+01	2.599409e-01	4.998699e+00
3.150000e+01	2.597477e-01	4.997933e+00
3.153333e+01	2.595546e-01	4.997167e+00
3.156667e+01	2.593614e-01	4.996400e+00
3.160000e+01	2.591683e-01	4.995634e+00
3.163333e+01	2.589751e-01	4.994868e+00
3.166667e+01	2.587820e-01	4.994102e+00
3.170000e+01	2.585888e-01	4.993335e+00
3.173333e+01	2.583957e-01	4.992569e+00
3.176667e+01	2.582026e-01	4.991803e+00
3.180000e+01	2.580094e-01	4.991036e+00
3.183333e+01	2.578163e-01	4.990270e+00
3.186667e+01	2.576231e-01	4.989504e+00
3.190000e+01	2.574300e-01	4.988738e+00
3.193333e+01	2.572368e-01	4.987971e+00
3.196667e+01	2.570437e-01	4.987205e+00
32	2.568505e-01	4.986439e+00
3.203333e+01	2.566574e-01	4.985672e+00
3.206667e+01	2.564643e-01	4.984906e+00
3.210000e+01	2.562711e-01	4.984140e+00
3.213333e+01	2.560780e-01	4.983374e+00
3.216667e+01	2.558848e-01	4.982607e+00
3.220000e+01	2.556917e-01	4.981841e+00
3.223333e+01	2.554985e-01	4.981075e+00
3.226667e+01	2.553054e-01	4.980308e+00
3.230000e+01	2.551122e-01	4.979542e+00
3.233333e+01	2.549191e-01	4.978776e+00
3.236667e+01	2.547260e-01	4.978010e+00
3.240000e+01	2.545328e-01	4.977243e+00
3.243333e+01	2.543397e-01	4.976477e+00
3.246667e+01	2.541465e-01	4.975711e+00
3.250000e+01	2.539534e-01	4.974944e+00
3.253333e+01	2.537602e-01	4.974178e+00
3.256667e+01	2.535671e-01	4.973412e+00
3.260000e+01	2.533739e-01	4.972646e+00
3.263333e+01	2.531808e-01	4.971879e+00
3.266667e+01	2.529877e-01	4.971113e+00
3.270000e+01	2.527945e-01	4.970347e+00
3.273333e+01	2.526014e-01	4.969580e+00
3.276667e+01	2.524082e-01	4.968814e+00
3.280000e+01	2.522151e-01	4.968048e+00
3.283333e+01	2.520219e-01	4.967282e+00
3.286667e+01	2.518288e-01	4.966515e+00
3.290000e+01	2.516356e-01	4.965749e+00
3.293333e+01	2.514425e-01	4.964983e+00
3.296667e+01	2.512494e-01	4.964216e+00
33	2.510562e-01	4.963450e+00
3.303333e+01	2.508631e-01	4.962684e+00
3.306667e+01	2.506699e-01	4.961918e+00
3.310000e+01	2.504768e-01	4.961151e+00
3.313333e+01	2.502836e-01	4.960385e+00
3.316667e+01	2.500905e-01	4.959619e+00
3.320000e+01	2.498973e-01	4.958853e+00
3.323333e+01	2.497042e-01	4.958086e+00
3.326667e+01	2.495111e-01	4.957320e+00
3.330000e+01	2.493179e-01	4.956554e+00
3.333333e+01	2.491248e-01	4.955787e+00
3.336667e+01	2.489316e-01	4.955021e+00
3.340000e+01	2.487385e-01	4.954255e+00
3.343333e+01	2.485453e-01	4.953489e+00
3.346667e+01	2.483522e-01	4.952722e+00
3.350000e+01	2.481590e-01	4.951956e+00
3.353333e+01	2.479659e-01	4.951190e+00
3.356667e+01	2.477727e-01	4.950423e+00
3.360000e+01	2.475796e-01	4.949657e+00
3.363333e+01	2.473865e-01	4.948891e+00
3.366667e+01	2.471933e-01	4.948125e+00
3.370000e+01	2.470002e-01	4.947358e+00
3.373333e+01	2.468070e-01	4.946592e+00
3.376667e+01	2.466139e-01	4.945826e+00
3.380000e+01	2.464207e-01	4.945059e+00
3.383333e+01	2.462276e-01	4.944293e+00
3.386667e+01	2.460344e-01	4.943527e+00
3.390000e+01	2.458413e-01	4.942761e+00
3.393333e+01	2.456482e-01	4.941994e+00
3.396667e+01	2.454550e-01	4.941228e+00
34	2.452619e-01	4.940462e+00
3.403333e+01	2.450687e-01	4.939695e+00
3.406667e+01	2.448756e-01	4.938929e+00
3.410000e+01	2.446824e-01	4.938163e+00
3.413333e+01	2.444893e-01	4.937397e+00
3.416667e+01	2.442961e-01	4.936630e+00
3.420000e+01	2.441030e-01	4.935864e+00
3.423333e+01	2.439099e-01	4.935098e+00
3.426667e+01	2.437167e-01	4.934331e+00
3.430000e+01	2.435236e-01	4.933565e+00
3.433333e+01	2.433304e-01	4.932799e+00
3.436667e+01	2.431373e-01	4.932033e+00
3.440000e+01	2.429441e-01	4.931266e+00
3.443333e+01	2.427510e-01	4.930500e+00
3.446667e+01	2.425578e-01	4.929734e+00
3.450000e+01	2.423647e-01	4.928967e+00
3.453333e+01	2.421716e-01	4.928201e+00
3.456667e+01	2.419784e-01	4.927435e+00
3.460000e+01	2.417853e-01	4.926669e+00
3.463333e+01	2.415921e-01	4.925902e+00
3.466667e+01	2.413990e-01	4.925136e+00
3.470000e+01	2.412058e-01	4.924370e+00
3.473333e+01	2.410127e-01	4.923603e+00
3.476667e+01	2.408195e-01	4.922837e+00
3.480000e+01	2.406264e-01	4.922071e+00
3.483333e+01	2.404333e-01	4.921305e+00
3.486667e+01	2.402401e-01	4.920538e+00
3.490000e+01	2.400470e-01	4.919772e+00
3.493333e+01	2.398538e-01	4.919006e+00
3.496667e+01	2.396607e-01	4.918239e+00
35	2.394675e-01	4.917473e+00
3.503333e+01	2.392744e-01	4.916707e+00
3.506667e+01	2.390812e-01	4.915941e+00
3.510000e+01	2.388881e-01	4.915174e+00
3.513333e+01	2.386950e-01	4.914408e+00
3.516667e+01	2.385018e-01	4.913642e+00
3.520000e+01	2.383087e-01	4.912875e+00
3.523333e+01	2.381155e-01	4.912109e+00
3.526667e+01	2.379224e-01	4.911343e+00
3.530000e+01	2.377292e-01	4.910577e+00
3.533333e+01	2.375361e-01	4.909810e+00
3.536667e+01	2.373429e-01	4.909044e+00
3.540000e+01	2.371498e-01	4.908278e+00
3.543333e+01	2.369566e-01	4.907512e+00
3.546667e+01	2.367635e-01	4.906745e+00
3.550000e+01	2.365704e-01	4.905979e+00
3.553333e+01	2.363772e-01	4.905213e+00
3.556667e+01	2.361841e-01	4.904446e+00
3.560000e+01	2.359909e-01	4.903680e+00
3.563333e+01	2.357978e-01	4.902914e+00
3.566667e+01	2.356046e-01	4.902148e+00
3.570000e+01	2.354135e-01	4.901389e+00
3.573333e+01	2.352361e-01	4.900685e+00
3.576667e+01	2.350982e-01	4.900138e+00
3.580000e+01	2.350262e-01	4.899852e+00
3.583333e+01	2.350201e-01	4.899828e+00
3.586667e+01	2.350491e-01	4.899943e+00
3.590000e+01	2.350753e-01	4.900047e+00
3.593333e+01	2.350803e-01	4.900067e+00
3.596667e+01	2.334649e-01	4.893658e+00
36	2.227897e-01	4.851306e+00
3.603333e+01	1.917440e-01	4.728134e+00
3.606667e+01	1.402664e-01	4.523902e+00
3.610000e+01	8.860634e-02	4.318945e+00
3.613333e+01	6.112609e-02	4.209920e+00
3.616667e+01	6.330455e-02	4.218563e+00
3.620000e+01	7.989927e-02	4.284401e+00
3.623333e+01	9.370150e-02	4.339160e+00
3.626667e+01	1.047636e-01	4.383048e+00
3.630000e+01	1.292158e-01	4.480060e+00
3.633333e+01	1.752860e-01	4.662839e+00
3.636667e+01	2.264746e-01	4.865925e+00
3.640000e+01	2.566949e-01	4.985821e+00
3.643333e+01	2.569460e-01	4.986817e+00
3.646667e+01	2.406842e-01	4.922300e+00
3.650000e+01	2.273462e-01	4.869383e+00
3.653333e+01	2.258565e-01	4.863473e+00
3.656667e+01	2.322452e-01	4.888819e+00
3.660000e+01	2.381282e-01	4.912160e+00
3.663333e+01	2.390931e-01	4.915988e+00
3.666667e+01	2.364675e-01	4.905571e+00
3.670000e+01	2.338433e-01	4.895159e+00
3.673333e+01	2.332905e-01	4.892966e+00
3.676667e+01	2.343702e-01	4.897250e+00
3.680000e+01	2.355409e-01	4.901895e+00
3.683333e+01	2.358406e-01	4.903084e+00
3.686667e+01	2.354005e-01	4.901338e+00
3.690000e+01	2.348803e-01	4.899274e+00
3.693333e+01	2.347241e-01	4.898654e+00
3.696667e+01	2.349015e-01	4.899358e+00
37	2.351317e-01	4.900271e+00
3.703333e+01	2.352108e-01	4.900585e+00
3.706667e+01	2.351402e-01	4.900305e+00
3.710000e+01	2.350388e-01	4.899903e+00
3.713333e+01	2.349996e-01	4.899747e+00
3.716667e+01	2.350272e-01	4.899857e+00
3.720000e+01	2.350717e-01	4.900033e+00
3.723333e+01	2.350908e-01	4.900109e+00
3.726667e+01	2.350802e-01	4.900067e+00
3.730000e+01	2.350608e-01	4.899990e+00
3.733333e+01	2.350516e-01	4.899953e+00
3.736667e+01	2.350556e-01	4.899969e+00
3.740000e+01	2.350640e-01	4.900003e+00
3.743333e+01	2.350684e-01	4.900020e+00
3.746667e+01	2.350669e-01	4.900014e+00
3.750000e+01	2.350633e-01	4.900000e+00
3.753333e+01	2.350612e-01	4.899992e+00
3.756667e+01	2.350617e-01	4.899994e+00
3.760000e+01	2.350633e-01	4.900000e+00
3.763333e+01	2.350642e-01	4.900004e+00
3.766667e+01	2.350641e-01	4.900003e+00
3.770000e+01	2.350634e-01	4.900000e+00
3.773333e+01	2.350630e-01	4.899999e+00
3.776667e+01	2.350630e-01	4.899999e+00
3.780000e+01	2.350633e-01	4.900000e+00
3.783333e+01	2.350635e-01	4.900001e+00
3.786667e+01	2.350635e-01	4.900001e+00
3.790000e+01	2.350634e-01	4.900000e+00
3.793333e+01	2.350633e-01	4.900000e+00
3.796667e+01	2.350633e-01	4.900000e+00
38	2.350633e-01	4.900000e+00
3.803333e+01	2.350634e-01	4.900000e+00
3.806667e+01	2.350634e-01	4.900000e+00
3.810000e+01	2.350634e-01	4.900000e+00
3.813333e+01	2.350633e-01	4.900000e+00
3.816667e+01	2.350633e-01	4.900000e+00
3.820000e+01	2.350633e-01	4.900000e+00
3.823333e+01	2.350634e-01	4.900000e+00
3.826667e+01	2.350634e-01	4.900000e+00
3.830000e+01	2.350633e-01	4.900000e+00
3.833333e+01	2.350633e-01	4.900000e+00
3.836667e+01	2.350633e-01	4.900000e+00
3.840000e+01	2.350633e-01	4.900000e+00
3.843333e+01	2.350633e-01	4.900000e+00
3.846667e+01	2.350633e-01	4.900000e+00
3.850000e+01	2.350633e-01	4.900000e+00
3.853333e+01	2.350633e-01	4.900000e+00
3.856667e+01	2.350633e-01	4.900000e+00
3.860000e+01	2.350633e-01	4.900000e+00
3.863333e+01	2.350633e-01	4.900000e+00
3.866667e+01	2.350633e-01	4.900000e+00
3.870000e+01	2.350633e-01	4.900000e+00
3.873333e+01	2.350633e-01	4.900000e+00
3.876667e+01	2.347959e-01	4.898939e+00
3.880000e+01	2.330185e-01	4.891887e+00
3.883333e+01	2.281121e-01	4.872422e+00
3.886667e+01	2.213092e-01	4.845432e+00
3.890000e+01	2.178722e-01	4.831796e+00
3.893333e+01	2.218723e-01	4.847666e+00
3.896667e+01	2.305790e-01	4.882209e+00
39	2.348106e-01	4.898997e+00
3.903333e+01	2.224197e-01	4.849838e+00
3.906667e+01	1.852702e-01	4.702450e+00
3.910000e+01	1.306262e-01	4.485655e+00
3.913333e+01	8.202360e-02	4.292829e+00
3.916667e+01	6.050491e-02	4.207456e+00
3.920000e+01	6.644641e-02	4.231028e+00
3.923333e+01	8.279473e-02	4.295888e+00
3.926667e+01	9.262531e-02	4.334890e+00
3.930000e+01	9.286739e-02	4.335851e+00
3.933333e+01	9.689834e-02	4.351843e+00
3.936667e+01	1.235083e-01	4.457415e+00
3.940000e+01	1.753105e-01	4.662936e+00
3.943333e+01	2.297786e-01	4.879033e+00
3.946667e+01	2.576778e-01	4.989721e+00
3.950000e+01	2.448090e-01	4.938665e+00
3.953333e+01	1.959817e-01	4.744947e+00
3.956667e+01	1.313796e-01	4.488644e+00
3.960000e+01	7.927597e-02	4.281928e+00
3.963333e+01	5.888639e-02	4.201034e+00
3.966667e+01	6.689706e-02	4.232816e+00
3.970000e+01	8.401111e-02	4.300714e+00
3.973333e+01	9.326070e-02	4.337411e+00
3.976667e+01	9.103773e-02	4.328592e+00
3.980000e+01	8.408283e-02	4.300999e+00
3.983333e+01	7.963036e-02	4.283334e+00
3.986667e+01	7.855432e-02	4.279065e+00
3.990000e+01	7.633935e-02	4.270277e+00
3.993333e+01	6.968352e-02	4.243871e+00
3.996667e+01	6.088084e-02	4.208947e+00
40	5.503781e-02	4.185765e+00
4.003333e+01	5.451624e-02	4.183696e+00
4.006667e+01	5.731399e-02	4.194796e+00
4.010000e+01	5.961575e-02	4.203928e+00
4.013333e+01	5.830937e-02	4.198745e+00
4.016667e+01	5.204635e-02	4.173897e+00
4.020000e+01	4.233766e-02	4.135379e+00
4.023333e+01	3.346343e-02	4.100171e+00
4.026667e+01	2.932528e-02	4.083753e+00
4.030000e+01	3.018886e-02	4.087179e+00
4.033333e+01	3.309408e-02	4.098706e+00
4.036667e+01	3.494788e-02	4.106060e+00
4.040000e+01	3.479244e-02	4.105444e+00
4.043333e+01	3.362249e-02	4.100802e+00
4.046667e+01	3.279231e-02	4.097508e+00
4.050000e+01	3.281082e-02	4.097582e+00
4.053333e+01	3.330304e-02	4.099535e+00
4.056667e+01	3.367990e-02	4.101030e+00
4.060000e+01	3.369272e-02	4.101081e+00
4.063333e+01	3.348518e-02	4.100257e+00
4.066667e+01	3.331411e-02	4.099578e+00
4.070000e+01	3.329909e-02	4.099519e+00
4.073333e+01	3.338608e-02	4.099864e+00
4.076667e+01	3.346338e-02	4.100171e+00
4.080000e+01	3.347410e-02	4.100213e+00
4.083333e+01	3.343789e-02	4.100070e+00
4.086667e+01	3.340313e-02	4.099932e+00
4.090000e+01	3.339664e-02	4.099906e+00
4.093333e+01	3.367907e-02	4.101026e+00
4.096667e+01	3.547196e-02	4.108140e+00
41	4.064945e-02	4.128681e+00
4.103333e+01	4.922363e-02	4.162698e+00
4.106667e+01	5.782753e-02	4.196833e+00
4.110000e+01	6.240587e-02	4.214997e+00
4.113333e+01	6.204499e-02	4.213566e+00
4.116667e+01	5.928191e-02	4.202603e+00
4.120000e+01	5.751737e-02	4.195603e+00
4.123333e+01	5.922750e-02	4.202387e+00
4.126667e+01	6.549864e-02	4.227268e+00
4.130000e+01	7.524793e-02	4.265947e+00
4.133333e+01	8.571583e-02	4.307478e+00
4.136667e+01	9.528150e-02	4.345428e+00
4.140000e+01	1.048708e-01	4.383473e+00
4.143333e+01	1.158334e-01	4.426966e+00
4.146667e+01	1.271507e-01	4.471866e+00
4.150000e+01	1.355139e-01	4.505047e+00
4.153333e+01	1.395304e-01	4.520982e+00
4.156667e+01	1.450671e-01	4.542948e+00
4.160000e+01	1.629280e-01	4.613810e+00
4.163333e+01	1.958394e-01	4.744383e+00
4.166667e+01	2.307454e-01	4.882869e+00
4.170000e+01	2.502249e-01	4.960152e+00
4.173333e+01	2.494170e-01	4.956947e+00
4.176667e+01	2.381956e-01	4.912427e+00
4.180000e+01	2.295689e-01	4.878201e+00
4.183333e+01	2.284702e-01	4.873842e+00
4.186667e+01	2.293600e-01	4.877373e+00
4.190000e+01	2.228324e-01	4.851475e+00
4.193333e+01	2.061275e-01	4.785200e+00
4.196667e+01	1.873338e-01	4.710637e+00
42	1.782392e-01	4.674555e+00
4.203333e+01	1.841203e-01	4.697888e+00
4.206667e+01	2.007723e-01	4.763954e+00
4.210000e+01	2.193898e-01	4.837817e+00
4.213333e+01	2.328473e-01	4.891208e+00
4.216667e+01	2.385842e-01	4.913969e+00
4.220000e+01	2.382521e-01	4.912651e+00
4.223333e+01	2.356082e-01	4.902162e+00
4.226667e+01	2.338164e-01	4.895053e+00
4.230000e+01	2.338445e-01	4.895164e+00
4.233333e+01	2.348381e-01	4.899106e+00
4.236667e+01	2.355847e-01	4.902069e+00
4.240000e+01	2.355988e-01	4.902125e+00
4.243333e+01	2.351819e-01	4.900470e+00
4.246667e+01	2.348470e-01	4.899142e+00
4.250000e+01	2.350918e-01	4.900113e+00
4.253333e+01	2.370448e-01	4.907861e+00
4.256667e+01	2.423702e-01	4.928989e+00
4.260000e+01	2.509685e-01	4.963102e+00
4.263333e+01	2.592385e-01	4.995913e+00
4.266667e+01	2.619731e-01	5.006762e+00
4.270000e+01	2.564244e-01	4.984748e+00
4.273333e+01	2.451084e-01	4.939853e+00
4.276667e+01	2.331578e-01	4.892440e+00
4.280000e+01	2.196311e-01	4.838774e+00
4.283333e+01	1.952114e-01	4.741891e+00
4.286667e+01	1.556969e-01	4.585121e+00
4.290000e+01	1.129742e-01	4.415623e+00
4.293333e+01	8.451379e-02	4.302709e+00
4.296667e+01	7.625250e-02	4.269933e+00
43	8.051642e-02	4.286849e+00
4.303333e+01	8.620983e-02	4.309437e+00
4.306667e+01	8.754023e-02	4.314716e+00
4.310000e+01	8.525130e-02	4.305634e+00
4.313333e+01	8.275242e-02	4.295720e+00
4.316667e+01	8.241910e-02	4.294398e+00
4.320000e+01	8.517989e-02	4.305351e+00
4.323333e+01	9.147589e-02	4.330330e+00
4.326667e+01	1.001028e-01	4.364556e+00
4.330000e+01	1.065341e-01	4.390072e+00
4.333333e+01	1.053853e-01	4.385514e+00
4.336667e+01	9.585226e-02	4.347693e+00
4.340000e+01	8.312559e-02	4.297201e+00
4.343333e+01	7.342599e-02	4.258719e+00
4.346667e+01	6.869491e-02	4.239949e+00
4.350000e+01	6.642838e-02	4.230956e+00
4.353333e+01	6.327488e-02	4.218445e+00
4.356667e+01	5.796810e-02	4.197391e+00
4.360000e+01	5.145045e-02	4.171533e+00
4.363333e+01	4.521230e-02	4.146783e+00
4.366667e+01	3.989306e-02	4.125680e+00
4.370000e+01	3.513819e-02	4.106815e+00
4.373333e+01	3.029839e-02	4.087614e+00
4.376667e+01	2.506581e-02	4.066854e+00
4.380000e+01	1.957245e-02	4.045060e+00
4.383333e+01	1.410030e-02	4.023349e+00
4.386667e+01	8.795500e-03	4.002303e+00
4.390000e+01	3.610472e-03	3.981732e+00
4.393333e+01	-1.576765e-03	3.961152e+00
4.396667e+01	-6.834942e-03	3.940291e+00
44	-1.214781e-02	3.919213e+00
4.403333e+01	-1.746283e-02	3.898126e+00
4.406667e+01	-2.274795e-02	3.877157e+00
4.410000e+01	-2.800824e-02	3.856288e+00
4.413333e+01	-3.326622e-02	3.835427e+00
4.416667e+01	-3.853672e-02	3.814517e+00
4.420000e+01	-4.381843e-02	3.793562e+00
4.423333e+01	-4.910175e-02	3.772601e+00
4.426667e+01	-5.437987e-02	3.751661e+00
4.430000e+01	-5.965295e-02	3.730740e+00
4.433333e+01	-6.492506e-02	3.709824e+00
4.436667e+01	-7.019932e-02	3.688899e+00
4.440000e+01	-7.547584e-02	3.667964e+00
4.443333e+01	-8.075289e-02	3.647028e+00
4.446667e+01	-8.602906e-02	3.626095e+00
4.450000e+01	-9.130423e-02	3.605167e+00
4.453333e+01	-9.657911e-02	3.584239e+00
4.456667e+01	-1.018544e-01	3.563310e+00
4.460000e+01	-1.071300e-01	3.542379e+00
4.463333e+01	-1.124059e-01	3.521448e+00
4.466667e+01	-1.176816e-01	3.500517e+00
4.470000e+01	-1.229570e-01	3.479587e+00
4.473333e+01	-1.282325e-01	3.458657e+00
4.476667e+01	-1.334520e-01	3.437950e+00
4.480000e+01	-1.382995e-01	3.418717e+00
4.483333e+01	-1.420642e-01	3.403781e+00
4.486667e+01	-1.440331e-01	3.395970e+00
4.490000e+01	-1.441996e-01	3.395309e+00
4.493333e+01	-1.436749e-01	3.397391e+00
4.496667e+01	-1.444686e-01	3.394242e+00
45	-1.477280e-01	3.381311e+00
4.503333e+01	-1.514228e-01	3.366652e+00
4.506667e+01	-1.517556e-01	3.365331e+00
4.510000e+01	-1.477974e-01	3.381035e+00
4.513333e+01	-1.427372e-01	3.401111e+00
4.516667e+01	-1.402013e-01	3.411172e+00
4.520000e+01	-1.408969e-01	3.408412e+00
4.523333e+01	-1.429110e-01	3.400422e+00
4.526667e+01	-1.441348e-01	3.395566e+00
4.530000e+01	-1.439573e-01	3.396270e+00
4.533333e+01	-1.428482e-01	3.400671e+00
4.536667e+01	-1.405090e-01	3.409951e+00
4.540000e+01	-1.353769e-01	3.430313e+00
4.543333e+01	-1.271534e-01	3.462938e+00
4.546667e+01	-1.171950e-01	3.502447e+00
4.550000e+01	-1.019475e-01	3.562941e+00
4.553333e+01	-7.111656e-02	3.685259e+00
4.556667e+01	-2.201604e-02	3.880061e+00
4.560000e+01	2.939848e-02	4.084044e+00
4.563333e+01	6.193489e-02	4.213129e+00
4.566667e+01	6.946314e-02	4.242996e+00
4.570000e+01	6.266595e-02	4.216029e+00
4.573333e+01	5.579340e-02	4.188763e+00
4.576667e+01	5.558790e-02	4.187948e+00
4.580000e+01	6.018496e-02	4.206186e+00
4.583333e+01	6.465538e-02	4.223922e+00
4.586667e+01	6.629080e-02	4.230410e+00
4.590000e+01	6.579438e-02	4.228441e+00
4.593333e+01	6.526484e-02	4.226340e+00
4.596667e+01	6.594143e-02	4.229024e+00
46	6.758702e-02	4.235553e+00
4.603333e+01	6.929912e-02	4.242346e+00
4.606667e+01	7.050348e-02	4.247124e+00
4.610000e+01	7.126886e-02	4.250160e+00
4.613333e+01	7.198133e-02	4.252987e+00
4.616667e+01	7.290573e-02	4.256655e+00
4.620000e+01	7.402789e-02	4.261107e+00
4.623333e+01	7.518362e-02	4.265692e+00
4.626667e+01	7.625157e-02	4.269929e+00
4.630000e+01	7.723087e-02	4.273814e+00
4.633333e+01	7.819096e-02	4.277623e+00
4.636667e+01	7.918711e-02	4.281575e+00
4.640000e+01	8.022281e-02	4.285684e+00
4.643333e+01	8.126887e-02	4.289835e+00
4.646667e+01	8.230026e-02	4.293927e+00
4.650000e+01	8.331408e-02	4.297949e+00
4.653333e+01	8.432253e-02	4.301950e+00
4.656667e+01	8.533688e-02	4.305974e+00
4.660000e+01	8.635900e-02	4.310029e+00
4.663333e+01	8.738383e-02	4.314095e+00
4.666667e+01	8.840631e-02	4.318152e+00
4.670000e+01	8.942538e-02	4.322195e+00
4.673333e+01	9.044311e-02	4.326233e+00
4.676667e+01	9.146175e-02	4.330274e+00
4.680000e+01	9.248189e-02	4.334321e+00
4.683333e+01	9.350268e-02	4.338371e+00
4.686667e+01	9.452313e-02	4.342420e+00
4.690000e+01	9.554292e-02	4.346466e+00
4.693333e+01	9.656239e-02	4.350510e+00
4.696667e+01	9.758200e-02	4.354555e+00
47	9.860189e-02	4.358602e+00
4.703333e+01	9.962193e-02	4.362649e+00
4.706667e+01	1.006419e-01	4.366695e+00
4.710000e+01	1.016618e-01	4.370742e+00
4.713333e+01	1.026816e-01	4.374788e+00
4.716667e+01	1.037014e-01	4.378834e+00
4.720000e+01	1.047213e-01	4.382880e+00
4.723333e+01	1.057412e-01	4.386926e+00
4.726667e+01	1.067611e-01	4.390973e+00
4.730000e+01	1.077809e-01	4.395019e+00
4.733333e+01	1.088008e-01	4.399065e+00
4.736667e+01	1.098207e-01	4.403111e+00
4.740000e+01	1.108405e-01	4.407157e+00
4.743333e+01	1.118604e-01	4.411204e+00
4.746667e+01	1.128803e-01	4.415250e+00
4.750000e+01	1.139002e-01	4.419296e+00
4.753333e+01	1.149200e-01	4.423342e+00
4.756667e+01	1.159399e-01	4.427389e+00
4.760000e+01	1.169598e-01	4.431435e+00
4.763333e+01	1.179796e-01	4.435481e+00
4.766667e+01	1.189995e-01	4.439527e+00
4.770000e+01	1.200194e-01	4.443574e+00
4.773333e+01	1.210392e-01	4.447620e+00
4.776667e+01	1.220591e-01	4.451666e+00
4.780000e+01	1.230790e-01	4.455712e+00
4.783333e+01	1.240989e-01	4.459759e+00
4.786667e+01	1.251187e-01	4.463805e+00
4.790000e+01	1.261386e-01	4.467851e+00
4.793333e+01	1.271585e-01	4.471897e+00
4.796667e+01	1.281783e-01	4.475944e+00
48	1.291982e-01	4.479990e+00
4.803333e+01	1.302181e-01	4.484036e+00
4.806667e+01	1.312379e-01	4.488082e+00
4.810000e+01	1.322578e-01	4.492129e+00
4.813333e+01	1.332777e-01	4.496175e+00
4.816667e+01	1.342976e-01	4.500221e+00
4.820000e+01	1.353174e-01	4.504267e+00
4.823333e+01	1.363373e-01	4.508314e+00
4.826667e+01	1.373572e-01	4.512360e+00
4.830000e+01	1.383770e-01	4.516406e+00
4.833333e+01	1.393969e-01	4.520452e+00
4.836667e+01	1.404168e-01	4.524498e+00
4.840000e+01	1.414367e-01	4.528545e+00
4.843333e+01	1.424565e-01	4.532591e+00
4.846667e+01	1.434764e-01	4.536637e+00
4.850000e+01	1.444963e-01	4.540683e+00
4.853333e+01	1.455161e-01	4.544730e+00
4.856667e+01	1.465360e-01	4.548776e+00
4.860000e+01	1.475559e-01	4.552822e+00
4.863333e+01	1.485757e-01	4.556868e+00
4.866667e+01	1.495956e-01	4.560915e+00
4.870000e+01	1.506155e-01	4.564961e+00
4.873333e+01	1.516354e-01	4.569007e+00
4.876667e+01	1.526552e-01	4.573053e+00
4.880000e+01	1.536751e-01	4.577100e+00
4.883333e+01	1.546950e-01	4.581146e+00
4.886667e+01	1.557148e-01	4.585192e+00
4.890000e+01	1.567347e-01	4.589238e+00
4.893333e+01	1.577546e-01	4.593285e+00
4.896667e+01	1.587745e-01	4.597331e+00
49	1.597943e-01	4.601377e+00
4.903333e+01	1.608142e-01	4.605423e+00
4.906667e+01	1.618341e-01	4.609470e+00
4.910000e+01	1.628539e-01	4.613516e+00
4.913333e+01	1.638738e-01	4.617562e+00
4.916667e+01	1.648937e-01	4.621608e+00
4.920000e+01	1.659135e-01	4.625655e+00
4.923333e+01	1.669334e-01	4.629701e+00
4.926667e+01	1.679533e-01	4.633747e+00
4.930000e+01	1.689732e-01	4.637793e+00
4.933333e+01	1.699930e-01	4.641840e+00
4.936667e+01	1.710129e-01	4.645886e+00
4.940000e+01	1.720328e-01	4.649932e+00
4.943333e+01	1.730526e-01	4.653978e+00
4.946667e+01	1.740725e-01	4.658024e+00
4.950000e+01	1.750924e-01	4.662071e+00
4.953333e+01	1.761123e-01	4.666117e+00
4.956667e+01	1.771321e-01	4.670163e+00
4.960000e+01	1.781520e-01	4.674209e+00
4.963333e+01	1.791719e-01	4.678256e+00
4.966667e+01	1.801917e-01	4.682302e+00
4.970000e+01	1.812116e-01	4.686348e+00
4.973333e+01	1.822315e-01	4.690394e+00
4.976667e+01	1.832514e-01	4.694441e+00
4.980000e+01	1.842712e-01	4.698487e+00
4.983333e+01	1.852911e-01	4.702533e+00
4.986667e+01	1.863110e-01	4.706579e+00
4.990000e+01	1.873308e-01	4.710626e+00
4.993333e+01	1.883507e-01	4.714672e+00
4.996667e+01	1.893706e-01	4.718718e+00
50	1.903904e-01	4.722764e+00
5.003333e+01	1.914103e-01	4.726811e+00
5.006667e+01	1.924302e-01	4.730857e+00
5.010000e+01	1.934501e-01	4.734903e+00
5.013333e+01	1.944699e-01	4.738949e+00
5.016667e+01	1.954898e-01	4.742996e+00
5.020000e+01	1.965097e-01	4.747042e+00
5.023333e+01	1.975295e-01	4.751088e+00
5.026667e+01	1.985494e-01	4.755134e+00
5.030000e+01	1.995693e-01	4.759181e+00
5.033333e+01	2.005892e-01	4.763227e+00
5.036667e+01	2.016090e-01	4.767273e+00
5.040000e+01	2.026289e-01	4.771319e+00
5.043333e+01	2.036488e-01	4.775366e+00
5.046667e+01	2.046686e-01	4.779412e+00
5.050000e+01	2.056885e-01	4.783458e+00
5.053333e+01	2.067084e-01	4.787504e+00
5.056667e+01	2.077282e-01	4.791551e+00
5.060000e+01	2.087481e-01	4.795597e+00
5.063333e+01	2.097680e-01	4.799643e+00
5.066667e+01	2.107879e-01	4.803689e+00
5.070000e+01	2.118077e-01	4.807735e+00
5.073333e+01	2.128276e-01	4.811782e+00
5.076667e+01	2.138475e-01	4.815828e+00
5.080000e+01	2.148673e-01	4.819874e+00
5.083333e+01	2.158872e-01	4.823920e+00
5.086667e+01	2.169071e-01	4.827967e+00
5.090000e+01	2.179270e-01	4.832013e+00
5.093333e+01	2.189468e-01	4.836059e+00
5.096667e+01	2.199667e-01	4.840105e+00
51	2.209866e-01	4.844152e+00
5.103333e+01	2.220064e-01	4.848198e+00
5.106667e+01	2.230263e-01	4.852244e+00
5.110000e+01	2.240462e-01	4.856290e+00
5.113333e+01	2.250660e-01	4.860337e+00
5.116667e+01	2.260859e-01	4.864383e+00
5.120000e+01	2.271058e-01	4.868429e+00
5.123333e+01	2.281257e-01	4.872475e+00
5.126667e+01	2.291455e-01	4.876522e+00
5.130000e+01	2.301654e-01	4.880568e+00
5.133333e+01	2.311853e-01	4.884614e+00
5.136667e+01	2.322051e-01	4.888660e+00
5.140000e+01	2.332142e-01	4.892664e+00
5.143333e+01	2.341513e-01	4.896382e+00
5.146667e+01	2.348791e-01	4.899269e+00
5.150000e+01	2.352597e-01	4.900779e+00
5.153333e+01	2.352919e-01	4.900907e+00
5.156667e+01	2.351388e-01	4.900299e+00
5.160000e+01	2.350003e-01	4.899750e+00
5.163333e+01	2.349738e-01	4.899645e+00
5.166667e+01	2.350296e-01	4.899866e+00
5.170000e+01	2.350880e-01	4.900098e+00
5.173333e+01	2.351020e-01	4.900153e+00
5.176667e+01	2.350795e-01	4.900064e+00
5.180000e+01	2.350537e-01	4.899962e+00
5.183333e+01	2.350465e-01	4.899933e+00
5.186667e+01	2.350556e-01	4.899969e+00
5.190000e+01	2.350670e-01	4.900014e+00
5.193333e+01	2.350707e-01	4.900029e+00
5.196667e+01	2.350670e-01	4.900015e+00
52	2.350620e-01	4.899995e+00
5.203333e+01	2.350602e-01	4.899987e+00
5.206667e+01	2.350616e-01	4.899993e+00
5.210000e+01	2.350638e-01	4.900002e+00
5.213333e+01	2.350647e-01	4.900005e+00
5.216667e+01	2.350642e-01	4.900003e+00
5.220000e+01	2.350632e-01	4.899999e+00
5.223333e+01	2.350628e-01	4.899998e+00
5.226667e+01	2.350630e-01	4.899998e+00
5.230000e+01	2.350634e-01	4.900000e+00
5.233333e+01	2.350636e-01	4.900001e+00
5.236667e+01	2.350635e-01	4.900001e+00
5.240000e+01	2.350633e-01	4.900000e+00
5.243333e+01	2.350632e-01	4.900000e+00
5.246667e+01	2.350633e-01	4.900000e+00
5.250000e+01	2.350633e-01	4.900000e+00
5.253333e+01	2.350634e-01	4.900000e+00
5.256667e+01	2.350634e-01	4.900000e+00
5.260000e+01	2.350633e-01	4.900000e+00
5.263333e+01	2.350633e-01	4.900000e+00
5.266667e+01	2.350633e-01	4.900000e+00
5.270000e+01	2.350633e-01	4.900000e+00
5.273333e+01	2.350634e-01	4.900000e+00
5.276667e+01	2.350634e-01	4.900000e+00
5.280000e+01	2.334585e-01	4.893633e+00
5.283333e+01	2.217509e-01	4.847184e+00
5.286667e+01	1.837739e-01	4.696514e+00
5.290000e+01	1.121077e-01	4.412185e+00
5.293333e+01	2.698219e-02	4.074457e+00
5.296667e+01	-3.399129e-02	3.832551e+00
53	-4.932333e-02	3.771722e+00
5.303333e+01	-3.052869e-02	3.846288e+00
5.306667e+01	-6.333818e-03	3.942279e+00
5.310000e+01	3.426373e-03	3.981002e+00
5.313333e+01	-1.493478e-03	3.961483e+00
5.316667e+01	-9.914503e-03	3.928073e+00
5.320000e+01	-1.273282e-02	3.916892e+00
5.323333e+01	-9.129797e-03	3.931186e+00
5.326667e+01	-3.689736e-03	3.952769e+00
5.330000e+01	-5.016676e-04	3.965418e+00
5.333333e+01	-1.477958e-04	3.966821e+00
5.336667e+01	-7.279984e-04	3.964520e+00
5.340000e+01	-4.078506e-04	3.965790e+00
5.343333e+01	1.161968e-03	3.972018e+00
5.346667e+01	3.197327e-03	3.980093e+00
5.350000e+01	4.877907e-03	3.986760e+00
5.353333e+01	6.009648e-03	3.991251e+00
5.356667e+01	6.913404e-03	3.994836e+00
5.360000e+01	7.954412e-03	3.998966e+00
5.363333e+01	9.235416e-03	4.004049e+00
5.366667e+01	1.062645e-02	4.009567e+00
5.370000e+01	1.196562e-02	4.014880e+00
5.373333e+01	1.320031e-02	4.019779e+00
5.376667e+01	1.438254e-02	4.024469e+00
5.380000e+01	1.558375e-02	4.029235e+00
5.383333e+01	1.683024e-02	4.034180e+00
5.386667e+01	1.810149e-02	4.039224e+00
5.390000e+01	1.936611e-02	4.044241e+00
5.393333e+01	2.061119e-02	4.049181e+00
5.396667e+01	2.184469e-02	4.054075e+00
54	2.308034e-02	4.058977e+00
5.403333e+01	2.432438e-02	4.063913e+00
5.406667e+01	2.557380e-02	4.068870e+00
5.410000e+01	2.682260e-02	4.073824e+00
5.413333e+01	2.806783e-02	4.078764e+00
5.416667e+01	2.931058e-02	4.083695e+00
5.420000e+01	3.055344e-02	4.088626e+00
5.423333e+01	3.179783e-02	4.093563e+00
5.426667e+01	3.304335e-02	4.098504e+00
5.430000e+01	3.428889e-02	4.103446e+00
5.433333e+01	3.553378e-02	4.108385e+00
5.436667e+01	3.677816e-02	4.113322e+00
5.440000e+01	3.802250e-02	4.118259e+00
5.443333e+01	3.926711e-02	4.123196e+00
5.446667e+01	4.051196e-02	4.128135e+00
5.450000e+01	4.175683e-02	4.133074e+00
5.453333e+01	4.300159e-02	4.138013e+00
5.456667e+01	4.424625e-02	4.142951e+00
5.460000e+01	4.549088e-02	4.147889e+00
5.463333e+01	4.673557e-02	4.152827e+00
5.466667e+01	4.798030e-02	4.157765e+00
5.470000e+01	4.922504e-02	4.162704e+00
5.473333e+01	5.046976e-02	4.167642e+00
5.476667e+01	5.171446e-02	4.172580e+00
5.480000e+01	5.295916e-02	4.177518e+00
5.483333e+01	5.420386e-02	4.182457e+00
5.486667e+01	5.544858e-02	4.187395e+00
5.490000e+01	5.669329e-02	4.192333e+00
5.493333e+01	5.793801e-02	4.197272e+00
5.496667e+01	5.918271e-02	4.202210e+00
55	6.042742e-02	4.207148e+00
5.503333e+01	6.167213e-02	4.212086e+00
5.506667e+01	6.291684e-02	4.217025e+00
5.510000e+01	6.416155e-02	4.221963e+00
5.513333e+01	6.540626e-02	4.226901e+00
5.516667e+01	6.665097e-02	4.231839e+00
5.520000e+01	6.789568e-02	4.236778e+00
5.523333e+01	6.914039e-02	4.241716e+00
5.526667e+01	7.038510e-02	4.246654e+00
5.530000e+01	7.162981e-02	4.251593e+00
5.533333e+01	7.287452e-02	4.256531e+00
5.536667e+01	7.411923e-02	4.261469e+00
5.540000e+01	7.536394e-02	4.266407e+00
5.543333e+01	7.660865e-02	4.271346e+00
5.546667e+01	7.785336e-02	4.276284e+00
5.550000e+01	7.909807e-02	4.281222e+00
5.553333e+01	8.034278e-02	4.286160e+00
5.556667e+01	8.157428e-02	4.291046e+00
5.560000e+01	8.271801e-02	4.295584e+00
5.563333e+01	8.360624e-02	4.299108e+00
5.566667e+01	8.407076e-02	4.300951e+00
5.570000e+01	8.411004e-02	4.301107e+00
5.573333e+01	8.392314e-02	4.300365e+00
5.576667e+01	8.268428e-02	4.295450e+00
5.580000e+01	7.554254e-02	4.267116e+00
5.583333e+01	5.464769e-02	4.184218e+00
5.586667e+01	1.862043e-02	4.041283e+00
5.590000e+01	-2.097966e-02	3.884173e+00
5.593333e+01	-4.790853e-02	3.777335e+00
5.596667e+01	-5.509729e-02	3.748814e+00
56	-4.862184e-02	3.774505e+00
5.603333e+01	-4.011528e-02	3.808254e+00
5.606667e+01	-3.707034e-02	3.820335e+00
5.610000e+01	-3.942738e-02	3.810983e+00
5.613333e+01	-4.297364e-02	3.796914e+00
5.616667e+01	-4.439579e-02	3.791272e+00
5.620000e+01	-4.320648e-02	3.795990e+00
5.623333e+01	-3.988578e-02	3.809165e+00
5.626667e+01	-3.402939e-02	3.832399e+00
5.630000e+01	-2.580277e-02	3.865038e+00
5.633333e+01	-1.786515e-02	3.896530e+00
5.636667e+01	-1.254153e-02	3.917650e+00
5.640000e+01	-6.734008e-03	3.940691e+00
5.643333e+01	4.378230e-03	3.984778e+00
5.646667e+01	1.719563e-02	4.035630e+00
5.650000e+01	2.431399e-02	4.063871e+00
5.653333e+01	3.119686e-02	4.091179e+00
5.656667e+01	5.545968e-02	4.187439e+00
5.660000e+01	1.065237e-01	4.390031e+00
5.663333e+01	1.720540e-01	4.650016e+00
5.666667e+01	2.263242e-01	4.865328e+00
5.670000e+01	2.513402e-01	4.964577e+00
5.673333e+01	2.493823e-01	4.956809e+00
5.676667e+01	2.367428e-01	4.906663e+00
5.680000e+01	2.285004e-01	4.873962e+00
5.683333e+01	2.291478e-01	4.876531e+00
5.686667e+01	2.326438e-01	4.890401e+00
5.690000e+01	2.255618e-01	4.862303e+00
5.693333e+01	1.943893e-01	4.738630e+00
5.696667e+01	1.407436e-01	4.525795e+00
57	8.745239e-02	4.314367e+00
5.703333e+01	5.994028e-02	4.205215e+00
5.706667e+01	6.303628e-02	4.217498e+00
5.710000e+01	8.197786e-02	4.292647e+00
5.713333e+01	1.048943e-01	4.383567e+00
5.716667e+01	1.359501e-01	4.506778e+00
5.720000e+01	1.805053e-01	4.683546e+00
5.723333e+01	2.267163e-01	4.866884e+00
5.726667e+01	2.538822e-01	4.974662e+00
5.730000e+01	2.545920e-01	4.977478e+00
5.733333e+01	2.404527e-01	4.921382e+00
5.736667e+01	2.285232e-01	4.874053e+00
5.740000e+01	2.269183e-01	4.867685e+00
5.743333e+01	2.324028e-01	4.889444e+00
5.746667e+01	2.376390e-01	4.910219e+00
5.750000e+01	2.386162e-01	4.914096e+00
5.753333e+01	2.363740e-01	4.905200e+00
5.756667e+01	2.340450e-01	4.895960e+00
5.760000e+01	2.335037e-01	4.893812e+00
5.763333e+01	2.344219e-01	4.897455e+00
5.766667e+01	2.354585e-01	4.901568e+00
5.770000e+01	2.357457e-01	4.902707e+00
5.773333e+01	2.353733e-01	4.901230e+00
5.776667e+01	2.349136e-01	4.899406e+00
5.780000e+01	2.347661e-01	4.898821e+00
5.783333e+01	2.349154e-01	4.899413e+00
5.786667e+01	2.351183e-01	4.900218e+00
5.790000e+01	2.351922e-01	4.900511e+00
5.793333e+01	2.351332e-01	4.900277e+00
5.796667e+01	2.350440e-01	4.899923e+00
58	2.350077e-01	4.899779e+00
5.803333e+01	2.350306e-01	4.899870e+00
5.806667e+01	2.350697e-01	4.900025e+00
5.810000e+01	2.350872e-01	4.900095e+00
5.813333e+01	2.350785e-01	4.900060e+00
5.816667e+01	2.350615e-01	4.899993e+00
5.820000e+01	2.350531e-01	4.899959e+00
5.823333e+01	2.350563e-01	4.899972e+00
5.826667e+01	2.350637e-01	4.900001e+00
5.830000e+01	2.350677e-01	4.900017e+00
5.833333e+01	2.350666e-01	4.900013e+00
5.836667e+01	2.350634e-01	4.900000e+00
5.840000e+01	2.350615e-01	4.899993e+00
5.843333e+01	2.350619e-01	4.899994e+00
5.846667e+01	2.350633e-01	4.900000e+00
5.850000e+01	2.350641e-01	4.900003e+00
5.853333e+01	2.350640e-01	4.900003e+00
5.856667e+01	2.350634e-01	4.900000e+00
5.860000e+01	2.350630e-01	4.899999e+00
5.863333e+01	2.350630e-01	4.899999e+00
5.866667e+01	2.350633e-01	4.900000e+00
5.870000e+01	2.350635e-01	4.900001e+00
5.873333e+01	2.350635e-01	4.900001e+00
5.876667e+01	2.350634e-01	4.900000e+00
5.880000e+01	2.350633e-01	4.900000e+00
5.883333e+01	2.337805e-01	4.894910e+00
5.886667e+01	2.252565e-01	4.861092e+00
5.890000e+01	2.004432e-01	4.762648e+00
5.893333e+01	1.593200e-01	4.599495e+00
5.896667e+01	1.182319e-01	4.436482e+00
59	9.700185e-02	4.352254e+00
5.903333e+01	1.003567e-01	4.365564e+00
5.906667e+01	1.161137e-01	4.428078e+00
5.910000e+01	1.288220e-01	4.478497e+00
5.913333e+01	1.320607e-01	4.491346e+00
5.916667e+01	1.294305e-01	4.480911e+00
5.920000e+01	1.275360e-01	4.473395e+00
5.923333e+01	1.295801e-01	4.481505e+00
5.926667e+01	1.343063e-01	4.500256e+00
5.930000e+01	1.388785e-01	4.518395e+00
5.933333e+01	1.417831e-01	4.529919e+00
5.936667e+01	1.434621e-01	4.536581e+00
5.940000e+01	1.451378e-01	4.543229e+00
5.943333e+01	1.475187e-01	4.552675e+00
5.946667e+01	1.504579e-01	4.564336e+00
5.950000e+01	1.534299e-01	4.576127e+00
5.953333e+01	1.561053e-01	4.586741e+00
5.956667e+01	1.585277e-01	4.596352e+00
5.960000e+01	1.609220e-01	4.605851e+00
5.963333e+01	1.634402e-01	4.615842e+00
5.966667e+01	1.660724e-01	4.626285e+00
5.970000e+01	1.687229e-01	4.636801e+00
5.973333e+01	1.713221e-01	4.647113e+00
5.976667e+01	1.738702e-01	4.657222e+00
5.980000e+01	1.764075e-01	4.667288e+00
5.983333e+01	1.789660e-01	4.677439e+00
5.986667e+01	1.815474e-01	4.687680e+00
5.990000e+01	1.841345e-01	4.697945e+00
5.993333e+01	1.867131e-01	4.708175e+00
5.996667e+01	1.892814e-01	4.718365e+00
60	1.918468e-01	4.728542e+00
6.003333e+01	1.944156e-01	4.738734e+00
6.006667e+01	1.969889e-01	4.748943e+00
6.010000e+01	1.995638e-01	4.759159e+00
6.013333e+01	2.021373e-01	4.769369e+00
6.016667e+01	2.047088e-01	4.779571e+00
6.020000e+01	2.072795e-01	4.789770e+00
6.023333e+01	2.098508e-01	4.799971e+00
6.026667e+01	2.124229e-01	4.810176e+00
6.030000e+01	2.149954e-01	4.820382e+00
6.033333e+01	2.175677e-01	4.830588e+00
6.036667e+01	2.201397e-01	4.840792e+00
6.040000e+01	2.227114e-01	4.850995e+00
6.043333e+01	2.252832e-01	4.861198e+00
6.046667e+01	2.278552e-01	4.871402e+00
6.050000e+01	2.304000e-01	4.881499e+00
6.053333e+01	2.327634e-01	4.890875e+00
6.056667e+01	2.345988e-01	4.898157e+00
6.060000e+01	2.355586e-01	4.901965e+00
6.063333e+01	2.356397e-01	4.902287e+00
6.066667e+01	2.352535e-01	4.900754e+00
6.070000e+01	2.349044e-01	4.899369e+00
6.073333e+01	2.348376e-01	4.899104e+00
6.076667e+01	2.349782e-01	4.899662e+00
6.080000e+01	2.351255e-01	4.900247e+00
6.083333e+01	2.351608e-01	4.900386e+00
6.086667e+01	2.351040e-01	4.900161e+00
6.090000e+01	2.350391e-01	4.899904e+00
6.093333e+01	2.350208e-01	4.899831e+00
6.096667e+01	2.350438e-01	4.899922e+00
61	2.350725e-01	4.900036e+00
6.103333e+01	2.350819e-01	4.900074e+00
6.106667e+01	2.350727e-01	4.900037e+00
6.110000e+01	2.337226e-01	4.894681e+00
6.113333e+01	2.248312e-01	4.859405e+00
6.116667e+01	1.989656e-01	4.756785e+00
6.120000e+01	1.560696e-01	4.586600e+00
6.123333e+01	1.130178e-01	4.415795e+00
6.126667e+01	9.145241e-02	4.330237e+00
6.130000e+01	1.021535e-01	4.372693e+00
6.133333e+01	1.418524e-01	4.530194e+00
6.136667e+01	1.949195e-01	4.740733e+00
6.140000e+01	2.383058e-01	4.912864e+00
6.143333e+01	2.557145e-01	4.981931e+00
6.146667e+01	2.493874e-01	4.956830e+00
6.150000e+01	2.351595e-01	4.900382e+00
6.153333e+01	2.272769e-01	4.869108e+00
6.156667e+01	2.289720e-01	4.875833e+00
6.160000e+01	2.347445e-01	4.898735e+00
6.163333e+01	2.383046e-01	4.912860e+00
6.166667e+01	2.377909e-01	4.910821e+00
6.170000e+01	2.353390e-01	4.901094e+00
6.173333e+01	2.337053e-01	4.894612e+00
6.176667e+01	2.338336e-01	4.895121e+00
6.180000e+01	2.348783e-01	4.899266e+00
6.183333e+01	2.356279e-01	4.902240e+00
6.186667e+01	2.356157e-01	4.902191e+00
6.190000e+01	2.351728e-01	4.900434e+00
6.193333e+01	2.348306e-01	4.899077e+00
6.196667e+01	2.348165e-01	4.899021e+00
62	2.350031e-01	4.899761e+00
6.203333e+01	2.351584e-01	4.900377e+00
6.206667e+01	2.351732e-01	4.900436e+00
6.210000e+01	2.350951e-01	4.900126e+00
6.213333e+01	2.350249e-01	4.899847e+00
6.216667e+01	2.350147e-01	4.899807e+00
6.220000e+01	2.350472e-01	4.899936e+00
6.223333e+01	2.350787e-01	4.900061e+00
6.226667e+01	2.350848e-01	4.900085e+00
6.230000e+01	2.350714e-01	4.900032e+00
6.233333e+01	2.350573e-01	4.899976e+00
6.236667e+01	2.350539e-01	4.899963e+00
6.240000e+01	2.350594e-01	4.899984e+00
6.243333e+01	2.350657e-01	4.900009e+00
6.246667e+01	2.350675e-01	4.900016e+00
6.250000e+01	2.350652e-01	4.900008e+00
6.253333e+01	2.350625e-01	4.899997e+00
6.256667e+01	2.350616e-01	4.899993e+00
6.260000e+01	2.350624e-01	4.899996e+00
6.263333e+01	2.334588e-01	4.893634e+00
6.266667e+01	2.227952e-01	4.851327e+00
6.270000e+01	1.917517e-01	4.728165e+00
6.273333e+01	1.402693e-01	4.523914e+00
6.276667e+01	8.860418e-02	4.318937e+00
6.280000e+01	6.085522e-02	4.208845e+00
6.283333e+01	6.125830e-02	4.210444e+00
6.286667e+01	7.268142e-02	4.255765e+00
6.290000e+01	7.629914e-02	4.270118e+00
6.293333e+01	6.808554e-02	4.237531e+00
6.296667e+01	5.691336e-02	4.193206e+00
63	5.186472e-02	4.173176e+00
6.303333e+01	5.415485e-02	4.182262e+00
6.306667e+01	5.892704e-02	4.201195e+00
6.310000e+01	6.142465e-02	4.211104e+00
6.313333e+01	6.066095e-02	4.208075e+00
6.316667e+01	5.861890e-02	4.199973e+00
6.320000e+01	5.771452e-02	4.196385e+00
6.323333e+01	5.974535e-02	4.204442e+00
6.326667e+01	6.579549e-02	4.228445e+00
6.330000e+01	7.492052e-02	4.264648e+00
6.333333e+01	8.345485e-02	4.298507e+00
6.336667e+01	8.766011e-02	4.315191e+00
6.340000e+01	8.704513e-02	4.312751e+00
6.343333e+01	8.429715e-02	4.301849e+00
6.346667e+01	8.269132e-02	4.295478e+00
6.350000e+01	8.451937e-02	4.302731e+00
6.353333e+01	9.080164e-02	4.327655e+00
6.356667e+01	1.002549e-01	4.365160e+00
6.360000e+01	1.089769e-01	4.399764e+00
6.363333e+01	1.132287e-01	4.416632e+00
6.366667e+01	1.126436e-01	4.414311e+00
6.370000e+01	1.099986e-01	4.403817e+00
6.373333e+01	1.082963e-01	4.397063e+00
6.376667e+01	1.085276e-01	4.397981e+00
6.380000e+01	1.097764e-01	4.402936e+00
6.383333e+01	1.107312e-01	4.406724e+00
6.386667e+01	1.108718e-01	4.407281e+00
6.390000e+01	1.105394e-01	4.405963e+00
6.393333e+01	1.103030e-01	4.405025e+00
6.396667e+01	1.104150e-01	4.405469e+00
64	1.107462e-01	4.406783e+00
6.403333e+01	1.110490e-01	4.407985e+00
6.406667e+01	1.112029e-01	4.408595e+00
6.410000e+01	1.112556e-01	4.408804e+00
6.413333e+01	1.113147e-01	4.409039e+00
6.416667e+01	1.114371e-01	4.409524e+00
6.420000e+01	1.116059e-01	4.410194e+00
6.423333e+01	1.117747e-01	4.410864e+00
6.426667e+01	1.119166e-01	4.411427e+00
6.430000e+01	1.120374e-01	4.411906e+00
6.433333e+01	1.121570e-01	4.412381e+00
6.436667e+01	1.122879e-01	4.412900e+00
6.440000e+01	1.124284e-01	4.413457e+00
6.443333e+01	1.125700e-01	4.414019e+00
6.446667e+01	1.127068e-01	4.414562e+00
6.450000e+01	1.128393e-01	4.415087e+00
6.453333e+01	1.129711e-01	4.415610e+00
6.456667e+01	1.131048e-01	4.416141e+00
6.460000e+01	1.132405e-01	4.416679e+00
6.463333e+01	1.133766e-01	4.417219e+00
6.466667e+01	1.135119e-01	4.417756e+00
6.470000e+01	1.136464e-01	4.418289e+00
6.473333e+01	1.137806e-01	4.418822e+00
6.476667e+01	1.139151e-01	4.419356e+00
6.480000e+01	1.140500e-01	4.419891e+00
6.483333e+01	1.141851e-01	4.420427e+00
6.486667e+01	1.143200e-01	4.420962e+00
6.490000e+01	1.144547e-01	4.421496e+00
6.493333e+01	1.145894e-01	4.422031e+00
6.496667e+01	1.147241e-01	4.422565e+00
65	1.148589e-01	4.423100e+00
6.503333e+01	1.149938e-01	4.423635e+00
6.506667e+01	1.151286e-01	4.424170e+00
6.510000e+01	1.152634e-01	4.424705e+00
6.513333e+01	1.153981e-01	4.425239e+00
6.516667e+01	1.155329e-01	4.425774e+00
6.520000e+01	1.156677e-01	4.426309e+00
6.523333e+01	1.158025e-01	4.426844e+00
6.526667e+01	1.159373e-01	4.427378e+00
6.530000e+01	1.160721e-01	4.427913e+00
6.533333e+01	1.162069e-01	4.428448e+00
6.536667e+01	1.163416e-01	4.428983e+00
6.540000e+01	1.164764e-01	4.429517e+00
6.543333e+01	1.166112e-01	4.430052e+00
6.546667e+01	1.167460e-01	4.430587e+00
6.550000e+01	1.168808e-01	4.431122e+00
6.553333e+01	1.170156e-01	4.431656e+00
6.556667e+01	1.171504e-01	4.432191e+00
6.560000e+01	1.172852e-01	4.432726e+00
6.563333e+01	1.174200e-01	4.433261e+00
6.566667e+01	1.175547e-01	4.433795e+00
6.570000e+01	1.176895e-01	4.434330e+00
6.573333e+01	1.178243e-01	4.434865e+00
6.576667e+01	1.179591e-01	4.435400e+00
6.580000e+01	1.180939e-01	4.435934e+00
6.583333e+01	1.182287e-01	4.436469e+00
6.586667e+01	1.183635e-01	4.437004e+00
6.590000e+01	1.184983e-01	4.437539e+00
6.593333e+01	1.186330e-01	4.438074e+00
6.596667e+01	1.187678e-01	4.438608e+00
66	1.189026e-01	4.439143e+00
6.603333e+01	1.190374e-01	4.439678e+00
6.606667e+01	1.191722e-01	4.440213e+00
6.610000e+01	1.193070e-01	4.440747e+00
6.613333e+01	1.194418e-01	4.441282e+00
6.616667e+01	1.195766e-01	4.441817e+00
6.620000e+01	1.197114e-01	4.442352e+00
6.623333e+01	1.198461e-01	4.442886e+00
6.626667e+01	1.199809e-01	4.443421e+00
6.630000e+01	1.201157e-01	4.443956e+00
6.633333e+01	1.202505e-01	4.444491e+00
6.636667e+01	1.203853e-01	4.445025e+00
6.640000e+01	1.205201e-01	4.445560e+00
6.643333e+01	1.206549e-01	4.446095e+00
6.646667e+01	1.207897e-01	4.446630e+00
6.650000e+01	1.209244e-01	4.447164e+00
6.653333e+01	1.210592e-01	4.447699e+00
6.656667e+01	1.211940e-01	4.448234e+00
6.660000e+01	1.213288e-01	4.448769e+00
6.663333e+01	1.214636e-01	4.449303e+00
6.666667e+01	1.215984e-01	4.449838e+00
6.670000e+01	1.217332e-01	4.450373e+00
6.673333e+01	1.218680e-01	4.450908e+00
6.676667e+01	1.220027e-01	4.451443e+00
6.680000e+01	1.221375e-01	4.451977e+00
6.683333e+01	1.222723e-01	4.452512e+00
6.686667e+01	1.224071e-01	4.453047e+00
6.690000e+01	1.225419e-01	4.453582e+00
6.693333e+01	1.226767e-01	4.454116e+00
6.696667e+01	1.228115e-01	4.454651e+00
67	1.229463e-01	4.455186e+00
6.703333e+01	1.230811e-01	4.455721e+00
6.706667e+01	1.232158e-01	4.456255e+00
6.710000e+01	1.233506e-01	4.456790e+00
6.713333e+01	1.234854e-01	4.457325e+00
6.716667e+01	1.236202e-01	4.457860e+00
6.720000e+01	1.237550e-01	4.458394e+00
6.723333e+01	1.238898e-01	4.458929e+00
6.726667e+01	1.240246e-01	4.459464e+00
6.730000e+01	1.241594e-01	4.459999e+00
6.733333e+01	1.242941e-01	4.460533e+00
6.736667e+01	1.244289e-01	4.461068e+00
6.740000e+01	1.245637e-01	4.461603e+00
6.743333e+01	1.246985e-01	4.462138e+00
6.746667e+01	1.248333e-01	4.462672e+00
6.750000e+01	1.249681e-01	4.463207e+00
6.753333e+01	1.251029e-01	4.463742e+00
6.756667e+01	1.252377e-01	4.464277e+00
6.760000e+01	1.253725e-01	4.464811e+00
6.763333e+01	1.255072e-01	4.465346e+00
6.766667e+01	1.256420e-01	4.465881e+00
6.770000e+01	1.257768e-01	4.466416e+00
6.773333e+01	1.259116e-01	4.466951e+00
6.776667e+01	1.260464e-01	4.467485e+00
6.780000e+01	1.261812e-01	4.468020e+00
6.783333e+01	1.263160e-01	4.468555e+00
6.786667e+01	1.264508e-01	4.469090e+00
6.790000e+01	1.265855e-01	4.469624e+00
6.793333e+01	1.267203e-01	4.470159e+00
6.796667e+01	1.268551e-01	4.470694e+00
68	1.269899e-01	4.471229e+00
6.803333e+01	1.271247e-01	4.471763e+00
6.806667e+01	1.272595e-01	4.472298e+00
6.810000e+01	1.273943e-01	4.472833e+00
6.813333e+01	1.275291e-01	4.473368e+00
6.816667e+01	1.276638e-01	4.473902e+00
6.820000e+01	1.277986e-01	4.474437e+00
6.823333e+01	1.279334e-01	4.474972e+00
6.826667e+01	1.280682e-01	4.475507e+00
6.830000e+01	1.282030e-01	4.476041e+00
6.833333e+01	1.283378e-01	4.476576e+00
6.836667e+01	1.284726e-01	4.477111e+00
6.840000e+01	1.286074e-01	4.477646e+00
6.843333e+01	1.287422e-01	4.478180e+00
6.846667e+01	1.288769e-01	4.478715e+00
6.850000e+01	1.290117e-01	4.479250e+00
6.853333e+01	1.291465e-01	4.479785e+00
6.856667e+01	1.292813e-01	4.480320e+00
6.860000e+01	1.294161e-01	4.480854e+00
6.863333e+01	1.295509e-01	4.481389e+00
6.866667e+01	1.296857e-01	4.481924e+00
6.870000e+01	1.298205e-01	4.482459e+00
6.873333e+01	1.299552e-01	4.482993e+00
6.876667e+01	1.300900e-01	4.483528e+00
6.880000e+01	1.302248e-01	4.484063e+00
6.883333e+01	1.303596e-01	4.484598e+00
6.886667e+01	1.304944e-01	4.485132e+00
6.890000e+01	1.306292e-01	4.485667e+00
6.893333e+01	1.307640e-01	4.486202e+00
6.896667e+01	1.308988e-01	4.486737e+00
69	1.310336e-01	4.487271e+00
6.903333e+01	1.311683e-01	4.487806e+00
6.906667e+01	1.313031e-01	4.488341e+00
6.910000e+01	1.314379e-01	4.488876e+00
6.913333e+01	1.315727e-01	4.489410e+00
6.916667e+01	1.317075e-01	4.489945e+00
6.920000e+01	1.318423e-01	4.490480e+00
6.923333e+01	1.319771e-01	4.491015e+00
6.926667e+01	1.321119e-01	4.491549e+00
6.930000e+01	1.322466e-01	4.492084e+00
6.933333e+01	1.323814e-01	4.492619e+00
6.936667e+01	1.325162e-01	4.493154e+00
6.940000e+01	1.326510e-01	4.493688e+00
6.943333e+01	1.327858e-01	4.494223e+00
6.946667e+01	1.329206e-01	4.494758e+00
6.950000e+01	1.330554e-01	4.495293e+00
6.953333e+01	1.331902e-01	4.495828e+00
6.956667e+01	1.333249e-01	4.496362e+00
6.960000e+01	1.334597e-01	4.496897e+00
6.963333e+01	1.335945e-01	4.497432e+00
6.966667e+01	1.337293e-01	4.497967e+00
6.970000e+01	1.338641e-01	4.498501e+00
6.973333e+01	1.339989e-01	4.499036e+00
6.976667e+01	1.341337e-01	4.499571e+00
6.980000e+01	1.342685e-01	4.500106e+00
6.983333e+01	1.344033e-01	4.500640e+00
6.986667e+01	1.345380e-01	4.501175e+00
6.990000e+01	1.346728e-01	4.501710e+00
6.993333e+01	1.348076e-01	4.502245e+00
6.996667e+01	1.349424e-01	4.502779e+00
70	1.350772e-01	4.503314e+00
7.003333e+01	1.352120e-01	4.503849e+00
7.006667e+01	1.353468e-01	4.504384e+00
7.010000e+01	1.354816e-01	4.504918e+00
7.013333e+01	1.356163e-01	4.505453e+00
7.016667e+01	1.357511e-01	4.505988e+00
7.020000e+01	1.358859e-01	4.506523e+00
7.023333e+01	1.360207e-01	4.507057e+00
7.026667e+01	1.361555e-01	4.507592e+00
7.030000e+01	1.362903e-01	4.508127e+00
7.033333e+01	1.364251e-01	4.508662e+00
7.036667e+01	1.365599e-01	4.509197e+00
7.040000e+01	1.366947e-01	4.509731e+00
7.043333e+01	1.368294e-01	4.510266e+00
7.046667e+01	1.369642e-01	4.510801e+00
7.050000e+01	1.370990e-01	4.511336e+00
7.053333e+01	1.372338e-01	4.511870e+00
7.056667e+01	1.373686e-01	4.512405e+00
7.060000e+01	1.375034e-01	4.512940e+00
7.063333e+01	1.376382e-01	4.513475e+00
7.066667e+01	1.377730e-01	4.514009e+00
7.070000e+01	1.379077e-01	4.514544e+00
7.073333e+01	1.380425e-01	4.515079e+00
7.076667e+01	1.381773e-01	4.515614e+00
7.080000e+01	1.383121e-01	4.516148e+00
7.083333e+01	1.384469e-01	4.516683e+00
7.086667e+01	1.385817e-01	4.517218e+00
7.090000e+01	1.387165e-01	4.517753e+00
7.093333e+01	1.388513e-01	4.518287e+00
7.096667e+01	1.389861e-01	4.518822e+00
71	1.391208e-01	4.519357e+00
7.103333e+01	1.392556e-01	4.519892e+00
7.106667e+01	1.393904e-01	4.520426e+00
7.110000e+01	1.395252e-01	4.520961e+00
7.113333e+01	1.396600e-01	4.521496e+00
7.116667e+01	1.397948e-01	4.522031e+00
7.120000e+01	1.399296e-01	4.522565e+00
7.123333e+01	1.400644e-01	4.523100e+00
7.126667e+01	1.401991e-01	4.523635e+00
7.130000e+01	1.403339e-01	4.524170e+00
7.133333e+01	1.404687e-01	4.524705e+00
7.136667e+01	1.406035e-01	4.525239e+00
7.140000e+01	1.407383e-01	4.525774e+00
7.143333e+01	1.408731e-01	4.526309e+00
7.146667e+01	1.410079e-01	4.526844e+00
7.150000e+01	1.411427e-01	4.527378e+00
7.153333e+01	1.412774e-01	4.527913e+00
7.156667e+01	1.414122e-01	4.528448e+00
7.160000e+01	1.415470e-01	4.528983e+00
7.163333e+01	1.416818e-01	4.529517e+00
7.166667e+01	1.418166e-01	4.530052e+00
7.170000e+01	1.419514e-01	4.530587e+00
7.173333e+01	1.420862e-01	4.531122e+00
7.176667e+01	1.422210e-01	4.531656e+00
7.180000e+01	1.423558e-01	4.532191e+00
7.183333e+01	1.424905e-01	4.532726e+00
7.186667e+01	1.426253e-01	4.533261e+00
7.190000e+01	1.427601e-01	4.533795e+00
7.193333e+01	1.428949e-01	4.534330e+00
7.196667e+01	1.430297e-01	4.534865e+00
72	1.431645e-01	4.535400e+00
7.203333e+01	1.432993e-01	4.535934e+00
7.206667e+01	1.434341e-01	4.536469e+00
7.210000e+01	1.435688e-01	4.537004e+00
7.213333e+01	1.437036e-01	4.537539e+00
7.216667e+01	1.438384e-01	4.538074e+00
7.220000e+01	1.439732e-01	4.538608e+00
7.223333e+01	1.441080e-01	4.539143e+00
7.226667e+01	1.442428e-01	4.539678e+00
7.230000e+01	1.443776e-01	4.540213e+00
7.233333e+01	1.445124e-01	4.540747e+00
7.236667e+01	1.446472e-01	4.541282e+00
7.240000e+01	1.447819e-01	4.541817e+00
7.243333e+01	1.449167e-01	4.542352e+00
7.246667e+01	1.450515e-01	4.542886e+00
7.250000e+01	1.451863e-01	4.543421e+00
7.253333e+01	1.453211e-01	4.543956e+00
7.256667e+01	1.454559e-01	4.544491e+00
7.260000e+01	1.455907e-01	4.545025e+00
7.263333e+01	1.457255e-01	4.545560e+00
7.266667e+01	1.458602e-01	4.546095e+00
7.270000e+01	1.459950e-01	4.546630e+00
7.273333e+01	1.461298e-01	4.547164e+00
7.276667e+01	1.462646e-01	4.547699e+00
7.280000e+01	1.463994e-01	4.548234e+00
7.283333e+01	1.465342e-01	4.548769e+00
7.286667e+01	1.466690e-01	4.549303e+00
7.290000e+01	1.468038e-01	4.549838e+00
7.293333e+01	1.469385e-01	4.550373e+00
7.296667e+01	1.470733e-01	4.550908e+00
73	1.472081e-01	4.551443e+00
7.303333e+01	1.473429e-01	4.551977e+00
7.306667e+01	1.474777e-01	4.552512e+00
7.310000e+01	1.476125e-01	4.553047e+00
7.313333e+01	1.477473e-01	4.553582e+00
7.316667e+01	1.478821e-01	4.554116e+00
7.320000e+01	1.480169e-01	4.554651e+00
7.323333e+01	1.481516e-01	4.555186e+00
7.326667e+01	1.482864e-01	4.555721e+00
7.330000e+01	1.484212e-01	4.556255e+00
7.333333e+01	1.485560e-01	4.556790e+00
7.336667e+01	1.486908e-01	4.557325e+00
7.340000e+01	1.488256e-01	4.557860e+00
7.343333e+01	1.489604e-01	4.558394e+00
7.346667e+01	1.490952e-01	4.558929e+00
7.350000e+01	1.492299e-01	4.559464e+00
7.353333e+01	1.493647e-01	4.559999e+00
7.356667e+01	1.494995e-01	4.560533e+00
7.360000e+01	1.496343e-01	4.561068e+00
7.363333e+01	1.497691e-01	4.561603e+00
7.366667e+01	1.499039e-01	4.562138e+00
7.370000e+01	1.500387e-01	4.562672e+00
7.373333e+01	1.501735e-01	4.563207e+00
7.376667e+01	1.503083e-01	4.563742e+00
7.380000e+01	1.504430e-01	4.564277e+00
7.383333e+01	1.505778e-01	4.564811e+00
7.386667e+01	1.507126e-01	4.565346e+00
7.390000e+01	1.508474e-01	4.565881e+00
7.393333e+01	1.509822e-01	4.566416e+00
7.396667e+01	1.511170e-01	4.566951e+00
74	1.512518e-01	4.567485e+00
7.403333e+01	1.513866e-01	4.568020e+00
7.406667e+01	1.515213e-01	4.568555e+00
7.410000e+01	1.516561e-01	4.569090e+00
7.413333e+01	1.517909e-01	4.569624e+00
7.416667e+01	1.519257e-01	4.570159e+00
7.420000e+01	1.520605e-01	4.570694e+00
7.423333e+01	1.521953e-01	4.571229e+00
7.426667e+01	1.523301e-01	4.571763e+00
7.430000e+01	1.524649e-01	4.572298e+00
7.433333e+01	1.525996e-01	4.572833e+00
7.436667e+01	1.527344e-01	4.573368e+00
7.440000e+01	1.528692e-01	4.573902e+00
7.443333e+01	1.530040e-01	4.574437e+00
7.446667e+01	1.531388e-01	4.574972e+00
7.450000e+01	1.532736e-01	4.575507e+00
7.453333e+01	1.534084e-01	4.576041e+00
7.456667e+01	1.535432e-01	4.576576e+00
7.460000e+01	1.536780e-01	4.577111e+00
7.463333e+01	1.538127e-01	4.577646e+00
7.466667e+01	1.539475e-01	4.578180e+00
7.470000e+01	1.540823e-01	4.578715e+00
7.473333e+01	1.542171e-01	4.579250e+00
7.476667e+01	1.543519e-01	4.579785e+00
7.480000e+01	1.544867e-01	4.580320e+00
7.483333e+01	1.546215e-01	4.580854e+00
7.486667e+01	1.547563e-01	4.581389e+00
7.490000e+01	1.548910e-01	4.581924e+00
7.493333e+01	1.550258e-01	4.582459e+00
7.496667e+01	1.551606e-01	4.582993e+00
75	1.552954e-01	4.583528e+00
7.503333e+01	1.554302e-01	4.584063e+00
7.506667e+01	1.555650e-01	4.584598e+00
7.510000e+01	1.556998e-01	4.585132e+00
7.513333e+01	1.558346e-01	4.585667e+00
7.516667e+01	1.559694e-01	4.586202e+00
7.520000e+01	1.561041e-01	4.586737e+00
7.523333e+01	1.562389e-01	4.587271e+00
7.526667e+01	1.563737e-01	4.587806e+00
7.530000e+01	1.565085e-01	4.588341e+00
7.533333e+01	1.566433e-01	4.588876e+00
7.536667e+01	1.567781e-01	4.589410e+00
7.540000e+01	1.569129e-01	4.589945e+00
7.543333e+01	1.570477e-01	4.590480e+00
7.546667e+01	1.571824e-01	4.591015e+00
7.550000e+01	1.573172e-01	4.591549e+00
7.553333e+01	1.574520e-01	4.592084e+00
7.556667e+01	1.575868e-01	4.592619e+00
7.560000e+01	1.577216e-01	4.593154e+00
7.563333e+01	1.578564e-01	4.593688e+00
7.566667e+01	1.579912e-01	4.594223e+00
7.570000e+01	1.581260e-01	4.594758e+00
7.573333e+01	1.582607e-01	4.595293e+00
7.576667e+01	1.583955e-01	4.595828e+00
7.580000e+01	1.585303e-01	4.596362e+00
7.583333e+01	1.586651e-01	4.596897e+00
7.586667e+01	1.587999e-01	4.597432e+00
7.590000e+01	1.589347e-01	4.597967e+00
7.593333e+01	1.590695e-01	4.598501e+00
7.596667e+01	1.592043e-01	4.599036e+00
76	1.593391e-01	4.599571e+00
7.603333e+01	1.594738e-01	4.600106e+00
7.606667e+01	1.596086e-01	4.600640e+00
7.610000e+01	1.597434e-01	4.601175e+00
7.613333e+01	1.598782e-01	4.601710e+00
7.616667e+01	1.600130e-01	4.602245e+00
7.620000e+01	1.601478e-01	4.602779e+00
7.623333e+01	1.602826e-01	4.603314e+00
7.626667e+01	1.604174e-01	4.603849e+00
7.630000e+01	1.605521e-01	4.604384e+00
7.633333e+01	1.606869e-01	4.604918e+00
7.636667e+01	1.608217e-01	4.605453e+00
7.640000e+01	1.609565e-01	4.605988e+00
7.643333e+01	1.610913e-01	4.606523e+00
7.646667e+01	1.612261e-01	4.607057e+00
7.650000e+01	1.613609e-01	4.607592e+00
7.653333e+01	1.614957e-01	4.608127e+00
7.656667e+01	1.616305e-01	4.608662e+00
7.660000e+01	1.617652e-01	4.609197e+00
7.663333e+01	1.619000e-01	4.609731e+00
7.666667e+01	1.620348e-01	4.610266e+00
7.670000e+01	1.621696e-01	4.610801e+00
7.673333e+01	1.623044e-01	4.611336e+00
7.676667e+01	1.624392e-01	4.611870e+00
7.680000e+01	1.625740e-01	4.612405e+00
7.683333e+01	1.627088e-01	4.612940e+00
7.686667e+01	1.628435e-01	4.613475e+00
7.690000e+01	1.629783e-01	4.614009e+00
7.693333e+01	1.631131e-01	4.614544e+00
7.696667e+01	1.632479e-01	4.615079e+00
77	1.633827e-01	4.615614e+00
7.703333e+01	1.635175e-01	4.616148e+00
7.706667e+01	1.636523e-01	4.616683e+00
7.710000e+01	1.637871e-01	4.617218e+00
7.713333e+01	1.639218e-01	4.617753e+00
7.716667e+01	1.640566e-01	4.618287e+00
7.720000e+01	1.641914e-01	4.618822e+00
7.723333e+01	1.643262e-01	4.619357e+00
7.726667e+01	1.644610e-01	4.619892e+00
7.730000e+01	1.645958e-01	4.620426e+00
7.733333e+01	1.647306e-01	4.620961e+00
7.736667e+01	1.648654e-01	4.621496e+00
7.740000e+01	1.650002e-01	4.622031e+00
7.743333e+01	1.651349e-01	4.622565e+00
7.746667e+01	1.652697e-01	4.623100e+00
7.750000e+01	1.654045e-01	4.623635e+00
7.753333e+01	1.655393e-01	4.624170e+00
7.756667e+01	1.656741e-01	4.624705e+00
7.760000e+01	1.658089e-01	4.625239e+00
7.763333e+01	1.659437e-01	4.625774e+00
7.766667e+01	1.660785e-01	4.626309e+00
7.770000e+01	1.662132e-01	4.626844e+00
7.773333e+01	1.663480e-01	4.627378e+00
7.776667e+01	1.664828e-01	4.627913e+00
7.780000e+01	1.666176e-01	4.628448e+00
7.783333e+01	1.667524e-01	4.628983e+00
7.786667e+01	1.668872e-01	4.629517e+00
7.790000e+01	1.670220e-01	4.630052e+00
7.793333e+01	1.671568e-01	4.630587e+00
7.796667e+01	1.672916e-01	4.631122e+00
78	1.674263e-01	4.631656e+00
7.803333e+01	1.675611e-01	4.632191e+00
7.806667e+01	1.676959e-01	4.632726e+00
7.810000e+01	1.678307e-01	4.633261e+00
7.813333e+01	1.679655e-01	4.633795e+00
7.816667e+01	1.681003e-01	4.634330e+00
7.820000e+01	1.682351e-01	4.634865e+00
7.823333e+01	1.683699e-01	4.635400e+00
7.826667e+01	1.685046e-01	4.635934e+00
7.830000e+01	1.686394e-01	4.636469e+00
7.833333e+01	1.687742e-01	4.637004e+00
7.836667e+01	1.689090e-01	4.637539e+00
7.840000e+01	1.690438e-01	4.638074e+00
7.843333e+01	1.691786e-01	4.638608e+00
7.846667e+01	1.693134e-01	4.639143e+00
7.850000e+01	1.694482e-01	4.639678e+00
7.853333e+01	1.695829e-01	4.640213e+00
7.856667e+01	1.697177e-01	4.640747e+00
7.860000e+01	1.698525e-01	4.641282e+00
7.863333e+01	1.699873e-01	4.641817e+00
7.866667e+01	1.701221e-01	4.642352e+00
7.870000e+01	1.702569e-01	4.642886e+00
7.873333e+01	1.703917e-01	4.643421e+00
7.876667e+01	1.705265e-01	4.643956e+00
7.880000e+01	1.706613e-01	4.644491e+00
7.883333e+01	1.707960e-01	4.645025e+00
7.886667e+01	1.709308e-01	4.645560e+00
7.890000e+01	1.710656e-01	4.646095e+00
7.893333e+01	1.712004e-01	4.646630e+00
7.896667e+01	1.713352e-01	4.647164e+00
79	1.714700e-01	4.647699e+00
7.903333e+01	1.716048e-01	4.648234e+00
7.906667e+01	1.717396e-01	4.648769e+00
7.910000e+01	1.718743e-01	4.649303e+00
7.913333e+01	1.720091e-01	4.649838e+00
7.916667e+01	1.721439e-01	4.650373e+00
7.920000e+01	1.722787e-01	4.650908e+00
7.923333e+01	1.724135e-01	4.651443e+00
7.926667e+01	1.725483e-01	4.651977e+00
7.930000e+01	1.726831e-01	4.652512e+00
7.933333e+01	1.728179e-01	4.653047e+00
7.936667e+01	1.729527e-01	4.653582e+00
7.940000e+01	1.730874e-01	4.654116e+00
7.943333e+01	1.732222e-01	4.654651e+00
7.946667e+01	1.733570e-01	4.655186e+00
7.950000e+01	1.734918e-01	4.655721e+00
7.953333e+01	1.736266e-01	4.656255e+00
7.956667e+01	1.737614e-01	4.656790e+00
7.960000e+01	1.738962e-01	4.657325e+00
7.963333e+01	1.740310e-01	4.657860e+00
7.966667e+01	1.741657e-01	4.658394e+00
7.970000e+01	1.743005e-01	4.658929e+00
7.973333e+01	1.744353e-01	4.659464e+00
7.976667e+01	1.745701e-01	4.659999e+00
7.980000e+01	1.747049e-01	4.660533e+00
7.983333e+01	1.748397e-01	4.661068e+00
7.986667e+01	1.749745e-01	4.661603e+00
7.990000e+01	1.751093e-01	4.662138e+00
7.993333e+01	1.752440e-01	4.662672e+00
7.996667e+01	1.753788e-01	4.663207e+00
80	1.755136e-01	4.663742e+00
8.003333e+01	1.756484e-01	4.664277e+00
8.006667e+01	1.757832e-01	4.664811e+00
8.010000e+01	1.759180e-01	4.665346e+00
8.013333e+01	1.760528e-01	4.665881e+00
8.016667e+01	1.761876e-01	4.666416e+00
8.020000e+01	1.763224e-01	4.666951e+00
8.023333e+01	1.764571e-01	4.667485e+00
8.026667e+01	1.765919e-01	4.668020e+00
8.030000e+01	1.767267e-01	4.668555e+00
8.033333e+01	1.768615e-01	4.669090e+00
8.036667e+01	1.769963e-01	4.669624e+00
8.040000e+01	1.771311e-01	4.670159e+00
8.043333e+01	1.772659e-01	4.670694e+00
8.046667e+01	1.774007e-01	4.671229e+00
8.050000e+01	1.775354e-01	4.671763e+00
8.053333e+01	1.776702e-01	4.672298e+00
8.056667e+01	1.778050e-01	4.672833e+00
8.060000e+01	1.779398e-01	4.673368e+00
8.063333e+01	1.780746e-01	4.673902e+00
8.066667e+01	1.782094e-01	4.674437e+00
8.070000e+01	1.783442e-01	4.674972e+00
8.073333e+01	1.784790e-01	4.675507e+00
8.076667e+01	1.786138e-01	4.676041e+00
8.080000e+01	1.787485e-01	4.676576e+00
8.083333e+01	1.788833e-01	4.677111e+00
8.086667e+01	1.790181e-01	4.677646e+00
8.090000e+01	1.791529e-01	4.678180e+00
8.093333e+01	1.792877e-01	4.678715e+00
8.096667e+01	1.794225e-01	4.679250e+00
81	1.795573e-01	4.679785e+00
8.103333e+01	1.796921e-01	4.680320e+00
8.106667e+01	1.798268e-01	4.680854e+00
8.110000e+01	1.799616e-01	4.681389e+00
8.113333e+01	1.800964e-01	4.681924e+00
8.116667e+01	1.802312e-01	4.682459e+00
8.120000e+01	1.803660e-01	4.682993e+00
8.123333e+01	1.805008e-01	4.683528e+00
8.126667e+01	1.806356e-01	4.684063e+00
8.130000e+01	1.807704e-01	4.684598e+00
8.133333e+01	1.809051e-01	4.685132e+00
8.136667e+01	1.810399e-01	4.685667e+00
8.140000e+01	1.811747e-01	4.686202e+00
8.143333e+01	1.813095e-01	4.686737e+00
8.146667e+01	1.814443e-01	4.687271e+00
8.150000e+01	1.815791e-01	4.687806e+00
8.153333e+01	1.817139e-01	4.688341e+00
8.156667e+01	1.818487e-01	4.688876e+00
8.160000e+01	1.819835e-01	4.689410e+00
8.163333e+01	1.821182e-01	4.689945e+00
8.166667e+01	1.822530e-01	4.690480e+00
0	0	0
0	0	0
0	0	0
