0	-9.287893e-06	4.499999e+00
3.333333e-02	-1.050637e-05	4.499993e+00
6.666667e-02	-1.002707e-05	4.499995e+00
1.000000e-01	-8.944959e-06	4.500000e+00
1.333333e-01	-2.441864e-04	4.498942e+00
1.666667e-01	-1.811333e-03	4.491889e+00
2.000000e-01	-6.373268e-03	4.471361e+00
2.333333e-01	-1.393826e-02	4.437318e+00
2.666667e-01	-2.152984e-02	4.403155e+00
3.000000e-01	-2.556778e-02	4.384984e+00
3.333333e-01	-2.548311e-02	4.385365e+00
3.666667e-01	-2.461137e-02	4.389288e+00
4.000000e-01	-2.738054e-02	4.376827e+00
4.333333e-01	-3.488694e-02	4.343048e+00
4.666667e-01	-4.344717e-02	4.304526e+00
5.000000e-01	-4.828052e-02	4.282776e+00
5.333333e-01	-4.803009e-02	4.283903e+00
5.666667e-01	-4.518886e-02	4.296689e+00
6.000000e-01	-4.303922e-02	4.306362e+00
6.333333e-01	-4.293163e-02	4.306846e+00
6.666667e-01	-4.406776e-02	4.301734e+00
7.000000e-01	-4.502352e-02	4.297433e+00
7.333333e-01	-4.512331e-02	4.296984e+00
7.666667e-01	-4.465160e-02	4.299107e+00
8.000000e-01	-4.422250e-02	4.301038e+00
8.333333e-01	-4.415660e-02	4.301334e+00
8.666667e-01	-4.435246e-02	4.300453e+00
9.000000e-01	-4.454500e-02	4.299586e+00
9.333333e-01	-4.458370e-02	4.299412e+00
9.666667e-01	-4.450299e-02	4.299775e+00
1	-4.441696e-02	4.300162e+00
1.033333e+00	-4.439573e-02	4.300258e+00
1.066667e+00	-4.442868e-02	4.300110e+00
1.100000e+00	-4.446695e-02	4.299937e+00
1.133333e+00	-4.447809e-02	4.299887e+00
1.166667e+00	-4.446478e-02	4.299947e+00
1.200000e+00	-4.444783e-02	4.300023e+00
1.233333e+00	-4.444216e-02	4.300049e+00
1.266667e+00	-4.444747e-02	4.300025e+00
1.300000e+00	-4.445494e-02	4.299991e+00
1.333333e+00	-4.445777e-02	4.299979e+00
1.366667e+00	-4.445568e-02	4.299988e+00
1.400000e+00	-4.445240e-02	4.300003e+00
1.433333e+00	-4.445102e-02	4.300009e+00
1.466667e+00	-4.445182e-02	4.300006e+00
1.500000e+00	-4.445326e-02	4.299999e+00
1.533333e+00	-4.445392e-02	4.299996e+00
1.566667e+00	-4.445362e-02	4.299997e+00
1.600000e+00	-4.445300e-02	4.300000e+00
1.633333e+00	-4.445268e-02	4.300002e+00
1.666667e+00	-4.445279e-02	4.300001e+00
1.700000e+00	-4.445306e-02	4.300000e+00
1.733333e+00	-4.445321e-02	4.299999e+00
1.766667e+00	-4.445317e-02	4.299999e+00
1.800000e+00	-4.445305e-02	4.300000e+00
1.833333e+00	-4.445298e-02	4.300000e+00
1.866667e+00	-4.445300e-02	4.300000e+00
1.900000e+00	-4.445305e-02	4.300000e+00
1.933333e+00	-4.445308e-02	4.300000e+00
1.966667e+00	-4.445308e-02	4.300000e+00
2	-4.445305e-02	4.300000e+00
2.033333e+00	-4.445304e-02	4.300000e+00
2.066667e+00	-4.445304e-02	4.300000e+00
2.100000e+00	-4.445305e-02	4.300000e+00
2.133333e+00	-4.445306e-02	4.300000e+00
2.166667e+00	-4.445306e-02	4.300000e+00
2.200000e+00	-4.445305e-02	4.300000e+00
2.233333e+00	-4.445305e-02	4.300000e+00
2.266667e+00	-4.445305e-02	4.300000e+00
2.300000e+00	-4.445305e-02	4.300000e+00
2.333333e+00	-4.445305e-02	4.300000e+00
2.366667e+00	-4.445305e-02	4.300000e+00
2.400000e+00	-4.468887e-02	4.298939e+00
2.433333e+00	-4.625584e-02	4.291887e+00
2.466667e+00	-5.081731e-02	4.271361e+00
2.500000e+00	-5.838204e-02	4.237319e+00
2.533333e+00	-6.620949e-02	4.202095e+00
2.566667e+00	-7.181460e-02	4.176872e+00
2.600000e+00	-7.629153e-02	4.156726e+00
2.633333e+00	-8.298450e-02	4.126607e+00
2.666667e+00	-9.334521e-02	4.079983e+00
2.700000e+00	-1.051255e-01	4.026971e+00
2.733333e+00	-1.149324e-01	3.982840e+00
2.766667e+00	-1.218885e-01	3.951537e+00
2.800000e+00	-1.274104e-01	3.926688e+00
2.833333e+00	-1.321024e-01	3.905574e+00
2.866667e+00	-1.349595e-01	3.892717e+00
2.900000e+00	-1.353268e-01	3.891064e+00
2.933333e+00	-1.340942e-01	3.896611e+00
2.966667e+00	-1.328551e-01	3.902187e+00
3	-1.325392e-01	3.903609e+00
3.033333e+00	-1.329869e-01	3.901594e+00
3.066667e+00	-1.335205e-01	3.899193e+00
3.100000e+00	-1.336851e-01	3.898452e+00
3.133333e+00	-1.335083e-01	3.899248e+00
3.166667e+00	-1.330386e-01	3.901362e+00
3.200000e+00	-1.313892e-01	3.908784e+00
3.233333e+00	-1.268979e-01	3.928995e+00
3.266667e+00	-1.192002e-01	3.963635e+00
3.300000e+00	-1.098464e-01	4.005727e+00
3.333333e+00	-9.965239e-02	4.051601e+00
3.366667e+00	-8.756566e-02	4.105991e+00
3.400000e+00	-7.326135e-02	4.170361e+00
3.433333e+00	-5.887297e-02	4.235110e+00
3.466667e+00	-4.766850e-02	4.285530e+00
3.500000e+00	-4.187682e-02	4.311593e+00
3.533333e+00	-4.127066e-02	4.314321e+00
3.566667e+00	-4.336329e-02	4.304904e+00
3.600000e+00	-4.528981e-02	4.296235e+00
3.633333e+00	-4.567701e-02	4.294492e+00
3.666667e+00	-4.492311e-02	4.297885e+00
3.700000e+00	-4.412163e-02	4.301491e+00
3.733333e+00	-4.392515e-02	4.302376e+00
3.766667e+00	-4.423026e-02	4.301003e+00
3.800000e+00	-4.458268e-02	4.299417e+00
3.833333e+00	-4.468388e-02	4.298961e+00
3.866667e+00	-4.456010e-02	4.299518e+00
3.900000e+00	-4.440406e-02	4.300220e+00
3.933333e+00	-4.435255e-02	4.300452e+00
3.966667e+00	-4.416626e-02	4.301291e+00
4	-4.266811e-02	4.308032e+00
4.033333e+00	-3.813233e-02	4.328443e+00
4.066667e+00	-3.054810e-02	4.362573e+00
4.100000e+00	-2.292623e-02	4.396872e+00
4.133333e+00	-1.887552e-02	4.415100e+00
4.166667e+00	-1.920342e-02	4.413624e+00
4.200000e+00	-2.165538e-02	4.402590e+00
4.233333e+00	-2.345383e-02	4.394497e+00
4.266667e+00	-2.350936e-02	4.394247e+00
4.300000e+00	-2.253500e-02	4.398632e+00
4.333333e+00	-2.173686e-02	4.402224e+00
4.366667e+00	-2.166796e-02	4.402534e+00
4.400000e+00	-2.207294e-02	4.400711e+00
4.433333e+00	-2.243157e-02	4.399098e+00
4.466667e+00	-2.224461e-02	4.399939e+00
4.500000e+00	-2.050904e-02	4.407749e+00
4.533333e+00	-1.578640e-02	4.429001e+00
4.566667e+00	-8.427776e-03	4.462115e+00
4.600000e+00	-2.472799e-03	4.488913e+00
4.633333e+00	-3.068260e-03	4.486233e+00
4.666667e+00	-1.096999e-02	4.450675e+00
4.700000e+00	-2.097181e-02	4.405667e+00
4.733333e+00	-2.677020e-02	4.379574e+00
4.766667e+00	-2.649937e-02	4.380792e+00
4.800000e+00	-2.310360e-02	4.396073e+00
4.833333e+00	-2.053023e-02	4.407654e+00
4.866667e+00	-2.040645e-02	4.408211e+00
4.900000e+00	-2.177290e-02	4.402062e+00
4.933333e+00	-2.291912e-02	4.396904e+00
4.966667e+00	-2.303601e-02	4.396378e+00
5	-2.246784e-02	4.398934e+00
5.033333e+00	-2.195280e-02	4.401252e+00
5.066667e+00	-2.187487e-02	4.401603e+00
5.100000e+00	-2.211089e-02	4.400541e+00
5.133333e+00	-2.234205e-02	4.399500e+00
5.166667e+00	-2.238802e-02	4.399294e+00
5.200000e+00	-2.229073e-02	4.399731e+00
5.233333e+00	-2.218742e-02	4.400196e+00
5.266667e+00	-2.216213e-02	4.400310e+00
5.300000e+00	-2.220187e-02	4.400131e+00
5.333333e+00	-2.224783e-02	4.399924e+00
5.366667e+00	-2.226113e-02	4.399865e+00
5.400000e+00	-2.224507e-02	4.399937e+00
5.433333e+00	-2.222471e-02	4.400028e+00
5.466667e+00	-2.221793e-02	4.400059e+00
5.500000e+00	-2.222435e-02	4.400030e+00
5.533333e+00	-2.223332e-02	4.399990e+00
5.566667e+00	-2.223670e-02	4.399974e+00
5.600000e+00	-2.223418e-02	4.399986e+00
5.633333e+00	-2.223023e-02	4.400004e+00
5.666667e+00	-2.222858e-02	4.400011e+00
5.700000e+00	-2.222956e-02	4.400007e+00
5.733333e+00	-2.223128e-02	4.399999e+00
5.766667e+00	-2.223208e-02	4.399995e+00
5.800000e+00	-2.223171e-02	4.399997e+00
5.833333e+00	-2.223096e-02	4.400000e+00
5.866667e+00	-2.223058e-02	4.400002e+00
5.900000e+00	-2.223071e-02	4.400001e+00
5.933333e+00	-2.223104e-02	4.400000e+00
5.966667e+00	-2.223122e-02	4.399999e+00
6	-2.223117e-02	4.399999e+00
6.033333e+00	-2.223103e-02	4.400000e+00
6.066667e+00	-2.223095e-02	4.400000e+00
6.100000e+00	-2.223096e-02	4.400000e+00
6.133333e+00	-2.223102e-02	4.400000e+00
6.166667e+00	-2.223106e-02	4.400000e+00
6.200000e+00	-2.223106e-02	4.400000e+00
6.233333e+00	-2.246685e-02	4.398939e+00
6.266667e+00	-2.403381e-02	4.391887e+00
6.300000e+00	-2.859528e-02	4.371361e+00
6.333333e+00	-3.616001e-02	4.337319e+00
6.366667e+00	-4.375165e-02	4.303156e+00
6.400000e+00	-4.778979e-02	4.284985e+00
6.433333e+00	-4.746943e-02	4.286426e+00
6.466667e+00	-4.526651e-02	4.296339e+00
6.500000e+00	-4.504110e-02	4.297354e+00
6.533333e+00	-4.954419e-02	4.277090e+00
6.566667e+00	-5.807752e-02	4.238689e+00
6.600000e+00	-6.646439e-02	4.200948e+00
6.633333e+00	-7.057249e-02	4.182461e+00
6.666667e+00	-6.984964e-02	4.185714e+00
6.700000e+00	-6.705363e-02	4.198296e+00
6.733333e+00	-6.521203e-02	4.206584e+00
6.766667e+00	-6.532116e-02	4.206093e+00
6.800000e+00	-6.645030e-02	4.201011e+00
6.833333e+00	-6.727538e-02	4.197299e+00
6.866667e+00	-6.751194e-02	4.196234e+00
6.900000e+00	-6.860458e-02	4.191317e+00
6.933333e+00	-7.279210e-02	4.172473e+00
6.966667e+00	-8.033595e-02	4.138525e+00
7	-8.836292e-02	4.102404e+00
7.033333e+00	-9.413744e-02	4.076418e+00
7.066667e+00	-9.839689e-02	4.057251e+00
7.100000e+00	-1.036753e-01	4.033498e+00
7.133333e+00	-1.109651e-01	4.000693e+00
7.166667e+00	-1.194943e-01	3.962311e+00
7.200000e+00	-1.277419e-01	3.925197e+00
7.233333e+00	-1.337243e-01	3.898276e+00
7.266667e+00	-1.360470e-01	3.887823e+00
7.300000e+00	-1.352516e-01	3.891403e+00
7.333333e+00	-1.334088e-01	3.899695e+00
7.366667e+00	-1.323586e-01	3.904421e+00
7.400000e+00	-1.325435e-01	3.903589e+00
7.433333e+00	-1.332770e-01	3.900289e+00
7.466667e+00	-1.337468e-01	3.898174e+00
7.500000e+00	-1.336960e-01	3.898403e+00
7.533333e+00	-1.333862e-01	3.899797e+00
7.566667e+00	-1.331717e-01	3.900762e+00
7.600000e+00	-1.329458e-01	3.901779e+00
7.633333e+00	-1.315105e-01	3.908238e+00
7.666667e+00	-1.270471e-01	3.928324e+00
7.700000e+00	-1.194836e-01	3.962359e+00
7.733333e+00	-1.118364e-01	3.996772e+00
7.766667e+00	-1.077536e-01	4.015145e+00
7.800000e+00	-1.078350e-01	4.014778e+00
7.833333e+00	-1.087302e-01	4.010750e+00
7.866667e+00	-1.057455e-01	4.024182e+00
7.900000e+00	-9.667461e-02	4.065001e+00
7.933333e+00	-8.354315e-02	4.124093e+00
7.966667e+00	-7.113594e-02	4.179926e+00
8	-6.379317e-02	4.212969e+00
8.033333e+00	-6.236448e-02	4.219398e+00
8.066667e+00	-6.327159e-02	4.215316e+00
8.100000e+00	-6.125735e-02	4.224380e+00
8.133333e+00	-5.434722e-02	4.255476e+00
8.166667e+00	-4.585638e-02	4.293685e+00
8.200000e+00	-4.074937e-02	4.316667e+00
8.233333e+00	-4.074686e-02	4.316678e+00
8.266667e+00	-4.354556e-02	4.304084e+00
8.300000e+00	-4.580658e-02	4.293909e+00
8.333333e+00	-4.602610e-02	4.292921e+00
8.366667e+00	-4.491382e-02	4.297927e+00
8.400000e+00	-4.391224e-02	4.302434e+00
8.433333e+00	-4.376257e-02	4.303107e+00
8.466667e+00	-4.422141e-02	4.301042e+00
8.500000e+00	-4.466919e-02	4.299027e+00
8.533333e+00	-4.475725e-02	4.298631e+00
8.566667e+00	-4.456808e-02	4.299482e+00
8.600000e+00	-4.436802e-02	4.300383e+00
8.633333e+00	-4.431952e-02	4.300601e+00
8.666667e+00	-4.439684e-02	4.300253e+00
8.700000e+00	-4.448586e-02	4.299852e+00
8.733333e+00	-4.451141e-02	4.299737e+00
8.766667e+00	-4.448013e-02	4.299878e+00
8.800000e+00	-4.444070e-02	4.300056e+00
8.833333e+00	-4.442766e-02	4.300114e+00
8.866667e+00	-4.444016e-02	4.300058e+00
8.900000e+00	-4.445755e-02	4.299980e+00
8.933333e+00	-4.446405e-02	4.299951e+00
8.966667e+00	-4.445913e-02	4.299973e+00
9	-4.445149e-02	4.300007e+00
9.033333e+00	-4.444831e-02	4.300021e+00
9.066667e+00	-4.445021e-02	4.300013e+00
9.100000e+00	-4.445355e-02	4.299998e+00
9.133333e+00	-4.445509e-02	4.299991e+00
9.166667e+00	-4.445437e-02	4.299994e+00
9.200000e+00	-4.445291e-02	4.300001e+00
9.233333e+00	-4.445218e-02	4.300004e+00
9.266667e+00	-4.445244e-02	4.300003e+00
9.300000e+00	-4.445307e-02	4.300000e+00
9.333333e+00	-4.445342e-02	4.299998e+00
9.366667e+00	-4.445333e-02	4.299999e+00
9.400000e+00	-4.445306e-02	4.300000e+00
9.433333e+00	-4.445289e-02	4.300001e+00
9.466667e+00	-4.445292e-02	4.300001e+00
9.500000e+00	-4.445304e-02	4.300000e+00
9.533333e+00	-4.445312e-02	4.300000e+00
9.566667e+00	-4.468893e-02	4.298939e+00
9.600000e+00	-4.625585e-02	4.291887e+00
9.633333e+00	-5.081729e-02	4.271361e+00
9.666667e+00	-5.838201e-02	4.237319e+00
9.700000e+00	-6.597366e-02	4.203156e+00
9.733333e+00	-7.001182e-02	4.184984e+00
9.766667e+00	-6.969146e-02	4.186426e+00
9.800000e+00	-6.725272e-02	4.197401e+00
9.833333e+00	-6.546033e-02	4.205466e+00
9.866667e+00	-6.540194e-02	4.205729e+00
9.900000e+00	-6.637055e-02	4.201370e+00
9.933333e+00	-6.740162e-02	4.196731e+00
9.966667e+00	-6.903854e-02	4.189364e+00
10	-7.319752e-02	4.170649e+00
1.003333e+01	-8.040498e-02	4.138215e+00
1.006667e+01	-8.771157e-02	4.105335e+00
1.010000e+01	-9.035025e-02	4.093461e+00
1.013333e+01	-8.562896e-02	4.114707e+00
1.016667e+01	-7.589115e-02	4.158527e+00
1.020000e+01	-6.824072e-02	4.192955e+00
1.023333e+01	-7.020080e-02	4.184134e+00
1.026667e+01	-8.359927e-02	4.123840e+00
1.030000e+01	-1.020180e-01	4.040956e+00
1.033333e+01	-1.155421e-01	3.980097e+00
1.036667e+01	-1.189246e-01	3.964875e+00
1.040000e+01	-1.148281e-01	3.983309e+00
1.043333e+01	-1.097384e-01	4.006213e+00
1.046667e+01	-1.079806e-01	4.014123e+00
1.050000e+01	-1.094585e-01	4.007473e+00
1.053333e+01	-1.116157e-01	3.997765e+00
1.056667e+01	-1.124632e-01	3.993952e+00
1.060000e+01	-1.121253e-01	3.995472e+00
1.063333e+01	-1.127525e-01	3.992650e+00
1.066667e+01	-1.169049e-01	3.973964e+00
1.070000e+01	-1.246898e-01	3.938931e+00
1.073333e+01	-1.326914e-01	3.902924e+00
1.076667e+01	-1.369257e-01	3.883869e+00
1.080000e+01	-1.365231e-01	3.885681e+00
1.083333e+01	-1.339063e-01	3.897457e+00
1.086667e+01	-1.320208e-01	3.905941e+00
1.090000e+01	-1.322278e-01	3.905010e+00
1.093333e+01	-1.348404e-01	3.893253e+00
1.096667e+01	-1.402409e-01	3.868951e+00
11	-1.478487e-01	3.834716e+00
1.103333e+01	-1.548759e-01	3.803093e+00
1.106667e+01	-1.580818e-01	3.788666e+00
1.110000e+01	-1.567204e-01	3.794793e+00
1.113333e+01	-1.529262e-01	3.811867e+00
1.116667e+01	-1.494781e-01	3.827383e+00
1.120000e+01	-1.476460e-01	3.835627e+00
1.123333e+01	-1.469108e-01	3.838936e+00
1.126667e+01	-1.461294e-01	3.842452e+00
1.130000e+01	-1.446864e-01	3.848946e+00
1.133333e+01	-1.427493e-01	3.857663e+00
1.136667e+01	-1.408036e-01	3.866418e+00
1.140000e+01	-1.391360e-01	3.873923e+00
1.143333e+01	-1.376924e-01	3.880419e+00
1.146667e+01	-1.362816e-01	3.886768e+00
1.150000e+01	-1.348660e-01	3.893138e+00
1.153333e+01	-1.336749e-01	3.898498e+00
1.156667e+01	-1.330117e-01	3.901482e+00
1.160000e+01	-1.329395e-01	3.901808e+00
1.163333e+01	-1.332012e-01	3.900630e+00
1.166667e+01	-1.334480e-01	3.899519e+00
1.170000e+01	-1.335004e-01	3.899283e+00
1.173333e+01	-1.334044e-01	3.899715e+00
1.176667e+01	-1.332997e-01	3.900187e+00
1.180000e+01	-1.335082e-01	3.899248e+00
1.183333e+01	-1.351139e-01	3.892023e+00
1.186667e+01	-1.397214e-01	3.871288e+00
1.190000e+01	-1.473001e-01	3.837184e+00
1.193333e+01	-1.548761e-01	3.803092e+00
1.196667e+01	-1.588939e-01	3.785011e+00
12	-1.585665e-01	3.786485e+00
1.203333e+01	-1.561340e-01	3.797431e+00
1.206667e+01	-1.543506e-01	3.805457e+00
1.210000e+01	-1.542957e-01	3.805704e+00
1.213333e+01	-1.552618e-01	3.801356e+00
1.216667e+01	-1.560532e-01	3.797795e+00
1.220000e+01	-1.561214e-01	3.797488e+00
1.223333e+01	-1.557199e-01	3.799295e+00
1.226667e+01	-1.553643e-01	3.800895e+00
1.230000e+01	-1.550801e-01	3.802174e+00
1.233333e+01	-1.536803e-01	3.808473e+00
1.236667e+01	-1.492786e-01	3.828281e+00
1.240000e+01	-1.417433e-01	3.862190e+00
1.243333e+01	-1.340826e-01	3.896663e+00
1.246667e+01	-1.299729e-01	3.915157e+00
1.250000e+01	-1.302768e-01	3.913790e+00
1.253333e+01	-1.327438e-01	3.902688e+00
1.256667e+01	-1.345681e-01	3.894479e+00
1.260000e+01	-1.346352e-01	3.894176e+00
1.263333e+01	-1.336552e-01	3.898587e+00
1.266667e+01	-1.328458e-01	3.902229e+00
1.270000e+01	-1.327713e-01	3.902564e+00
1.273333e+01	-1.331784e-01	3.900732e+00
1.276667e+01	-1.333061e-01	3.900158e+00
1.280000e+01	-1.317906e-01	3.906977e+00
1.283333e+01	-1.270598e-01	3.928266e+00
1.286667e+01	-1.193318e-01	3.963043e+00
1.290000e+01	-1.117092e-01	3.997344e+00
1.293333e+01	-1.077410e-01	4.015202e+00
1.296667e+01	-1.081344e-01	4.013431e+00
13	-1.105904e-01	4.002379e+00
1.303333e+01	-1.123541e-01	3.994442e+00
1.306667e+01	-1.123800e-01	3.994326e+00
1.310000e+01	-1.114023e-01	3.998726e+00
1.313333e+01	-1.106186e-01	4.002252e+00
1.316667e+01	-1.105631e-01	4.002502e+00
1.320000e+01	-1.109702e-01	4.000670e+00
1.323333e+01	-1.110870e-01	4.000144e+00
1.326667e+01	-1.095629e-01	4.007003e+00
1.330000e+01	-1.048316e-01	4.028294e+00
1.333333e+01	-9.710818e-02	4.063050e+00
1.336667e+01	-8.948951e-02	4.097334e+00
1.340000e+01	-8.552173e-02	4.115189e+00
1.343333e+01	-8.591321e-02	4.113428e+00
1.346667e+01	-8.836741e-02	4.102384e+00
1.350000e+01	-9.013089e-02	4.094448e+00
1.353333e+01	-9.015754e-02	4.094328e+00
1.356667e+01	-8.894478e-02	4.099785e+00
1.360000e+01	-8.659433e-02	4.110363e+00
1.363333e+01	-8.197700e-02	4.131141e+00
1.366667e+01	-7.481909e-02	4.163352e+00
1.370000e+01	-6.757999e-02	4.195928e+00
1.373333e+01	-6.358484e-02	4.213906e+00
1.376667e+01	-6.373550e-02	4.213228e+00
1.380000e+01	-6.601558e-02	4.202968e+00
1.383333e+01	-6.778087e-02	4.195024e+00
1.386667e+01	-6.790955e-02	4.194445e+00
1.390000e+01	-6.701205e-02	4.198484e+00
1.393333e+01	-6.623228e-02	4.201993e+00
1.396667e+01	-6.613346e-02	4.202437e+00
14	-6.674005e-02	4.199708e+00
1.403333e+01	-6.865595e-02	4.191086e+00
1.406667e+01	-7.327839e-02	4.170285e+00
1.410000e+01	-8.068968e-02	4.136934e+00
1.413333e+01	-8.812510e-02	4.103474e+00
1.416667e+01	-9.236450e-02	4.084397e+00
1.420000e+01	-9.367411e-02	4.078503e+00
1.423333e+01	-9.586649e-02	4.068637e+00
1.426667e+01	-1.016574e-01	4.042578e+00
1.430000e+01	-1.094009e-01	4.007732e+00
1.433333e+01	-1.159437e-01	3.978289e+00
1.436667e+01	-1.209704e-01	3.955669e+00
1.440000e+01	-1.261766e-01	3.932241e+00
1.443333e+01	-1.315871e-01	3.907893e+00
1.446667e+01	-1.352144e-01	3.891570e+00
1.450000e+01	-1.358093e-01	3.888893e+00
1.453333e+01	-1.343273e-01	3.895562e+00
1.456667e+01	-1.327812e-01	3.902520e+00
1.460000e+01	-1.324904e-01	3.903828e+00
1.463333e+01	-1.335247e-01	3.899174e+00
1.466667e+01	-1.352715e-01	3.891313e+00
1.470000e+01	-1.371472e-01	3.882873e+00
1.473333e+01	-1.388985e-01	3.874992e+00
1.476667e+01	-1.405439e-01	3.867587e+00
1.480000e+01	-1.421884e-01	3.860187e+00
1.483333e+01	-1.438890e-01	3.852534e+00
1.486667e+01	-1.456304e-01	3.844698e+00
1.490000e+01	-1.473699e-01	3.836870e+00
1.493333e+01	-1.490842e-01	3.829156e+00
1.496667e+01	-1.507799e-01	3.821525e+00
15	-1.524574e-01	3.813976e+00
1.503333e+01	-1.540253e-01	3.806921e+00
1.506667e+01	-1.552507e-01	3.801406e+00
1.510000e+01	-1.558948e-01	3.798508e+00
1.513333e+01	-1.559503e-01	3.798258e+00
1.516667e+01	-1.556913e-01	3.799423e+00
1.520000e+01	-1.554566e-01	3.800480e+00
1.523333e+01	-1.556471e-01	3.799622e+00
1.526667e+01	-1.570727e-01	3.793207e+00
1.530000e+01	-1.604021e-01	3.778224e+00
1.533333e+01	-1.649962e-01	3.757551e+00
1.536667e+01	-1.695465e-01	3.737075e+00
1.540000e+01	-1.735140e-01	3.719220e+00
1.543333e+01	-1.767348e-01	3.704727e+00
1.546667e+01	-1.784342e-01	3.697079e+00
1.550000e+01	-1.772125e-01	3.702577e+00
1.553333e+01	-1.719526e-01	3.726247e+00
1.556667e+01	-1.636163e-01	3.763760e+00
1.560000e+01	-1.557844e-01	3.799004e+00
1.563333e+01	-1.517506e-01	3.817157e+00
1.566667e+01	-1.508293e-01	3.821303e+00
1.570000e+01	-1.488255e-01	3.830320e+00
1.573333e+01	-1.429602e-01	3.856714e+00
1.576667e+01	-1.350497e-01	3.892312e+00
1.580000e+01	-1.284000e-01	3.922235e+00
1.583333e+01	-1.232610e-01	3.945361e+00
1.586667e+01	-1.176373e-01	3.970668e+00
1.590000e+01	-1.111971e-01	3.999649e+00
1.593333e+01	-1.059054e-01	4.023462e+00
1.596667e+01	-1.033134e-01	4.035126e+00
16	-1.028346e-01	4.037281e+00
1.603333e+01	-1.026478e-01	4.038121e+00
1.606667e+01	-1.014745e-01	4.043401e+00
1.610000e+01	-9.932726e-02	4.053064e+00
1.613333e+01	-9.696534e-02	4.063693e+00
1.616667e+01	-9.499237e-02	4.072571e+00
1.620000e+01	-9.345051e-02	4.079509e+00
1.623333e+01	-9.180729e-02	4.086904e+00
1.626667e+01	-8.856084e-02	4.101513e+00
1.630000e+01	-8.114886e-02	4.134867e+00
1.633333e+01	-6.826112e-02	4.192863e+00
1.636667e+01	-5.299012e-02	4.261583e+00
1.640000e+01	-4.164056e-02	4.312656e+00
1.643333e+01	-3.820845e-02	4.328101e+00
1.646667e+01	-4.104069e-02	4.315356e+00
1.650000e+01	-4.540584e-02	4.295712e+00
1.653333e+01	-4.893830e-02	4.279816e+00
1.656667e+01	-5.411964e-02	4.256500e+00
1.660000e+01	-6.452250e-02	4.209687e+00
1.663333e+01	-7.886675e-02	4.145137e+00
1.666667e+01	-9.061167e-02	4.092284e+00
1.670000e+01	-9.350611e-02	4.079259e+00
1.673333e+01	-8.656867e-02	4.110478e+00
1.676667e+01	-7.464542e-02	4.164133e+00
1.680000e+01	-6.488130e-02	4.208072e+00
1.683333e+01	-6.157325e-02	4.222958e+00
1.686667e+01	-6.370126e-02	4.213382e+00
1.690000e+01	-6.714383e-02	4.197891e+00
1.693333e+01	-6.892353e-02	4.189882e+00
1.696667e+01	-6.977534e-02	4.186049e+00
17	-7.290227e-02	4.171977e+00
1.703333e+01	-7.975113e-02	4.141157e+00
1.706667e+01	-8.760450e-02	4.105817e+00
1.710000e+01	-9.226086e-02	4.084863e+00
1.713333e+01	-9.227629e-02	4.084793e+00
1.716667e+01	-8.950937e-02	4.097245e+00
1.720000e+01	-8.611904e-02	4.112501e+00
1.723333e+01	-8.267330e-02	4.128007e+00
1.726667e+01	-7.910194e-02	4.144079e+00
1.730000e+01	-7.542343e-02	4.160632e+00
1.733333e+01	-7.179089e-02	4.176979e+00
1.736667e+01	-6.947773e-02	4.187388e+00
1.740000e+01	-7.014620e-02	4.184380e+00
1.743333e+01	-7.274061e-02	4.172705e+00
1.746667e+01	-7.364155e-02	4.168651e+00
1.750000e+01	-7.103482e-02	4.180381e+00
1.753333e+01	-6.695332e-02	4.198748e+00
1.756667e+01	-6.452252e-02	4.209687e+00
1.760000e+01	-6.476543e-02	4.208593e+00
1.763333e+01	-6.636056e-02	4.201415e+00
1.766667e+01	-6.727407e-02	4.197304e+00
1.770000e+01	-6.570997e-02	4.204343e+00
1.773333e+01	-6.049146e-02	4.227827e+00
1.776667e+01	-5.240634e-02	4.264210e+00
1.780000e+01	-4.478272e-02	4.298516e+00
1.783333e+01	-4.125524e-02	4.314390e+00
1.786667e+01	-4.337774e-02	4.304839e+00
1.790000e+01	-5.040468e-02	4.273217e+00
1.793333e+01	-5.964704e-02	4.231626e+00
1.796667e+01	-6.719110e-02	4.197678e+00
18	-7.024336e-02	4.183943e+00
1.803333e+01	-6.917534e-02	4.188749e+00
1.806667e+01	-6.694999e-02	4.198763e+00
1.810000e+01	-6.713707e-02	4.197921e+00
1.813333e+01	-7.197785e-02	4.176137e+00
1.816667e+01	-8.053919e-02	4.137611e+00
1.820000e+01	-8.875312e-02	4.100648e+00
1.823333e+01	-9.270865e-02	4.082848e+00
1.826667e+01	-9.196539e-02	4.086193e+00
1.830000e+01	-8.924143e-02	4.098450e+00
1.833333e+01	-8.746845e-02	4.106429e+00
1.836667e+01	-8.759010e-02	4.105882e+00
1.840000e+01	-8.868946e-02	4.100934e+00
1.843333e+01	-8.948381e-02	4.097360e+00
1.846667e+01	-8.971334e-02	4.096327e+00
1.850000e+01	-9.081819e-02	4.091355e+00
1.853333e+01	-9.501940e-02	4.072449e+00
1.856667e+01	-1.025670e-01	4.038485e+00
1.860000e+01	-1.103532e-01	4.003447e+00
1.863333e+01	-1.147905e-01	3.983479e+00
1.866667e+01	-1.160535e-01	3.977795e+00
1.870000e+01	-1.180948e-01	3.968609e+00
1.873333e+01	-1.237935e-01	3.942965e+00
1.876667e+01	-1.313156e-01	3.909115e+00
1.880000e+01	-1.363562e-01	3.886432e+00
1.883333e+01	-1.371000e-01	3.883085e+00
1.886667e+01	-1.363047e-01	3.886664e+00
1.890000e+01	-1.386574e-01	3.876077e+00
1.893333e+01	-1.457917e-01	3.843972e+00
1.896667e+01	-1.542991e-01	3.805688e+00
19	-1.593057e-01	3.783159e+00
1.903333e+01	-1.592224e-01	3.783533e+00
1.906667e+01	-1.564129e-01	3.796176e+00
1.910000e+01	-1.541917e-01	3.806172e+00
1.913333e+01	-1.540094e-01	3.806992e+00
1.916667e+01	-1.551278e-01	3.801959e+00
1.920000e+01	-1.563487e-01	3.796465e+00
1.923333e+01	-1.580487e-01	3.788815e+00
1.926667e+01	-1.621479e-01	3.770369e+00
1.930000e+01	-1.692716e-01	3.738311e+00
1.933333e+01	-1.767826e-01	3.704512e+00
1.936667e+01	-1.810118e-01	3.685480e+00
1.940000e+01	-1.808887e-01	3.686034e+00
1.943333e+01	-1.784952e-01	3.696805e+00
1.946667e+01	-1.766245e-01	3.705223e+00
1.950000e+01	-1.764782e-01	3.705881e+00
1.953333e+01	-1.774227e-01	3.701631e+00
1.956667e+01	-1.782498e-01	3.697909e+00
1.960000e+01	-1.783587e-01	3.697419e+00
1.963333e+01	-1.779686e-01	3.699175e+00
1.966667e+01	-1.775986e-01	3.700840e+00
1.970000e+01	-1.772963e-01	3.702200e+00
1.973333e+01	-1.758907e-01	3.708525e+00
1.976667e+01	-1.714948e-01	3.728307e+00
1.980000e+01	-1.639674e-01	3.762180e+00
1.983333e+01	-1.563097e-01	3.796641e+00
1.986667e+01	-1.521977e-01	3.815145e+00
1.990000e+01	-1.524981e-01	3.813793e+00
1.993333e+01	-1.549637e-01	3.802698e+00
1.996667e+01	-1.567888e-01	3.794485e+00
20	-1.566217e-01	3.795237e+00
2.003333e+01	-1.540753e-01	3.806695e+00
2.006667e+01	-1.487041e-01	3.830866e+00
2.010000e+01	-1.410643e-01	3.865246e+00
2.013333e+01	-1.338794e-01	3.897578e+00
2.016667e+01	-1.302049e-01	3.914113e+00
2.020000e+01	-1.305770e-01	3.912439e+00
2.023333e+01	-1.328466e-01	3.902225e+00
2.026667e+01	-1.344757e-01	3.894895e+00
2.030000e+01	-1.345030e-01	3.894772e+00
2.033333e+01	-1.336042e-01	3.898816e+00
2.036667e+01	-1.328820e-01	3.902066e+00
2.040000e+01	-1.328293e-01	3.902303e+00
2.043333e+01	-1.332033e-01	3.900620e+00
2.046667e+01	-1.335280e-01	3.899159e+00
2.050000e+01	-1.335681e-01	3.898979e+00
2.053333e+01	-1.334121e-01	3.899681e+00
2.056667e+01	-1.332660e-01	3.900338e+00
2.060000e+01	-1.332409e-01	3.900451e+00
2.063333e+01	-1.333054e-01	3.900161e+00
2.066667e+01	-1.333709e-01	3.899866e+00
2.070000e+01	-1.333853e-01	3.899801e+00
2.073333e+01	-1.333587e-01	3.899921e+00
2.076667e+01	-1.333295e-01	3.900052e+00
2.080000e+01	-1.333218e-01	3.900087e+00
2.083333e+01	-1.333326e-01	3.900038e+00
2.086667e+01	-1.333456e-01	3.899980e+00
2.090000e+01	-1.335854e-01	3.898901e+00
2.093333e+01	-1.351480e-01	3.891869e+00
2.096667e+01	-1.397038e-01	3.871368e+00
21	-1.472665e-01	3.837335e+00
2.103333e+01	-1.548598e-01	3.803165e+00
2.106667e+01	-1.589005e-01	3.784982e+00
2.110000e+01	-1.588169e-01	3.785358e+00
2.113333e+01	-1.579445e-01	3.789284e+00
2.116667e+01	-1.607125e-01	3.776828e+00
2.120000e+01	-1.682183e-01	3.743051e+00
2.123333e+01	-1.767788e-01	3.704529e+00
2.126667e+01	-1.813769e-01	3.683837e+00
2.130000e+01	-1.795597e-01	3.692014e+00
2.133333e+01	-1.721569e-01	3.725327e+00
2.136667e+01	-1.624424e-01	3.769043e+00
2.140000e+01	-1.547430e-01	3.803691e+00
2.143333e+01	-1.518410e-01	3.816750e+00
2.146667e+01	-1.531173e-01	3.811007e+00
2.150000e+01	-1.556558e-01	3.799583e+00
2.153333e+01	-1.569765e-01	3.793640e+00
2.156667e+01	-1.566057e-01	3.795308e+00
2.160000e+01	-1.555712e-01	3.799964e+00
2.163333e+01	-1.549718e-01	3.802661e+00
2.166667e+01	-1.550944e-01	3.802109e+00
2.170000e+01	-1.552998e-01	3.801185e+00
2.173333e+01	-1.540094e-01	3.806992e+00
2.176667e+01	-1.494111e-01	3.827684e+00
2.180000e+01	-1.416576e-01	3.862575e+00
2.183333e+01	-1.337026e-01	3.898373e+00
2.186667e+01	-1.281059e-01	3.923559e+00
2.190000e+01	-1.239452e-01	3.942282e+00
2.193333e+01	-1.188777e-01	3.965086e+00
2.196667e+01	-1.130782e-01	3.991184e+00
22	-1.090644e-01	4.009246e+00
2.203333e+01	-1.083895e-01	4.012283e+00
2.206667e+01	-1.100316e-01	4.004894e+00
2.210000e+01	-1.117683e-01	3.997079e+00
2.213333e+01	-1.122413e-01	3.994950e+00
2.216667e+01	-1.118671e-01	3.996634e+00
2.220000e+01	-1.126820e-01	3.992967e+00
2.223333e+01	-1.170006e-01	3.973533e+00
2.226667e+01	-1.248064e-01	3.938407e+00
2.230000e+01	-1.327279e-01	3.902759e+00
2.233333e+01	-1.368870e-01	3.884044e+00
2.236667e+01	-1.364714e-01	3.885914e+00
2.240000e+01	-1.338878e-01	3.897540e+00
2.243333e+01	-1.320362e-01	3.905872e+00
2.246667e+01	-1.320147e-01	3.905969e+00
2.250000e+01	-1.330467e-01	3.901325e+00
2.253333e+01	-1.338706e-01	3.897617e+00
2.256667e+01	-1.339266e-01	3.897366e+00
2.260000e+01	-1.334964e-01	3.899301e+00
2.263333e+01	-1.331255e-01	3.900970e+00
2.266667e+01	-1.330814e-01	3.901169e+00
2.270000e+01	-1.332609e-01	3.900361e+00
2.273333e+01	-1.334279e-01	3.899609e+00
2.276667e+01	-1.334559e-01	3.899483e+00
2.280000e+01	-1.333816e-01	3.899818e+00
2.283333e+01	-1.333067e-01	3.900155e+00
2.286667e+01	-1.332906e-01	3.900227e+00
2.290000e+01	-1.333212e-01	3.900090e+00
2.293333e+01	-1.333546e-01	3.899939e+00
2.296667e+01	-1.333633e-01	3.899900e+00
23	-1.333508e-01	3.899956e+00
2.303333e+01	-1.335718e-01	3.898962e+00
2.306667e+01	-1.351343e-01	3.891931e+00
2.310000e+01	-1.397008e-01	3.871381e+00
2.313333e+01	-1.472720e-01	3.837310e+00
2.316667e+01	-1.548660e-01	3.803137e+00
2.320000e+01	-1.589021e-01	3.784975e+00
2.323333e+01	-1.585789e-01	3.786429e+00
2.326667e+01	-1.563748e-01	3.796348e+00
2.330000e+01	-1.561502e-01	3.797358e+00
2.333333e+01	-1.606545e-01	3.777089e+00
2.336667e+01	-1.691884e-01	3.738686e+00
2.340000e+01	-1.775750e-01	3.700946e+00
2.343333e+01	-1.816825e-01	3.682462e+00
2.346667e+01	-1.809594e-01	3.685716e+00
2.350000e+01	-1.781635e-01	3.698297e+00
2.353333e+01	-1.763222e-01	3.706584e+00
2.356667e+01	-1.764314e-01	3.706092e+00
2.360000e+01	-1.775605e-01	3.701011e+00
2.363333e+01	-1.783855e-01	3.697299e+00
2.366667e+01	-1.783862e-01	3.697296e+00
2.370000e+01	-1.779119e-01	3.699430e+00
2.373333e+01	-1.773021e-01	3.702174e+00
2.376667e+01	-1.757143e-01	3.709319e+00
2.380000e+01	-1.713524e-01	3.728948e+00
2.383333e+01	-1.639570e-01	3.762227e+00
2.386667e+01	-1.563837e-01	3.796308e+00
2.390000e+01	-1.522622e-01	3.814855e+00
2.393333e+01	-1.525061e-01	3.813757e+00
2.396667e+01	-1.549328e-01	3.802837e+00
24	-1.565240e-01	3.795676e+00
2.403333e+01	-1.550497e-01	3.802311e+00
2.406667e+01	-1.495266e-01	3.827165e+00
2.410000e+01	-1.411524e-01	3.864849e+00
2.413333e+01	-1.334755e-01	3.899395e+00
2.416667e+01	-1.298360e-01	3.915773e+00
2.420000e+01	-1.305195e-01	3.912698e+00
2.423333e+01	-1.330142e-01	3.901471e+00
2.426667e+01	-1.344053e-01	3.895211e+00
2.430000e+01	-1.327338e-01	3.902733e+00
2.433333e+01	-1.271709e-01	3.927766e+00
2.436667e+01	-1.188791e-01	3.965080e+00
2.440000e+01	-1.112903e-01	3.999230e+00
2.443333e+01	-1.076727e-01	4.015509e+00
2.446667e+01	-1.080866e-01	4.013646e+00
2.450000e+01	-1.087394e-01	4.010709e+00
2.453333e+01	-1.042264e-01	4.031017e+00
2.456667e+01	-9.200931e-02	4.085995e+00
2.460000e+01	-7.610466e-02	4.157566e+00
2.463333e+01	-6.532065e-02	4.206095e+00
2.466667e+01	-6.639755e-02	4.201249e+00
2.470000e+01	-7.870120e-02	4.145882e+00
2.473333e+01	-9.494031e-02	4.072805e+00
2.476667e+01	-1.052790e-01	4.026281e+00
2.480000e+01	-1.023435e-01	4.039491e+00
2.483333e+01	-8.690171e-02	4.108979e+00
2.486667e+01	-6.848838e-02	4.191840e+00
2.490000e+01	-5.675309e-02	4.244649e+00
2.493333e+01	-5.283499e-02	4.262281e+00
2.496667e+01	-5.130176e-02	4.269181e+00
25	-4.818505e-02	4.283206e+00
2.503333e+01	-4.429847e-02	4.300696e+00
2.506667e+01	-4.219772e-02	4.310149e+00
2.510000e+01	-4.264603e-02	4.308132e+00
2.513333e+01	-4.449899e-02	4.299793e+00
2.516667e+01	-4.713254e-02	4.287942e+00
2.520000e+01	-5.162057e-02	4.267746e+00
2.523333e+01	-5.851353e-02	4.236727e+00
2.526667e+01	-6.561554e-02	4.204768e+00
2.530000e+01	-6.965388e-02	4.186595e+00
2.533333e+01	-6.961594e-02	4.186766e+00
2.536667e+01	-6.763562e-02	4.195677e+00
2.540000e+01	-6.742273e-02	4.196636e+00
2.543333e+01	-7.157130e-02	4.177967e+00
2.546667e+01	-7.843681e-02	4.147072e+00
2.550000e+01	-8.225124e-02	4.129907e+00
2.553333e+01	-7.884421e-02	4.145238e+00
2.556667e+01	-7.057520e-02	4.182449e+00
2.560000e+01	-6.374827e-02	4.213171e+00
2.563333e+01	-6.220644e-02	4.220109e+00
2.566667e+01	-6.449809e-02	4.209797e+00
2.570000e+01	-6.584843e-02	4.203720e+00
2.573333e+01	-6.217890e-02	4.220233e+00
2.576667e+01	-5.365541e-02	4.258589e+00
2.580000e+01	-4.479651e-02	4.298454e+00
2.583333e+01	-4.031101e-02	4.318639e+00
2.586667e+01	-4.100893e-02	4.315499e+00
2.590000e+01	-4.400326e-02	4.302024e+00
2.593333e+01	-4.601565e-02	4.292968e+00
2.596667e+01	-4.592665e-02	4.293369e+00
26	-4.471472e-02	4.298822e+00
2.603333e+01	-4.381269e-02	4.302882e+00
2.606667e+01	-4.379909e-02	4.302943e+00
2.610000e+01	-4.430773e-02	4.300654e+00
2.613333e+01	-4.471618e-02	4.298816e+00
2.616667e+01	-4.474444e-02	4.298689e+00
2.620000e+01	-4.453083e-02	4.299650e+00
2.623333e+01	-4.434603e-02	4.300482e+00
2.626667e+01	-4.432369e-02	4.300582e+00
2.630000e+01	-4.441284e-02	4.300181e+00
2.633333e+01	-4.449607e-02	4.299806e+00
2.636667e+01	-4.451022e-02	4.299743e+00
2.640000e+01	-4.447330e-02	4.299909e+00
2.643333e+01	-4.443599e-02	4.300077e+00
2.646667e+01	-4.442790e-02	4.300113e+00
2.650000e+01	-4.444306e-02	4.300045e+00
2.653333e+01	-4.445970e-02	4.299970e+00
2.656667e+01	-4.446407e-02	4.299950e+00
2.660000e+01	-4.445790e-02	4.299978e+00
2.663333e+01	-4.445051e-02	4.300011e+00
2.666667e+01	-4.444824e-02	4.300022e+00
2.670000e+01	-4.445073e-02	4.300010e+00
2.673333e+01	-4.447084e-02	4.299920e+00
2.676667e+01	-4.460075e-02	4.299335e+00
2.680000e+01	-4.505436e-02	4.297294e+00
2.683333e+01	-4.604785e-02	4.292823e+00
2.686667e+01	-4.758447e-02	4.285908e+00
2.690000e+01	-4.941048e-02	4.277691e+00
2.693333e+01	-5.121385e-02	4.269576e+00
2.696667e+01	-5.284267e-02	4.262246e+00
27	-5.434305e-02	4.255495e+00
2.703333e+01	-5.583912e-02	4.248762e+00
2.706667e+01	-5.740453e-02	4.241718e+00
2.710000e+01	-5.902692e-02	4.234417e+00
2.713333e+01	-6.065438e-02	4.227093e+00
2.716667e+01	-6.225302e-02	4.219899e+00
2.720000e+01	-6.380923e-02	4.212896e+00
2.723333e+01	-6.524996e-02	4.206413e+00
2.726667e+01	-6.637685e-02	4.201342e+00
2.730000e+01	-6.697492e-02	4.198651e+00
2.733333e+01	-6.703287e-02	4.198390e+00
2.736667e+01	-6.679742e-02	4.199449e+00
2.740000e+01	-6.657972e-02	4.200429e+00
2.743333e+01	-6.653501e-02	4.200630e+00
2.746667e+01	-6.662036e-02	4.200246e+00
2.750000e+01	-6.694798e-02	4.198772e+00
2.753333e+01	-6.853822e-02	4.191616e+00
2.756667e+01	-7.306532e-02	4.171244e+00
2.760000e+01	-8.058967e-02	4.137384e+00
2.763333e+01	-8.816934e-02	4.103275e+00
2.766667e+01	-9.222138e-02	4.085041e+00
2.770000e+01	-9.191888e-02	4.086402e+00
2.773333e+01	-8.948619e-02	4.097349e+00
2.776667e+01	-8.768827e-02	4.105440e+00
2.780000e+01	-8.762202e-02	4.105738e+00
2.783333e+01	-8.858762e-02	4.101393e+00
2.786667e+01	-8.938504e-02	4.097804e+00
2.790000e+01	-8.922262e-02	4.098535e+00
2.793333e+01	-8.725462e-02	4.107391e+00
2.796667e+01	-8.233505e-02	4.129529e+00
28	-7.471959e-02	4.163799e+00
2.803333e+01	-6.729477e-02	4.197211e+00
2.806667e+01	-6.341748e-02	4.214659e+00
2.810000e+01	-6.376833e-02	4.213080e+00
2.813333e+01	-6.590237e-02	4.203477e+00
2.816667e+01	-6.605583e-02	4.202787e+00
2.820000e+01	-6.153578e-02	4.223127e+00
2.823333e+01	-5.303063e-02	4.261401e+00
2.826667e+01	-4.467580e-02	4.298998e+00
2.830000e+01	-4.055985e-02	4.317520e+00
2.833333e+01	-4.114251e-02	4.314898e+00
2.836667e+01	-4.346972e-02	4.304425e+00
2.840000e+01	-4.431179e-02	4.300636e+00
2.843333e+01	-4.267004e-02	4.308024e+00
2.846667e+01	-3.972155e-02	4.321292e+00
2.850000e+01	-3.709603e-02	4.333107e+00
2.853333e+01	-3.546494e-02	4.340447e+00
2.856667e+01	-3.443599e-02	4.345077e+00
2.860000e+01	-3.331246e-02	4.350133e+00
2.863333e+01	-3.176850e-02	4.357081e+00
2.866667e+01	-2.994785e-02	4.365274e+00
2.870000e+01	-2.815166e-02	4.373357e+00
2.873333e+01	-2.653447e-02	4.380634e+00
2.876667e+01	-2.506112e-02	4.387264e+00
2.880000e+01	-2.369647e-02	4.393405e+00
2.883333e+01	-2.258172e-02	4.398422e+00
2.886667e+01	-2.194928e-02	4.401268e+00
2.890000e+01	-2.185719e-02	4.401682e+00
2.893333e+01	-2.208557e-02	4.400655e+00
2.896667e+01	-2.231742e-02	4.399611e+00
29	-2.261319e-02	4.398280e+00
2.903333e+01	-2.409867e-02	4.391596e+00
2.906667e+01	-2.856256e-02	4.371508e+00
2.910000e+01	-3.609725e-02	4.337601e+00
2.913333e+01	-4.372123e-02	4.303293e+00
2.916667e+01	-4.780208e-02	4.284929e+00
2.920000e+01	-4.749668e-02	4.286304e+00
2.923333e+01	-4.504507e-02	4.297336e+00
2.926667e+01	-4.323390e-02	4.305486e+00
2.930000e+01	-4.316814e-02	4.305782e+00
2.933333e+01	-4.414178e-02	4.301401e+00
2.936667e+01	-4.494526e-02	4.297785e+00
2.940000e+01	-4.501880e-02	4.297454e+00
2.943333e+01	-4.461438e-02	4.299274e+00
2.946667e+01	-4.425352e-02	4.300898e+00
2.950000e+01	-4.420258e-02	4.301127e+00
2.953333e+01	-4.437081e-02	4.300370e+00
2.956667e+01	-4.453291e-02	4.299641e+00
2.960000e+01	-4.456356e-02	4.299503e+00
2.963333e+01	-4.449409e-02	4.299815e+00
2.966667e+01	-4.442157e-02	4.300142e+00
2.970000e+01	-4.440451e-02	4.300218e+00
2.973333e+01	-4.443294e-02	4.300090e+00
2.976667e+01	-4.446523e-02	4.299945e+00
2.980000e+01	-4.447428e-02	4.299904e+00
2.983333e+01	-4.446276e-02	4.299956e+00
2.986667e+01	-4.444844e-02	4.300021e+00
2.990000e+01	-4.444381e-02	4.300042e+00
2.993333e+01	-4.444842e-02	4.300021e+00
2.996667e+01	-4.445474e-02	4.299992e+00
30	-4.445706e-02	4.299982e+00
3.003333e+01	-4.445524e-02	4.299990e+00
3.006667e+01	-4.445246e-02	4.300003e+00
3.010000e+01	-4.445132e-02	4.300008e+00
3.013333e+01	-4.445203e-02	4.300005e+00
3.016667e+01	-4.445324e-02	4.299999e+00
3.020000e+01	-4.445379e-02	4.299997e+00
3.023333e+01	-4.445353e-02	4.299998e+00
3.026667e+01	-4.445300e-02	4.300000e+00
3.030000e+01	-4.445273e-02	4.300001e+00
3.033333e+01	-4.445283e-02	4.300001e+00
3.036667e+01	-4.445306e-02	4.300000e+00
3.040000e+01	-4.445319e-02	4.299999e+00
3.043333e+01	-4.445315e-02	4.300000e+00
3.046667e+01	-4.445305e-02	4.300000e+00
3.050000e+01	-4.445299e-02	4.300000e+00
3.053333e+01	-4.445300e-02	4.300000e+00
3.056667e+01	-4.445305e-02	4.300000e+00
3.060000e+01	-4.445307e-02	4.300000e+00
3.063333e+01	-4.445307e-02	4.300000e+00
3.066667e+01	-4.445305e-02	4.300000e+00
3.070000e+01	-4.445304e-02	4.300000e+00
3.073333e+01	-4.468886e-02	4.298939e+00
3.076667e+01	-4.625584e-02	4.291887e+00
3.080000e+01	-5.081732e-02	4.271361e+00
3.083333e+01	-5.838204e-02	4.237319e+00
3.086667e+01	-6.597367e-02	4.203156e+00
3.090000e+01	-7.024763e-02	4.183923e+00
3.093333e+01	-7.149425e-02	4.178314e+00
3.096667e+01	-7.361698e-02	4.168761e+00
31	-7.938932e-02	4.142785e+00
3.103333e+01	-8.692257e-02	4.108885e+00
3.106667e+01	-9.192931e-02	4.086355e+00
3.110000e+01	-9.244048e-02	4.084055e+00
3.113333e+01	-9.034904e-02	4.093466e+00
3.116667e+01	-8.913329e-02	4.098937e+00
3.120000e+01	-9.086056e-02	4.091164e+00
3.123333e+01	-9.509081e-02	4.072128e+00
3.126667e+01	-9.998569e-02	4.050101e+00
3.130000e+01	-1.040990e-01	4.031591e+00
3.133333e+01	-1.072340e-01	4.017483e+00
3.136667e+01	-1.100394e-01	4.004859e+00
3.140000e+01	-1.131412e-01	3.990900e+00
3.143333e+01	-1.166640e-01	3.975048e+00
3.146667e+01	-1.203472e-01	3.958473e+00
3.150000e+01	-1.239140e-01	3.942422e+00
3.153333e+01	-1.272605e-01	3.927363e+00
3.156667e+01	-1.302880e-01	3.913739e+00
3.160000e+01	-1.326585e-01	3.903072e+00
3.163333e+01	-1.339458e-01	3.897279e+00
3.166667e+01	-1.343384e-01	3.895512e+00
3.170000e+01	-1.354240e-01	3.890627e+00
3.173333e+01	-1.395184e-01	3.872202e+00
3.176667e+01	-1.469734e-01	3.838654e+00
3.180000e+01	-1.547372e-01	3.803717e+00
3.183333e+01	-1.589716e-01	3.784662e+00
3.186667e+01	-1.587070e-01	3.785853e+00
3.190000e+01	-1.561995e-01	3.797137e+00
3.193333e+01	-1.543210e-01	3.805590e+00
3.196667e+01	-1.542346e-01	3.805979e+00
32	-1.552308e-01	3.801496e+00
3.203333e+01	-1.560639e-01	3.797746e+00
3.206667e+01	-1.561479e-01	3.797369e+00
3.210000e+01	-1.557345e-01	3.799229e+00
3.213333e+01	-1.551247e-01	3.801973e+00
3.216667e+01	-1.535017e-01	3.809277e+00
3.220000e+01	-1.491120e-01	3.829031e+00
3.223333e+01	-1.417151e-01	3.862317e+00
3.226667e+01	-1.339208e-01	3.897392e+00
3.230000e+01	-1.282448e-01	3.922934e+00
3.233333e+01	-1.239287e-01	3.942356e+00
3.236667e+01	-1.187845e-01	3.965506e+00
3.240000e+01	-1.130141e-01	3.991472e+00
3.243333e+01	-1.090678e-01	4.009231e+00
3.246667e+01	-1.084291e-01	4.012105e+00
3.250000e+01	-1.100609e-01	4.004762e+00
3.253333e+01	-1.117686e-01	3.997077e+00
3.256667e+01	-1.122245e-01	3.995026e+00
3.260000e+01	-1.116179e-01	3.997756e+00
3.263333e+01	-1.108784e-01	4.001083e+00
3.266667e+01	-1.106433e-01	4.002141e+00
3.270000e+01	-1.108835e-01	4.001060e+00
3.273333e+01	-1.112080e-01	3.999600e+00
3.276667e+01	-1.113253e-01	3.999072e+00
3.280000e+01	-1.112303e-01	3.999500e+00
3.283333e+01	-1.110877e-01	4.000141e+00
3.286667e+01	-1.110301e-01	4.000401e+00
3.290000e+01	-1.110670e-01	4.000234e+00
3.293333e+01	-1.108937e-01	4.001015e+00
3.296667e+01	-1.093546e-01	4.007940e+00
33	-1.047791e-01	4.028531e+00
3.303333e+01	-9.718711e-02	4.062695e+00
3.306667e+01	-8.934632e-02	4.097978e+00
3.310000e+01	-8.372956e-02	4.123254e+00
3.313333e+01	-7.937148e-02	4.142866e+00
3.316667e+01	-7.379722e-02	4.167950e+00
3.320000e+01	-6.700120e-02	4.198532e+00
3.323333e+01	-6.147915e-02	4.223382e+00
3.326667e+01	-5.900232e-02	4.234528e+00
3.330000e+01	-5.884369e-02	4.235242e+00
3.333333e+01	-5.893976e-02	4.234809e+00
3.336667e+01	-5.790149e-02	4.239481e+00
3.340000e+01	-5.579362e-02	4.248967e+00
3.343333e+01	-5.348113e-02	4.259373e+00
3.346667e+01	-5.162068e-02	4.267745e+00
3.350000e+01	-5.023535e-02	4.273979e+00
3.353333e+01	-4.896459e-02	4.279698e+00
3.356667e+01	-4.752710e-02	4.286167e+00
3.360000e+01	-4.599064e-02	4.293081e+00
3.363333e+01	-4.471969e-02	4.298800e+00
3.366667e+01	-4.406331e-02	4.301754e+00
3.370000e+01	-4.404259e-02	4.301847e+00
3.373333e+01	-4.434109e-02	4.300504e+00
3.376667e+01	-4.458703e-02	4.299397e+00
3.380000e+01	-4.461758e-02	4.299260e+00
3.383333e+01	-4.450475e-02	4.299767e+00
3.386667e+01	-4.463526e-02	4.299180e+00
3.390000e+01	-4.618421e-02	4.292210e+00
3.393333e+01	-5.079196e-02	4.271475e+00
3.396667e+01	-5.840345e-02	4.237223e+00
34	-6.600519e-02	4.203015e+00
3.403333e+01	-7.002429e-02	4.184928e+00
3.406667e+01	-6.968308e-02	4.186464e+00
3.410000e+01	-6.723890e-02	4.197463e+00
3.413333e+01	-6.545427e-02	4.205494e+00
3.416667e+01	-6.540515e-02	4.205715e+00
3.420000e+01	-6.637658e-02	4.201343e+00
3.423333e+01	-6.716870e-02	4.197779e+00
3.426667e+01	-6.723456e-02	4.197482e+00
3.430000e+01	-6.683064e-02	4.199300e+00
3.433333e+01	-6.647461e-02	4.200902e+00
3.436667e+01	-6.642720e-02	4.201115e+00
3.440000e+01	-6.659542e-02	4.200358e+00
3.443333e+01	-6.675547e-02	4.199638e+00
3.446667e+01	-6.654869e-02	4.200569e+00
3.450000e+01	-6.491216e-02	4.207933e+00
3.453333e+01	-6.027904e-02	4.228782e+00
3.456667e+01	-5.269798e-02	4.262897e+00
3.460000e+01	-4.513486e-02	4.296932e+00
3.463333e+01	-4.112865e-02	4.314960e+00
3.466667e+01	-4.145772e-02	4.313479e+00
3.470000e+01	-4.388489e-02	4.302557e+00
3.473333e+01	-4.566311e-02	4.294555e+00
3.476667e+01	-4.571700e-02	4.294312e+00
3.480000e+01	-4.475304e-02	4.298650e+00
3.483333e+01	-4.396405e-02	4.302201e+00
3.486667e+01	-4.389635e-02	4.302505e+00
3.490000e+01	-4.429701e-02	4.300702e+00
3.493333e+01	-4.465152e-02	4.299107e+00
3.496667e+01	-4.469964e-02	4.298890e+00
35	-4.453283e-02	4.299641e+00
3.503333e+01	-4.437350e-02	4.300358e+00
3.506667e+01	-4.434420e-02	4.300490e+00
3.510000e+01	-4.441315e-02	4.300180e+00
3.513333e+01	-4.472028e-02	4.298797e+00
3.516667e+01	-4.653950e-02	4.290611e+00
3.520000e+01	-5.263969e-02	4.263160e+00
3.523333e+01	-6.473412e-02	4.208734e+00
3.526667e+01	-7.988173e-02	4.140570e+00
3.530000e+01	-9.175877e-02	4.087122e+00
3.533333e+01	-9.705763e-02	4.063277e+00
3.536667e+01	-9.886450e-02	4.055146e+00
3.540000e+01	-1.024293e-01	4.039104e+00
3.543333e+01	-1.097309e-01	4.006247e+00
3.546667e+01	-1.192385e-01	3.963462e+00
3.550000e+01	-1.282486e-01	3.922917e+00
3.553333e+01	-1.342694e-01	3.895823e+00
3.556667e+01	-1.361837e-01	3.887208e+00
3.560000e+01	-1.350445e-01	3.892335e+00
3.563333e+01	-1.331667e-01	3.900785e+00
3.566667e+01	-1.325231e-01	3.903681e+00
3.570000e+01	-1.344300e-01	3.895100e+00
3.573333e+01	-1.397485e-01	3.871167e+00
3.576667e+01	-1.477120e-01	3.835330e+00
3.580000e+01	-1.551832e-01	3.801710e+00
3.583333e+01	-1.588977e-01	3.784995e+00
3.586667e+01	-1.583921e-01	3.787270e+00
3.590000e+01	-1.559944e-01	3.798059e+00
3.593333e+01	-1.543413e-01	3.805499e+00
3.596667e+01	-1.543690e-01	3.805374e+00
36	-1.553251e-01	3.801071e+00
3.603333e+01	-1.560607e-01	3.797761e+00
3.606667e+01	-1.560908e-01	3.797626e+00
3.610000e+01	-1.556914e-01	3.799423e+00
3.613333e+01	-1.553595e-01	3.800916e+00
3.616667e+01	-1.553286e-01	3.801056e+00
3.620000e+01	-1.554958e-01	3.800303e+00
3.623333e+01	-1.556456e-01	3.799629e+00
3.626667e+01	-1.556671e-01	3.799532e+00
3.630000e+01	-1.555975e-01	3.799845e+00
3.633333e+01	-1.555302e-01	3.800148e+00
3.636667e+01	-1.555173e-01	3.800206e+00
3.640000e+01	-1.555460e-01	3.800077e+00
3.643333e+01	-1.555761e-01	3.799942e+00
3.646667e+01	-1.555833e-01	3.799909e+00
3.650000e+01	-1.555715e-01	3.799962e+00
3.653333e+01	-1.555581e-01	3.800023e+00
3.656667e+01	-1.555544e-01	3.800040e+00
3.660000e+01	-1.555591e-01	3.800018e+00
3.663333e+01	-1.555651e-01	3.799991e+00
3.666667e+01	-1.555670e-01	3.799983e+00
3.670000e+01	-1.555651e-01	3.799991e+00
3.673333e+01	-1.555625e-01	3.800003e+00
3.676667e+01	-1.555615e-01	3.800007e+00
3.680000e+01	-1.555623e-01	3.800004e+00
3.683333e+01	-1.555634e-01	3.799999e+00
3.686667e+01	-1.555639e-01	3.799997e+00
3.690000e+01	-1.555636e-01	3.799998e+00
3.693333e+01	-1.553273e-01	3.801062e+00
3.696667e+01	-1.539959e-01	3.807053e+00
37	-1.510015e-01	3.820528e+00
3.703333e+01	-1.479985e-01	3.834041e+00
3.706667e+01	-1.479717e-01	3.834162e+00
3.710000e+01	-1.515251e-01	3.818171e+00
3.713333e+01	-1.558835e-01	3.798558e+00
3.716667e+01	-1.580018e-01	3.789026e+00
3.720000e+01	-1.573555e-01	3.791934e+00
3.723333e+01	-1.556215e-01	3.799737e+00
3.726667e+01	-1.545946e-01	3.804359e+00
3.730000e+01	-1.547679e-01	3.803579e+00
3.733333e+01	-1.554932e-01	3.800315e+00
3.736667e+01	-1.559656e-01	3.798189e+00
3.740000e+01	-1.559204e-01	3.798392e+00
3.743333e+01	-1.556124e-01	3.799779e+00
3.746667e+01	-1.553956e-01	3.800754e+00
3.750000e+01	-1.551668e-01	3.801784e+00
3.753333e+01	-1.537305e-01	3.808247e+00
3.756667e+01	-1.492681e-01	3.828328e+00
3.760000e+01	-1.417060e-01	3.862358e+00
3.763333e+01	-1.340592e-01	3.896769e+00
3.766667e+01	-1.299761e-01	3.915143e+00
3.770000e+01	-1.302928e-01	3.913718e+00
3.773333e+01	-1.327546e-01	3.902639e+00
3.776667e+01	-1.345674e-01	3.894482e+00
3.780000e+01	-1.343926e-01	3.895268e+00
3.783333e+01	-1.318474e-01	3.906722e+00
3.786667e+01	-1.264815e-01	3.930868e+00
3.790000e+01	-1.188452e-01	3.965232e+00
3.793333e+01	-1.116601e-01	3.997566e+00
3.796667e+01	-1.079518e-01	4.014253e+00
38	-1.080820e-01	4.013667e+00
3.803333e+01	-1.095030e-01	4.007273e+00
3.806667e+01	-1.092758e-01	4.008295e+00
3.810000e+01	-1.064345e-01	4.021081e+00
3.813333e+01	-1.021279e-01	4.040461e+00
3.816667e+01	-9.804018e-02	4.058856e+00
3.820000e+01	-9.494721e-02	4.072774e+00
3.823333e+01	-9.252012e-02	4.083696e+00
3.826667e+01	-9.005184e-02	4.094804e+00
3.830000e+01	-8.716973e-02	4.107773e+00
3.833333e+01	-8.398545e-02	4.122103e+00
3.836667e+01	-8.080157e-02	4.136430e+00
3.840000e+01	-7.779232e-02	4.149972e+00
3.843333e+01	-7.492050e-02	4.162895e+00
3.846667e+01	-7.208761e-02	4.175643e+00
3.850000e+01	-6.915437e-02	4.188843e+00
3.853333e+01	-6.543588e-02	4.205576e+00
3.856667e+01	-5.996067e-02	4.230215e+00
3.860000e+01	-5.385629e-02	4.257685e+00
3.863333e+01	-5.152182e-02	4.268190e+00
3.866667e+01	-5.703695e-02	4.243372e+00
3.870000e+01	-6.982989e-02	4.185803e+00
3.873333e+01	-8.527054e-02	4.116320e+00
3.876667e+01	-9.871737e-02	4.055808e+00
3.880000e+01	-1.078960e-01	4.014504e+00
3.883333e+01	-1.124740e-01	3.993903e+00
3.886667e+01	-1.132983e-01	3.990193e+00
3.890000e+01	-1.121069e-01	3.995555e+00
3.893333e+01	-1.107801e-01	4.001526e+00
3.896667e+01	-1.103488e-01	4.003466e+00
39	-1.107208e-01	4.001792e+00
3.903333e+01	-1.112456e-01	3.999431e+00
3.906667e+01	-1.112081e-01	3.999600e+00
3.910000e+01	-1.094972e-01	4.007299e+00
3.913333e+01	-1.047095e-01	4.028844e+00
3.916667e+01	-9.704995e-02	4.063312e+00
3.920000e+01	-8.951429e-02	4.097223e+00
3.923333e+01	-8.557498e-02	4.114950e+00
3.926667e+01	-8.594092e-02	4.113303e+00
3.930000e+01	-8.835849e-02	4.102424e+00
3.933333e+01	-9.010784e-02	4.094552e+00
3.936667e+01	-9.014451e-02	4.094387e+00
3.940000e+01	-8.918364e-02	4.098711e+00
3.943333e+01	-8.864286e-02	4.101144e+00
3.946667e+01	-9.015013e-02	4.094361e+00
3.950000e+01	-9.511139e-02	4.072035e+00
3.953333e+01	-1.030253e-01	4.036422e+00
3.956667e+01	-1.106614e-01	4.002060e+00
3.960000e+01	-1.145329e-01	3.984638e+00
3.963333e+01	-1.140555e-01	3.986786e+00
3.966667e+01	-1.115891e-01	3.997885e+00
3.970000e+01	-1.098657e-01	4.005640e+00
3.973333e+01	-1.101135e-01	4.004525e+00
3.976667e+01	-1.126647e-01	3.993045e+00
3.980000e+01	-1.179931e-01	3.969067e+00
3.983333e+01	-1.255964e-01	3.934851e+00
3.986667e+01	-1.327772e-01	3.902538e+00
3.990000e+01	-1.364696e-01	3.885922e+00
3.993333e+01	-1.361139e-01	3.887522e+00
3.996667e+01	-1.338470e-01	3.897723e+00
40	-1.322106e-01	3.905088e+00
4.003333e+01	-1.321759e-01	3.905244e+00
4.006667e+01	-1.330731e-01	3.901206e+00
4.010000e+01	-1.337983e-01	3.897943e+00
4.013333e+01	-1.338543e-01	3.897691e+00
4.016667e+01	-1.334812e-01	3.899370e+00
4.020000e+01	-1.331552e-01	3.900837e+00
4.023333e+01	-1.331137e-01	3.901024e+00
4.026667e+01	-1.332692e-01	3.900324e+00
4.030000e+01	-1.334158e-01	3.899664e+00
4.033333e+01	-1.334416e-01	3.899548e+00
4.036667e+01	-1.333773e-01	3.899837e+00
4.040000e+01	-1.333116e-01	3.900133e+00
4.043333e+01	-1.332970e-01	3.900199e+00
4.046667e+01	-1.333234e-01	3.900080e+00
4.050000e+01	-1.333526e-01	3.899948e+00
4.053333e+01	-1.333605e-01	3.899913e+00
4.056667e+01	-1.333498e-01	3.899961e+00
4.060000e+01	-1.333368e-01	3.900020e+00
4.063333e+01	-1.333327e-01	3.900038e+00
4.066667e+01	-1.333370e-01	3.900019e+00
4.070000e+01	-1.333428e-01	3.899993e+00
4.073333e+01	-1.333448e-01	3.899984e+00
4.076667e+01	-1.333431e-01	3.899991e+00
4.080000e+01	-1.333406e-01	3.900003e+00
4.083333e+01	-1.333396e-01	3.900007e+00
4.086667e+01	-1.333402e-01	3.900004e+00
4.090000e+01	-1.333413e-01	3.899999e+00
4.093333e+01	-1.333418e-01	3.899997e+00
4.096667e+01	-1.333416e-01	3.899998e+00
41	-1.333411e-01	3.900000e+00
4.103333e+01	-1.333408e-01	3.900001e+00
4.106667e+01	-1.333409e-01	3.900001e+00
4.110000e+01	-1.331053e-01	3.901061e+00
4.113333e+01	-1.315385e-01	3.908112e+00
4.116667e+01	-1.269770e-01	3.928639e+00
4.120000e+01	-1.194122e-01	3.962681e+00
4.123333e+01	-1.118205e-01	3.996844e+00
4.126667e+01	-1.077823e-01	4.015016e+00
4.130000e+01	-1.081027e-01	4.013574e+00
4.133333e+01	-1.105415e-01	4.002599e+00
4.136667e+01	-1.120981e-01	3.995595e+00
4.140000e+01	-1.105894e-01	4.002384e+00
4.143333e+01	-1.050594e-01	4.027269e+00
4.146667e+01	-9.669940e-02	4.064889e+00
4.150000e+01	-8.903782e-02	4.099367e+00
4.153333e+01	-8.540218e-02	4.115727e+00
4.156667e+01	-8.584398e-02	4.113739e+00
4.160000e+01	-8.674924e-02	4.109665e+00
4.163333e+01	-8.369245e-02	4.123421e+00
4.166667e+01	-7.560129e-02	4.159832e+00
4.170000e+01	-6.608262e-02	4.202666e+00
4.173333e+01	-5.988374e-02	4.230561e+00
4.176667e+01	-5.850207e-02	4.236779e+00
4.180000e+01	-5.967742e-02	4.231490e+00
4.183333e+01	-6.027874e-02	4.228784e+00
4.186667e+01	-5.895386e-02	4.234746e+00
4.190000e+01	-5.641228e-02	4.246183e+00
4.193333e+01	-5.400683e-02	4.257008e+00
4.196667e+01	-5.240705e-02	4.264207e+00
42	-5.136446e-02	4.268898e+00
4.203333e+01	-5.029695e-02	4.273702e+00
4.206667e+01	-4.888839e-02	4.280041e+00
4.210000e+01	-4.724105e-02	4.287454e+00
4.213333e+01	-4.569444e-02	4.294414e+00
4.216667e+01	-4.459599e-02	4.299357e+00
4.220000e+01	-4.411765e-02	4.301509e+00
4.223333e+01	-4.415352e-02	4.301348e+00
4.226667e+01	-4.439809e-02	4.300247e+00
4.230000e+01	-4.456890e-02	4.299479e+00
4.233333e+01	-4.457073e-02	4.299470e+00
4.236667e+01	-4.447832e-02	4.299886e+00
4.240000e+01	-4.464143e-02	4.299152e+00
4.243333e+01	-4.620431e-02	4.292119e+00
4.246667e+01	-5.080425e-02	4.271419e+00
4.250000e+01	-5.840153e-02	4.237231e+00
4.253333e+01	-6.599657e-02	4.203053e+00
4.256667e+01	-7.001860e-02	4.184954e+00
4.260000e+01	-6.968357e-02	4.186462e+00
4.263333e+01	-6.724257e-02	4.197446e+00
4.266667e+01	-6.545689e-02	4.205482e+00
4.270000e+01	-6.540509e-02	4.205715e+00
4.273333e+01	-6.637502e-02	4.201350e+00
4.276667e+01	-6.693169e-02	4.198845e+00
4.280000e+01	-6.543172e-02	4.205595e+00
4.283333e+01	-6.046703e-02	4.227936e+00
4.286667e+01	-5.254617e-02	4.263581e+00
4.290000e+01	-4.490663e-02	4.297959e+00
4.293333e+01	-4.103638e-02	4.315375e+00
4.296667e+01	-4.151682e-02	4.313213e+00
43	-4.398482e-02	4.302107e+00
4.303333e+01	-4.570779e-02	4.294354e+00
4.306667e+01	-4.569451e-02	4.294413e+00
4.310000e+01	-4.470948e-02	4.298846e+00
4.313333e+01	-4.394268e-02	4.302297e+00
4.316667e+01	-4.390466e-02	4.302468e+00
4.320000e+01	-4.431591e-02	4.300617e+00
4.323333e+01	-4.466163e-02	4.299061e+00
4.326667e+01	-4.469669e-02	4.298904e+00
4.330000e+01	-4.452467e-02	4.299678e+00
4.333333e+01	-4.436877e-02	4.300379e+00
4.336667e+01	-4.434518e-02	4.300485e+00
4.340000e+01	-4.441666e-02	4.300164e+00
4.343333e+01	-4.448666e-02	4.299849e+00
4.346667e+01	-4.450060e-02	4.299786e+00
4.350000e+01	-4.447114e-02	4.299919e+00
4.353333e+01	-4.443985e-02	4.300059e+00
4.356667e+01	-4.443219e-02	4.300094e+00
4.360000e+01	-4.444422e-02	4.300040e+00
4.363333e+01	-4.445814e-02	4.299977e+00
4.366667e+01	-4.446217e-02	4.299959e+00
4.370000e+01	-4.445730e-02	4.299981e+00
4.373333e+01	-4.445114e-02	4.300009e+00
4.376667e+01	-4.444909e-02	4.300018e+00
4.380000e+01	-4.445103e-02	4.300009e+00
4.383333e+01	-4.445375e-02	4.299997e+00
4.386667e+01	-4.445477e-02	4.299992e+00
4.390000e+01	-4.445400e-02	4.299996e+00
4.393333e+01	-4.468863e-02	4.298940e+00
4.396667e+01	-4.625510e-02	4.291891e+00
44	-5.105269e-02	4.270301e+00
4.403333e+01	-6.042073e-02	4.228145e+00
4.406667e+01	-7.414104e-02	4.166403e+00
4.410000e+01	-9.030527e-02	4.093663e+00
4.413333e+01	-1.051410e-01	4.026902e+00
4.416667e+01	-1.145678e-01	3.984481e+00
4.420000e+01	-1.180602e-01	3.968765e+00
4.423333e+01	-1.198043e-01	3.960916e+00
4.426667e+01	-1.241065e-01	3.941556e+00
4.430000e+01	-1.306426e-01	3.912143e+00
4.433333e+01	-1.358967e-01	3.888500e+00
4.436667e+01	-1.385047e-01	3.876764e+00
4.440000e+01	-1.411353e-01	3.864926e+00
4.443333e+01	-1.465259e-01	3.840668e+00
4.446667e+01	-1.534670e-01	3.809433e+00
4.450000e+01	-1.582278e-01	3.788009e+00
4.453333e+01	-1.588508e-01	3.785206e+00
4.456667e+01	-1.567408e-01	3.794701e+00
4.460000e+01	-1.546645e-01	3.804044e+00
4.463333e+01	-1.541928e-01	3.806167e+00
4.466667e+01	-1.552353e-01	3.801476e+00
4.470000e+01	-1.577085e-01	3.790346e+00
4.473333e+01	-1.625210e-01	3.768690e+00
4.476667e+01	-1.697619e-01	3.736105e+00
4.480000e+01	-1.769537e-01	3.703742e+00
4.483333e+01	-1.808636e-01	3.686147e+00
4.486667e+01	-1.806730e-01	3.687005e+00
4.490000e+01	-1.784107e-01	3.697185e+00
4.493333e+01	-1.766825e-01	3.704962e+00
4.496667e+01	-1.765728e-01	3.705456e+00
45	-1.774638e-01	3.701446e+00
4.503333e+01	-1.782276e-01	3.698009e+00
4.506667e+01	-1.783174e-01	3.697605e+00
4.510000e+01	-1.779489e-01	3.699263e+00
4.513333e+01	-1.776069e-01	3.700802e+00
4.516667e+01	-1.777859e-01	3.699997e+00
4.520000e+01	-1.795056e-01	3.692258e+00
4.523333e+01	-1.842203e-01	3.671042e+00
4.526667e+01	-1.918177e-01	3.636853e+00
4.530000e+01	-1.993465e-01	3.602973e+00
4.533333e+01	-2.033162e-01	3.585109e+00
4.536667e+01	-2.029782e-01	3.586630e+00
4.540000e+01	-2.005651e-01	3.597490e+00
4.543333e+01	-1.988031e-01	3.605419e+00
4.546667e+01	-1.987539e-01	3.605640e+00
4.550000e+01	-1.997122e-01	3.601328e+00
4.553333e+01	-2.004940e-01	3.597809e+00
4.556667e+01	-2.005593e-01	3.597516e+00
4.560000e+01	-2.001609e-01	3.599308e+00
4.563333e+01	-1.998095e-01	3.600890e+00
4.566667e+01	-1.997626e-01	3.601101e+00
4.570000e+01	-1.999285e-01	3.600354e+00
4.573333e+01	-2.000865e-01	3.599643e+00
4.576667e+01	-2.001152e-01	3.599514e+00
4.580000e+01	-2.000466e-01	3.599823e+00
4.583333e+01	-1.999759e-01	3.600141e+00
4.586667e+01	-1.999597e-01	3.600214e+00
4.590000e+01	-1.999879e-01	3.600087e+00
4.593333e+01	-2.000194e-01	3.599945e+00
4.596667e+01	-2.000280e-01	3.599907e+00
46	-2.000166e-01	3.599958e+00
4.603333e+01	-2.000026e-01	3.600021e+00
4.606667e+01	-1.999982e-01	3.600041e+00
4.610000e+01	-2.000027e-01	3.600020e+00
4.613333e+01	-2.000089e-01	3.599992e+00
4.616667e+01	-2.000111e-01	3.599982e+00
4.620000e+01	-2.000093e-01	3.599990e+00
4.623333e+01	-2.000066e-01	3.600003e+00
4.626667e+01	-2.000055e-01	3.600008e+00
4.630000e+01	-2.000062e-01	3.600004e+00
4.633333e+01	-2.000074e-01	3.599999e+00
4.636667e+01	-2.000079e-01	3.599997e+00
4.640000e+01	-2.000077e-01	3.599998e+00
4.643333e+01	-2.000071e-01	3.600000e+00
4.646667e+01	-2.000069e-01	3.600001e+00
4.650000e+01	-1.997712e-01	3.601062e+00
4.653333e+01	-1.982044e-01	3.608113e+00
4.656667e+01	-1.936431e-01	3.628639e+00
4.660000e+01	-1.860783e-01	3.662681e+00
4.663333e+01	-1.784866e-01	3.696844e+00
4.666667e+01	-1.744484e-01	3.715016e+00
4.670000e+01	-1.747688e-01	3.713574e+00
4.673333e+01	-1.772075e-01	3.702599e+00
4.676667e+01	-1.789999e-01	3.694534e+00
4.680000e+01	-1.790583e-01	3.694271e+00
4.683333e+01	-1.780897e-01	3.698630e+00
4.686667e+01	-1.772944e-01	3.702208e+00
4.690000e+01	-1.772245e-01	3.702523e+00
4.693333e+01	-1.773912e-01	3.701773e+00
4.696667e+01	-1.761815e-01	3.707217e+00
47	-1.716692e-01	3.727522e+00
4.703333e+01	-1.637012e-01	3.763379e+00
4.706667e+01	-1.543820e-01	3.805315e+00
4.710000e+01	-1.457526e-01	3.844148e+00
4.713333e+01	-1.383416e-01	3.877498e+00
4.716667e+01	-1.314578e-01	3.908475e+00
4.720000e+01	-1.231002e-01	3.946084e+00
4.723333e+01	-1.113244e-01	3.999076e+00
4.726667e+01	-9.737039e-02	4.061870e+00
4.730000e+01	-8.516192e-02	4.116808e+00
4.733333e+01	-7.688259e-02	4.154066e+00
4.736667e+01	-7.152504e-02	4.178175e+00
4.740000e+01	-6.773111e-02	4.195248e+00
4.743333e+01	-6.528258e-02	4.206266e+00
4.746667e+01	-6.335444e-02	4.214943e+00
4.750000e+01	-5.966232e-02	4.231558e+00
4.753333e+01	-5.304599e-02	4.261331e+00
4.756667e+01	-4.574973e-02	4.294165e+00
4.760000e+01	-4.141517e-02	4.313671e+00
4.763333e+01	-4.133291e-02	4.314041e+00
4.766667e+01	-4.362306e-02	4.303735e+00
4.770000e+01	-4.552918e-02	4.295157e+00
4.773333e+01	-4.576254e-02	4.294107e+00
4.776667e+01	-4.486621e-02	4.298141e+00
4.780000e+01	-4.402695e-02	4.301917e+00
4.783333e+01	-4.388057e-02	4.302576e+00
4.786667e+01	-4.424822e-02	4.300922e+00
4.790000e+01	-4.462216e-02	4.299239e+00
4.793333e+01	-4.470466e-02	4.298868e+00
4.796667e+01	-4.455376e-02	4.299547e+00
48	-4.438711e-02	4.300297e+00
4.803333e+01	-4.434285e-02	4.300496e+00
4.806667e+01	-4.440421e-02	4.300220e+00
4.810000e+01	-4.447820e-02	4.299887e+00
4.813333e+01	-4.450111e-02	4.299784e+00
4.816667e+01	-4.471225e-02	4.298834e+00
4.820000e+01	-4.624652e-02	4.291929e+00
4.823333e+01	-5.103227e-02	4.270393e+00
4.826667e+01	-6.040958e-02	4.228195e+00
4.830000e+01	-7.414404e-02	4.166389e+00
4.833333e+01	-9.031407e-02	4.093624e+00
4.836667e+01	-1.051463e-01	4.026878e+00
4.840000e+01	-1.143310e-01	3.985546e+00
4.843333e+01	-1.162536e-01	3.976895e+00
4.846667e+01	-1.134376e-01	3.989567e+00
4.850000e+01	-1.101778e-01	4.004236e+00
4.853333e+01	-1.091236e-01	4.008980e+00
4.856667e+01	-1.101033e-01	4.004571e+00
4.860000e+01	-1.114634e-01	3.998451e+00
4.863333e+01	-1.117349e-01	3.997229e+00
4.866667e+01	-1.097864e-01	4.005997e+00
4.870000e+01	-1.046332e-01	4.029187e+00
4.873333e+01	-9.682279e-02	4.064334e+00
4.876667e+01	-8.937923e-02	4.097830e+00
4.880000e+01	-8.583552e-02	4.113777e+00
4.883333e+01	-8.760543e-02	4.105813e+00
4.886667e+01	-9.298262e-02	4.081615e+00
4.890000e+01	-9.766565e-02	4.060541e+00
4.893333e+01	-9.769448e-02	4.060411e+00
4.896667e+01	-9.295709e-02	4.081730e+00
49	-8.628519e-02	4.111754e+00
4.903333e+01	-7.956204e-02	4.142008e+00
4.906667e+01	-7.303898e-02	4.171362e+00
4.910000e+01	-6.751755e-02	4.196209e+00
4.913333e+01	-6.454316e-02	4.209594e+00
4.916667e+01	-6.452497e-02	4.209676e+00
4.920000e+01	-6.608692e-02	4.202647e+00
4.923333e+01	-6.761863e-02	4.195754e+00
4.926667e+01	-6.935777e-02	4.187928e+00
4.930000e+01	-7.332665e-02	4.170068e+00
4.933333e+01	-8.032689e-02	4.138566e+00
4.936667e+01	-8.804918e-02	4.103816e+00
4.940000e+01	-9.389573e-02	4.077506e+00
4.943333e+01	-9.838742e-02	4.057293e+00
4.946667e+01	-1.035715e-01	4.033965e+00
4.950000e+01	-1.092719e-01	4.008313e+00
4.953333e+01	-1.131401e-01	3.990905e+00
4.956667e+01	-1.137576e-01	3.988127e+00
4.960000e+01	-1.121542e-01	3.995342e+00
4.963333e+01	-1.107170e-01	4.001809e+00
4.966667e+01	-1.118390e-01	3.996761e+00
4.970000e+01	-1.169957e-01	3.973555e+00
4.973333e+01	-1.252846e-01	3.936255e+00
4.976667e+01	-1.331058e-01	3.901059e+00
4.980000e+01	-1.369083e-01	3.883948e+00
4.983333e+01	-1.362701e-01	3.886820e+00
4.986667e+01	-1.339526e-01	3.897248e+00
4.990000e+01	-1.338205e-01	3.897843e+00
4.993333e+01	-1.384632e-01	3.876951e+00
4.996667e+01	-1.470528e-01	3.838297e+00
50	-1.554034e-01	3.800719e+00
5.003333e+01	-1.594504e-01	3.782507e+00
5.006667e+01	-1.587002e-01	3.785883e+00
5.010000e+01	-1.559180e-01	3.798403e+00
5.013333e+01	-1.541031e-01	3.806570e+00
5.016667e+01	-1.542253e-01	3.806021e+00
5.020000e+01	-1.553493e-01	3.800962e+00
5.023333e+01	-1.561628e-01	3.797301e+00
5.026667e+01	-1.561574e-01	3.797326e+00
5.030000e+01	-1.556849e-01	3.799452e+00
5.033333e+01	-1.553159e-01	3.801113e+00
5.036667e+01	-1.552979e-01	3.801194e+00
5.040000e+01	-1.554969e-01	3.800298e+00
5.043333e+01	-1.556641e-01	3.799546e+00
5.046667e+01	-1.556811e-01	3.799469e+00
5.050000e+01	-1.555979e-01	3.799844e+00
5.053333e+01	-1.555224e-01	3.800183e+00
5.056667e+01	-1.555110e-01	3.800235e+00
5.060000e+01	-1.555455e-01	3.800079e+00
5.063333e+01	-1.555794e-01	3.799927e+00
5.066667e+01	-1.555862e-01	3.799896e+00
5.070000e+01	-1.555719e-01	3.799961e+00
5.073333e+01	-1.555568e-01	3.800029e+00
5.076667e+01	-1.555531e-01	3.800045e+00
5.080000e+01	-1.555589e-01	3.800019e+00
5.083333e+01	-1.555656e-01	3.799989e+00
5.086667e+01	-1.555676e-01	3.799980e+00
5.090000e+01	-1.555652e-01	3.799991e+00
5.093333e+01	-1.555622e-01	3.800004e+00
5.096667e+01	-1.553254e-01	3.801070e+00
51	-1.537594e-01	3.808117e+00
5.103333e+01	-1.494351e-01	3.827577e+00
5.106667e+01	-1.434378e-01	3.854565e+00
5.110000e+01	-1.404073e-01	3.868202e+00
5.113333e+01	-1.439333e-01	3.852335e+00
5.116667e+01	-1.518450e-01	3.816732e+00
5.120000e+01	-1.583220e-01	3.787585e+00
5.123333e+01	-1.595585e-01	3.782021e+00
5.126667e+01	-1.556113e-01	3.799783e+00
5.130000e+01	-1.482888e-01	3.832735e+00
5.133333e+01	-1.398703e-01	3.870618e+00
5.136667e+01	-1.331773e-01	3.900737e+00
5.140000e+01	-1.303369e-01	3.913519e+00
5.143333e+01	-1.310482e-01	3.910318e+00
5.146667e+01	-1.328564e-01	3.902181e+00
5.150000e+01	-1.331449e-01	3.900883e+00
5.153333e+01	-1.308505e-01	3.911208e+00
5.156667e+01	-1.267087e-01	3.929846e+00
5.160000e+01	-1.222111e-01	3.950085e+00
5.163333e+01	-1.183600e-01	3.967416e+00
5.166667e+01	-1.152024e-01	3.981625e+00
5.170000e+01	-1.122275e-01	3.995012e+00
5.173333e+01	-1.090052e-01	4.009513e+00
5.176667e+01	-1.054852e-01	4.025353e+00
5.180000e+01	-1.018739e-01	4.041604e+00
5.183333e+01	-9.836210e-02	4.057407e+00
5.186667e+01	-9.478172e-02	4.073519e+00
5.190000e+01	-9.015700e-02	4.094330e+00
5.193333e+01	-8.319994e-02	4.125637e+00
5.196667e+01	-7.434577e-02	4.165482e+00
52	-6.661004e-02	4.200293e+00
5.203333e+01	-6.306456e-02	4.216247e+00
5.206667e+01	-6.385356e-02	4.212697e+00
5.210000e+01	-6.639673e-02	4.201253e+00
5.213333e+01	-6.824768e-02	4.192923e+00
5.216667e+01	-6.967578e-02	4.186497e+00
5.220000e+01	-7.321513e-02	4.170569e+00
5.223333e+01	-8.005565e-02	4.139787e+00
5.226667e+01	-8.766393e-02	4.105549e+00
5.230000e+01	-9.213174e-02	4.085444e+00
5.233333e+01	-9.214007e-02	4.085406e+00
5.236667e+01	-8.971232e-02	4.096331e+00
5.240000e+01	-8.773879e-02	4.105212e+00
5.243333e+01	-8.753121e-02	4.106147e+00
5.246667e+01	-8.825098e-02	4.102908e+00
5.250000e+01	-8.755518e-02	4.106039e+00
5.253333e+01	-8.313108e-02	4.125947e+00
5.256667e+01	-7.517318e-02	4.161758e+00
5.260000e+01	-6.719267e-02	4.197671e+00
5.263333e+01	-6.307500e-02	4.216200e+00
5.266667e+01	-6.355722e-02	4.214030e+00
5.270000e+01	-6.616954e-02	4.202275e+00
5.273333e+01	-6.776951e-02	4.195075e+00
5.276667e+01	-6.619486e-02	4.202161e+00
5.280000e+01	-6.058760e-02	4.227394e+00
5.283333e+01	-5.220491e-02	4.265116e+00
5.286667e+01	-4.457000e-02	4.299474e+00
5.290000e+01	-4.096852e-02	4.315681e+00
5.293333e+01	-4.189351e-02	4.311518e+00
5.296667e+01	-4.593781e-02	4.293319e+00
53	-5.210908e-02	4.265548e+00
5.303333e+01	-5.956592e-02	4.231991e+00
5.306667e+01	-6.616328e-02	4.202303e+00
5.310000e+01	-6.948201e-02	4.187369e+00
5.313333e+01	-6.916634e-02	4.188789e+00
5.316667e+01	-6.690934e-02	4.198946e+00
5.320000e+01	-6.387602e-02	4.212596e+00
5.323333e+01	-5.927204e-02	4.233314e+00
5.326667e+01	-5.250014e-02	4.263788e+00
5.330000e+01	-4.555597e-02	4.295037e+00
5.333333e+01	-4.157277e-02	4.312961e+00
5.336667e+01	-4.156419e-02	4.313000e+00
5.340000e+01	-4.371235e-02	4.303333e+00
5.343333e+01	-4.546562e-02	4.295443e+00
5.346667e+01	-4.566097e-02	4.294564e+00
5.350000e+01	-4.482295e-02	4.298335e+00
5.353333e+01	-4.428739e-02	4.300745e+00
5.356667e+01	-4.572780e-02	4.294264e+00
5.360000e+01	-5.086912e-02	4.271127e+00
5.363333e+01	-6.034469e-02	4.228487e+00
5.366667e+01	-7.257021e-02	4.173472e+00
5.370000e+01	-8.403161e-02	4.121895e+00
5.373333e+01	-9.114949e-02	4.089864e+00
5.376667e+01	-9.270964e-02	4.082843e+00
5.380000e+01	-9.065456e-02	4.092091e+00
5.383333e+01	-8.822560e-02	4.103022e+00
5.386667e+01	-8.742229e-02	4.106637e+00
5.390000e+01	-8.813590e-02	4.103425e+00
5.393333e+01	-8.914430e-02	4.098888e+00
5.396667e+01	-8.952669e-02	4.097167e+00
54	-8.924862e-02	4.098418e+00
5.403333e+01	-8.881020e-02	4.100391e+00
5.406667e+01	-8.862558e-02	4.101222e+00
5.410000e+01	-8.873327e-02	4.100737e+00
5.413333e+01	-8.892480e-02	4.099875e+00
5.416667e+01	-8.924943e-02	4.098414e+00
5.420000e+01	-9.077580e-02	4.091546e+00
5.423333e+01	-9.525391e-02	4.071394e+00
5.426667e+01	-1.027764e-01	4.037543e+00
5.430000e+01	-1.106186e-01	4.002252e+00
5.433333e+01	-1.162598e-01	3.976867e+00
5.436667e+01	-1.205209e-01	3.957692e+00
5.440000e+01	-1.256417e-01	3.934648e+00
5.443333e+01	-1.314254e-01	3.908621e+00
5.446667e+01	-1.353958e-01	3.890754e+00
5.450000e+01	-1.360457e-01	3.887829e+00
5.453333e+01	-1.344089e-01	3.895195e+00
5.456667e+01	-1.326908e-01	3.902926e+00
5.460000e+01	-1.322295e-01	3.905002e+00
5.463333e+01	-1.328380e-01	3.902264e+00
5.466667e+01	-1.328564e-01	3.902181e+00
5.470000e+01	-1.282725e-01	3.922809e+00
5.473333e+01	-1.139965e-01	3.987052e+00
5.476667e+01	-9.046642e-02	4.092938e+00
5.480000e+01	-6.754385e-02	4.196090e+00
5.483333e+01	-5.717220e-02	4.242763e+00
5.486667e+01	-6.258719e-02	4.218396e+00
5.490000e+01	-7.677089e-02	4.154568e+00
5.493333e+01	-9.011314e-02	4.094528e+00
5.496667e+01	-9.799566e-02	4.059056e+00
55	-1.020025e-01	4.041025e+00
5.503333e+01	-1.060334e-01	4.022886e+00
5.506667e+01	-1.122914e-01	3.994725e+00
5.510000e+01	-1.202145e-01	3.959070e+00
5.513333e+01	-1.277425e-01	3.925194e+00
5.516667e+01	-1.329339e-01	3.901833e+00
5.520000e+01	-1.350124e-01	3.892479e+00
5.523333e+01	-1.346749e-01	3.893998e+00
5.526667e+01	-1.334851e-01	3.899352e+00
5.530000e+01	-1.327481e-01	3.902669e+00
5.533333e+01	-1.328153e-01	3.902366e+00
5.536667e+01	-1.332719e-01	3.900311e+00
5.540000e+01	-1.335875e-01	3.898891e+00
5.543333e+01	-1.335732e-01	3.898956e+00
5.546667e+01	-1.333811e-01	3.899820e+00
5.550000e+01	-1.332385e-01	3.900462e+00
5.553333e+01	-1.332372e-01	3.900468e+00
5.556667e+01	-1.333185e-01	3.900102e+00
5.560000e+01	-1.333834e-01	3.899810e+00
5.563333e+01	-1.333247e-01	3.900074e+00
5.566667e+01	-1.328097e-01	3.902391e+00
5.570000e+01	-1.310832e-01	3.910161e+00
5.573333e+01	-1.273654e-01	3.926891e+00
5.576667e+01	-1.216408e-01	3.952652e+00
5.580000e+01	-1.148384e-01	3.983263e+00
5.583333e+01	-1.081103e-01	4.013540e+00
5.586667e+01	-1.020245e-01	4.040926e+00
5.590000e+01	-9.641664e-02	4.066162e+00
5.593333e+01	-9.082900e-02	4.091306e+00
5.596667e+01	-8.498676e-02	4.117597e+00
56	-7.893268e-02	4.144840e+00
5.603333e+01	-7.285798e-02	4.172177e+00
5.606667e+01	-6.688893e-02	4.199038e+00
5.610000e+01	-6.101497e-02	4.225471e+00
5.613333e+01	-5.521784e-02	4.251558e+00
5.616667e+01	-4.979466e-02	4.275963e+00
5.620000e+01	-4.554518e-02	4.295085e+00
5.623333e+01	-4.330466e-02	4.305168e+00
5.626667e+01	-4.310669e-02	4.306059e+00
5.630000e+01	-4.400465e-02	4.302018e+00
5.633333e+01	-4.482177e-02	4.298341e+00
5.636667e+01	-4.521697e-02	4.296562e+00
5.640000e+01	-4.645686e-02	4.290983e+00
5.643333e+01	-5.090908e-02	4.270948e+00
5.646667e+01	-5.995700e-02	4.230232e+00
5.650000e+01	-7.224214e-02	4.174948e+00
5.653333e+01	-8.423277e-02	4.120990e+00
5.656667e+01	-9.311443e-02	4.081022e+00
5.660000e+01	-9.922177e-02	4.053539e+00
5.663333e+01	-1.046065e-01	4.029307e+00
5.666667e+01	-1.096789e-01	4.006481e+00
5.670000e+01	-1.129147e-01	3.991920e+00
5.673333e+01	-1.133608e-01	3.989912e+00
5.676667e+01	-1.119717e-01	3.996163e+00
5.680000e+01	-1.105636e-01	4.002500e+00
5.683333e+01	-1.099691e-01	4.005175e+00
5.686667e+01	-1.089136e-01	4.009925e+00
5.690000e+01	-1.049609e-01	4.027712e+00
5.693333e+01	-9.758312e-02	4.060913e+00
5.696667e+01	-8.978896e-02	4.095987e+00
57	-8.548363e-02	4.115361e+00
5.703333e+01	-8.571029e-02	4.114341e+00
5.706667e+01	-8.822940e-02	4.103005e+00
5.710000e+01	-9.013928e-02	4.094410e+00
5.713333e+01	-9.047971e-02	4.092878e+00
5.716667e+01	-9.104667e-02	4.090327e+00
5.720000e+01	-9.476140e-02	4.073610e+00
5.723333e+01	-1.022337e-01	4.039985e+00
5.726667e+01	-1.102399e-01	4.003957e+00
5.730000e+01	-1.146577e-01	3.984076e+00
5.733333e+01	-1.143974e-01	3.985248e+00
5.736667e+01	-1.117866e-01	3.996996e+00
5.740000e+01	-1.098240e-01	4.005828e+00
5.743333e+01	-1.097306e-01	4.006248e+00
5.746667e+01	-1.107701e-01	4.001571e+00
5.750000e+01	-1.116414e-01	3.997650e+00
5.753333e+01	-1.117304e-01	3.997249e+00
5.756667e+01	-1.112990e-01	3.999190e+00
5.760000e+01	-1.109079e-01	4.000950e+00
5.763333e+01	-1.108487e-01	4.001217e+00
5.766667e+01	-1.110279e-01	4.000410e+00
5.770000e+01	-1.109676e-01	4.000682e+00
5.773333e+01	-1.094355e-01	4.007576e+00
5.776667e+01	-1.045644e-01	4.029497e+00
5.780000e+01	-9.535423e-02	4.070943e+00
5.783333e+01	-8.318193e-02	4.125718e+00
5.786667e+01	-7.137342e-02	4.178857e+00
5.790000e+01	-6.257006e-02	4.218473e+00
5.793333e+01	-5.641929e-02	4.246151e+00
5.796667e+01	-5.095510e-02	4.270741e+00
58	-4.584514e-02	4.293736e+00
5.803333e+01	-4.262563e-02	4.308223e+00
5.806667e+01	-4.221400e-02	4.310076e+00
5.810000e+01	-4.362099e-02	4.303744e+00
5.813333e+01	-4.502319e-02	4.297434e+00
5.816667e+01	-4.536697e-02	4.295887e+00
5.820000e+01	-4.484708e-02	4.298227e+00
5.823333e+01	-4.424034e-02	4.300957e+00
5.826667e+01	-4.405981e-02	4.301770e+00
5.830000e+01	-4.426626e-02	4.300841e+00
5.833333e+01	-4.453281e-02	4.299641e+00
5.836667e+01	-4.462376e-02	4.299232e+00
5.840000e+01	-4.454157e-02	4.299602e+00
5.843333e+01	-4.442424e-02	4.300130e+00
5.846667e+01	-4.437918e-02	4.300332e+00
5.850000e+01	-4.441143e-02	4.300187e+00
5.853333e+01	-4.446290e-02	4.299956e+00
5.856667e+01	-4.472068e-02	4.298796e+00
5.860000e+01	-4.627525e-02	4.291800e+00
5.863333e+01	-5.081424e-02	4.271374e+00
5.866667e+01	-5.836840e-02	4.237380e+00
5.870000e+01	-6.596468e-02	4.203197e+00
5.873333e+01	-7.001260e-02	4.184981e+00
5.876667e+01	-6.969727e-02	4.186400e+00
5.880000e+01	-6.725684e-02	4.197382e+00
5.883333e+01	-6.546023e-02	4.205467e+00
5.886667e+01	-6.539948e-02	4.205740e+00
5.890000e+01	-6.636867e-02	4.201379e+00
5.893333e+01	-6.740155e-02	4.196731e+00
5.896667e+01	-6.903958e-02	4.189360e+00
59	-7.319838e-02	4.170645e+00
5.903333e+01	-8.064087e-02	4.137153e+00
5.906667e+01	-8.974975e-02	4.096163e+00
5.910000e+01	-9.851692e-02	4.056710e+00
5.913333e+01	-1.059222e-01	4.023387e+00
5.916667e+01	-1.111051e-01	4.000063e+00
5.920000e+01	-1.132817e-01	3.990268e+00
5.923333e+01	-1.128309e-01	3.992297e+00
5.926667e+01	-1.113440e-01	3.998988e+00
5.930000e+01	-1.103752e-01	4.003348e+00
5.933333e+01	-1.104188e-01	4.003151e+00
5.936667e+01	-1.109939e-01	4.000564e+00
5.940000e+01	-1.114204e-01	3.998644e+00
5.943333e+01	-1.114269e-01	3.998615e+00
5.946667e+01	-1.111873e-01	3.999693e+00
5.950000e+01	-1.112015e-01	3.999629e+00
5.953333e+01	-1.125595e-01	3.993518e+00
5.956667e+01	-1.166514e-01	3.975104e+00
5.960000e+01	-1.233427e-01	3.944993e+00
5.963333e+01	-1.298831e-01	3.915561e+00
5.966667e+01	-1.329767e-01	3.901640e+00
5.970000e+01	-1.317867e-01	3.906995e+00
5.973333e+01	-1.283011e-01	3.922680e+00
5.976667e+01	-1.251528e-01	3.936848e+00
5.980000e+01	-1.235418e-01	3.944097e+00
5.983333e+01	-1.229682e-01	3.946679e+00
5.986667e+01	-1.223439e-01	3.949488e+00
5.990000e+01	-1.210880e-01	3.955140e+00
5.993333e+01	-1.193639e-01	3.962898e+00
5.996667e+01	-1.176347e-01	3.970680e+00
60	-1.161712e-01	3.977266e+00
6.003333e+01	-1.149200e-01	3.982896e+00
6.006667e+01	-1.136976e-01	3.988397e+00
6.010000e+01	-1.124615e-01	3.993959e+00
6.013333e+01	-1.114144e-01	3.998671e+00
6.016667e+01	-1.108287e-01	4.001307e+00
6.020000e+01	-1.107641e-01	4.001598e+00
6.023333e+01	-1.109952e-01	4.000558e+00
6.026667e+01	-1.114493e-01	3.998514e+00
6.030000e+01	-1.130628e-01	3.991253e+00
6.033333e+01	-1.175394e-01	3.971108e+00
6.036667e+01	-1.247757e-01	3.938545e+00
6.040000e+01	-1.307761e-01	3.911543e+00
6.043333e+01	-1.302870e-01	3.913744e+00
6.046667e+01	-1.224427e-01	3.949044e+00
6.050000e+01	-1.124247e-01	3.994125e+00
6.053333e+01	-1.063446e-01	4.021486e+00
6.056667e+01	-1.047857e-01	4.028501e+00
6.060000e+01	-1.020584e-01	4.040774e+00
6.063333e+01	-9.252529e-02	4.083673e+00
6.066667e+01	-7.750520e-02	4.151264e+00
6.070000e+01	-6.427161e-02	4.210816e+00
6.073333e+01	-5.783219e-02	4.239793e+00
6.076667e+01	-5.590717e-02	4.248456e+00
6.080000e+01	-5.314207e-02	4.260899e+00
6.083333e+01	-4.791983e-02	4.284399e+00
6.086667e+01	-4.305204e-02	4.306305e+00
6.090000e+01	-4.137254e-02	4.313862e+00
6.093333e+01	-4.271340e-02	4.307828e+00
6.096667e+01	-4.479115e-02	4.298479e+00
61	-4.570651e-02	4.294359e+00
6.103333e+01	-4.524834e-02	4.296421e+00
6.106667e+01	-4.436063e-02	4.300416e+00
6.110000e+01	-4.392295e-02	4.302385e+00
6.113333e+01	-4.408884e-02	4.301639e+00
6.116667e+01	-4.447195e-02	4.299915e+00
6.120000e+01	-4.467825e-02	4.298987e+00
6.123333e+01	-4.461972e-02	4.299250e+00
6.126667e+01	-4.445440e-02	4.299994e+00
6.130000e+01	-4.435783e-02	4.300429e+00
6.133333e+01	-4.437715e-02	4.300342e+00
6.136667e+01	-4.444820e-02	4.300022e+00
6.140000e+01	-4.449307e-02	4.299820e+00
6.143333e+01	-4.448743e-02	4.299845e+00
6.146667e+01	-4.445705e-02	4.299982e+00
6.150000e+01	-4.443634e-02	4.300075e+00
6.153333e+01	-4.443756e-02	4.300070e+00
6.156667e+01	-4.445048e-02	4.300012e+00
6.160000e+01	-4.445998e-02	4.299969e+00
6.163333e+01	-4.446000e-02	4.299969e+00
6.166667e+01	-4.445453e-02	4.299993e+00
6.170000e+01	-4.445020e-02	4.300013e+00
6.173333e+01	-4.444995e-02	4.300014e+00
6.176667e+01	-4.445225e-02	4.300004e+00
6.180000e+01	-4.445421e-02	4.299995e+00
6.183333e+01	-4.445443e-02	4.299994e+00
6.186667e+01	-4.445347e-02	4.299998e+00
6.190000e+01	-4.445258e-02	4.300002e+00
6.193333e+01	-4.445244e-02	4.300003e+00
6.196667e+01	-4.445284e-02	4.300001e+00
62	-4.445324e-02	4.299999e+00
6.203333e+01	-4.445332e-02	4.299999e+00
6.206667e+01	-4.445315e-02	4.300000e+00
6.210000e+01	-4.445298e-02	4.300000e+00
6.213333e+01	-4.445293e-02	4.300001e+00
6.216667e+01	-4.445300e-02	4.300000e+00
6.220000e+01	-4.445308e-02	4.300000e+00
6.223333e+01	-4.445310e-02	4.300000e+00
6.226667e+01	-4.445307e-02	4.300000e+00
6.230000e+01	-4.445304e-02	4.300000e+00
6.233333e+01	-4.445303e-02	4.300000e+00
6.236667e+01	-4.445304e-02	4.300000e+00
6.240000e+01	-4.445305e-02	4.300000e+00
6.243333e+01	-4.445306e-02	4.300000e+00
6.246667e+01	-4.445306e-02	4.300000e+00
6.250000e+01	-4.445305e-02	4.300000e+00
6.253333e+01	-4.445305e-02	4.300000e+00
6.256667e+01	-4.445305e-02	4.300000e+00
6.260000e+01	-4.445305e-02	4.300000e+00
6.263333e+01	-4.445305e-02	4.300000e+00
6.266667e+01	-4.445305e-02	4.300000e+00
6.270000e+01	-4.421723e-02	4.301061e+00
6.273333e+01	-4.265026e-02	4.308113e+00
6.276667e+01	-3.808879e-02	4.328639e+00
6.280000e+01	-3.053794e-02	4.362619e+00
6.283333e+01	-2.303848e-02	4.396366e+00
6.286667e+01	-1.928253e-02	4.413268e+00
6.290000e+01	-2.015392e-02	4.409347e+00
6.293333e+01	-2.341359e-02	4.394678e+00
6.296667e+01	-2.626286e-02	4.381857e+00
63	-2.756832e-02	4.375982e+00
6.303333e+01	-2.795972e-02	4.374221e+00
6.306667e+01	-2.854365e-02	4.371593e+00
6.310000e+01	-2.981142e-02	4.365888e+00
6.313333e+01	-3.150661e-02	4.358259e+00
6.316667e+01	-3.314295e-02	4.350896e+00
6.320000e+01	-3.448555e-02	4.344854e+00
6.323333e+01	-3.563040e-02	4.339702e+00
6.326667e+01	-3.678901e-02	4.334488e+00
6.330000e+01	-3.807276e-02	4.328712e+00
6.333333e+01	-3.944730e-02	4.322526e+00
6.336667e+01	-4.082115e-02	4.316344e+00
6.340000e+01	-4.212814e-02	4.310462e+00
6.343333e+01	-4.330154e-02	4.305182e+00
6.346667e+01	-4.420457e-02	4.301118e+00
6.350000e+01	-4.468492e-02	4.298957e+00
6.353333e+01	-4.495944e-02	4.297721e+00
6.356667e+01	-4.623733e-02	4.291971e+00
6.360000e+01	-5.026478e-02	4.273847e+00
6.363333e+01	-5.707765e-02	4.243189e+00
6.366667e+01	-6.382946e-02	4.212805e+00
6.370000e+01	-6.715035e-02	4.197861e+00
6.373333e+01	-6.625667e-02	4.201883e+00
6.376667e+01	-6.313459e-02	4.215932e+00
6.380000e+01	-6.029319e-02	4.228719e+00
6.383333e+01	-5.883020e-02	4.235302e+00
6.386667e+01	-5.827122e-02	4.237818e+00
6.390000e+01	-5.763568e-02	4.240678e+00
6.393333e+01	-5.642404e-02	4.246130e+00
6.396667e+01	-5.480463e-02	4.253417e+00
64	-5.319657e-02	4.260654e+00
6.403333e+01	-5.183274e-02	4.266791e+00
6.406667e+01	-5.065478e-02	4.272092e+00
6.410000e+01	-4.948225e-02	4.277368e+00
6.413333e+01	-4.820663e-02	4.283109e+00
6.416667e+01	-4.686040e-02	4.289167e+00
6.420000e+01	-4.559929e-02	4.294842e+00
6.423333e+01	-4.464975e-02	4.299115e+00
6.426667e+01	-4.418337e-02	4.301214e+00
6.430000e+01	-4.416870e-02	4.301280e+00
6.433333e+01	-4.437356e-02	4.300358e+00
6.436667e+01	-4.454241e-02	4.299598e+00
6.440000e+01	-4.456465e-02	4.299498e+00
6.443333e+01	-4.448890e-02	4.299839e+00
6.446667e+01	-4.441740e-02	4.300160e+00
6.450000e+01	-4.440465e-02	4.300218e+00
6.453333e+01	-4.441990e-02	4.300149e+00
6.456667e+01	-4.433138e-02	4.300548e+00
6.460000e+01	-4.391414e-02	4.302425e+00
6.463333e+01	-4.297281e-02	4.306661e+00
6.466667e+01	-4.152400e-02	4.313181e+00
6.470000e+01	-3.981631e-02	4.320866e+00
6.473333e+01	-3.813893e-02	4.328414e+00
6.476667e+01	-3.662521e-02	4.335226e+00
6.480000e+01	-3.522668e-02	4.341519e+00
6.483333e+01	-3.382800e-02	4.347813e+00
6.486667e+01	-3.236407e-02	4.354401e+00
6.490000e+01	-3.084890e-02	4.361219e+00
6.493333e+01	-2.933088e-02	4.368050e+00
6.496667e+01	-2.784009e-02	4.374759e+00
65	-2.637237e-02	4.381364e+00
6.503333e+01	-2.492286e-02	4.387887e+00
6.506667e+01	-2.356643e-02	4.393991e+00
6.510000e+01	-2.250369e-02	4.398773e+00
6.513333e+01	-2.194364e-02	4.401293e+00
6.516667e+01	-2.189442e-02	4.401515e+00
6.520000e+01	-2.211908e-02	4.400504e+00
6.523333e+01	-2.255916e-02	4.398523e+00
6.526667e+01	-2.416586e-02	4.391293e+00
6.530000e+01	-2.864548e-02	4.371135e+00
6.533333e+01	-3.612394e-02	4.337481e+00
6.536667e+01	-4.369468e-02	4.303413e+00
6.540000e+01	-4.776587e-02	4.285092e+00
6.543333e+01	-4.748350e-02	4.286363e+00
6.546667e+01	-4.505559e-02	4.297289e+00
6.550000e+01	-4.324981e-02	4.305415e+00
6.553333e+01	-4.317461e-02	4.305753e+00
6.556667e+01	-4.413769e-02	4.301419e+00
6.560000e+01	-4.493830e-02	4.297816e+00
6.563333e+01	-4.501567e-02	4.297468e+00
6.566667e+01	-4.461593e-02	4.299267e+00
6.570000e+01	-4.425655e-02	4.300884e+00
6.573333e+01	-4.420407e-02	4.301120e+00
6.576667e+01	-4.437024e-02	4.300373e+00
6.580000e+01	-4.453159e-02	4.299647e+00
6.583333e+01	-4.456285e-02	4.299506e+00
6.586667e+01	-4.449429e-02	4.299814e+00
6.590000e+01	-4.442214e-02	4.300139e+00
6.593333e+01	-4.440484e-02	4.300217e+00
6.596667e+01	-4.443288e-02	4.300091e+00
66	-4.446499e-02	4.299946e+00
6.603333e+01	-4.447413e-02	4.299905e+00
6.606667e+01	-4.446278e-02	4.299956e+00
6.610000e+01	-4.444855e-02	4.300020e+00
6.613333e+01	-4.444388e-02	4.300041e+00
6.616667e+01	-4.444842e-02	4.300021e+00
6.620000e+01	-4.445469e-02	4.299993e+00
6.623333e+01	-4.422121e-02	4.301043e+00
6.626667e+01	-4.265244e-02	4.308103e+00
6.630000e+01	-3.808822e-02	4.328642e+00
6.633333e+01	-3.052235e-02	4.362689e+00
6.636667e+01	-2.293141e-02	4.396848e+00
6.640000e+01	-1.889448e-02	4.415015e+00
6.643333e+01	-1.921538e-02	4.413571e+00
6.646667e+01	-2.188968e-02	4.401536e+00
6.650000e+01	-2.524851e-02	4.386421e+00
6.653333e+01	-2.986810e-02	4.365633e+00
6.656667e+01	-3.646431e-02	4.335950e+00
6.660000e+01	-4.326093e-02	4.305365e+00
6.663333e+01	-4.722925e-02	4.287507e+00
6.666667e+01	-4.731135e-02	4.287138e+00
6.670000e+01	-4.522978e-02	4.296505e+00
6.673333e+01	-4.348656e-02	4.304349e+00
6.676667e+01	-4.326067e-02	4.305366e+00
6.680000e+01	-4.406878e-02	4.301729e+00
6.683333e+01	-4.483421e-02	4.298285e+00
6.686667e+01	-4.497338e-02	4.297659e+00
6.690000e+01	-4.464271e-02	4.299147e+00
6.693333e+01	-4.430211e-02	4.300679e+00
6.696667e+01	-4.422454e-02	4.301028e+00
67	-4.436007e-02	4.300418e+00
6.703333e+01	-4.451174e-02	4.299736e+00
6.706667e+01	-4.455307e-02	4.299550e+00
6.710000e+01	-4.449804e-02	4.299798e+00
6.713333e+01	-4.443075e-02	4.300100e+00
6.716667e+01	-4.440947e-02	4.300196e+00
6.720000e+01	-4.443155e-02	4.300097e+00
6.723333e+01	-4.446127e-02	4.299963e+00
6.726667e+01	-4.470778e-02	4.298854e+00
6.730000e+01	-4.626601e-02	4.291842e+00
6.733333e+01	-5.081441e-02	4.271374e+00
6.736667e+01	-5.837387e-02	4.237356e+00
6.740000e+01	-6.598463e-02	4.203107e+00
6.743333e+01	-7.014868e-02	4.184369e+00
6.746667e+01	-7.023943e-02	4.183960e+00
6.750000e+01	-6.862353e-02	4.191232e+00
6.753333e+01	-6.795927e-02	4.194221e+00
6.756667e+01	-6.909927e-02	4.189091e+00
6.760000e+01	-7.124480e-02	4.179436e+00
6.763333e+01	-7.329189e-02	4.170224e+00
6.766667e+01	-7.478427e-02	4.163508e+00
6.770000e+01	-7.594078e-02	4.158304e+00
6.773333e+01	-7.716370e-02	4.152801e+00
6.776667e+01	-7.863229e-02	4.146192e+00
6.780000e+01	-8.025414e-02	4.138894e+00
6.783333e+01	-8.185387e-02	4.131695e+00
6.786667e+01	-8.334736e-02	4.124974e+00
6.790000e+01	-8.476988e-02	4.118573e+00
6.793333e+01	-8.618213e-02	4.112217e+00
6.796667e+01	-8.753527e-02	4.106128e+00
68	-8.861695e-02	4.101261e+00
6.803333e+01	-8.919384e-02	4.098665e+00
6.806667e+01	-8.948123e-02	4.097371e+00
6.810000e+01	-9.081566e-02	4.091366e+00
6.813333e+01	-9.516530e-02	4.071793e+00
6.816667e+01	-1.026889e-01	4.037936e+00
6.820000e+01	-1.106014e-01	4.002330e+00
6.823333e+01	-1.162962e-01	3.976703e+00
6.826667e+01	-1.205590e-01	3.957520e+00
6.830000e+01	-1.256506e-01	3.934608e+00
6.833333e+01	-1.314104e-01	3.908689e+00
6.836667e+01	-1.353789e-01	3.890830e+00
6.840000e+01	-1.362769e-01	3.886789e+00
6.843333e+01	-1.362178e-01	3.887055e+00
6.846667e+01	-1.390626e-01	3.874253e+00
6.850000e+01	-1.461609e-01	3.842311e+00
6.853333e+01	-1.543561e-01	3.805432e+00
6.856667e+01	-1.591374e-01	3.783916e+00
6.860000e+01	-1.590567e-01	3.784279e+00
6.863333e+01	-1.563794e-01	3.796327e+00
6.866667e+01	-1.542610e-01	3.805860e+00
6.870000e+01	-1.540834e-01	3.806659e+00
6.873333e+01	-1.551462e-01	3.801877e+00
6.876667e+01	-1.560846e-01	3.797654e+00
6.880000e+01	-1.562130e-01	3.797076e+00
6.883333e+01	-1.557740e-01	3.799051e+00
6.886667e+01	-1.553541e-01	3.800941e+00
6.890000e+01	-1.552765e-01	3.801290e+00
6.893333e+01	-1.552221e-01	3.801535e+00
6.896667e+01	-1.538430e-01	3.807741e+00
69	-1.493249e-01	3.828073e+00
6.903333e+01	-1.416858e-01	3.862449e+00
6.906667e+01	-1.340105e-01	3.896988e+00
6.910000e+01	-1.299493e-01	3.915263e+00
6.913333e+01	-1.300640e-01	3.914747e+00
6.916667e+01	-1.309729e-01	3.910657e+00
6.920000e+01	-1.282156e-01	3.923065e+00
6.923333e+01	-1.206972e-01	3.956898e+00
6.926667e+01	-1.118848e-01	3.996555e+00
6.930000e+01	-1.052426e-01	4.026444e+00
6.933333e+01	-9.936937e-02	4.052874e+00
6.936667e+01	-9.009161e-02	4.094625e+00
6.940000e+01	-7.708783e-02	4.153142e+00
6.943333e+01	-6.532798e-02	4.206062e+00
6.946667e+01	-5.890395e-02	4.234970e+00
6.950000e+01	-5.614439e-02	4.247389e+00
6.953333e+01	-5.271170e-02	4.262836e+00
6.956667e+01	-4.744391e-02	4.286541e+00
6.960000e+01	-4.292533e-02	4.306875e+00
6.963333e+01	-4.154748e-02	4.313075e+00
6.966667e+01	-4.268875e-02	4.307939e+00
6.970000e+01	-4.305384e-02	4.306297e+00
6.973333e+01	-3.927190e-02	4.323315e+00
6.976667e+01	-3.122603e-02	4.359522e+00
6.980000e+01	-2.280704e-02	4.397408e+00
6.983333e+01	-1.839210e-02	4.417275e+00
6.986667e+01	-1.889151e-02	4.415028e+00
6.990000e+01	-2.168856e-02	4.402441e+00
6.993333e+01	-2.366008e-02	4.393569e+00
6.996667e+01	-2.365282e-02	4.393602e+00
70	-2.252899e-02	4.398659e+00
7.003333e+01	-2.164924e-02	4.402618e+00
7.006667e+01	-2.160230e-02	4.402829e+00
7.010000e+01	-2.207178e-02	4.400717e+00
7.013333e+01	-2.246859e-02	4.398931e+00
7.016667e+01	-2.251030e-02	4.398743e+00
7.020000e+01	-2.231402e-02	4.399627e+00
7.023333e+01	-2.213512e-02	4.400432e+00
7.026667e+01	-2.210743e-02	4.400556e+00
7.030000e+01	-2.218894e-02	4.400189e+00
7.033333e+01	-2.226924e-02	4.399828e+00
7.036667e+01	-2.228549e-02	4.399755e+00
7.040000e+01	-2.225192e-02	4.399906e+00
7.043333e+01	-2.221604e-02	4.400067e+00
7.046667e+01	-2.220714e-02	4.400108e+00
7.050000e+01	-2.222084e-02	4.400046e+00
7.053333e+01	-2.223679e-02	4.399974e+00
7.056667e+01	-2.224146e-02	4.399953e+00
7.060000e+01	-2.223593e-02	4.399978e+00
7.063333e+01	-2.222887e-02	4.400010e+00
7.066667e+01	-2.222649e-02	4.400020e+00
7.070000e+01	-2.222870e-02	4.400010e+00
7.073333e+01	-2.223181e-02	4.399996e+00
7.076667e+01	-2.223299e-02	4.399991e+00
7.080000e+01	-2.223213e-02	4.399995e+00
7.083333e+01	-2.223076e-02	4.400001e+00
7.086667e+01	-2.223018e-02	4.400004e+00
7.090000e+01	-2.223052e-02	4.400002e+00
7.093333e+01	-2.223111e-02	4.400000e+00
7.096667e+01	-2.223139e-02	4.399998e+00
71	-2.246708e-02	4.398938e+00
7.103333e+01	-2.403380e-02	4.391887e+00
7.106667e+01	-2.859514e-02	4.371361e+00
7.110000e+01	-3.615991e-02	4.337319e+00
7.113333e+01	-4.375165e-02	4.303156e+00
7.116667e+01	-4.778985e-02	4.284984e+00
7.120000e+01	-4.746948e-02	4.286426e+00
7.123333e+01	-4.503069e-02	4.297401e+00
7.126667e+01	-4.323828e-02	4.305467e+00
7.130000e+01	-4.317991e-02	4.305729e+00
7.133333e+01	-4.414853e-02	4.301370e+00
7.136667e+01	-4.517960e-02	4.296730e+00
7.140000e+01	-4.681653e-02	4.289364e+00
7.143333e+01	-5.097550e-02	4.270649e+00
7.146667e+01	-5.841877e-02	4.237154e+00
7.150000e+01	-6.752816e-02	4.196161e+00
7.153333e+01	-7.629528e-02	4.156709e+00
7.156667e+01	-8.370019e-02	4.123386e+00
7.160000e+01	-8.888292e-02	4.100064e+00
7.163333e+01	-9.129528e-02	4.089208e+00
7.166667e+01	-9.241168e-02	4.084184e+00
7.170000e+01	-9.548633e-02	4.070348e+00
7.173333e+01	-1.020823e-01	4.040666e+00
7.176667e+01	-1.097175e-01	4.006307e+00
7.180000e+01	-1.143306e-01	3.985548e+00
7.183333e+01	-1.144367e-01	3.985071e+00
7.186667e+01	-1.120045e-01	3.996016e+00
7.190000e+01	-1.102084e-01	4.004098e+00
7.193333e+01	-1.115249e-01	3.998174e+00
7.196667e+01	-1.170418e-01	3.973348e+00
72	-1.255024e-01	3.935275e+00
7.203333e+01	-1.332508e-01	3.900406e+00
7.206667e+01	-1.368969e-01	3.883999e+00
7.210000e+01	-1.361773e-01	3.887237e+00
7.213333e+01	-1.336502e-01	3.898609e+00
7.216667e+01	-1.320187e-01	3.905951e+00
7.220000e+01	-1.321383e-01	3.905413e+00
7.223333e+01	-1.331543e-01	3.900841e+00
7.226667e+01	-1.338841e-01	3.897557e+00
7.230000e+01	-1.338750e-01	3.897597e+00
7.233333e+01	-1.334480e-01	3.899519e+00
7.236667e+01	-1.331171e-01	3.901008e+00
7.240000e+01	-1.331028e-01	3.901073e+00
7.243333e+01	-1.332826e-01	3.900263e+00
7.246667e+01	-1.334327e-01	3.899588e+00
7.250000e+01	-1.334472e-01	3.899523e+00
7.253333e+01	-1.333719e-01	3.899862e+00
7.256667e+01	-1.333041e-01	3.900167e+00
7.260000e+01	-1.332942e-01	3.900211e+00
7.263333e+01	-1.333255e-01	3.900070e+00
7.266667e+01	-1.335917e-01	3.898872e+00
7.270000e+01	-1.351646e-01	3.891794e+00
7.273333e+01	-1.397132e-01	3.871325e+00
7.276667e+01	-1.472643e-01	3.837345e+00
7.280000e+01	-1.548527e-01	3.803197e+00
7.283333e+01	-1.588961e-01	3.785002e+00
7.286667e+01	-1.585818e-01	3.786416e+00
7.290000e+01	-1.563806e-01	3.796322e+00
7.293333e+01	-1.559172e-01	3.798407e+00
7.296667e+01	-1.588507e-01	3.785206e+00
73	-1.628216e-01	3.767337e+00
7.303333e+01	-1.636446e-01	3.763633e+00
7.306667e+01	-1.601623e-01	3.779304e+00
7.310000e+01	-1.554017e-01	3.800726e+00
7.313333e+01	-1.529258e-01	3.811868e+00
7.316667e+01	-1.535224e-01	3.809184e+00
7.320000e+01	-1.554237e-01	3.800628e+00
7.323333e+01	-1.566113e-01	3.795283e+00
7.326667e+01	-1.562322e-01	3.796989e+00
7.330000e+01	-1.538708e-01	3.807616e+00
7.333333e+01	-1.487650e-01	3.830592e+00
7.336667e+01	-1.409929e-01	3.865567e+00
7.340000e+01	-1.321707e-01	3.905267e+00
7.343333e+01	-1.238198e-01	3.942846e+00
7.346667e+01	-1.165774e-01	3.975438e+00
7.350000e+01	-1.112823e-01	3.999266e+00
7.353333e+01	-1.089233e-01	4.009881e+00
7.356667e+01	-1.092948e-01	4.008209e+00
7.360000e+01	-1.108247e-01	4.001325e+00
7.363333e+01	-1.118732e-01	3.996607e+00
7.366667e+01	-1.116317e-01	3.997693e+00
7.370000e+01	-1.094737e-01	4.007405e+00
7.373333e+01	-1.044511e-01	4.030006e+00
7.376667e+01	-9.686185e-02	4.064158e+00
7.380000e+01	-8.951553e-02	4.097217e+00
7.383333e+01	-8.568449e-02	4.114457e+00
7.386667e+01	-8.579062e-02	4.113979e+00
7.390000e+01	-8.655983e-02	4.110518e+00
7.393333e+01	-8.369742e-02	4.123399e+00
7.396667e+01	-7.617673e-02	4.157242e+00
74	-6.765909e-02	4.195572e+00
7.403333e+01	-6.286760e-02	4.217134e+00
7.406667e+01	-6.312644e-02	4.215969e+00
7.410000e+01	-6.571430e-02	4.204324e+00
7.413333e+01	-6.627826e-02	4.201786e+00
7.416667e+01	-6.181976e-02	4.221849e+00
7.420000e+01	-5.312608e-02	4.260971e+00
7.423333e+01	-4.458700e-02	4.299397e+00
7.426667e+01	-4.045150e-02	4.318007e+00
7.430000e+01	-4.124067e-02	4.314456e+00
7.433333e+01	-4.410483e-02	4.301567e+00
7.436667e+01	-4.596187e-02	4.293210e+00
7.440000e+01	-4.582555e-02	4.293824e+00
7.443333e+01	-4.466603e-02	4.299042e+00
7.446667e+01	-4.383270e-02	4.302792e+00
7.450000e+01	-4.384301e-02	4.302745e+00
7.453333e+01	-4.433081e-02	4.300550e+00
7.456667e+01	-4.470902e-02	4.298848e+00
7.460000e+01	-4.472546e-02	4.298774e+00
7.463333e+01	-4.451999e-02	4.299699e+00
7.466667e+01	-4.434845e-02	4.300471e+00
7.470000e+01	-4.433186e-02	4.300545e+00
7.473333e+01	-4.441789e-02	4.300158e+00
7.476667e+01	-4.449533e-02	4.299810e+00
7.480000e+01	-4.450672e-02	4.299758e+00
7.483333e+01	-4.447096e-02	4.299919e+00
7.486667e+01	-4.443617e-02	4.300076e+00
7.490000e+01	-4.442939e-02	4.300106e+00
7.493333e+01	-4.444413e-02	4.300040e+00
7.496667e+01	-4.445969e-02	4.299970e+00
75	-4.446344e-02	4.299953e+00
7.503333e+01	-4.445741e-02	4.299980e+00
7.506667e+01	-4.445049e-02	4.300012e+00
7.510000e+01	-4.444851e-02	4.300020e+00
7.513333e+01	-4.445095e-02	4.300009e+00
7.516667e+01	-4.445402e-02	4.299996e+00
7.520000e+01	-4.445503e-02	4.299991e+00
7.523333e+01	-4.445405e-02	4.299995e+00
7.526667e+01	-4.421688e-02	4.301063e+00
7.530000e+01	-4.264940e-02	4.308116e+00
7.533333e+01	-3.808832e-02	4.328642e+00
7.536667e+01	-3.052419e-02	4.362680e+00
7.540000e+01	-2.293280e-02	4.396842e+00
7.543333e+01	-1.889451e-02	4.415014e+00
7.546667e+01	-1.921461e-02	4.413574e+00
7.550000e+01	-2.165323e-02	4.402600e+00
7.553333e+01	-2.344567e-02	4.394534e+00
7.556667e+01	-2.350416e-02	4.394271e+00
7.560000e+01	-2.253561e-02	4.398629e+00
7.563333e+01	-2.174035e-02	4.402208e+00
7.566667e+01	-2.167035e-02	4.402523e+00
7.570000e+01	-2.207281e-02	4.400712e+00
7.573333e+01	-2.243009e-02	4.399104e+00
7.576667e+01	-2.247933e-02	4.398883e+00
7.580000e+01	-2.231183e-02	4.399636e+00
7.583333e+01	-2.215129e-02	4.400359e+00
7.586667e+01	-2.212145e-02	4.400493e+00
7.590000e+01	-2.219065e-02	4.400182e+00
7.593333e+01	-2.226249e-02	4.399858e+00
7.596667e+01	-2.227918e-02	4.399783e+00
76	-2.225083e-02	4.399911e+00
7.603333e+01	-2.221883e-02	4.400055e+00
7.606667e+01	-2.220997e-02	4.400095e+00
7.610000e+01	-2.222146e-02	4.400043e+00
7.613333e+01	-2.223565e-02	4.399979e+00
7.616667e+01	-2.224020e-02	4.399959e+00
7.620000e+01	-2.223560e-02	4.399979e+00
7.623333e+01	-2.222933e-02	4.400008e+00
7.626667e+01	-2.222705e-02	4.400018e+00
7.630000e+01	-2.246469e-02	4.398949e+00
7.633333e+01	-2.403442e-02	4.391885e+00
7.636667e+01	-2.859701e-02	4.371353e+00
7.640000e+01	-3.616103e-02	4.337314e+00
7.643333e+01	-4.375145e-02	4.303157e+00
7.646667e+01	-4.778905e-02	4.284988e+00
7.650000e+01	-4.746896e-02	4.286428e+00
7.653333e+01	-4.479493e-02	4.298462e+00
7.656667e+01	-4.143583e-02	4.313578e+00
7.660000e+01	-3.681588e-02	4.334368e+00
7.663333e+01	-3.021953e-02	4.364051e+00
7.666667e+01	-2.342302e-02	4.394636e+00
7.670000e+01	-1.945487e-02	4.412493e+00
7.673333e+01	-1.937283e-02	4.412862e+00
7.676667e+01	-2.145436e-02	4.403495e+00
7.680000e+01	-2.319751e-02	4.395651e+00
7.683333e+01	-2.342337e-02	4.394634e+00
7.686667e+01	-2.261527e-02	4.398271e+00
7.690000e+01	-2.184987e-02	4.401715e+00
7.693333e+01	-2.171072e-02	4.402341e+00
7.696667e+01	-2.204138e-02	4.400853e+00
77	-2.238197e-02	4.399321e+00
7.703333e+01	-2.245953e-02	4.398972e+00
7.706667e+01	-2.232401e-02	4.399582e+00
7.710000e+01	-2.217234e-02	4.400264e+00
7.713333e+01	-2.213101e-02	4.400450e+00
7.716667e+01	-2.218604e-02	4.400202e+00
7.720000e+01	-2.225333e-02	4.399900e+00
7.723333e+01	-2.227461e-02	4.399804e+00
7.726667e+01	-2.225253e-02	4.399903e+00
7.730000e+01	-2.222281e-02	4.400037e+00
7.733333e+01	-2.221212e-02	4.400085e+00
7.736667e+01	-2.222086e-02	4.400046e+00
7.740000e+01	-2.223393e-02	4.399987e+00
7.743333e+01	-2.223919e-02	4.399963e+00
7.746667e+01	-2.223579e-02	4.399979e+00
7.750000e+01	-2.223007e-02	4.400004e+00
7.753333e+01	-2.222752e-02	4.400016e+00
7.756667e+01	-2.246463e-02	4.398949e+00
7.760000e+01	-2.403410e-02	4.391886e+00
7.763333e+01	-2.859679e-02	4.371354e+00
7.766667e+01	-3.616104e-02	4.337314e+00
7.770000e+01	-4.375159e-02	4.303157e+00
7.773333e+01	-4.778915e-02	4.284987e+00
7.776667e+01	-4.746896e-02	4.286428e+00
7.780000e+01	-4.503069e-02	4.297401e+00
7.783333e+01	-4.323858e-02	4.305465e+00
7.786667e+01	-4.318014e-02	4.305728e+00
7.790000e+01	-4.414855e-02	4.301370e+00
7.793333e+01	-4.470784e-02	4.298853e+00
7.796667e+01	-4.321084e-02	4.305590e+00
78	-3.824696e-02	4.327928e+00
7.803333e+01	-3.032503e-02	4.363577e+00
7.806667e+01	-2.268417e-02	4.397961e+00
7.810000e+01	-1.881351e-02	4.415379e+00
7.813333e+01	-1.929438e-02	4.413215e+00
7.816667e+01	-2.176295e-02	4.402106e+00
7.820000e+01	-2.348613e-02	4.394352e+00
7.823333e+01	-2.347269e-02	4.394412e+00
7.826667e+01	-2.248740e-02	4.398846e+00
7.830000e+01	-2.172050e-02	4.402297e+00
7.833333e+01	-2.168255e-02	4.402468e+00
7.836667e+01	-2.209390e-02	4.400617e+00
7.840000e+01	-2.243968e-02	4.399061e+00
7.843333e+01	-2.247471e-02	4.398903e+00
7.846667e+01	-2.230264e-02	4.399678e+00
7.850000e+01	-2.214671e-02	4.400379e+00
7.853333e+01	-2.212314e-02	4.400485e+00
7.856667e+01	-2.219464e-02	4.400164e+00
7.860000e+01	-2.226466e-02	4.399849e+00
7.863333e+01	-2.227858e-02	4.399786e+00
7.866667e+01	-2.224911e-02	4.399919e+00
7.870000e+01	-2.221782e-02	4.400059e+00
7.873333e+01	-2.221016e-02	4.400094e+00
7.876667e+01	-2.245801e-02	4.398979e+00
7.880000e+01	-2.403891e-02	4.391864e+00
7.883333e+01	-2.860441e-02	4.371320e+00
7.886667e+01	-3.616427e-02	4.337300e+00
7.890000e+01	-4.398555e-02	4.302104e+00
7.893333e+01	-4.958862e-02	4.276890e+00
7.896667e+01	-5.383167e-02	4.257796e+00
79	-5.919619e-02	4.233655e+00
7.903333e+01	-6.656344e-02	4.200502e+00
7.906667e+01	-7.510390e-02	4.162070e+00
7.910000e+01	-8.331568e-02	4.125117e+00
7.913333e+01	-8.926332e-02	4.098352e+00
7.916667e+01	-9.157932e-02	4.087930e+00
7.920000e+01	-9.079861e-02	4.091443e+00
7.923333e+01	-8.892429e-02	4.099878e+00
7.926667e+01	-8.751726e-02	4.106209e+00
7.930000e+01	-8.642327e-02	4.111132e+00
7.933333e+01	-8.436400e-02	4.120399e+00
7.936667e+01	-8.052773e-02	4.137662e+00
7.940000e+01	-7.536759e-02	4.160883e+00
7.943333e+01	-7.001315e-02	4.184979e+00
7.946667e+01	-6.523979e-02	4.206459e+00
7.950000e+01	-6.104726e-02	4.225325e+00
7.953333e+01	-5.698775e-02	4.243593e+00
7.956667e+01	-5.270182e-02	4.262880e+00
7.960000e+01	-4.816095e-02	4.283314e+00
7.963333e+01	-4.354936e-02	4.304067e+00
7.966667e+01	-3.902893e-02	4.324409e+00
7.970000e+01	-3.462113e-02	4.344244e+00
7.973333e+01	-3.029666e-02	4.363704e+00
7.976667e+01	-2.624906e-02	4.381919e+00
7.980000e+01	-2.306406e-02	4.396251e+00
7.983333e+01	-2.137389e-02	4.403857e+00
7.986667e+01	-2.121649e-02	4.404565e+00
7.990000e+01	-2.188857e-02	4.401541e+00
7.993333e+01	-2.250546e-02	4.398765e+00
7.996667e+01	-2.262900e-02	4.398209e+00
80	-2.238451e-02	4.399309e+00
8.003333e+01	-2.212403e-02	4.400481e+00
8.006667e+01	-2.205941e-02	4.400772e+00
8.010000e+01	-2.215800e-02	4.400329e+00
8.013333e+01	-2.227263e-02	4.399813e+00
8.016667e+01	-2.230599e-02	4.399663e+00
8.020000e+01	-2.226608e-02	4.399842e+00
8.023333e+01	-2.221535e-02	4.400071e+00
8.026667e+01	-2.219841e-02	4.400147e+00
8.030000e+01	-2.221436e-02	4.400075e+00
8.033333e+01	-2.223672e-02	4.399974e+00
8.036667e+01	-2.224515e-02	4.399936e+00
8.040000e+01	-2.223888e-02	4.399965e+00
8.043333e+01	-2.222906e-02	4.400009e+00
8.046667e+01	-2.222494e-02	4.400027e+00
8.050000e+01	-2.199154e-02	4.401078e+00
8.053333e+01	-2.042886e-02	4.408110e+00
8.056667e+01	-1.586938e-02	4.428628e+00
8.060000e+01	-8.303741e-03	4.462673e+00
8.063333e+01	-7.102423e-04	4.496844e+00
8.066667e+01	3.328845e-03	4.515020e+00
8.070000e+01	3.008156e-03	4.513577e+00
8.073333e+01	5.686077e-04	4.502599e+00
8.076667e+01	-1.224220e-03	4.494531e+00
8.080000e+01	-1.282487e-03	4.494269e+00
8.083333e+01	-3.135322e-04	4.498630e+00
8.086667e+01	4.819177e-04	4.502209e+00
8.090000e+01	5.518319e-04	4.502524e+00
8.093333e+01	-8.662679e-05	4.499651e+00
8.096667e+01	-2.010968e-03	4.490991e+00
81	-6.621645e-03	4.470243e+00
8.103333e+01	-1.401879e-02	4.436955e+00
8.106667e+01	-2.144984e-02	4.403515e+00
8.110000e+01	-2.545815e-02	4.385478e+00
8.113333e+01	-2.520703e-02	4.386608e+00
8.116667e+01	-2.284015e-02	4.397259e+00
8.120000e+01	-2.106445e-02	4.405250e+00
8.123333e+01	-2.097771e-02	4.405640e+00
8.126667e+01	-2.191431e-02	4.401425e+00
8.130000e+01	-2.270068e-02	4.397887e+00
8.133333e+01	-2.278213e-02	4.397520e+00
8.136667e+01	-2.239384e-02	4.399267e+00
8.140000e+01	-2.204112e-02	4.400855e+00
8.143333e+01	-2.198729e-02	4.401097e+00
8.146667e+01	-2.191273e-02	4.401432e+00
8.150000e+01	-2.050400e-02	4.407772e+00
8.153333e+01	-1.597419e-02	4.428156e+00
8.156667e+01	-8.343007e-03	4.462497e+00
8.160000e+01	-6.806585e-04	4.496978e+00
8.163333e+01	3.374870e-03	4.515228e+00
8.166667e+01	3.027372e-03	4.513664e+00
8.170000e+01	5.571749e-04	4.502548e+00
0	0	0
0	0	0
